0.0 4.0546875
1.0 3.4140625
2.0 3.953125
3.0 3.9921875
4.0 3.9921875
5.0 3.703125
6.0 2.125
7.0 4.625
8.0 4.2734375
9.0 3.90625
10.0 3.625
11.0 3.1953125
12.0 3.828125
13.0 3.8515625
14.0 2.90625
15.0 0.0
16.0 8.1328125
17.0 4.0625
18.0 3.3828125
19.0 3.875
20.0 4.03125
21.0 3.7265625
22.0 3.4921875
23.0 3.1484375
24.0 3.296875
25.0 4.265625
26.0 3.671875
27.0 2.234375
28.0 5.015625
29.0 3.90625
30.0 3.3203125
31.0 3.515625
32.0 4.0625
33.0 3.6953125
34.0 0.9921875
35.0 0.1875
36.0 4.6328125
37.0 7.015625
38.0 3.3828125
39.0 3.53125
40.0 3.6171875
41.0 3.4921875
42.0 3.734375
43.0 3.625
44.0 3.5234375
45.0 3.765625
46.0 2.875
47.0 2.9921875
48.0 3.609375
49.0 3.3828125
50.0 3.578125
51.0 3.6171875
52.0 0.0
53.0 7.5859375
54.0 3.1953125
55.0 3.21875
56.0 3.5
57.0 3.8046875
58.0 3.7890625
59.0 3.4375
60.0 0.0
61.0 6.8359375
62.0 3.546875
63.0 3.875
64.0 3.734375
65.0 3.4140625
66.0 3.640625
67.0 3.5859375
68.0 3.9140625
69.0 3.890625
70.0 4.359375
71.0 3.5234375
72.0 2.875
73.0 0.0
74.0 5.2265625
75.0 0.6875
76.0 0.4375
77.0 0.640625
78.0 0.15625
79.0 0.015625
80.0 3.0
81.0 3.5859375
82.0 4.03125
83.0 4.0546875
84.0 3.4453125
85.0 3.375
86.0 3.1484375
87.0 3.2890625
88.0 2.8203125
89.0 0.0
90.0 7.7890625
91.0 3.4375
92.0 3.6484375
93.0 3.0390625
94.0 0.0
95.0 7.5703125
96.0 3.5625
97.0 3.7109375
98.0 3.9140625
99.0 4.125
100.0 4.2109375
101.0 3.734375
102.0 1.8359375
103.0 2.0625
104.0 3.34375
105.0 3.171875
106.0 2.09375
107.0 4.8125
108.0 1.9453125
109.0 3.1796875
110.0 3.1953125
111.0 2.5234375
112.0 0.734375
113.0 0.0
114.0 0.0
115.0 5.578125
116.0 0.78125
117.0 0.0
118.0 3.59375
119.0 2.9609375
120.0 3.640625
121.0 3.0546875
122.0 3.1484375
123.0 3.4609375
124.0 3.4609375
125.0 3.5546875
126.0 3.7265625
127.0 3.21875
128.0 3.4609375
129.0 4.0
130.0 3.2265625
131.0 1.390625
132.0 5.25
133.0 3.765625
134.0 2.890625
135.0 1.1796875
136.0 5.1875
137.0 3.328125
138.0 3.0859375
139.0 2.4453125
140.0 4.2109375
141.0 3.3828125
142.0 3.2578125
143.0 3.6484375
144.0 3.1171875
145.0 3.3828125
146.0 3.765625
147.0 3.5625
148.0 3.1328125
149.0 3.0546875
150.0 2.84375
151.0 3.171875
152.0 2.8359375
153.0 0.9296875
154.0 3.515625
155.0 4.796875
156.0 3.1640625
157.0 3.1796875
158.0 3.1328125
159.0 3.34375
160.0 3.2890625
161.0 2.984375
162.0 0.375
163.0 5.5859375
164.0 3.4609375
165.0 3.3984375
166.0 0.8203125
167.0 4.609375
168.0 2.90625
169.0 0.7890625
170.0 6.1796875
171.0 2.4765625
172.0 1.53125
173.0 1.5390625
174.0 1.4453125
175.0 1.3828125
176.0 1.6875
177.0 1.703125
178.0 0.2578125
179.0 4.453125
180.0 3.3828125
181.0 3.171875
182.0 3.515625
183.0 2.9296875
184.0 3.671875
185.0 3.5
186.0 3.6484375
187.0 3.3984375
188.0 2.84375
189.0 3.4140625
190.0 3.4609375
191.0 3.546875
192.0 3.3515625
193.0 2.9921875
194.0 3.25
195.0 2.9921875
196.0 3.5859375
197.0 3.1328125
198.0 3.21875
199.0 3.1796875
200.0 3.078125
201.0 2.7890625
202.0 2.8125
203.0 2.84375
204.0 1.640625
205.0 0.5859375
206.0 6.1484375
207.0 3.59375
208.0 2.7890625
209.0 2.890625
210.0 3.3671875
211.0 2.6875
212.0 3.1328125
213.0 3.5546875
214.0 2.5703125
215.0 2.9375
216.0 3.6953125
217.0 2.9296875
218.0 4.203125
219.0 4.171875
220.0 2.6953125
221.0 5.828125
222.0 4.5
223.0 4.0625
224.0 3.703125
225.0 3.703125
226.0 4.0703125
227.0 3.3515625
228.0 3.21875
229.0 3.25
230.0 3.2265625
231.0 3.0234375
232.0 0.8046875
233.0 6.2734375
234.0 2.7109375
235.0 1.5625
236.0 0.1640625
237.0 6.421875
238.0 3.203125
239.0 3.2265625
240.0 3.265625
241.0 3.296875
242.0 3.0234375
243.0 3.234375
244.0 3.109375
245.0 3.2890625
246.0 2.984375
247.0 3.015625
248.0 3.703125
249.0 3.28125
250.0 1.1484375
251.0 0.0703125
252.0 7.78125
253.0 3.1328125
254.0 3.59375
255.0 3.53125
256.0 2.890625
257.0 0.0
258.0 7.4296875
259.0 3.1328125
260.0 3.6171875
261.0 3.53125
262.0 2.7265625
263.0 3.3671875
264.0 3.46875
265.0 3.609375
266.0 3.578125
267.0 2.75
268.0 3.234375
269.0 3.671875
270.0 2.890625
271.0 0.0
272.0 6.796875
273.0 3.546875
274.0 3.21875
275.0 1.984375
276.0 4.2734375
277.0 3.21875
278.0 3.0703125
279.0 3.296875
280.0 3.7421875
281.0 3.1796875
282.0 3.1796875
283.0 3.7421875
284.0 3.5
285.0 3.1640625
286.0 3.375
287.0 0.734375
288.0 5.9921875
289.0 1.5859375
290.0 5.6640625
291.0 3.0234375
292.0 3.328125
293.0 3.765625
294.0 3.375
295.0 3.25
296.0 3.9375
297.0 3.6484375
298.0 3.3671875
299.0 3.796875
300.0 3.65625
301.0 2.9921875
302.0 3.53125
303.0 3.546875
304.0 1.078125
305.0 6.0546875
306.0 2.4296875
307.0 3.953125
308.0 3.703125
309.0 3.875
310.0 4.1015625
311.0 3.84375
312.0 3.0
313.0 3.0703125
314.0 3.53125
315.0 3.5546875
316.0 2.6640625
317.0 3.8046875
318.0 3.890625
319.0 1.03125
320.0 6.984375
321.0 3.734375
322.0 2.5390625
323.0 2.7578125
324.0 3.265625
325.0 3.375
326.0 3.1484375
327.0 2.8515625
328.0 2.6875
329.0 2.9296875
330.0 3.171875
331.0 4.0859375
332.0 3.953125
333.0 3.65625
334.0 4.0234375
335.0 3.5546875
336.0 3.6953125
337.0 3.7109375
338.0 0.90625
339.0 1.375
340.0 0.0
341.0 0.0
342.0 0.0
343.0 19.84375
344.0 3.7109375
345.0 3.625
346.0 3.9765625
347.0 4.0
348.0 3.46875
349.0 1.1640625
350.0 5.9140625
351.0 4.71875
352.0 4.0
353.0 4.7578125
354.0 4.5
355.0 1.9140625
356.0 5.5234375
357.0 4.265625
358.0 4.09375
359.0 1.4375
360.0 5.421875
361.0 3.1640625
362.0 2.3359375
363.0 2.921875
364.0 3.3203125
365.0 3.7265625
366.0 2.9921875
367.0 3.0390625
368.0 2.5390625
369.0 3.2890625
370.0 3.953125
371.0 3.1171875
372.0 4.09375
373.0 3.515625
374.0 4.4296875
375.0 3.34375
376.0 3.4609375
377.0 3.671875
378.0 3.8046875
379.0 1.765625
380.0 1.7109375
381.0 2.3984375
382.0 2.2109375
383.0 1.8671875
384.0 1.7421875
385.0 0.1875
386.0 0.046875
387.0 6.9921875
388.0 3.734375
389.0 3.4296875
390.0 3.5234375
391.0 3.4765625
392.0 3.6171875
393.0 0.6015625
394.0 5.5234375
395.0 1.953125
396.0 2.125
397.0 3.2578125
398.0 2.7109375
399.0 1.671875
400.0 2.0625
401.0 0.671875
402.0 3.4609375
403.0 3.625
404.0 2.2109375
405.0 2.0703125
406.0 2.5390625
407.0 3.171875
408.0 2.421875
409.0 1.390625
410.0 1.6171875
411.0 2.3125
412.0 1.7734375
413.0 3.765625
414.0 3.0546875
415.0 2.953125
416.0 2.7265625
417.0 2.8203125
418.0 3.046875
419.0 3.625
420.0 3.6171875
421.0 3.4921875
422.0 3.5859375
423.0 3.3984375
424.0 3.2890625
425.0 3.2578125
426.0 3.25
427.0 2.921875
428.0 0.0
429.0 5.671875
430.0 2.875
431.0 2.8359375
432.0 3.046875
433.0 2.625
434.0 0.2265625
435.0 5.234375
436.0 2.8984375
437.0 3.078125
438.0 3.171875
439.0 3.6796875
440.0 3.4375
441.0 3.296875
442.0 3.796875
443.0 3.546875
444.0 3.7890625
445.0 3.59375
446.0 3.34375
447.0 3.296875
448.0 0.3125
449.0 5.875
450.0 3.859375
451.0 3.1015625
452.0 3.46875
453.0 3.875
454.0 3.0234375
455.0 2.2109375
456.0 5.140625
457.0 4.0625
458.0 3.109375
459.0 1.109375
460.0 5.5
461.0 3.5
462.0 2.953125
463.0 3.765625
464.0 3.7421875
465.0 3.3828125
466.0 4.1328125
467.0 2.03125
468.0 5.4296875
469.0 3.8828125
470.0 3.609375
471.0 3.1953125
472.0 3.2578125
473.0 3.671875
474.0 3.1484375
475.0 3.4609375
476.0 3.765625
477.0 2.9921875
478.0 3.3984375
479.0 3.3984375
480.0 3.2578125
481.0 1.625
482.0 5.4296875
483.0 3.5234375
484.0 3.4921875
485.0 3.0
486.0 2.875
487.0 2.1484375
488.0 4.3203125
489.0 3.28125
490.0 3.671875
491.0 3.1796875
492.0 3.3515625
493.0 3.3828125
494.0 3.0546875
495.0 3.0
496.0 3.1328125
497.0 2.96875
498.0 2.7578125
499.0 2.8359375
500.0 2.8125
501.0 2.4453125
502.0 0.09375
503.0 5.046875
504.0 3.3671875
505.0 2.8515625
506.0 2.96875
507.0 2.984375
508.0 3.4375
509.0 2.8125
510.0 2.9921875
511.0 2.4765625
512.0 2.7890625
513.0 2.609375
514.0 2.6328125
515.0 2.6328125
516.0 2.625
517.0 2.515625
518.0 1.6875
519.0 0.0
520.0 6.0078125
521.0 2.5390625
522.0 0.3671875
523.0 4.46875
524.0 2.4140625
525.0 1.8046875
526.0 0.7578125
527.0 0.515625
528.0 1.625
529.0 2.3046875
530.0 2.390625
531.0 2.5625
532.0 2.421875
533.0 2.421875
534.0 2.5625
535.0 2.5078125
536.0 2.8515625
537.0 1.625
538.0 0.0
539.0 6.1484375
540.0 2.5234375
541.0 2.5625
542.0 2.7578125
543.0 2.5703125
544.0 0.9609375
545.0 0.0
546.0 6.921875
547.0 2.5078125
548.0 2.640625
549.0 1.4609375
550.0 3.9140625
551.0 2.59375
552.0 2.65625
553.0 2.421875
554.0 2.5703125
555.0 2.0703125
556.0 3.0703125
557.0 2.578125
558.0 2.5234375
559.0 2.6015625
560.0 2.6953125
561.0 2.4765625
562.0 2.640625
563.0 2.609375
564.0 2.640625
565.0 2.578125
566.0 2.5625
567.0 2.34375
568.0 2.4453125
569.0 2.6640625
570.0 2.6015625
571.0 0.484375
572.0 4.953125
573.0 2.640625
574.0 2.578125
575.0 2.8046875
576.0 2.65625
577.0 0.453125
578.0 4.984375
579.0 2.8046875
580.0 2.8046875
581.0 2.7578125
582.0 2.78125
583.0 0.71875
584.0 4.6640625
585.0 2.875
586.0 2.8125
587.0 0.90625
588.0 4.6484375
589.0 2.7265625
590.0 2.5703125
591.0 2.5390625
592.0 2.625
593.0 2.7734375
594.0 2.7890625
595.0 2.921875
596.0 2.8359375
597.0 2.78125
598.0 2.75
599.0 2.6875
