0.0 7.6171875
1.0 6.4765625
2.0 7.0390625
3.0 8.71875
4.0 7.640625
5.0 8.3828125
6.0 8.2890625
7.0 8.109375
8.0 7.484375
9.0 8.734375
10.0 9.078125
11.0 8.328125
12.0 7.1328125
13.0 7.8671875
14.0 7.984375
15.0 8.109375
16.0 8.171875
17.0 7.5546875
18.0 6.15625
19.0 9.453125
20.0 8.1328125
21.0 7.5859375
22.0 7.21875
23.0 7.71875
24.0 7.3359375
25.0 7.65625
26.0 6.5390625
27.0 7.515625
28.0 6.2890625
29.0 7.7265625
30.0 7.078125
31.0 6.5078125
32.0 6.0
33.0 7.515625
34.0 3.921875
35.0 11.2109375
36.0 7.5859375
37.0 7.34375
38.0 1.71875
39.0 9.0
40.0 7.5390625
41.0 7.2578125
42.0 7.1328125
43.0 6.5
44.0 6.2734375
45.0 3.4140625
46.0 2.625
47.0 1.59375
48.0 5.375
49.0 3.3671875
50.0 3.96875
51.0 5.234375
52.0 4.796875
53.0 4.8359375
54.0 7.3984375
55.0 7.78125
56.0 5.2734375
57.0 3.1328125
58.0 5.3203125
59.0 4.296875
60.0 4.3046875
61.0 5.2734375
62.0 4.6796875
63.0 3.7734375
64.0 0.640625
65.0 4.59375
66.0 4.1171875
67.0 3.796875
68.0 2.90625
69.0 3.1328125
70.0 6.4765625
71.0 7.2734375
72.0 4.609375
73.0 3.8515625
74.0 5.515625
75.0 7.046875
76.0 6.59375
77.0 6.828125
78.0 2.984375
79.0 9.75
80.0 7.109375
81.0 7.375
82.0 6.6015625
83.0 7.609375
84.0 6.3203125
85.0 7.9375
86.0 7.9296875
87.0 3.3203125
88.0 3.046875
89.0 7.0078125
90.0 7.453125
91.0 6.15625
92.0 3.3125
93.0 3.625
94.0 3.46875
95.0 3.7421875
96.0 1.5234375
97.0 10.1640625
98.0 5.25
99.0 3.890625
100.0 3.7109375
101.0 4.84375
102.0 5.1015625
103.0 1.59375
104.0 4.9453125
105.0 5.3203125
106.0 7.7265625
107.0 7.09375
108.0 6.4765625
109.0 7.1953125
110.0 7.6328125
111.0 7.96875
112.0 7.5390625
113.0 6.9453125
114.0 6.6015625
115.0 7.359375
116.0 6.5078125
117.0 4.4453125
118.0 9.78125
119.0 6.71875
120.0 6.8828125
121.0 6.6171875
122.0 7.2734375
123.0 7.078125
124.0 6.4140625
125.0 6.6875
126.0 6.921875
127.0 5.9765625
128.0 1.6796875
129.0 2.1640625
130.0 3.7734375
131.0 3.59375
132.0 4.0546875
133.0 4.1875
134.0 5.671875
135.0 3.53125
136.0 3.5234375
137.0 3.671875
138.0 3.703125
139.0 4.2421875
140.0 5.3359375
141.0 7.0390625
142.0 5.1015625
143.0 5.0078125
144.0 4.8046875
145.0 5.2734375
146.0 4.84375
147.0 2.0625
148.0 7.578125
149.0 4.03125
150.0 3.5625
151.0 3.203125
152.0 2.3359375
153.0 0.9453125
154.0 0.0
155.0 6.6640625
156.0 3.9375
157.0 4.0859375
158.0 3.9765625
159.0 4.65625
160.0 4.265625
161.0 4.609375
162.0 2.8203125
163.0 6.296875
164.0 6.0234375
165.0 6.390625
166.0 5.796875
167.0 4.125
168.0 8.6171875
169.0 6.84375
170.0 7.0078125
171.0 6.8046875
172.0 6.421875
173.0 6.2109375
174.0 6.2734375
175.0 4.546875
176.0 5.3046875
177.0 5.3984375
178.0 5.40625
179.0 5.3671875
180.0 4.4453125
181.0 3.3125
182.0 4.2109375
183.0 3.28125
184.0 0.0
185.0 8.75
186.0 5.96875
187.0 6.171875
188.0 6.140625
189.0 5.0546875
190.0 5.6640625
191.0 4.5625
192.0 2.0625
193.0 3.5
194.0 4.1875
195.0 5.7578125
196.0 6.5390625
197.0 6.109375
198.0 7.046875
199.0 4.6796875
200.0 4.3359375
201.0 3.59375
202.0 8.4140625
203.0 6.828125
204.0 7.09375
205.0 6.4140625
206.0 5.7109375
207.0 5.3828125
208.0 5.453125
209.0 4.3359375
210.0 3.3125
211.0 3.1328125
212.0 2.0703125
213.0 2.03125
214.0 1.7734375
215.0 1.53125
216.0 0.9453125
217.0 0.90625
218.0 1.6875
219.0 0.8828125
220.0 0.0
221.0 6.7734375
222.0 3.265625
223.0 2.6875
224.0 2.1328125
225.0 2.1640625
226.0 1.7890625
227.0 0.2890625
228.0 0.0
229.0 7.2421875
230.0 2.8359375
231.0 3.4921875
232.0 2.640625
233.0 2.328125
234.0 3.0
235.0 2.1015625
236.0 2.1171875
237.0 2.125
238.0 2.0390625
239.0 2.640625
240.0 3.1171875
241.0 0.0
242.0 7.5390625
243.0 4.0078125
244.0 4.1171875
245.0 2.90625
246.0 0.9453125
247.0 0.0
248.0 0.0
249.0 4.5078125
250.0 1.4921875
251.0 0.046875
252.0 1.171875
253.0 0.9609375
254.0 2.015625
255.0 1.7578125
256.0 2.421875
257.0 2.390625
258.0 2.5390625
259.0 2.8203125
260.0 3.25
261.0 2.609375
262.0 1.34375
263.0 0.0
264.0 0.2265625
265.0 6.4375
266.0 3.1171875
267.0 2.546875
268.0 2.34375
269.0 2.953125
270.0 1.0
271.0 0.0
272.0 6.6328125
273.0 2.5234375
274.0 1.984375
275.0 2.03125
276.0 2.5078125
277.0 2.9296875
278.0 2.2109375
279.0 2.953125
280.0 4.3359375
281.0 3.6484375
282.0 2.5390625
283.0 1.7890625
284.0 0.0
285.0 7.8125
286.0 2.6875
287.0 2.8203125
288.0 4.5078125
289.0 3.859375
290.0 7.0625
291.0 6.1796875
292.0 5.734375
293.0 5.703125
294.0 5.203125
295.0 5.8125
296.0 4.3203125
297.0 5.671875
298.0 5.578125
299.0 4.6328125
300.0 5.4375
301.0 4.2421875
302.0 5.25
303.0 5.3359375
304.0 4.5703125
305.0 5.890625
306.0 4.234375
307.0 3.9140625
308.0 0.65625
309.0 5.3828125
310.0 2.640625
311.0 2.7265625
312.0 2.7890625
313.0 2.9921875
314.0 0.8359375
315.0 5.640625
316.0 3.1484375
317.0 3.859375
318.0 5.0234375
319.0 5.1640625
320.0 5.1640625
321.0 4.8046875
322.0 5.578125
323.0 6.4140625
324.0 5.8125
325.0 5.9453125
326.0 5.9921875
327.0 5.6640625
328.0 5.15625
329.0 6.09375
330.0 5.0703125
331.0 5.0390625
332.0 3.328125
333.0 3.875
334.0 4.234375
335.0 4.828125
336.0 0.1796875
337.0 9.9609375
338.0 4.453125
339.0 3.875
340.0 4.1328125
341.0 5.2578125
342.0 5.15625
343.0 4.7109375
344.0 3.2578125
345.0 3.90625
346.0 2.7421875
347.0 2.4296875
348.0 0.484375
349.0 7.9375
350.0 2.8046875
351.0 2.609375
352.0 4.6328125
353.0 4.8125
354.0 4.9921875
355.0 5.2734375
356.0 4.2734375
357.0 4.4453125
358.0 4.7421875
359.0 4.6015625
360.0 4.03125
361.0 5.3828125
362.0 4.9765625
363.0 3.65625
364.0 4.578125
365.0 2.0078125
366.0 7.78125
367.0 5.0859375
368.0 4.296875
369.0 4.3203125
370.0 1.640625
371.0 5.1953125
372.0 1.828125
373.0 2.7578125
374.0 4.0
375.0 2.5625
376.0 3.1640625
377.0 2.015625
378.0 3.9140625
379.0 5.7265625
380.0 5.2890625
381.0 5.453125
382.0 3.546875
383.0 6.3515625
384.0 4.90625
385.0 2.125
386.0 6.921875
387.0 2.125
388.0 1.4921875
389.0 2.4609375
390.0 2.6640625
391.0 0.46875
392.0 0.6875
393.0 1.7890625
394.0 4.578125
395.0 2.5234375
396.0 0.1875
397.0 6.703125
398.0 4.3515625
399.0 3.234375
400.0 4.875
401.0 4.7265625
402.0 4.3671875
403.0 2.5078125
404.0 3.5859375
405.0 5.1875
406.0 4.203125
407.0 4.4765625
408.0 4.0234375
409.0 4.203125
410.0 3.890625
411.0 3.3125
412.0 3.2578125
413.0 2.1171875
414.0 1.3828125
415.0 1.2578125
416.0 2.3359375
417.0 4.1484375
418.0 1.6484375
419.0 0.0
420.0 0.0
421.0 6.859375
422.0 4.46875
423.0 4.203125
424.0 4.6484375
425.0 5.8125
426.0 4.78125
427.0 4.7734375
428.0 4.3828125
429.0 5.5234375
430.0 4.90625
431.0 4.6796875
432.0 2.9921875
433.0 3.53125
434.0 3.7265625
435.0 4.6796875
436.0 4.46875
437.0 4.5
438.0 4.1171875
439.0 5.578125
440.0 4.4296875
441.0 1.265625
442.0 7.6328125
443.0 5.0546875
444.0 3.953125
445.0 5.875
446.0 5.4609375
447.0 5.8515625
448.0 4.6328125
449.0 2.6015625
450.0 1.65625
451.0 3.21875
452.0 3.9140625
453.0 5.28125
454.0 3.0390625
455.0 5.875
456.0 4.6875
457.0 3.53125
458.0 2.0859375
459.0 2.75
460.0 5.5625
461.0 5.8125
462.0 4.03125
463.0 4.875
464.0 2.265625
465.0 2.15625
466.0 1.859375
467.0 2.359375
468.0 3.2578125
469.0 0.984375
470.0 7.1015625
471.0 4.1328125
472.0 3.8203125
473.0 5.125
474.0 0.0703125
475.0 8.4609375
476.0 5.3203125
477.0 5.0234375
478.0 5.0703125
479.0 5.3359375
480.0 3.40625
481.0 4.5390625
482.0 4.125
483.0 3.1484375
484.0 2.3359375
485.0 3.46875
486.0 1.5078125
487.0 7.2578125
488.0 5.1015625
489.0 4.65625
490.0 4.328125
491.0 4.515625
492.0 4.0546875
493.0 4.359375
494.0 3.046875
495.0 6.7421875
496.0 4.328125
497.0 5.1015625
498.0 3.0859375
499.0 4.1796875
500.0 0.8671875
501.0 7.140625
502.0 3.140625
503.0 4.3046875
504.0 4.6953125
505.0 5.203125
506.0 5.4609375
507.0 5.7265625
508.0 5.0234375
509.0 4.1171875
510.0 4.2734375
511.0 4.84375
512.0 5.40625
513.0 3.6953125
514.0 6.359375
515.0 4.0546875
516.0 4.0703125
517.0 1.890625
518.0 7.078125
519.0 4.421875
520.0 4.3203125
521.0 5.40625
522.0 4.84375
523.0 4.9765625
524.0 4.28125
525.0 4.15625
526.0 3.7265625
527.0 4.6640625
528.0 4.84375
529.0 5.1328125
530.0 5.640625
531.0 5.796875
532.0 5.171875
533.0 4.0546875
534.0 2.0390625
535.0 6.6796875
536.0 5.40625
537.0 4.890625
538.0 4.53125
539.0 4.6484375
540.0 4.7109375
541.0 5.875
542.0 5.7109375
543.0 5.3203125
544.0 4.796875
545.0 4.9296875
546.0 3.1484375
547.0 5.8203125
548.0 4.0
549.0 4.7109375
550.0 5.7265625
551.0 5.90625
552.0 5.546875
553.0 5.125
554.0 4.6640625
555.0 5.546875
556.0 5.046875
557.0 4.9609375
558.0 4.9609375
559.0 5.21875
560.0 0.515625
561.0 7.3359375
562.0 4.171875
563.0 6.40625
564.0 5.6015625
565.0 5.640625
566.0 4.515625
567.0 5.375
568.0 3.21875
569.0 5.765625
570.0 4.6640625
571.0 4.875
572.0 4.7578125
573.0 5.4375
574.0 5.5234375
575.0 4.6796875
576.0 5.421875
577.0 5.578125
578.0 4.6015625
579.0 4.90625
580.0 4.171875
581.0 5.3671875
582.0 4.4140625
583.0 4.3515625
584.0 4.0234375
585.0 4.9765625
586.0 5.484375
587.0 4.828125
588.0 4.828125
589.0 4.9453125
590.0 4.3046875
591.0 3.0390625
592.0 2.25
593.0 2.1484375
594.0 3.7890625
595.0 0.8984375
596.0 4.90625
597.0 2.1484375
598.0 0.609375
599.0 2.8359375
