0.0 5.0390625
1.0 4.8359375
2.0 2.75
3.0 7.6328125
4.0 5.0546875
5.0 5.078125
6.0 5.1015625
7.0 5.375
8.0 5.1640625
9.0 2.09375
10.0 6.9921875
11.0 4.9296875
12.0 4.7578125
13.0 5.6328125
14.0 5.578125
15.0 5.3515625
16.0 5.46875
17.0 5.3359375
18.0 5.1953125
19.0 5.3125
20.0 4.59375
21.0 2.9921875
22.0 5.109375
23.0 4.5390625
24.0 3.6953125
25.0 1.9453125
26.0 0.8203125
27.0 0.7578125
28.0 0.65625
29.0 0.0
30.0 8.09375
31.0 4.6796875
32.0 5.1015625
33.0 5.109375
34.0 4.4453125
35.0 3.4140625
36.0 5.796875
37.0 5.1640625
38.0 5.3515625
39.0 5.21875
40.0 5.1953125
41.0 4.75
42.0 5.0234375
43.0 3.6953125
44.0 4.953125
45.0 5.1015625
46.0 5.3828125
47.0 5.5
48.0 5.203125
49.0 5.21875
50.0 4.1171875
51.0 3.328125
52.0 5.3671875
53.0 5.4296875
54.0 5.3046875
55.0 5.53125
56.0 5.46875
57.0 5.234375
58.0 3.4765625
59.0 6.9140625
60.0 5.1640625
61.0 3.765625
62.0 1.671875
63.0 6.9453125
64.0 5.1640625
65.0 5.140625
66.0 5.078125
67.0 5.1640625
68.0 2.875
69.0 1.4375
70.0 2.9375
71.0 5.0859375
72.0 5.0234375
73.0 4.984375
74.0 4.984375
75.0 5.2890625
76.0 2.390625
77.0 8.0859375
78.0 5.140625
79.0 4.90625
80.0 4.421875
81.0 5.3828125
82.0 4.8359375
83.0 4.515625
84.0 4.578125
85.0 4.9765625
86.0 4.4453125
87.0 5.078125
88.0 1.9765625
89.0 8.109375
90.0 5.15625
91.0 5.1875
92.0 5.0546875
93.0 4.65625
94.0 3.625
95.0 4.1484375
96.0 4.625
97.0 5.0546875
98.0 4.6953125
99.0 4.6484375
100.0 5.0234375
101.0 5.421875
102.0 5.3203125
103.0 1.5625
104.0 9.453125
105.0 5.8828125
106.0 5.15625
107.0 5.5625
108.0 5.484375
109.0 5.515625
110.0 5.6171875
111.0 5.5546875
112.0 5.34375
113.0 5.3984375
114.0 5.25
115.0 5.40625
116.0 5.453125
117.0 5.3984375
118.0 5.2578125
119.0 5.3125
120.0 5.0546875
121.0 1.7421875
122.0 5.96875
123.0 2.34375
124.0 4.359375
125.0 5.2890625
126.0 5.4296875
127.0 5.4296875
128.0 5.2890625
129.0 1.5390625
130.0 8.953125
131.0 4.984375
132.0 4.859375
133.0 5.453125
134.0 5.4296875
135.0 5.578125
136.0 5.640625
137.0 5.5546875
138.0 5.4609375
139.0 5.8828125
140.0 5.46875
141.0 5.484375
142.0 5.3359375
143.0 5.7265625
144.0 3.8203125
145.0 4.921875
146.0 4.984375
147.0 4.1484375
148.0 3.21875
149.0 4.890625
150.0 4.828125
151.0 4.875
152.0 4.9453125
153.0 5.109375
154.0 5.21875
155.0 5.3671875
156.0 5.1953125
157.0 0.2265625
158.0 9.7265625
159.0 5.0546875
160.0 5.015625
161.0 0.40625
162.0 9.71875
163.0 3.8046875
164.0 4.09375
165.0 4.828125
166.0 4.7421875
167.0 4.75
168.0 4.7421875
169.0 3.8203125
170.0 3.546875
171.0 4.984375
172.0 3.2265625
173.0 5.96875
174.0 5.0078125
175.0 4.9921875
176.0 4.9921875
177.0 5.25
178.0 4.9296875
179.0 4.9921875
180.0 4.8125
181.0 5.0234375
182.0 5.0390625
183.0 4.9921875
184.0 4.984375
185.0 3.96875
186.0 6.2578125
187.0 5.15625
188.0 5.078125
189.0 4.6484375
190.0 4.859375
191.0 4.2109375
192.0 4.796875
193.0 4.9453125
194.0 4.71875
195.0 4.7265625
196.0 4.609375
197.0 4.875
198.0 3.7109375
199.0 2.1875
200.0 2.5234375
201.0 5.0546875
202.0 4.90625
203.0 1.46875
204.0 8.6171875
205.0 5.171875
206.0 4.8671875
207.0 4.890625
208.0 5.0234375
209.0 4.9609375
210.0 2.1875
211.0 7.6640625
212.0 4.7578125
213.0 5.203125
214.0 4.890625
215.0 4.828125
216.0 4.5703125
217.0 4.3359375
218.0 3.703125
219.0 4.5625
220.0 4.3515625
221.0 4.625
222.0 4.796875
223.0 4.875
224.0 4.65625
225.0 4.84375
226.0 4.65625
227.0 3.765625
228.0 2.84375
229.0 3.4296875
230.0 3.9453125
231.0 4.328125
232.0 4.7265625
233.0 4.265625
234.0 4.3046875
235.0 3.703125
236.0 1.265625
237.0 3.4765625
238.0 4.5390625
239.0 4.90625
240.0 4.9765625
241.0 5.28125
242.0 5.375
243.0 5.53125
244.0 2.1171875
245.0 8.390625
246.0 4.5078125
247.0 4.296875
248.0 3.9140625
249.0 0.640625
250.0 7.8203125
251.0 4.1328125
252.0 4.0859375
253.0 4.328125
254.0 4.484375
255.0 3.65625
256.0 4.546875
257.0 4.78125
258.0 4.9453125
259.0 5.0703125
260.0 4.9609375
261.0 4.265625
262.0 5.609375
263.0 4.859375
264.0 4.9453125
265.0 4.7421875
266.0 4.890625
267.0 4.7734375
268.0 2.3671875
269.0 8.0625
270.0 4.78125
271.0 3.5
272.0 4.8984375
273.0 5.0234375
274.0 3.3828125
275.0 1.5390625
276.0 1.640625
277.0 2.125
278.0 4.6328125
279.0 5.0703125
280.0 5.1875
281.0 2.421875
282.0 7.9609375
283.0 5.046875
284.0 5.15625
285.0 4.890625
286.0 5.0859375
287.0 3.921875
288.0 6.84375
289.0 5.6015625
290.0 5.3046875
291.0 4.6484375
292.0 5.21875
293.0 5.4375
294.0 2.3046875
295.0 7.0703125
296.0 4.875
297.0 4.7265625
298.0 4.0
299.0 5.34375
300.0 5.1328125
301.0 5.6015625
302.0 5.2734375
303.0 5.1015625
304.0 5.6171875
305.0 5.2578125
306.0 5.1953125
307.0 5.6015625
308.0 5.140625
309.0 0.5078125
310.0 10.1171875
311.0 5.34375
312.0 4.2421875
313.0 6.75
314.0 5.6640625
315.0 4.5
316.0 5.1328125
317.0 4.921875
318.0 5.015625
319.0 4.828125
320.0 4.8046875
321.0 4.9609375
322.0 4.8671875
323.0 4.65625
324.0 4.8046875
325.0 4.875
326.0 0.0703125
327.0 8.4921875
328.0 5.3828125
329.0 5.3125
330.0 5.0078125
331.0 5.15625
332.0 5.046875
333.0 1.1484375
334.0 8.734375
335.0 5.0078125
336.0 4.7265625
337.0 4.3515625
338.0 4.4765625
339.0 0.0
340.0 8.46875
341.0 4.8671875
342.0 4.7421875
343.0 4.46875
344.0 3.8828125
345.0 3.9921875
346.0 3.9765625
347.0 4.515625
348.0 2.671875
349.0 3.65625
350.0 4.921875
351.0 3.0546875
352.0 5.2265625
353.0 5.109375
354.0 5.1015625
355.0 5.1875
356.0 4.6953125
357.0 4.3515625
358.0 5.578125
359.0 5.515625
360.0 3.859375
361.0 4.8125
362.0 5.0390625
363.0 5.109375
364.0 4.9765625
365.0 4.5625
366.0 3.4453125
367.0 1.59375
368.0 5.125
369.0 5.2890625
370.0 4.28125
371.0 4.6875
372.0 4.8125
373.0 5.1953125
374.0 5.234375
375.0 5.1640625
376.0 5.3046875
377.0 4.7578125
378.0 4.859375
379.0 5.0078125
380.0 5.3515625
381.0 2.3984375
382.0 8.1640625
383.0 5.4375
384.0 5.0234375
385.0 5.78125
386.0 5.3984375
387.0 5.0546875
388.0 5.109375
389.0 5.078125
390.0 5.421875
391.0 5.140625
392.0 5.0078125
393.0 4.9921875
394.0 4.9921875
395.0 5.125
396.0 4.9296875
397.0 4.9609375
398.0 5.25
399.0 5.0390625
400.0 4.7109375
401.0 4.6484375
402.0 4.6328125
403.0 1.9453125
404.0 7.765625
405.0 4.8984375
406.0 4.5
407.0 4.984375
408.0 3.9375
409.0 4.03125
410.0 4.6484375
411.0 4.3359375
412.0 4.296875
413.0 4.625
414.0 4.7265625
415.0 4.5625
416.0 4.5
417.0 4.7109375
418.0 4.1484375
419.0 3.3671875
420.0 0.09375
421.0 7.03125
422.0 3.6171875
423.0 2.7734375
424.0 3.90625
425.0 2.0
426.0 6.3203125
427.0 5.0703125
428.0 4.609375
429.0 4.1328125
430.0 4.453125
431.0 2.8125
432.0 3.8046875
433.0 4.625
434.0 4.8984375
435.0 5.125
436.0 4.9765625
437.0 4.984375
438.0 4.7578125
439.0 2.890625
440.0 7.21875
441.0 4.984375
442.0 4.75
443.0 5.109375
444.0 1.734375
445.0 8.2734375
446.0 5.109375
447.0 5.0703125
448.0 5.5
449.0 5.3515625
450.0 5.546875
451.0 5.4609375
452.0 5.3125
453.0 5.25
454.0 5.25
455.0 5.671875
456.0 5.578125
457.0 1.2421875
458.0 9.21875
459.0 4.8671875
460.0 5.234375
461.0 5.109375
462.0 3.609375
463.0 6.9765625
464.0 5.1875
465.0 5.0078125
466.0 5.0546875
467.0 5.453125
468.0 5.3125
469.0 5.484375
470.0 5.15625
471.0 5.34375
472.0 5.3046875
473.0 6.171875
474.0 5.2265625
475.0 5.34375
476.0 5.0078125
477.0 5.8515625
478.0 5.40625
479.0 5.5546875
480.0 5.234375
481.0 5.46875
482.0 5.515625
483.0 5.3984375
484.0 5.2734375
485.0 5.0078125
486.0 5.1328125
487.0 4.9296875
488.0 4.8984375
489.0 5.1015625
490.0 5.0078125
491.0 5.15625
492.0 5.171875
493.0 4.8359375
494.0 3.921875
495.0 3.65625
496.0 5.1328125
497.0 4.1171875
498.0 1.8515625
499.0 4.6484375
500.0 5.1953125
501.0 5.1875
502.0 5.234375
503.0 2.0859375
504.0 8.7109375
505.0 5.515625
506.0 5.15625
507.0 5.3359375
508.0 5.0546875
509.0 3.734375
510.0 6.6015625
511.0 4.9296875
512.0 5.1640625
513.0 5.2734375
514.0 5.3125
515.0 4.8046875
516.0 4.0390625
517.0 4.8984375
518.0 5.2890625
519.0 5.2734375
520.0 5.2578125
521.0 5.3125
522.0 5.46875
523.0 5.5625
524.0 5.3125
525.0 5.3046875
526.0 5.1328125
527.0 5.421875
528.0 5.25
529.0 5.0234375
530.0 2.90625
531.0 7.71875
532.0 5.234375
533.0 5.15625
534.0 5.140625
535.0 5.3125
536.0 5.3984375
537.0 5.5234375
538.0 5.515625
539.0 3.7734375
540.0 4.2421875
541.0 5.4921875
542.0 5.2265625
543.0 5.421875
544.0 5.2265625
545.0 4.8125
546.0 2.265625
547.0 5.078125
548.0 5.46875
549.0 4.6796875
550.0 5.9140625
551.0 5.21875
552.0 5.25
553.0 5.2265625
554.0 5.2265625
555.0 2.1640625
556.0 7.609375
557.0 1.890625
558.0 5.109375
559.0 5.1953125
560.0 4.953125
561.0 4.953125
562.0 4.921875
563.0 4.5390625
564.0 0.0
565.0 9.359375
566.0 4.59375
567.0 4.90625
568.0 3.8046875
569.0 6.265625
570.0 4.625
571.0 4.921875
572.0 5.203125
573.0 4.484375
574.0 3.8046875
575.0 2.0
576.0 1.921875
577.0 3.953125
578.0 4.5625
579.0 4.8359375
580.0 4.953125
581.0 5.0390625
582.0 4.84375
583.0 5.0546875
584.0 4.984375
585.0 5.0859375
586.0 5.3125
587.0 5.3515625
588.0 5.171875
589.0 5.2734375
590.0 5.3828125
591.0 2.671875
592.0 7.7578125
593.0 5.2734375
594.0 5.40625
595.0 1.640625
596.0 9.28125
597.0 5.515625
598.0 4.1171875
599.0 5.609375
