0.0 3.6484375
1.0 3.3671875
2.0 3.59375
3.0 3.953125
4.0 0.28125
5.0 7.671875
6.0 4.265625
7.0 3.4296875
8.0 3.7109375
9.0 3.34375
10.0 2.2421875
11.0 2.1328125
12.0 2.4765625
13.0 3.4609375
14.0 0.3046875
15.0 7.5703125
16.0 4.0390625
17.0 4.1015625
18.0 3.3203125
19.0 4.5703125
20.0 4.46875
21.0 4.4453125
22.0 4.8046875
23.0 4.9453125
24.0 3.46875
25.0 4.265625
26.0 0.375
27.0 6.4140625
28.0 3.078125
29.0 1.4453125
30.0 6.2265625
31.0 3.7734375
32.0 3.1953125
33.0 2.1875
34.0 2.234375
35.0 2.7265625
36.0 2.4296875
37.0 2.7578125
38.0 2.3984375
39.0 1.703125
40.0 2.1875
41.0 2.1875
42.0 2.0625
43.0 3.546875
44.0 4.484375
45.0 3.171875
46.0 5.8125
47.0 2.9375
48.0 4.75
49.0 4.90625
50.0 3.5
51.0 0.0
52.0 8.640625
53.0 4.203125
54.0 4.5625
55.0 4.5078125
56.0 4.9453125
57.0 4.546875
58.0 4.890625
59.0 5.234375
60.0 4.6328125
61.0 4.03125
62.0 4.1328125
63.0 0.0
64.0 6.09375
65.0 3.1953125
66.0 3.9375
67.0 4.4453125
68.0 4.90625
69.0 4.4296875
70.0 4.4140625
71.0 4.15625
72.0 0.984375
73.0 8.4375
74.0 4.6015625
75.0 5.125
76.0 4.9296875
77.0 4.8984375
78.0 5.5234375
79.0 5.0859375
80.0 5.2890625
81.0 5.859375
82.0 5.796875
83.0 5.6640625
84.0 6.203125
85.0 3.859375
86.0 5.9453125
87.0 2.8203125
88.0 5.2734375
89.0 5.46875
90.0 6.0546875
91.0 5.9921875
92.0 6.0859375
93.0 6.1796875
94.0 5.828125
95.0 5.3671875
96.0 2.8359375
97.0 7.0390625
98.0 5.46875
99.0 5.96875
100.0 5.609375
101.0 4.484375
102.0 5.90625
103.0 5.5234375
104.0 5.4296875
105.0 5.6171875
106.0 5.3515625
107.0 4.578125
108.0 5.0078125
109.0 4.6484375
110.0 2.6328125
111.0 4.8359375
112.0 5.0703125
113.0 4.796875
114.0 3.046875
115.0 6.3515625
116.0 4.1015625
117.0 4.1875
118.0 4.234375
119.0 4.0546875
120.0 4.609375
121.0 4.1015625
122.0 5.6796875
123.0 4.4140625
124.0 4.1875
125.0 4.78125
126.0 5.2265625
127.0 4.796875
128.0 4.3984375
129.0 3.90625
130.0 4.828125
131.0 4.9296875
132.0 4.359375
133.0 4.5703125
134.0 4.3046875
135.0 3.8046875
136.0 4.453125
137.0 4.8125
138.0 5.1328125
139.0 5.125
140.0 5.109375
141.0 5.0390625
142.0 5.4609375
143.0 5.0078125
144.0 2.0625
145.0 7.4296875
146.0 4.65625
147.0 4.6328125
148.0 2.4140625
149.0 6.9921875
150.0 4.28125
151.0 4.2109375
152.0 4.453125
153.0 4.6953125
154.0 3.53125
155.0 4.21875
156.0 4.71875
157.0 4.421875
158.0 3.96875
159.0 3.890625
160.0 3.609375
161.0 6.984375
162.0 3.828125
163.0 3.6484375
164.0 4.4140625
165.0 4.25
166.0 3.890625
167.0 3.796875
168.0 3.140625
169.0 0.703125
170.0 8.65625
171.0 5.90625
172.0 5.5859375
173.0 4.1875
174.0 2.9375
175.0 4.65625
176.0 6.0625
177.0 4.984375
178.0 4.0546875
179.0 2.546875
180.0 3.2890625
181.0 2.6640625
182.0 1.5
183.0 0.765625
184.0 2.3125
185.0 3.1640625
186.0 6.3671875
187.0 5.0703125
188.0 5.21875
189.0 5.1328125
190.0 5.375
191.0 5.546875
192.0 5.75
193.0 5.3828125
194.0 5.4296875
195.0 5.8125
196.0 4.953125
197.0 5.2578125
198.0 5.046875
199.0 4.1171875
200.0 0.40625
201.0 0.0
202.0 6.3828125
203.0 5.0078125
204.0 4.546875
205.0 1.2265625
206.0 4.984375
207.0 3.7109375
208.0 5.078125
209.0 4.78125
210.0 3.9921875
211.0 3.1171875
212.0 2.5390625
213.0 2.609375
214.0 2.8515625
215.0 3.90625
216.0 3.8046875
217.0 4.0625
218.0 3.140625
219.0 0.484375
220.0 5.046875
221.0 1.8671875
222.0 1.6171875
223.0 1.984375
224.0 2.3671875
225.0 0.484375
226.0 6.2421875
227.0 3.140625
228.0 3.40625
229.0 3.1015625
230.0 4.25
231.0 5.3671875
232.0 5.6953125
233.0 4.484375
234.0 3.859375
235.0 4.453125
236.0 2.9609375
237.0 2.1328125
238.0 1.6484375
239.0 0.0
240.0 8.4609375
241.0 4.859375
242.0 5.015625
243.0 4.609375
244.0 4.796875
245.0 4.65625
246.0 4.8046875
247.0 3.265625
248.0 3.4453125
249.0 5.15625
250.0 4.453125
251.0 5.2265625
252.0 5.40625
253.0 5.25
254.0 4.609375
255.0 1.078125
256.0 8.8515625
257.0 5.5
258.0 5.4921875
259.0 5.375
260.0 5.0390625
261.0 5.34375
262.0 6.078125
263.0 6.1796875
264.0 5.5859375
265.0 1.8984375
266.0 7.5390625
267.0 4.203125
268.0 3.5
269.0 4.4453125
270.0 5.890625
271.0 6.234375
272.0 4.7578125
273.0 4.609375
274.0 4.2421875
275.0 1.0546875
276.0 0.71875
277.0 1.296875
278.0 2.4765625
279.0 2.1953125
280.0 1.7890625
281.0 2.0703125
282.0 3.40625
283.0 2.1953125
284.0 3.5546875
285.0 4.3515625
286.0 4.0625
287.0 0.0
288.0 6.3828125
289.0 3.2265625
290.0 2.7890625
291.0 1.59375
292.0 1.390625
293.0 0.0
294.0 0.0
295.0 5.203125
296.0 2.8359375
297.0 1.765625
298.0 2.0078125
299.0 3.65625
300.0 2.8203125
301.0 1.65625
302.0 2.6328125
303.0 2.265625
304.0 2.4609375
305.0 2.7109375
306.0 2.046875
307.0 1.0234375
308.0 0.0
309.0 4.4296875
310.0 1.5859375
311.0 1.3203125
312.0 1.7890625
313.0 2.2421875
314.0 2.515625
315.0 3.28125
316.0 2.8984375
317.0 2.375
318.0 0.6328125
319.0 0.0
320.0 0.0
321.0 4.9453125
322.0 2.8203125
323.0 2.875
324.0 3.515625
325.0 3.828125
326.0 4.953125
327.0 5.3828125
328.0 4.5
329.0 3.4140625
330.0 2.6640625
331.0 0.0
332.0 4.6875
333.0 2.7109375
334.0 2.4765625
335.0 2.8125
336.0 3.0703125
337.0 1.1171875
338.0 1.8515625
339.0 3.203125
340.0 2.03125
341.0 0.9296875
342.0 6.2578125
343.0 6.6640625
344.0 4.875
345.0 0.7890625
346.0 0.9296875
347.0 2.25
348.0 4.125
349.0 4.2421875
350.0 4.0390625
351.0 4.3984375
352.0 4.3984375
353.0 2.8125
354.0 6.703125
355.0 3.90625
356.0 2.921875
357.0 4.421875
358.0 4.0703125
359.0 3.1953125
360.0 0.0
361.0 5.2265625
362.0 0.8984375
363.0 0.8203125
364.0 1.2578125
365.0 3.4921875
366.0 4.7578125
367.0 4.796875
368.0 4.9765625
369.0 3.921875
370.0 4.8125
371.0 4.7734375
372.0 5.234375
373.0 1.640625
374.0 8.8671875
375.0 6.203125
376.0 6.5546875
377.0 6.3203125
378.0 6.6640625
379.0 5.9765625
380.0 5.3671875
381.0 4.875
382.0 4.7734375
383.0 3.953125
384.0 1.3828125
385.0 0.0
386.0 6.9609375
387.0 0.2890625
388.0 6.2109375
389.0 5.78125
390.0 5.53125
391.0 3.890625
392.0 4.390625
393.0 5.0546875
394.0 3.4609375
395.0 2.4140625
396.0 2.1328125
397.0 1.7734375
398.0 2.015625
399.0 3.734375
400.0 3.234375
401.0 2.65625
402.0 3.375
403.0 3.21875
404.0 3.90625
405.0 5.4921875
406.0 4.625
407.0 6.203125
408.0 3.4453125
409.0 2.28125
410.0 5.9765625
411.0 4.8984375
412.0 4.890625
413.0 4.6484375
414.0 2.125
415.0 2.0
416.0 1.6875
417.0 2.390625
418.0 4.3515625
419.0 1.7578125
420.0 1.9453125
421.0 3.4140625
422.0 1.4140625
423.0 7.5078125
424.0 4.890625
425.0 4.3671875
426.0 6.3046875
427.0 5.6953125
428.0 3.7109375
429.0 5.8125
430.0 5.53125
431.0 5.5625
432.0 4.7109375
433.0 2.3359375
434.0 0.8125
435.0 0.0
436.0 5.1875
437.0 1.8515625
438.0 1.890625
439.0 2.125
440.0 2.09375
441.0 3.1953125
442.0 2.4921875
443.0 4.875
444.0 2.5234375
445.0 2.1171875
446.0 1.96875
447.0 2.3984375
448.0 3.4609375
449.0 1.5859375
450.0 1.5234375
451.0 2.09375
452.0 3.515625
453.0 3.46875
454.0 3.578125
455.0 3.3984375
456.0 1.4375
457.0 5.1953125
458.0 3.84375
459.0 1.0625
460.0 1.3125
461.0 3.3125
462.0 5.3046875
463.0 4.59375
464.0 0.0
465.0 7.2578125
466.0 2.875
467.0 3.4609375
468.0 3.34375
469.0 5.7890625
470.0 5.203125
471.0 5.4375
472.0 5.15625
473.0 3.8203125
474.0 4.6875
475.0 3.1796875
476.0 0.8359375
477.0 5.890625
478.0 5.0546875
479.0 4.3671875
480.0 4.484375
481.0 4.03125
482.0 0.6640625
483.0 0.0
484.0 0.0
485.0 4.90625
486.0 0.8828125
487.0 0.109375
488.0 0.0
489.0 0.0
490.0 0.0
491.0 1.5078125
492.0 2.7421875
493.0 1.5078125
494.0 0.8828125
495.0 0.609375
496.0 1.8671875
497.0 3.0234375
498.0 3.3828125
499.0 2.7578125
500.0 2.515625
501.0 1.59375
502.0 0.0
503.0 5.0234375
504.0 3.859375
505.0 4.234375
506.0 0.4921875
507.0 4.6015625
508.0 2.7734375
509.0 3.6796875
510.0 3.53125
511.0 4.4296875
512.0 4.7421875
513.0 5.0703125
514.0 4.25
515.0 5.109375
516.0 5.40625
517.0 5.8828125
518.0 6.15625
519.0 5.234375
520.0 5.1875
521.0 4.0234375
522.0 4.03125
523.0 4.4140625
524.0 4.625
525.0 4.4140625
526.0 5.2578125
527.0 4.7734375
528.0 4.6328125
529.0 4.4453125
530.0 5.453125
531.0 4.9765625
532.0 4.984375
533.0 5.203125
534.0 4.921875
535.0 4.8671875
536.0 6.0390625
537.0 5.546875
538.0 5.28125
539.0 5.6171875
540.0 4.875
541.0 5.25
542.0 5.3984375
543.0 6.0859375
544.0 5.125
545.0 4.5
546.0 3.7890625
547.0 3.6171875
548.0 3.328125
549.0 4.171875
550.0 4.21875
551.0 6.0546875
552.0 4.4765625
553.0 4.71875
554.0 1.046875
555.0 10.859375
556.0 5.6171875
557.0 3.515625
558.0 3.6953125
559.0 3.25
560.0 4.21875
561.0 5.9296875
562.0 5.7890625
563.0 5.40625
564.0 4.9609375
565.0 5.3359375
566.0 5.0078125
567.0 3.0234375
568.0 6.3203125
569.0 4.9609375
570.0 4.515625
571.0 1.03125
572.0 8.890625
573.0 4.4765625
574.0 4.1875
575.0 4.84375
576.0 4.390625
577.0 4.28125
578.0 4.3359375
579.0 4.515625
580.0 4.875
581.0 4.828125
582.0 3.7890625
583.0 3.0390625
584.0 1.9375
585.0 0.0
586.0 5.453125
587.0 3.4453125
588.0 4.4140625
589.0 3.7265625
590.0 2.7578125
591.0 4.53125
592.0 4.0390625
593.0 5.2890625
594.0 5.9296875
595.0 5.0703125
596.0 3.5546875
597.0 5.2265625
598.0 5.203125
599.0 4.8984375
