0.0 5.6015625
1.0 5.1328125
2.0 5.375
3.0 5.375
4.0 5.1953125
5.0 5.421875
6.0 5.2265625
7.0 5.3203125
8.0 1.078125
9.0 9.875
10.0 5.5234375
11.0 5.4921875
12.0 5.609375
13.0 2.03125
14.0 9.21875
15.0 5.5234375
16.0 5.109375
17.0 4.78125
18.0 4.796875
19.0 5.1953125
20.0 5.46875
21.0 5.5546875
22.0 5.3203125
23.0 5.3359375
24.0 4.1015625
25.0 6.953125
26.0 5.6015625
27.0 5.4921875
28.0 5.609375
29.0 5.5625
30.0 5.5625
31.0 5.5234375
32.0 5.609375
33.0 5.40625
34.0 5.3984375
35.0 5.5234375
36.0 5.53125
37.0 1.109375
38.0 10.1015625
39.0 5.375
40.0 1.609375
41.0 9.3359375
42.0 5.484375
43.0 5.453125
44.0 5.3828125
45.0 5.421875
46.0 5.421875
47.0 5.7109375
48.0 5.40625
49.0 5.3671875
50.0 5.203125
51.0 5.2890625
52.0 5.4921875
53.0 5.28125
54.0 1.3125
55.0 9.09375
56.0 5.3046875
57.0 5.125
58.0 5.2578125
59.0 4.1328125
60.0 6.5703125
61.0 5.3828125
62.0 5.40625
63.0 5.2734375
64.0 5.3515625
65.0 5.34375
66.0 5.28125
67.0 5.3125
68.0 5.4375
69.0 4.3828125
70.0 6.5078125
71.0 5.3828125
72.0 5.7265625
73.0 5.6328125
74.0 5.5859375
75.0 4.7109375
76.0 6.8359375
77.0 5.75
78.0 5.2578125
79.0 5.1015625
80.0 5.3671875
81.0 5.6484375
82.0 5.7578125
83.0 5.90625
84.0 5.9609375
85.0 5.7109375
86.0 5.7578125
87.0 5.6015625
88.0 5.890625
89.0 1.9453125
90.0 9.3046875
91.0 5.7890625
92.0 5.703125
93.0 5.875
94.0 5.7265625
95.0 4.828125
96.0 6.6484375
97.0 5.515625
98.0 5.234375
99.0 5.3046875
100.0 5.3515625
101.0 5.5
102.0 5.5625
103.0 5.53125
104.0 5.0546875
105.0 5.3359375
106.0 5.46875
107.0 5.21875
108.0 1.421875
109.0 9.0
110.0 5.2265625
111.0 5.21875
112.0 5.40625
113.0 5.078125
114.0 5.0546875
115.0 0.65625
116.0 9.5078125
117.0 5.203125
118.0 5.0234375
119.0 5.4921875
120.0 5.484375
121.0 5.375
122.0 5.375
123.0 5.3515625
124.0 5.5
125.0 5.5546875
126.0 5.5234375
127.0 5.4921875
128.0 0.8671875
129.0 10.078125
130.0 5.4375
131.0 5.5
132.0 5.3046875
133.0 3.5859375
134.0 6.8125
135.0 5.375
136.0 5.453125
137.0 5.5625
138.0 5.3671875
139.0 5.578125
140.0 5.2578125
141.0 5.640625
142.0 6.109375
143.0 5.515625
144.0 5.546875
145.0 5.3984375
146.0 2.25
147.0 8.640625
148.0 5.453125
149.0 5.421875
150.0 5.25
151.0 5.140625
152.0 5.0390625
153.0 3.0703125
154.0 7.4296875
155.0 5.234375
156.0 5.46875
157.0 5.125
158.0 4.90625
159.0 5.2578125
160.0 5.125
161.0 5.34375
162.0 5.2734375
163.0 5.2265625
164.0 5.2890625
165.0 5.140625
166.0 3.578125
167.0 6.59375
168.0 4.7109375
169.0 4.8671875
170.0 4.9296875
171.0 2.2421875
172.0 7.21875
173.0 4.828125
174.0 5.046875
175.0 5.1328125
176.0 5.15625
177.0 5.15625
178.0 5.0078125
179.0 5.21875
180.0 5.109375
181.0 4.9453125
182.0 1.4453125
183.0 8.5234375
184.0 5.1640625
185.0 5.109375
186.0 5.25
187.0 5.1875
188.0 5.40625
189.0 5.3046875
190.0 5.2265625
191.0 5.4609375
192.0 5.515625
193.0 5.46875
194.0 5.7109375
195.0 5.6171875
196.0 2.1171875
197.0 8.6796875
198.0 5.4375
199.0 5.5234375
200.0 5.546875
201.0 5.3046875
202.0 1.703125
203.0 9.1796875
204.0 5.453125
205.0 5.3359375
206.0 5.2890625
207.0 5.4609375
208.0 5.578125
209.0 5.421875
210.0 5.6796875
211.0 5.6015625
212.0 5.3984375
213.0 5.3828125
214.0 5.2734375
215.0 2.6328125
216.0 7.8671875
217.0 5.421875
218.0 5.609375
219.0 5.1875
220.0 3.5859375
221.0 6.9453125
222.0 5.125
223.0 5.1953125
224.0 5.1875
225.0 5.1640625
226.0 5.046875
227.0 5.015625
228.0 5.15625
229.0 5.515625
230.0 5.2578125
231.0 5.3125
232.0 5.2890625
233.0 2.5390625
234.0 8.265625
235.0 5.421875
236.0 5.6328125
237.0 5.46875
238.0 5.3984375
239.0 5.3828125
240.0 5.609375
241.0 5.5234375
242.0 5.515625
243.0 2.921875
244.0 8.5
245.0 5.546875
246.0 5.5859375
247.0 5.6171875
248.0 5.7265625
249.0 5.515625
250.0 5.8125
251.0 5.515625
252.0 5.796875
253.0 5.75
254.0 5.546875
255.0 4.3984375
256.0 6.8671875
257.0 5.8203125
258.0 5.5234375
259.0 5.3203125
260.0 5.34375
261.0 5.0390625
262.0 5.1875
263.0 4.71875
264.0 4.890625
265.0 4.9921875
266.0 5.078125
267.0 3.921875
268.0 6.40625
269.0 5.1640625
270.0 4.953125
271.0 5.1328125
272.0 5.3359375
273.0 4.9921875
274.0 0.8125
275.0 9.4765625
276.0 5.375
277.0 5.3125
278.0 5.3515625
279.0 5.2734375
280.0 4.8046875
281.0 5.046875
282.0 5.0859375
283.0 5.1875
284.0 5.375
285.0 5.421875
286.0 5.375
287.0 0.328125
288.0 10.2890625
289.0 5.171875
290.0 5.6796875
291.0 5.4921875
292.0 5.46875
293.0 5.828125
294.0 5.765625
295.0 5.875
296.0 5.765625
297.0 5.6796875
298.0 5.5234375
299.0 5.4609375
300.0 5.78125
301.0 5.3671875
302.0 5.40625
303.0 5.3125
304.0 5.3984375
305.0 4.3203125
306.0 6.734375
307.0 4.4453125
308.0 6.5546875
309.0 4.53125
310.0 6.125
311.0 5.46875
312.0 5.1953125
313.0 5.2265625
314.0 5.2265625
315.0 5.453125
316.0 5.453125
317.0 5.4609375
318.0 5.46875
319.0 4.6796875
320.0 6.4140625
321.0 5.28125
322.0 5.3125
323.0 5.515625
324.0 5.4609375
325.0 5.7265625
326.0 5.8125
327.0 4.53125
328.0 6.3671875
329.0 5.5
330.0 5.5546875
331.0 5.6328125
332.0 5.6328125
333.0 5.703125
334.0 5.6796875
335.0 5.484375
336.0 5.53125
337.0 5.609375
338.0 5.7265625
339.0 5.34375
340.0 5.8828125
341.0 5.7109375
342.0 2.8359375
343.0 8.625
344.0 5.859375
345.0 5.4375
346.0 3.9921875
347.0 7.3125
348.0 5.6953125
349.0 5.6953125
350.0 5.4609375
351.0 5.578125
352.0 5.484375
353.0 5.640625
354.0 5.5234375
355.0 5.6015625
356.0 5.484375
357.0 5.3046875
358.0 5.453125
359.0 4.296875
360.0 6.484375
361.0 5.3828125
362.0 5.2734375
363.0 5.078125
364.0 3.3984375
365.0 7.3671875
366.0 5.5234375
367.0 5.6015625
368.0 5.484375
369.0 5.40625
370.0 5.546875
371.0 5.765625
372.0 5.5625
373.0 5.640625
374.0 5.6484375
375.0 5.515625
376.0 5.5234375
377.0 5.171875
378.0 5.4921875
379.0 5.4609375
380.0 5.703125
381.0 5.53125
382.0 5.6953125
383.0 5.5
384.0 5.3515625
385.0 5.421875
386.0 5.4296875
387.0 5.4375
388.0 5.375
389.0 5.3671875
390.0 5.203125
391.0 5.234375
392.0 3.265625
393.0 6.8046875
394.0 5.1875
395.0 5.0234375
396.0 5.234375
397.0 5.2578125
398.0 5.3046875
399.0 5.578125
400.0 5.5
401.0 5.34375
402.0 5.421875
403.0 5.484375
404.0 5.3203125
405.0 5.5234375
406.0 5.546875
407.0 5.703125
408.0 5.53125
409.0 5.3828125
410.0 5.6640625
411.0 5.5859375
412.0 5.5625
413.0 5.4609375
414.0 5.609375
415.0 4.1171875
416.0 6.9453125
417.0 5.3515625
418.0 5.3359375
419.0 5.546875
420.0 5.3515625
421.0 2.953125
422.0 8.03125
423.0 5.4375
424.0 5.640625
425.0 5.3828125
426.0 5.53125
427.0 5.4921875
428.0 5.4296875
429.0 4.6328125
430.0 6.1171875
431.0 5.46875
432.0 5.578125
433.0 5.2578125
434.0 5.3359375
435.0 5.3359375
436.0 5.171875
437.0 4.578125
438.0 6.078125
439.0 5.3828125
440.0 5.3125
441.0 5.3359375
442.0 5.28125
443.0 5.140625
444.0 5.1640625
445.0 4.8125
446.0 5.3984375
447.0 5.3515625
448.0 5.5625
449.0 5.46875
450.0 5.5859375
451.0 5.640625
452.0 5.453125
453.0 0.2890625
454.0 10.328125
455.0 5.546875
456.0 5.609375
457.0 2.671875
458.0 8.4609375
459.0 5.4921875
460.0 4.2734375
461.0 4.6875
462.0 5.546875
463.0 5.15625
464.0 5.4296875
465.0 5.4921875
466.0 5.6015625
467.0 5.2578125
468.0 5.421875
469.0 5.6640625
470.0 1.53125
471.0 9.609375
472.0 4.9765625
473.0 5.515625
474.0 5.671875
475.0 5.0546875
476.0 6.2109375
477.0 5.53125
478.0 5.6328125
479.0 5.609375
480.0 5.453125
481.0 5.5859375
482.0 5.765625
483.0 5.5234375
484.0 5.6015625
485.0 5.3515625
486.0 5.46875
487.0 5.4609375
488.0 4.3046875
489.0 6.7421875
490.0 5.3125
491.0 5.4296875
492.0 5.171875
493.0 5.078125
494.0 5.671875
495.0 5.34375
496.0 5.453125
497.0 5.40625
498.0 5.234375
499.0 5.3359375
500.0 5.3046875
501.0 5.453125
502.0 5.203125
503.0 5.3359375
504.0 5.515625
505.0 5.375
506.0 4.2421875
507.0 6.8828125
508.0 5.421875
509.0 5.84375
510.0 5.6171875
511.0 5.6796875
512.0 5.8125
513.0 5.671875
514.0 5.6484375
515.0 5.6953125
516.0 5.515625
517.0 5.734375
518.0 5.484375
519.0 5.609375
520.0 5.6484375
521.0 5.3984375
522.0 5.640625
523.0 5.578125
524.0 5.515625
525.0 5.640625
526.0 5.3671875
527.0 5.6015625
528.0 5.453125
529.0 5.453125
530.0 5.5625
531.0 5.5859375
532.0 5.3046875
533.0 5.1328125
534.0 5.3984375
535.0 4.484375
536.0 6.234375
537.0 5.3359375
538.0 5.40625
539.0 5.3125
540.0 5.3046875
541.0 2.5390625
542.0 8.0234375
543.0 5.3515625
544.0 5.125
545.0 4.4765625
546.0 6.1171875
547.0 5.4375
548.0 5.9609375
549.0 5.8828125
550.0 5.421875
551.0 5.5234375
552.0 5.203125
553.0 5.2265625
554.0 5.3984375
555.0 4.6015625
556.0 6.359375
557.0 5.421875
558.0 5.4921875
559.0 5.5859375
560.0 5.4296875
561.0 5.4296875
562.0 5.5234375
563.0 5.640625
564.0 5.7109375
565.0 5.4609375
566.0 5.4921875
567.0 5.703125
568.0 5.5
569.0 5.6640625
570.0 0.9921875
571.0 10.1015625
572.0 5.7578125
573.0 5.6171875
574.0 5.6484375
575.0 5.484375
576.0 5.4921875
577.0 5.5234375
578.0 5.7109375
579.0 4.7578125
580.0 6.5546875
581.0 5.6796875
582.0 5.421875
583.0 5.546875
584.0 5.6171875
585.0 5.3671875
586.0 5.53125
587.0 5.5546875
588.0 5.4921875
589.0 5.515625
590.0 5.3984375
591.0 5.234375
592.0 5.28125
593.0 2.96875
594.0 7.5390625
595.0 5.3515625
596.0 5.4375
597.0 5.5546875
598.0 1.921875
599.0 8.5390625
