0.0 5.6171875
1.0 3.9765625
2.0 6.0546875
3.0 5.25
4.0 3.1796875
5.0 4.8125
6.0 5.5625
7.0 5.0234375
8.0 5.546875
9.0 6.2734375
10.0 6.140625
11.0 6.421875
12.0 5.8203125
13.0 3.796875
14.0 1.5703125
15.0 9.15625
16.0 5.609375
17.0 5.8125
18.0 5.5859375
19.0 5.7890625
20.0 5.734375
21.0 6.0390625
22.0 1.671875
23.0 11.0
24.0 6.6796875
25.0 6.6875
26.0 6.5859375
27.0 6.1484375
28.0 6.2421875
29.0 5.734375
30.0 6.15625
31.0 4.359375
32.0 8.6015625
33.0 7.0390625
34.0 6.6640625
35.0 6.7734375
36.0 3.53125
37.0 5.421875
38.0 5.78125
39.0 5.890625
40.0 4.9296875
41.0 6.2421875
42.0 5.3515625
43.0 5.4375
44.0 1.7734375
45.0 8.109375
46.0 6.0546875
47.0 4.1796875
48.0 1.9375
49.0 6.0546875
50.0 4.203125
51.0 5.6796875
52.0 4.3828125
53.0 4.3203125
54.0 4.3515625
55.0 4.03125
56.0 5.6640625
57.0 4.3671875
58.0 4.6015625
59.0 5.6328125
60.0 3.96875
61.0 1.6875
62.0 0.0
63.0 7.9453125
64.0 3.7734375
65.0 4.0078125
66.0 5.109375
67.0 3.609375
68.0 0.0
69.0 9.0703125
70.0 3.921875
71.0 4.65625
72.0 4.7734375
73.0 5.3203125
74.0 5.734375
75.0 4.5078125
76.0 4.46875
77.0 4.3359375
78.0 4.4296875
79.0 5.140625
80.0 6.03125
81.0 3.4453125
82.0 4.3828125
83.0 5.109375
84.0 5.9375
85.0 3.265625
86.0 0.0
87.0 9.1015625
88.0 3.53125
89.0 3.4453125
90.0 0.5078125
91.0 7.90625
92.0 4.8046875
93.0 3.8046875
94.0 4.1875
95.0 2.09375
96.0 2.015625
97.0 4.3828125
98.0 4.3359375
99.0 4.0546875
100.0 4.4765625
101.0 4.3671875
102.0 3.0859375
103.0 5.53125
104.0 4.6875
105.0 2.640625
106.0 3.296875
107.0 4.1484375
108.0 1.7578125
109.0 6.09375
110.0 4.1484375
111.0 3.34375
112.0 4.7265625
113.0 4.296875
114.0 3.84375
115.0 3.890625
116.0 4.2421875
117.0 2.9296875
118.0 3.609375
119.0 3.4140625
120.0 4.3984375
121.0 4.0625
122.0 0.578125
123.0 8.40625
124.0 4.7421875
125.0 4.0703125
126.0 6.796875
127.0 3.625
128.0 4.4140625
129.0 3.5234375
130.0 3.875
131.0 3.671875
132.0 4.7109375
133.0 5.3984375
134.0 5.0390625
135.0 5.46875
136.0 5.3046875
137.0 5.21875
138.0 4.2109375
139.0 0.0
140.0 9.890625
141.0 4.1484375
142.0 4.5
143.0 3.328125
144.0 5.078125
145.0 5.0234375
146.0 4.4453125
147.0 4.5078125
148.0 4.6328125
149.0 5.3671875
150.0 1.296875
151.0 8.7890625
152.0 5.2890625
153.0 5.2890625
154.0 5.0078125
155.0 5.3515625
156.0 5.125
157.0 5.0859375
158.0 2.75
159.0 7.4921875
160.0 5.6484375
161.0 5.703125
162.0 5.9296875
163.0 5.453125
164.0 5.3984375
165.0 5.859375
166.0 6.265625
167.0 5.25
168.0 5.2890625
169.0 5.171875
170.0 5.78125
171.0 5.5859375
172.0 5.2578125
173.0 5.7265625
174.0 5.6015625
175.0 4.5
176.0 3.6171875
177.0 0.609375
178.0 8.6875
179.0 3.0546875
180.0 2.8515625
181.0 3.734375
182.0 4.328125
183.0 5.234375
184.0 4.0390625
185.0 4.21875
186.0 4.609375
187.0 3.9140625
188.0 4.71875
189.0 3.296875
190.0 0.0
191.0 8.8671875
192.0 4.7265625
193.0 3.4765625
194.0 2.5625
195.0 4.90625
196.0 4.0859375
197.0 4.0234375
198.0 5.640625
199.0 4.484375
200.0 4.3046875
201.0 4.90625
202.0 5.1328125
203.0 5.8125
204.0 4.7734375
205.0 4.296875
206.0 4.1484375
207.0 4.453125
208.0 4.6875
209.0 3.46875
210.0 4.1796875
211.0 4.4140625
212.0 5.234375
213.0 3.5625
214.0 4.4765625
215.0 5.078125
216.0 4.0859375
217.0 4.3984375
218.0 4.484375
219.0 4.6484375
220.0 4.8671875
221.0 4.7421875
222.0 6.0
223.0 4.46875
224.0 5.7109375
225.0 5.53125
226.0 5.734375
227.0 5.3125
228.0 5.96875
229.0 4.28125
230.0 5.5
231.0 5.1953125
232.0 5.4921875
233.0 5.7265625
234.0 4.6015625
235.0 4.1875
236.0 5.9609375
237.0 5.078125
238.0 6.2734375
239.0 5.25
240.0 6.3671875
241.0 4.7734375
242.0 0.7890625
243.0 9.625
244.0 5.90625
245.0 5.171875
246.0 4.3046875
247.0 0.6015625
248.0 8.5703125
249.0 4.1796875
250.0 4.8671875
251.0 5.5625
252.0 4.5703125
253.0 4.9921875
254.0 5.2578125
255.0 5.421875
256.0 3.890625
257.0 2.9296875
258.0 0.6640625
259.0 0.0
260.0 5.765625
261.0 4.6328125
262.0 4.03125
263.0 4.6328125
264.0 5.15625
265.0 5.3828125
266.0 5.6640625
267.0 6.234375
268.0 5.25
269.0 6.296875
270.0 6.0546875
271.0 5.78125
272.0 5.2265625
273.0 1.375
274.0 10.3125
275.0 6.6484375
276.0 5.7109375
277.0 4.890625
278.0 5.9765625
279.0 6.2578125
280.0 6.15625
281.0 5.6328125
282.0 6.140625
283.0 6.2265625
284.0 6.0078125
285.0 5.28125
286.0 5.0859375
287.0 5.3671875
288.0 5.15625
289.0 4.5703125
290.0 1.1484375
291.0 8.1796875
292.0 4.75
293.0 4.9765625
294.0 4.8984375
295.0 3.8828125
296.0 2.0703125
297.0 7.875
298.0 5.3125
299.0 5.15625
300.0 4.1328125
301.0 4.7734375
302.0 5.6796875
303.0 5.125
304.0 5.2734375
305.0 5.7890625
306.0 5.453125
307.0 5.9140625
308.0 5.7578125
309.0 2.390625
310.0 0.0
311.0 6.84375
312.0 3.640625
313.0 2.984375
314.0 3.5
315.0 3.7578125
316.0 0.3984375
317.0 9.359375
318.0 5.734375
319.0 5.96875
320.0 6.5703125
321.0 5.9375
322.0 5.890625
323.0 5.6171875
324.0 5.8125
325.0 5.2734375
326.0 5.1640625
327.0 5.1953125
328.0 5.0859375
329.0 5.5625
330.0 6.1484375
331.0 6.15625
332.0 5.9296875
333.0 3.4453125
334.0 7.796875
335.0 6.15625
336.0 6.515625
337.0 6.078125
338.0 6.140625
339.0 5.0390625
340.0 5.2265625
341.0 5.6640625
342.0 5.0234375
343.0 6.0
344.0 6.3203125
345.0 5.765625
346.0 6.0234375
347.0 5.7265625
348.0 3.9765625
349.0 5.046875
350.0 5.609375
351.0 5.3046875
352.0 5.875
353.0 6.390625
354.0 6.3203125
355.0 6.2421875
356.0 6.15625
357.0 6.484375
358.0 6.53125
359.0 6.328125
360.0 7.2109375
361.0 6.59375
362.0 7.0625
363.0 6.84375
364.0 7.25
365.0 6.8046875
366.0 5.515625
367.0 7.71875
368.0 7.21875
369.0 6.2890625
370.0 5.3828125
371.0 5.859375
372.0 6.6875
373.0 6.1796875
374.0 5.859375
375.0 6.3828125
376.0 6.625
377.0 6.5546875
378.0 6.5546875
379.0 6.53125
380.0 6.6796875
381.0 2.90625
382.0 9.984375
383.0 6.1484375
384.0 5.96875
385.0 6.5625
386.0 4.546875
387.0 4.4453125
388.0 5.5546875
389.0 4.578125
390.0 6.0078125
391.0 6.125
392.0 5.5625
393.0 6.03125
394.0 6.4453125
395.0 5.7578125
396.0 5.6171875
397.0 3.28125
398.0 8.6484375
399.0 6.7734375
400.0 7.1875
401.0 7.2734375
402.0 6.8984375
403.0 4.0625
404.0 9.359375
405.0 5.859375
406.0 6.09375
407.0 6.6484375
408.0 6.0859375
409.0 6.0078125
410.0 6.2421875
411.0 6.7421875
412.0 6.5546875
413.0 5.3515625
414.0 3.1484375
415.0 0.8359375
416.0 5.796875
417.0 3.546875
418.0 3.515625
419.0 3.6953125
420.0 4.71875
421.0 5.609375
422.0 6.3046875
423.0 4.9765625
424.0 4.2109375
425.0 4.1015625
426.0 5.2890625
427.0 6.0390625
428.0 6.5390625
429.0 6.0625
430.0 6.15625
431.0 6.5703125
432.0 6.75
433.0 6.8125
434.0 2.78125
435.0 9.09375
436.0 4.90625
437.0 5.9375
438.0 5.5234375
439.0 0.5078125
440.0 10.1484375
441.0 5.4609375
442.0 5.578125
443.0 5.7578125
444.0 6.1171875
445.0 5.9375
446.0 5.6328125
447.0 5.53125
448.0 5.546875
449.0 5.5
450.0 6.2578125
451.0 3.7890625
452.0 5.8125
453.0 6.484375
454.0 6.453125
455.0 5.6953125
456.0 6.2734375
457.0 3.6953125
458.0 8.5078125
459.0 5.6953125
460.0 5.7890625
461.0 7.2265625
462.0 7.6875
463.0 7.1953125
464.0 7.734375
465.0 6.9921875
466.0 6.4765625
467.0 6.359375
468.0 6.6484375
469.0 6.421875
470.0 7.109375
471.0 7.1015625
472.0 7.3984375
473.0 7.03125
474.0 7.2890625
475.0 6.8671875
476.0 6.765625
477.0 6.46875
478.0 6.4453125
479.0 6.9609375
480.0 6.8359375
481.0 6.984375
482.0 4.8046875
483.0 9.296875
484.0 5.28125
485.0 6.9609375
486.0 4.609375
487.0 9.21875
488.0 7.0390625
489.0 7.1015625
490.0 7.25
491.0 7.0390625
492.0 7.4296875
493.0 7.2421875
494.0 7.3125
495.0 7.21875
496.0 7.3125
497.0 6.921875
498.0 6.7734375
499.0 6.8828125
500.0 6.9140625
501.0 7.2421875
502.0 7.125
503.0 6.171875
504.0 6.78125
505.0 6.796875
506.0 7.015625
507.0 7.3203125
508.0 6.8671875
509.0 6.6328125
510.0 7.0390625
511.0 6.8828125
512.0 6.46875
513.0 6.7734375
514.0 1.40625
515.0 10.765625
516.0 5.640625
517.0 5.7890625
518.0 2.75
519.0 7.359375
520.0 6.265625
521.0 5.9609375
522.0 5.609375
523.0 6.390625
524.0 6.5859375
525.0 6.5546875
526.0 6.1171875
527.0 5.75
528.0 5.75
529.0 5.5234375
530.0 6.4375
531.0 4.8984375
532.0 8.6484375
533.0 6.9765625
534.0 7.125
535.0 5.96875
536.0 5.578125
537.0 8.5
538.0 7.15625
539.0 6.453125
540.0 6.3671875
541.0 6.859375
542.0 6.6171875
543.0 6.4375
544.0 6.859375
545.0 6.5390625
546.0 6.3828125
547.0 6.6875
548.0 7.453125
549.0 7.40625
550.0 7.515625
551.0 7.84375
552.0 7.8828125
553.0 7.0703125
554.0 6.65625
555.0 7.5078125
556.0 7.40625
557.0 6.6875
558.0 6.265625
559.0 3.4296875
560.0 9.8125
561.0 6.2265625
562.0 6.5
563.0 6.8984375
564.0 5.671875
565.0 5.4609375
566.0 6.171875
567.0 5.34375
568.0 4.84375
569.0 3.1953125
570.0 2.6328125
571.0 2.375
572.0 2.640625
573.0 4.265625
574.0 6.03125
575.0 6.328125
576.0 5.6484375
577.0 7.3203125
578.0 6.7734375
579.0 6.234375
580.0 7.0078125
581.0 7.109375
582.0 6.8046875
583.0 7.1015625
584.0 7.0625
585.0 7.109375
586.0 6.8671875
587.0 6.71875
588.0 6.6015625
589.0 6.15625
590.0 2.6953125
591.0 8.6171875
592.0 6.265625
593.0 5.9296875
594.0 3.7421875
595.0 4.15625
596.0 5.6796875
597.0 5.0390625
598.0 5.171875
599.0 6.359375
