0.0 2.8515625
1.0 3.765625
2.0 3.1328125
3.0 3.4296875
4.0 3.6484375
5.0 3.5
6.0 4.0546875
7.0 3.515625
8.0 3.703125
9.0 2.3046875
10.0 1.734375
11.0 0.0
12.0 3.7890625
13.0 4.6640625
14.0 2.015625
15.0 2.4921875
16.0 2.421875
17.0 0.015625
18.0 4.84375
19.0 2.1796875
20.0 2.046875
21.0 2.609375
22.0 3.2890625
23.0 3.1640625
24.0 3.1328125
25.0 3.46875
26.0 4.0625
27.0 4.0546875
28.0 3.890625
29.0 3.890625
30.0 3.515625
31.0 3.953125
32.0 0.0
33.0 8.4453125
34.0 4.0859375
35.0 3.8828125
36.0 2.265625
37.0 0.0
38.0 7.9140625
39.0 2.25
40.0 5.9453125
41.0 1.8359375
42.0 2.1875
43.0 2.2421875
44.0 2.984375
45.0 4.03125
46.0 4.15625
47.0 4.03125
48.0 4.21875
49.0 4.0703125
50.0 4.3515625
51.0 4.3203125
52.0 4.390625
53.0 4.3359375
54.0 3.765625
55.0 1.5
56.0 6.5625
57.0 3.9375
58.0 4.328125
59.0 4.0703125
60.0 4.2734375
61.0 4.0
62.0 1.375
63.0 3.46875
64.0 7.15625
65.0 4.0390625
66.0 3.9765625
67.0 4.1328125
68.0 4.0390625
69.0 1.0234375
70.0 7.3671875
71.0 4.2734375
72.0 4.5625
73.0 4.5
74.0 3.859375
75.0 4.2734375
76.0 4.5078125
77.0 4.890625
78.0 4.171875
79.0 4.6484375
80.0 3.046875
81.0 5.6953125
82.0 4.453125
83.0 3.7734375
84.0 4.0234375
85.0 4.3359375
86.0 4.46875
87.0 4.125
88.0 4.1171875
89.0 4.3203125
90.0 4.1171875
91.0 4.09375
92.0 3.9921875
93.0 4.1796875
94.0 3.640625
95.0 2.265625
96.0 0.0
97.0 6.9453125
98.0 3.8046875
99.0 3.953125
100.0 4.0703125
101.0 1.6875
102.0 7.1875
103.0 4.15625
104.0 3.734375
105.0 3.640625
106.0 4.0625
107.0 4.203125
108.0 4.125
109.0 3.9375
110.0 3.921875
111.0 3.828125
112.0 4.0859375
113.0 4.2109375
114.0 3.015625
115.0 5.6328125
116.0 4.4296875
117.0 4.21875
118.0 4.3515625
119.0 4.328125
120.0 4.421875
121.0 1.53125
122.0 0.0
123.0 0.1328125
124.0 7.9921875
125.0 3.828125
126.0 3.9765625
127.0 4.265625
128.0 4.265625
129.0 4.1796875
130.0 3.4453125
131.0 1.640625
132.0 0.90625
133.0 1.5
134.0 1.4453125
135.0 3.671875
136.0 4.1015625
137.0 1.34375
138.0 3.4609375
139.0 7.25
140.0 3.1953125
141.0 0.8671875
142.0 0.0
143.0 0.0
144.0 4.5703125
145.0 1.140625
146.0 3.3125
147.0 3.9140625
148.0 3.4921875
149.0 1.6875
150.0 1.765625
151.0 4.2421875
152.0 4.3984375
153.0 3.921875
154.0 4.09375
155.0 4.2734375
156.0 4.0546875
157.0 0.8984375
158.0 5.9921875
159.0 3.1953125
160.0 2.8515625
161.0 1.8671875
162.0 4.9609375
163.0 4.1484375
164.0 2.453125
165.0 2.359375
166.0 5.375
167.0 3.0703125
168.0 3.3515625
169.0 3.140625
170.0 3.3203125
171.0 3.3203125
172.0 3.5234375
173.0 3.4609375
174.0 3.5234375
175.0 4.0
176.0 3.5859375
177.0 0.8125
178.0 6.2734375
179.0 3.7265625
180.0 4.0703125
181.0 4.0390625
182.0 4.0
183.0 4.1328125
184.0 4.203125
185.0 4.09375
186.0 3.9765625
187.0 4.0859375
188.0 2.59375
189.0 5.8515625
190.0 4.3828125
191.0 4.3671875
192.0 3.9765625
193.0 1.0859375
194.0 7.140625
195.0 3.9765625
196.0 3.9140625
197.0 4.0703125
198.0 4.1328125
199.0 4.1015625
200.0 4.265625
201.0 4.3046875
202.0 4.2109375
203.0 3.5234375
204.0 4.0078125
205.0 4.0
206.0 3.8515625
207.0 4.2421875
208.0 4.3046875
209.0 4.25
210.0 4.3671875
211.0 4.21875
212.0 3.9765625
213.0 3.828125
214.0 4.09375
215.0 4.0
216.0 3.5625
217.0 0.0
218.0 7.8515625
219.0 4.25
220.0 3.9375
221.0 4.03125
222.0 4.125
223.0 4.1015625
224.0 3.8828125
225.0 4.0859375
226.0 2.3125
227.0 5.40625
228.0 4.125
229.0 4.1171875
230.0 4.1015625
231.0 4.3984375
232.0 4.125
233.0 4.21875
234.0 4.234375
235.0 4.15625
236.0 3.7109375
237.0 3.8203125
238.0 3.6953125
239.0 3.9140625
240.0 3.9453125
241.0 0.2109375
242.0 7.6328125
243.0 3.890625
244.0 3.7265625
245.0 3.859375
246.0 3.8203125
247.0 3.84375
248.0 0.078125
249.0 7.5703125
250.0 3.9453125
251.0 3.609375
252.0 3.5234375
253.0 3.5234375
254.0 3.5234375
255.0 4.1484375
256.0 3.921875
257.0 3.4609375
258.0 3.46875
259.0 3.328125
260.0 0.0
261.0 7.5390625
262.0 3.609375
263.0 3.4453125
264.0 3.65625
265.0 3.578125
266.0 3.671875
267.0 3.640625
268.0 3.1640625
269.0 3.296875
270.0 3.3125
271.0 3.4140625
272.0 3.4140625
273.0 1.34375
274.0 5.6015625
275.0 3.671875
276.0 3.640625
277.0 3.4609375
278.0 3.5546875
279.0 3.375
280.0 1.6171875
281.0 5.0859375
282.0 3.7890625
283.0 2.984375
284.0 4.265625
285.0 3.640625
286.0 3.59375
287.0 3.65625
288.0 3.859375
289.0 3.59375
290.0 3.3671875
291.0 3.296875
292.0 3.203125
293.0 3.65625
294.0 3.7109375
295.0 3.5546875
296.0 3.5859375
297.0 3.2578125
298.0 0.0
299.0 6.7421875
300.0 4.1015625
301.0 2.2421875
302.0 4.4765625
303.0 3.5859375
304.0 3.625
305.0 3.6484375
306.0 3.9453125
307.0 3.703125
308.0 3.5234375
309.0 3.640625
310.0 3.5625
311.0 2.7578125
312.0 4.4453125
313.0 3.671875
314.0 3.8203125
315.0 3.7109375
316.0 3.609375
317.0 3.6484375
318.0 3.671875
319.0 3.515625
320.0 3.3828125
321.0 3.3203125
322.0 3.3203125
323.0 3.5
324.0 3.2890625
325.0 3.734375
326.0 4.0078125
327.0 1.0625
328.0 6.8359375
329.0 3.9140625
330.0 3.859375
331.0 3.6796875
332.0 3.8046875
333.0 0.1640625
334.0 7.1875
335.0 3.7109375
336.0 3.6171875
337.0 0.90625
338.0 6.3359375
339.0 3.40625
340.0 3.2265625
341.0 3.25
342.0 3.5
343.0 3.6171875
344.0 3.609375
345.0 3.2265625
346.0 3.4375
347.0 3.0234375
348.0 3.4140625
349.0 3.7109375
350.0 3.5625
351.0 0.84375
352.0 6.2890625
353.0 3.4765625
354.0 3.609375
355.0 3.640625
356.0 2.8046875
357.0 4.625
358.0 3.875
359.0 3.625
360.0 3.53125
361.0 3.1953125
362.0 3.375
363.0 3.6171875
364.0 3.4453125
365.0 3.5234375
366.0 3.5546875
367.0 3.625
368.0 3.6484375
369.0 0.984375
370.0 6.4140625
371.0 3.65625
372.0 3.734375
373.0 3.7109375
374.0 3.4296875
375.0 3.203125
376.0 3.0
377.0 0.78125
378.0 5.7890625
379.0 3.3203125
380.0 3.515625
381.0 3.3203125
382.0 3.6171875
383.0 2.9375
384.0 3.3203125
385.0 3.3671875
386.0 3.53125
387.0 3.515625
388.0 2.78125
389.0 0.9609375
390.0 1.8359375
391.0 1.1640625
392.0 0.0
393.0 6.328125
394.0 3.5
395.0 3.2265625
396.0 3.375
397.0 3.4140625
398.0 3.28125
399.0 2.953125
400.0 3.1796875
401.0 3.3203125
402.0 3.4453125
403.0 3.515625
404.0 3.328125
405.0 0.6640625
406.0 6.4140625
407.0 3.7578125
408.0 4.1328125
409.0 4.328125
410.0 4.0
411.0 3.625
412.0 1.640625
413.0 5.75
414.0 3.4296875
415.0 3.7109375
416.0 3.875
417.0 3.3828125
418.0 3.171875
419.0 3.7578125
420.0 2.890625
421.0 3.171875
422.0 3.0
423.0 3.4765625
424.0 3.7109375
425.0 3.5546875
426.0 3.3828125
427.0 0.0
428.0 7.7265625
429.0 3.5234375
430.0 3.34375
431.0 3.5234375
432.0 1.5078125
433.0 4.46875
434.0 2.7421875
435.0 1.671875
436.0 1.8046875
437.0 3.25
438.0 3.46875
439.0 3.546875
440.0 3.640625
441.0 2.59375
442.0 4.921875
443.0 3.84375
444.0 3.8515625
445.0 3.828125
446.0 3.734375
447.0 3.609375
448.0 3.7734375
449.0 3.6953125
450.0 4.0078125
451.0 3.5
452.0 3.734375
453.0 3.796875
454.0 3.8203125
455.0 3.4296875
456.0 0.0
457.0 8.2265625
458.0 3.53125
459.0 3.6953125
460.0 3.8203125
461.0 3.640625
462.0 0.2734375
463.0 7.3359375
464.0 3.9765625
465.0 1.015625
466.0 6.3359375
467.0 3.875
468.0 3.796875
469.0 3.828125
470.0 3.9921875
471.0 0.984375
472.0 6.296875
473.0 3.0859375
474.0 2.8203125
475.0 3.4140625
476.0 3.328125
477.0 3.3984375
478.0 3.328125
479.0 3.3515625
480.0 3.296875
481.0 3.7109375
482.0 4.1875
483.0 4.2734375
484.0 4.0234375
485.0 3.140625
486.0 0.15625
487.0 0.0
488.0 0.0
489.0 0.0
490.0 7.09375
491.0 3.4296875
492.0 3.5859375
493.0 0.578125
494.0 6.3828125
495.0 3.6171875
496.0 3.609375
497.0 3.34375
498.0 3.7265625
499.0 3.4296875
500.0 3.6484375
501.0 3.625
502.0 3.7421875
503.0 3.109375
504.0 2.8515625
505.0 3.6796875
506.0 3.65625
507.0 1.328125
508.0 5.484375
509.0 3.703125
510.0 3.6484375
511.0 3.40625
512.0 3.4375
513.0 3.4453125
514.0 3.1484375
515.0 2.7578125
516.0 0.4921875
517.0 5.671875
518.0 3.4765625
519.0 3.59375
520.0 3.34375
521.0 3.40625
522.0 3.6171875
523.0 3.40625
524.0 3.7578125
525.0 3.734375
526.0 3.3671875
527.0 1.3203125
528.0 0.03125
529.0 7.0390625
530.0 1.3203125
531.0 5.7109375
532.0 3.6796875
533.0 3.4609375
534.0 3.4609375
535.0 3.515625
536.0 3.203125
537.0 3.1953125
538.0 2.78125
539.0 2.8671875
540.0 2.7421875
541.0 2.875
542.0 3.5234375
543.0 3.203125
544.0 3.671875
545.0 2.9375
546.0 0.09375
547.0 0.0
548.0 5.890625
549.0 1.5078125
550.0 1.9375
551.0 1.984375
552.0 0.0625
553.0 0.1953125
554.0 5.7890625
555.0 1.6796875
556.0 1.734375
557.0 2.7421875
558.0 2.75
559.0 2.9296875
560.0 1.09375
561.0 1.4921875
562.0 1.5
563.0 1.609375
564.0 1.640625
565.0 0.90625
566.0 0.0
567.0 0.0
568.0 4.7578125
569.0 1.3515625
570.0 1.375
571.0 2.4609375
572.0 2.046875
573.0 2.421875
574.0 2.1640625
575.0 1.8984375
576.0 1.7734375
577.0 0.8671875
578.0 0.0
579.0 0.0
580.0 2.9921875
581.0 0.0
582.0 0.0
583.0 3.7578125
584.0 0.28125
585.0 0.0
586.0 0.0
587.0 0.0
588.0 0.0
589.0 0.0
590.0 0.0
591.0 0.0
592.0 0.0
593.0 0.0
594.0 3.3984375
595.0 0.3046875
596.0 0.640625
597.0 0.6015625
598.0 0.2890625
599.0 0.6171875
