0.0 4.7421875
1.0 4.890625
2.0 4.7734375
3.0 4.5703125
4.0 2.9921875
5.0 6.5
6.0 4.828125
7.0 4.890625
8.0 4.59375
9.0 4.625
10.0 4.71875
11.0 4.890625
12.0 4.6875
13.0 4.8125
14.0 4.6484375
15.0 5.109375
16.0 4.90625
17.0 4.90625
18.0 4.984375
19.0 5.0546875
20.0 2.015625
21.0 7.703125
22.0 4.984375
23.0 5.125
24.0 3.6171875
25.0 6.4453125
26.0 4.59375
27.0 4.421875
28.0 5.140625
29.0 5.078125
30.0 4.9921875
31.0 4.9296875
32.0 4.828125
33.0 4.984375
34.0 4.90625
35.0 4.921875
36.0 4.875
37.0 4.7734375
38.0 4.6875
39.0 4.90625
40.0 4.65625
41.0 4.3984375
42.0 4.6640625
43.0 4.7421875
44.0 3.875
45.0 1.65625
46.0 7.109375
47.0 4.46875
48.0 4.5390625
49.0 4.4453125
50.0 4.3828125
51.0 4.2734375
52.0 4.1796875
53.0 4.1015625
54.0 4.0390625
55.0 4.9453125
56.0 4.515625
57.0 4.4453125
58.0 4.4296875
59.0 4.59375
60.0 4.609375
61.0 4.3984375
62.0 4.3515625
63.0 4.5390625
64.0 4.6015625
65.0 4.90625
66.0 4.828125
67.0 4.6953125
68.0 2.4765625
69.0 6.8828125
70.0 4.8046875
71.0 4.796875
72.0 4.6875
73.0 4.609375
74.0 0.6328125
75.0 9.1015625
76.0 5.125
77.0 5.015625
78.0 4.890625
79.0 4.890625
80.0 4.71875
81.0 4.953125
82.0 4.9921875
83.0 4.9609375
84.0 5.015625
85.0 5.0234375
86.0 4.9609375
87.0 0.6171875
88.0 9.046875
89.0 4.65625
90.0 4.484375
91.0 4.6640625
92.0 4.5390625
93.0 1.46875
94.0 7.9375
95.0 4.1796875
96.0 4.3828125
97.0 4.296875
98.0 4.4765625
99.0 4.5625
100.0 4.6015625
101.0 4.6953125
102.0 4.71875
103.0 4.796875
104.0 4.234375
105.0 2.7265625
106.0 5.9609375
107.0 4.4765625
108.0 3.6953125
109.0 5.515625
110.0 4.3359375
111.0 3.515625
112.0 5.46875
113.0 4.6484375
114.0 4.6875
115.0 4.484375
116.0 4.796875
117.0 4.5
118.0 4.2421875
119.0 4.46875
120.0 4.5078125
121.0 4.4140625
122.0 4.515625
123.0 4.609375
124.0 4.71875
125.0 4.8984375
126.0 4.8984375
127.0 4.6875
128.0 4.8125
129.0 4.46875
130.0 4.3203125
131.0 4.421875
132.0 4.46875
133.0 4.890625
134.0 4.875
135.0 4.890625
136.0 4.8046875
137.0 4.7578125
138.0 4.890625
139.0 4.90625
140.0 4.8046875
141.0 4.78125
142.0 4.6640625
143.0 4.859375
144.0 5.0078125
145.0 5.0546875
146.0 4.9609375
147.0 5.15625
148.0 0.4296875
149.0 8.234375
150.0 6.0546875
151.0 4.4453125
152.0 4.8046875
153.0 4.8671875
154.0 4.9296875
155.0 4.9609375
156.0 4.7109375
157.0 4.921875
158.0 4.6015625
159.0 4.65625
160.0 4.5625
161.0 4.8984375
162.0 4.53125
163.0 4.4453125
164.0 0.0
165.0 9.75
166.0 4.53125
167.0 4.453125
168.0 4.25
169.0 2.5703125
170.0 5.8515625
171.0 4.796875
172.0 4.6875
173.0 4.5078125
174.0 4.578125
175.0 4.8125
176.0 4.265625
177.0 4.296875
178.0 4.5390625
179.0 4.53125
180.0 4.5625
181.0 4.3828125
182.0 1.0546875
183.0 7.9140625
184.0 4.6640625
185.0 4.6796875
186.0 4.5
187.0 4.2109375
188.0 4.90625
189.0 3.5625
190.0 0.0
191.0 8.5703125
192.0 4.546875
193.0 4.5703125
194.0 4.515625
195.0 4.7734375
196.0 4.6875
197.0 4.84375
198.0 4.890625
199.0 5.140625
200.0 4.984375
201.0 4.796875
202.0 4.6015625
203.0 1.1953125
204.0 8.46875
205.0 4.6796875
206.0 4.453125
207.0 5.078125
208.0 4.859375
209.0 5.015625
210.0 2.234375
211.0 7.5546875
212.0 4.953125
213.0 5.1640625
214.0 5.0859375
215.0 5.25
216.0 5.0703125
217.0 5.15625
218.0 5.078125
219.0 4.984375
220.0 4.9296875
221.0 4.828125
222.0 4.828125
223.0 2.34375
224.0 7.765625
225.0 4.953125
226.0 4.90625
227.0 4.953125
228.0 5.203125
229.0 3.5859375
230.0 6.859375
231.0 4.9921875
232.0 4.75
233.0 4.921875
234.0 4.8984375
235.0 4.890625
236.0 4.90625
237.0 4.984375
238.0 5.1328125
239.0 4.9296875
240.0 5.0390625
241.0 4.9296875
242.0 4.8046875
243.0 4.8984375
244.0 4.90625
245.0 4.90625
246.0 4.796875
247.0 4.828125
248.0 4.84375
249.0 4.8046875
250.0 4.8984375
251.0 4.75
252.0 4.828125
253.0 4.7734375
254.0 4.8984375
255.0 4.7734375
256.0 4.8125
257.0 4.625
258.0 4.484375
259.0 4.484375
260.0 4.59375
261.0 4.5703125
262.0 4.59375
263.0 4.59375
264.0 4.59375
265.0 4.78125
266.0 4.453125
267.0 4.234375
268.0 4.1171875
269.0 4.484375
270.0 4.53125
271.0 4.421875
272.0 4.78125
273.0 4.7578125
274.0 4.7734375
275.0 4.78125
276.0 4.7421875
277.0 4.90625
278.0 4.9609375
279.0 5.0234375
280.0 5.109375
281.0 4.8046875
282.0 4.9765625
283.0 4.8046875
284.0 4.546875
285.0 5.3828125
286.0 5.1640625
287.0 4.90625
288.0 4.90625
289.0 5.109375
290.0 5.1015625
291.0 5.125
292.0 5.203125
293.0 5.140625
294.0 5.3203125
295.0 5.140625
296.0 5.15625
297.0 5.21875
298.0 5.3046875
299.0 5.2578125
300.0 5.3671875
301.0 5.171875
302.0 5.1953125
303.0 5.1640625
304.0 5.1015625
305.0 5.0234375
306.0 2.265625
307.0 8.171875
308.0 5.2578125
309.0 5.0234375
310.0 5.2265625
311.0 4.90625
312.0 2.8671875
313.0 7.0078125
314.0 5.1015625
315.0 4.953125
316.0 5.0859375
317.0 5.109375
318.0 4.953125
319.0 5.3359375
320.0 5.0234375
321.0 5.046875
322.0 4.9765625
323.0 4.84375
324.0 4.921875
325.0 4.7109375
326.0 0.2578125
327.0 9.296875
328.0 4.8046875
329.0 4.5078125
330.0 3.84375
331.0 0.484375
332.0 9.1171875
333.0 4.7109375
334.0 4.890625
335.0 4.90625
336.0 4.953125
337.0 4.7734375
338.0 4.796875
339.0 4.84375
340.0 4.875
341.0 5.0546875
342.0 4.8671875
343.0 4.1328125
344.0 5.734375
345.0 5.1015625
346.0 4.796875
347.0 5.125
348.0 5.1015625
349.0 5.203125
350.0 0.34375
351.0 9.921875
352.0 5.234375
353.0 5.1328125
354.0 4.9765625
355.0 4.8984375
356.0 4.7421875
357.0 4.3828125
358.0 4.984375
359.0 3.7421875
360.0 6.0546875
361.0 4.6875
362.0 5.0859375
363.0 4.8984375
364.0 2.953125
365.0 2.375
366.0 2.046875
367.0 4.0703125
368.0 4.6015625
369.0 4.0
370.0 0.0625
371.0 4.6953125
372.0 1.8046875
373.0 0.0
374.0 2.5078125
375.0 4.234375
376.0 5.140625
377.0 4.796875
378.0 4.6796875
379.0 4.78125
380.0 4.6015625
381.0 1.328125
382.0 5.6484375
383.0 7.2109375
384.0 4.4296875
385.0 4.7421875
386.0 5.109375
387.0 4.8671875
388.0 4.875
389.0 4.625
390.0 4.578125
391.0 4.1328125
392.0 4.0859375
393.0 4.6328125
394.0 4.5625
395.0 4.328125
396.0 4.5703125
397.0 4.71875
398.0 4.8671875
399.0 4.7421875
400.0 5.015625
401.0 4.890625
402.0 4.6953125
403.0 3.375
404.0 5.875
405.0 4.9921875
406.0 5.0546875
407.0 4.828125
408.0 4.9765625
409.0 4.8046875
410.0 5.171875
411.0 4.921875
412.0 4.859375
413.0 4.9609375
414.0 5.3671875
415.0 5.0859375
416.0 2.328125
417.0 8.0234375
418.0 5.234375
419.0 5.140625
420.0 5.1328125
421.0 3.671875
422.0 6.390625
423.0 5.2265625
424.0 4.8359375
425.0 4.859375
426.0 4.890625
427.0 4.7734375
428.0 4.953125
429.0 4.8046875
430.0 4.9609375
431.0 5.0078125
432.0 3.8203125
433.0 4.921875
434.0 4.828125
435.0 1.0546875
436.0 8.5625
437.0 4.921875
438.0 4.90625
439.0 4.3046875
440.0 5.765625
441.0 4.6875
442.0 4.59375
443.0 3.7421875
444.0 4.7578125
445.0 4.7734375
446.0 4.7734375
447.0 4.71875
448.0 4.6875
449.0 4.890625
450.0 4.578125
451.0 4.09375
452.0 3.21875
453.0 0.0
454.0 7.9609375
455.0 4.859375
456.0 4.6875
457.0 4.609375
458.0 4.7265625
459.0 4.5625
460.0 4.6875
461.0 4.6953125
462.0 4.6328125
463.0 4.6796875
464.0 4.7734375
465.0 4.7421875
466.0 0.0
467.0 9.59375
468.0 4.7734375
469.0 5.0234375
470.0 5.125
471.0 4.6015625
472.0 0.4296875
473.0 9.34375
474.0 4.953125
475.0 5.0078125
476.0 5.0390625
477.0 5.15625
478.0 5.2265625
479.0 4.7734375
480.0 5.140625
481.0 5.1953125
482.0 4.9765625
483.0 5.0390625
484.0 5.0703125
485.0 0.28125
486.0 10.0234375
487.0 4.984375
488.0 4.984375
489.0 5.1015625
490.0 0.421875
491.0 9.890625
492.0 5.421875
493.0 5.234375
494.0 5.15625
495.0 5.25
496.0 4.7578125
497.0 4.7265625
498.0 4.09375
499.0 5.0546875
500.0 4.46875
501.0 2.2734375
502.0 3.0546875
503.0 5.015625
504.0 5.015625
505.0 5.015625
506.0 5.171875
507.0 5.3203125
508.0 5.3203125
509.0 5.375
510.0 5.2265625
511.0 5.3828125
512.0 5.0078125
513.0 5.1640625
514.0 5.2890625
515.0 4.9609375
516.0 5.15625
517.0 4.8125
518.0 4.953125
519.0 5.2734375
520.0 5.1953125
521.0 4.9609375
522.0 4.6015625
523.0 4.78125
524.0 2.625
525.0 6.5
526.0 4.890625
527.0 5.1328125
528.0 4.7265625
529.0 4.7734375
530.0 4.6875
531.0 4.921875
532.0 4.6875
533.0 4.7734375
534.0 4.8359375
535.0 5.078125
536.0 5.078125
537.0 4.921875
538.0 4.53125
539.0 4.796875
540.0 4.875
541.0 5.0234375
542.0 5.140625
543.0 4.609375
544.0 4.4765625
545.0 4.71875
546.0 4.890625
547.0 5.0390625
548.0 5.046875
549.0 4.875
550.0 4.59375
551.0 4.75
552.0 3.9921875
553.0 4.546875
554.0 4.265625
555.0 4.25
556.0 4.4765625
557.0 4.09375
558.0 3.9375
559.0 3.2890625
560.0 5.078125
561.0 4.1015625
562.0 4.4765625
563.0 4.3515625
564.0 4.515625
565.0 4.296875
566.0 4.6953125
567.0 4.890625
568.0 4.8671875
569.0 4.7578125
570.0 4.53125
571.0 4.3359375
572.0 2.6875
573.0 1.859375
574.0 8.7890625
575.0 4.6875
576.0 3.109375
577.0 5.34375
578.0 4.453125
579.0 4.53125
580.0 4.5703125
581.0 4.875
582.0 4.7265625
583.0 4.7265625
584.0 4.6953125
585.0 4.6640625
586.0 4.9453125
587.0 4.90625
588.0 4.9609375
589.0 4.921875
590.0 2.9609375
591.0 6.8359375
592.0 4.9921875
593.0 5.1640625
594.0 5.125
595.0 4.796875
596.0 1.203125
597.0 7.9921875
598.0 4.625
599.0 4.7734375
