0.0 0.8671875
1.0 10.5546875
2.0 5.7265625
3.0 5.734375
4.0 5.5859375
5.0 5.609375
6.0 5.5
7.0 5.4296875
8.0 5.3046875
9.0 5.4296875
10.0 5.40625
11.0 5.4375
12.0 5.2578125
13.0 4.5078125
14.0 6.296875
15.0 5.3046875
16.0 5.3203125
17.0 5.3671875
18.0 5.375
19.0 5.453125
20.0 5.4296875
21.0 5.515625
22.0 5.4609375
23.0 5.203125
24.0 5.2890625
25.0 5.25
26.0 4.3984375
27.0 5.5625
28.0 5.0078125
29.0 5.3515625
30.0 5.234375
31.0 5.2734375
32.0 4.59375
33.0 0.734375
34.0 9.3984375
35.0 5.234375
36.0 5.3359375
37.0 5.4609375
38.0 5.3359375
39.0 5.28125
40.0 5.375
41.0 5.3515625
42.0 5.046875
43.0 4.8671875
44.0 5.4609375
45.0 5.6171875
46.0 1.2109375
47.0 9.5703125
48.0 5.34375
49.0 5.28125
50.0 5.3203125
51.0 5.4609375
52.0 5.6328125
53.0 5.5
54.0 5.6015625
55.0 5.375
56.0 5.671875
57.0 5.515625
58.0 5.4921875
59.0 5.6015625
60.0 1.296875
61.0 9.640625
62.0 5.5625
63.0 5.53125
64.0 5.546875
65.0 5.515625
66.0 5.421875
67.0 5.5546875
68.0 5.453125
69.0 5.421875
70.0 5.546875
71.0 5.15625
72.0 5.1953125
73.0 5.15625
74.0 4.9921875
75.0 5.3203125
76.0 5.34375
77.0 4.4296875
78.0 6.390625
79.0 5.1953125
80.0 5.484375
81.0 5.40625
82.0 5.4375
83.0 5.5625
84.0 5.4375
85.0 5.46875
86.0 5.5
87.0 5.5546875
88.0 5.515625
89.0 5.4609375
90.0 5.421875
91.0 5.671875
92.0 5.1328125
93.0 5.5625
94.0 5.578125
95.0 5.1953125
96.0 5.765625
97.0 5.46875
98.0 5.4921875
99.0 5.5
100.0 5.4609375
101.0 0.8515625
102.0 10.3203125
103.0 5.3046875
104.0 5.25
105.0 5.515625
106.0 5.4609375
107.0 5.5
108.0 5.375
109.0 5.3828125
110.0 5.453125
111.0 5.2265625
112.0 5.40625
113.0 4.984375
114.0 0.671875
115.0 10.0859375
116.0 5.3515625
117.0 5.4296875
118.0 5.3671875
119.0 5.15625
120.0 1.3828125
121.0 9.015625
122.0 5.1015625
123.0 5.1328125
124.0 5.125
125.0 5.0703125
126.0 5.1015625
127.0 5.0390625
128.0 5.15625
129.0 5.28125
130.0 5.203125
131.0 5.0390625
132.0 4.484375
133.0 5.3125
134.0 5.1953125
135.0 5.125
136.0 5.078125
137.0 5.234375
138.0 5.0859375
139.0 5.140625
140.0 4.265625
141.0 6.3046875
142.0 5.3359375
143.0 5.4296875
144.0 5.4375
145.0 5.5
146.0 5.515625
147.0 3.171875
148.0 7.9375
149.0 5.765625
150.0 5.640625
151.0 5.6171875
152.0 5.6484375
153.0 5.84375
154.0 5.6484375
155.0 5.3515625
156.0 5.53125
157.0 5.5859375
158.0 5.5859375
159.0 5.6484375
160.0 5.6953125
161.0 5.6953125
162.0 5.40625
163.0 5.5234375
164.0 5.453125
165.0 5.484375
166.0 5.3984375
167.0 5.5
168.0 0.4609375
169.0 10.4296875
170.0 5.484375
171.0 5.5
172.0 5.421875
173.0 1.953125
174.0 9.03125
175.0 5.3125
176.0 5.421875
177.0 5.53125
178.0 5.3125
179.0 5.3828125
180.0 5.109375
181.0 5.2265625
182.0 5.1640625
183.0 5.1953125
184.0 5.375
185.0 5.3125
186.0 5.0390625
187.0 5.1015625
188.0 5.0703125
189.0 5.46875
190.0 5.2890625
191.0 5.40625
192.0 5.3515625
193.0 1.8359375
194.0 9.078125
195.0 5.3359375
196.0 5.453125
197.0 5.375
198.0 5.4296875
199.0 5.515625
200.0 5.421875
201.0 5.3984375
202.0 5.484375
203.0 5.421875
204.0 5.25
205.0 5.4375
206.0 5.3828125
207.0 5.4609375
208.0 5.453125
209.0 4.125
210.0 6.9609375
211.0 5.453125
212.0 5.3671875
213.0 5.421875
214.0 5.4609375
215.0 5.40625
216.0 5.515625
217.0 5.2890625
218.0 5.3515625
219.0 5.34375
220.0 5.21875
221.0 5.5546875
222.0 5.40625
223.0 5.3515625
224.0 5.4375
225.0 5.2734375
226.0 1.5546875
227.0 9.34375
228.0 5.2734375
229.0 5.2890625
230.0 5.5
231.0 5.46875
232.0 5.3046875
233.0 5.2890625
234.0 5.34375
235.0 5.3203125
236.0 5.453125
237.0 5.3359375
238.0 5.3359375
239.0 5.2265625
240.0 5.15625
241.0 5.1875
242.0 5.0546875
243.0 5.0546875
244.0 4.0078125
245.0 6.078125
246.0 5.1953125
247.0 5.234375
248.0 5.3515625
249.0 5.40625
250.0 5.3203125
251.0 5.4375
252.0 5.4921875
253.0 5.484375
254.0 5.4609375
255.0 5.5546875
256.0 5.4921875
257.0 5.234375
258.0 5.78125
259.0 5.5234375
260.0 5.6484375
261.0 5.421875
262.0 5.234375
263.0 1.2421875
264.0 9.5703125
265.0 5.484375
266.0 5.46875
267.0 5.6015625
268.0 5.6171875
269.0 5.5625
270.0 5.4609375
271.0 5.4921875
272.0 5.5625
273.0 5.40625
274.0 5.4296875
275.0 5.5
276.0 5.2734375
277.0 5.34375
278.0 5.2734375
279.0 5.3046875
280.0 5.4296875
281.0 5.46875
282.0 5.1015625
283.0 5.3203125
284.0 5.1640625
285.0 5.3984375
286.0 5.1875
287.0 0.421875
288.0 9.8671875
289.0 5.1875
290.0 5.40625
291.0 5.2578125
292.0 5.3515625
293.0 1.0859375
294.0 9.5546875
295.0 5.28125
296.0 2.28125
297.0 8.265625
298.0 5.4296875
299.0 5.453125
300.0 5.46875
301.0 5.5234375
302.0 5.1875
303.0 5.3359375
304.0 5.2578125
305.0 5.46875
306.0 5.3828125
307.0 5.53125
308.0 5.5234375
309.0 5.4921875
310.0 5.3359375
311.0 5.234375
312.0 5.3203125
313.0 5.3125
314.0 4.6875
315.0 6.3203125
316.0 5.453125
317.0 5.3515625
318.0 5.3828125
319.0 5.2265625
320.0 5.3125
321.0 5.515625
322.0 5.3203125
323.0 5.3984375
324.0 5.40625
325.0 5.2578125
326.0 5.3671875
327.0 5.078125
328.0 5.5546875
329.0 5.375
330.0 5.46875
331.0 5.421875
332.0 5.34375
333.0 4.46875
334.0 6.2578125
335.0 5.3828125
336.0 4.9453125
337.0 4.9921875
338.0 5.0390625
339.0 5.2578125
340.0 5.1875
341.0 5.1953125
342.0 5.3203125
343.0 5.0859375
344.0 5.140625
345.0 5.1328125
346.0 5.015625
347.0 5.203125
348.0 5.234375
349.0 5.140625
350.0 5.15625
351.0 5.6640625
352.0 5.3671875
353.0 5.3359375
354.0 5.4375
355.0 5.5859375
356.0 5.6953125
357.0 5.5
358.0 1.046875
359.0 10.1796875
360.0 5.53125
361.0 5.5859375
362.0 5.6328125
363.0 4.90625
364.0 6.1484375
365.0 5.578125
366.0 5.5625
367.0 5.609375
368.0 5.46875
369.0 5.5
370.0 5.1640625
371.0 5.21875
372.0 5.484375
373.0 5.3828125
374.0 5.609375
375.0 5.3671875
376.0 3.5859375
377.0 6.828125
378.0 5.2890625
379.0 5.3203125
380.0 1.34375
381.0 9.296875
382.0 5.125
383.0 5.078125
384.0 5.1953125
385.0 5.2265625
386.0 5.2890625
387.0 5.3203125
388.0 5.28125
389.0 5.0234375
390.0 5.53125
391.0 5.375
392.0 5.53125
393.0 5.3046875
394.0 5.2734375
395.0 5.15625
396.0 5.109375
397.0 5.4375
398.0 5.40625
399.0 5.4921875
400.0 5.3671875
401.0 5.4375
402.0 5.3203125
403.0 5.3515625
404.0 5.375
405.0 5.578125
406.0 5.609375
407.0 5.5234375
408.0 5.46875
409.0 5.21875
410.0 5.0859375
411.0 5.3359375
412.0 5.4296875
413.0 5.3984375
414.0 5.3828125
415.0 5.2265625
416.0 5.2734375
417.0 5.21875
418.0 5.1640625
419.0 4.9609375
420.0 5.125
421.0 5.0703125
422.0 5.046875
423.0 5.3984375
424.0 5.25
425.0 5.2734375
426.0 5.1328125
427.0 5.1875
428.0 5.3515625
429.0 5.46875
430.0 5.4296875
431.0 5.34375
432.0 4.8984375
433.0 5.9765625
434.0 5.375
435.0 5.421875
436.0 5.3984375
437.0 1.796875
438.0 9.1640625
439.0 5.4375
440.0 5.3828125
441.0 5.421875
442.0 5.3125
443.0 5.25
444.0 5.3671875
445.0 5.3125
446.0 5.28125
447.0 5.453125
448.0 5.109375
449.0 3.6796875
450.0 6.6796875
451.0 5.515625
452.0 5.0546875
453.0 5.3046875
454.0 5.0859375
455.0 5.171875
456.0 0.78125
457.0 9.453125
458.0 5.0703125
459.0 5.3203125
460.0 5.140625
461.0 5.125
462.0 5.5546875
463.0 5.4921875
464.0 5.4375
465.0 5.46875
466.0 5.4296875
467.0 5.3828125
468.0 2.9375
469.0 7.8671875
470.0 5.453125
471.0 5.484375
472.0 5.46875
473.0 5.53125
474.0 5.2578125
475.0 5.4375
476.0 5.46875
477.0 5.5625
478.0 5.3046875
479.0 5.46875
480.0 5.3984375
481.0 5.5859375
482.0 5.578125
483.0 5.3671875
484.0 5.4296875
485.0 5.3671875
486.0 2.0625
487.0 8.9765625
488.0 5.46875
489.0 5.40625
490.0 5.5
491.0 5.34375
492.0 5.3828125
493.0 2.6640625
494.0 7.8984375
495.0 5.1953125
496.0 4.984375
497.0 5.1875
498.0 5.28125
499.0 5.5859375
500.0 5.28125
501.0 5.375
502.0 5.3671875
503.0 5.1328125
504.0 5.2890625
505.0 5.046875
506.0 2.28125
507.0 8.140625
508.0 5.109375
509.0 5.0234375
510.0 4.953125
511.0 5.2265625
512.0 1.109375
513.0 10.078125
514.0 5.609375
515.0 5.4609375
516.0 5.375
517.0 5.5625
518.0 5.5859375
519.0 5.6953125
520.0 5.640625
521.0 5.640625
522.0 5.640625
523.0 5.8125
524.0 5.90625
525.0 5.75
526.0 5.765625
527.0 5.703125
528.0 5.6328125
529.0 5.5546875
530.0 3.1796875
531.0 8.6484375
532.0 5.75
533.0 5.53125
534.0 5.6953125
535.0 5.5859375
536.0 5.8515625
537.0 5.6328125
538.0 5.6328125
539.0 5.546875
540.0 5.0859375
541.0 5.5546875
542.0 5.375
543.0 5.3671875
544.0 5.3125
545.0 5.5859375
546.0 5.515625
547.0 5.5546875
548.0 5.40625
549.0 5.234375
550.0 1.078125
551.0 8.8828125
552.0 5.1015625
553.0 5.0546875
554.0 3.21875
555.0 6.984375
556.0 5.453125
557.0 5.25
558.0 5.15625
559.0 5.0546875
560.0 5.125
561.0 5.3359375
562.0 5.3203125
563.0 5.2578125
564.0 4.9921875
565.0 5.21875
566.0 5.484375
567.0 5.4375
568.0 0.4609375
569.0 10.1484375
570.0 5.4921875
571.0 5.234375
572.0 2.1640625
573.0 8.4453125
574.0 5.34375
575.0 3.96875
576.0 6.5703125
577.0 5.5546875
578.0 5.46875
579.0 5.5625
580.0 5.5546875
581.0 5.5234375
582.0 5.3984375
583.0 5.4609375
584.0 5.4921875
585.0 5.484375
586.0 5.6484375
587.0 5.46875
588.0 5.6015625
589.0 2.1015625
590.0 8.8984375
591.0 5.4609375
592.0 5.6484375
593.0 5.6484375
594.0 5.109375
595.0 6.0625
596.0 5.53125
597.0 5.5234375
598.0 5.3984375
599.0 5.46875
