0.0 3.7890625
1.0 3.828125
2.0 3.5859375
3.0 3.0390625
4.0 3.53125
5.0 3.6171875
6.0 0.6015625
7.0 7.421875
8.0 4.1875
9.0 2.8125
10.0 0.0
11.0 5.40625
12.0 3.21875
13.0 3.6171875
14.0 3.65625
15.0 2.609375
16.0 3.1015625
17.0 3.0859375
18.0 2.8125
19.0 1.6796875
20.0 4.6953125
21.0 3.203125
22.0 3.28125
23.0 3.1328125
24.0 3.28125
25.0 3.734375
26.0 2.9609375
27.0 2.1796875
28.0 4.1875
29.0 2.4140625
30.0 4.296875
31.0 4.46875
32.0 4.4140625
33.0 4.890625
34.0 4.125
35.0 3.5
36.0 3.5
37.0 3.90625
38.0 3.828125
39.0 3.546875
40.0 2.4609375
41.0 2.6953125
42.0 3.8046875
43.0 0.4296875
44.0 7.28125
45.0 4.0078125
46.0 4.3359375
47.0 2.78125
48.0 4.78125
49.0 2.9921875
50.0 3.9375
51.0 4.3515625
52.0 4.0234375
53.0 3.828125
54.0 3.4609375
55.0 3.84375
56.0 3.8203125
57.0 4.0390625
58.0 2.7109375
59.0 1.8671875
60.0 2.4296875
61.0 3.140625
62.0 0.0
63.0 7.546875
64.0 3.0703125
65.0 3.2578125
66.0 1.2578125
67.0 4.8359375
68.0 3.734375
69.0 4.0
70.0 2.8046875
71.0 2.90625
72.0 3.2265625
73.0 2.921875
74.0 2.546875
75.0 2.8046875
76.0 3.3203125
77.0 3.859375
78.0 3.46875
79.0 1.4765625
80.0 6.265625
81.0 4.328125
82.0 1.1328125
83.0 7.0703125
84.0 3.40625
85.0 4.09375
86.0 3.890625
87.0 3.890625
88.0 3.3515625
89.0 3.2890625
90.0 3.578125
91.0 3.0234375
92.0 2.609375
93.0 3.015625
94.0 3.5625
95.0 3.5625
96.0 1.046875
97.0 6.328125
98.0 3.890625
99.0 3.3671875
100.0 0.1640625
101.0 6.03125
102.0 3.625
103.0 3.703125
104.0 3.7109375
105.0 4.0859375
106.0 4.0703125
107.0 4.0546875
108.0 4.0625
109.0 4.2109375
110.0 4.0
111.0 3.703125
112.0 3.3125
113.0 1.5625
114.0 5.6328125
115.0 3.6484375
116.0 3.8515625
117.0 3.46875
118.0 3.7734375
119.0 3.796875
120.0 3.671875
121.0 2.453125
122.0 0.0
123.0 8.0
124.0 4.0625
125.0 3.96875
126.0 4.21875
127.0 4.296875
128.0 4.0078125
129.0 3.9453125
130.0 2.65625
131.0 4.7265625
132.0 2.9921875
133.0 3.4296875
134.0 3.7421875
135.0 4.25
136.0 4.0703125
137.0 3.53125
138.0 3.9453125
139.0 4.1796875
140.0 3.5859375
141.0 2.3046875
142.0 1.640625
143.0 2.359375
144.0 0.453125
145.0 5.8203125
146.0 3.3515625
147.0 3.46875
148.0 1.71875
149.0 0.71875
150.0 1.234375
151.0 0.0
152.0 4.6796875
153.0 3.046875
154.0 2.8671875
155.0 0.8515625
156.0 1.859375
157.0 3.875
158.0 3.3984375
159.0 3.0
160.0 3.609375
161.0 3.375
162.0 3.0390625
163.0 3.2265625
164.0 1.953125
165.0 0.0
166.0 5.53125
167.0 3.5
168.0 2.0
169.0 4.6484375
170.0 3.3203125
171.0 3.9765625
172.0 3.8828125
173.0 3.578125
174.0 3.21875
175.0 3.6796875
176.0 3.734375
177.0 3.4765625
178.0 3.796875
179.0 3.3125
180.0 2.75
181.0 3.2265625
182.0 1.984375
183.0 3.7734375
184.0 4.46875
185.0 2.3046875
186.0 4.359375
187.0 3.796875
188.0 3.7265625
189.0 2.9921875
190.0 2.7421875
191.0 2.4921875
192.0 3.203125
193.0 3.203125
194.0 2.671875
195.0 3.9375
196.0 3.9453125
197.0 3.828125
198.0 3.703125
199.0 2.5234375
200.0 5.515625
201.0 3.9375
202.0 4.0546875
203.0 3.7265625
204.0 3.7890625
205.0 3.6953125
206.0 0.0
207.0 8.3203125
208.0 3.8515625
209.0 4.3828125
210.0 4.0390625
211.0 4.25
212.0 4.203125
213.0 4.484375
214.0 4.234375
215.0 4.3046875
216.0 3.890625
217.0 4.6484375
218.0 5.2578125
219.0 2.296875
220.0 7.9296875
221.0 5.203125
222.0 4.8046875
223.0 4.65625
224.0 1.5625
225.0 7.984375
226.0 4.7421875
227.0 4.5078125
228.0 4.125
229.0 4.78125
230.0 4.421875
231.0 4.2734375
232.0 4.859375
233.0 4.3359375
234.0 4.3984375
235.0 4.265625
236.0 3.3203125
237.0 6.03125
238.0 3.7265625
239.0 4.265625
240.0 4.5703125
241.0 2.8125
242.0 5.546875
243.0 3.8828125
244.0 4.5
245.0 4.46875
246.0 4.9609375
247.0 4.859375
248.0 3.640625
249.0 4.6015625
250.0 3.515625
251.0 3.6953125
252.0 4.1015625
253.0 4.390625
254.0 4.0703125
255.0 0.25
256.0 7.6953125
257.0 4.0703125
258.0 4.3359375
259.0 3.59375
260.0 1.390625
261.0 6.65625
262.0 4.3515625
263.0 4.3828125
264.0 4.203125
265.0 4.3359375
266.0 4.296875
267.0 4.3671875
268.0 4.453125
269.0 2.28125
270.0 6.2421875
271.0 4.359375
272.0 4.625
273.0 4.390625
274.0 3.34375
275.0 2.8203125
276.0 3.9140625
277.0 3.3515625
278.0 4.2421875
279.0 4.1796875
280.0 4.0703125
281.0 4.296875
282.0 3.0703125
283.0 5.046875
284.0 4.2734375
285.0 3.9765625
286.0 4.3984375
287.0 4.8671875
288.0 4.4765625
289.0 4.6328125
290.0 3.96875
291.0 2.1484375
292.0 7.3203125
293.0 4.421875
294.0 4.6484375
295.0 2.96875
296.0 5.6953125
297.0 4.2734375
298.0 3.1171875
299.0 2.359375
300.0 2.84375
301.0 3.1328125
302.0 5.5234375
303.0 4.390625
304.0 3.7109375
305.0 2.9296875
306.0 1.9765625
307.0 3.046875
308.0 4.0
309.0 4.21875
310.0 4.6328125
311.0 4.5
312.0 3.90625
313.0 3.875
314.0 4.1875
315.0 3.7578125
316.0 2.15625
317.0 5.171875
318.0 3.53125
319.0 3.3515625
320.0 1.7421875
321.0 5.703125
322.0 6.1796875
323.0 4.0703125
324.0 2.671875
325.0 3.5859375
326.0 4.46875
327.0 4.234375
328.0 4.234375
329.0 3.96875
330.0 3.6796875
331.0 3.8203125
332.0 4.125
333.0 4.09375
334.0 4.2734375
335.0 2.546875
336.0 5.890625
337.0 2.09375
338.0 4.03125
339.0 4.296875
340.0 4.484375
341.0 4.0859375
342.0 3.859375
343.0 1.8984375
344.0 0.4921875
345.0 0.78125
346.0 0.6640625
347.0 0.7578125
348.0 1.109375
349.0 0.0
350.0 5.2265625
351.0 5.1328125
352.0 4.1875
353.0 3.9765625
354.0 3.6796875
355.0 4.234375
356.0 3.9375
357.0 3.6953125
358.0 2.5390625
359.0 1.8984375
360.0 2.0078125
361.0 2.5625
362.0 3.3515625
363.0 4.546875
364.0 4.0625
365.0 0.0
366.0 9.4296875
367.0 4.3984375
368.0 4.515625
369.0 0.78125
370.0 7.875
371.0 4.3359375
372.0 4.1796875
373.0 4.2734375
374.0 4.71875
375.0 5.0078125
376.0 5.1640625
377.0 3.640625
378.0 3.96875
379.0 4.5703125
380.0 5.0546875
381.0 4.890625
382.0 1.0
383.0 8.9453125
384.0 5.015625
385.0 4.9765625
386.0 4.8984375
387.0 4.8984375
388.0 4.359375
389.0 3.375
390.0 6.1484375
391.0 5.0546875
392.0 4.796875
393.0 4.8046875
394.0 4.9296875
395.0 5.046875
396.0 5.1015625
397.0 4.90625
398.0 4.6328125
399.0 4.9765625
400.0 3.890625
401.0 2.15625
402.0 6.6640625
403.0 5.046875
404.0 4.15625
405.0 4.1796875
406.0 4.2734375
407.0 4.0390625
408.0 2.375
409.0 7.03125
410.0 4.7421875
411.0 5.078125
412.0 4.796875
413.0 4.90625
414.0 4.3203125
415.0 4.28125
416.0 4.4140625
417.0 2.8359375
418.0 3.1796875
419.0 4.828125
420.0 4.8125
421.0 4.3046875
422.0 0.2265625
423.0 9.359375
424.0 4.7265625
425.0 3.140625
426.0 6.2890625
427.0 4.78125
428.0 4.609375
429.0 3.203125
430.0 5.9921875
431.0 4.609375
432.0 4.390625
433.0 3.7421875
434.0 4.625
435.0 4.6328125
436.0 4.5625
437.0 4.1015625
438.0 3.84375
439.0 3.515625
440.0 3.625
441.0 3.8828125
442.0 3.9140625
443.0 2.5078125
444.0 0.0
445.0 8.5
446.0 3.515625
447.0 2.4140625
448.0 2.375
449.0 0.9453125
450.0 0.0
451.0 6.078125
452.0 3.9921875
453.0 2.984375
454.0 2.8125
455.0 4.0234375
456.0 2.1484375
457.0 2.984375
458.0 3.9921875
459.0 2.609375
460.0 3.140625
461.0 3.046875
462.0 0.6171875
463.0 6.1875
464.0 4.3984375
465.0 2.6875
466.0 2.1015625
467.0 3.25
468.0 1.8046875
469.0 2.609375
470.0 4.2421875
471.0 4.2421875
472.0 4.28125
473.0 3.9453125
474.0 4.2109375
475.0 4.5625
476.0 4.90625
477.0 3.9453125
478.0 5.5234375
479.0 4.6015625
480.0 4.8125
481.0 4.6875
482.0 4.4296875
483.0 0.28125
484.0 8.8828125
485.0 4.359375
486.0 4.359375
487.0 4.5625
488.0 4.28125
489.0 4.5
490.0 4.5
491.0 4.1875
492.0 3.84375
493.0 1.2265625
494.0 6.9921875
495.0 4.5703125
496.0 4.796875
497.0 4.953125
498.0 5.3046875
499.0 4.890625
500.0 5.0703125
501.0 4.515625
502.0 3.6796875
503.0 4.3046875
504.0 4.59375
505.0 3.46875
506.0 4.8046875
507.0 3.1328125
508.0 3.1484375
509.0 4.546875
510.0 3.7890625
511.0 1.390625
512.0 0.0
513.0 6.0625
514.0 0.7265625
515.0 1.9765625
516.0 3.328125
517.0 4.6953125
518.0 4.9921875
519.0 4.9453125
520.0 4.875
521.0 4.7265625
522.0 3.53125
523.0 4.296875
524.0 4.6953125
525.0 0.2421875
526.0 8.8828125
527.0 3.9140625
528.0 4.2109375
529.0 4.8125
530.0 2.65625
531.0 0.0
532.0 7.609375
533.0 0.6953125
534.0 3.21875
535.0 2.6953125
536.0 3.7578125
537.0 3.96875
538.0 2.15625
539.0 1.203125
540.0 2.25
541.0 2.7578125
542.0 2.3046875
543.0 0.875
544.0 0.0
545.0 6.078125
546.0 2.6015625
547.0 3.625
548.0 4.5390625
549.0 4.78125
550.0 4.8125
551.0 4.2109375
552.0 5.890625
553.0 5.0546875
554.0 4.8671875
555.0 5.109375
556.0 4.90625
557.0 4.78125
558.0 5.109375
559.0 4.9921875
560.0 4.9765625
561.0 4.6875
562.0 4.75
563.0 4.6875
564.0 3.234375
565.0 6.296875
566.0 4.8984375
567.0 4.65625
568.0 4.8046875
569.0 3.5859375
570.0 5.2734375
571.0 4.9921875
572.0 5.21875
573.0 5.1328125
574.0 5.3125
575.0 5.0546875
576.0 5.1015625
577.0 5.1015625
578.0 4.9765625
579.0 5.0234375
580.0 4.4453125
581.0 3.734375
582.0 5.9765625
583.0 3.828125
584.0 7.09375
585.0 5.375
586.0 4.9296875
587.0 4.875
588.0 4.7734375
589.0 4.7265625
590.0 3.765625
591.0 4.7734375
592.0 5.21875
593.0 3.625
594.0 6.78125
595.0 4.0859375
596.0 5.21875
597.0 4.8359375
598.0 4.6953125
599.0 5.015625
