0.0 4.390625
1.0 3.96875
2.0 2.3125
3.0 4.515625
4.0 5.375
5.0 4.890625
6.0 4.7421875
7.0 4.90625
8.0 5.0859375
9.0 5.3203125
10.0 4.3828125
11.0 6.2578125
12.0 4.8125
13.0 4.984375
14.0 1.984375
15.0 9.1796875
16.0 5.140625
17.0 4.515625
18.0 1.8046875
19.0 1.859375
20.0 2.125
21.0 2.484375
22.0 2.5234375
23.0 2.578125
24.0 2.65625
25.0 2.8671875
26.0 2.265625
27.0 0.0
28.0 5.796875
29.0 4.890625
30.0 5.734375
31.0 5.5546875
32.0 5.0859375
33.0 4.515625
34.0 4.9921875
35.0 5.1640625
36.0 4.875
37.0 5.2734375
38.0 4.9296875
39.0 5.078125
40.0 5.25
41.0 5.0390625
42.0 5.1328125
43.0 5.6796875
44.0 4.796875
45.0 4.2421875
46.0 3.1953125
47.0 0.0
48.0 6.7421875
49.0 3.0234375
50.0 2.6640625
51.0 4.59375
52.0 5.2578125
53.0 5.3515625
54.0 5.6796875
55.0 5.6640625
56.0 5.234375
57.0 5.46875
58.0 5.2265625
59.0 5.34375
60.0 4.3046875
61.0 6.5390625
62.0 5.703125
63.0 5.703125
64.0 5.0390625
65.0 1.265625
66.0 9.359375
67.0 4.859375
68.0 5.140625
69.0 4.984375
70.0 2.5078125
71.0 7.03125
72.0 5.15625
73.0 4.8984375
74.0 4.8046875
75.0 5.2265625
76.0 5.828125
77.0 5.28125
78.0 5.609375
79.0 5.7578125
80.0 5.40625
81.0 5.1640625
82.0 5.0390625
83.0 3.3671875
84.0 1.953125
85.0 6.8671875
86.0 4.90625
87.0 5.078125
88.0 5.1953125
89.0 1.703125
90.0 6.421875
91.0 5.3984375
92.0 3.890625
93.0 4.46875
94.0 4.15625
95.0 5.40625
96.0 4.7421875
97.0 4.6796875
98.0 5.015625
99.0 4.75
100.0 5.171875
101.0 5.125
102.0 5.0546875
103.0 5.078125
104.0 5.4609375
105.0 3.875
106.0 6.59375
107.0 4.6796875
108.0 3.59375
109.0 4.71875
110.0 4.6796875
111.0 2.9921875
112.0 6.9921875
113.0 4.6328125
114.0 4.890625
115.0 2.8359375
116.0 3.0390625
117.0 4.859375
118.0 5.1015625
119.0 3.921875
120.0 4.6953125
121.0 5.1328125
122.0 5.5
123.0 5.1328125
124.0 4.890625
125.0 0.2265625
126.0 9.9609375
127.0 4.1875
128.0 4.796875
129.0 4.6484375
130.0 5.1328125
131.0 4.6484375
132.0 3.140625
133.0 3.796875
134.0 4.0859375
135.0 3.1328125
136.0 4.796875
137.0 5.421875
138.0 4.390625
139.0 3.765625
140.0 2.7578125
141.0 3.375
142.0 2.8046875
143.0 2.546875
144.0 3.015625
145.0 5.3359375
146.0 5.0703125
147.0 4.4765625
148.0 4.9453125
149.0 4.6484375
150.0 4.8125
151.0 5.25
152.0 3.265625
153.0 4.0703125
154.0 4.890625
155.0 4.421875
156.0 4.2109375
157.0 5.640625
158.0 4.65625
159.0 5.0234375
160.0 4.984375
161.0 4.625
162.0 4.546875
163.0 5.140625
164.0 5.484375
165.0 4.625
166.0 5.109375
167.0 5.1015625
168.0 4.6484375
169.0 4.7421875
170.0 4.328125
171.0 5.421875
172.0 5.7109375
173.0 5.890625
174.0 5.640625
175.0 5.5546875
176.0 5.171875
177.0 4.6015625
178.0 5.5859375
179.0 3.9375
180.0 4.625
181.0 4.9296875
182.0 5.3359375
183.0 4.984375
184.0 5.0234375
185.0 4.75
186.0 4.4140625
187.0 3.3203125
188.0 4.1015625
189.0 4.84375
190.0 3.4609375
191.0 6.7421875
192.0 4.328125
193.0 4.6640625
194.0 4.4765625
195.0 4.78125
196.0 4.359375
197.0 2.96875
198.0 5.21875
199.0 4.0703125
200.0 3.4375
201.0 3.578125
202.0 3.0859375
203.0 3.4765625
204.0 3.828125
205.0 3.578125
206.0 4.3203125
207.0 4.4140625
208.0 4.1875
209.0 3.7578125
210.0 4.265625
211.0 0.2578125
212.0 8.765625
213.0 4.3671875
214.0 4.8359375
215.0 4.203125
216.0 3.671875
217.0 5.3984375
218.0 4.546875
219.0 4.2109375
220.0 4.9765625
221.0 4.7265625
222.0 4.5625
223.0 4.890625
224.0 4.484375
225.0 4.9296875
226.0 4.4453125
227.0 4.3046875
228.0 3.546875
229.0 2.875
230.0 0.0
231.0 5.5859375
232.0 4.8125
233.0 4.6484375
234.0 4.7421875
235.0 4.59375
236.0 4.6015625
237.0 4.6875
238.0 3.90625
239.0 4.0546875
240.0 3.3125
241.0 5.765625
242.0 5.0234375
243.0 4.8984375
244.0 3.859375
245.0 3.4453125
246.0 4.78125
247.0 4.875
248.0 4.7109375
249.0 0.4296875
250.0 9.0625
251.0 2.9375
252.0 4.328125
253.0 5.0078125
254.0 5.21875
255.0 5.546875
256.0 5.3046875
257.0 2.28125
258.0 8.140625
259.0 4.84375
260.0 4.75
261.0 5.234375
262.0 5.6015625
263.0 5.2734375
264.0 5.1640625
265.0 4.8671875
266.0 4.9453125
267.0 4.59375
268.0 4.7734375
269.0 5.0390625
270.0 5.3203125
271.0 5.25
272.0 3.3828125
273.0 6.78125
274.0 4.9296875
275.0 5.6171875
276.0 3.8828125
277.0 6.6484375
278.0 4.0078125
279.0 6.2890625
280.0 5.3125
281.0 4.234375
282.0 4.0625
283.0 3.8203125
284.0 4.3046875
285.0 3.9140625
286.0 3.7890625
287.0 4.609375
288.0 4.7265625
289.0 3.328125
290.0 3.609375
291.0 4.8984375
292.0 4.5078125
293.0 2.125
294.0 5.8125
295.0 4.75
296.0 4.796875
297.0 1.4609375
298.0 7.8359375
299.0 4.296875
300.0 4.3671875
301.0 2.3046875
302.0 1.8359375
303.0 2.4140625
304.0 3.875
305.0 5.0703125
306.0 5.0078125
307.0 5.015625
308.0 4.296875
309.0 2.8359375
310.0 5.84375
311.0 4.453125
312.0 4.546875
313.0 4.828125
314.0 5.078125
315.0 4.453125
316.0 4.265625
317.0 4.3828125
318.0 4.390625
319.0 4.9453125
320.0 4.6875
321.0 4.3671875
322.0 4.5625
323.0 3.5625
324.0 5.890625
325.0 3.40625
326.0 1.6796875
327.0 1.703125
328.0 2.71875
329.0 4.3046875
330.0 4.6484375
331.0 4.515625
332.0 3.5859375
333.0 6.515625
334.0 4.9921875
335.0 5.140625
336.0 5.3984375
337.0 2.6953125
338.0 7.484375
339.0 5.40625
340.0 3.296875
341.0 6.9140625
342.0 5.1875
343.0 5.375
344.0 5.21875
345.0 5.3203125
346.0 5.2734375
347.0 3.7578125
348.0 3.90625
349.0 4.9453125
350.0 5.375
351.0 4.6484375
352.0 5.28125
353.0 5.0859375
354.0 5.2734375
355.0 1.640625
356.0 9.7265625
357.0 2.34375
358.0 7.703125
359.0 4.78125
360.0 4.71875
361.0 5.0390625
362.0 2.0078125
363.0 1.65625
364.0 1.1484375
365.0 0.5234375
366.0 0.34375
367.0 0.484375
368.0 0.6015625
369.0 0.46875
370.0 0.546875
371.0 0.6640625
372.0 0.765625
373.0 0.5546875
374.0 0.0
375.0 0.0
376.0 0.0
377.0 6.203125
378.0 2.4453125
379.0 2.8984375
380.0 3.0859375
381.0 1.8203125
382.0 1.7890625
383.0 0.90625
384.0 0.0
385.0 6.296875
386.0 3.0
387.0 2.5703125
388.0 2.4453125
389.0 2.5234375
390.0 2.6328125
391.0 0.6875
392.0 0.5546875
393.0 1.625
394.0 4.359375
395.0 4.578125
396.0 5.0078125
397.0 5.2734375
398.0 0.4609375
399.0 9.328125
400.0 4.921875
401.0 4.875
402.0 0.8671875
403.0 7.1875
404.0 4.5703125
405.0 3.96875
406.0 4.4765625
407.0 4.65625
408.0 5.0078125
409.0 4.328125
410.0 5.3046875
411.0 5.125
412.0 4.390625
413.0 4.8984375
414.0 4.625
415.0 6.109375
416.0 4.25
417.0 5.3125
418.0 5.3125
419.0 5.3984375
420.0 5.25
421.0 5.7578125
422.0 5.6796875
423.0 5.3671875
424.0 5.34375
425.0 5.546875
426.0 4.1171875
427.0 0.0
428.0 4.15625
429.0 0.75
430.0 1.5234375
431.0 0.1953125
432.0 6.2578125
433.0 3.796875
434.0 4.0234375
435.0 3.546875
436.0 3.0390625
437.0 3.2265625
438.0 4.09375
439.0 2.03125
440.0 2.0859375
441.0 2.7734375
442.0 2.0390625
443.0 2.578125
444.0 2.296875
445.0 2.5625
446.0 4.125
447.0 4.390625
448.0 3.2265625
449.0 4.546875
450.0 3.96875
451.0 2.5078125
452.0 3.21875
453.0 4.234375
454.0 4.203125
455.0 3.234375
456.0 5.15625
457.0 4.90625
458.0 4.234375
459.0 4.0078125
460.0 4.5625
461.0 5.6484375
462.0 4.828125
463.0 5.703125
464.0 4.8671875
465.0 4.84375
466.0 4.5
467.0 3.9921875
468.0 2.984375
469.0 4.4765625
470.0 3.828125
471.0 5.046875
472.0 4.6328125
473.0 4.6328125
474.0 5.453125
475.0 2.4296875
476.0 7.8984375
477.0 4.203125
478.0 1.375
479.0 5.6171875
480.0 4.90625
481.0 4.6484375
482.0 4.84375
483.0 4.5703125
484.0 4.875
485.0 4.296875
486.0 3.6171875
487.0 3.3515625
488.0 4.9296875
489.0 5.2890625
490.0 4.9296875
491.0 4.9453125
492.0 4.5390625
493.0 4.8046875
494.0 5.3203125
495.0 4.6015625
496.0 3.84375
497.0 4.9296875
498.0 4.7421875
499.0 5.2890625
500.0 4.9296875
501.0 2.453125
502.0 7.2734375
503.0 5.4921875
504.0 5.3515625
505.0 5.1015625
506.0 5.40625
507.0 5.109375
508.0 4.9921875
509.0 4.71875
510.0 4.234375
511.0 2.1875
512.0 7.2265625
513.0 4.84375
514.0 5.1640625
515.0 5.4375
516.0 5.890625
517.0 5.4375
518.0 4.3046875
519.0 4.59375
520.0 0.1328125
521.0 10.1328125
522.0 5.1328125
523.0 5.3984375
524.0 5.0703125
525.0 5.3046875
526.0 4.6484375
527.0 4.515625
528.0 4.7421875
529.0 4.453125
530.0 4.7578125
531.0 4.84375
532.0 4.421875
533.0 2.640625
534.0 0.0
535.0 0.0
536.0 8.359375
537.0 4.0625
538.0 4.6796875
539.0 5.3046875
540.0 2.9296875
541.0 8.34375
542.0 4.84375
543.0 5.109375
544.0 5.4375
545.0 4.78125
546.0 4.46875
547.0 4.75
548.0 4.0703125
549.0 3.9453125
550.0 4.0703125
551.0 4.0390625
552.0 0.8671875
553.0 8.1796875
554.0 3.109375
555.0 0.0
556.0 6.8828125
557.0 2.8515625
558.0 2.28125
559.0 2.8125
560.0 3.1171875
561.0 2.7890625
562.0 3.796875
563.0 4.46875
564.0 3.203125
565.0 4.7734375
566.0 3.8203125
567.0 3.7421875
568.0 3.734375
569.0 3.0234375
570.0 2.7109375
571.0 4.203125
572.0 2.7421875
573.0 4.4765625
574.0 3.7265625
575.0 3.65625
576.0 3.8828125
577.0 3.953125
578.0 3.9765625
579.0 3.875
580.0 3.6171875
581.0 4.453125
582.0 4.5
583.0 4.6484375
584.0 5.125
585.0 4.7421875
586.0 3.53125
587.0 0.1875
588.0 10.3984375
589.0 4.59375
590.0 4.4296875
591.0 3.5546875
592.0 0.0
593.0 8.984375
594.0 4.7421875
595.0 4.890625
596.0 4.75
597.0 4.2109375
598.0 4.390625
599.0 3.65625
