0.0 6.5078125
1.0 6.6640625
2.0 5.2265625
3.0 4.828125
4.0 7.046875
5.0 6.765625
6.0 6.9609375
7.0 6.765625
8.0 7.046875
9.0 6.6875
10.0 6.171875
11.0 7.4609375
12.0 7.0703125
13.0 3.0859375
14.0 8.265625
15.0 6.8359375
16.0 7.2109375
17.0 6.7734375
18.0 6.984375
19.0 6.78125
20.0 7.03125
21.0 6.765625
22.0 6.9921875
23.0 6.9453125
24.0 6.9765625
25.0 6.7734375
26.0 6.734375
27.0 4.8046875
28.0 7.96875
29.0 6.984375
30.0 6.9921875
31.0 6.84375
32.0 6.765625
33.0 6.953125
34.0 6.9609375
35.0 6.765625
36.0 6.890625
37.0 6.9921875
38.0 7.125
39.0 5.5859375
40.0 6.3203125
41.0 7.15625
42.0 7.578125
43.0 7.40625
44.0 4.1015625
45.0 11.2421875
46.0 7.140625
47.0 7.140625
48.0 7.484375
49.0 7.34375
50.0 5.5234375
51.0 8.9453125
52.0 7.359375
53.0 7.359375
54.0 5.8203125
55.0 6.921875
56.0 7.2265625
57.0 7.484375
58.0 7.3984375
59.0 6.9453125
60.0 7.0390625
61.0 6.9453125
62.0 6.421875
63.0 6.6640625
64.0 6.8125
65.0 7.2734375
66.0 4.1875
67.0 9.28125
68.0 6.890625
69.0 7.25
70.0 7.015625
71.0 6.59375
72.0 6.625
73.0 5.6953125
74.0 5.5546875
75.0 7.0078125
76.0 7.015625
77.0 6.484375
78.0 6.7421875
79.0 6.71875
80.0 5.515625
81.0 6.65625
82.0 6.734375
83.0 7.0703125
84.0 6.9296875
85.0 7.1015625
86.0 7.015625
87.0 7.1015625
88.0 7.125
89.0 7.046875
90.0 7.0390625
91.0 6.6875
92.0 6.125
93.0 5.421875
94.0 6.8359375
95.0 6.78125
96.0 6.7734375
97.0 2.421875
98.0 11.3125
99.0 5.6484375
100.0 1.4375
101.0 11.1015625
102.0 7.2109375
103.0 6.8984375
104.0 6.78125
105.0 6.9765625
106.0 6.71875
107.0 6.4765625
108.0 7.1875
109.0 6.5625
110.0 6.4140625
111.0 5.8125
112.0 7.1953125
113.0 7.0390625
114.0 7.125
115.0 6.6171875
116.0 6.6875
117.0 7.109375
118.0 6.984375
119.0 6.7421875
120.0 6.6328125
121.0 5.46875
122.0 6.1875
123.0 6.8984375
124.0 6.84375
125.0 6.5390625
126.0 4.859375
127.0 6.8828125
128.0 6.6640625
129.0 6.53125
130.0 6.6875
131.0 6.3203125
132.0 6.9765625
133.0 6.328125
134.0 6.59375
135.0 6.53125
136.0 6.4765625
137.0 5.3828125
138.0 6.5703125
139.0 6.625
140.0 6.15625
141.0 7.015625
142.0 5.3359375
143.0 6.4453125
144.0 6.5625
145.0 6.84375
146.0 6.9140625
147.0 6.5390625
148.0 7.21875
149.0 6.2734375
150.0 1.4140625
151.0 11.859375
152.0 6.8359375
153.0 7.1875
154.0 7.2109375
155.0 7.015625
156.0 6.9296875
157.0 6.8984375
158.0 6.5625
159.0 6.4375
160.0 6.6484375
161.0 6.6484375
162.0 6.5546875
163.0 5.46875
164.0 6.46875
165.0 6.109375
166.0 1.65625
167.0 10.984375
168.0 7.03125
169.0 7.2109375
170.0 7.046875
171.0 6.9296875
172.0 6.71875
173.0 6.7109375
174.0 5.7265625
175.0 6.5625
176.0 6.09375
177.0 5.9140625
178.0 6.8046875
179.0 6.8984375
180.0 7.0703125
181.0 6.9921875
182.0 7.09375
183.0 6.9765625
184.0 7.2421875
185.0 7.3984375
186.0 7.21875
187.0 7.1796875
188.0 7.28125
189.0 7.125
190.0 4.9765625
191.0 8.3515625
192.0 7.21875
193.0 7.1015625
194.0 7.015625
195.0 7.2109375
196.0 3.8515625
197.0 9.640625
198.0 7.109375
199.0 7.3046875
200.0 7.046875
201.0 7.1015625
202.0 7.109375
203.0 7.2734375
204.0 7.28125
205.0 7.109375
206.0 6.9140625
207.0 7.109375
208.0 5.9921875
209.0 6.234375
210.0 6.8671875
211.0 7.3046875
212.0 7.2578125
213.0 6.859375
214.0 7.09375
215.0 6.5390625
216.0 2.28125
217.0 8.953125
218.0 5.765625
219.0 6.0234375
220.0 5.9765625
221.0 6.1875
222.0 6.7109375
223.0 6.8359375
224.0 6.984375
225.0 6.859375
226.0 6.6171875
227.0 7.140625
228.0 6.53125
229.0 6.1171875
230.0 5.5625
231.0 5.171875
232.0 4.1015625
233.0 5.734375
234.0 3.4921875
235.0 6.9140625
236.0 4.8125
237.0 5.75
238.0 6.3046875
239.0 5.2734375
240.0 2.7265625
241.0 10.90625
242.0 6.9140625
243.0 6.9296875
244.0 6.8984375
245.0 6.8828125
246.0 5.96875
247.0 6.46875
248.0 6.8359375
249.0 6.953125
250.0 7.09375
251.0 6.859375
252.0 6.84375
253.0 3.7734375
254.0 10.0234375
255.0 7.078125
256.0 5.171875
257.0 1.7890625
258.0 8.2578125
259.0 6.3203125
260.0 6.203125
261.0 5.7890625
262.0 6.0234375
263.0 6.453125
264.0 6.125
265.0 5.4609375
266.0 6.171875
267.0 5.75
268.0 5.7265625
269.0 2.9296875
270.0 0.71875
271.0 0.0
272.0 8.9375
273.0 4.1875
274.0 3.953125
275.0 4.6484375
276.0 3.375
277.0 0.0
278.0 5.484375
279.0 1.6171875
280.0 4.171875
281.0 4.875
282.0 4.3984375
283.0 6.5078125
284.0 5.3515625
285.0 5.234375
286.0 4.90625
287.0 7.1875
288.0 6.6875
289.0 6.65625
290.0 6.75
291.0 7.1953125
292.0 6.5625
293.0 6.828125
294.0 5.890625
295.0 4.90625
296.0 3.6484375
297.0 4.984375
298.0 4.5
299.0 5.4296875
300.0 6.4765625
301.0 6.09375
302.0 6.5078125
303.0 6.5859375
304.0 5.1328125
305.0 6.390625
306.0 5.0234375
307.0 4.5390625
308.0 2.125
309.0 5.9609375
310.0 4.7734375
311.0 6.4375
312.0 6.2109375
313.0 5.703125
314.0 6.5390625
315.0 6.7109375
316.0 6.203125
317.0 5.25
318.0 5.6953125
319.0 2.984375
320.0 9.90625
321.0 6.75
322.0 6.8359375
323.0 6.8984375
324.0 6.140625
325.0 6.4765625
326.0 6.8125
327.0 6.9921875
328.0 6.8828125
329.0 6.75
330.0 6.8671875
331.0 6.9140625
332.0 6.6015625
333.0 6.6640625
334.0 6.796875
335.0 7.1875
336.0 6.5859375
337.0 5.5234375
338.0 3.765625
339.0 5.6484375
340.0 6.3515625
341.0 6.0859375
342.0 6.4140625
343.0 6.71875
344.0 6.1796875
345.0 5.9765625
346.0 5.484375
347.0 6.140625
348.0 7.03125
349.0 7.0625
350.0 6.7734375
351.0 5.515625
352.0 6.5390625
353.0 6.734375
354.0 5.125
355.0 7.0390625
356.0 6.109375
357.0 6.9609375
358.0 7.0703125
359.0 6.4140625
360.0 6.484375
361.0 6.328125
362.0 6.890625
363.0 7.3046875
364.0 6.84375
365.0 6.453125
366.0 7.3046875
367.0 7.03125
368.0 7.0625
369.0 7.515625
370.0 6.4765625
371.0 4.9296875
372.0 5.1640625
373.0 5.0546875
374.0 6.2421875
375.0 6.953125
376.0 7.1875
377.0 5.8125
378.0 5.125
379.0 0.34375
380.0 7.5859375
381.0 3.171875
382.0 1.3203125
383.0 6.4375
384.0 5.015625
385.0 5.1953125
386.0 5.1953125
387.0 5.1640625
388.0 4.78125
389.0 5.15625
390.0 5.171875
391.0 5.0859375
392.0 5.421875
393.0 5.28125
394.0 5.234375
395.0 4.0703125
396.0 6.2421875
397.0 5.375
398.0 4.859375
399.0 5.109375
400.0 4.9296875
401.0 3.5546875
402.0 5.46875
403.0 5.0078125
404.0 4.8984375
405.0 4.9453125
406.0 5.609375
407.0 6.9140625
408.0 6.828125
409.0 6.7734375
410.0 6.6484375
411.0 6.5625
412.0 6.3359375
413.0 6.2421875
414.0 6.703125
415.0 4.0078125
416.0 8.3828125
417.0 6.125
418.0 6.6328125
419.0 6.4140625
420.0 4.890625
421.0 4.625
422.0 4.453125
423.0 4.3203125
424.0 4.3828125
425.0 4.3203125
426.0 4.6796875
427.0 5.0390625
428.0 5.0234375
429.0 5.1953125
430.0 4.984375
431.0 4.90625
432.0 4.8359375
433.0 5.6953125
434.0 5.0078125
435.0 5.1328125
436.0 4.9453125
437.0 5.2265625
438.0 5.203125
439.0 5.125
440.0 5.6796875
441.0 4.9921875
442.0 5.34375
443.0 4.78125
444.0 3.171875
445.0 6.5703125
446.0 5.1015625
447.0 4.9609375
448.0 4.8984375
449.0 4.7421875
450.0 5.1953125
451.0 4.8046875
452.0 3.0859375
453.0 6.953125
454.0 5.3984375
455.0 5.234375
456.0 5.203125
457.0 5.0234375
458.0 5.234375
459.0 5.1875
460.0 5.0546875
461.0 4.8359375
462.0 5.421875
463.0 5.21875
464.0 4.84375
465.0 4.75
466.0 4.890625
467.0 4.6015625
468.0 5.28125
469.0 5.15625
470.0 6.0390625
471.0 6.9609375
472.0 7.0703125
473.0 5.7109375
474.0 4.5078125
475.0 5.4296875
476.0 5.375
477.0 5.2734375
478.0 5.1953125
479.0 4.90625
480.0 5.21875
481.0 4.9921875
482.0 1.359375
483.0 8.8828125
484.0 5.203125
485.0 5.28125
486.0 4.984375
487.0 5.25
488.0 5.125
489.0 5.125
490.0 5.34375
491.0 4.796875
492.0 5.0390625
493.0 5.15625
494.0 4.71875
495.0 4.6328125
496.0 5.3046875
497.0 5.0546875
498.0 5.15625
499.0 5.125
500.0 5.0859375
501.0 5.0390625
502.0 5.0390625
503.0 4.8984375
504.0 4.9765625
505.0 4.921875
506.0 5.046875
507.0 2.125
508.0 8.265625
509.0 4.9921875
510.0 5.1953125
511.0 5.0234375
512.0 4.9453125
513.0 5.3984375
514.0 5.140625
515.0 4.9921875
516.0 4.6796875
517.0 4.6953125
518.0 5.171875
519.0 5.0546875
520.0 5.234375
521.0 5.125
522.0 5.125
523.0 5.1875
524.0 5.3125
525.0 5.3203125
526.0 5.078125
527.0 5.25
528.0 0.703125
529.0 8.7421875
530.0 4.1015625
531.0 4.5
532.0 4.1171875
533.0 4.171875
534.0 1.3125
535.0 6.9765625
536.0 4.53125
537.0 4.75
538.0 5.1015625
539.0 4.9609375
540.0 4.875
541.0 4.5703125
542.0 4.796875
543.0 4.6796875
544.0 4.6796875
545.0 4.8984375
546.0 4.6640625
547.0 4.90625
548.0 5.2578125
549.0 5.0703125
550.0 6.0
551.0 6.09375
552.0 5.4296875
553.0 6.953125
554.0 6.7109375
555.0 6.234375
556.0 6.140625
557.0 6.140625
558.0 2.0625
559.0 0.0
560.0 5.890625
561.0 3.6171875
562.0 2.6015625
563.0 5.546875
564.0 6.765625
565.0 7.078125
566.0 7.34375
567.0 6.9765625
568.0 7.1953125
569.0 7.15625
570.0 7.28125
571.0 6.75
572.0 4.1796875
573.0 2.9921875
574.0 2.6953125
575.0 2.0390625
576.0 2.625
577.0 6.171875
578.0 6.859375
579.0 7.0390625
580.0 7.03125
581.0 7.046875
582.0 6.8125
583.0 3.3203125
584.0 10.4765625
585.0 7.2734375
586.0 7.40625
587.0 7.5234375
588.0 7.15625
589.0 7.7265625
590.0 6.65625
591.0 6.7109375
592.0 5.9140625
593.0 5.8828125
594.0 7.2578125
595.0 6.5546875
596.0 5.6640625
597.0 6.1484375
598.0 0.734375
599.0 0.0
