0.0 6.0078125
1.0 5.9375
2.0 5.90625
3.0 5.7265625
4.0 5.8203125
5.0 5.765625
6.0 5.890625
7.0 5.8515625
8.0 5.9609375
9.0 5.765625
10.0 5.9296875
11.0 5.9609375
12.0 5.8203125
13.0 5.0859375
14.0 6.5390625
15.0 6.0390625
16.0 5.859375
17.0 5.9296875
18.0 5.9296875
19.0 6.078125
20.0 5.6328125
21.0 5.78125
22.0 5.8203125
23.0 5.8515625
24.0 5.7890625
25.0 5.828125
26.0 5.796875
27.0 2.3359375
28.0 9.4765625
29.0 5.796875
30.0 6.0234375
31.0 5.734375
32.0 5.5546875
33.0 0.90625
34.0 10.703125
35.0 5.8203125
36.0 5.640625
37.0 5.7109375
38.0 5.7890625
39.0 2.625
40.0 8.8203125
41.0 5.9296875
42.0 6.0234375
43.0 5.9921875
44.0 5.796875
45.0 5.6953125
46.0 5.9453125
47.0 5.78125
48.0 5.859375
49.0 5.828125
50.0 5.7265625
51.0 6.109375
52.0 5.6484375
53.0 2.375
54.0 9.328125
55.0 5.8515625
56.0 5.796875
57.0 6.0078125
58.0 4.4765625
59.0 7.7578125
60.0 6.15625
61.0 6.140625
62.0 5.890625
63.0 5.671875
64.0 5.546875
65.0 5.8125
66.0 5.859375
67.0 5.890625
68.0 5.828125
69.0 5.6015625
70.0 5.890625
71.0 4.796875
72.0 6.5703125
73.0 5.796875
74.0 5.5859375
75.0 2.9296875
76.0 8.3203125
77.0 5.3671875
78.0 5.6015625
79.0 5.2734375
80.0 5.5234375
81.0 5.234375
82.0 5.4375
83.0 5.515625
84.0 5.6015625
85.0 5.6015625
86.0 5.546875
87.0 5.4375
88.0 5.609375
89.0 2.4765625
90.0 7.7890625
91.0 6.171875
92.0 5.28125
93.0 5.5859375
94.0 4.71875
95.0 6.140625
96.0 5.5234375
97.0 5.4921875
98.0 5.46875
99.0 5.5625
100.0 5.53125
101.0 5.25
102.0 4.8046875
103.0 5.96875
104.0 5.375
105.0 5.375
106.0 5.3984375
107.0 5.6484375
108.0 5.3828125
109.0 5.53125
110.0 5.3203125
111.0 5.46875
112.0 5.546875
113.0 5.4609375
114.0 5.5234375
115.0 5.8515625
116.0 5.140625
117.0 6.3203125
118.0 5.78125
119.0 5.734375
120.0 5.9140625
121.0 5.75
122.0 5.78125
123.0 5.765625
124.0 5.890625
125.0 5.84375
126.0 5.703125
127.0 5.8515625
128.0 5.8515625
129.0 5.9296875
130.0 5.9453125
131.0 2.015625
132.0 9.6640625
133.0 5.8828125
134.0 5.75
135.0 5.7890625
136.0 5.890625
137.0 5.78125
138.0 5.890625
139.0 5.78125
140.0 5.8828125
141.0 5.875
142.0 5.9921875
143.0 5.8203125
144.0 5.8515625
145.0 5.875
146.0 5.9296875
147.0 2.1875
148.0 9.671875
149.0 5.8828125
150.0 5.875
151.0 1.1484375
152.0 10.59375
153.0 5.875
154.0 5.78125
155.0 5.9453125
156.0 6.0546875
157.0 6.109375
158.0 6.1875
159.0 6.2734375
160.0 6.2421875
161.0 6.359375
162.0 5.96875
163.0 4.21875
164.0 7.5703125
165.0 5.875
166.0 5.859375
167.0 5.9453125
168.0 5.671875
169.0 5.6484375
170.0 2.5390625
171.0 8.96875
172.0 5.75
173.0 5.875
174.0 5.5234375
175.0 5.7578125
176.0 5.75
177.0 5.6328125
178.0 5.7109375
179.0 5.6796875
180.0 5.671875
181.0 5.890625
182.0 5.6640625
183.0 3.25
184.0 7.7265625
185.0 5.453125
186.0 5.578125
187.0 5.578125
188.0 2.6640625
189.0 8.640625
190.0 5.5859375
191.0 5.7890625
192.0 5.6796875
193.0 5.703125
194.0 5.84375
195.0 5.7578125
196.0 5.5234375
197.0 5.75
198.0 5.7265625
199.0 5.6953125
200.0 5.6796875
201.0 5.6484375
202.0 0.9921875
203.0 10.40625
204.0 5.5859375
205.0 5.8515625
206.0 5.3671875
207.0 1.890625
208.0 9.2734375
209.0 5.78125
210.0 5.6328125
211.0 5.53125
212.0 5.015625
213.0 6.15625
214.0 5.453125
215.0 5.5546875
216.0 5.546875
217.0 5.484375
218.0 5.6953125
219.0 5.640625
220.0 5.484375
221.0 5.6015625
222.0 5.6015625
223.0 5.6640625
224.0 5.5234375
225.0 5.6953125
226.0 3.953125
227.0 7.078125
228.0 5.546875
229.0 5.515625
230.0 5.578125
231.0 5.5234375
232.0 2.671875
233.0 8.4453125
234.0 5.375
235.0 5.3359375
236.0 5.15625
237.0 5.375
238.0 5.2890625
239.0 5.453125
240.0 5.3515625
241.0 5.421875
242.0 2.5703125
243.0 8.2109375
244.0 5.5234375
245.0 5.3515625
246.0 5.578125
247.0 5.53125
248.0 5.5
249.0 5.5234375
250.0 5.640625
251.0 5.2890625
252.0 5.515625
253.0 5.515625
254.0 5.453125
255.0 5.4609375
256.0 5.6171875
257.0 5.515625
258.0 5.4921875
259.0 5.5625
260.0 1.4609375
261.0 9.7890625
262.0 5.765625
263.0 5.84375
264.0 5.84375
265.0 3.1796875
266.0 8.2578125
267.0 5.6484375
268.0 5.75
269.0 5.6015625
270.0 5.96875
271.0 5.8828125
272.0 5.734375
273.0 5.9140625
274.0 5.9375
275.0 5.7578125
276.0 5.8125
277.0 5.7265625
278.0 2.296875
279.0 9.359375
280.0 5.9296875
281.0 5.7890625
282.0 5.78125
283.0 5.9140625
284.0 5.859375
285.0 5.7578125
286.0 5.84375
287.0 5.90625
288.0 5.8203125
289.0 4.5703125
290.0 6.8984375
291.0 5.7265625
292.0 5.8203125
293.0 6.03125
294.0 5.859375
295.0 5.90625
296.0 5.9921875
297.0 5.90625
298.0 5.78125
299.0 5.859375
300.0 5.734375
301.0 6.0390625
302.0 5.9296875
303.0 4.421875
304.0 7.03125
305.0 5.7890625
306.0 5.6953125
307.0 5.78125
308.0 4.03125
309.0 7.2265625
310.0 5.6953125
311.0 5.828125
312.0 5.75
313.0 5.9296875
314.0 6.03125
315.0 5.6640625
316.0 5.6953125
317.0 5.8828125
318.0 5.75
319.0 6.0
320.0 5.8203125
321.0 3.296875
322.0 8.6484375
323.0 5.890625
324.0 5.34375
325.0 6.484375
326.0 5.84375
327.0 5.9921875
328.0 5.9375
329.0 5.9609375
330.0 5.890625
331.0 5.9921875
332.0 5.15625
333.0 6.2421875
334.0 5.546875
335.0 5.6640625
336.0 5.546875
337.0 5.640625
338.0 5.703125
339.0 5.671875
340.0 5.6796875
341.0 5.4375
342.0 5.5625
343.0 5.578125
344.0 5.5625
345.0 5.671875
346.0 5.40625
347.0 1.7421875
348.0 9.3125
349.0 5.7578125
350.0 5.734375
351.0 5.6640625
352.0 5.671875
353.0 5.796875
354.0 5.859375
355.0 5.75
356.0 5.78125
357.0 5.28125
358.0 5.6640625
359.0 5.515625
360.0 5.4921875
361.0 5.703125
362.0 5.890625
363.0 5.7578125
364.0 5.5625
365.0 5.6640625
366.0 0.5703125
367.0 10.40625
368.0 5.640625
369.0 5.6484375
370.0 5.6328125
371.0 5.5546875
372.0 2.265625
373.0 8.8671875
374.0 5.6953125
375.0 5.6484375
376.0 5.4296875
377.0 5.5625
378.0 5.484375
379.0 5.46875
380.0 5.6328125
381.0 5.4609375
382.0 5.3671875
383.0 5.6484375
384.0 5.4609375
385.0 4.03125
386.0 6.8828125
387.0 5.40625
388.0 5.3046875
389.0 5.46875
390.0 5.6796875
391.0 2.8984375
392.0 8.140625
393.0 5.5
394.0 5.6484375
395.0 5.5625
396.0 5.5546875
397.0 5.6484375
398.0 5.4375
399.0 5.6796875
400.0 5.515625
401.0 5.6796875
402.0 5.7109375
403.0 5.6796875
404.0 6.0546875
405.0 5.6796875
406.0 5.6953125
407.0 5.46875
408.0 5.609375
409.0 1.7421875
410.0 9.9609375
411.0 5.9140625
412.0 5.9140625
413.0 5.9140625
414.0 5.9296875
415.0 5.9921875
416.0 5.703125
417.0 5.75
418.0 5.828125
419.0 5.828125
420.0 5.890625
421.0 5.8828125
422.0 1.7421875
423.0 9.875
424.0 5.8203125
425.0 5.9375
426.0 5.859375
427.0 3.5546875
428.0 8.2890625
429.0 6.0546875
430.0 5.9765625
431.0 5.78125
432.0 6.0390625
433.0 5.8515625
434.0 6.125
435.0 5.9453125
436.0 5.890625
437.0 5.8203125
438.0 5.9296875
439.0 5.796875
440.0 3.1484375
441.0 8.640625
442.0 6.09375
443.0 5.9765625
444.0 4.796875
445.0 6.84375
446.0 6.03125
447.0 5.7890625
448.0 5.7109375
449.0 5.703125
450.0 5.7890625
451.0 5.5625
452.0 5.5
453.0 5.6796875
454.0 5.6484375
455.0 5.6484375
456.0 5.234375
457.0 6.4375
458.0 5.7578125
459.0 5.796875
460.0 5.890625
461.0 5.8125
462.0 5.890625
463.0 5.765625
464.0 5.578125
465.0 5.7265625
466.0 5.875
467.0 5.6953125
468.0 6.0078125
469.0 5.8828125
470.0 1.09375
471.0 10.4609375
472.0 5.7109375
473.0 5.6796875
474.0 5.546875
475.0 1.5234375
476.0 9.546875
477.0 5.859375
478.0 5.890625
479.0 5.8203125
480.0 5.828125
481.0 5.890625
482.0 5.8515625
483.0 5.75
484.0 5.75
485.0 5.828125
486.0 5.7578125
487.0 5.8515625
488.0 5.6171875
489.0 5.6953125
490.0 5.609375
491.0 2.9375
492.0 8.375
493.0 5.5859375
494.0 5.6484375
495.0 5.7265625
496.0 5.515625
497.0 6.0078125
498.0 5.6953125
499.0 5.6171875
500.0 5.7265625
501.0 5.890625
502.0 5.90625
503.0 5.7265625
504.0 5.796875
505.0 5.671875
506.0 5.6796875
507.0 6.0
508.0 5.5
509.0 2.1484375
510.0 9.0703125
511.0 4.0078125
512.0 7.2890625
513.0 5.7109375
514.0 5.609375
515.0 5.703125
516.0 5.6015625
517.0 5.4375
518.0 5.34375
519.0 5.515625
520.0 5.5546875
521.0 5.515625
522.0 5.484375
523.0 5.34375
524.0 5.671875
525.0 5.5625
526.0 0.640625
527.0 10.4375
528.0 5.578125
529.0 5.171875
530.0 5.765625
531.0 5.421875
532.0 5.4375
533.0 5.515625
534.0 5.5
535.0 5.34375
536.0 5.4921875
537.0 5.640625
538.0 5.640625
539.0 5.4609375
540.0 5.484375
541.0 5.5
542.0 5.5859375
543.0 1.890625
544.0 9.015625
545.0 5.5625
546.0 2.5625
547.0 8.015625
548.0 5.5546875
549.0 5.46875
550.0 5.7890625
551.0 5.7578125
552.0 5.734375
553.0 5.578125
554.0 5.28125
555.0 6.390625
556.0 5.7265625
557.0 5.75
558.0 5.3125
559.0 6.125
560.0 6.09375
561.0 5.765625
562.0 5.75
563.0 5.6953125
564.0 5.890625
565.0 5.5625
566.0 5.2578125
567.0 6.2265625
568.0 5.5546875
569.0 5.7578125
570.0 5.6015625
571.0 5.734375
572.0 5.6484375
573.0 5.6328125
574.0 5.6796875
575.0 5.890625
576.0 5.9140625
577.0 5.671875
578.0 5.375
579.0 5.796875
580.0 5.6171875
581.0 4.4140625
582.0 6.8359375
583.0 5.90625
584.0 5.78125
585.0 5.234375
586.0 4.65625
587.0 6.6640625
588.0 5.609375
589.0 5.5546875
590.0 5.796875
591.0 5.28125
592.0 5.578125
593.0 2.1875
594.0 9.1796875
595.0 5.859375
596.0 5.640625
597.0 5.7578125
598.0 5.75
599.0 5.7890625
