0.0 5.890625
1.0 5.9296875
2.0 5.875
3.0 5.890625
4.0 5.8828125
5.0 5.8203125
6.0 6.0390625
7.0 5.9921875
8.0 6.0390625
9.0 2.296875
10.0 9.4765625
11.0 5.9921875
12.0 5.96875
13.0 2.359375
14.0 9.390625
15.0 5.9296875
16.0 5.859375
17.0 5.734375
18.0 5.7109375
19.0 5.6953125
20.0 5.8828125
21.0 2.2734375
22.0 9.515625
23.0 6.0546875
24.0 5.6171875
25.0 5.9609375
26.0 5.6796875
27.0 5.734375
28.0 5.8515625
29.0 5.890625
30.0 5.90625
31.0 5.9609375
32.0 6.0078125
33.0 2.265625
34.0 9.421875
35.0 6.171875
36.0 5.78125
37.0 2.375
38.0 9.1796875
39.0 5.8203125
40.0 5.578125
41.0 5.609375
42.0 5.7265625
43.0 5.828125
44.0 5.8125
45.0 5.8125
46.0 5.7109375
47.0 5.765625
48.0 5.7890625
49.0 5.7578125
50.0 5.765625
51.0 1.9765625
52.0 9.09375
53.0 5.6640625
54.0 5.515625
55.0 5.3125
56.0 5.765625
57.0 5.484375
58.0 5.046875
59.0 5.109375
60.0 5.375
61.0 5.5546875
62.0 5.5625
63.0 5.40625
64.0 5.6328125
65.0 5.53125
66.0 5.6953125
67.0 5.4921875
68.0 2.5625
69.0 8.8203125
70.0 5.6953125
71.0 5.734375
72.0 5.640625
73.0 5.6171875
74.0 5.5234375
75.0 5.640625
76.0 5.6015625
77.0 5.46875
78.0 5.6640625
79.0 5.6953125
80.0 5.6796875
81.0 0.8515625
82.0 10.7734375
83.0 6.0546875
84.0 5.859375
85.0 5.875
86.0 5.8828125
87.0 1.140625
88.0 10.734375
89.0 5.8828125
90.0 5.8515625
91.0 5.796875
92.0 5.609375
93.0 5.828125
94.0 5.828125
95.0 6.0859375
96.0 5.890625
97.0 5.765625
98.0 5.9453125
99.0 5.9921875
100.0 2.546875
101.0 9.375
102.0 5.9609375
103.0 5.9453125
104.0 6.0234375
105.0 5.1640625
106.0 6.71875
107.0 6.0
108.0 5.8515625
109.0 5.734375
110.0 6.0
111.0 5.9375
112.0 5.9609375
113.0 5.6953125
114.0 5.7578125
115.0 5.8515625
116.0 5.84375
117.0 5.703125
118.0 1.8671875
119.0 9.703125
120.0 5.8203125
121.0 5.9140625
122.0 6.0390625
123.0 5.8125
124.0 5.734375
125.0 5.6640625
126.0 5.84375
127.0 5.9375
128.0 5.8828125
129.0 6.0859375
130.0 5.90625
131.0 5.7890625
132.0 5.8125
133.0 5.734375
134.0 5.96875
135.0 5.734375
136.0 5.890625
137.0 5.75
138.0 3.0703125
139.0 8.59375
140.0 5.78125
141.0 5.6484375
142.0 5.796875
143.0 5.875
144.0 5.9609375
145.0 5.734375
146.0 5.765625
147.0 2.3125
148.0 9.046875
149.0 5.5234375
150.0 5.609375
151.0 5.375
152.0 5.3203125
153.0 0.703125
154.0 10.1171875
155.0 5.4921875
156.0 5.2578125
157.0 5.46875
158.0 5.53125
159.0 5.453125
160.0 5.6015625
161.0 5.5234375
162.0 5.75
163.0 5.421875
164.0 5.640625
165.0 5.6171875
166.0 0.6328125
167.0 10.5234375
168.0 5.6796875
169.0 5.578125
170.0 5.75
171.0 5.7109375
172.0 5.7578125
173.0 5.828125
174.0 5.6796875
175.0 5.7890625
176.0 5.6953125
177.0 5.78125
178.0 5.6796875
179.0 2.328125
180.0 9.390625
181.0 5.6796875
182.0 5.84375
183.0 5.7890625
184.0 5.875
185.0 6.03125
186.0 5.8515625
187.0 5.734375
188.0 5.8203125
189.0 5.765625
190.0 5.78125
191.0 5.8125
192.0 5.9921875
193.0 2.1796875
194.0 9.6015625
195.0 5.84375
196.0 5.796875
197.0 6.0234375
198.0 5.8203125
199.0 5.78125
200.0 5.9140625
201.0 5.890625
202.0 6.109375
203.0 5.9140625
204.0 5.84375
205.0 5.796875
206.0 5.703125
207.0 5.765625
208.0 5.7890625
209.0 5.84375
210.0 5.9453125
211.0 5.859375
212.0 6.0234375
213.0 6.0078125
214.0 5.859375
215.0 5.796875
216.0 5.7265625
217.0 5.8828125
218.0 5.703125
219.0 5.7265625
220.0 5.5546875
221.0 5.6328125
222.0 5.796875
223.0 5.7265625
224.0 5.6640625
225.0 5.6328125
226.0 5.5234375
227.0 5.6015625
228.0 5.78125
229.0 5.5859375
230.0 5.703125
231.0 5.9140625
232.0 5.6328125
233.0 5.796875
234.0 5.8203125
235.0 5.765625
236.0 5.8515625
237.0 5.765625
238.0 5.78125
239.0 5.875
240.0 2.296875
241.0 9.3125
242.0 5.6796875
243.0 5.7109375
244.0 5.7109375
245.0 2.421875
246.0 9.1015625
247.0 5.7109375
248.0 5.3984375
249.0 5.453125
250.0 5.421875
251.0 5.453125
252.0 5.53125
253.0 5.5234375
254.0 5.3515625
255.0 5.6328125
256.0 5.3828125
257.0 2.2109375
258.0 8.5859375
259.0 5.375
260.0 3.6171875
261.0 7.546875
262.0 5.8203125
263.0 5.640625
264.0 5.5234375
265.0 5.640625
266.0 5.75
267.0 4.171875
268.0 7.3671875
269.0 5.84375
270.0 5.6328125
271.0 5.6015625
272.0 5.7890625
273.0 5.9609375
274.0 5.828125
275.0 5.8203125
276.0 5.8203125
277.0 5.9765625
278.0 5.796875
279.0 5.796875
280.0 5.8125
281.0 5.828125
282.0 1.03125
283.0 10.59375
284.0 5.8203125
285.0 5.7890625
286.0 5.90625
287.0 5.2578125
288.0 6.265625
289.0 5.9375
290.0 5.7265625
291.0 2.4921875
292.0 9.3046875
293.0 5.9453125
294.0 5.9296875
295.0 5.84375
296.0 5.6953125
297.0 5.796875
298.0 5.828125
299.0 5.8515625
300.0 5.765625
301.0 5.9140625
302.0 5.9453125
303.0 5.8515625
304.0 5.828125
305.0 5.8515625
306.0 5.8125
307.0 6.0234375
308.0 5.7890625
309.0 6.15625
310.0 4.6015625
311.0 6.828125
312.0 5.765625
313.0 5.875
314.0 6.03125
315.0 5.84375
316.0 5.75
317.0 5.9765625
318.0 5.828125
319.0 5.703125
320.0 5.765625
321.0 5.6796875
322.0 5.6015625
323.0 5.7578125
324.0 2.1328125
325.0 9.75
326.0 5.796875
327.0 5.765625
328.0 4.7734375
329.0 6.515625
330.0 5.6796875
331.0 5.78125
332.0 5.828125
333.0 5.6015625
334.0 6.0859375
335.0 5.7890625
336.0 5.734375
337.0 5.7578125
338.0 5.7109375
339.0 5.5546875
340.0 5.7109375
341.0 5.609375
342.0 0.6328125
343.0 10.3671875
344.0 5.4375
345.0 5.46875
346.0 5.5546875
347.0 5.40625
348.0 2.34375
349.0 8.4375
350.0 5.515625
351.0 5.5625
352.0 5.453125
353.0 5.53125
354.0 5.5859375
355.0 5.34375
356.0 5.5234375
357.0 5.34375
358.0 5.671875
359.0 5.7265625
360.0 5.3046875
361.0 0.90625
362.0 10.21875
363.0 5.515625
364.0 5.796875
365.0 5.703125
366.0 4.3828125
367.0 7.078125
368.0 5.828125
369.0 2.1875
370.0 9.1484375
371.0 5.515625
372.0 5.7578125
373.0 5.8125
374.0 5.6484375
375.0 5.7109375
376.0 5.7578125
377.0 6.0234375
378.0 5.6953125
379.0 5.8203125
380.0 5.7265625
381.0 5.7265625
382.0 5.828125
383.0 2.5625
384.0 9.296875
385.0 6.0859375
386.0 5.9765625
387.0 5.765625
388.0 5.7578125
389.0 5.734375
390.0 5.7265625
391.0 5.8515625
392.0 5.96875
393.0 5.9609375
394.0 5.890625
395.0 5.7265625
396.0 5.6953125
397.0 6.03125
398.0 6.0390625
399.0 5.7265625
400.0 5.9609375
401.0 6.0390625
402.0 5.828125
403.0 5.6328125
404.0 5.9765625
405.0 5.8125
406.0 5.875
407.0 5.9140625
408.0 6.0078125
409.0 6.0234375
410.0 5.90625
411.0 5.828125
412.0 5.875
413.0 5.75
414.0 5.96875
415.0 3.015625
416.0 8.5703125
417.0 5.6953125
418.0 5.90625
419.0 5.96875
420.0 3.5234375
421.0 8.0625
422.0 5.734375
423.0 5.8203125
424.0 5.6796875
425.0 5.8515625
426.0 5.8828125
427.0 5.6015625
428.0 5.796875
429.0 5.7109375
430.0 5.5
431.0 5.828125
432.0 5.7890625
433.0 4.03125
434.0 7.5703125
435.0 5.6171875
436.0 5.7890625
437.0 5.75
438.0 5.9140625
439.0 5.7578125
440.0 5.8515625
441.0 5.75
442.0 5.7265625
443.0 5.765625
444.0 5.828125
445.0 5.578125
446.0 5.78125
447.0 5.4921875
448.0 5.515625
449.0 5.421875
450.0 3.3203125
451.0 7.34375
452.0 5.3515625
453.0 2.4765625
454.0 8.3515625
455.0 5.546875
456.0 5.5
457.0 5.578125
458.0 5.5
459.0 5.3515625
460.0 5.5546875
461.0 5.6015625
462.0 5.6484375
463.0 5.5546875
464.0 5.5625
465.0 5.578125
466.0 5.765625
467.0 2.625
468.0 8.71875
469.0 5.5625
470.0 5.5859375
471.0 5.703125
472.0 2.34375
473.0 9.125
474.0 5.671875
475.0 5.5625
476.0 5.859375
477.0 2.4296875
478.0 9.078125
479.0 2.5078125
480.0 8.953125
481.0 5.7109375
482.0 5.9375
483.0 5.765625
484.0 5.8515625
485.0 5.9296875
486.0 5.859375
487.0 5.78125
488.0 5.765625
489.0 5.9921875
490.0 5.9140625
491.0 5.9140625
492.0 5.7109375
493.0 5.9375
494.0 5.9765625
495.0 5.859375
496.0 5.828125
497.0 5.9453125
498.0 5.875
499.0 5.9140625
500.0 5.734375
501.0 6.0625
502.0 5.90625
503.0 5.875
504.0 5.9921875
505.0 5.75
506.0 5.859375
507.0 5.9453125
508.0 5.9140625
509.0 5.796875
510.0 5.6484375
511.0 5.9609375
512.0 5.75
513.0 5.9296875
514.0 5.765625
515.0 5.828125
516.0 5.8125
517.0 5.6796875
518.0 5.703125
519.0 5.8203125
520.0 5.8125
521.0 5.84375
522.0 5.890625
523.0 4.984375
524.0 6.4140625
525.0 5.671875
526.0 5.84375
527.0 5.6796875
528.0 5.5546875
529.0 0.9296875
530.0 10.46875
531.0 5.6640625
532.0 5.5234375
533.0 5.4375
534.0 5.4921875
535.0 5.5234375
536.0 5.5625
537.0 5.421875
538.0 5.5
539.0 5.46875
540.0 5.4921875
541.0 5.4296875
542.0 0.703125
543.0 10.1171875
544.0 5.3671875
545.0 5.5625
546.0 5.453125
547.0 5.28125
548.0 5.703125
549.0 5.3515625
550.0 5.34375
551.0 5.6171875
552.0 5.5859375
553.0 5.6953125
554.0 5.6328125
555.0 5.8203125
556.0 5.6953125
557.0 5.671875
558.0 5.7265625
559.0 5.6953125
560.0 5.3828125
561.0 5.9375
562.0 5.7890625
563.0 5.84375
564.0 5.828125
565.0 5.5234375
566.0 5.515625
567.0 5.75
568.0 5.90625
569.0 5.8203125
570.0 5.8515625
571.0 6.0
572.0 5.9296875
573.0 5.890625
574.0 5.90625
575.0 5.890625
576.0 5.90625
577.0 5.9375
578.0 5.875
579.0 6.0390625
580.0 0.8203125
581.0 10.90625
582.0 5.9921875
583.0 5.9296875
584.0 5.7578125
585.0 5.1640625
586.0 6.4453125
587.0 2.6015625
588.0 9.4453125
589.0 5.9375
590.0 5.90625
591.0 6.2109375
592.0 5.8515625
593.0 5.8515625
594.0 5.9453125
595.0 5.96875
596.0 5.765625
597.0 6.203125
598.0 5.78125
599.0 5.90625
