0.0 5.7890625
1.0 5.90625
2.0 5.7890625
3.0 5.15625
4.0 5.546875
5.0 4.1171875
6.0 4.7421875
7.0 4.5703125
8.0 6.625
9.0 5.421875
10.0 3.84375
11.0 4.5703125
12.0 5.6171875
13.0 6.3046875
14.0 6.1171875
15.0 4.6875
16.0 5.421875
17.0 5.9765625
18.0 5.78125
19.0 5.640625
20.0 6.0078125
21.0 5.8828125
22.0 3.140625
23.0 2.6953125
24.0 3.2890625
25.0 3.0703125
26.0 2.9375
27.0 5.7265625
28.0 6.265625
29.0 6.4140625
30.0 6.53125
31.0 6.515625
32.0 6.296875
33.0 5.9765625
34.0 4.7578125
35.0 3.078125
36.0 5.109375
37.0 3.546875
38.0 4.8359375
39.0 5.25
40.0 5.9375
41.0 3.515625
42.0 2.671875
43.0 1.671875
44.0 4.9296875
45.0 4.6640625
46.0 4.5
47.0 4.1015625
48.0 4.5390625
49.0 5.9375
50.0 4.5625
51.0 2.9375
52.0 5.859375
53.0 6.484375
54.0 5.8515625
55.0 6.0390625
56.0 6.0859375
57.0 5.4375
58.0 5.78125
59.0 4.609375
60.0 5.5625
61.0 6.625
62.0 6.59375
63.0 6.515625
64.0 6.109375
65.0 6.234375
66.0 6.3828125
67.0 6.0078125
68.0 6.0
69.0 5.6484375
70.0 5.4375
71.0 4.9765625
72.0 1.1796875
73.0 0.0
74.0 6.921875
75.0 3.8046875
76.0 4.453125
77.0 3.90625
78.0 5.203125
79.0 4.8359375
80.0 4.71875
81.0 4.9765625
82.0 4.8046875
83.0 4.890625
84.0 5.515625
85.0 6.109375
86.0 6.0390625
87.0 5.6640625
88.0 6.1796875
89.0 5.671875
90.0 5.34375
91.0 1.703125
92.0 6.9296875
93.0 3.015625
94.0 4.8984375
95.0 4.7265625
96.0 5.75
97.0 5.890625
98.0 6.0546875
99.0 5.9453125
100.0 6.40625
101.0 6.8828125
102.0 6.75
103.0 6.890625
104.0 6.5390625
105.0 6.1171875
106.0 6.9765625
107.0 6.890625
108.0 6.4765625
109.0 2.59375
110.0 10.4921875
111.0 6.5
112.0 4.75
113.0 5.1875
114.0 5.765625
115.0 4.484375
116.0 6.6171875
117.0 5.859375
118.0 5.3984375
119.0 5.6953125
120.0 5.015625
121.0 5.875
122.0 5.7265625
123.0 6.0078125
124.0 6.09375
125.0 6.296875
126.0 5.515625
127.0 5.3515625
128.0 5.484375
129.0 4.359375
130.0 5.859375
131.0 2.9375
132.0 4.515625
133.0 5.2890625
134.0 5.2578125
135.0 4.265625
136.0 5.8828125
137.0 5.046875
138.0 5.9765625
139.0 5.046875
140.0 6.9453125
141.0 5.8125
142.0 5.53125
143.0 5.0703125
144.0 2.59375
145.0 8.1953125
146.0 5.3125
147.0 5.3125
148.0 5.28125
149.0 5.2734375
150.0 5.78125
151.0 5.15625
152.0 5.90625
153.0 6.4765625
154.0 6.1484375
155.0 5.484375
156.0 5.875
157.0 5.875
158.0 1.9140625
159.0 10.1796875
160.0 5.8203125
161.0 4.1015625
162.0 7.703125
163.0 5.671875
164.0 5.3984375
165.0 5.21875
166.0 5.4375
167.0 5.3046875
168.0 5.0859375
169.0 4.921875
170.0 4.3515625
171.0 4.6953125
172.0 6.0078125
173.0 6.328125
174.0 6.3671875
175.0 6.5625
176.0 6.71875
177.0 6.59375
178.0 6.9765625
179.0 3.1328125
180.0 9.4765625
181.0 6.03125
182.0 5.828125
183.0 6.421875
184.0 5.9140625
185.0 6.2265625
186.0 5.90625
187.0 4.7109375
188.0 5.671875
189.0 5.8515625
190.0 2.78125
191.0 8.9453125
192.0 5.703125
193.0 4.0625
194.0 4.8046875
195.0 1.2265625
196.0 7.9296875
197.0 3.59375
198.0 2.546875
199.0 2.5234375
200.0 5.0546875
201.0 6.171875
202.0 6.2890625
203.0 6.1875
204.0 5.7109375
205.0 6.1484375
206.0 4.90625
207.0 4.5625
208.0 7.3125
209.0 6.03125
210.0 5.6796875
211.0 4.9609375
212.0 5.7890625
213.0 5.7890625
214.0 5.90625
215.0 5.828125
216.0 5.6015625
217.0 3.921875
218.0 6.3203125
219.0 3.640625
220.0 6.0546875
221.0 5.8125
222.0 5.5
223.0 3.953125
224.0 3.9453125
225.0 4.9609375
226.0 5.4609375
227.0 5.234375
228.0 2.75
229.0 3.9375
230.0 4.5390625
231.0 3.4375
232.0 4.0078125
233.0 4.171875
234.0 1.828125
235.0 0.8125
236.0 8.421875
237.0 4.1171875
238.0 4.4296875
239.0 4.5625
240.0 4.3828125
241.0 0.5390625
242.0 8.765625
243.0 3.765625
244.0 3.671875
245.0 2.84375
246.0 3.3515625
247.0 4.0703125
248.0 2.8046875
249.0 2.4765625
250.0 2.3125
251.0 3.2890625
252.0 3.0859375
253.0 4.9765625
254.0 4.2421875
255.0 4.3828125
256.0 2.9296875
257.0 2.5078125
258.0 5.234375
259.0 3.8515625
260.0 4.0546875
261.0 5.125
262.0 3.1015625
263.0 4.1015625
264.0 5.640625
265.0 5.796875
266.0 5.0078125
267.0 4.828125
268.0 2.453125
269.0 4.359375
270.0 2.7890625
271.0 6.2265625
272.0 7.1640625
273.0 4.796875
274.0 4.59375
275.0 5.1875
276.0 5.078125
277.0 5.015625
278.0 4.328125
279.0 4.3046875
280.0 3.375
281.0 4.8984375
282.0 5.5859375
283.0 6.09375
284.0 5.9140625
285.0 4.8984375
286.0 0.7265625
287.0 0.0
288.0 0.0
289.0 6.3828125
290.0 6.0546875
291.0 4.6953125
292.0 0.3359375
293.0 6.296875
294.0 3.9140625
295.0 5.9296875
296.0 1.9453125
297.0 2.75
298.0 4.7109375
299.0 4.1875
300.0 5.0078125
301.0 5.640625
302.0 5.3828125
303.0 4.5703125
304.0 0.5546875
305.0 10.03125
306.0 5.3359375
307.0 5.1328125
308.0 5.015625
309.0 5.015625
310.0 4.390625
311.0 5.125
312.0 6.1484375
313.0 6.078125
314.0 5.2578125
315.0 5.375
316.0 6.0078125
317.0 6.421875
318.0 6.265625
319.0 6.2421875
320.0 5.671875
321.0 5.6015625
322.0 5.640625
323.0 5.3359375
324.0 0.6171875
325.0 7.40625
326.0 4.59375
327.0 5.34375
328.0 5.3984375
329.0 4.9765625
330.0 5.34375
331.0 5.3828125
332.0 4.9765625
333.0 2.9296875
334.0 3.1328125
335.0 1.7421875
336.0 1.40625
337.0 3.4453125
338.0 4.0390625
339.0 4.0078125
340.0 4.828125
341.0 4.6875
342.0 1.8359375
343.0 0.0
344.0 7.0625
345.0 4.796875
346.0 5.34375
347.0 5.3515625
348.0 5.40625
349.0 3.0390625
350.0 8.2890625
351.0 5.78125
352.0 5.765625
353.0 5.0234375
354.0 4.5703125
355.0 6.4140625
356.0 6.2421875
357.0 5.0703125
358.0 6.328125
359.0 5.3984375
360.0 4.3984375
361.0 3.8515625
362.0 5.078125
363.0 4.3203125
364.0 5.3828125
365.0 3.796875
366.0 3.015625
367.0 3.7265625
368.0 4.234375
369.0 4.859375
370.0 4.7421875
371.0 3.3671875
372.0 4.9453125
373.0 3.9765625
374.0 4.3515625
375.0 3.515625
376.0 1.3125
377.0 0.0
378.0 7.0390625
379.0 5.2890625
380.0 3.59375
381.0 1.0625
382.0 4.65625
383.0 3.375
384.0 2.28125
385.0 3.953125
386.0 4.609375
387.0 3.8515625
388.0 5.8828125
389.0 4.921875
390.0 4.78125
391.0 5.28125
392.0 6.4453125
393.0 6.03125
394.0 5.859375
395.0 6.03125
396.0 5.28125
397.0 6.0078125
398.0 5.6171875
399.0 5.7109375
400.0 5.3984375
401.0 5.203125
402.0 4.890625
403.0 5.6171875
404.0 6.03125
405.0 6.03125
406.0 6.2265625
407.0 5.34375
408.0 5.3359375
409.0 5.734375
410.0 3.3828125
411.0 0.8671875
412.0 6.828125
413.0 6.65625
414.0 6.953125
415.0 5.6640625
416.0 5.0859375
417.0 4.921875
418.0 5.578125
419.0 6.140625
420.0 4.84375
421.0 4.6953125
422.0 5.0859375
423.0 4.7421875
424.0 3.4140625
425.0 0.484375
426.0 7.375
427.0 3.734375
428.0 4.8046875
429.0 2.546875
430.0 9.1328125
431.0 5.7265625
432.0 5.53125
433.0 5.1015625
434.0 5.6328125
435.0 6.515625
436.0 6.171875
437.0 5.25
438.0 4.8046875
439.0 4.484375
440.0 4.6796875
441.0 4.546875
442.0 1.796875
443.0 9.4140625
444.0 5.9375
445.0 5.546875
446.0 5.9609375
447.0 6.203125
448.0 6.8828125
449.0 6.1484375
450.0 6.5390625
451.0 6.2890625
452.0 6.328125
453.0 5.2265625
454.0 5.3671875
455.0 4.9296875
456.0 4.28125
457.0 3.7578125
458.0 3.609375
459.0 4.421875
460.0 4.6796875
461.0 1.703125
462.0 7.046875
463.0 4.3671875
464.0 4.8125
465.0 2.046875
466.0 6.71875
467.0 4.453125
468.0 4.6953125
469.0 4.921875
470.0 3.90625
471.0 4.625
472.0 4.3515625
473.0 4.421875
474.0 4.5
475.0 5.2578125
476.0 5.3671875
477.0 4.3984375
478.0 3.65625
479.0 0.1875
480.0 5.3984375
481.0 4.0234375
482.0 4.0234375
483.0 3.9921875
484.0 4.5078125
485.0 4.5625
486.0 4.0703125
487.0 1.8046875
488.0 7.21875
489.0 3.7421875
490.0 3.109375
491.0 4.8125
492.0 5.703125
493.0 5.1640625
494.0 5.6796875
495.0 5.578125
496.0 5.7578125
497.0 5.515625
498.0 5.234375
499.0 2.7109375
500.0 7.28125
501.0 5.125
502.0 5.1875
503.0 4.234375
504.0 3.890625
505.0 3.921875
506.0 2.09375
507.0 0.15625
508.0 8.0234375
509.0 3.7421875
510.0 3.3984375
511.0 2.4140625
512.0 3.84375
513.0 3.703125
514.0 2.7734375
515.0 2.4609375
516.0 4.59375
517.0 4.65625
518.0 3.3828125
519.0 0.8359375
520.0 6.7109375
521.0 5.7265625
522.0 5.515625
523.0 5.796875
524.0 5.6640625
525.0 5.171875
526.0 5.4375
527.0 4.984375
528.0 5.4375
529.0 5.46875
530.0 4.78125
531.0 4.1875
532.0 4.1171875
533.0 3.296875
534.0 2.1796875
535.0 2.515625
536.0 0.4921875
537.0 8.4765625
538.0 5.40625
539.0 5.3671875
540.0 5.421875
541.0 5.46875
542.0 5.0703125
543.0 0.9296875
544.0 7.40625
545.0 4.609375
546.0 5.15625
547.0 5.15625
548.0 2.921875
549.0 7.2265625
550.0 5.5859375
551.0 5.6484375
552.0 6.1796875
553.0 5.484375
554.0 5.7265625
555.0 5.4921875
556.0 4.484375
557.0 4.3828125
558.0 5.375
559.0 4.9609375
560.0 5.5625
561.0 5.484375
562.0 4.890625
563.0 0.0
564.0 9.3125
565.0 3.7734375
566.0 4.3671875
567.0 0.8828125
568.0 9.609375
569.0 5.015625
570.0 4.234375
571.0 4.53125
572.0 5.0546875
573.0 4.296875
574.0 6.46875
575.0 5.609375
576.0 6.0546875
577.0 6.15625
578.0 6.0234375
579.0 5.046875
580.0 6.4140625
581.0 3.1484375
582.0 5.2578125
583.0 5.5859375
584.0 5.25
585.0 5.609375
586.0 6.1875
587.0 6.1796875
588.0 5.671875
589.0 6.078125
590.0 5.6015625
591.0 5.8203125
592.0 5.828125
593.0 5.25
594.0 1.6875
595.0 0.0
596.0 9.5078125
597.0 5.7578125
598.0 5.609375
599.0 6.4375
