0.0 4.609375
1.0 4.875
2.0 4.7265625
3.0 4.5390625
4.0 4.71875
5.0 4.7421875
6.0 4.859375
7.0 4.921875
8.0 4.8359375
9.0 0.375
10.0 9.0390625
11.0 4.453125
12.0 4.6875
13.0 4.1484375
14.0 0.0
15.0 8.421875
16.0 4.125
17.0 4.1328125
18.0 4.421875
19.0 4.7421875
20.0 4.875
21.0 4.953125
22.0 4.984375
23.0 5.0703125
24.0 4.7578125
25.0 4.7734375
26.0 3.9453125
27.0 0.0
28.0 8.46875
29.0 4.359375
30.0 3.703125
31.0 4.90625
32.0 4.390625
33.0 4.4296875
34.0 4.359375
35.0 4.578125
36.0 4.4765625
37.0 4.4140625
38.0 3.90625
39.0 5.15625
40.0 4.6328125
41.0 4.359375
42.0 3.859375
43.0 5.3671875
44.0 4.3203125
45.0 5.2578125
46.0 4.7578125
47.0 5.1640625
48.0 5.015625
49.0 4.890625
50.0 4.796875
51.0 4.625
52.0 4.390625
53.0 4.7265625
54.0 4.7421875
55.0 4.625
56.0 4.1328125
57.0 4.8359375
58.0 4.65625
59.0 1.8046875
60.0 7.0625
61.0 4.53125
62.0 4.9296875
63.0 4.7421875
64.0 1.8984375
65.0 6.8359375
66.0 4.234375
67.0 4.1015625
68.0 4.6640625
69.0 4.953125
70.0 4.9296875
71.0 4.4453125
72.0 4.25
73.0 4.46875
74.0 4.2734375
75.0 3.890625
76.0 1.921875
77.0 5.796875
78.0 4.0
79.0 4.4296875
80.0 4.6640625
81.0 4.6328125
82.0 4.6953125
83.0 0.46875
84.0 9.0625
85.0 4.3828125
86.0 4.5078125
87.0 1.375
88.0 7.3671875
89.0 4.1171875
90.0 4.6875
91.0 3.765625
92.0 4.546875
93.0 5.046875
94.0 4.546875
95.0 4.609375
96.0 4.796875
97.0 4.59375
98.0 4.4140625
99.0 4.6953125
100.0 4.3203125
101.0 1.234375
102.0 6.515625
103.0 6.828125
104.0 4.59375
105.0 4.921875
106.0 4.7265625
107.0 4.8046875
108.0 4.484375
109.0 5.2265625
110.0 5.21875
111.0 5.2578125
112.0 5.3671875
113.0 5.2265625
114.0 4.8671875
115.0 5.1953125
116.0 2.7109375
117.0 4.203125
118.0 6.5703125
119.0 5.125
120.0 4.9921875
121.0 3.671875
122.0 6.2109375
123.0 5.203125
124.0 4.890625
125.0 5.2578125
126.0 5.375
127.0 5.234375
128.0 4.03125
129.0 3.6171875
130.0 5.484375
131.0 5.140625
132.0 4.921875
133.0 4.6953125
134.0 1.0859375
135.0 8.6171875
136.0 4.484375
137.0 4.609375
138.0 4.5390625
139.0 4.6484375
140.0 4.359375
141.0 0.90625
142.0 7.9453125
143.0 4.09375
144.0 3.8828125
145.0 4.3515625
146.0 4.03125
147.0 4.3984375
148.0 4.328125
149.0 3.734375
150.0 4.7578125
151.0 4.890625
152.0 4.75
153.0 4.65625
154.0 2.375
155.0 6.78125
156.0 4.328125
157.0 4.46875
158.0 4.5625
159.0 2.2109375
160.0 7.3359375
161.0 3.4765625
162.0 1.4375
163.0 1.0859375
164.0 3.4375
165.0 4.875
166.0 4.8359375
167.0 4.75
168.0 4.7734375
169.0 4.8046875
170.0 4.53125
171.0 3.25
172.0 5.96875
173.0 4.7265625
174.0 4.2734375
175.0 5.453125
176.0 4.5078125
177.0 4.546875
178.0 4.125
179.0 5.0234375
180.0 4.796875
181.0 4.6796875
182.0 4.4296875
183.0 4.6640625
184.0 4.453125
185.0 4.5
186.0 4.3828125
187.0 4.75
188.0 4.7578125
189.0 4.921875
190.0 5.0859375
191.0 4.5703125
192.0 2.15625
193.0 6.7421875
194.0 4.4140625
195.0 4.5703125
196.0 4.359375
197.0 4.609375
198.0 4.84375
199.0 5.2890625
200.0 3.5625
201.0 2.5078125
202.0 2.578125
203.0 2.625
204.0 2.5078125
205.0 2.4609375
206.0 1.0625
207.0 5.5546875
208.0 4.8359375
209.0 4.984375
210.0 5.2734375
211.0 5.2890625
212.0 4.3828125
213.0 5.3203125
214.0 4.71875
215.0 4.59375
216.0 5.0390625
217.0 5.1328125
218.0 5.53125
219.0 5.2734375
220.0 5.25
221.0 4.953125
222.0 5.2265625
223.0 5.28125
224.0 5.28125
225.0 5.0703125
226.0 4.328125
227.0 6.1171875
228.0 5.203125
229.0 5.375
230.0 5.6640625
231.0 5.0546875
232.0 5.0546875
233.0 4.8046875
234.0 5.0078125
235.0 4.9765625
236.0 4.8359375
237.0 0.8515625
238.0 6.9453125
239.0 4.8984375
240.0 2.8515625
241.0 3.9140625
242.0 4.9921875
243.0 2.421875
244.0 7.2890625
245.0 4.90625
246.0 4.921875
247.0 4.828125
248.0 5.109375
249.0 4.78125
250.0 4.296875
251.0 4.8046875
252.0 5.0546875
253.0 4.7421875
254.0 4.828125
255.0 4.984375
256.0 4.5
257.0 5.53125
258.0 5.4921875
259.0 5.203125
260.0 5.1875
261.0 5.3203125
262.0 0.546875
263.0 10.2578125
264.0 5.3671875
265.0 5.046875
266.0 4.9765625
267.0 4.9296875
268.0 5.15625
269.0 4.8984375
270.0 5.046875
271.0 5.015625
272.0 4.84375
273.0 4.984375
274.0 3.9375
275.0 6.2578125
276.0 5.0859375
277.0 5.171875
278.0 5.0390625
279.0 5.2265625
280.0 3.734375
281.0 6.4140625
282.0 5.4296875
283.0 5.0859375
284.0 5.0859375
285.0 5.171875
286.0 4.578125
287.0 5.7265625
288.0 4.5078125
289.0 5.8125
290.0 5.203125
291.0 5.28125
292.0 4.8125
293.0 5.6640625
294.0 5.0234375
295.0 4.8984375
296.0 4.5390625
297.0 4.7578125
298.0 4.59375
299.0 4.796875
300.0 4.6328125
301.0 5.8203125
302.0 4.5078125
303.0 5.171875
304.0 4.5078125
305.0 4.7265625
306.0 4.75
307.0 4.7109375
308.0 4.609375
309.0 4.8125
310.0 4.4296875
311.0 5.3515625
312.0 4.8046875
313.0 4.71875
314.0 4.65625
315.0 4.9296875
316.0 4.7734375
317.0 4.8125
318.0 4.171875
319.0 5.125
320.0 4.7578125
321.0 4.8125
322.0 4.9296875
323.0 5.109375
324.0 4.984375
325.0 5.046875
326.0 4.984375
327.0 4.6484375
328.0 4.9765625
329.0 5.0859375
330.0 4.8671875
331.0 4.4296875
332.0 4.6015625
333.0 4.953125
334.0 1.40625
335.0 8.65625
336.0 4.890625
337.0 4.5703125
338.0 5.3125
339.0 4.6484375
340.0 4.0078125
341.0 4.9453125
342.0 5.125
343.0 5.0546875
344.0 5.0390625
345.0 4.84375
346.0 4.9296875
347.0 4.9609375
348.0 5.1015625
349.0 5.1328125
350.0 5.21875
351.0 1.03125
352.0 8.7734375
353.0 4.828125
354.0 4.7109375
355.0 1.5703125
356.0 7.734375
357.0 4.984375
358.0 4.484375
359.0 3.796875
360.0 4.359375
361.0 4.0390625
362.0 4.75
363.0 5.140625
364.0 5.15625
365.0 5.171875
366.0 5.3046875
367.0 5.1640625
368.0 5.140625
369.0 4.859375
370.0 4.8046875
371.0 5.0703125
372.0 5.375
373.0 4.859375
374.0 4.5078125
375.0 4.546875
376.0 1.09375
377.0 8.796875
378.0 4.625
379.0 4.609375
380.0 4.71875
381.0 4.78125
382.0 4.796875
383.0 5.1875
384.0 5.1328125
385.0 4.5
386.0 2.0859375
387.0 6.3671875
388.0 4.75
389.0 4.25
390.0 3.953125
391.0 4.0234375
392.0 4.4296875
393.0 4.4453125
394.0 4.5078125
395.0 4.3359375
396.0 2.90625
397.0 1.671875
398.0 6.59375
399.0 3.9375
400.0 4.3671875
401.0 4.5390625
402.0 4.53125
403.0 4.4140625
404.0 3.828125
405.0 4.828125
406.0 4.3984375
407.0 4.203125
408.0 3.9453125
409.0 4.953125
410.0 4.625
411.0 4.359375
412.0 3.65625
413.0 4.265625
414.0 4.0234375
415.0 4.4140625
416.0 4.59375
417.0 1.171875
418.0 5.6796875
419.0 4.515625
420.0 4.0234375
421.0 4.953125
422.0 3.3125
423.0 3.84375
424.0 3.8828125
425.0 3.3125
426.0 3.4921875
427.0 3.890625
428.0 3.671875
429.0 3.1796875
430.0 2.6953125
431.0 4.65625
432.0 4.7109375
433.0 4.515625
434.0 4.5
435.0 4.484375
436.0 4.859375
437.0 2.546875
438.0 6.9765625
439.0 5.203125
440.0 5.171875
441.0 3.3203125
442.0 6.59375
443.0 4.8125
444.0 4.15625
445.0 4.3984375
446.0 4.7109375
447.0 4.6953125
448.0 4.5625
449.0 4.546875
450.0 4.53125
451.0 4.859375
452.0 2.453125
453.0 0.15625
454.0 1.1171875
455.0 8.6484375
456.0 4.984375
457.0 4.9453125
458.0 5.078125
459.0 5.125
460.0 0.5234375
461.0 9.59375
462.0 5.453125
463.0 4.9296875
464.0 5.3046875
465.0 5.3671875
466.0 5.2890625
467.0 5.109375
468.0 5.1875
469.0 5.015625
470.0 4.84375
471.0 4.78125
472.0 4.9453125
473.0 1.34375
474.0 8.2734375
475.0 4.796875
476.0 4.953125
477.0 4.6484375
478.0 5.4296875
479.0 4.8125
480.0 4.6015625
481.0 4.546875
482.0 4.5078125
483.0 4.125
484.0 2.84375
485.0 2.6953125
486.0 3.7265625
487.0 4.609375
488.0 4.625
489.0 5.0234375
490.0 5.0703125
491.0 0.8125
492.0 9.1484375
493.0 4.609375
494.0 4.5
495.0 4.3203125
496.0 1.1796875
497.0 8.234375
498.0 4.859375
499.0 4.484375
500.0 4.453125
501.0 4.3515625
502.0 4.4765625
503.0 4.7265625
504.0 4.984375
505.0 4.7265625
506.0 4.75
507.0 4.8359375
508.0 4.8671875
509.0 3.578125
510.0 6.2890625
511.0 4.984375
512.0 5.0703125
513.0 5.0546875
514.0 0.8125
515.0 7.9296875
516.0 0.734375
517.0 4.7421875
518.0 4.75
519.0 4.53125
520.0 4.515625
521.0 4.1875
522.0 2.1171875
523.0 6.75
524.0 4.625
525.0 4.9453125
526.0 4.328125
527.0 4.3046875
528.0 0.09375
529.0 7.84375
530.0 3.796875
531.0 3.265625
532.0 4.03125
533.0 4.8359375
534.0 4.234375
535.0 4.5625
536.0 4.609375
537.0 4.3515625
538.0 4.6796875
539.0 4.4453125
540.0 4.4453125
541.0 4.453125
542.0 4.5625
543.0 4.4140625
544.0 4.484375
545.0 4.2734375
546.0 4.625
547.0 0.6875
548.0 8.703125
549.0 4.8671875
550.0 4.875
551.0 4.90625
552.0 4.6328125
553.0 4.0390625
554.0 0.4609375
555.0 9.265625
556.0 4.578125
557.0 4.390625
558.0 3.46875
559.0 4.25
560.0 4.90625
561.0 4.9453125
562.0 4.125
563.0 3.6171875
564.0 3.6953125
565.0 3.84375
566.0 2.328125
567.0 6.5703125
568.0 4.4296875
569.0 4.5390625
570.0 4.75
571.0 4.1015625
572.0 2.0859375
573.0 0.0
574.0 7.46875
575.0 1.6171875
576.0 4.390625
577.0 4.4765625
578.0 4.4296875
579.0 4.0703125
580.0 3.96875
581.0 3.3125
582.0 5.2265625
583.0 4.3203125
584.0 4.515625
585.0 4.9609375
586.0 4.6015625
587.0 4.5703125
588.0 0.71875
589.0 8.4921875
590.0 4.328125
591.0 4.4765625
592.0 4.5625
593.0 4.5078125
594.0 4.4296875
595.0 4.0546875
596.0 4.5390625
597.0 2.453125
598.0 6.3046875
599.0 4.625
