0.0 2.484375
1.0 2.4296875
2.0 2.6015625
3.0 3.921875
4.0 3.4375
5.0 4.0859375
6.0 3.5234375
7.0 0.390625
8.0 0.0
9.0 7.9375
10.0 5.6953125
11.0 5.1875
12.0 3.890625
13.0 5.40625
14.0 5.34375
15.0 5.2578125
16.0 3.84375
17.0 3.8828125
18.0 3.890625
19.0 2.7578125
20.0 2.34375
21.0 3.609375
22.0 4.265625
23.0 5.7109375
24.0 6.03125
25.0 4.1875
26.0 0.28125
27.0 10.3515625
28.0 5.3125
29.0 4.6484375
30.0 3.8203125
31.0 0.0
32.0 8.75
33.0 4.6484375
34.0 5.96875
35.0 5.8828125
36.0 5.375
37.0 5.34375
38.0 6.0
39.0 5.3984375
40.0 4.234375
41.0 3.890625
42.0 6.2890625
43.0 4.984375
44.0 6.75
45.0 6.125
46.0 6.2109375
47.0 5.734375
48.0 3.375
49.0 7.65625
50.0 6.5078125
51.0 6.4765625
52.0 6.140625
53.0 3.9921875
54.0 2.65625
55.0 1.1953125
56.0 3.4375
57.0 6.125
58.0 6.515625
59.0 6.3671875
60.0 5.875
61.0 1.890625
62.0 9.71875
63.0 4.921875
64.0 5.5234375
65.0 5.25
66.0 5.4921875
67.0 5.6015625
68.0 5.125
69.0 4.7421875
70.0 4.8984375
71.0 5.5234375
72.0 5.3046875
73.0 5.078125
74.0 5.0390625
75.0 4.0390625
76.0 4.9609375
77.0 4.984375
78.0 4.90625
79.0 7.609375
80.0 6.3203125
81.0 6.0390625
82.0 6.2109375
83.0 5.0546875
84.0 5.9921875
85.0 6.3359375
86.0 5.234375
87.0 5.7109375
88.0 5.421875
89.0 5.203125
90.0 5.53125
91.0 5.3828125
92.0 5.375
93.0 4.828125
94.0 5.015625
95.0 5.46875
96.0 3.5
97.0 5.90625
98.0 8.2109375
99.0 5.7265625
100.0 5.234375
101.0 5.3828125
102.0 4.9296875
103.0 5.2265625
104.0 3.1328125
105.0 4.1171875
106.0 6.3203125
107.0 5.2265625
108.0 5.890625
109.0 6.359375
110.0 5.8203125
111.0 1.59375
112.0 8.8671875
113.0 6.40625
114.0 7.1875
115.0 6.515625
116.0 2.8203125
117.0 9.8515625
118.0 5.078125
119.0 5.203125
120.0 4.6796875
121.0 5.4609375
122.0 4.453125
123.0 4.9296875
124.0 6.078125
125.0 5.3125
126.0 4.8671875
127.0 4.3671875
128.0 2.6875
129.0 5.0859375
130.0 5.703125
131.0 5.171875
132.0 5.0859375
133.0 5.3203125
134.0 5.5
135.0 5.9375
136.0 5.3125
137.0 6.3828125
138.0 6.1875
139.0 6.1484375
140.0 4.2109375
141.0 3.34375
142.0 4.265625
143.0 5.28125
144.0 3.5859375
145.0 0.3046875
146.0 9.125
147.0 6.0234375
148.0 5.0390625
149.0 5.25
150.0 5.3125
151.0 1.7890625
152.0 6.0546875
153.0 4.9921875
154.0 5.0234375
155.0 5.4609375
156.0 3.9921875
157.0 2.1640625
158.0 2.4453125
159.0 4.7734375
160.0 5.3671875
161.0 6.1484375
162.0 2.7421875
163.0 2.0703125
164.0 0.8515625
165.0 8.5234375
166.0 6.1484375
167.0 5.5546875
168.0 5.671875
169.0 6.421875
170.0 6.3515625
171.0 6.5703125
172.0 6.2578125
173.0 6.4140625
174.0 6.09375
175.0 6.2890625
176.0 3.7109375
177.0 6.515625
178.0 2.3671875
179.0 6.296875
180.0 5.703125
181.0 6.1796875
182.0 5.4921875
183.0 1.296875
184.0 9.8046875
185.0 6.296875
186.0 5.828125
187.0 3.859375
188.0 5.421875
189.0 5.234375
190.0 5.734375
191.0 4.7578125
192.0 4.0859375
193.0 2.359375
194.0 4.9921875
195.0 5.1640625
196.0 4.8125
197.0 4.8125
198.0 4.859375
199.0 5.1015625
200.0 5.3203125
201.0 0.9609375
202.0 7.359375
203.0 4.5625
204.0 4.0859375
205.0 2.625
206.0 6.1484375
207.0 5.1015625
208.0 5.1328125
209.0 4.8046875
210.0 5.046875
211.0 5.0234375
212.0 5.875
213.0 5.5546875
214.0 5.484375
215.0 5.375
216.0 3.375
217.0 7.71875
218.0 4.8125
219.0 5.2890625
220.0 5.1875
221.0 5.1875
222.0 1.8671875
223.0 6.3359375
224.0 4.28125
225.0 4.71875
226.0 3.0390625
227.0 7.7265625
228.0 5.875
229.0 5.9609375
230.0 5.8125
231.0 6.265625
232.0 4.3671875
233.0 3.1953125
234.0 3.953125
235.0 4.7421875
236.0 5.578125
237.0 5.5234375
238.0 6.3828125
239.0 6.453125
240.0 5.828125
241.0 5.203125
242.0 6.3671875
243.0 5.078125
244.0 3.640625
245.0 7.8203125
246.0 6.2890625
247.0 5.5546875
248.0 5.40625
249.0 6.1796875
250.0 4.03125
251.0 1.390625
252.0 0.0
253.0 9.609375
254.0 3.515625
255.0 8.0625
256.0 5.5234375
257.0 5.6796875
258.0 5.3359375
259.0 5.3203125
260.0 4.515625
261.0 2.7421875
262.0 3.0
263.0 3.1640625
264.0 2.71875
265.0 2.390625
266.0 5.0703125
267.0 5.34375
268.0 2.8671875
269.0 0.03125
270.0 9.609375
271.0 5.421875
272.0 6.0390625
273.0 3.96875
274.0 6.1875
275.0 2.125
276.0 3.765625
277.0 4.265625
278.0 3.40625
279.0 6.9140625
280.0 3.7890625
281.0 2.5390625
282.0 3.4609375
283.0 1.359375
284.0 1.96875
285.0 4.21875
286.0 3.921875
287.0 4.4453125
288.0 5.171875
289.0 4.984375
290.0 5.3515625
291.0 4.53125
292.0 1.046875
293.0 5.6328125
294.0 2.6015625
295.0 2.1171875
296.0 2.5078125
297.0 2.6640625
298.0 0.578125
299.0 5.46875
300.0 2.4453125
301.0 2.953125
302.0 2.9375
303.0 2.7421875
304.0 3.671875
305.0 5.34375
306.0 5.5546875
307.0 3.9453125
308.0 4.7421875
309.0 4.625
310.0 1.5859375
311.0 6.4375
312.0 6.2578125
313.0 4.453125
314.0 4.578125
315.0 4.484375
316.0 4.9765625
317.0 5.21875
318.0 3.3984375
319.0 5.3125
320.0 2.046875
321.0 4.359375
322.0 4.5390625
323.0 3.7890625
324.0 2.7421875
325.0 1.7890625
326.0 4.0078125
327.0 5.578125
328.0 3.5234375
329.0 6.0859375
330.0 3.171875
331.0 5.078125
332.0 3.3671875
333.0 7.6328125
334.0 5.3359375
335.0 5.8125
336.0 3.8828125
337.0 3.875
338.0 5.21875
339.0 2.421875
340.0 3.546875
341.0 4.7421875
342.0 5.0703125
343.0 4.1796875
344.0 4.59375
345.0 4.7265625
346.0 6.9453125
347.0 9.125
348.0 3.875
349.0 8.9765625
350.0 5.84375
351.0 4.5625
352.0 5.9921875
353.0 5.765625
354.0 4.171875
355.0 5.375
356.0 5.15625
357.0 4.203125
358.0 5.703125
359.0 4.2734375
360.0 2.25
361.0 6.8359375
362.0 5.9765625
363.0 3.5
364.0 4.0625
365.0 3.6484375
366.0 3.296875
367.0 1.8515625
368.0 3.4609375
369.0 6.0234375
370.0 5.515625
371.0 3.96875
372.0 4.6484375
373.0 3.9375
374.0 3.1171875
375.0 7.4921875
376.0 4.5625
377.0 5.2265625
378.0 4.7578125
379.0 4.984375
380.0 6.2578125
381.0 5.375
382.0 1.8984375
383.0 8.078125
384.0 5.875
385.0 5.1015625
386.0 4.9765625
387.0 5.6171875
388.0 5.53125
389.0 4.9921875
390.0 4.3359375
391.0 5.2265625
392.0 2.4140625
393.0 2.78125
394.0 0.609375
395.0 8.421875
396.0 6.125
397.0 5.5234375
398.0 5.734375
399.0 5.890625
400.0 5.9921875
401.0 6.359375
402.0 5.9296875
403.0 5.8125
404.0 5.53125
405.0 4.890625
406.0 0.9140625
407.0 0.0
408.0 6.125
409.0 0.7578125
410.0 1.5859375
411.0 2.3984375
412.0 2.4921875
413.0 3.46875
414.0 3.5625
415.0 3.328125
416.0 2.890625
417.0 0.0
418.0 4.9296875
419.0 2.8046875
420.0 1.2265625
421.0 1.703125
422.0 0.8671875
423.0 1.96875
424.0 1.984375
425.0 2.125
426.0 1.953125
427.0 2.09375
428.0 1.7109375
429.0 3.28125
430.0 5.75
431.0 5.1328125
432.0 6.6640625
433.0 4.859375
434.0 3.609375
435.0 0.4921875
436.0 6.2109375
437.0 1.1171875
438.0 0.0
439.0 6.2578125
440.0 3.84375
441.0 4.609375
442.0 5.4921875
443.0 5.46875
444.0 6.2734375
445.0 4.296875
446.0 4.8359375
447.0 5.640625
448.0 1.3203125
449.0 5.1953125
450.0 1.4453125
451.0 1.359375
452.0 1.4609375
453.0 2.59375
454.0 3.5234375
455.0 3.4296875
456.0 1.8359375
457.0 1.5625
458.0 0.9609375
459.0 0.375
460.0 0.6640625
461.0 1.2109375
462.0 1.421875
463.0 0.96875
464.0 0.0
465.0 4.7734375
466.0 1.734375
467.0 6.46875
468.0 5.015625
469.0 4.9296875
470.0 5.3515625
471.0 5.484375
472.0 5.6328125
473.0 5.546875
474.0 5.3046875
475.0 5.2265625
476.0 4.3359375
477.0 5.1953125
478.0 4.8125
479.0 4.9296875
480.0 3.3203125
481.0 6.8359375
482.0 5.2578125
483.0 4.3203125
484.0 3.703125
485.0 0.609375
486.0 9.3671875
487.0 5.53125
488.0 5.78125
489.0 5.8828125
490.0 5.40625
491.0 5.3125
492.0 5.6953125
493.0 5.1875
494.0 4.8984375
495.0 5.765625
496.0 3.46875
497.0 4.8359375
498.0 3.2578125
499.0 4.125
500.0 4.65625
501.0 4.7265625
502.0 4.65625
503.0 1.4375
504.0 0.0
505.0 5.5859375
506.0 1.7734375
507.0 1.7734375
508.0 1.7890625
509.0 2.78125
510.0 5.0859375
511.0 3.3828125
512.0 3.6484375
513.0 5.796875
514.0 4.359375
515.0 2.2421875
516.0 2.640625
517.0 3.96875
518.0 4.3203125
519.0 1.46875
520.0 7.4609375
521.0 6.0
522.0 6.078125
523.0 1.859375
524.0 9.484375
525.0 3.3828125
526.0 3.234375
527.0 4.0859375
528.0 4.3828125
529.0 5.203125
530.0 2.953125
531.0 3.8828125
532.0 4.921875
533.0 5.3984375
534.0 4.8359375
535.0 2.7890625
536.0 0.0
537.0 7.71875
538.0 3.8203125
539.0 5.515625
540.0 5.7578125
541.0 6.15625
542.0 5.1015625
543.0 2.4140625
544.0 9.5078125
545.0 6.09375
546.0 6.3515625
547.0 5.171875
548.0 6.765625
549.0 4.90625
550.0 6.6015625
551.0 5.125
552.0 4.984375
553.0 6.3828125
554.0 6.0234375
555.0 5.484375
556.0 6.453125
557.0 5.125
558.0 6.1875
559.0 6.0234375
560.0 6.421875
561.0 6.9453125
562.0 6.515625
563.0 4.2734375
564.0 8.75
565.0 6.78125
566.0 2.34375
567.0 10.6171875
568.0 5.9453125
569.0 6.2890625
570.0 5.5625
571.0 5.96875
572.0 6.4375
573.0 6.1484375
574.0 6.46875
575.0 6.0859375
576.0 5.828125
577.0 5.703125
578.0 6.7421875
579.0 6.703125
580.0 7.015625
581.0 6.390625
582.0 6.6015625
583.0 3.1328125
584.0 8.046875
585.0 4.546875
586.0 4.7734375
587.0 3.546875
588.0 2.4765625
589.0 7.1953125
590.0 3.546875
591.0 7.46875
592.0 5.671875
593.0 5.96875
594.0 6.09375
595.0 5.8515625
596.0 6.0625
597.0 5.3828125
598.0 5.6796875
599.0 6.359375
