0.0 5.34375
1.0 3.4765625
2.0 6.1796875
3.0 3.0
4.0 0.2890625
5.0 0.4609375
6.0 2.1171875
7.0 2.625
8.0 0.25
9.0 0.078125
10.0 0.1796875
11.0 0.0
12.0 0.0
13.0 6.125
14.0 3.9453125
15.0 2.9375
16.0 6.1484375
17.0 2.6953125
18.0 3.3828125
19.0 4.625
20.0 5.015625
21.0 5.2734375
22.0 5.234375
23.0 5.421875
24.0 5.53125
25.0 5.578125
26.0 5.640625
27.0 5.7265625
28.0 5.859375
29.0 4.5625
30.0 7.078125
31.0 5.9921875
32.0 5.7890625
33.0 5.375
34.0 3.3125
35.0 7.3671875
36.0 5.2578125
37.0 5.5546875
38.0 5.0234375
39.0 4.71875
40.0 5.234375
41.0 5.3359375
42.0 4.53125
43.0 5.2578125
44.0 5.4375
45.0 5.609375
46.0 0.2421875
47.0 7.90625
48.0 4.359375
49.0 5.671875
50.0 4.90625
51.0 4.3046875
52.0 5.3125
53.0 5.640625
54.0 5.421875
55.0 1.4375
56.0 6.1875
57.0 8.5
58.0 5.4375
59.0 5.5546875
60.0 5.53125
61.0 5.15625
62.0 4.859375
63.0 1.6171875
64.0 0.71875
65.0 4.9296875
66.0 4.09375
67.0 3.3515625
68.0 4.6484375
69.0 6.0546875
70.0 3.5234375
71.0 5.578125
72.0 4.625
73.0 5.3515625
74.0 5.375
75.0 1.625
76.0 9.609375
77.0 5.3359375
78.0 4.9453125
79.0 4.6640625
80.0 4.609375
81.0 5.40625
82.0 4.7578125
83.0 3.234375
84.0 3.5859375
85.0 5.609375
86.0 5.890625
87.0 4.796875
88.0 5.78125
89.0 5.6953125
90.0 3.6953125
91.0 2.296875
92.0 6.8125
93.0 5.9140625
94.0 6.1171875
95.0 5.6328125
96.0 4.578125
97.0 6.1484375
98.0 6.1875
99.0 6.0390625
100.0 6.296875
101.0 6.234375
102.0 6.3203125
103.0 5.40625
104.0 2.890625
105.0 7.453125
106.0 5.78125
107.0 5.9609375
108.0 6.3046875
109.0 6.09375
110.0 4.0625
111.0 0.328125
112.0 8.40625
113.0 4.0703125
114.0 4.8671875
115.0 5.25
116.0 4.1484375
117.0 4.9765625
118.0 5.078125
119.0 4.984375
120.0 5.3359375
121.0 5.5859375
122.0 5.5234375
123.0 5.15625
124.0 0.2265625
125.0 10.765625
126.0 6.1484375
127.0 6.109375
128.0 6.0859375
129.0 5.890625
130.0 5.5546875
131.0 5.6171875
132.0 5.0859375
133.0 5.25
134.0 5.453125
135.0 5.796875
136.0 5.78125
137.0 5.5234375
138.0 5.171875
139.0 5.546875
140.0 5.6484375
141.0 4.3515625
142.0 0.0
143.0 8.640625
144.0 5.2734375
145.0 4.984375
146.0 5.75
147.0 6.2890625
148.0 1.4453125
149.0 0.0
150.0 8.46875
151.0 6.453125
152.0 5.9375
153.0 5.5546875
154.0 6.1484375
155.0 5.703125
156.0 5.3984375
157.0 5.6015625
158.0 5.4921875
159.0 3.84375
160.0 7.15625
161.0 6.5546875
162.0 6.2109375
163.0 6.078125
164.0 5.671875
165.0 5.0703125
166.0 3.53125
167.0 5.0703125
168.0 6.1171875
169.0 5.2578125
170.0 3.6953125
171.0 5.046875
172.0 4.4140625
173.0 5.53125
174.0 3.34375
175.0 3.0
176.0 3.578125
177.0 4.0
178.0 0.7890625
179.0 6.0
180.0 4.1875
181.0 3.4921875
182.0 1.5078125
183.0 5.3984375
184.0 3.6953125
185.0 3.265625
186.0 4.1171875
187.0 5.5
188.0 2.0625
189.0 6.453125
190.0 3.515625
191.0 5.203125
192.0 4.6640625
193.0 5.8125
194.0 5.7890625
195.0 5.078125
196.0 4.5078125
197.0 4.3671875
198.0 4.3671875
199.0 4.609375
200.0 4.3359375
201.0 3.578125
202.0 0.0
203.0 8.109375
204.0 4.390625
205.0 4.6875
206.0 2.1015625
207.0 7.2578125
208.0 4.2734375
209.0 2.8515625
210.0 0.6015625
211.0 0.421875
212.0 0.453125
213.0 1.1484375
214.0 4.203125
215.0 5.609375
216.0 5.6015625
217.0 5.6484375
218.0 5.6171875
219.0 4.1171875
220.0 4.984375
221.0 3.796875
222.0 2.921875
223.0 3.4609375
224.0 3.3203125
225.0 0.078125
226.0 5.40625
227.0 3.4453125
228.0 4.546875
229.0 2.921875
230.0 3.5859375
231.0 4.71875
232.0 5.171875
233.0 5.6484375
234.0 5.15625
235.0 5.0078125
236.0 5.6484375
237.0 5.9765625
238.0 5.6640625
239.0 5.3359375
240.0 3.1640625
241.0 7.125
242.0 5.5625
243.0 4.84375
244.0 3.0
245.0 7.9453125
246.0 5.25
247.0 5.421875
248.0 5.0703125
249.0 5.3203125
250.0 4.7578125
251.0 4.0390625
252.0 4.8359375
253.0 4.9609375
254.0 5.9296875
255.0 5.875
256.0 5.109375
257.0 6.3359375
258.0 6.2265625
259.0 6.0234375
260.0 5.9140625
261.0 5.6640625
262.0 5.9453125
263.0 5.828125
264.0 5.7109375
265.0 5.6796875
266.0 6.15625
267.0 5.9453125
268.0 4.6640625
269.0 5.796875
270.0 5.875
271.0 5.140625
272.0 5.25
273.0 5.7265625
274.0 5.671875
275.0 4.8984375
276.0 5.8828125
277.0 5.28125
278.0 5.3046875
279.0 4.75
280.0 5.609375
281.0 5.8125
282.0 5.515625
283.0 5.5546875
284.0 5.34375
285.0 5.1953125
286.0 5.1953125
287.0 5.15625
288.0 2.0390625
289.0 8.203125
290.0 4.984375
291.0 5.28125
292.0 4.953125
293.0 2.234375
294.0 9.4453125
295.0 6.234375
296.0 5.9140625
297.0 6.1796875
298.0 6.140625
299.0 6.1484375
300.0 5.671875
301.0 5.546875
302.0 6.3828125
303.0 6.0859375
304.0 5.703125
305.0 5.828125
306.0 5.3203125
307.0 0.734375
308.0 10.7109375
309.0 5.6796875
310.0 5.5625
311.0 2.1171875
312.0 8.6484375
313.0 5.609375
314.0 5.40625
315.0 5.6484375
316.0 4.484375
317.0 4.1484375
318.0 3.1640625
319.0 3.671875
320.0 2.0703125
321.0 8.640625
322.0 4.71875
323.0 4.90625
324.0 4.8359375
325.0 4.421875
326.0 4.6796875
327.0 5.046875
328.0 4.8671875
329.0 5.0859375
330.0 5.15625
331.0 5.078125
332.0 5.375
333.0 5.796875
334.0 5.7578125
335.0 6.03125
336.0 5.6640625
337.0 2.5234375
338.0 7.8828125
339.0 5.1640625
340.0 4.9921875
341.0 3.7890625
342.0 4.46875
343.0 5.6640625
344.0 5.25
345.0 2.671875
346.0 7.9296875
347.0 6.0859375
348.0 5.9609375
349.0 5.421875
350.0 5.9609375
351.0 5.171875
352.0 3.4921875
353.0 4.5625
354.0 5.1328125
355.0 4.984375
356.0 5.3125
357.0 5.4609375
358.0 4.984375
359.0 3.0703125
360.0 7.8203125
361.0 4.9765625
362.0 3.375
363.0 3.4609375
364.0 2.7734375
365.0 0.0
366.0 7.4296875
367.0 2.1328125
368.0 2.1875
369.0 2.8125
370.0 3.953125
371.0 3.28125
372.0 3.5625
373.0 4.8984375
374.0 5.015625
375.0 5.21875
376.0 5.0390625
377.0 4.859375
378.0 0.640625
379.0 8.984375
380.0 3.765625
381.0 3.6796875
382.0 1.625
383.0 3.5625
384.0 5.21875
385.0 5.671875
386.0 5.5
387.0 4.984375
388.0 5.5
389.0 1.8671875
390.0 6.890625
391.0 4.421875
392.0 4.21875
393.0 5.5234375
394.0 4.984375
395.0 4.65625
396.0 4.921875
397.0 5.078125
398.0 6.125
399.0 5.75
400.0 5.3828125
401.0 6.078125
402.0 5.3203125
403.0 4.859375
404.0 4.84375
405.0 5.1875
406.0 3.1640625
407.0 6.828125
408.0 5.3828125
409.0 5.1640625
410.0 3.4921875
411.0 6.828125
412.0 5.2578125
413.0 5.6953125
414.0 5.7265625
415.0 6.0
416.0 6.328125
417.0 6.390625
418.0 6.6640625
419.0 6.4140625
420.0 5.8203125
421.0 5.734375
422.0 5.78125
423.0 2.015625
424.0 7.65625
425.0 2.921875
426.0 5.5234375
427.0 5.7109375
428.0 5.3515625
429.0 3.4765625
430.0 8.2578125
431.0 5.7265625
432.0 5.7890625
433.0 5.9765625
434.0 5.453125
435.0 0.8125
436.0 9.6328125
437.0 6.296875
438.0 6.1875
439.0 5.9453125
440.0 5.703125
441.0 4.265625
442.0 5.078125
443.0 4.7109375
444.0 3.8828125
445.0 2.671875
446.0 0.875
447.0 5.21875
448.0 2.3125
449.0 2.515625
450.0 5.078125
451.0 5.15625
452.0 4.828125
453.0 4.234375
454.0 4.0859375
455.0 4.625
456.0 5.7109375
457.0 5.5
458.0 5.515625
459.0 1.7734375
460.0 9.5546875
461.0 4.9921875
462.0 5.1640625
463.0 5.25
464.0 3.4609375
465.0 7.5234375
466.0 5.5546875
467.0 5.6484375
468.0 5.46875
469.0 5.3515625
470.0 5.109375
471.0 5.5546875
472.0 5.5625
473.0 4.84375
474.0 4.15625
475.0 5.3984375
476.0 5.578125
477.0 1.4921875
478.0 7.796875
479.0 4.8125
480.0 5.6796875
481.0 5.15625
482.0 2.09375
483.0 8.1171875
484.0 5.0234375
485.0 5.3359375
486.0 5.5234375
487.0 5.3828125
488.0 5.34375
489.0 5.421875
490.0 5.0859375
491.0 5.1875
492.0 5.015625
493.0 5.46875
494.0 4.25
495.0 0.6640625
496.0 8.734375
497.0 4.2421875
498.0 2.8046875
499.0 5.5546875
500.0 1.9765625
501.0 4.7578125
502.0 5.171875
503.0 5.453125
504.0 5.078125
505.0 4.7734375
506.0 4.8359375
507.0 5.3203125
508.0 5.078125
509.0 5.0546875
510.0 5.109375
511.0 5.4296875
512.0 3.375
513.0 5.890625
514.0 4.0546875
515.0 2.8984375
516.0 3.4921875
517.0 5.1328125
518.0 5.1640625
519.0 4.7734375
520.0 3.7265625
521.0 4.8125
522.0 5.34375
523.0 5.015625
524.0 3.4140625
525.0 0.0
526.0 6.265625
527.0 5.4375
528.0 5.1875
529.0 5.578125
530.0 5.375
531.0 5.578125
532.0 4.1796875
533.0 0.7578125
534.0 0.0
535.0 7.015625
536.0 2.4296875
537.0 2.5703125
538.0 1.0546875
539.0 0.0
540.0 4.578125
541.0 2.546875
542.0 2.6953125
543.0 2.75
544.0 2.7109375
545.0 2.6015625
546.0 2.5234375
547.0 2.4453125
548.0 2.640625
549.0 2.609375
550.0 2.640625
551.0 2.8515625
552.0 2.75
553.0 0.1875
554.0 6.1171875
555.0 5.140625
556.0 2.3125
557.0 6.9921875
558.0 4.65625
559.0 4.203125
560.0 2.640625
561.0 2.6875
562.0 4.1328125
563.0 5.0703125
564.0 3.0859375
565.0 2.453125
566.0 2.625
567.0 4.484375
568.0 2.5078125
569.0 2.515625
570.0 0.609375
571.0 5.0546875
572.0 2.34375
573.0 1.8984375
574.0 2.25
575.0 3.1953125
576.0 1.8671875
577.0 0.4921875
578.0 0.0
579.0 7.2890625
580.0 2.9609375
581.0 3.25
582.0 3.21875
583.0 3.796875
584.0 2.328125
585.0 3.4140625
586.0 5.34375
587.0 3.546875
588.0 2.625
589.0 2.6015625
590.0 4.1484375
591.0 2.7109375
592.0 6.09375
593.0 4.8125
594.0 4.4453125
595.0 0.9453125
596.0 7.4921875
597.0 4.546875
598.0 4.2734375
599.0 4.484375
