0.0 2.046875
1.0 2.5234375
2.0 4.2109375
3.0 3.625
4.0 0.03125
5.0 8.765625
6.0 3.7890625
7.0 0.5703125
8.0 7.4296875
9.0 4.1875
10.0 4.1015625
11.0 3.9375
12.0 3.8828125
13.0 3.59375
14.0 3.8828125
15.0 3.84375
16.0 3.8203125
17.0 3.7890625
18.0 3.671875
19.0 3.4296875
20.0 1.9453125
21.0 5.34375
22.0 3.8828125
23.0 3.3671875
24.0 2.8359375
25.0 4.8125
26.0 3.9140625
27.0 4.0859375
28.0 3.9453125
29.0 3.9765625
30.0 4.0078125
31.0 4.1171875
32.0 4.09375
33.0 4.203125
34.0 4.0859375
35.0 2.484375
36.0 2.1015625
37.0 0.0
38.0 6.5859375
39.0 4.0234375
40.0 3.7421875
41.0 3.828125
42.0 3.953125
43.0 3.9765625
44.0 4.1171875
45.0 4.1328125
46.0 3.921875
47.0 1.8515625
48.0 6.03125
49.0 3.859375
50.0 3.25
51.0 3.7109375
52.0 4.171875
53.0 4.1171875
54.0 3.9921875
55.0 3.8203125
56.0 3.7734375
57.0 3.765625
58.0 3.65625
59.0 2.2734375
60.0 5.7109375
61.0 3.96875
62.0 3.9375
63.0 4.0
64.0 3.9375
65.0 3.859375
66.0 3.9765625
67.0 3.90625
68.0 1.859375
69.0 6.125
70.0 4.0078125
71.0 3.828125
72.0 3.5234375
73.0 3.796875
74.0 3.796875
75.0 4.03125
76.0 3.9140625
77.0 3.859375
78.0 3.828125
79.0 4.0078125
80.0 3.859375
81.0 2.1015625
82.0 5.3515625
83.0 3.796875
84.0 3.9453125
85.0 3.8203125
86.0 3.40625
87.0 3.5234375
88.0 3.171875
89.0 1.765625
90.0 2.046875
91.0 0.0
92.0 4.5078125
93.0 2.0390625
94.0 3.546875
95.0 3.7578125
96.0 4.0625
97.0 4.0234375
98.0 3.921875
99.0 3.828125
100.0 4.09375
101.0 4.0703125
102.0 4.0546875
103.0 4.1015625
104.0 2.84375
105.0 4.515625
106.0 3.796875
107.0 3.859375
108.0 3.6953125
109.0 3.7265625
110.0 3.7109375
111.0 3.7109375
112.0 3.765625
113.0 3.9765625
114.0 3.953125
115.0 3.7265625
116.0 3.65625
117.0 3.640625
118.0 3.296875
119.0 0.0
120.0 0.484375
121.0 6.78125
122.0 1.5078125
123.0 3.90625
124.0 3.7734375
125.0 3.671875
126.0 3.625
127.0 4.0
128.0 3.6953125
129.0 1.7890625
130.0 0.0
131.0 6.625
132.0 5.2578125
133.0 2.125
134.0 2.0703125
135.0 3.3125
136.0 3.765625
137.0 3.640625
138.0 3.5234375
139.0 3.859375
140.0 3.859375
141.0 3.4609375
142.0 3.7890625
143.0 4.2421875
144.0 3.8203125
145.0 3.7265625
146.0 3.6796875
147.0 3.8203125
148.0 3.9375
149.0 3.9453125
150.0 4.1484375
151.0 3.703125
152.0 3.3828125
153.0 3.671875
154.0 4.0
155.0 4.0625
156.0 0.65625
157.0 7.2734375
158.0 4.203125
159.0 4.1484375
160.0 3.7578125
161.0 4.0234375
162.0 3.375
163.0 3.4140625
164.0 2.4921875
165.0 0.0
166.0 7.9140625
167.0 3.765625
168.0 3.0703125
169.0 0.0
170.0 7.578125
171.0 3.671875
172.0 2.65625
173.0 0.9375
174.0 1.59375
175.0 1.953125
176.0 2.8984375
177.0 3.8046875
178.0 3.703125
179.0 3.8203125
180.0 3.59375
181.0 3.7109375
182.0 1.3828125
183.0 6.4140625
184.0 3.6484375
185.0 3.7578125
186.0 3.703125
187.0 3.5625
188.0 3.6796875
189.0 0.140625
190.0 6.84375
191.0 3.609375
192.0 3.6796875
193.0 3.796875
194.0 3.953125
195.0 3.828125
196.0 3.1328125
197.0 3.796875
198.0 3.9140625
199.0 4.1171875
200.0 4.1328125
201.0 3.546875
202.0 0.0
203.0 7.609375
204.0 4.0703125
205.0 2.9609375
206.0 0.8984375
207.0 5.3203125
208.0 3.9765625
209.0 3.6953125
210.0 3.7421875
211.0 3.7421875
212.0 3.3203125
213.0 3.328125
214.0 3.765625
215.0 3.6796875
216.0 3.6953125
217.0 3.5625
218.0 3.4140625
219.0 2.5703125
220.0 0.0
221.0 8.1953125
222.0 3.234375
223.0 3.4453125
224.0 3.53125
225.0 0.0
226.0 7.2578125
227.0 3.875
228.0 3.734375
229.0 3.640625
230.0 3.875
231.0 3.5
232.0 3.53125
233.0 3.609375
234.0 3.296875
235.0 0.0
236.0 0.0
237.0 5.875
238.0 1.2890625
239.0 1.5
240.0 1.1328125
241.0 0.5234375
242.0 0.75
243.0 1.5390625
244.0 1.8671875
245.0 0.4375
246.0 0.640625
247.0 0.9375
248.0 0.4921875
249.0 0.6640625
250.0 0.6640625
251.0 0.0
252.0 4.875
253.0 3.046875
254.0 3.8828125
255.0 3.8828125
256.0 3.84375
257.0 3.875
258.0 3.7421875
259.0 3.9140625
260.0 4.0078125
261.0 4.0234375
262.0 4.0703125
263.0 3.6484375
264.0 1.40625
265.0 6.15625
266.0 3.875
267.0 3.671875
268.0 3.765625
269.0 3.96875
270.0 3.296875
271.0 0.84375
272.0 6.1484375
273.0 3.296875
274.0 3.40625
275.0 3.59375
276.0 3.8828125
277.0 3.9765625
278.0 3.796875
279.0 4.1015625
280.0 3.8828125
281.0 4.171875
282.0 4.0625
283.0 3.3984375
284.0 0.0
285.0 8.890625
286.0 4.171875
287.0 4.09375
288.0 3.515625
289.0 1.4140625
290.0 5.421875
291.0 3.828125
292.0 3.96875
293.0 3.3828125
294.0 3.3671875
295.0 3.796875
296.0 3.609375
297.0 3.734375
298.0 3.0703125
299.0 3.6171875
300.0 3.875
301.0 3.734375
302.0 0.9296875
303.0 6.53125
304.0 3.90625
305.0 3.53125
306.0 1.640625
307.0 5.3515625
308.0 2.5234375
309.0 2.4921875
310.0 2.9296875
311.0 3.1015625
312.0 2.8671875
313.0 3.1484375
314.0 3.6484375
315.0 3.546875
316.0 3.5859375
317.0 3.890625
318.0 1.1640625
319.0 0.375
320.0 0.0
321.0 0.0
322.0 0.0
323.0 0.0
324.0 0.0
325.0 0.0
326.0 0.1640625
327.0 6.1875
328.0 3.4296875
329.0 2.03125
330.0 0.75
331.0 0.875
332.0 0.8828125
333.0 1.5625
334.0 0.0
335.0 5.75
336.0 1.46875
337.0 0.3984375
338.0 0.3984375
339.0 0.8125
340.0 0.78125
341.0 0.6015625
342.0 1.171875
343.0 0.28125
344.0 0.328125
345.0 0.5078125
346.0 0.5390625
347.0 1.03125
348.0 2.3671875
349.0 0.875
350.0 6.0078125
351.0 4.0
352.0 4.1796875
353.0 4.46875
354.0 4.125
355.0 4.1328125
356.0 4.21875
357.0 4.25
358.0 4.390625
359.0 4.359375
360.0 4.390625
361.0 3.859375
362.0 3.796875
363.0 3.9375
364.0 4.0625
365.0 2.5234375
366.0 5.640625
367.0 0.703125
368.0 6.125
369.0 1.0
370.0 1.1640625
371.0 1.375
372.0 2.421875
373.0 1.7734375
374.0 1.828125
375.0 3.0546875
376.0 4.2421875
377.0 4.265625
378.0 4.234375
379.0 4.2421875
380.0 4.296875
381.0 0.0
382.0 8.0859375
383.0 1.5
384.0 2.7265625
385.0 4.0
386.0 3.9921875
387.0 1.03125
388.0 7.40625
389.0 4.3046875
390.0 4.28125
391.0 3.90625
392.0 3.8515625
393.0 3.8515625
394.0 4.2421875
395.0 4.25
396.0 4.1484375
397.0 4.2421875
398.0 4.125
399.0 1.203125
400.0 7.6875
401.0 4.359375
402.0 4.1875
403.0 4.2734375
404.0 3.9140625
405.0 0.140625
406.0 8.890625
407.0 4.3515625
408.0 4.3515625
409.0 4.3828125
410.0 4.2421875
411.0 4.3515625
412.0 4.3828125
413.0 4.28125
414.0 4.3984375
415.0 4.4453125
416.0 4.1875
417.0 2.6328125
418.0 5.9453125
419.0 4.265625
420.0 4.4140625
421.0 4.3984375
422.0 4.0546875
423.0 0.34375
424.0 8.7421875
425.0 4.1484375
426.0 4.21875
427.0 4.1015625
428.0 4.203125
429.0 4.2109375
430.0 4.21875
431.0 4.296875
432.0 4.1484375
433.0 3.828125
434.0 1.0859375
435.0 6.2109375
436.0 4.3203125
437.0 4.2734375
438.0 3.921875
439.0 4.2734375
440.0 4.28125
441.0 4.421875
442.0 4.3828125
443.0 4.3359375
444.0 4.1796875
445.0 2.09375
446.0 6.7109375
447.0 4.3828125
448.0 3.40625
449.0 4.0390625
450.0 3.9140625
451.0 4.2421875
452.0 3.5
453.0 2.25
454.0 5.8828125
455.0 3.9453125
456.0 4.1015625
457.0 3.578125
458.0 3.671875
459.0 2.390625
460.0 5.2578125
461.0 4.3984375
462.0 3.890625
463.0 3.9140625
464.0 4.1796875
465.0 4.234375
466.0 4.0546875
467.0 3.9453125
468.0 4.2421875
469.0 3.9140625
470.0 3.8203125
471.0 3.859375
472.0 1.625
473.0 5.6484375
474.0 2.90625
475.0 2.8203125
476.0 3.5546875
477.0 3.8046875
478.0 3.5546875
479.0 1.5546875
480.0 5.3203125
481.0 1.296875
482.0 2.375
483.0 3.4921875
484.0 3.3828125
485.0 3.28125
486.0 2.953125
487.0 3.265625
488.0 2.8359375
489.0 3.0859375
490.0 3.1953125
491.0 2.4609375
492.0 0.0
493.0 7.078125
494.0 3.875
495.0 3.6953125
496.0 2.3125
497.0 5.609375
498.0 4.0078125
499.0 3.6953125
500.0 2.4296875
501.0 2.1484375
502.0 3.0703125
503.0 3.328125
504.0 3.328125
505.0 3.46875
506.0 3.4765625
507.0 3.171875
508.0 3.4609375
509.0 3.296875
510.0 0.0
511.0 7.9453125
512.0 3.0703125
513.0 2.625
514.0 1.4140625
515.0 0.0
516.0 7.75
517.0 3.875
518.0 3.28125
519.0 3.3828125
520.0 1.0
521.0 5.84375
522.0 3.515625
523.0 3.46875
524.0 3.6953125
525.0 3.1328125
526.0 3.2265625
527.0 2.7421875
528.0 2.625
529.0 3.21875
530.0 3.3203125
531.0 2.9609375
532.0 3.171875
533.0 2.8203125
534.0 0.0
535.0 6.421875
536.0 2.6953125
537.0 3.1484375
538.0 3.0390625
539.0 3.4375
540.0 0.078125
541.0 6.625
542.0 2.75
543.0 3.640625
544.0 3.515625
545.0 3.6953125
546.0 3.3984375
547.0 3.546875
548.0 2.1640625
549.0 0.9296875
550.0 0.8046875
551.0 1.4921875
552.0 1.109375
553.0 0.0
554.0 0.0
555.0 0.0
556.0 6.3828125
557.0 3.625
558.0 3.890625
559.0 3.7265625
560.0 3.28125
561.0 3.234375
562.0 2.921875
563.0 2.9296875
564.0 3.078125
565.0 3.140625
566.0 2.90625
567.0 0.0
568.0 6.4140625
569.0 2.1640625
570.0 2.8984375
571.0 2.59375
572.0 0.2578125
573.0 7.34375
574.0 3.921875
575.0 3.34375
576.0 3.140625
577.0 3.1953125
578.0 3.5234375
579.0 3.7421875
580.0 3.625
581.0 3.4296875
582.0 3.7109375
583.0 4.0546875
584.0 3.875
585.0 0.9375
586.0 7.0703125
587.0 4.234375
588.0 4.0078125
589.0 3.8046875
590.0 2.125
591.0 5.5
592.0 3.828125
593.0 3.765625
594.0 3.015625
595.0 0.359375
596.0 4.9765625
597.0 2.6328125
598.0 2.2109375
599.0 1.7421875
