0.0 6.515625
1.0 5.5546875
2.0 4.484375
3.0 3.8046875
4.0 1.921875
5.0 5.0703125
6.0 4.1484375
7.0 3.4765625
8.0 5.28125
9.0 4.7421875
10.0 5.140625
11.0 5.078125
12.0 5.6328125
13.0 5.7578125
14.0 5.8828125
15.0 5.1015625
16.0 3.9140625
17.0 5.4609375
18.0 6.4453125
19.0 6.125
20.0 3.6171875
21.0 2.7109375
22.0 4.9296875
23.0 5.2578125
24.0 5.6015625
25.0 5.640625
26.0 4.5390625
27.0 3.0859375
28.0 6.328125
29.0 2.8046875
30.0 2.625
31.0 2.6015625
32.0 0.4296875
33.0 0.0
34.0 5.6796875
35.0 3.078125
36.0 2.6015625
37.0 2.984375
38.0 4.625
39.0 4.296875
40.0 3.90625
41.0 5.3046875
42.0 6.0546875
43.0 2.7734375
44.0 3.0859375
45.0 3.21875
46.0 2.359375
47.0 0.0078125
48.0 9.2265625
49.0 6.6328125
50.0 6.140625
51.0 4.625
52.0 7.9453125
53.0 4.6328125
54.0 4.5390625
55.0 5.1640625
56.0 5.578125
57.0 6.15625
58.0 6.3828125
59.0 6.5390625
60.0 5.5
61.0 2.8984375
62.0 4.4765625
63.0 5.3359375
64.0 2.9375
65.0 0.015625
66.0 0.0
67.0 5.7890625
68.0 3.578125
69.0 4.0859375
70.0 7.1015625
71.0 1.6171875
72.0 1.953125
73.0 3.578125
74.0 1.8359375
75.0 1.4140625
76.0 2.2734375
77.0 4.78125
78.0 3.21875
79.0 2.2109375
80.0 2.8515625
81.0 2.1640625
82.0 2.8046875
83.0 2.515625
84.0 0.75
85.0 6.0859375
86.0 2.7265625
87.0 2.9375
88.0 5.25
89.0 4.59375
90.0 3.703125
91.0 0.2734375
92.0 10.140625
93.0 5.890625
94.0 3.96875
95.0 2.8671875
96.0 1.8828125
97.0 2.84375
98.0 7.9296875
99.0 5.5625
100.0 4.921875
101.0 5.234375
102.0 5.609375
103.0 4.3515625
104.0 5.0234375
105.0 4.484375
106.0 5.0859375
107.0 4.1171875
108.0 6.296875
109.0 6.2109375
110.0 5.890625
111.0 4.5390625
112.0 6.6015625
113.0 4.8125
114.0 4.8671875
115.0 4.9453125
116.0 5.9609375
117.0 5.734375
118.0 5.6640625
119.0 5.640625
120.0 6.5859375
121.0 5.859375
122.0 6.0234375
123.0 5.734375
124.0 3.1796875
125.0 4.84375
126.0 4.46875
127.0 1.2265625
128.0 9.265625
129.0 4.828125
130.0 6.0078125
131.0 5.5234375
132.0 2.8671875
133.0 0.0
134.0 6.796875
135.0 3.796875
136.0 2.3984375
137.0 2.2109375
138.0 4.625
139.0 5.8828125
140.0 4.578125
141.0 2.9375
142.0 5.734375
143.0 5.4296875
144.0 6.46875
145.0 6.3046875
146.0 5.78125
147.0 4.7421875
148.0 4.3515625
149.0 4.7734375
150.0 4.1875
151.0 4.453125
152.0 3.2578125
153.0 3.2265625
154.0 2.578125
155.0 0.0
156.0 0.0
157.0 0.0
158.0 0.46875
159.0 6.734375
160.0 6.1484375
161.0 5.421875
162.0 6.0859375
163.0 6.625
164.0 5.3046875
165.0 4.65625
166.0 6.9765625
167.0 6.7734375
168.0 5.234375
169.0 5.4921875
170.0 4.171875
171.0 4.53125
172.0 6.2265625
173.0 7.6640625
174.0 7.5546875
175.0 6.8671875
176.0 7.5078125
177.0 7.765625
178.0 6.921875
179.0 6.6171875
180.0 7.96875
181.0 7.2265625
182.0 7.015625
183.0 7.5546875
184.0 7.453125
185.0 5.21875
186.0 9.7421875
187.0 6.953125
188.0 6.859375
189.0 7.578125
190.0 7.109375
191.0 5.78125
192.0 3.671875
193.0 2.5625
194.0 5.578125
195.0 5.3359375
196.0 8.8828125
197.0 6.15625
198.0 7.015625
199.0 4.4453125
200.0 7.453125
201.0 3.109375
202.0 6.0390625
203.0 5.8125
204.0 5.734375
205.0 6.0390625
206.0 5.765625
207.0 4.921875
208.0 8.5546875
209.0 5.859375
210.0 2.6640625
211.0 2.9921875
212.0 5.2578125
213.0 4.7578125
214.0 5.6171875
215.0 4.8984375
216.0 2.640625
217.0 4.5703125
218.0 5.609375
219.0 5.0546875
220.0 5.578125
221.0 5.640625
222.0 5.1875
223.0 4.6015625
224.0 4.484375
225.0 4.3359375
226.0 0.84375
227.0 9.1953125
228.0 5.40625
229.0 4.78125
230.0 2.3046875
231.0 6.0390625
232.0 4.90625
233.0 2.7890625
234.0 5.2734375
235.0 5.453125
236.0 6.1484375
237.0 5.5859375
238.0 5.375
239.0 4.828125
240.0 4.9296875
241.0 5.7109375
242.0 3.328125
243.0 0.0
244.0 9.03125
245.0 3.1171875
246.0 3.046875
247.0 3.1796875
248.0 2.984375
249.0 3.5546875
250.0 3.4140625
251.0 3.6953125
252.0 3.8046875
253.0 4.0234375
254.0 3.0390625
255.0 1.4765625
256.0 5.0703125
257.0 4.4140625
258.0 3.625
259.0 3.1015625
260.0 2.84375
261.0 2.7578125
262.0 0.8828125
263.0 0.0
264.0 6.0859375
265.0 2.1171875
266.0 2.8984375
267.0 3.515625
268.0 4.625
269.0 4.875
270.0 4.7109375
271.0 6.0
272.0 6.3515625
273.0 6.296875
274.0 5.8828125
275.0 6.15625
276.0 5.8125
277.0 3.90625
278.0 0.0
279.0 10.203125
280.0 5.84375
281.0 3.875
282.0 5.3984375
283.0 5.7890625
284.0 7.2578125
285.0 7.5390625
286.0 7.8671875
287.0 7.40625
288.0 7.2578125
289.0 7.46875
290.0 7.9921875
291.0 7.4375
292.0 7.2265625
293.0 6.890625
294.0 7.21875
295.0 5.046875
296.0 8.9453125
297.0 6.65625
298.0 7.2578125
299.0 7.0703125
300.0 7.28125
301.0 7.2734375
302.0 4.6484375
303.0 10.625
304.0 7.046875
305.0 7.09375
306.0 5.6484375
307.0 4.46875
308.0 8.9765625
309.0 7.40625
310.0 6.140625
311.0 6.6640625
312.0 7.484375
313.0 6.734375
314.0 6.359375
315.0 7.09375
316.0 6.3515625
317.0 6.84375
318.0 6.5546875
319.0 6.9296875
320.0 7.03125
321.0 4.6953125
322.0 0.125
323.0 7.71875
324.0 1.765625
325.0 2.0859375
326.0 2.1328125
327.0 0.078125
328.0 4.5078125
329.0 1.6171875
330.0 3.25
331.0 0.84375
332.0 5.203125
333.0 2.0859375
334.0 3.0703125
335.0 1.46875
336.0 0.0
337.0 3.890625
338.0 3.609375
339.0 1.7734375
340.0 3.21875
341.0 3.1640625
342.0 1.03125
343.0 2.578125
344.0 4.7421875
345.0 2.421875
346.0 4.03125
347.0 5.703125
348.0 6.484375
349.0 4.59375
350.0 4.171875
351.0 6.40625
352.0 6.0625
353.0 6.5625
354.0 6.421875
355.0 6.6640625
356.0 6.40625
357.0 5.5546875
358.0 2.875
359.0 5.6640625
360.0 1.0234375
361.0 2.0859375
362.0 5.7265625
363.0 6.09375
364.0 6.734375
365.0 6.515625
366.0 4.9921875
367.0 5.2578125
368.0 6.0625
369.0 5.9296875
370.0 5.9296875
371.0 4.875
372.0 1.2265625
373.0 8.71875
374.0 5.3046875
375.0 5.578125
376.0 5.796875
377.0 6.9609375
378.0 5.7890625
379.0 4.7265625
380.0 5.1875
381.0 5.2265625
382.0 3.296875
383.0 6.140625
384.0 6.203125
385.0 6.9453125
386.0 6.359375
387.0 5.515625
388.0 4.5390625
389.0 5.3515625
390.0 6.1484375
391.0 6.0078125
392.0 6.6484375
393.0 5.796875
394.0 5.484375
395.0 3.734375
396.0 6.3671875
397.0 6.46875
398.0 6.2421875
399.0 5.796875
400.0 6.2734375
401.0 6.265625
402.0 6.125
403.0 6.3203125
404.0 6.390625
405.0 6.4453125
406.0 6.484375
407.0 6.6484375
408.0 6.6171875
409.0 5.6328125
410.0 7.2890625
411.0 6.2578125
412.0 6.8984375
413.0 4.3515625
414.0 0.0
415.0 6.84375
416.0 3.3984375
417.0 4.28125
418.0 2.2734375
419.0 8.359375
420.0 5.421875
421.0 4.7421875
422.0 4.46875
423.0 6.6328125
424.0 6.84375
425.0 5.3046875
426.0 7.703125
427.0 5.5625
428.0 4.953125
429.0 5.3984375
430.0 6.03125
431.0 6.984375
432.0 5.046875
433.0 3.6796875
434.0 4.3984375
435.0 3.9765625
436.0 3.6171875
437.0 3.9453125
438.0 4.6796875
439.0 5.453125
440.0 4.6953125
441.0 5.1328125
442.0 4.875
443.0 4.9609375
444.0 5.90625
445.0 6.5390625
446.0 5.671875
447.0 5.0703125
448.0 4.6484375
449.0 5.0078125
450.0 6.3828125
451.0 6.109375
452.0 4.875
453.0 4.7109375
454.0 5.9921875
455.0 7.015625
456.0 5.734375
457.0 6.3359375
458.0 7.0078125
459.0 6.8359375
460.0 6.0390625
461.0 6.734375
462.0 3.859375
463.0 2.046875
464.0 3.328125
465.0 4.9453125
466.0 6.15625
467.0 3.953125
468.0 5.3984375
469.0 6.9453125
470.0 5.90625
471.0 4.2734375
472.0 6.796875
473.0 5.3359375
474.0 6.59375
475.0 6.140625
476.0 6.3359375
477.0 6.46875
478.0 3.5625
479.0 9.96875
480.0 6.796875
481.0 6.0234375
482.0 5.828125
483.0 3.1796875
484.0 8.5703125
485.0 3.9921875
486.0 5.078125
487.0 5.9453125
488.0 5.9375
489.0 6.0078125
490.0 5.28125
491.0 5.40625
492.0 6.3828125
493.0 6.765625
494.0 5.84375
495.0 6.734375
496.0 6.5
497.0 6.921875
498.0 6.0390625
499.0 4.59375
500.0 7.703125
501.0 6.0625
502.0 6.46875
503.0 5.9140625
504.0 4.90625
505.0 4.828125
506.0 4.59375
507.0 6.0859375
508.0 5.578125
509.0 1.1953125
510.0 4.7578125
511.0 5.3515625
512.0 2.875
513.0 2.59375
514.0 3.0
515.0 4.1484375
516.0 4.1484375
517.0 3.015625
518.0 2.6015625
519.0 1.765625
520.0 1.65625
521.0 2.4140625
522.0 3.25
523.0 3.6484375
524.0 5.890625
525.0 6.3359375
526.0 2.6953125
527.0 9.890625
528.0 6.3515625
529.0 6.328125
530.0 6.078125
531.0 2.484375
532.0 10.265625
533.0 6.2421875
534.0 6.0546875
535.0 6.75
536.0 6.953125
537.0 6.71875
538.0 7.5078125
539.0 7.5078125
540.0 7.0703125
541.0 7.140625
542.0 3.890625
543.0 0.2109375
544.0 0.0
545.0 0.0
546.0 20.625
547.0 4.4140625
548.0 5.9375
549.0 6.59375
550.0 5.875
551.0 7.390625
552.0 7.4921875
553.0 6.6796875
554.0 6.5859375
555.0 6.9140625
556.0 6.5
557.0 5.234375
558.0 4.796875
559.0 6.6875
560.0 4.8359375
561.0 5.9453125
562.0 5.2890625
563.0 6.2734375
564.0 5.9140625
565.0 4.75
566.0 3.0234375
567.0 3.6796875
568.0 7.0390625
569.0 5.2734375
570.0 5.6953125
571.0 6.1484375
572.0 6.3828125
573.0 5.765625
574.0 5.484375
575.0 6.7734375
576.0 6.8125
577.0 6.2109375
578.0 5.9296875
579.0 4.3828125
580.0 4.0625
581.0 5.8828125
582.0 5.7265625
583.0 0.8203125
584.0 10.6484375
585.0 5.0234375
586.0 5.28125
587.0 4.3828125
588.0 7.7578125
589.0 4.171875
590.0 6.8046875
591.0 5.7578125
592.0 3.0234375
593.0 0.0
594.0 0.03125
595.0 5.3828125
596.0 4.0625
597.0 5.3203125
598.0 5.2265625
599.0 4.171875
