0.0 1.796875
1.0 9.03125
2.0 5.453125
3.0 5.171875
4.0 5.203125
5.0 5.2734375
6.0 0.8828125
7.0 9.8359375
8.0 5.4375
9.0 5.2890625
10.0 5.0390625
11.0 5.3515625
12.0 5.171875
13.0 5.46875
14.0 5.2734375
15.0 5.078125
16.0 5.1875
17.0 5.3515625
18.0 5.0078125
19.0 5.3984375
20.0 5.171875
21.0 5.1640625
22.0 5.0546875
23.0 5.3125
24.0 5.375
25.0 5.21875
26.0 0.5234375
27.0 9.6640625
28.0 5.078125
29.0 5.125
30.0 4.953125
31.0 5.3203125
32.0 5.40625
33.0 4.9765625
34.0 4.9921875
35.0 5.0078125
36.0 4.6875
37.0 5.140625
38.0 5.0234375
39.0 2.453125
40.0 7.703125
41.0 4.875
42.0 3.1796875
43.0 2.953125
44.0 0.2890625
45.0 8.4375
46.0 4.7109375
47.0 4.953125
48.0 4.890625
49.0 4.7578125
50.0 4.6796875
51.0 4.3671875
52.0 4.875
53.0 4.859375
54.0 4.984375
55.0 5.015625
56.0 3.5
57.0 6.53125
58.0 3.671875
59.0 6.8828125
60.0 5.3359375
61.0 5.640625
62.0 5.21875
63.0 5.140625
64.0 5.2578125
65.0 5.203125
66.0 5.2890625
67.0 5.421875
68.0 2.9921875
69.0 5.90625
70.0 7.109375
71.0 5.40625
72.0 3.546875
73.0 6.5703125
74.0 4.7578125
75.0 5.0859375
76.0 4.984375
77.0 5.109375
78.0 5.234375
79.0 5.3125
80.0 5.203125
81.0 5.0859375
82.0 5.046875
83.0 5.1640625
84.0 3.4921875
85.0 6.453125
86.0 4.890625
87.0 4.796875
88.0 5.3515625
89.0 5.1875
90.0 3.5546875
91.0 7.046875
92.0 5.2578125
93.0 5.34375
94.0 5.3125
95.0 5.0546875
96.0 5.171875
97.0 5.421875
98.0 5.6484375
99.0 5.46875
100.0 5.765625
101.0 5.765625
102.0 5.640625
103.0 5.4375
104.0 4.0078125
105.0 6.828125
106.0 5.6328125
107.0 5.34375
108.0 5.578125
109.0 5.5234375
110.0 3.703125
111.0 6.9609375
112.0 5.3984375
113.0 5.5
114.0 5.6640625
115.0 5.3046875
116.0 5.640625
117.0 5.546875
118.0 5.5
119.0 5.421875
120.0 5.3515625
121.0 5.2265625
122.0 5.375
123.0 5.3671875
124.0 1.65625
125.0 9.1953125
126.0 5.171875
127.0 5.484375
128.0 5.3984375
129.0 3.0
130.0 7.9375
131.0 5.546875
132.0 5.421875
133.0 5.3828125
134.0 5.375
135.0 5.21875
136.0 5.4296875
137.0 5.3671875
138.0 4.234375
139.0 6.6640625
140.0 5.3359375
141.0 5.3515625
142.0 5.28125
143.0 5.1328125
144.0 5.3515625
145.0 5.3359375
146.0 5.3359375
147.0 5.2578125
148.0 5.1640625
149.0 5.3203125
150.0 5.0234375
151.0 4.6484375
152.0 5.9140625
153.0 5.140625
154.0 5.171875
155.0 5.1015625
156.0 4.953125
157.0 1.28125
158.0 9.1484375
159.0 5.0859375
160.0 4.90625
161.0 4.8671875
162.0 4.71875
163.0 4.8125
164.0 4.9609375
165.0 4.953125
166.0 5.015625
167.0 4.9765625
168.0 4.9296875
169.0 4.3515625
170.0 5.6015625
171.0 4.8125
172.0 4.8046875
173.0 5.0234375
174.0 4.9765625
175.0 5.0234375
176.0 4.9453125
177.0 4.8046875
178.0 2.046875
179.0 7.875
180.0 3.40625
181.0 6.2734375
182.0 4.859375
183.0 4.8671875
184.0 4.7421875
185.0 5.0546875
186.0 5.046875
187.0 4.6796875
188.0 2.9921875
189.0 6.4765625
190.0 5.0390625
191.0 4.78125
192.0 4.6328125
193.0 4.8671875
194.0 4.953125
195.0 4.9609375
196.0 5.2734375
197.0 4.921875
198.0 5.0078125
199.0 5.3046875
200.0 4.859375
201.0 5.109375
202.0 4.9609375
203.0 3.4609375
204.0 6.703125
205.0 4.890625
206.0 3.6953125
207.0 6.328125
208.0 5.015625
209.0 5.0859375
210.0 5.171875
211.0 5.15625
212.0 5.2265625
213.0 5.3046875
214.0 5.25
215.0 5.1875
216.0 5.1640625
217.0 4.9296875
218.0 5.046875
219.0 5.0234375
220.0 0.8515625
221.0 9.6875
222.0 5.2578125
223.0 5.1953125
224.0 5.1953125
225.0 4.890625
226.0 0.3046875
227.0 9.5703125
228.0 5.0859375
229.0 5.3046875
230.0 5.3125
231.0 5.28125
232.0 5.234375
233.0 5.1328125
234.0 5.1015625
235.0 5.3671875
236.0 5.3671875
237.0 4.546875
238.0 1.109375
239.0 8.5078125
240.0 4.03125
241.0 4.859375
242.0 5.2734375
243.0 5.203125
244.0 5.046875
245.0 5.1953125
246.0 5.4296875
247.0 5.2265625
248.0 5.421875
249.0 5.3828125
250.0 3.078125
251.0 6.0
252.0 4.84375
253.0 4.46875
254.0 5.34375
255.0 5.2265625
256.0 5.1640625
257.0 1.4375
258.0 8.8515625
259.0 5.2890625
260.0 5.0703125
261.0 5.2578125
262.0 5.0703125
263.0 5.2578125
264.0 5.2890625
265.0 5.125
266.0 3.28125
267.0 3.828125
268.0 5.21875
269.0 5.28125
270.0 1.1640625
271.0 9.4921875
272.0 5.34375
273.0 5.375
274.0 5.3046875
275.0 5.0546875
276.0 5.6015625
277.0 5.1640625
278.0 5.375
279.0 4.171875
280.0 4.8125
281.0 5.2890625
282.0 5.453125
283.0 5.015625
284.0 5.3828125
285.0 5.1015625
286.0 5.2890625
287.0 5.2578125
288.0 1.671875
289.0 8.5859375
290.0 2.390625
291.0 8.265625
292.0 5.1015625
293.0 5.015625
294.0 4.796875
295.0 4.78125
296.0 4.7421875
297.0 3.6171875
298.0 4.9296875
299.0 4.890625
300.0 5.0390625
301.0 4.859375
302.0 4.9765625
303.0 5.046875
304.0 4.328125
305.0 6.15625
306.0 5.34375
307.0 5.2734375
308.0 5.2890625
309.0 0.6953125
310.0 10.0703125
311.0 5.3125
312.0 5.484375
313.0 5.34375
314.0 4.953125
315.0 4.953125
316.0 5.34375
317.0 5.140625
318.0 5.2265625
319.0 5.125
320.0 5.0703125
321.0 5.21875
322.0 4.9453125
323.0 5.25
324.0 5.1015625
325.0 5.34375
326.0 3.6953125
327.0 6.9453125
328.0 5.28125
329.0 5.109375
330.0 5.3125
331.0 5.2578125
332.0 5.2578125
333.0 5.2265625
334.0 5.2890625
335.0 5.0703125
336.0 3.1328125
337.0 6.2109375
338.0 3.7421875
339.0 6.8984375
340.0 5.1640625
341.0 5.4296875
342.0 5.4375
343.0 5.6328125
344.0 5.453125
345.0 5.546875
346.0 3.9921875
347.0 6.9296875
348.0 5.34375
349.0 5.046875
350.0 5.3359375
351.0 5.0078125
352.0 5.21875
353.0 5.203125
354.0 5.515625
355.0 5.3515625
356.0 5.515625
357.0 5.3046875
358.0 5.1328125
359.0 5.0078125
360.0 5.3203125
361.0 5.3671875
362.0 0.734375
363.0 10.296875
364.0 5.3515625
365.0 5.3984375
366.0 4.296875
367.0 6.53125
368.0 5.2578125
369.0 5.34375
370.0 5.21875
371.0 5.140625
372.0 5.2734375
373.0 5.203125
374.0 5.3515625
375.0 5.484375
376.0 5.3359375
377.0 5.1640625
378.0 5.3359375
379.0 4.7109375
380.0 6.2734375
381.0 5.1015625
382.0 3.8203125
383.0 5.796875
384.0 5.3984375
385.0 5.234375
386.0 5.125
387.0 5.2734375
388.0 5.3828125
389.0 5.109375
390.0 5.125
391.0 5.1875
392.0 4.9765625
393.0 5.1328125
394.0 5.203125
395.0 5.4375
396.0 2.015625
397.0 7.8671875
398.0 4.7265625
399.0 4.6796875
400.0 4.84375
401.0 4.78125
402.0 3.671875
403.0 6.265625
404.0 4.8359375
405.0 4.8359375
406.0 4.6875
407.0 4.875
408.0 4.609375
409.0 4.625
410.0 4.4296875
411.0 4.5625
412.0 4.6875
413.0 4.65625
414.0 4.6015625
415.0 1.4453125
416.0 8.0859375
417.0 4.9609375
418.0 3.5546875
419.0 6.6796875
420.0 5.0703125
421.0 4.984375
422.0 3.4921875
423.0 6.328125
424.0 3.625
425.0 6.421875
426.0 3.515625
427.0 6.6875
428.0 5.109375
429.0 5.203125
430.0 3.671875
431.0 6.8984375
432.0 5.0859375
433.0 5.203125
434.0 4.9453125
435.0 5.25
436.0 5.1875
437.0 5.1640625
438.0 5.0859375
439.0 5.34375
440.0 3.84375
441.0 6.6640625
442.0 5.2734375
443.0 5.3046875
444.0 5.2578125
445.0 5.125
446.0 5.0546875
447.0 3.7734375
448.0 3.6953125
449.0 3.765625
450.0 5.2578125
451.0 5.109375
452.0 4.75
453.0 4.9453125
454.0 5.1015625
455.0 4.0
456.0 0.0
457.0 6.203125
458.0 4.984375
459.0 5.234375
460.0 5.28125
461.0 5.3984375
462.0 1.1328125
463.0 9.4140625
464.0 5.15625
465.0 5.1953125
466.0 5.171875
467.0 4.9921875
468.0 5.1640625
469.0 5.234375
470.0 4.7265625
471.0 3.4609375
472.0 3.40625
473.0 6.71875
474.0 5.0703125
475.0 5.4296875
476.0 5.34375
477.0 5.234375
478.0 5.0234375
479.0 5.3359375
480.0 5.0859375
481.0 5.125
482.0 5.21875
483.0 5.0078125
484.0 5.25
485.0 5.1875
486.0 5.3125
487.0 0.1875
488.0 10.234375
489.0 5.3125
490.0 5.171875
491.0 2.34375
492.0 5.0703125
493.0 4.890625
494.0 5.2265625
495.0 5.3515625
496.0 5.078125
497.0 4.984375
498.0 5.3203125
499.0 5.2734375
500.0 5.125
501.0 5.0859375
502.0 5.3671875
503.0 5.2578125
504.0 5.1953125
505.0 3.25
506.0 4.3671875
507.0 5.1640625
508.0 2.984375
509.0 4.8359375
510.0 5.15625
511.0 3.96875
512.0 0.046875
513.0 7.5234375
514.0 3.9140625
515.0 5.203125
516.0 4.0625
517.0 4.546875
518.0 5.15625
519.0 5.015625
520.0 4.0859375
521.0 5.4296875
522.0 4.9296875
523.0 5.0859375
524.0 4.828125
525.0 4.203125
526.0 1.9453125
527.0 5.3046875
528.0 4.9609375
529.0 4.7109375
530.0 4.71875
531.0 4.8671875
532.0 4.609375
533.0 4.8125
534.0 4.9296875
535.0 4.921875
536.0 4.5625
537.0 3.9765625
538.0 4.859375
539.0 4.8984375
540.0 0.2265625
541.0 9.6015625
542.0 4.9296875
543.0 4.9765625
544.0 5.0859375
545.0 5.0078125
546.0 4.6640625
547.0 0.40625
548.0 9.046875
549.0 4.9453125
550.0 5.234375
551.0 4.8125
552.0 5.1328125
553.0 4.6640625
554.0 4.984375
555.0 4.71875
556.0 4.8984375
557.0 4.9609375
558.0 4.8984375
559.0 1.421875
560.0 8.9453125
561.0 5.234375
562.0 4.9765625
563.0 4.9765625
564.0 4.53125
565.0 3.7265625
566.0 4.515625
567.0 6.5390625
568.0 3.296875
569.0 5.078125
570.0 4.1796875
571.0 3.40625
572.0 4.8671875
573.0 4.7421875
574.0 5.046875
575.0 5.0390625
576.0 5.0859375
577.0 2.2421875
578.0 6.5703125
579.0 4.75
580.0 4.71875
581.0 5.125
582.0 4.8125
583.0 4.9921875
584.0 5.15625
585.0 4.984375
586.0 3.65625
587.0 6.359375
588.0 4.5625
589.0 4.8046875
590.0 4.984375
591.0 5.0078125
592.0 4.9296875
593.0 5.0390625
594.0 5.140625
595.0 5.109375
596.0 4.84375
597.0 4.9765625
598.0 5.046875
599.0 3.796875
