0.0 5.21875
1.0 4.78125
2.0 1.2109375
3.0 9.4609375
4.0 5.375
5.0 5.671875
6.0 5.734375
7.0 5.5
8.0 0.984375
9.0 7.359375
10.0 2.0
11.0 1.2265625
12.0 2.3125
13.0 3.6171875
14.0 4.984375
15.0 5.734375
16.0 5.765625
17.0 6.0234375
18.0 4.9609375
19.0 4.296875
20.0 4.6484375
21.0 4.28125
22.0 4.625
23.0 5.0234375
24.0 5.203125
25.0 2.75
26.0 1.359375
27.0 1.4375
28.0 1.8671875
29.0 3.7421875
30.0 4.546875
31.0 2.6875
32.0 7.671875
33.0 5.3125
34.0 5.171875
35.0 5.3203125
36.0 5.1328125
37.0 5.140625
38.0 1.1328125
39.0 10.375
40.0 5.6796875
41.0 5.734375
42.0 5.75
43.0 5.5625
44.0 5.5625
45.0 5.4609375
46.0 5.578125
47.0 5.8203125
48.0 6.1875
49.0 6.234375
50.0 4.6484375
51.0 7.9296875
52.0 6.2421875
53.0 5.9375
54.0 5.75
55.0 4.421875
56.0 7.140625
57.0 5.828125
58.0 5.875
59.0 5.6171875
60.0 5.7265625
61.0 5.96875
62.0 5.7265625
63.0 5.7109375
64.0 5.7578125
65.0 5.7578125
66.0 5.75
67.0 4.9453125
68.0 3.0703125
69.0 5.1015625
70.0 5.875
71.0 5.6328125
72.0 5.6484375
73.0 5.4609375
74.0 3.1640625
75.0 0.0
76.0 9.0703125
77.0 5.28125
78.0 5.546875
79.0 5.546875
80.0 3.2578125
81.0 1.2578125
82.0 0.0
83.0 5.0078125
84.0 3.1171875
85.0 3.28125
86.0 4.1484375
87.0 4.78125
88.0 5.0859375
89.0 3.828125
90.0 7.1953125
91.0 4.1796875
92.0 7.2421875
93.0 5.9140625
94.0 5.015625
95.0 5.578125
96.0 6.0234375
97.0 5.6796875
98.0 5.6328125
99.0 6.2421875
100.0 6.0390625
101.0 6.078125
102.0 6.09375
103.0 4.5703125
104.0 7.078125
105.0 2.609375
106.0 2.3125
107.0 2.546875
108.0 3.4921875
109.0 3.2578125
110.0 2.90625
111.0 3.890625
112.0 2.984375
113.0 2.375
114.0 1.6875
115.0 1.109375
116.0 1.3515625
117.0 0.5703125
118.0 5.3671875
119.0 5.53125
120.0 5.7890625
121.0 6.0078125
122.0 5.78125
123.0 5.6953125
124.0 6.078125
125.0 5.828125
126.0 5.8515625
127.0 6.0
128.0 6.0078125
129.0 5.90625
130.0 6.109375
131.0 6.0234375
132.0 0.875
133.0 11.0
134.0 5.8203125
135.0 3.828125
136.0 8.5
137.0 5.703125
138.0 6.0390625
139.0 5.828125
140.0 5.8203125
141.0 5.84375
142.0 6.296875
143.0 5.7578125
144.0 6.078125
145.0 5.9765625
146.0 5.84375
147.0 6.234375
148.0 5.21875
149.0 7.5078125
150.0 5.9765625
151.0 5.890625
152.0 4.21875
153.0 7.546875
154.0 5.9765625
155.0 6.0859375
156.0 5.890625
157.0 5.9296875
158.0 5.78125
159.0 5.8515625
160.0 6.0390625
161.0 6.0
162.0 6.0546875
163.0 6.1875
164.0 6.15625
165.0 3.890625
166.0 8.0859375
167.0 6.0390625
168.0 5.9453125
169.0 5.9140625
170.0 5.90625
171.0 2.0625
172.0 10.234375
173.0 5.9375
174.0 6.265625
175.0 5.734375
176.0 6.0234375
177.0 5.875
178.0 5.9765625
179.0 6.234375
180.0 5.5859375
181.0 6.09375
182.0 6.140625
183.0 5.8125
184.0 6.40625
185.0 5.828125
186.0 5.8203125
187.0 5.7890625
188.0 6.0859375
189.0 5.9375
190.0 2.8125
191.0 9.328125
192.0 6.03125
193.0 6.09375
194.0 5.8125
195.0 5.6484375
196.0 6.15625
197.0 6.09375
198.0 6.078125
199.0 4.53125
200.0 7.4609375
201.0 5.8828125
202.0 5.90625
203.0 6.03125
204.0 5.78125
205.0 5.8515625
206.0 5.9921875
207.0 4.5390625
208.0 7.484375
209.0 5.7265625
210.0 5.578125
211.0 5.2734375
212.0 5.3203125
213.0 5.640625
214.0 5.84375
215.0 5.6484375
216.0 5.84375
217.0 5.8515625
218.0 5.8828125
219.0 6.0390625
220.0 5.84375
221.0 6.0078125
222.0 5.765625
223.0 5.2734375
224.0 4.8359375
225.0 3.9375
226.0 7.4296875
227.0 5.9921875
228.0 5.796875
229.0 6.078125
230.0 5.5546875
231.0 5.859375
232.0 5.75
233.0 6.0078125
234.0 5.5234375
235.0 6.4375
236.0 6.0546875
237.0 6.0078125
238.0 5.9609375
239.0 5.7890625
240.0 5.6328125
241.0 5.6953125
242.0 5.046875
243.0 4.0234375
244.0 5.4921875
245.0 6.03125
246.0 5.6953125
247.0 3.3125
248.0 7.7890625
249.0 5.0078125
250.0 3.3671875
251.0 2.0078125
252.0 2.8203125
253.0 2.0390625
254.0 1.1484375
255.0 1.359375
256.0 4.3515625
257.0 5.3984375
258.0 4.921875
259.0 5.015625
260.0 1.671875
261.0 7.90625
262.0 5.53125
263.0 5.609375
264.0 5.5234375
265.0 5.40625
266.0 5.6171875
267.0 5.3984375
268.0 5.109375
269.0 5.3671875
270.0 5.90625
271.0 4.2734375
272.0 7.6640625
273.0 6.0
274.0 5.9921875
275.0 5.8828125
276.0 6.0078125
277.0 5.9921875
278.0 5.5
279.0 5.78125
280.0 5.90625
281.0 5.6328125
282.0 6.0078125
283.0 5.9921875
284.0 6.109375
285.0 5.3046875
286.0 6.2421875
287.0 6.03125
288.0 2.046875
289.0 9.90625
290.0 5.21875
291.0 3.5859375
292.0 0.0
293.0 0.0
294.0 8.625
295.0 5.140625
296.0 3.625
297.0 5.3671875
298.0 5.109375
299.0 4.0703125
300.0 6.3671875
301.0 5.9921875
302.0 5.53125
303.0 6.2578125
304.0 6.0625
305.0 6.359375
306.0 6.5546875
307.0 6.3203125
308.0 5.75
309.0 5.4609375
310.0 6.2265625
311.0 6.359375
312.0 6.15625
313.0 5.875
314.0 5.890625
315.0 6.0078125
316.0 6.0859375
317.0 6.03125
318.0 3.2578125
319.0 9.21875
320.0 6.078125
321.0 6.0234375
322.0 5.9453125
323.0 5.578125
324.0 6.53125
325.0 6.09375
326.0 5.546875
327.0 3.9375
328.0 7.09375
329.0 4.4765625
330.0 6.8125
331.0 5.546875
332.0 5.7109375
333.0 3.3203125
334.0 6.796875
335.0 5.78125
336.0 5.3984375
337.0 5.4296875
338.0 5.703125
339.0 5.28125
340.0 5.609375
341.0 4.25
342.0 6.5078125
343.0 5.21875
344.0 5.3671875
345.0 4.5
346.0 5.546875
347.0 5.1640625
348.0 4.9765625
349.0 5.7265625
350.0 5.3359375
351.0 5.1015625
352.0 4.390625
353.0 4.3984375
354.0 2.9609375
355.0 3.6953125
356.0 3.546875
357.0 7.1796875
358.0 5.4921875
359.0 5.609375
360.0 5.4921875
361.0 5.3671875
362.0 2.28125
363.0 4.828125
364.0 6.9921875
365.0 5.453125
366.0 5.3671875
367.0 5.703125
368.0 5.34375
369.0 3.40625
370.0 4.2734375
371.0 5.3984375
372.0 5.0078125
373.0 5.5859375
374.0 5.6171875
375.0 6.0
376.0 5.796875
377.0 4.3671875
378.0 6.0625
379.0 5.7109375
380.0 4.8671875
381.0 2.28125
382.0 7.9453125
383.0 5.8828125
384.0 5.9375
385.0 5.9765625
386.0 6.109375
387.0 5.8125
388.0 5.4921875
389.0 5.78125
390.0 6.0625
391.0 6.1796875
392.0 6.140625
393.0 6.2109375
394.0 5.765625
395.0 2.1328125
396.0 9.578125
397.0 5.7265625
398.0 5.0703125
399.0 5.9921875
400.0 5.578125
401.0 5.890625
402.0 6.0
403.0 5.96875
404.0 6.0625
405.0 5.8515625
406.0 5.9375
407.0 6.1484375
408.0 5.9609375
409.0 5.7265625
410.0 5.6640625
411.0 5.78125
412.0 5.8515625
413.0 6.0234375
414.0 6.15625
415.0 6.2890625
416.0 6.0625
417.0 6.0546875
418.0 6.0
419.0 5.765625
420.0 1.2578125
421.0 10.2890625
422.0 5.7578125
423.0 5.7890625
424.0 5.7578125
425.0 5.5
426.0 5.734375
427.0 5.7890625
428.0 5.703125
429.0 5.6953125
430.0 5.546875
431.0 4.2109375
432.0 7.6875
433.0 5.8828125
434.0 5.484375
435.0 5.875
436.0 5.6796875
437.0 5.4921875
438.0 5.6015625
439.0 5.875
440.0 5.6953125
441.0 5.7265625
442.0 5.6328125
443.0 5.7265625
444.0 2.1640625
445.0 0.0
446.0 0.0
447.0 6.9609375
448.0 5.1875
449.0 5.0703125
450.0 5.75
451.0 6.109375
452.0 3.953125
453.0 6.2421875
454.0 5.5859375
455.0 3.375
456.0 2.8671875
457.0 3.2578125
458.0 4.5703125
459.0 5.6640625
460.0 5.8515625
461.0 5.515625
462.0 5.90625
463.0 5.96875
464.0 5.6796875
465.0 6.09375
466.0 5.9453125
467.0 4.4140625
468.0 7.515625
469.0 5.84375
470.0 5.0390625
471.0 5.1328125
472.0 5.515625
473.0 5.765625
474.0 5.5234375
475.0 4.78125
476.0 5.015625
477.0 5.3125
478.0 6.0546875
479.0 5.375
480.0 5.421875
481.0 4.984375
482.0 6.0078125
483.0 5.671875
484.0 4.7578125
485.0 0.8359375
486.0 10.3828125
487.0 4.90625
488.0 5.3125
489.0 5.4609375
490.0 5.6015625
491.0 5.421875
492.0 5.890625
493.0 4.5703125
494.0 5.0859375
495.0 4.578125
496.0 4.8984375
497.0 4.296875
498.0 4.875
499.0 4.796875
500.0 4.8125
501.0 4.3984375
502.0 1.2109375
503.0 10.2578125
504.0 5.6953125
505.0 5.546875
506.0 5.7890625
507.0 5.7265625
508.0 5.7265625
509.0 5.6640625
510.0 5.5234375
511.0 5.5625
512.0 5.21875
513.0 4.09375
514.0 3.578125
515.0 5.1953125
516.0 6.1796875
517.0 6.0546875
518.0 5.78125
519.0 3.1953125
520.0 9.0625
521.0 5.875
522.0 6.0078125
523.0 5.4296875
524.0 4.9453125
525.0 5.0078125
526.0 4.3671875
527.0 5.546875
528.0 4.9609375
529.0 3.1171875
530.0 0.0
531.0 8.953125
532.0 5.6328125
533.0 5.7890625
534.0 5.6484375
535.0 5.34375
536.0 5.375
537.0 5.2734375
538.0 5.7890625
539.0 5.5234375
540.0 5.78125
541.0 5.8515625
542.0 5.78125
543.0 5.015625
544.0 6.2734375
545.0 5.5546875
546.0 4.7578125
547.0 4.421875
548.0 4.7734375
549.0 4.3515625
550.0 5.125
551.0 4.8125
552.0 4.9765625
553.0 4.5625
554.0 4.8671875
555.0 4.8046875
556.0 5.2578125
557.0 4.7109375
558.0 4.71875
559.0 1.0546875
560.0 7.609375
561.0 1.1328125
562.0 4.53125
563.0 4.5078125
564.0 1.8828125
565.0 8.015625
566.0 4.7109375
567.0 4.625
568.0 5.3203125
569.0 4.6953125
570.0 3.9921875
571.0 3.828125
572.0 4.7265625
573.0 5.140625
574.0 5.3203125
575.0 4.0234375
576.0 6.484375
577.0 5.046875
578.0 4.546875
579.0 2.609375
580.0 3.640625
581.0 5.1328125
582.0 3.1328125
583.0 1.5
584.0 0.3671875
585.0 0.0
586.0 6.625
587.0 5.3359375
588.0 4.984375
589.0 5.6640625
590.0 5.8828125
591.0 5.828125
592.0 5.9296875
593.0 5.21875
594.0 5.9296875
595.0 4.953125
596.0 5.8515625
597.0 5.828125
598.0 5.9921875
599.0 1.2265625
