0.0 5.3984375
1.0 4.4296875
2.0 8.2109375
3.0 5.9921875
4.0 6.1484375
5.0 6.0625
6.0 6.515625
7.0 6.984375
8.0 6.5625
9.0 6.3046875
10.0 6.5625
11.0 6.59375
12.0 6.0390625
13.0 5.125
14.0 6.1796875
15.0 5.4609375
16.0 1.7734375
17.0 8.5546875
18.0 6.1171875
19.0 2.5390625
20.0 8.0546875
21.0 6.3515625
22.0 6.7734375
23.0 5.234375
24.0 6.328125
25.0 5.3828125
26.0 4.3359375
27.0 4.7109375
28.0 4.359375
29.0 6.40625
30.0 4.0625
31.0 2.4609375
32.0 2.75
33.0 4.9921875
34.0 6.1796875
35.0 2.875
36.0 8.03125
37.0 5.515625
38.0 5.109375
39.0 6.1796875
40.0 5.8125
41.0 4.4453125
42.0 6.8828125
43.0 6.1875
44.0 5.6796875
45.0 5.640625
46.0 6.2734375
47.0 6.453125
48.0 4.6796875
49.0 5.9296875
50.0 5.171875
51.0 4.921875
52.0 5.53125
53.0 2.015625
54.0 9.671875
55.0 4.609375
56.0 4.9921875
57.0 5.7265625
58.0 6.78125
59.0 5.875
60.0 6.390625
61.0 4.1796875
62.0 5.421875
63.0 5.1328125
64.0 4.6328125
65.0 1.9375
66.0 2.0390625
67.0 2.546875
68.0 2.875
69.0 0.0
70.0 0.0
71.0 5.8125
72.0 2.4609375
73.0 1.96875
74.0 1.765625
75.0 1.2109375
76.0 0.8671875
77.0 1.5078125
78.0 1.09375
79.0 8.5
80.0 6.3046875
81.0 6.2421875
82.0 6.65625
83.0 6.8046875
84.0 4.7734375
85.0 6.984375
86.0 5.578125
87.0 5.890625
88.0 6.0546875
89.0 5.5546875
90.0 4.6640625
91.0 5.4375
92.0 6.171875
93.0 5.9921875
94.0 5.4375
95.0 5.671875
96.0 4.8046875
97.0 8.2421875
98.0 6.796875
99.0 5.9453125
100.0 5.3359375
101.0 6.5625
102.0 3.328125
103.0 2.96875
104.0 3.59375
105.0 3.140625
106.0 2.4765625
107.0 0.0
108.0 7.2265625
109.0 2.5703125
110.0 3.2265625
111.0 2.953125
112.0 3.375
113.0 3.515625
114.0 2.296875
115.0 0.0
116.0 6.9453125
117.0 3.0546875
118.0 2.875
119.0 2.546875
120.0 1.59375
121.0 1.8671875
122.0 2.3359375
123.0 3.1796875
124.0 2.1953125
125.0 2.9375
126.0 1.421875
127.0 2.3984375
128.0 3.0390625
129.0 0.0
130.0 6.078125
131.0 3.1953125
132.0 3.1484375
133.0 0.359375
134.0 6.328125
135.0 3.109375
136.0 3.234375
137.0 2.1015625
138.0 1.6171875
139.0 1.859375
140.0 1.53125
141.0 1.359375
142.0 1.8671875
143.0 1.8515625
144.0 2.5625
145.0 3.625
146.0 4.0625
147.0 0.9375
148.0 8.375
149.0 2.265625
150.0 2.5234375
151.0 2.9296875
152.0 3.28125
153.0 3.1328125
154.0 2.7890625
155.0 1.3515625
156.0 1.234375
157.0 0.0390625
158.0 0.0
159.0 0.0
160.0 5.875
161.0 2.015625
162.0 2.0859375
163.0 2.1171875
164.0 1.984375
165.0 4.9609375
166.0 5.9921875
167.0 4.0234375
168.0 1.3828125
169.0 10.2265625
170.0 2.640625
171.0 1.8984375
172.0 1.2109375
173.0 0.8203125
174.0 0.875
175.0 1.3125
176.0 1.40625
177.0 1.2421875
178.0 0.5234375
179.0 0.0
180.0 0.0
181.0 0.0
182.0 0.0
183.0 0.0
184.0 0.0
185.0 0.0
186.0 5.15625
187.0 0.8359375
188.0 0.6328125
189.0 0.6953125
190.0 1.140625
191.0 1.7890625
192.0 2.296875
193.0 2.0625
194.0 2.2109375
195.0 1.671875
196.0 1.6875
197.0 1.703125
198.0 2.1328125
199.0 2.375
200.0 0.0
201.0 0.3046875
202.0 6.84375
203.0 2.921875
204.0 2.4921875
205.0 2.5390625
206.0 2.2109375
207.0 1.203125
208.0 0.8125
209.0 0.0
210.0 0.0
211.0 6.3671875
212.0 3.625
213.0 3.671875
214.0 3.4296875
215.0 3.015625
216.0 2.484375
217.0 3.28125
218.0 4.0625
219.0 3.6796875
220.0 3.703125
221.0 3.5234375
222.0 3.5546875
223.0 1.640625
224.0 0.2265625
225.0 7.84375
226.0 2.4609375
227.0 2.9921875
228.0 2.0703125
229.0 0.0
230.0 5.015625
231.0 3.8828125
232.0 6.0078125
233.0 6.859375
234.0 6.765625
235.0 5.765625
236.0 5.3203125
237.0 6.859375
238.0 3.3203125
239.0 4.25
240.0 4.0078125
241.0 5.375
242.0 4.8046875
243.0 5.8203125
244.0 4.4453125
245.0 4.9609375
246.0 6.03125
247.0 2.8984375
248.0 2.6328125
249.0 3.171875
250.0 1.8515625
251.0 1.0625
252.0 1.046875
253.0 0.8359375
254.0 0.9453125
255.0 1.984375
256.0 2.7734375
257.0 2.8671875
258.0 2.3984375
259.0 1.0546875
260.0 2.09375
261.0 2.8359375
262.0 3.5625
263.0 2.7421875
264.0 0.0
265.0 0.0
266.0 5.8828125
267.0 1.28125
268.0 0.84375
269.0 0.6953125
270.0 0.8046875
271.0 1.0
272.0 1.234375
273.0 0.9140625
274.0 0.0
275.0 0.0
276.0 0.0
277.0 5.2578125
278.0 1.671875
279.0 2.9296875
280.0 2.71875
281.0 0.9453125
282.0 0.90625
283.0 0.84375
284.0 0.9453125
285.0 1.734375
286.0 1.296875
287.0 1.0546875
288.0 1.265625
289.0 1.0859375
290.0 0.1953125
291.0 0.0
292.0 0.0
293.0 0.0
294.0 0.0
295.0 0.1015625
296.0 4.9296875
297.0 1.703125
298.0 0.8046875
299.0 0.9140625
300.0 1.359375
301.0 2.4609375
302.0 2.1484375
303.0 0.2578125
304.0 5.2890625
305.0 2.75
306.0 2.9375
307.0 2.3125
308.0 2.84375
309.0 3.0546875
310.0 1.7734375
311.0 0.6171875
312.0 0.8984375
313.0 1.5390625
314.0 3.2578125
315.0 2.5703125
316.0 0.875
317.0 6.3515625
318.0 3.25
319.0 3.2265625
320.0 3.7734375
321.0 3.828125
322.0 3.7734375
323.0 3.4453125
324.0 3.4296875
325.0 3.703125
326.0 3.8046875
327.0 4.1875
328.0 2.953125
329.0 6.2421875
330.0 4.0703125
331.0 3.4609375
332.0 4.3203125
333.0 4.6015625
334.0 5.9296875
335.0 4.5078125
336.0 2.4140625
337.0 0.0
338.0 7.6015625
339.0 2.5234375
340.0 3.375
341.0 5.40625
342.0 5.9375
343.0 5.90625
344.0 5.6796875
345.0 5.640625
346.0 5.1328125
347.0 6.1796875
348.0 4.890625
349.0 5.0390625
350.0 3.6796875
351.0 5.171875
352.0 5.4375
353.0 4.6875
354.0 1.96875
355.0 4.8125
356.0 4.5078125
357.0 4.3515625
358.0 3.703125
359.0 3.9453125
360.0 2.9921875
361.0 0.7578125
362.0 4.890625
363.0 4.6796875
364.0 3.96875
365.0 3.4296875
366.0 4.46875
367.0 4.890625
368.0 4.9296875
369.0 3.9453125
370.0 5.578125
371.0 5.109375
372.0 4.5625
373.0 4.5625
374.0 4.6328125
375.0 4.359375
376.0 7.2578125
377.0 5.5625
378.0 5.2734375
379.0 5.9453125
380.0 2.8515625
381.0 0.6953125
382.0 0.9453125
383.0 6.4375
384.0 3.0703125
385.0 1.8046875
386.0 0.0
387.0 4.796875
388.0 1.4453125
389.0 3.609375
390.0 3.828125
391.0 3.9140625
392.0 2.7265625
393.0 3.796875
394.0 5.0703125
395.0 5.1953125
396.0 3.875
397.0 4.8984375
398.0 4.6640625
399.0 4.7109375
400.0 3.9453125
401.0 3.8828125
402.0 3.9140625
403.0 1.734375
404.0 0.0
405.0 0.0
406.0 4.859375
407.0 3.109375
408.0 6.921875
409.0 7.1953125
410.0 7.1953125
411.0 7.046875
412.0 6.953125
413.0 6.3828125
414.0 2.15625
415.0 0.34375
416.0 0.2890625
417.0 0.3984375
418.0 0.6015625
419.0 0.515625
420.0 0.28125
421.0 0.0
422.0 0.0
423.0 0.0
424.0 4.6015625
425.0 3.1640625
426.0 5.109375
427.0 4.546875
428.0 6.5
429.0 4.84375
430.0 5.5546875
431.0 5.7265625
432.0 5.3828125
433.0 6.265625
434.0 4.5390625
435.0 3.1796875
436.0 1.8203125
437.0 4.828125
438.0 5.3359375
439.0 7.0078125
440.0 4.4765625
441.0 5.234375
442.0 5.75
443.0 2.21875
444.0 0.4609375
445.0 0.0
446.0 0.0
447.0 0.0
448.0 5.3046875
449.0 0.984375
450.0 0.671875
451.0 0.9375
452.0 0.8203125
453.0 0.9296875
454.0 0.9453125
455.0 2.2734375
456.0 1.8203125
457.0 1.96875
458.0 2.953125
459.0 2.9921875
460.0 2.6328125
461.0 2.75
462.0 2.1015625
463.0 0.546875
464.0 0.0
465.0 5.2265625
466.0 1.2578125
467.0 3.640625
468.0 3.703125
469.0 2.6015625
470.0 0.0
471.0 8.1796875
472.0 4.6015625
473.0 6.5546875
474.0 5.28125
475.0 5.078125
476.0 3.8828125
477.0 4.3203125
478.0 4.28125
479.0 4.359375
480.0 4.6640625
481.0 3.59375
482.0 3.1953125
483.0 2.1875
484.0 1.4609375
485.0 0.9375
486.0 1.0859375
487.0 1.390625
488.0 1.71875
489.0 1.296875
490.0 1.359375
491.0 0.9453125
492.0 0.875
493.0 0.7890625
494.0 0.7578125
495.0 0.6953125
496.0 0.328125
497.0 0.0
498.0 0.0
499.0 0.0
500.0 0.0
501.0 0.0
502.0 5.078125
503.0 1.5859375
504.0 0.1640625
505.0 0.4921875
506.0 1.734375
507.0 1.640625
508.0 0.015625
509.0 4.2734375
510.0 3.3125
511.0 2.7265625
512.0 3.0
513.0 4.03125
514.0 2.671875
515.0 1.1796875
516.0 0.453125
517.0 0.2890625
518.0 0.484375
519.0 1.5390625
520.0 1.4765625
521.0 3.0234375
522.0 4.1171875
523.0 3.53125
524.0 0.28125
525.0 9.28125
526.0 3.8203125
527.0 2.8203125
528.0 0.6171875
529.0 0.0
530.0 0.0
531.0 0.0
532.0 0.0
533.0 0.0
534.0 0.0
535.0 4.609375
536.0 3.203125
537.0 3.703125
538.0 3.3125
539.0 2.890625
540.0 3.7109375
541.0 2.8203125
542.0 4.21875
543.0 3.5
544.0 2.515625
545.0 1.328125
546.0 1.4921875
547.0 1.859375
548.0 0.5390625
549.0 0.0
550.0 5.25
551.0 2.4296875
552.0 2.578125
553.0 4.21875
554.0 4.0546875
555.0 3.625
556.0 2.578125
557.0 5.5859375
558.0 3.46875
559.0 3.3203125
560.0 2.984375
561.0 3.0703125
562.0 1.5
563.0 1.328125
564.0 2.6328125
565.0 4.09375
566.0 3.46875
567.0 3.4609375
568.0 3.1171875
569.0 2.4453125
570.0 5.5
571.0 3.3671875
572.0 2.5625
573.0 2.890625
574.0 1.7734375
575.0 3.578125
576.0 3.6953125
577.0 2.3046875
578.0 3.28125
579.0 3.4765625
580.0 1.828125
581.0 0.9296875
582.0 0.8125
583.0 0.9453125
584.0 1.3515625
585.0 0.8828125
586.0 0.0
587.0 5.2578125
588.0 2.8671875
589.0 4.03125
590.0 3.546875
591.0 3.7578125
592.0 2.8515625
593.0 3.0859375
594.0 3.1484375
595.0 3.8046875
596.0 4.484375
597.0 2.9609375
598.0 3.3671875
599.0 4.71875
