0.0 8.03125
1.0 7.65625
2.0 7.21875
3.0 7.3125
4.0 7.2890625
5.0 6.8046875
6.0 6.515625
7.0 7.1328125
8.0 5.3203125
9.0 9.15625
10.0 7.5078125
11.0 7.765625
12.0 7.7265625
13.0 7.453125
14.0 7.6015625
15.0 7.3984375
16.0 3.4140625
17.0 11.25
18.0 6.8359375
19.0 6.2265625
20.0 5.8828125
21.0 5.8125
22.0 2.5703125
23.0 8.890625
24.0 6.7109375
25.0 7.2890625
26.0 7.125
27.0 6.1796875
28.0 7.1328125
29.0 6.984375
30.0 7.2265625
31.0 6.03125
32.0 6.453125
33.0 6.1875
34.0 6.109375
35.0 6.765625
36.0 6.6328125
37.0 6.46875
38.0 7.1953125
39.0 5.6953125
40.0 4.3515625
41.0 3.3828125
42.0 7.46875
43.0 5.421875
44.0 6.0
45.0 5.2265625
46.0 5.46875
47.0 5.6015625
48.0 5.0078125
49.0 1.03125
50.0 6.71875
51.0 5.46875
52.0 5.0859375
53.0 4.4765625
54.0 5.3046875
55.0 6.953125
56.0 6.359375
57.0 6.828125
58.0 5.8515625
59.0 6.234375
60.0 5.703125
61.0 5.8515625
62.0 5.4921875
63.0 2.3046875
64.0 9.1796875
65.0 6.421875
66.0 6.5390625
67.0 3.3203125
68.0 9.7265625
69.0 6.1484375
70.0 5.484375
71.0 5.4921875
72.0 6.2734375
73.0 6.625
74.0 6.6640625
75.0 6.796875
76.0 7.34375
77.0 6.65625
78.0 6.828125
79.0 6.2265625
80.0 6.40625
81.0 6.859375
82.0 7.1328125
83.0 6.6484375
84.0 6.890625
85.0 6.8046875
86.0 6.8984375
87.0 6.0078125
88.0 5.2578125
89.0 4.59375
90.0 6.296875
91.0 5.6796875
92.0 5.4921875
93.0 6.515625
94.0 6.8046875
95.0 5.234375
96.0 1.59375
97.0 9.34375
98.0 4.09375
99.0 4.390625
100.0 5.703125
101.0 6.5625
102.0 3.609375
103.0 8.921875
104.0 5.828125
105.0 5.1953125
106.0 4.6875
107.0 4.515625
108.0 2.1640625
109.0 7.6171875
110.0 4.609375
111.0 4.125
112.0 1.4765625
113.0 6.71875
114.0 5.25
115.0 5.3828125
116.0 4.515625
117.0 3.5234375
118.0 4.1796875
119.0 4.421875
120.0 2.28125
121.0 2.3046875
122.0 1.1640625
123.0 2.3984375
124.0 2.15625
125.0 2.265625
126.0 5.046875
127.0 6.3828125
128.0 6.9453125
129.0 6.9140625
130.0 7.046875
131.0 6.515625
132.0 6.84375
133.0 6.234375
134.0 5.859375
135.0 5.9375
136.0 4.296875
137.0 7.9921875
138.0 5.28125
139.0 5.671875
140.0 2.7265625
141.0 10.03125
142.0 5.484375
143.0 5.3125
144.0 6.1796875
145.0 6.2734375
146.0 6.515625
147.0 6.5390625
148.0 6.2265625
149.0 6.265625
150.0 6.8125
151.0 6.71875
152.0 6.734375
153.0 7.3984375
154.0 2.0
155.0 12.078125
156.0 6.71875
157.0 6.171875
158.0 2.8359375
159.0 10.171875
160.0 6.1171875
161.0 5.1953125
162.0 3.4609375
163.0 0.6015625
164.0 0.0
165.0 7.3046875
166.0 6.328125
167.0 6.6484375
168.0 5.84375
169.0 5.890625
170.0 7.046875
171.0 6.1875
172.0 1.1796875
173.0 10.21875
174.0 5.84375
175.0 5.40625
176.0 5.203125
177.0 2.7734375
178.0 5.34375
179.0 4.421875
180.0 3.1640625
181.0 5.875
182.0 6.6328125
183.0 6.3671875
184.0 6.53125
185.0 6.4453125
186.0 6.6484375
187.0 2.90625
188.0 8.2578125
189.0 2.921875
190.0 3.53125
191.0 3.046875
192.0 3.2578125
193.0 2.7109375
194.0 3.25
195.0 3.0390625
196.0 2.5390625
197.0 2.9375
198.0 2.890625
199.0 0.2421875
200.0 6.3515625
201.0 3.734375
202.0 3.734375
203.0 3.7421875
204.0 3.296875
205.0 3.1796875
206.0 0.0
207.0 7.40625
208.0 4.9609375
209.0 5.484375
210.0 5.3203125
211.0 6.0078125
212.0 5.125
213.0 5.671875
214.0 5.859375
215.0 6.296875
216.0 6.1875
217.0 5.96875
218.0 2.84375
219.0 9.28125
220.0 5.9375
221.0 5.7890625
222.0 2.5703125
223.0 9.34375
224.0 5.734375
225.0 5.5859375
226.0 5.2890625
227.0 5.203125
228.0 6.59375
229.0 6.390625
230.0 6.515625
231.0 6.3828125
232.0 3.0234375
233.0 9.8515625
234.0 5.90625
235.0 6.15625
236.0 6.4375
237.0 5.609375
238.0 5.3125
239.0 3.859375
240.0 4.1015625
241.0 6.2265625
242.0 5.765625
243.0 1.8203125
244.0 9.484375
245.0 5.078125
246.0 6.484375
247.0 5.234375
248.0 5.78125
249.0 5.34375
250.0 5.40625
251.0 3.4375
252.0 5.140625
253.0 5.4609375
254.0 5.078125
255.0 2.390625
256.0 1.09375
257.0 1.5390625
258.0 4.8359375
259.0 5.828125
260.0 0.34375
261.0 9.875
262.0 5.3515625
263.0 6.15625
264.0 6.796875
265.0 6.515625
266.0 6.5390625
267.0 6.796875
268.0 6.40625
269.0 5.9609375
270.0 6.0546875
271.0 5.15625
272.0 5.171875
273.0 5.8203125
274.0 6.3828125
275.0 6.078125
276.0 1.640625
277.0 9.046875
278.0 5.3671875
279.0 6.109375
280.0 6.1171875
281.0 5.546875
282.0 1.890625
283.0 10.2578125
284.0 6.59375
285.0 5.90625
286.0 6.3515625
287.0 6.0390625
288.0 5.46875
289.0 4.8671875
290.0 5.734375
291.0 6.5546875
292.0 5.9453125
293.0 5.3203125
294.0 3.28125
295.0 0.2421875
296.0 9.5546875
297.0 6.359375
298.0 5.3125
299.0 4.9296875
300.0 5.703125
301.0 4.3203125
302.0 5.015625
303.0 5.578125
304.0 6.5625
305.0 5.421875
306.0 5.0859375
307.0 5.21875
308.0 4.9296875
309.0 5.6328125
310.0 5.1328125
311.0 4.875
312.0 3.640625
313.0 3.7734375
314.0 1.8203125
315.0 5.9921875
316.0 6.46875
317.0 6.125
318.0 6.0078125
319.0 4.3671875
320.0 3.21875
321.0 4.7578125
322.0 5.515625
323.0 4.4296875
324.0 4.8125
325.0 5.6484375
326.0 5.078125
327.0 4.390625
328.0 0.5546875
329.0 9.3359375
330.0 2.4453125
331.0 7.78125
332.0 2.6015625
333.0 8.09375
334.0 6.2109375
335.0 4.8046875
336.0 4.3984375
337.0 5.453125
338.0 4.7109375
339.0 3.46875
340.0 4.546875
341.0 4.0859375
342.0 2.5234375
343.0 3.6953125
344.0 6.1171875
345.0 5.90625
346.0 5.7890625
347.0 4.78125
348.0 5.5
349.0 5.75
350.0 2.7890625
351.0 7.96875
352.0 6.078125
353.0 6.484375
354.0 7.125
355.0 5.4296875
356.0 3.046875
357.0 9.6015625
358.0 7.0625
359.0 7.015625
360.0 6.0
361.0 3.734375
362.0 4.6796875
363.0 5.6640625
364.0 5.4296875
365.0 4.7109375
366.0 3.5
367.0 5.734375
368.0 5.5859375
369.0 6.625
370.0 7.984375
371.0 7.6953125
372.0 6.3203125
373.0 4.234375
374.0 9.1484375
375.0 6.46875
376.0 6.0546875
377.0 6.2578125
378.0 6.15625
379.0 4.7734375
380.0 5.9140625
381.0 6.125
382.0 6.3515625
383.0 6.0390625
384.0 6.53125
385.0 6.2265625
386.0 6.6796875
387.0 6.328125
388.0 3.28125
389.0 10.4375
390.0 7.6640625
391.0 6.953125
392.0 6.953125
393.0 7.015625
394.0 7.28125
395.0 6.6328125
396.0 6.4375
397.0 6.2578125
398.0 6.09375
399.0 5.765625
400.0 3.546875
401.0 6.3359375
402.0 5.9453125
403.0 5.8828125
404.0 6.296875
405.0 6.0078125
406.0 5.96875
407.0 6.359375
408.0 5.875
409.0 4.9921875
410.0 5.3125
411.0 5.40625
412.0 2.9375
413.0 8.5078125
414.0 6.2265625
415.0 6.6796875
416.0 5.90625
417.0 3.5546875
418.0 7.03125
419.0 5.453125
420.0 6.2578125
421.0 5.9609375
422.0 2.7421875
423.0 5.421875
424.0 3.7734375
425.0 5.96875
426.0 4.3515625
427.0 4.9921875
428.0 4.265625
429.0 4.875
430.0 4.3515625
431.0 1.2421875
432.0 8.4609375
433.0 6.84375
434.0 5.96875
435.0 6.2890625
436.0 5.875
437.0 5.578125
438.0 5.8203125
439.0 6.171875
440.0 6.0078125
441.0 7.2265625
442.0 7.8203125
443.0 7.5546875
444.0 7.453125
445.0 6.1171875
446.0 6.171875
447.0 6.515625
448.0 7.1640625
449.0 3.2578125
450.0 7.1796875
451.0 4.328125
452.0 6.890625
453.0 5.8515625
454.0 6.8125
455.0 7.6015625
456.0 2.8515625
457.0 7.9375
458.0 3.8828125
459.0 4.0390625
460.0 5.765625
461.0 6.9140625
462.0 7.1328125
463.0 6.78125
464.0 6.3671875
465.0 4.7578125
466.0 3.859375
467.0 6.2734375
468.0 7.34375
469.0 6.0859375
470.0 7.078125
471.0 5.734375
472.0 6.5859375
473.0 7.1015625
474.0 7.40625
475.0 7.140625
476.0 7.2890625
477.0 7.140625
478.0 2.7578125
479.0 10.7421875
480.0 5.5859375
481.0 1.8359375
482.0 0.0
483.0 0.0
484.0 5.453125
485.0 1.953125
486.0 1.9765625
487.0 2.1796875
488.0 2.34375
489.0 4.3515625
490.0 5.84375
491.0 3.5546875
492.0 1.359375
493.0 3.0703125
494.0 5.2578125
495.0 1.4140625
496.0 0.4296875
497.0 0.0
498.0 0.0
499.0 0.0
500.0 5.734375
501.0 0.5390625
502.0 4.3046875
503.0 3.4765625
504.0 3.734375
505.0 3.7734375
506.0 4.0
507.0 6.71875
508.0 7.1953125
509.0 7.15625
510.0 7.09375
511.0 6.890625
512.0 7.46875
513.0 7.5234375
514.0 7.1796875
515.0 7.09375
516.0 7.5234375
517.0 7.5703125
518.0 3.2265625
519.0 10.171875
520.0 6.484375
521.0 7.515625
522.0 4.453125
523.0 4.0234375
524.0 3.625
525.0 5.3828125
526.0 3.9921875
527.0 3.625
528.0 3.640625
529.0 3.375
530.0 3.046875
531.0 0.9296875
532.0 7.046875
533.0 4.390625
534.0 4.0078125
535.0 4.3203125
536.0 3.2578125
537.0 6.5
538.0 6.53125
539.0 6.71875
540.0 7.359375
541.0 7.0078125
542.0 7.109375
543.0 6.828125
544.0 7.9375
545.0 7.734375
546.0 7.6640625
547.0 7.09375
548.0 3.46875
549.0 10.546875
550.0 7.4609375
551.0 7.5078125
552.0 3.140625
553.0 10.375
554.0 7.0390625
555.0 6.9609375
556.0 6.6484375
557.0 7.078125
558.0 6.8984375
559.0 6.7421875
560.0 6.625
561.0 3.0390625
562.0 2.6875
563.0 6.0
564.0 3.5
565.0 10.2265625
566.0 7.0078125
567.0 7.1015625
568.0 7.1796875
569.0 6.9140625
570.0 7.1796875
571.0 7.09375
572.0 7.015625
573.0 6.828125
574.0 6.453125
575.0 7.015625
576.0 5.671875
577.0 6.4453125
578.0 7.3984375
579.0 7.421875
580.0 7.5234375
581.0 7.9140625
582.0 7.0390625
583.0 4.3828125
584.0 11.0390625
585.0 3.796875
586.0 3.2890625
587.0 4.6015625
588.0 3.7890625
589.0 10.8046875
590.0 6.421875
591.0 6.2578125
592.0 6.65625
593.0 7.390625
594.0 6.796875
595.0 2.0859375
596.0 4.0
597.0 3.703125
598.0 1.5234375
599.0 2.59375
