0.0 5.1015625
1.0 4.921875
2.0 5.015625
3.0 4.8671875
4.0 4.8125
5.0 4.9609375
6.0 3.6171875
7.0 6.0
8.0 5.484375
9.0 5.46875
10.0 5.4296875
11.0 5.609375
12.0 3.9375
13.0 6.953125
14.0 5.453125
15.0 5.046875
16.0 5.109375
17.0 5.1953125
18.0 4.5078125
19.0 5.859375
20.0 5.3515625
21.0 5.171875
22.0 4.46875
23.0 4.265625
24.0 4.625
25.0 4.15625
26.0 2.5703125
27.0 3.21875
28.0 2.7890625
29.0 2.984375
30.0 1.9765625
31.0 3.3125
32.0 4.84375
33.0 0.40625
34.0 9.8359375
35.0 4.9609375
36.0 4.8671875
37.0 3.734375
38.0 6.109375
39.0 4.859375
40.0 5.078125
41.0 5.140625
42.0 4.8671875
43.0 5.140625
44.0 4.9453125
45.0 4.7734375
46.0 4.9765625
47.0 5.203125
48.0 4.6640625
49.0 5.0390625
50.0 3.7890625
51.0 0.765625
52.0 0.0
53.0 6.2421875
54.0 5.4296875
55.0 5.0703125
56.0 5.203125
57.0 4.6640625
58.0 1.5703125
59.0 6.890625
60.0 5.0078125
61.0 4.953125
62.0 4.7578125
63.0 4.4296875
64.0 4.84375
65.0 4.8359375
66.0 4.8125
67.0 4.5390625
68.0 3.8203125
69.0 1.8359375
70.0 0.0
71.0 5.25
72.0 2.3359375
73.0 4.859375
74.0 4.7578125
75.0 4.859375
76.0 5.046875
77.0 5.2265625
78.0 5.171875
79.0 4.8359375
80.0 4.7578125
81.0 5.0703125
82.0 5.109375
83.0 0.421875
84.0 9.328125
85.0 4.78125
86.0 4.8125
87.0 2.421875
88.0 1.109375
89.0 9.25
90.0 4.8359375
91.0 4.8125
92.0 4.9453125
93.0 4.90625
94.0 5.15625
95.0 4.984375
96.0 5.1015625
97.0 5.1015625
98.0 5.0859375
99.0 5.1328125
100.0 5.0078125
101.0 1.8359375
102.0 8.34375
103.0 5.1015625
104.0 4.9296875
105.0 5.1953125
106.0 5.125
107.0 2.2421875
108.0 8.1640625
109.0 5.1328125
110.0 4.9921875
111.0 5.40625
112.0 4.9609375
113.0 4.78125
114.0 4.7421875
115.0 4.3046875
116.0 4.4453125
117.0 4.609375
118.0 3.578125
119.0 6.234375
120.0 4.78125
121.0 4.53125
122.0 4.7734375
123.0 5.21875
124.0 4.859375
125.0 4.8125
126.0 3.265625
127.0 6.4140625
128.0 5.0078125
129.0 5.140625
130.0 5.0234375
131.0 5.0859375
132.0 5.078125
133.0 4.90625
134.0 5.1328125
135.0 4.90625
136.0 4.890625
137.0 4.9921875
138.0 5.3984375
139.0 3.9375
140.0 5.5234375
141.0 5.0078125
142.0 5.109375
143.0 4.609375
144.0 5.21875
145.0 5.078125
146.0 3.59375
147.0 6.4453125
148.0 5.1953125
149.0 5.1640625
150.0 4.8046875
151.0 5.1328125
152.0 5.15625
153.0 5.375
154.0 5.203125
155.0 5.0390625
156.0 5.1640625
157.0 5.015625
158.0 4.0859375
159.0 6.515625
160.0 5.46875
161.0 5.140625
162.0 4.796875
163.0 4.890625
164.0 5.0703125
165.0 4.6875
166.0 4.609375
167.0 4.6875
168.0 0.90625
169.0 9.2421875
170.0 4.8984375
171.0 4.9609375
172.0 5.125
173.0 4.6484375
174.0 1.5546875
175.0 8.46875
176.0 5.1953125
177.0 5.1015625
178.0 5.2578125
179.0 5.0859375
180.0 5.3125
181.0 5.15625
182.0 5.421875
183.0 5.5546875
184.0 5.3203125
185.0 5.171875
186.0 5.203125
187.0 4.6953125
188.0 6.328125
189.0 5.3125
190.0 5.1953125
191.0 5.046875
192.0 4.328125
193.0 6.234375
194.0 5.28125
195.0 4.8125
196.0 4.8984375
197.0 4.3984375
198.0 4.7578125
199.0 5.3359375
200.0 5.3828125
201.0 5.46875
202.0 3.4765625
203.0 7.125
204.0 5.2890625
205.0 5.28125
206.0 5.0546875
207.0 5.0390625
208.0 4.3515625
209.0 4.75
210.0 4.8125
211.0 4.9453125
212.0 4.7734375
213.0 4.3984375
214.0 5.109375
215.0 5.6953125
216.0 3.5
217.0 7.3671875
218.0 5.4921875
219.0 4.90625
220.0 5.28125
221.0 4.9453125
222.0 0.3984375
223.0 9.7421875
224.0 3.140625
225.0 6.6484375
226.0 5.015625
227.0 5.0234375
228.0 5.1640625
229.0 5.2265625
230.0 5.1953125
231.0 5.421875
232.0 5.171875
233.0 5.0859375
234.0 5.2734375
235.0 5.34375
236.0 5.34375
237.0 5.34375
238.0 5.1640625
239.0 0.5859375
240.0 10.03125
241.0 5.3125
242.0 4.984375
243.0 5.171875
244.0 0.9375
245.0 9.21875
246.0 4.921875
247.0 5.125
248.0 4.875
249.0 4.3828125
250.0 3.015625
251.0 4.3046875
252.0 4.75
253.0 3.9140625
254.0 1.5234375
255.0 0.0
256.0 7.0078125
257.0 2.015625
258.0 4.828125
259.0 5.2265625
260.0 4.984375
261.0 4.8984375
262.0 5.2265625
263.0 5.3515625
264.0 4.984375
265.0 5.15625
266.0 5.1953125
267.0 5.1953125
268.0 0.25
269.0 10.1328125
270.0 5.375
271.0 5.0703125
272.0 3.6171875
273.0 6.390625
274.0 3.4609375
275.0 1.1171875
276.0 1.0546875
277.0 3.1015625
278.0 4.296875
279.0 4.234375
280.0 4.3359375
281.0 4.6875
282.0 4.4296875
283.0 4.796875
284.0 3.8046875
285.0 6.1875
286.0 4.5
287.0 4.2109375
288.0 4.890625
289.0 4.0703125
290.0 4.875
291.0 4.5
292.0 4.46875
293.0 0.75
294.0 8.46875
295.0 5.109375
296.0 4.7578125
297.0 5.1640625
298.0 4.9609375
299.0 4.578125
300.0 4.859375
301.0 4.7109375
302.0 4.71875
303.0 5.203125
304.0 5.125
305.0 5.421875
306.0 5.0390625
307.0 5.9609375
308.0 5.0390625
309.0 5.375
310.0 5.1640625
311.0 4.5703125
312.0 5.4296875
313.0 5.4609375
314.0 4.84375
315.0 5.0703125
316.0 5.1875
317.0 4.796875
318.0 5.5234375
319.0 5.4375
320.0 5.5546875
321.0 5.3515625
322.0 5.1875
323.0 4.9609375
324.0 1.859375
325.0 8.1484375
326.0 4.9453125
327.0 5.0234375
328.0 5.1015625
329.0 5.1015625
330.0 4.984375
331.0 4.921875
332.0 5.0234375
333.0 4.84375
334.0 4.953125
335.0 1.46875
336.0 9.3671875
337.0 5.453125
338.0 5.4375
339.0 5.484375
340.0 2.2421875
341.0 8.1640625
342.0 5.203125
343.0 5.4921875
344.0 5.421875
345.0 5.4296875
346.0 5.34375
347.0 5.1953125
348.0 2.6015625
349.0 4.359375
350.0 3.328125
351.0 5.4296875
352.0 5.0234375
353.0 5.2734375
354.0 5.2265625
355.0 5.1328125
356.0 2.6953125
357.0 4.9453125
358.0 4.8125
359.0 5.2734375
360.0 3.3515625
361.0 7.0703125
362.0 5.25
363.0 5.125
364.0 5.2578125
365.0 5.5625
366.0 5.765625
367.0 5.6328125
368.0 5.53125
369.0 5.3984375
370.0 5.0234375
371.0 1.1328125
372.0 9.4296875
373.0 5.3359375
374.0 5.2890625
375.0 5.2890625
376.0 4.984375
377.0 5.3125
378.0 4.953125
379.0 5.125
380.0 5.3125
381.0 5.2265625
382.0 5.3125
383.0 2.265625
384.0 8.1328125
385.0 4.4453125
386.0 4.7421875
387.0 4.921875
388.0 5.125
389.0 5.0078125
390.0 4.75
391.0 5.640625
392.0 5.1875
393.0 5.3984375
394.0 5.375
395.0 5.546875
396.0 5.5
397.0 5.234375
398.0 5.3515625
399.0 5.515625
400.0 5.4375
401.0 5.578125
402.0 5.015625
403.0 4.5703125
404.0 5.84375
405.0 5.3359375
406.0 5.0078125
407.0 5.015625
408.0 5.484375
409.0 5.2578125
410.0 3.9375
411.0 7.078125
412.0 5.5625
413.0 5.3671875
414.0 4.0859375
415.0 4.9921875
416.0 5.0390625
417.0 5.109375
418.0 5.515625
419.0 5.078125
420.0 5.3828125
421.0 5.515625
422.0 5.28125
423.0 5.109375
424.0 1.8203125
425.0 8.53125
426.0 3.59375
427.0 1.890625
428.0 0.046875
429.0 9.640625
430.0 4.953125
431.0 5.21875
432.0 5.203125
433.0 5.015625
434.0 5.0078125
435.0 4.9453125
436.0 5.1328125
437.0 5.015625
438.0 5.3828125
439.0 5.53125
440.0 5.5546875
441.0 3.28125
442.0 0.0
443.0 8.890625
444.0 5.3125
445.0 5.21875
446.0 5.515625
447.0 5.453125
448.0 3.4453125
449.0 6.078125
450.0 3.40625
451.0 3.5625
452.0 3.3671875
453.0 4.0390625
454.0 4.828125
455.0 4.921875
456.0 4.984375
457.0 4.875
458.0 5.125
459.0 5.234375
460.0 5.234375
461.0 4.9453125
462.0 5.2734375
463.0 5.0859375
464.0 3.34375
465.0 6.921875
466.0 5.015625
467.0 4.6484375
468.0 4.4296875
469.0 4.9453125
470.0 3.6171875
471.0 4.3984375
472.0 3.8828125
473.0 5.1328125
474.0 4.8984375
475.0 5.15625
476.0 5.0078125
477.0 4.921875
478.0 4.90625
479.0 4.90625
480.0 4.3984375
481.0 4.75
482.0 4.5625
483.0 4.9296875
484.0 4.984375
485.0 4.0390625
486.0 1.390625
487.0 5.15625
488.0 3.6484375
489.0 5.0546875
490.0 5.046875
491.0 4.921875
492.0 4.8984375
493.0 4.546875
494.0 4.65625
495.0 4.6484375
496.0 4.1328125
497.0 4.390625
498.0 1.0
499.0 8.5
500.0 4.5390625
501.0 4.8984375
502.0 3.7265625
503.0 0.4921875
504.0 4.59375
505.0 4.203125
506.0 4.625
507.0 4.875
508.0 4.8984375
509.0 4.6015625
510.0 4.7109375
511.0 4.828125
512.0 4.8984375
513.0 4.890625
514.0 4.5625
515.0 4.8671875
516.0 4.890625
517.0 4.84375
518.0 0.71875
519.0 9.2734375
520.0 5.1328125
521.0 5.046875
522.0 5.203125
523.0 5.4296875
524.0 0.8125
525.0 8.5390625
526.0 2.625
527.0 2.84375
528.0 3.796875
529.0 4.2421875
530.0 4.0703125
531.0 3.3203125
532.0 2.5703125
533.0 2.6875
534.0 2.546875
535.0 2.5078125
536.0 1.5390625
537.0 0.0
538.0 7.609375
539.0 2.75
540.0 2.6953125
541.0 4.125
542.0 4.390625
543.0 4.7421875
544.0 5.1015625
545.0 4.9296875
546.0 4.46875
547.0 3.9453125
548.0 1.859375
549.0 6.109375
550.0 4.7421875
551.0 5.171875
552.0 3.6796875
553.0 1.1796875
554.0 7.640625
555.0 5.0078125
556.0 3.3828125
557.0 7.1875
558.0 3.40625
559.0 6.9296875
560.0 4.7578125
561.0 4.625
562.0 4.7265625
563.0 4.8359375
564.0 4.9609375
565.0 4.9609375
566.0 4.90625
567.0 4.5390625
568.0 4.546875
569.0 4.65625
570.0 3.078125
571.0 6.2265625
572.0 5.125
573.0 5.015625
574.0 4.8125
575.0 4.84375
576.0 4.875
577.0 4.75
578.0 4.8671875
579.0 4.6875
580.0 4.5625
581.0 5.203125
582.0 4.78125
583.0 4.9765625
584.0 3.3828125
585.0 6.4140625
586.0 4.3046875
587.0 4.3984375
588.0 4.0546875
589.0 3.890625
590.0 0.359375
591.0 7.375
592.0 3.0546875
593.0 2.65625
594.0 3.6484375
595.0 2.515625
596.0 2.7421875
597.0 2.5625
598.0 2.6875
599.0 2.7421875
