0.0 6.1796875
1.0 5.125
2.0 4.859375
3.0 4.9609375
4.0 4.5078125
5.0 4.3515625
6.0 1.2890625
7.0 8.4609375
8.0 4.6328125
9.0 4.9296875
10.0 4.953125
11.0 4.8125
12.0 4.3046875
13.0 4.359375
14.0 4.359375
15.0 5.015625
16.0 5.046875
17.0 4.859375
18.0 4.15625
19.0 1.7109375
20.0 5.078125
21.0 6.796875
22.0 4.234375
23.0 4.6640625
24.0 4.5625
25.0 4.546875
26.0 4.7421875
27.0 4.5625
28.0 4.2421875
29.0 4.3984375
30.0 4.296875
31.0 4.6015625
32.0 3.734375
33.0 3.5859375
34.0 3.953125
35.0 1.4765625
36.0 0.0
37.0 8.234375
38.0 4.8125
39.0 4.8359375
40.0 4.7109375
41.0 4.3046875
42.0 0.0078125
43.0 9.390625
44.0 4.7578125
45.0 5.234375
46.0 5.2265625
47.0 4.8359375
48.0 4.828125
49.0 5.0703125
50.0 4.921875
51.0 5.1015625
52.0 5.0703125
53.0 5.0546875
54.0 4.7421875
55.0 0.2890625
56.0 9.7734375
57.0 5.21875
58.0 4.921875
59.0 4.7421875
60.0 1.9140625
61.0 7.2109375
62.0 2.921875
63.0 5.125
64.0 4.9296875
65.0 5.3828125
66.0 5.3046875
67.0 4.9765625
68.0 4.7109375
69.0 4.984375
70.0 5.140625
71.0 5.4375
72.0 5.0234375
73.0 3.796875
74.0 6.6875
75.0 4.390625
76.0 5.203125
77.0 5.109375
78.0 5.3125
79.0 5.40625
80.0 5.203125
81.0 4.9296875
82.0 5.1328125
83.0 4.9609375
84.0 4.890625
85.0 4.65625
86.0 5.171875
87.0 4.8984375
88.0 5.28125
89.0 5.2890625
90.0 4.7109375
91.0 4.59375
92.0 1.390625
93.0 6.9921875
94.0 4.78125
95.0 4.5703125
96.0 4.15625
97.0 4.3515625
98.0 4.3359375
99.0 1.5625
100.0 6.140625
101.0 4.296875
102.0 4.609375
103.0 4.7265625
104.0 4.2109375
105.0 4.03125
106.0 4.09375
107.0 4.3671875
108.0 4.828125
109.0 5.1875
110.0 5.140625
111.0 5.1015625
112.0 5.3125
113.0 5.140625
114.0 0.0
115.0 9.7421875
116.0 4.7734375
117.0 3.1328125
118.0 4.890625
119.0 4.203125
120.0 4.0859375
121.0 2.9375
122.0 3.2265625
123.0 4.7734375
124.0 4.453125
125.0 3.7109375
126.0 4.6796875
127.0 4.78125
128.0 4.9921875
129.0 5.078125
130.0 4.9921875
131.0 3.828125
132.0 5.21875
133.0 5.109375
134.0 4.953125
135.0 4.3828125
136.0 4.796875
137.0 0.3984375
138.0 8.2421875
139.0 4.296875
140.0 4.53125
141.0 4.6796875
142.0 5.5625
143.0 5.203125
144.0 4.859375
145.0 4.59375
146.0 4.875
147.0 4.6484375
148.0 4.7421875
149.0 4.4296875
150.0 2.6640625
151.0 5.7890625
152.0 1.65625
153.0 1.625
154.0 3.6796875
155.0 3.5
156.0 2.125
157.0 4.890625
158.0 3.328125
159.0 3.4453125
160.0 3.65625
161.0 3.796875
162.0 3.9140625
163.0 3.9140625
164.0 3.546875
165.0 3.84375
166.0 3.625
167.0 3.6484375
168.0 4.1171875
169.0 3.2890625
170.0 4.46875
171.0 4.453125
172.0 0.75
173.0 1.2109375
174.0 3.96875
175.0 0.7890625
176.0 1.96875
177.0 3.1953125
178.0 2.6875
179.0 1.6796875
180.0 2.1328125
181.0 2.0078125
182.0 3.890625
183.0 4.390625
184.0 4.6484375
185.0 4.4140625
186.0 4.3671875
187.0 4.578125
188.0 0.3125
189.0 9.9375
190.0 2.90625
191.0 7.3203125
192.0 4.8984375
193.0 4.7421875
194.0 4.03125
195.0 4.6796875
196.0 5.5
197.0 5.578125
198.0 4.9296875
199.0 3.65625
200.0 6.390625
201.0 5.34375
202.0 3.921875
203.0 3.9375
204.0 4.3828125
205.0 4.2421875
206.0 4.625
207.0 4.3046875
208.0 4.3671875
209.0 4.6640625
210.0 4.25
211.0 4.390625
212.0 4.3359375
213.0 4.4765625
214.0 3.3125
215.0 7.3125
216.0 5.8203125
217.0 5.171875
218.0 2.546875
219.0 4.84375
220.0 8.2578125
221.0 4.828125
222.0 5.0078125
223.0 4.7265625
224.0 5.21875
225.0 4.84375
226.0 4.6953125
227.0 4.546875
228.0 4.8125
229.0 4.6015625
230.0 4.75
231.0 4.46875
232.0 4.578125
233.0 4.03125
234.0 3.9453125
235.0 4.296875
236.0 4.2734375
237.0 1.28125
238.0 6.6171875
239.0 4.6875
240.0 4.65625
241.0 4.3359375
242.0 1.234375
243.0 6.203125
244.0 6.84375
245.0 4.7265625
246.0 4.578125
247.0 4.578125
248.0 4.8046875
249.0 5.2265625
250.0 5.5
251.0 4.65625
252.0 5.1640625
253.0 4.8125
254.0 5.0078125
255.0 5.015625
256.0 5.0546875
257.0 5.0234375
258.0 0.5859375
259.0 9.4765625
260.0 4.890625
261.0 4.8671875
262.0 4.1796875
263.0 7.1875
264.0 4.609375
265.0 4.6796875
266.0 5.34375
267.0 4.2421875
268.0 6.46875
269.0 3.875
270.0 4.53125
271.0 3.859375
272.0 2.84375
273.0 4.203125
274.0 4.46875
275.0 5.4375
276.0 5.1875
277.0 5.6015625
278.0 4.8671875
279.0 4.8984375
280.0 5.3046875
281.0 5.0078125
282.0 4.0703125
283.0 4.0
284.0 5.0234375
285.0 4.421875
286.0 4.5625
287.0 5.0234375
288.0 4.71875
289.0 4.828125
290.0 4.3515625
291.0 4.8359375
292.0 5.6015625
293.0 5.4921875
294.0 5.1875
295.0 4.796875
296.0 4.7734375
297.0 2.4921875
298.0 3.546875
299.0 4.6796875
300.0 4.78125
301.0 4.7109375
302.0 4.8125
303.0 4.3828125
304.0 3.5546875
305.0 4.625
306.0 4.7109375
307.0 3.015625
308.0 2.671875
309.0 0.9140625
310.0 4.7109375
311.0 4.0625
312.0 4.8125
313.0 4.8359375
314.0 5.1875
315.0 5.0859375
316.0 5.0390625
317.0 5.46875
318.0 5.3671875
319.0 2.390625
320.0 5.3046875
321.0 2.7734375
322.0 2.0703125
323.0 2.8125
324.0 2.9296875
325.0 3.34375
326.0 3.671875
327.0 5.0234375
328.0 1.265625
329.0 0.609375
330.0 0.9609375
331.0 0.703125
332.0 0.7890625
333.0 2.640625
334.0 4.6328125
335.0 3.875
336.0 3.1171875
337.0 3.9375
338.0 3.2265625
339.0 2.890625
340.0 4.5
341.0 4.7265625
342.0 4.3984375
343.0 3.953125
344.0 4.8984375
345.0 4.7109375
346.0 4.3046875
347.0 2.7421875
348.0 2.921875
349.0 4.125
350.0 4.203125
351.0 4.4296875
352.0 4.4296875
353.0 0.640625
354.0 6.3515625
355.0 3.875
356.0 4.6640625
357.0 4.71875
358.0 3.9765625
359.0 4.6640625
360.0 4.6953125
361.0 4.8984375
362.0 4.3515625
363.0 4.0546875
364.0 4.1875
365.0 3.078125
366.0 0.109375
367.0 9.9375
368.0 3.4765625
369.0 5.6328125
370.0 4.90625
371.0 4.0390625
372.0 4.5078125
373.0 4.6796875
374.0 4.6328125
375.0 4.75
376.0 4.6796875
377.0 4.4296875
378.0 5.171875
379.0 4.875
380.0 3.65625
381.0 4.15625
382.0 3.0390625
383.0 0.8125
384.0 5.75
385.0 2.4453125
386.0 2.7109375
387.0 4.3359375
388.0 4.8359375
389.0 4.828125
390.0 4.859375
391.0 4.90625
392.0 5.109375
393.0 5.0703125
394.0 5.046875
395.0 4.9765625
396.0 4.796875
397.0 5.1328125
398.0 4.71875
399.0 4.890625
400.0 5.3359375
401.0 5.1875
402.0 5.0546875
403.0 2.3671875
404.0 8.046875
405.0 5.078125
406.0 5.046875
407.0 4.6796875
408.0 4.25
409.0 4.4140625
410.0 0.7890625
411.0 7.9140625
412.0 4.9296875
413.0 4.5625
414.0 4.9765625
415.0 4.9609375
416.0 4.8125
417.0 4.7109375
418.0 4.390625
419.0 4.75
420.0 4.75
421.0 5.0390625
422.0 4.7421875
423.0 4.9921875
424.0 5.1015625
425.0 5.109375
426.0 3.1328125
427.0 6.625
428.0 4.953125
429.0 4.1171875
430.0 0.984375
431.0 8.5234375
432.0 5.015625
433.0 4.828125
434.0 4.1015625
435.0 3.7890625
436.0 4.7578125
437.0 5.125
438.0 5.3359375
439.0 5.3359375
440.0 5.046875
441.0 4.9609375
442.0 4.9921875
443.0 1.0625
444.0 6.8046875
445.0 4.625
446.0 4.84375
447.0 4.84375
448.0 5.0234375
449.0 5.1015625
450.0 5.171875
451.0 4.828125
452.0 5.109375
453.0 4.6015625
454.0 5.3359375
455.0 4.9921875
456.0 4.3984375
457.0 5.046875
458.0 4.390625
459.0 4.3671875
460.0 4.2109375
461.0 4.78125
462.0 4.296875
463.0 4.421875
464.0 3.828125
465.0 4.9453125
466.0 4.484375
467.0 4.9765625
468.0 5.046875
469.0 4.828125
470.0 5.3359375
471.0 4.7109375
472.0 5.1953125
473.0 5.1640625
474.0 5.140625
475.0 1.625
476.0 9.4453125
477.0 5.4296875
478.0 5.5
479.0 5.4921875
480.0 5.3046875
481.0 2.0078125
482.0 8.703125
483.0 5.046875
484.0 5.125
485.0 5.0703125
486.0 5.2578125
487.0 5.3125
488.0 4.7578125
489.0 5.078125
490.0 5.1640625
491.0 5.0546875
492.0 1.8359375
493.0 8.3515625
494.0 5.015625
495.0 5.0859375
496.0 4.8046875
497.0 5.2578125
498.0 4.15625
499.0 0.328125
500.0 9.1953125
501.0 4.8671875
502.0 5.171875
503.0 5.125
504.0 5.109375
505.0 2.4921875
506.0 8.1484375
507.0 5.4609375
508.0 5.234375
509.0 4.875
510.0 4.6015625
511.0 4.921875
512.0 4.6640625
513.0 4.890625
514.0 5.21875
515.0 5.640625
516.0 5.6171875
517.0 6.265625
518.0 6.5625
519.0 6.0
520.0 5.9296875
521.0 5.7265625
522.0 5.1640625
523.0 0.109375
524.0 8.859375
525.0 5.3046875
526.0 5.8203125
527.0 3.84375
528.0 7.3125
529.0 5.171875
530.0 5.1953125
531.0 4.6953125
532.0 5.5234375
533.0 5.125
534.0 5.0703125
535.0 5.375
536.0 4.8125
537.0 4.859375
538.0 4.0390625
539.0 5.2890625
540.0 5.3359375
541.0 4.65625
542.0 0.421875
543.0 10.328125
544.0 5.3125
545.0 5.8515625
546.0 5.8515625
547.0 4.8984375
548.0 5.1328125
549.0 5.5546875
550.0 5.609375
551.0 5.53125
552.0 5.4296875
553.0 5.3359375
554.0 5.796875
555.0 5.6484375
556.0 5.78125
557.0 5.8515625
558.0 5.0234375
559.0 5.6171875
560.0 5.640625
561.0 5.609375
562.0 5.5546875
563.0 5.578125
564.0 5.703125
565.0 5.7265625
566.0 5.75
567.0 5.7890625
568.0 6.0
569.0 3.90625
570.0 5.8203125
571.0 5.484375
572.0 5.3359375
573.0 5.53125
574.0 5.5234375
575.0 5.125
576.0 4.484375
577.0 4.5078125
578.0 4.5078125
579.0 5.0390625
580.0 5.1015625
581.0 5.0703125
582.0 5.796875
583.0 5.140625
584.0 5.6796875
585.0 4.8671875
586.0 5.1328125
587.0 5.2578125
588.0 5.5
589.0 4.9921875
590.0 6.0
591.0 6.0546875
592.0 5.6484375
593.0 6.1875
594.0 5.3125
595.0 5.9296875
596.0 6.484375
597.0 5.15625
598.0 5.6015625
599.0 5.5625
