0.0 2.0703125
1.0 2.1484375
2.0 2.0625
3.0 1.2421875
4.0 1.359375
5.0 2.6015625
6.0 3.203125
7.0 3.171875
8.0 1.078125
9.0 5.3671875
10.0 3.1796875
11.0 3.1171875
12.0 3.1640625
13.0 3.2265625
14.0 0.0390625
15.0 6.1796875
16.0 3.046875
17.0 3.0234375
18.0 3.1328125
19.0 3.171875
20.0 2.890625
21.0 2.8671875
22.0 3.171875
23.0 3.0
24.0 3.0703125
25.0 3.1171875
26.0 2.9609375
27.0 1.375
28.0 5.109375
29.0 3.171875
30.0 3.0546875
31.0 2.9609375
32.0 2.09375
33.0 0.0
34.0 7.046875
35.0 2.96875
36.0 2.8671875
37.0 3.2578125
38.0 3.1015625
39.0 3.3671875
40.0 3.3515625
41.0 2.8671875
42.0 2.921875
43.0 2.8515625
44.0 2.6640625
45.0 2.7109375
46.0 1.1484375
47.0 4.234375
48.0 3.640625
49.0 2.8359375
50.0 2.8046875
51.0 2.953125
52.0 3.015625
53.0 0.0703125
54.0 6.109375
55.0 3.140625
56.0 3.109375
57.0 3.1171875
58.0 3.59375
59.0 3.46875
60.0 3.203125
61.0 2.90625
62.0 2.7421875
63.0 3.1015625
64.0 3.3828125
65.0 3.203125
66.0 1.4375
67.0 1.4140625
68.0 6.921875
69.0 3.9375
70.0 5.703125
71.0 6.6328125
72.0 6.4140625
73.0 6.1171875
74.0 2.328125
75.0 5.125
76.0 6.03125
77.0 4.921875
78.0 3.9140625
79.0 3.1328125
80.0 1.984375
81.0 0.0
82.0 0.0
83.0 6.734375
84.0 5.9921875
85.0 5.875
86.0 1.296875
87.0 9.453125
88.0 6.390625
89.0 6.2109375
90.0 6.0
91.0 4.21875
92.0 5.40625
93.0 6.140625
94.0 5.4296875
95.0 6.0859375
96.0 6.171875
97.0 5.453125
98.0 5.8515625
99.0 6.4375
100.0 6.2265625
101.0 6.3828125
102.0 6.2265625
103.0 5.9453125
104.0 2.03125
105.0 9.9921875
106.0 6.0546875
107.0 5.84375
108.0 6.09375
109.0 5.7890625
110.0 5.9921875
111.0 5.9765625
112.0 6.0625
113.0 5.9921875
114.0 6.234375
115.0 6.359375
116.0 1.6484375
117.0 10.8515625
118.0 6.2265625
119.0 6.390625
120.0 6.2109375
121.0 6.15625
122.0 3.1171875
123.0 7.453125
124.0 5.859375
125.0 5.9453125
126.0 3.9140625
127.0 7.7265625
128.0 6.078125
129.0 6.4453125
130.0 6.296875
131.0 6.2265625
132.0 5.7890625
133.0 5.9140625
134.0 5.9140625
135.0 5.7265625
136.0 3.7734375
137.0 7.84375
138.0 6.421875
139.0 6.4453125
140.0 6.3203125
141.0 6.234375
142.0 6.2734375
143.0 6.5703125
144.0 6.359375
145.0 6.2421875
146.0 6.234375
147.0 5.8828125
148.0 6.3828125
149.0 5.7578125
150.0 6.890625
151.0 6.296875
152.0 6.59375
153.0 6.3046875
154.0 6.3515625
155.0 6.2890625
156.0 4.4453125
157.0 6.9140625
158.0 7.5703125
159.0 5.9375
160.0 5.9921875
161.0 5.046875
162.0 3.6796875
163.0 8.5703125
164.0 6.3203125
165.0 6.265625
166.0 6.125
167.0 6.4453125
168.0 5.9296875
169.0 6.0078125
170.0 5.5859375
171.0 5.734375
172.0 6.203125
173.0 5.84375
174.0 5.671875
175.0 5.5546875
176.0 3.765625
177.0 8.234375
178.0 6.5078125
179.0 6.484375
180.0 6.4140625
181.0 5.5
182.0 7.1953125
183.0 6.078125
184.0 6.2109375
185.0 6.078125
186.0 3.296875
187.0 8.96875
188.0 6.0
189.0 6.0546875
190.0 6.125
191.0 5.890625
192.0 3.9453125
193.0 8.1796875
194.0 6.296875
195.0 5.578125
196.0 5.515625
197.0 5.7265625
198.0 6.0078125
199.0 6.3671875
200.0 6.46875
201.0 6.1875
202.0 6.109375
203.0 6.3046875
204.0 6.1875
205.0 6.5
206.0 6.296875
207.0 1.9453125
208.0 10.2265625
209.0 5.8515625
210.0 6.2734375
211.0 3.0703125
212.0 8.046875
213.0 6.2109375
214.0 6.4453125
215.0 6.3203125
216.0 6.0234375
217.0 6.3046875
218.0 6.2734375
219.0 6.109375
220.0 6.421875
221.0 6.2890625
222.0 6.328125
223.0 4.328125
224.0 8.4453125
225.0 6.09375
226.0 6.3515625
227.0 6.6484375
228.0 6.53125
229.0 6.171875
230.0 0.75
231.0 10.890625
232.0 6.4453125
233.0 6.2578125
234.0 6.4765625
235.0 6.4765625
236.0 6.5625
237.0 6.3828125
238.0 5.78125
239.0 5.0546875
240.0 5.3125
241.0 6.7421875
242.0 5.9453125
243.0 6.2578125
244.0 6.125
245.0 2.6875
246.0 9.8984375
247.0 6.0078125
248.0 6.1796875
249.0 6.1171875
250.0 4.171875
251.0 8.328125
252.0 6.2265625
253.0 6.4453125
254.0 5.4296875
255.0 5.8515625
256.0 6.515625
257.0 6.2890625
258.0 6.0625
259.0 6.3046875
260.0 6.421875
261.0 6.5390625
262.0 5.734375
263.0 6.6640625
264.0 5.5546875
265.0 7.1015625
266.0 6.3671875
267.0 6.2109375
268.0 4.3203125
269.0 8.1171875
270.0 5.4375
271.0 4.984375
272.0 6.2265625
273.0 6.1171875
274.0 5.234375
275.0 6.03125
276.0 5.453125
277.0 6.2734375
278.0 6.734375
279.0 6.7734375
280.0 4.6484375
281.0 7.21875
282.0 5.796875
283.0 6.59375
284.0 6.5390625
285.0 4.8046875
286.0 5.3203125
287.0 8.75
288.0 5.734375
289.0 6.2421875
290.0 6.390625
291.0 6.2734375
292.0 6.421875
293.0 6.0234375
294.0 5.40625
295.0 5.8203125
296.0 6.140625
297.0 6.328125
298.0 6.0625
299.0 5.84375
300.0 5.6328125
301.0 6.8984375
302.0 5.9453125
303.0 6.1171875
304.0 4.390625
305.0 7.6640625
306.0 6.140625
307.0 6.15625
308.0 6.5390625
309.0 6.7109375
310.0 6.8984375
311.0 6.6171875
312.0 6.46875
313.0 6.4375
314.0 6.2109375
315.0 6.53125
316.0 6.078125
317.0 2.9921875
318.0 10.1015625
319.0 6.0234375
320.0 6.203125
321.0 6.7109375
322.0 6.5078125
323.0 6.6875
324.0 6.3359375
325.0 6.2578125
326.0 6.2890625
327.0 6.421875
328.0 6.2890625
329.0 6.515625
330.0 6.6796875
331.0 6.4140625
332.0 6.3046875
333.0 6.40625
334.0 6.2734375
335.0 4.984375
336.0 7.0703125
337.0 5.7578125
338.0 5.890625
339.0 6.3515625
340.0 6.5859375
341.0 6.515625
342.0 6.6328125
343.0 6.4765625
344.0 6.734375
345.0 6.453125
346.0 6.515625
347.0 6.3203125
348.0 6.2421875
349.0 6.0234375
350.0 6.3515625
351.0 6.3046875
352.0 4.296875
353.0 8.2109375
354.0 6.265625
355.0 6.328125
356.0 6.15625
357.0 6.359375
358.0 6.2890625
359.0 2.1328125
360.0 10.59375
361.0 6.03125
362.0 6.46875
363.0 6.2890625
364.0 6.46875
365.0 6.703125
366.0 4.3203125
367.0 9.1328125
368.0 4.484375
369.0 9.0390625
370.0 6.828125
371.0 6.7109375
372.0 6.515625
373.0 6.859375
374.0 6.421875
375.0 6.6015625
376.0 6.59375
377.0 6.6015625
378.0 6.71875
379.0 6.7421875
380.0 4.203125
381.0 8.375
382.0 6.0859375
383.0 6.109375
384.0 6.53125
385.0 6.421875
386.0 5.7109375
387.0 6.0546875
388.0 4.1484375
389.0 8.71875
390.0 6.515625
391.0 6.765625
392.0 6.625
393.0 6.0078125
394.0 6.515625
395.0 6.5625
396.0 6.9609375
397.0 6.8046875
398.0 6.7421875
399.0 5.75
400.0 5.3046875
401.0 8.859375
402.0 6.5390625
403.0 6.0859375
404.0 6.2421875
405.0 6.3203125
406.0 6.421875
407.0 6.09375
408.0 6.484375
409.0 6.5
410.0 6.5546875
411.0 4.984375
412.0 3.625
413.0 5.7109375
414.0 5.2734375
415.0 6.6171875
416.0 4.1328125
417.0 7.4921875
418.0 5.9140625
419.0 6.2578125
420.0 6.515625
421.0 6.53125
422.0 4.4765625
423.0 8.953125
424.0 6.625
425.0 6.71875
426.0 6.71875
427.0 6.6015625
428.0 6.6875
429.0 6.296875
430.0 6.5
431.0 6.421875
432.0 6.3671875
433.0 3.4453125
434.0 3.0
435.0 3.171875
436.0 2.1328125
437.0 6.8125
438.0 5.3125
439.0 3.53125
440.0 2.2734375
441.0 7.3359375
442.0 6.3671875
443.0 6.75
444.0 6.5625
445.0 6.484375
446.0 6.40625
447.0 6.203125
448.0 6.5546875
449.0 6.75
450.0 6.796875
451.0 6.5859375
452.0 6.6796875
453.0 6.203125
454.0 6.9453125
455.0 6.5546875
456.0 6.5703125
457.0 5.3984375
458.0 7.984375
459.0 6.2734375
460.0 6.6328125
461.0 6.3671875
462.0 6.6484375
463.0 6.421875
464.0 6.2734375
465.0 6.6484375
466.0 6.171875
467.0 6.3515625
468.0 6.4765625
469.0 6.53125
470.0 6.5703125
471.0 4.3515625
472.0 8.5390625
473.0 6.46875
474.0 5.9296875
475.0 1.953125
476.0 10.7421875
477.0 6.765625
478.0 6.6640625
479.0 6.53125
480.0 6.765625
481.0 6.921875
482.0 6.6171875
483.0 6.7734375
484.0 6.78125
485.0 6.625
486.0 6.796875
487.0 5.5
488.0 7.796875
489.0 6.6328125
490.0 6.734375
491.0 6.4140625
492.0 6.6328125
493.0 6.46875
494.0 6.3828125
495.0 6.390625
496.0 6.2890625
497.0 6.3671875
498.0 6.6015625
499.0 6.2890625
500.0 6.625
501.0 6.515625
502.0 6.5546875
503.0 6.5859375
504.0 6.6875
505.0 6.4765625
506.0 1.5390625
507.0 11.0703125
508.0 6.2578125
509.0 6.453125
510.0 6.5
511.0 6.3046875
512.0 6.3828125
513.0 6.5390625
514.0 6.625
515.0 6.703125
516.0 4.328125
517.0 7.8671875
518.0 7.796875
519.0 6.9140625
520.0 6.78125
521.0 6.6796875
522.0 6.71875
523.0 6.828125
524.0 6.84375
525.0 6.5078125
526.0 5.703125
527.0 6.5859375
528.0 6.6640625
529.0 6.453125
530.0 6.6015625
531.0 6.7421875
532.0 2.359375
533.0 10.9453125
534.0 6.6796875
535.0 6.421875
536.0 6.6015625
537.0 6.5625
538.0 6.6640625
539.0 6.484375
540.0 6.7109375
541.0 6.75
542.0 6.5703125
543.0 6.75
544.0 6.1171875
545.0 6.4375
546.0 6.78125
547.0 6.7421875
548.0 4.4296875
549.0 8.53125
550.0 6.7734375
551.0 6.453125
552.0 6.3046875
553.0 6.4765625
554.0 2.5625
555.0 10.5859375
556.0 5.890625
557.0 6.0546875
558.0 6.078125
559.0 6.3828125
560.0 6.4453125
561.0 6.5546875
562.0 6.5
563.0 6.5703125
564.0 6.65625
565.0 6.5859375
566.0 6.734375
567.0 2.3046875
568.0 10.6953125
569.0 6.5703125
570.0 4.25
571.0 8.765625
572.0 6.9296875
573.0 6.828125
574.0 6.59375
575.0 6.9140625
576.0 6.6171875
577.0 6.484375
578.0 6.3046875
579.0 6.4765625
580.0 6.3515625
581.0 6.078125
582.0 3.9453125
583.0 9.1328125
584.0 6.6796875
585.0 6.2890625
586.0 6.296875
587.0 6.2421875
588.0 6.203125
589.0 6.125
590.0 6.265625
591.0 6.5078125
592.0 6.09375
593.0 5.9375
594.0 5.796875
595.0 7.2109375
596.0 6.4140625
597.0 6.953125
598.0 6.5546875
599.0 6.8828125
