0.0 0.0
1.0 7.515625
2.0 4.4296875
3.0 4.6640625
4.0 4.1015625
5.0 3.7109375
6.0 1.3515625
7.0 8.3125
8.0 3.5
9.0 4.5078125
10.0 4.3046875
11.0 4.796875
12.0 4.59375
13.0 4.7734375
14.0 3.9765625
15.0 2.4765625
16.0 2.328125
17.0 3.234375
18.0 2.4453125
19.0 2.265625
20.0 2.375
21.0 2.1796875
22.0 2.0390625
23.0 2.0
24.0 2.1875
25.0 0.515625
26.0 0.0
27.0 6.0
28.0 1.828125
29.0 2.359375
30.0 2.4140625
31.0 2.359375
32.0 2.328125
33.0 2.359375
34.0 3.1640625
35.0 3.7265625
36.0 3.2265625
37.0 6.4453125
38.0 5.703125
39.0 4.5703125
40.0 4.9765625
41.0 4.8984375
42.0 5.0390625
43.0 4.7109375
44.0 4.6640625
45.0 3.9140625
46.0 0.6953125
47.0 10.0234375
48.0 1.1640625
49.0 5.0078125
50.0 6.0234375
51.0 6.7734375
52.0 5.875
53.0 5.0390625
54.0 4.5
55.0 4.28125
56.0 4.3359375
57.0 0.0390625
58.0 8.390625
59.0 4.3984375
60.0 4.5625
61.0 4.09375
62.0 3.90625
63.0 0.2734375
64.0 8.6015625
65.0 5.734375
66.0 5.578125
67.0 5.828125
68.0 3.84375
69.0 3.3515625
70.0 2.953125
71.0 4.0703125
72.0 3.3515625
73.0 5.3359375
74.0 4.1328125
75.0 2.7734375
76.0 0.375
77.0 7.015625
78.0 4.6328125
79.0 4.9921875
80.0 5.2578125
81.0 4.625
82.0 4.609375
83.0 4.5
84.0 0.1796875
85.0 5.109375
86.0 2.390625
87.0 0.09375
88.0 3.5234375
89.0 5.40625
90.0 4.3984375
91.0 5.8125
92.0 5.375
93.0 0.5234375
94.0 9.6328125
95.0 6.3203125
96.0 5.2734375
97.0 5.421875
98.0 5.484375
99.0 4.8671875
100.0 4.21875
101.0 0.6015625
102.0 6.5078125
103.0 5.2265625
104.0 4.625
105.0 5.578125
106.0 6.3515625
107.0 3.5546875
108.0 5.34375
109.0 5.9296875
110.0 4.359375
111.0 3.765625
112.0 3.9140625
113.0 4.25
114.0 2.4921875
115.0 7.28125
116.0 6.078125
117.0 5.6015625
118.0 4.390625
119.0 2.921875
120.0 5.5859375
121.0 5.96875
122.0 0.84375
123.0 6.0390625
124.0 5.0078125
125.0 4.9296875
126.0 5.7578125
127.0 4.6640625
128.0 0.40625
129.0 3.828125
130.0 0.71875
131.0 1.96875
132.0 2.296875
133.0 2.625
134.0 3.1640625
135.0 4.515625
136.0 4.1484375
137.0 5.1953125
138.0 4.78125
139.0 4.5390625
140.0 5.078125
141.0 2.15625
142.0 8.234375
143.0 4.875
144.0 4.515625
145.0 4.9921875
146.0 1.2578125
147.0 10.0
148.0 4.2734375
149.0 4.234375
150.0 3.8203125
151.0 4.0234375
152.0 4.0390625
153.0 3.625
154.0 4.3828125
155.0 5.7578125
156.0 4.7109375
157.0 4.859375
158.0 5.0859375
159.0 5.171875
160.0 4.890625
161.0 3.875
162.0 3.2890625
163.0 0.34375
164.0 10.5234375
165.0 3.515625
166.0 2.8125
167.0 4.921875
168.0 4.609375
169.0 4.609375
170.0 5.28125
171.0 5.78125
172.0 5.7265625
173.0 6.171875
174.0 5.6171875
175.0 4.3515625
176.0 3.796875
177.0 3.0390625
178.0 2.9609375
179.0 2.2421875
180.0 0.46875
181.0 7.7578125
182.0 3.578125
183.0 4.1328125
184.0 1.078125
185.0 0.0
186.0 6.40625
187.0 0.2265625
188.0 2.28125
189.0 3.1328125
190.0 3.5234375
191.0 3.9140625
192.0 4.6328125
193.0 4.1875
194.0 3.0703125
195.0 0.0
196.0 8.5390625
197.0 4.09375
198.0 4.4453125
199.0 3.9765625
200.0 3.28125
201.0 5.53125
202.0 4.5
203.0 4.0
204.0 3.109375
205.0 4.0703125
206.0 3.4140625
207.0 2.8671875
208.0 3.1796875
209.0 3.6953125
210.0 4.09375
211.0 4.3984375
212.0 5.8828125
213.0 4.609375
214.0 0.0625
215.0 8.46875
216.0 4.390625
217.0 0.3359375
218.0 7.390625
219.0 1.4765625
220.0 2.2109375
221.0 4.4140625
222.0 4.1015625
223.0 4.515625
224.0 4.4140625
225.0 5.1640625
226.0 6.0
227.0 3.796875
228.0 2.453125
229.0 2.890625
230.0 4.1328125
231.0 4.359375
232.0 3.5859375
233.0 1.4609375
234.0 0.609375
235.0 0.0
236.0 4.25
237.0 6.125
238.0 3.7421875
239.0 4.78125
240.0 0.96875
241.0 7.1328125
242.0 0.5546875
243.0 7.09375
244.0 5.109375
245.0 4.5625
246.0 4.1796875
247.0 6.234375
248.0 5.875
249.0 5.6484375
250.0 5.6328125
251.0 6.828125
252.0 6.796875
253.0 6.5625
254.0 5.1328125
255.0 5.9609375
256.0 6.734375
257.0 6.6171875
258.0 5.8203125
259.0 4.3984375
260.0 3.2578125
261.0 3.078125
262.0 2.2421875
263.0 3.46875
264.0 2.3125
265.0 8.5546875
266.0 5.5546875
267.0 2.25
268.0 1.390625
269.0 3.078125
270.0 6.1171875
271.0 5.671875
272.0 3.1015625
273.0 6.9609375
274.0 6.0
275.0 5.6953125
276.0 5.7578125
277.0 5.40625
278.0 5.34375
279.0 5.2734375
280.0 3.0
281.0 4.0703125
282.0 8.0546875
283.0 5.234375
284.0 5.6015625
285.0 5.8828125
286.0 5.3203125
287.0 2.3671875
288.0 5.53125
289.0 4.4765625
290.0 4.1328125
291.0 2.640625
292.0 2.328125
293.0 3.4921875
294.0 2.1015625
295.0 2.0859375
296.0 4.1328125
297.0 5.3203125
298.0 5.609375
299.0 5.7109375
300.0 3.875
301.0 0.0
302.0 7.5078125
303.0 1.8359375
304.0 1.6484375
305.0 0.7265625
306.0 1.625
307.0 2.890625
308.0 0.0078125
309.0 4.890625
310.0 1.171875
311.0 3.1484375
312.0 4.1328125
313.0 3.7890625
314.0 3.40625
315.0 3.8828125
316.0 3.9375
317.0 3.46875
318.0 0.6875
319.0 7.1953125
320.0 3.0234375
321.0 3.8046875
322.0 4.3828125
323.0 3.28125
324.0 2.6953125
325.0 2.234375
326.0 3.171875
327.0 3.0234375
328.0 1.9140625
329.0 2.984375
330.0 3.1796875
331.0 2.4921875
332.0 0.0
333.0 7.28125
334.0 2.984375
335.0 3.625
336.0 3.1328125
337.0 2.015625
338.0 4.71875
339.0 3.4453125
340.0 2.1953125
341.0 3.328125
342.0 3.875
343.0 3.1328125
344.0 3.3125
345.0 2.71875
346.0 2.4453125
347.0 2.3125
348.0 2.484375
349.0 2.625
350.0 3.578125
351.0 0.6015625
352.0 8.046875
353.0 2.8046875
354.0 3.9140625
355.0 4.5703125
356.0 4.53125
357.0 2.5234375
358.0 0.0
359.0 8.4921875
360.0 3.1953125
361.0 3.65625
362.0 4.171875
363.0 3.8046875
364.0 4.0625
365.0 3.7734375
366.0 3.2578125
367.0 3.234375
368.0 3.9921875
369.0 4.5390625
370.0 3.1796875
371.0 0.6953125
372.0 0.0
373.0 0.0
374.0 5.0546875
375.0 1.046875
376.0 1.0546875
377.0 4.5625
378.0 2.6953125
379.0 0.9921875
380.0 0.8515625
381.0 0.75
382.0 1.0234375
383.0 0.6875
384.0 0.421875
385.0 0.7265625
386.0 0.0
387.0 7.0390625
388.0 2.515625
389.0 1.625
390.0 2.9921875
391.0 4.5390625
392.0 3.25
393.0 2.09375
394.0 2.3984375
395.0 4.0390625
396.0 5.1640625
397.0 4.1015625
398.0 3.5625
399.0 1.140625
400.0 0.0
401.0 6.0546875
402.0 3.0703125
403.0 2.5703125
404.0 1.171875
405.0 0.875
406.0 0.75
407.0 4.6484375
408.0 2.921875
409.0 3.0390625
410.0 2.5625
411.0 2.234375
412.0 4.03125
413.0 3.203125
414.0 5.0703125
415.0 3.6796875
416.0 4.921875
417.0 4.453125
418.0 3.734375
419.0 3.53125
420.0 3.1953125
421.0 2.6015625
422.0 1.2109375
423.0 0.0
424.0 3.1484375
425.0 1.8984375
426.0 0.84375
427.0 2.8671875
428.0 2.21875
429.0 2.3125
430.0 2.3671875
431.0 2.3359375
432.0 2.09375
433.0 1.4921875
434.0 2.09375
435.0 1.7109375
436.0 2.421875
437.0 1.984375
438.0 0.0
439.0 0.0625
440.0 6.953125
441.0 2.2734375
442.0 2.9921875
443.0 2.8125
444.0 2.453125
445.0 0.0
446.0 5.859375
447.0 2.3984375
448.0 2.28125
449.0 2.15625
450.0 2.875
451.0 3.53125
452.0 2.4765625
453.0 1.8671875
454.0 2.15625
455.0 5.25
456.0 4.3828125
457.0 3.0234375
458.0 0.71875
459.0 5.75
460.0 6.1484375
461.0 3.7421875
462.0 0.78125
463.0 8.7421875
464.0 4.546875
465.0 4.78125
466.0 5.34375
467.0 5.2578125
468.0 3.546875
469.0 5.078125
470.0 5.0859375
471.0 5.046875
472.0 4.203125
473.0 4.2421875
474.0 5.7265625
475.0 3.8046875
476.0 4.390625
477.0 6.03125
478.0 5.2734375
479.0 6.4375
480.0 5.796875
481.0 4.5703125
482.0 3.9921875
483.0 5.203125
484.0 5.203125
485.0 4.3359375
486.0 0.8359375
487.0 8.734375
488.0 5.6171875
489.0 6.0546875
490.0 5.3671875
491.0 5.0546875
492.0 6.6015625
493.0 5.671875
494.0 4.7734375
495.0 5.2578125
496.0 4.90625
497.0 4.7578125
498.0 5.640625
499.0 5.21875
500.0 0.8828125
501.0 9.4296875
502.0 4.6328125
503.0 2.75
504.0 8.1171875
505.0 5.9296875
506.0 4.7578125
507.0 5.1953125
508.0 5.2890625
509.0 5.6328125
510.0 5.2578125
511.0 5.3984375
512.0 5.109375
513.0 5.640625
514.0 5.3359375
515.0 5.3828125
516.0 4.890625
517.0 0.8203125
518.0 10.5234375
519.0 6.2578125
520.0 4.5390625
521.0 0.0
522.0 7.84375
523.0 2.125
524.0 1.8046875
525.0 2.359375
526.0 2.921875
527.0 4.4140625
528.0 5.1328125
529.0 6.234375
530.0 5.3359375
531.0 5.5546875
532.0 3.296875
533.0 0.2109375
534.0 6.71875
535.0 4.3515625
536.0 5.078125
537.0 3.0390625
538.0 1.5859375
539.0 1.8203125
540.0 5.9296875
541.0 6.8671875
542.0 6.765625
543.0 6.7734375
544.0 6.359375
545.0 5.15625
546.0 8.859375
547.0 6.65625
548.0 5.9140625
549.0 5.734375
550.0 6.0078125
551.0 6.5859375
552.0 5.0390625
553.0 6.4765625
554.0 6.2421875
555.0 6.2265625
556.0 5.3671875
557.0 5.4296875
558.0 5.3046875
559.0 5.875
560.0 6.4453125
561.0 5.578125
562.0 6.78125
563.0 5.4375
564.0 5.796875
565.0 5.3125
566.0 4.1171875
567.0 1.0546875
568.0 7.703125
569.0 5.7109375
570.0 2.8125
571.0 4.9765625
572.0 5.890625
573.0 5.734375
574.0 5.7109375
575.0 5.3671875
576.0 5.40625
577.0 5.53125
578.0 5.9765625
579.0 6.0078125
580.0 1.203125
581.0 9.0078125
582.0 5.421875
583.0 5.4296875
584.0 4.0703125
585.0 8.0
586.0 5.421875
587.0 4.3828125
588.0 5.3671875
589.0 4.7421875
590.0 4.65625
591.0 4.8671875
592.0 5.2734375
593.0 5.3359375
594.0 5.3203125
595.0 3.9765625
596.0 2.21875
597.0 5.203125
598.0 5.3125
599.0 4.9296875
