0.0 6.4765625
1.0 5.78125
2.0 3.953125
3.0 7.421875
4.0 4.5390625
5.0 4.9296875
6.0 5.109375
7.0 1.7734375
8.0 7.5703125
9.0 1.328125
10.0 3.625
11.0 1.4453125
12.0 7.5859375
13.0 4.3828125
14.0 5.0234375
15.0 5.5859375
16.0 5.78125
17.0 4.3828125
18.0 4.9453125
19.0 4.6640625
20.0 2.8359375
21.0 2.9296875
22.0 2.8515625
23.0 4.28125
24.0 4.453125
25.0 4.9453125
26.0 2.8984375
27.0 0.609375
28.0 0.0
29.0 7.2421875
30.0 3.46875
31.0 3.859375
32.0 3.0390625
33.0 2.3046875
34.0 2.5625
35.0 1.7578125
36.0 1.1171875
37.0 0.0
38.0 4.8671875
39.0 1.8046875
40.0 2.4609375
41.0 2.7421875
42.0 1.8671875
43.0 1.9453125
44.0 2.7734375
45.0 3.234375
46.0 2.8203125
47.0 2.3984375
48.0 2.890625
49.0 2.8359375
50.0 1.8359375
51.0 6.140625
52.0 5.6171875
53.0 5.6953125
54.0 5.546875
55.0 2.2109375
56.0 6.3828125
57.0 4.2734375
58.0 4.921875
59.0 4.3515625
60.0 4.9609375
61.0 3.8046875
62.0 4.0703125
63.0 5.3515625
64.0 5.6328125
65.0 4.6328125
66.0 2.7890625
67.0 3.015625
68.0 1.5
69.0 6.078125
70.0 2.7890625
71.0 2.1796875
72.0 3.578125
73.0 4.1015625
74.0 1.765625
75.0 0.0
76.0 4.9765625
77.0 1.8046875
78.0 3.8046875
79.0 3.7578125
80.0 1.96875
81.0 3.515625
82.0 4.296875
83.0 3.0703125
84.0 2.484375
85.0 1.421875
86.0 0.0
87.0 5.5
88.0 2.1953125
89.0 2.375
90.0 2.515625
91.0 0.015625
92.0 0.0
93.0 5.375
94.0 2.7890625
95.0 3.625
96.0 2.71875
97.0 2.4921875
98.0 3.3671875
99.0 4.1171875
100.0 3.9453125
101.0 3.46875
102.0 4.171875
103.0 3.7734375
104.0 3.96875
105.0 2.8359375
106.0 0.0
107.0 7.359375
108.0 0.671875
109.0 3.2578125
110.0 4.1015625
111.0 4.6796875
112.0 4.453125
113.0 4.234375
114.0 2.4765625
115.0 6.2578125
116.0 4.1796875
117.0 4.21875
118.0 4.171875
119.0 4.9453125
120.0 4.859375
121.0 4.84375
122.0 4.921875
123.0 5.3046875
124.0 4.9453125
125.0 5.0859375
126.0 3.5
127.0 5.5234375
128.0 4.7578125
129.0 5.171875
130.0 4.8984375
131.0 1.203125
132.0 8.390625
133.0 3.7890625
134.0 5.0546875
135.0 6.0390625
136.0 5.3984375
137.0 5.28125
138.0 5.0546875
139.0 5.3203125
140.0 5.1015625
141.0 4.6015625
142.0 4.3359375
143.0 5.3046875
144.0 4.9296875
145.0 4.78125
146.0 5.640625
147.0 5.21875
148.0 5.171875
149.0 5.3125
150.0 5.9375
151.0 5.4296875
152.0 3.640625
153.0 6.796875
154.0 5.375
155.0 5.3046875
156.0 1.7890625
157.0 7.8203125
158.0 2.7421875
159.0 3.3828125
160.0 5.1640625
161.0 1.765625
162.0 2.1875
163.0 2.2734375
164.0 2.4140625
165.0 2.4453125
166.0 2.5390625
167.0 3.7578125
168.0 0.5234375
169.0 9.78125
170.0 5.609375
171.0 4.15625
172.0 5.2265625
173.0 2.90625
174.0 4.3984375
175.0 6.0390625
176.0 6.2890625
177.0 6.1484375
178.0 3.796875
179.0 4.25
180.0 3.921875
181.0 1.8671875
182.0 9.9609375
183.0 5.9453125
184.0 6.453125
185.0 6.3671875
186.0 6.234375
187.0 6.453125
188.0 6.203125
189.0 6.0078125
190.0 6.6484375
191.0 6.0078125
192.0 6.5
193.0 5.8515625
194.0 5.546875
195.0 6.703125
196.0 5.765625
197.0 5.6015625
198.0 4.8984375
199.0 4.5078125
200.0 5.3046875
201.0 5.3203125
202.0 1.171875
203.0 7.421875
204.0 3.5859375
205.0 3.3515625
206.0 2.8359375
207.0 2.984375
208.0 4.9921875
209.0 5.734375
210.0 5.6015625
211.0 6.421875
212.0 6.59375
213.0 5.8203125
214.0 5.3046875
215.0 1.71875
216.0 11.15625
217.0 6.1171875
218.0 6.0546875
219.0 5.890625
220.0 6.03125
221.0 5.6015625
222.0 4.9453125
223.0 3.328125
224.0 3.4296875
225.0 3.015625
226.0 2.84375
227.0 5.515625
228.0 5.6953125
229.0 2.453125
230.0 2.25
231.0 3.1328125
232.0 3.3671875
233.0 3.3984375
234.0 2.359375
235.0 4.984375
236.0 4.3046875
237.0 4.65625
238.0 3.7265625
239.0 2.7578125
240.0 0.7265625
241.0 5.1015625
242.0 5.0859375
243.0 5.171875
244.0 4.1875
245.0 3.0
246.0 2.6015625
247.0 1.796875
248.0 2.0625
249.0 3.671875
250.0 1.9140625
251.0 0.9921875
252.0 5.2265625
253.0 2.6015625
254.0 2.8515625
255.0 3.1328125
256.0 2.1484375
257.0 2.4296875
258.0 2.921875
259.0 6.5078125
260.0 5.46875
261.0 4.90625
262.0 6.2265625
263.0 6.5
264.0 5.6796875
265.0 4.984375
266.0 6.4375
267.0 5.3125
268.0 5.7890625
269.0 5.4609375
270.0 5.4375
271.0 5.90625
272.0 5.6796875
273.0 5.703125
274.0 5.6796875
275.0 2.1484375
276.0 8.765625
277.0 4.5390625
278.0 5.3359375
279.0 5.84375
280.0 5.859375
281.0 5.765625
282.0 6.078125
283.0 6.171875
284.0 5.890625
285.0 5.8828125
286.0 3.6171875
287.0 9.0390625
288.0 6.328125
289.0 5.640625
290.0 6.1484375
291.0 6.5546875
292.0 6.0078125
293.0 6.2421875
294.0 4.8671875
295.0 4.0859375
296.0 3.890625
297.0 4.4140625
298.0 5.2265625
299.0 5.84375
300.0 4.7578125
301.0 6.9921875
302.0 6.5625
303.0 6.421875
304.0 6.46875
305.0 6.390625
306.0 6.0625
307.0 6.203125
308.0 6.5
309.0 6.3046875
310.0 5.53125
311.0 4.4140625
312.0 3.859375
313.0 5.34375
314.0 6.625
315.0 6.296875
316.0 4.2734375
317.0 8.9375
318.0 6.734375
319.0 6.734375
320.0 6.8046875
321.0 6.0546875
322.0 6.515625
323.0 4.53125
324.0 5.6171875
325.0 6.1171875
326.0 4.8125
327.0 3.0859375
328.0 3.0703125
329.0 3.921875
330.0 3.4375
331.0 3.921875
332.0 4.875
333.0 4.984375
334.0 4.1171875
335.0 0.671875
336.0 5.703125
337.0 3.671875
338.0 4.8125
339.0 4.6640625
340.0 4.46875
341.0 1.984375
342.0 5.765625
343.0 2.96875
344.0 3.34375
345.0 3.2265625
346.0 3.4765625
347.0 3.4375
348.0 2.7890625
349.0 3.3828125
350.0 3.0859375
351.0 3.2265625
352.0 3.0703125
353.0 1.7578125
354.0 0.0
355.0 5.8828125
356.0 3.0234375
357.0 4.359375
358.0 4.171875
359.0 3.96875
360.0 3.3828125
361.0 7.359375
362.0 4.6484375
363.0 6.3515625
364.0 6.9609375
365.0 6.3046875
366.0 3.953125
367.0 3.8828125
368.0 3.875
369.0 3.9375
370.0 3.703125
371.0 3.015625
372.0 2.4453125
373.0 0.125
374.0 5.1328125
375.0 2.8125
376.0 2.8984375
377.0 2.671875
378.0 2.625
379.0 1.40625
380.0 0.328125
381.0 6.6484375
382.0 3.4375
383.0 5.5625
384.0 6.625
385.0 6.109375
386.0 4.59375
387.0 3.4140625
388.0 3.0390625
389.0 2.8125
390.0 2.7109375
391.0 1.6484375
392.0 9.71875
393.0 6.4453125
394.0 6.9296875
395.0 6.75
396.0 5.8828125
397.0 6.328125
398.0 6.4453125
399.0 6.328125
400.0 5.640625
401.0 5.734375
402.0 6.0078125
403.0 5.6484375
404.0 5.9296875
405.0 5.8828125
406.0 5.734375
407.0 6.3203125
408.0 3.5546875
409.0 9.8671875
410.0 6.484375
411.0 7.125
412.0 6.6484375
413.0 4.125
414.0 9.75
415.0 6.890625
416.0 5.2890625
417.0 5.7109375
418.0 6.203125
419.0 6.5390625
420.0 6.4375
421.0 5.640625
422.0 5.6484375
423.0 5.734375
424.0 6.1171875
425.0 5.6484375
426.0 1.953125
427.0 9.3671875
428.0 6.3828125
429.0 3.1171875
430.0 9.6015625
431.0 5.4296875
432.0 5.3125
433.0 6.2109375
434.0 4.9609375
435.0 5.375
436.0 6.8984375
437.0 5.4921875
438.0 4.5625
439.0 4.9296875
440.0 5.75
441.0 6.203125
442.0 5.484375
443.0 7.3671875
444.0 6.5
445.0 6.2734375
446.0 3.9921875
447.0 1.5
448.0 8.8671875
449.0 5.765625
450.0 5.25
451.0 5.0859375
452.0 5.75
453.0 5.140625
454.0 4.9609375
455.0 4.9453125
456.0 4.171875
457.0 4.59375
458.0 4.3515625
459.0 3.2890625
460.0 5.2578125
461.0 5.140625
462.0 3.5
463.0 4.328125
464.0 4.875
465.0 4.25
466.0 5.0390625
467.0 4.859375
468.0 4.6640625
469.0 5.1640625
470.0 5.1328125
471.0 5.4296875
472.0 5.6640625
473.0 5.6953125
474.0 6.2890625
475.0 5.9609375
476.0 5.734375
477.0 5.109375
478.0 5.90625
479.0 5.84375
480.0 6.234375
481.0 6.40625
482.0 6.5625
483.0 7.21875
484.0 6.78125
485.0 6.171875
486.0 1.234375
487.0 11.53125
488.0 6.9609375
489.0 7.359375
490.0 7.1640625
491.0 6.40625
492.0 6.7421875
493.0 6.5859375
494.0 7.1640625
495.0 6.4375
496.0 5.78125
497.0 6.2578125
498.0 5.9921875
499.0 2.34375
500.0 10.5078125
501.0 5.875
502.0 5.109375
503.0 5.109375
504.0 5.3046875
505.0 5.421875
506.0 5.6171875
507.0 5.6171875
508.0 5.9140625
509.0 6.15625
510.0 6.203125
511.0 6.3515625
512.0 6.0625
513.0 5.5546875
514.0 5.5
515.0 4.21875
516.0 6.484375
517.0 5.1640625
518.0 6.0859375
519.0 2.1953125
520.0 9.8984375
521.0 6.9921875
522.0 6.4375
523.0 6.6875
524.0 5.8125
525.0 2.3125
526.0 9.1328125
527.0 5.7890625
528.0 5.7890625
529.0 6.03125
530.0 6.234375
531.0 5.7890625
532.0 5.3125
533.0 5.28125
534.0 4.8359375
535.0 5.7109375
536.0 5.9609375
537.0 5.171875
538.0 4.921875
539.0 5.1875
540.0 5.859375
541.0 5.0078125
542.0 5.34375
543.0 5.2578125
544.0 5.6640625
545.0 5.4296875
546.0 4.9765625
547.0 4.6640625
548.0 4.7265625
549.0 5.046875
550.0 5.0859375
551.0 5.1328125
552.0 4.9296875
553.0 5.0546875
554.0 4.4453125
555.0 5.765625
556.0 4.65625
557.0 4.921875
558.0 5.5625
559.0 4.84375
560.0 3.9140625
561.0 0.4375
562.0 7.796875
563.0 2.8359375
564.0 2.75
565.0 3.2578125
566.0 3.1015625
567.0 2.0859375
568.0 2.1328125
569.0 3.3984375
570.0 3.078125
571.0 3.078125
572.0 1.421875
573.0 6.078125
574.0 4.65625
575.0 4.7109375
576.0 4.4765625
577.0 4.9453125
578.0 5.3203125
579.0 5.1640625
580.0 5.421875
581.0 5.609375
582.0 5.703125
583.0 5.875
584.0 6.09375
585.0 6.59375
586.0 5.9453125
587.0 5.9609375
588.0 5.84375
589.0 5.6953125
590.0 5.453125
591.0 5.046875
592.0 5.3359375
593.0 5.875
594.0 5.4921875
595.0 5.2265625
596.0 4.9453125
597.0 5.84375
598.0 5.5859375
599.0 5.765625
