0.0 5.1640625
1.0 4.8125
2.0 4.234375
3.0 6.4453125
4.0 5.3203125
5.0 5.0859375
6.0 5.375
7.0 5.1875
8.0 5.3046875
9.0 4.75
10.0 4.484375
11.0 4.84375
12.0 4.9765625
13.0 5.5234375
14.0 5.3125
15.0 3.9765625
16.0 5.90625
17.0 5.2890625
18.0 5.34375
19.0 5.3515625
20.0 5.0703125
21.0 1.828125
22.0 8.765625
23.0 5.375
24.0 4.7109375
25.0 2.59375
26.0 3.1640625
27.0 4.625
28.0 4.7109375
29.0 5.0390625
30.0 5.109375
31.0 4.921875
32.0 5.2265625
33.0 5.140625
34.0 5.7890625
35.0 5.21875
36.0 5.140625
37.0 5.2890625
38.0 5.28125
39.0 0.671875
40.0 9.328125
41.0 5.6953125
42.0 5.875
43.0 5.15625
44.0 4.4765625
45.0 2.234375
46.0 4.46875
47.0 5.9296875
48.0 3.796875
49.0 4.984375
50.0 4.421875
51.0 1.421875
52.0 8.7734375
53.0 5.4375
54.0 5.46875
55.0 5.3828125
56.0 5.3125
57.0 5.0859375
58.0 3.0390625
59.0 7.8203125
60.0 5.40625
61.0 5.7265625
62.0 6.140625
63.0 5.578125
64.0 6.1875
65.0 5.375
66.0 5.75
67.0 5.4375
68.0 1.640625
69.0 8.34375
70.0 5.7265625
71.0 5.6171875
72.0 4.8359375
73.0 4.359375
74.0 4.484375
75.0 5.3359375
76.0 5.6484375
77.0 5.4609375
78.0 5.3671875
79.0 5.1875
80.0 5.078125
81.0 5.5234375
82.0 2.953125
83.0 9.1328125
84.0 6.4140625
85.0 5.6796875
86.0 6.109375
87.0 6.15625
88.0 6.515625
89.0 5.7890625
90.0 6.0546875
91.0 6.1171875
92.0 6.3203125
93.0 6.2578125
94.0 5.203125
95.0 5.0390625
96.0 5.234375
97.0 5.234375
98.0 1.1796875
99.0 10.1953125
100.0 4.9921875
101.0 5.2578125
102.0 4.609375
103.0 0.96875
104.0 10.015625
105.0 6.1171875
106.0 6.3203125
107.0 5.9765625
108.0 5.84375
109.0 5.7890625
110.0 5.671875
111.0 5.9296875
112.0 2.6875
113.0 8.234375
114.0 5.1015625
115.0 5.234375
116.0 5.6953125
117.0 5.6484375
118.0 4.875
119.0 4.859375
120.0 5.109375
121.0 5.5
122.0 4.9453125
123.0 5.40625
124.0 4.9609375
125.0 5.1015625
126.0 1.703125
127.0 8.6796875
128.0 4.453125
129.0 3.0390625
130.0 7.640625
131.0 5.453125
132.0 6.09375
133.0 5.9453125
134.0 5.3984375
135.0 6.171875
136.0 5.53125
137.0 5.8828125
138.0 5.9375
139.0 5.7265625
140.0 5.1875
141.0 5.453125
142.0 5.4609375
143.0 2.3359375
144.0 9.2734375
145.0 5.6640625
146.0 5.125
147.0 4.8984375
148.0 5.9765625
149.0 5.9921875
150.0 5.765625
151.0 5.140625
152.0 5.0390625
153.0 5.34375
154.0 5.7265625
155.0 5.6640625
156.0 5.6953125
157.0 4.8671875
158.0 5.515625
159.0 5.8515625
160.0 5.796875
161.0 3.4375
162.0 8.109375
163.0 6.4765625
164.0 5.453125
165.0 5.6796875
166.0 0.484375
167.0 10.2265625
168.0 5.15625
169.0 5.234375
170.0 5.375
171.0 5.6796875
172.0 5.5234375
173.0 5.1015625
174.0 1.953125
175.0 7.9296875
176.0 5.3515625
177.0 5.4609375
178.0 4.953125
179.0 5.2265625
180.0 5.703125
181.0 5.8125
182.0 6.0546875
183.0 6.1484375
184.0 6.3671875
185.0 5.3984375
186.0 5.1640625
187.0 4.953125
188.0 5.2890625
189.0 5.5
190.0 2.546875
191.0 8.6484375
192.0 5.3828125
193.0 5.9765625
194.0 5.9375
195.0 2.296875
196.0 9.4765625
197.0 5.484375
198.0 5.078125
199.0 5.2578125
200.0 5.15625
201.0 5.2265625
202.0 5.015625
203.0 5.078125
204.0 5.2265625
205.0 5.578125
206.0 5.234375
207.0 4.984375
208.0 5.4375
209.0 5.5859375
210.0 3.921875
211.0 7.2578125
212.0 5.8515625
213.0 5.9375
214.0 2.0703125
215.0 8.890625
216.0 5.4921875
217.0 5.2890625
218.0 5.3515625
219.0 5.3984375
220.0 5.3828125
221.0 5.578125
222.0 5.140625
223.0 5.2578125
224.0 5.3046875
225.0 5.703125
226.0 6.3203125
227.0 6.4765625
228.0 1.5859375
229.0 11.0703125
230.0 6.15625
231.0 6.0234375
232.0 5.34375
233.0 6.4140625
234.0 5.8125
235.0 6.0859375
236.0 6.125
237.0 5.9140625
238.0 6.15625
239.0 5.484375
240.0 4.9609375
241.0 6.1796875
242.0 5.84375
243.0 5.875
244.0 6.09375
245.0 6.0234375
246.0 0.8671875
247.0 11.0859375
248.0 6.0
249.0 5.3359375
250.0 5.5546875
251.0 5.4375
252.0 5.2890625
253.0 3.234375
254.0 3.1171875
255.0 5.1328125
256.0 5.21875
257.0 4.8359375
258.0 4.9453125
259.0 4.7421875
260.0 5.0703125
261.0 4.6875
262.0 0.640625
263.0 7.9375
264.0 5.515625
265.0 5.21875
266.0 5.46875
267.0 4.984375
268.0 5.0390625
269.0 4.90625
270.0 5.6796875
271.0 5.40625
272.0 5.796875
273.0 5.8203125
274.0 6.328125
275.0 5.671875
276.0 5.875
277.0 6.3671875
278.0 6.234375
279.0 6.5390625
280.0 6.40625
281.0 6.3828125
282.0 4.4296875
283.0 7.5390625
284.0 6.125
285.0 6.2578125
286.0 5.9609375
287.0 5.84375
288.0 6.0078125
289.0 5.6640625
290.0 0.84375
291.0 10.9765625
292.0 5.8515625
293.0 5.8828125
294.0 6.3359375
295.0 5.9765625
296.0 6.4140625
297.0 6.1171875
298.0 6.15625
299.0 6.125
300.0 6.359375
301.0 5.890625
302.0 4.03125
303.0 8.09375
304.0 5.96875
305.0 6.15625
306.0 5.90625
307.0 5.7890625
308.0 5.3359375
309.0 0.125
310.0 6.71875
311.0 5.6484375
312.0 5.140625
313.0 5.7578125
314.0 6.125
315.0 6.03125
316.0 5.9609375
317.0 5.7890625
318.0 2.1328125
319.0 10.1328125
320.0 6.5078125
321.0 6.1796875
322.0 5.9375
323.0 6.5859375
324.0 5.9921875
325.0 6.625
326.0 6.234375
327.0 6.234375
328.0 6.5546875
329.0 6.4140625
330.0 2.265625
331.0 10.7734375
332.0 6.6875
333.0 6.3671875
334.0 6.390625
335.0 6.296875
336.0 6.234375
337.0 6.1171875
338.0 6.6796875
339.0 6.1796875
340.0 5.8515625
341.0 6.3359375
342.0 6.4375
343.0 6.421875
344.0 6.0859375
345.0 6.3671875
346.0 6.40625
347.0 6.2734375
348.0 6.0234375
349.0 6.203125
350.0 6.5546875
351.0 6.203125
352.0 2.609375
353.0 9.359375
354.0 6.9765625
355.0 6.59375
356.0 6.6015625
357.0 5.828125
358.0 6.4765625
359.0 6.2578125
360.0 6.171875
361.0 6.1875
362.0 5.9375
363.0 5.9921875
364.0 6.2734375
365.0 6.234375
366.0 6.5
367.0 6.3359375
368.0 6.1171875
369.0 5.6015625
370.0 6.3203125
371.0 6.1875
372.0 6.265625
373.0 6.6015625
374.0 6.1875
375.0 6.421875
376.0 5.9921875
377.0 6.2265625
378.0 6.1875
379.0 6.421875
380.0 6.421875
381.0 5.6015625
382.0 6.1796875
383.0 6.6796875
384.0 6.296875
385.0 6.2890625
386.0 5.890625
387.0 5.421875
388.0 5.8203125
389.0 5.234375
390.0 6.3671875
391.0 5.5625
392.0 5.6328125
393.0 5.5625
394.0 5.84375
395.0 2.484375
396.0 9.7890625
397.0 6.59375
398.0 6.3515625
399.0 6.6328125
400.0 6.59375
401.0 6.328125
402.0 5.6015625
403.0 4.984375
404.0 6.1796875
405.0 5.796875
406.0 5.875
407.0 6.078125
408.0 6.0
409.0 6.0625
410.0 6.421875
411.0 5.828125
412.0 6.171875
413.0 5.9609375
414.0 5.6171875
415.0 5.46875
416.0 3.234375
417.0 8.6171875
418.0 5.7109375
419.0 5.8125
420.0 4.328125
421.0 6.6484375
422.0 5.21875
423.0 5.6484375
424.0 5.8515625
425.0 5.765625
426.0 5.6953125
427.0 5.828125
428.0 6.1484375
429.0 6.3359375
430.0 6.265625
431.0 5.7890625
432.0 5.9765625
433.0 5.96875
434.0 6.1171875
435.0 6.1171875
436.0 4.09375
437.0 8.5
438.0 6.0
439.0 5.8515625
440.0 2.1953125
441.0 10.2578125
442.0 6.3203125
443.0 6.6875
444.0 6.296875
445.0 6.6796875
446.0 6.2734375
447.0 5.78125
448.0 5.640625
449.0 5.9375
450.0 5.6328125
451.0 5.7265625
452.0 5.796875
453.0 5.609375
454.0 5.5859375
455.0 6.0078125
456.0 6.1875
457.0 6.265625
458.0 5.8828125
459.0 5.34375
460.0 4.15625
461.0 5.578125
462.0 5.9921875
463.0 5.5625
464.0 5.546875
465.0 5.0234375
466.0 5.453125
467.0 6.1484375
468.0 6.0390625
469.0 6.1796875
470.0 6.140625
471.0 6.1171875
472.0 5.9921875
473.0 6.265625
474.0 5.8125
475.0 5.234375
476.0 5.5
477.0 5.6484375
478.0 5.90625
479.0 6.125
480.0 5.765625
481.0 5.9921875
482.0 5.5625
483.0 3.5625
484.0 4.984375
485.0 5.9921875
486.0 5.546875
487.0 6.03125
488.0 5.8828125
489.0 6.109375
490.0 5.9375
491.0 6.3046875
492.0 6.296875
493.0 3.4140625
494.0 8.0546875
495.0 5.5546875
496.0 4.796875
497.0 4.4765625
498.0 6.2890625
499.0 5.1640625
500.0 6.0625
501.0 6.2421875
502.0 5.5859375
503.0 6.1171875
504.0 6.109375
505.0 5.6953125
506.0 6.2265625
507.0 6.125
508.0 6.140625
509.0 5.9453125
510.0 6.09375
511.0 6.2265625
512.0 5.515625
513.0 5.84375
514.0 3.4609375
515.0 7.125
516.0 5.5546875
517.0 6.3828125
518.0 6.140625
519.0 6.296875
520.0 6.0234375
521.0 5.8125
522.0 5.7109375
523.0 5.890625
524.0 5.828125
525.0 5.875
526.0 6.40625
527.0 6.4453125
528.0 6.03125
529.0 5.6328125
530.0 6.078125
531.0 4.7265625
532.0 7.9140625
533.0 5.890625
534.0 5.84375
535.0 5.9453125
536.0 5.8828125
537.0 5.828125
538.0 5.546875
539.0 5.6953125
540.0 5.6953125
541.0 5.0234375
542.0 5.28125
543.0 5.5234375
544.0 5.90625
545.0 6.125
546.0 6.0390625
547.0 6.6328125
548.0 6.3359375
549.0 6.484375
550.0 2.5234375
551.0 10.0859375
552.0 2.1484375
553.0 10.34375
554.0 5.9453125
555.0 6.3203125
556.0 6.4375
557.0 6.46875
558.0 6.3359375
559.0 6.171875
560.0 5.9140625
561.0 6.203125
562.0 6.0078125
563.0 6.078125
564.0 6.0234375
565.0 6.296875
566.0 6.6015625
567.0 7.2734375
568.0 6.8125
569.0 4.6796875
570.0 7.390625
571.0 6.6015625
572.0 6.796875
573.0 6.4375
574.0 6.2734375
575.0 6.53125
576.0 6.3046875
577.0 6.515625
578.0 6.4375
579.0 6.40625
580.0 6.515625
581.0 6.7421875
582.0 5.96875
583.0 6.53125
584.0 6.453125
585.0 6.3671875
586.0 6.125
587.0 6.3203125
588.0 6.203125
589.0 2.5078125
590.0 9.8671875
591.0 6.1484375
592.0 3.2265625
593.0 2.1640625
594.0 1.921875
595.0 1.625
596.0 4.4140625
597.0 5.9921875
598.0 6.203125
599.0 4.7421875
