0.0 5.046875
1.0 4.6796875
2.0 4.875
3.0 4.8984375
4.0 4.828125
5.0 4.828125
6.0 4.6875
7.0 4.6640625
8.0 4.8046875
9.0 4.78125
10.0 4.625
11.0 3.8046875
12.0 5.84375
13.0 4.859375
14.0 4.796875
15.0 4.609375
16.0 4.3359375
17.0 0.609375
18.0 9.0078125
19.0 4.5
20.0 4.4453125
21.0 4.234375
22.0 4.5
23.0 0.6953125
24.0 8.5703125
25.0 4.6484375
26.0 4.7421875
27.0 4.625
28.0 4.875
29.0 4.8125
30.0 4.75
31.0 4.46875
32.0 1.8203125
33.0 7.34375
34.0 4.8046875
35.0 4.484375
36.0 4.5625
37.0 4.65625
38.0 4.6484375
39.0 4.71875
40.0 4.7578125
41.0 4.8046875
42.0 4.7109375
43.0 4.984375
44.0 4.75
45.0 4.6875
46.0 4.9609375
47.0 3.140625
48.0 6.5078125
49.0 4.78125
50.0 4.6953125
51.0 4.6953125
52.0 5.015625
53.0 4.9609375
54.0 4.890625
55.0 4.9765625
56.0 4.796875
57.0 4.984375
58.0 4.78125
59.0 4.84375
60.0 4.8125
61.0 4.8984375
62.0 4.7421875
63.0 4.7421875
64.0 3.796875
65.0 5.515625
66.0 4.6484375
67.0 4.7265625
68.0 4.7109375
69.0 4.578125
70.0 3.84375
71.0 5.28125
72.0 4.546875
73.0 4.78125
74.0 4.6328125
75.0 4.6328125
76.0 4.4453125
77.0 4.2109375
78.0 4.0703125
79.0 4.3671875
80.0 4.3671875
81.0 4.4453125
82.0 4.421875
83.0 4.5390625
84.0 1.3515625
85.0 8.0
86.0 4.6484375
87.0 4.84375
88.0 4.7421875
89.0 4.7421875
90.0 2.375
91.0 7.046875
92.0 4.8046875
93.0 5.046875
94.0 4.796875
95.0 5.171875
96.0 5.078125
97.0 5.015625
98.0 4.9765625
99.0 4.9921875
100.0 5.0078125
101.0 5.015625
102.0 5.125
103.0 3.96875
104.0 6.09375
105.0 4.953125
106.0 5.015625
107.0 5.125
108.0 5.0390625
109.0 0.6015625
110.0 9.4140625
111.0 4.78125
112.0 4.7734375
113.0 4.8359375
114.0 4.78125
115.0 4.7734375
116.0 5.0546875
117.0 4.9453125
118.0 4.8984375
119.0 4.859375
120.0 4.859375
121.0 4.8359375
122.0 1.296875
123.0 8.3203125
124.0 4.546875
125.0 4.875
126.0 4.6328125
127.0 3.0234375
128.0 6.4375
129.0 4.6328125
130.0 4.65625
131.0 3.671875
132.0 5.609375
133.0 4.6484375
134.0 4.546875
135.0 4.4296875
136.0 4.4453125
137.0 4.3984375
138.0 4.5
139.0 4.6328125
140.0 4.515625
141.0 4.609375
142.0 4.625
143.0 4.5625
144.0 4.78125
145.0 4.625
146.0 0.0
147.0 9.2421875
148.0 4.7265625
149.0 4.6796875
150.0 1.6484375
151.0 7.9296875
152.0 4.484375
153.0 4.65625
154.0 4.421875
155.0 4.6640625
156.0 5.0078125
157.0 4.8125
158.0 4.8671875
159.0 5.078125
160.0 4.796875
161.0 4.7578125
162.0 4.78125
163.0 2.4453125
164.0 7.2890625
165.0 4.9296875
166.0 4.7578125
167.0 4.890625
168.0 4.7734375
169.0 4.84375
170.0 4.8359375
171.0 4.2734375
172.0 5.8125
173.0 4.8359375
174.0 5.140625
175.0 4.9609375
176.0 4.9609375
177.0 4.8359375
178.0 4.953125
179.0 4.8671875
180.0 5.078125
181.0 4.859375
182.0 4.875
183.0 4.8359375
184.0 4.7265625
185.0 0.6953125
186.0 9.1015625
187.0 4.6015625
188.0 4.90625
189.0 4.6953125
190.0 5.34375
191.0 4.8046875
192.0 5.078125
193.0 4.875
194.0 4.90625
195.0 4.625
196.0 4.71875
197.0 4.6484375
198.0 4.6875
199.0 4.6328125
200.0 4.78125
201.0 4.53125
202.0 2.4296875
203.0 6.359375
204.0 4.3203125
205.0 4.5390625
206.0 4.453125
207.0 4.7109375
208.0 4.546875
209.0 0.4921875
210.0 8.6796875
211.0 4.65625
212.0 4.71875
213.0 4.578125
214.0 4.6796875
215.0 4.7734375
216.0 4.9296875
217.0 4.8125
218.0 4.8671875
219.0 4.84375
220.0 4.8046875
221.0 4.4140625
222.0 5.28125
223.0 4.90625
224.0 1.7109375
225.0 8.03125
226.0 4.9453125
227.0 4.875
228.0 4.8359375
229.0 4.875
230.0 4.84375
231.0 4.7109375
232.0 4.890625
233.0 4.953125
234.0 4.921875
235.0 4.84375
236.0 4.8671875
237.0 4.828125
238.0 1.2578125
239.0 6.84375
240.0 7.2265625
241.0 5.015625
242.0 4.8046875
243.0 4.8671875
244.0 4.8671875
245.0 4.7734375
246.0 4.7265625
247.0 4.9609375
248.0 4.796875
249.0 4.984375
250.0 5.0546875
251.0 4.828125
252.0 4.7265625
253.0 3.46875
254.0 6.0
255.0 3.859375
256.0 6.0625
257.0 4.71875
258.0 4.890625
259.0 3.84375
260.0 5.9140625
261.0 4.7265625
262.0 4.75
263.0 4.609375
264.0 4.6875
265.0 4.5625
266.0 4.6484375
267.0 4.578125
268.0 4.265625
269.0 4.4453125
270.0 4.3828125
271.0 4.546875
272.0 4.4765625
273.0 4.203125
274.0 0.3984375
275.0 8.140625
276.0 5.453125
277.0 4.5
278.0 4.5390625
279.0 4.59375
280.0 4.4140625
281.0 4.625
282.0 4.625
283.0 4.6640625
284.0 4.6875
285.0 4.5
286.0 4.5625
287.0 4.4453125
288.0 4.6640625
289.0 4.03125
290.0 5.609375
291.0 4.9453125
292.0 4.828125
293.0 4.9453125
294.0 4.890625
295.0 4.609375
296.0 1.109375
297.0 8.6875
298.0 4.953125
299.0 5.0234375
300.0 4.8359375
301.0 3.7109375
302.0 5.8515625
303.0 4.859375
304.0 5.078125
305.0 4.921875
306.0 4.84375
307.0 4.953125
308.0 4.8671875
309.0 4.8359375
310.0 4.953125
311.0 5.0859375
312.0 3.140625
313.0 6.8671875
314.0 5.015625
315.0 4.0234375
316.0 5.8828125
317.0 4.8671875
318.0 4.90625
319.0 4.8125
320.0 5.015625
321.0 4.890625
322.0 4.9765625
323.0 4.8359375
324.0 4.859375
325.0 4.7109375
326.0 4.75
327.0 4.984375
328.0 5.0234375
329.0 4.8359375
330.0 1.796875
331.0 8.1484375
332.0 4.828125
333.0 4.78125
334.0 4.7734375
335.0 4.6953125
336.0 3.4921875
337.0 5.828125
338.0 4.7734375
339.0 4.7578125
340.0 4.7109375
341.0 4.6484375
342.0 4.6328125
343.0 4.6875
344.0 4.578125
345.0 3.234375
346.0 5.828125
347.0 4.515625
348.0 4.4453125
349.0 4.46875
350.0 4.421875
351.0 4.484375
352.0 4.4765625
353.0 4.484375
354.0 4.5078125
355.0 4.5390625
356.0 4.609375
357.0 4.5703125
358.0 2.71875
359.0 6.8125
360.0 4.828125
361.0 4.7578125
362.0 4.7734375
363.0 4.6953125
364.0 5.046875
365.0 4.78125
366.0 3.7578125
367.0 5.515625
368.0 4.78125
369.0 4.71875
370.0 4.828125
371.0 4.78125
372.0 5.015625
373.0 4.6640625
374.0 4.859375
375.0 4.890625
376.0 4.65625
377.0 0.421875
378.0 9.3671875
379.0 5.0546875
380.0 5.0390625
381.0 5.1015625
382.0 4.9296875
383.0 4.9609375
384.0 4.9609375
385.0 5.0078125
386.0 4.953125
387.0 4.9453125
388.0 4.78125
389.0 3.40625
390.0 6.5078125
391.0 5.046875
392.0 4.84375
393.0 4.6796875
394.0 0.34375
395.0 7.421875
396.0 7.03125
397.0 5.046875
398.0 4.9296875
399.0 4.8671875
400.0 4.9296875
401.0 3.6484375
402.0 5.796875
403.0 4.0234375
404.0 5.96875
405.0 4.8671875
406.0 4.828125
407.0 4.9453125
408.0 4.9453125
409.0 3.875
410.0 5.8203125
411.0 4.78125
412.0 4.7734375
413.0 4.75
414.0 4.90625
415.0 4.6640625
416.0 4.5078125
417.0 4.5078125
418.0 4.3671875
419.0 4.6875
420.0 4.453125
421.0 4.53125
422.0 4.546875
423.0 4.578125
424.0 4.46875
425.0 1.1328125
426.0 8.1171875
427.0 4.453125
428.0 4.6953125
429.0 4.9296875
430.0 4.984375
431.0 1.1953125
432.0 8.4921875
433.0 4.9609375
434.0 4.8671875
435.0 4.8125
436.0 4.6328125
437.0 4.9609375
438.0 4.7578125
439.0 4.78125
440.0 5.0234375
441.0 4.8671875
442.0 4.875
443.0 4.65625
444.0 2.359375
445.0 7.8125
446.0 5.015625
447.0 4.890625
448.0 3.890625
449.0 6.0390625
450.0 5.015625
451.0 4.984375
452.0 5.0078125
453.0 4.9921875
454.0 4.8984375
455.0 5.1015625
456.0 4.8984375
457.0 4.7109375
458.0 4.8671875
459.0 4.828125
460.0 4.75
461.0 4.625
462.0 2.1171875
463.0 7.3984375
464.0 4.578125
465.0 4.4453125
466.0 4.4296875
467.0 4.5625
468.0 0.1953125
469.0 8.8515625
470.0 4.421875
471.0 4.65625
472.0 4.4453125
473.0 4.7578125
474.0 4.625
475.0 4.5078125
476.0 4.625
477.0 4.421875
478.0 4.65625
479.0 4.6953125
480.0 4.0234375
481.0 5.078125
482.0 4.8046875
483.0 4.71875
484.0 4.6953125
485.0 4.78125
486.0 4.890625
487.0 4.890625
488.0 4.8046875
489.0 1.9765625
490.0 7.8515625
491.0 4.75
492.0 4.9453125
493.0 4.890625
494.0 5.0078125
495.0 4.90625
496.0 2.4296875
497.0 7.609375
498.0 4.7734375
499.0 5.0546875
500.0 4.984375
501.0 4.9453125
502.0 4.546875
503.0 5.109375
504.0 5.0546875
505.0 4.859375
506.0 4.8359375
507.0 4.921875
508.0 5.015625
509.0 5.0078125
510.0 4.7734375
511.0 4.828125
512.0 4.84375
513.0 3.9453125
514.0 5.734375
515.0 4.5078125
516.0 4.6875
517.0 4.9453125
518.0 4.59375
519.0 4.53125
520.0 4.8046875
521.0 4.625
522.0 4.453125
523.0 4.5625
524.0 4.46875
525.0 4.3046875
526.0 4.484375
527.0 4.5
528.0 0.6875
529.0 8.203125
530.0 4.359375
531.0 4.5703125
532.0 4.6796875
533.0 4.59375
534.0 4.3359375
535.0 1.3828125
536.0 7.8359375
537.0 4.75
538.0 4.7109375
539.0 4.5625
540.0 4.6796875
541.0 4.6796875
542.0 4.84375
543.0 4.953125
544.0 4.9453125
545.0 4.8671875
546.0 0.734375
547.0 7.21875
548.0 5.9375
549.0 4.6796875
550.0 4.8671875
551.0 4.8125
552.0 5.0546875
553.0 5.109375
554.0 4.9296875
555.0 4.9765625
556.0 4.84375
557.0 4.8984375
558.0 4.8046875
559.0 3.7421875
560.0 5.7265625
561.0 4.9296875
562.0 4.90625
563.0 4.8984375
564.0 4.9453125
565.0 4.8125
566.0 4.6875
567.0 4.921875
568.0 5.078125
569.0 5.015625
570.0 4.75
571.0 4.953125
572.0 4.7734375
573.0 4.796875
574.0 2.125
575.0 7.5859375
576.0 4.84375
577.0 4.7109375
578.0 4.953125
579.0 4.90625
580.0 4.875
581.0 4.8046875
582.0 0.359375
583.0 9.1953125
584.0 4.7734375
585.0 4.6796875
586.0 4.625
587.0 4.625
588.0 4.546875
589.0 4.5390625
590.0 4.296875
591.0 4.578125
592.0 4.71875
593.0 4.4765625
594.0 4.5625
595.0 0.515625
596.0 8.71875
597.0 3.5234375
598.0 5.796875
599.0 4.609375
