0.0 5.4375
1.0 3.3671875
2.0 3.4375
3.0 3.3125
4.0 3.3515625
5.0 3.515625
6.0 3.3984375
7.0 1.7578125
8.0 4.8046875
9.0 2.390625
10.0 3.046875
11.0 2.984375
12.0 1.203125
13.0 2.046875
14.0 3.0703125
15.0 1.859375
16.0 4.890625
17.0 3.1796875
18.0 2.640625
19.0 3.53125
20.0 3.4921875
21.0 2.546875
22.0 3.296875
23.0 3.515625
24.0 3.328125
25.0 3.234375
26.0 3.5234375
27.0 3.546875
28.0 3.515625
29.0 3.5234375
30.0 0.2890625
31.0 6.4140625
32.0 3.3671875
33.0 3.2890625
34.0 3.4765625
35.0 3.4765625
36.0 3.4296875
37.0 1.1640625
38.0 5.53125
39.0 3.3671875
40.0 3.3828125
41.0 3.4375
42.0 3.4609375
43.0 3.515625
44.0 3.4375
45.0 1.8984375
46.0 4.984375
47.0 3.4765625
48.0 3.328125
49.0 3.6484375
50.0 3.5
51.0 3.46875
52.0 3.6171875
53.0 3.4453125
54.0 3.3984375
55.0 3.3203125
56.0 3.34375
57.0 3.3671875
58.0 3.515625
59.0 2.328125
60.0 0.0
61.0 8.171875
62.0 3.4609375
63.0 3.40625
64.0 1.1953125
65.0 5.7890625
66.0 3.5
67.0 3.53125
68.0 3.515625
69.0 3.3984375
70.0 3.5625
71.0 3.3671875
72.0 3.4921875
73.0 3.3125
74.0 0.84375
75.0 5.9609375
76.0 3.4375
77.0 3.3984375
78.0 3.2890625
79.0 3.40625
80.0 3.5234375
81.0 3.28125
82.0 3.328125
83.0 3.328125
84.0 3.109375
85.0 3.2890625
86.0 3.1796875
87.0 1.71875
88.0 4.8046875
89.0 3.4296875
90.0 3.4765625
91.0 3.3671875
92.0 3.375
93.0 3.3984375
94.0 3.2265625
95.0 1.2109375
96.0 5.578125
97.0 3.4296875
98.0 3.4765625
99.0 3.3203125
100.0 3.3828125
101.0 3.4296875
102.0 3.3515625
103.0 3.3984375
104.0 3.5546875
105.0 3.3515625
106.0 3.4140625
107.0 1.796875
108.0 5.046875
109.0 3.46875
110.0 3.515625
111.0 3.5546875
112.0 3.4765625
113.0 3.3671875
114.0 2.015625
115.0 4.65625
116.0 3.1953125
117.0 3.4765625
118.0 3.5
119.0 3.40625
120.0 3.5625
121.0 3.5859375
122.0 3.3125
123.0 1.59375
124.0 5.125
125.0 3.4453125
126.0 3.4296875
127.0 3.296875
128.0 3.3515625
129.0 3.4140625
130.0 3.1484375
131.0 3.7734375
132.0 3.4921875
133.0 3.546875
134.0 3.296875
135.0 3.4765625
136.0 3.4140625
137.0 3.4140625
138.0 3.3671875
139.0 3.34375
140.0 3.3515625
141.0 3.40625
142.0 3.4140625
143.0 3.4140625
144.0 2.09375
145.0 0.0
146.0 8.1171875
147.0 3.296875
148.0 3.3515625
149.0 3.46875
150.0 3.546875
151.0 2.03125
152.0 0.2109375
153.0 7.78125
154.0 3.4609375
155.0 1.734375
156.0 5.0703125
157.0 3.34375
158.0 3.515625
159.0 3.4296875
160.0 3.4609375
161.0 3.5
162.0 3.4296875
163.0 3.40625
164.0 3.375
165.0 1.7578125
166.0 4.953125
167.0 3.28125
168.0 3.3671875
169.0 3.4609375
170.0 3.4375
171.0 3.4140625
172.0 3.5546875
173.0 3.4296875
174.0 3.3671875
175.0 3.546875
176.0 3.4921875
177.0 3.6171875
178.0 3.5859375
179.0 3.515625
180.0 0.765625
181.0 6.15625
182.0 3.3515625
183.0 3.2890625
184.0 3.4296875
185.0 3.3828125
186.0 1.953125
187.0 4.8671875
188.0 3.3515625
189.0 3.3203125
190.0 3.28125
191.0 3.375
192.0 3.46875
193.0 3.375
194.0 3.515625
195.0 3.5234375
196.0 2.125
197.0 4.7734375
198.0 3.3984375
199.0 3.5234375
200.0 3.40625
201.0 3.5
202.0 0.5859375
203.0 6.203125
204.0 3.375
205.0 3.4375
206.0 3.4765625
207.0 3.4609375
208.0 3.53125
209.0 3.3984375
210.0 3.3828125
211.0 3.4765625
212.0 3.4140625
213.0 3.4609375
214.0 3.3203125
215.0 3.25
216.0 0.0
217.0 6.9453125
218.0 3.671875
219.0 3.4921875
220.0 3.4765625
221.0 3.5
222.0 2.0625
223.0 5.15625
224.0 3.59375
225.0 3.5859375
226.0 3.5859375
227.0 3.578125
228.0 3.40625
229.0 3.328125
230.0 3.515625
231.0 3.4140625
232.0 3.4375
233.0 1.828125
234.0 5.3515625
235.0 3.5546875
236.0 3.578125
237.0 1.8515625
238.0 4.90625
239.0 3.3125
240.0 3.328125
241.0 3.4453125
242.0 3.4609375
243.0 3.5234375
244.0 3.4765625
245.0 3.5234375
246.0 3.375
247.0 3.4453125
248.0 3.234375
249.0 3.4296875
250.0 3.4140625
251.0 0.328125
252.0 6.125
253.0 1.71875
254.0 1.6796875
255.0 3.28125
256.0 3.2265625
257.0 3.34375
258.0 3.578125
259.0 3.6953125
260.0 3.4921875
261.0 0.7265625
262.0 6.265625
263.0 3.4453125
264.0 3.703125
265.0 3.4609375
266.0 3.4765625
267.0 3.40625
268.0 3.4453125
269.0 3.3671875
270.0 1.0625
271.0 5.578125
272.0 3.34375
273.0 3.3125
274.0 3.46875
275.0 3.5546875
276.0 3.3984375
277.0 2.359375
278.0 0.0
279.0 7.8828125
280.0 3.5
281.0 3.5625
282.0 3.46875
283.0 3.4765625
284.0 3.59375
285.0 3.546875
286.0 3.3671875
287.0 3.4765625
288.0 3.4609375
289.0 3.34375
290.0 1.4609375
291.0 5.34375
292.0 3.4296875
293.0 3.3984375
294.0 3.3515625
295.0 3.4453125
296.0 2.0390625
297.0 0.3125
298.0 8.015625
299.0 3.4140625
300.0 3.3984375
301.0 3.375
302.0 3.25
303.0 3.234375
304.0 3.2890625
305.0 3.3671875
306.0 3.21875
307.0 3.2890625
308.0 3.3671875
309.0 0.2734375
310.0 6.390625
311.0 3.46875
312.0 3.3828125
313.0 3.4921875
314.0 3.4375
315.0 2.921875
316.0 0.0
317.0 7.2578125
318.0 3.3984375
319.0 3.4140625
320.0 3.4609375
321.0 3.4140625
322.0 3.5
323.0 3.4765625
324.0 3.3984375
325.0 3.328125
326.0 3.296875
327.0 3.4609375
328.0 3.1484375
329.0 0.0
330.0 6.9765625
331.0 1.2890625
332.0 2.09375
333.0 3.3125
334.0 3.1796875
335.0 3.4296875
336.0 3.4375
337.0 3.5546875
338.0 1.734375
339.0 5.40625
340.0 3.53125
341.0 3.5234375
342.0 3.4921875
343.0 3.3828125
344.0 3.4296875
345.0 3.2890625
346.0 0.5078125
347.0 6.1484375
348.0 3.5
349.0 3.3828125
350.0 3.375
351.0 3.4609375
352.0 3.3515625
353.0 3.34375
354.0 3.4296875
355.0 3.640625
356.0 3.4609375
357.0 3.4296875
358.0 3.5625
359.0 1.4921875
360.0 5.4921875
361.0 3.578125
362.0 3.375
363.0 3.171875
364.0 0.0
365.0 7.25
366.0 3.515625
367.0 3.5
368.0 3.3203125
369.0 3.3984375
370.0 3.5546875
371.0 3.3671875
372.0 3.40625
373.0 1.96875
374.0 5.078125
375.0 1.8671875
376.0 4.8125
377.0 3.25
378.0 3.4921875
379.0 3.3125
380.0 3.3984375
381.0 3.546875
382.0 3.4453125
383.0 3.3203125
384.0 3.46875
385.0 3.59375
386.0 3.5546875
387.0 3.5546875
388.0 3.4375
389.0 0.2890625
390.0 6.6015625
391.0 3.5859375
392.0 3.4140625
393.0 3.4453125
394.0 3.46875
395.0 3.4921875
396.0 3.4921875
397.0 3.4609375
398.0 2.7109375
399.0 0.0
400.0 7.7265625
401.0 3.46875
402.0 3.59375
403.0 3.5
404.0 3.40625
405.0 2.7421875
406.0 3.515625
407.0 3.4296875
408.0 3.34375
409.0 3.4765625
410.0 3.25
411.0 2.234375
412.0 0.0
413.0 7.65625
414.0 3.3828125
415.0 3.2890625
416.0 3.3828125
417.0 3.5234375
418.0 3.5234375
419.0 1.140625
420.0 5.609375
421.0 3.59375
422.0 3.640625
423.0 3.6171875
424.0 3.578125
425.0 3.53125
426.0 3.4140625
427.0 3.4140625
428.0 3.25
429.0 3.171875
430.0 3.21875
431.0 3.4140625
432.0 3.0390625
433.0 0.0
434.0 7.3203125
435.0 3.40625
436.0 3.265625
437.0 3.3984375
438.0 0.2890625
439.0 6.3359375
440.0 3.3984375
441.0 3.4453125
442.0 3.375
443.0 3.3984375
444.0 3.265625
445.0 3.5
446.0 3.4375
447.0 3.5625
448.0 3.5
449.0 3.375
450.0 2.7734375
451.0 0.0
452.0 7.5078125
453.0 3.4765625
454.0 3.4140625
455.0 3.5546875
456.0 3.4375
457.0 0.8671875
458.0 5.9921875
459.0 3.4765625
460.0 3.3984375
461.0 3.40625
462.0 3.4296875
463.0 3.4609375
464.0 3.4765625
465.0 3.4375
466.0 3.515625
467.0 3.53125
468.0 3.265625
469.0 3.2265625
470.0 0.0
471.0 7.1875
472.0 3.3203125
473.0 3.46875
474.0 3.53125
475.0 3.6171875
476.0 0.75
477.0 6.1171875
478.0 3.4296875
479.0 3.5
480.0 3.4453125
481.0 3.5546875
482.0 3.4921875
483.0 3.59375
484.0 3.609375
485.0 3.4453125
486.0 3.265625
487.0 3.4375
488.0 0.703125
489.0 6.484375
490.0 3.546875
491.0 3.5234375
492.0 3.4921875
493.0 3.4921875
494.0 3.53125
495.0 3.5
496.0 3.4296875
497.0 3.3984375
498.0 3.4921875
499.0 3.4921875
500.0 0.3984375
501.0 6.53125
502.0 3.4765625
503.0 3.5234375
504.0 3.3671875
505.0 3.578125
506.0 3.4296875
507.0 2.046875
508.0 0.1640625
509.0 7.90625
510.0 3.3203125
511.0 3.3984375
512.0 3.4140625
513.0 3.4140625
514.0 3.34375
515.0 3.4140625
516.0 3.34375
517.0 3.578125
518.0 3.4140625
519.0 2.890625
520.0 0.0
521.0 7.1953125
522.0 3.4140625
523.0 3.4921875
524.0 3.3984375
525.0 3.375
526.0 3.34375
527.0 1.2578125
528.0 5.515625
529.0 3.2890625
530.0 3.3515625
531.0 3.4765625
532.0 3.40625
533.0 3.40625
534.0 3.4765625
535.0 3.5
536.0 3.515625
537.0 3.5234375
538.0 3.5
539.0 3.4453125
540.0 2.21875
541.0 0.0
542.0 8.078125
543.0 3.3984375
544.0 3.4609375
545.0 3.640625
546.0 3.625
547.0 0.46875
548.0 6.5390625
549.0 3.375
550.0 3.3515625
551.0 3.4140625
552.0 3.5859375
553.0 3.59375
554.0 3.625
555.0 3.5234375
556.0 3.546875
557.0 3.5
558.0 3.4765625
559.0 2.0078125
560.0 5.0703125
561.0 3.546875
562.0 3.3671875
563.0 3.34375
564.0 3.546875
565.0 3.4609375
566.0 0.2734375
567.0 6.6796875
568.0 3.4765625
569.0 3.4140625
570.0 3.5
571.0 3.4296875
572.0 3.3671875
573.0 3.46875
574.0 3.6171875
575.0 3.5859375
576.0 3.515625
577.0 3.6171875
578.0 3.5859375
579.0 0.9453125
580.0 6.0859375
581.0 3.40625
582.0 3.46875
583.0 3.5859375
584.0 1.8359375
585.0 5.2265625
586.0 3.640625
587.0 3.515625
588.0 3.4765625
589.0 3.3828125
590.0 3.671875
591.0 3.5546875
592.0 3.578125
593.0 3.5546875
594.0 3.546875
595.0 3.6171875
596.0 3.5625
597.0 1.953125
598.0 5.15625
599.0 3.265625
