0.0 5.0078125
1.0 5.421875
2.0 4.984375
3.0 5.21875
4.0 5.421875
5.0 5.34375
6.0 5.234375
7.0 5.4921875
8.0 5.15625
9.0 5.5625
10.0 5.109375
11.0 5.1875
12.0 5.2890625
13.0 5.015625
14.0 5.1640625
15.0 5.3828125
16.0 5.203125
17.0 1.5546875
18.0 9.296875
19.0 4.9765625
20.0 5.453125
21.0 5.2890625
22.0 3.375
23.0 7.2265625
24.0 5.203125
25.0 4.9765625
26.0 5.3046875
27.0 5.4296875
28.0 3.203125
29.0 7.4296875
30.0 5.46875
31.0 5.203125
32.0 5.1328125
33.0 5.1953125
34.0 5.0703125
35.0 5.2734375
36.0 5.578125
37.0 5.25
38.0 5.125
39.0 5.21875
40.0 5.234375
41.0 5.0390625
42.0 2.1328125
43.0 8.296875
44.0 5.4609375
45.0 5.046875
46.0 5.3828125
47.0 5.28125
48.0 5.3984375
49.0 5.078125
50.0 5.1875
51.0 5.0546875
52.0 5.28125
53.0 5.421875
54.0 5.3359375
55.0 3.1953125
56.0 7.0703125
57.0 5.25
58.0 5.15625
59.0 5.3671875
60.0 5.3828125
61.0 5.3828125
62.0 5.2734375
63.0 5.46875
64.0 4.953125
65.0 5.109375
66.0 5.203125
67.0 5.3671875
68.0 4.8984375
69.0 2.09375
70.0 8.625
71.0 5.0859375
72.0 5.25
73.0 4.984375
74.0 5.203125
75.0 4.9609375
76.0 5.796875
77.0 4.921875
78.0 4.578125
79.0 4.9453125
80.0 5.1953125
81.0 4.828125
82.0 5.0546875
83.0 5.0078125
84.0 5.109375
85.0 5.203125
86.0 5.109375
87.0 4.7734375
88.0 2.6953125
89.0 7.078125
90.0 5.0078125
91.0 3.40625
92.0 6.59375
93.0 5.15625
94.0 5.1640625
95.0 4.84375
96.0 5.0078125
97.0 5.0859375
98.0 4.953125
99.0 5.34375
100.0 4.890625
101.0 4.6640625
102.0 4.859375
103.0 4.828125
104.0 4.6875
105.0 4.984375
106.0 4.7734375
107.0 4.953125
108.0 4.921875
109.0 4.890625
110.0 5.140625
111.0 4.78125
112.0 2.0
113.0 7.90625
114.0 4.921875
115.0 5.0078125
116.0 4.3046875
117.0 5.375
118.0 4.71875
119.0 4.9453125
120.0 4.90625
121.0 4.9609375
122.0 4.7578125
123.0 5.0078125
124.0 4.6484375
125.0 4.9453125
126.0 5.203125
127.0 5.046875
128.0 4.84375
129.0 5.0703125
130.0 1.671875
131.0 8.09375
132.0 5.1015625
133.0 3.203125
134.0 6.6875
135.0 4.9921875
136.0 4.921875
137.0 5.2265625
138.0 5.015625
139.0 4.9453125
140.0 4.7578125
141.0 5.125
142.0 4.9921875
143.0 5.234375
144.0 5.234375
145.0 5.1953125
146.0 5.109375
147.0 4.0703125
148.0 6.171875
149.0 4.9765625
150.0 5.078125
151.0 5.1328125
152.0 2.90625
153.0 7.4609375
154.0 5.0234375
155.0 5.0546875
156.0 4.75
157.0 5.0546875
158.0 5.0234375
159.0 5.15625
160.0 4.953125
161.0 5.1328125
162.0 5.1015625
163.0 5.1875
164.0 3.578125
165.0 6.171875
166.0 5.234375
167.0 5.0859375
168.0 5.140625
169.0 5.0390625
170.0 3.2890625
171.0 7.2578125
172.0 5.046875
173.0 5.015625
174.0 5.125
175.0 5.0390625
176.0 5.2578125
177.0 5.4921875
178.0 4.8671875
179.0 5.2578125
180.0 5.3984375
181.0 4.9609375
182.0 5.0234375
183.0 1.7109375
184.0 8.6875
185.0 3.5234375
186.0 7.078125
187.0 3.578125
188.0 6.75
189.0 5.140625
190.0 5.40625
191.0 4.9765625
192.0 5.109375
193.0 3.21875
194.0 6.515625
195.0 5.78125
196.0 5.0390625
197.0 5.2265625
198.0 5.28125
199.0 5.2734375
200.0 5.3671875
201.0 5.21875
202.0 5.15625
203.0 5.234375
204.0 5.3515625
205.0 5.046875
206.0 5.3984375
207.0 5.34375
208.0 4.5
209.0 5.640625
210.0 5.234375
211.0 5.2734375
212.0 5.234375
213.0 5.078125
214.0 5.0390625
215.0 2.8515625
216.0 7.65625
217.0 5.34375
218.0 5.546875
219.0 5.0859375
220.0 5.2890625
221.0 5.015625
222.0 5.28125
223.0 5.34375
224.0 5.34375
225.0 5.234375
226.0 5.4921875
227.0 5.0546875
228.0 2.84375
229.0 7.8515625
230.0 5.2734375
231.0 5.484375
232.0 5.0859375
233.0 5.15625
234.0 0.71875
235.0 10.0
236.0 5.375
237.0 5.171875
238.0 5.1328125
239.0 5.34375
240.0 5.15625
241.0 5.1015625
242.0 5.421875
243.0 5.1640625
244.0 5.2578125
245.0 4.9609375
246.0 5.34375
247.0 2.8046875
248.0 7.765625
249.0 5.484375
250.0 5.125
251.0 1.640625
252.0 9.359375
253.0 5.1640625
254.0 5.1015625
255.0 5.6015625
256.0 5.1875
257.0 5.53125
258.0 5.453125
259.0 5.3203125
260.0 5.203125
261.0 5.53125
262.0 5.2734375
263.0 2.640625
264.0 7.6640625
265.0 5.125
266.0 5.2890625
267.0 5.7265625
268.0 5.125
269.0 5.5625
270.0 4.875
271.0 5.046875
272.0 5.25
273.0 5.234375
274.0 5.4375
275.0 5.0234375
276.0 5.2734375
277.0 5.34375
278.0 5.3515625
279.0 5.140625
280.0 5.078125
281.0 1.3828125
282.0 9.21875
283.0 5.0078125
284.0 2.4296875
285.0 7.90625
286.0 5.1328125
287.0 5.3046875
288.0 5.0390625
289.0 5.2890625
290.0 5.0234375
291.0 5.1640625
292.0 5.2265625
293.0 5.40625
294.0 5.125
295.0 5.1953125
296.0 5.078125
297.0 5.3125
298.0 0.1796875
299.0 10.171875
300.0 5.0078125
301.0 5.046875
302.0 5.203125
303.0 5.1875
304.0 1.3515625
305.0 9.09375
306.0 4.953125
307.0 5.21875
308.0 5.0390625
309.0 5.203125
310.0 5.5859375
311.0 4.890625
312.0 5.203125
313.0 5.015625
314.0 5.2578125
315.0 3.546875
316.0 6.78125
317.0 4.5390625
318.0 5.7265625
319.0 4.78125
320.0 5.125
321.0 5.3203125
322.0 4.921875
323.0 5.375
324.0 4.828125
325.0 5.046875
326.0 5.2890625
327.0 4.8984375
328.0 4.9609375
329.0 5.1015625
330.0 5.0390625
331.0 5.2578125
332.0 2.3046875
333.0 6.1171875
334.0 6.8046875
335.0 4.984375
336.0 4.953125
337.0 4.984375
338.0 4.9453125
339.0 5.0078125
340.0 5.046875
341.0 4.859375
342.0 4.90625
343.0 5.0078125
344.0 4.9296875
345.0 4.9453125
346.0 4.875
347.0 3.015625
348.0 6.8828125
349.0 5.3515625
350.0 5.0703125
351.0 3.5
352.0 6.625
353.0 5.0390625
354.0 5.015625
355.0 5.1015625
356.0 5.1015625
357.0 5.1015625
358.0 5.3359375
359.0 5.0078125
360.0 5.0390625
361.0 5.046875
362.0 5.25
363.0 5.0390625
364.0 4.09375
365.0 6.4453125
366.0 5.3671875
367.0 5.0234375
368.0 4.984375
369.0 5.3515625
370.0 5.109375
371.0 5.1015625
372.0 5.203125
373.0 5.1640625
374.0 0.515625
375.0 9.8671875
376.0 4.890625
377.0 5.1875
378.0 5.3515625
379.0 4.9765625
380.0 5.3125
381.0 4.953125
382.0 5.21875
383.0 5.15625
384.0 5.1640625
385.0 5.25
386.0 3.2890625
387.0 6.5625
388.0 5.2734375
389.0 4.828125
390.0 5.1875
391.0 5.171875
392.0 5.234375
393.0 5.3203125
394.0 5.125
395.0 4.3984375
396.0 5.734375
397.0 4.90625
398.0 5.4609375
399.0 4.7734375
400.0 4.9296875
401.0 5.4609375
402.0 4.859375
403.0 4.03125
404.0 6.2734375
405.0 4.8359375
406.0 4.953125
407.0 5.1015625
408.0 4.9609375
409.0 5.171875
410.0 5.234375
411.0 5.0859375
412.0 5.1328125
413.0 5.0078125
414.0 4.9921875
415.0 5.0390625
416.0 5.1328125
417.0 2.421875
418.0 8.046875
419.0 4.7734375
420.0 5.171875
421.0 5.1015625
422.0 2.875
423.0 6.9140625
424.0 5.9296875
425.0 5.0546875
426.0 4.9609375
427.0 5.3359375
428.0 4.9296875
429.0 4.7265625
430.0 2.5078125
431.0 7.8125
432.0 5.5234375
433.0 5.0859375
434.0 5.0078125
435.0 5.234375
436.0 4.921875
437.0 5.0390625
438.0 5.3203125
439.0 5.0078125
440.0 5.125
441.0 5.125
442.0 5.046875
443.0 5.3203125
444.0 5.046875
445.0 5.0859375
446.0 5.3671875
447.0 5.1875
448.0 3.8828125
449.0 6.4765625
450.0 5.171875
451.0 5.3828125
452.0 5.0546875
453.0 0.75
454.0 9.8203125
455.0 4.953125
456.0 4.9921875
457.0 5.453125
458.0 5.140625
459.0 4.9296875
460.0 5.609375
461.0 5.0234375
462.0 5.234375
463.0 5.1953125
464.0 5.125
465.0 5.1640625
466.0 0.484375
467.0 10.21875
468.0 4.9453125
469.0 5.171875
470.0 5.3828125
471.0 3.25
472.0 7.09375
473.0 5.5546875
474.0 5.3125
475.0 5.3671875
476.0 5.1640625
477.0 4.9609375
478.0 5.2890625
479.0 5.2578125
480.0 5.3359375
481.0 5.203125
482.0 5.1015625
483.0 5.3046875
484.0 5.15625
485.0 0.8125
486.0 9.9921875
487.0 5.109375
488.0 5.3984375
489.0 5.2578125
490.0 2.28125
491.0 8.1953125
492.0 5.1015625
493.0 5.140625
494.0 5.109375
495.0 5.0234375
496.0 5.2890625
497.0 5.34375
498.0 5.125
499.0 5.3046875
500.0 5.3671875
501.0 4.921875
502.0 2.90625
503.0 7.734375
504.0 5.2734375
505.0 5.46875
506.0 5.234375
507.0 5.34375
508.0 5.2734375
509.0 4.9921875
510.0 0.3125
511.0 9.84375
512.0 4.9453125
513.0 4.9296875
514.0 5.0546875
515.0 5.140625
516.0 5.0234375
517.0 5.1953125
518.0 5.21875
519.0 4.8671875
520.0 5.140625
521.0 4.9609375
522.0 5.1640625
523.0 0.8046875
524.0 9.5546875
525.0 5.140625
526.0 5.0859375
527.0 3.53125
528.0 6.796875
529.0 5.1640625
530.0 4.953125
531.0 4.9921875
532.0 5.078125
533.0 5.1015625
534.0 4.921875
535.0 5.0859375
536.0 5.109375
537.0 5.1015625
538.0 4.9296875
539.0 4.9453125
540.0 3.9453125
541.0 6.5703125
542.0 5.1015625
543.0 5.34375
544.0 4.6796875
545.0 2.484375
546.0 7.65625
547.0 4.890625
548.0 5.125
549.0 4.90625
550.0 5.25
551.0 5.0234375
552.0 4.8671875
553.0 4.9765625
554.0 5.15625
555.0 5.078125
556.0 5.28125
557.0 4.828125
558.0 5.421875
559.0 5.0078125
560.0 5.3046875
561.0 4.84375
562.0 4.859375
563.0 5.484375
564.0 4.9453125
565.0 4.8984375
566.0 2.9375
567.0 6.8046875
568.0 5.0078125
569.0 4.8125
570.0 4.796875
571.0 4.8984375
572.0 5.0234375
573.0 4.90625
574.0 1.5
575.0 8.5
576.0 4.71875
577.0 5.2265625
578.0 5.0078125
579.0 3.40625
580.0 6.3359375
581.0 4.953125
582.0 4.8671875
583.0 3.546875
584.0 6.4140625
585.0 4.9296875
586.0 4.890625
587.0 4.6875
588.0 5.140625
589.0 4.8671875
590.0 4.8984375
591.0 3.4140625
592.0 6.09375
593.0 5.1015625
594.0 4.796875
595.0 4.84375
596.0 4.9921875
597.0 4.984375
598.0 5.15625
599.0 4.78125
