0.0 5.1953125
1.0 5.1640625
2.0 5.046875
3.0 4.328125
4.0 4.4765625
5.0 4.6953125
6.0 4.9296875
7.0 5.1328125
8.0 6.84375
9.0 4.84375
10.0 5.0078125
11.0 5.6796875
12.0 5.4296875
13.0 2.1796875
14.0 8.9140625
15.0 6.265625
16.0 5.578125
17.0 5.6796875
18.0 6.703125
19.0 6.2265625
20.0 6.296875
21.0 6.1875
22.0 6.65625
23.0 6.09375
24.0 6.7421875
25.0 5.46875
26.0 5.453125
27.0 6.3046875
28.0 6.765625
29.0 6.984375
30.0 6.8046875
31.0 6.953125
32.0 6.5546875
33.0 6.59375
34.0 6.78125
35.0 6.59375
36.0 6.796875
37.0 6.765625
38.0 5.9921875
39.0 6.5
40.0 3.625
41.0 7.125
42.0 5.546875
43.0 5.796875
44.0 5.890625
45.0 5.3984375
46.0 1.0625
47.0 9.71875
48.0 5.109375
49.0 5.53125
50.0 5.3046875
51.0 5.046875
52.0 5.6484375
53.0 4.90625
54.0 4.3671875
55.0 5.3046875
56.0 5.21875
57.0 5.40625
58.0 5.5625
59.0 1.671875
60.0 9.78125
61.0 5.421875
62.0 5.421875
63.0 5.34375
64.0 2.921875
65.0 8.703125
66.0 5.640625
67.0 1.859375
68.0 4.203125
69.0 4.6015625
70.0 6.0078125
71.0 5.125
72.0 3.7265625
73.0 5.5546875
74.0 4.8046875
75.0 0.3125
76.0 9.578125
77.0 6.625
78.0 4.3828125
79.0 5.4609375
80.0 4.6875
81.0 5.21875
82.0 5.171875
83.0 5.6015625
84.0 5.46875
85.0 5.1328125
86.0 4.6953125
87.0 1.859375
88.0 8.65625
89.0 4.53125
90.0 3.890625
91.0 4.7578125
92.0 4.65625
93.0 4.3984375
94.0 0.140625
95.0 8.7890625
96.0 5.203125
97.0 4.609375
98.0 4.2109375
99.0 4.421875
100.0 4.9921875
101.0 5.125
102.0 6.03125
103.0 5.5234375
104.0 5.2734375
105.0 5.640625
106.0 3.9921875
107.0 6.09375
108.0 5.1640625
109.0 5.015625
110.0 4.890625
111.0 5.140625
112.0 4.5390625
113.0 4.8046875
114.0 4.71875
115.0 4.3046875
116.0 4.90625
117.0 4.984375
118.0 4.9921875
119.0 4.5
120.0 4.0859375
121.0 4.84375
122.0 4.9765625
123.0 5.109375
124.0 4.578125
125.0 4.515625
126.0 4.578125
127.0 5.1640625
128.0 5.703125
129.0 6.0234375
130.0 6.2734375
131.0 6.125
132.0 5.6171875
133.0 5.828125
134.0 6.71875
135.0 4.546875
136.0 4.0546875
137.0 5.015625
138.0 6.171875
139.0 5.2890625
140.0 5.34375
141.0 3.796875
142.0 0.0
143.0 8.4453125
144.0 4.8359375
145.0 5.5625
146.0 5.7578125
147.0 5.671875
148.0 5.34375
149.0 5.609375
150.0 1.8046875
151.0 9.75
152.0 5.46875
153.0 5.7265625
154.0 4.359375
155.0 4.6484375
156.0 4.7421875
157.0 4.890625
158.0 5.1953125
159.0 4.875
160.0 5.4609375
161.0 5.5625
162.0 5.4921875
163.0 2.8359375
164.0 7.390625
165.0 5.3125
166.0 5.546875
167.0 5.4375
168.0 2.5234375
169.0 8.6171875
170.0 5.40625
171.0 6.4140625
172.0 5.5859375
173.0 5.828125
174.0 6.0234375
175.0 6.296875
176.0 4.5078125
177.0 4.8046875
178.0 2.75
179.0 1.8671875
180.0 6.140625
181.0 5.2890625
182.0 4.125
183.0 4.2734375
184.0 2.6953125
185.0 1.765625
186.0 0.1328125
187.0 6.8046875
188.0 5.765625
189.0 4.0859375
190.0 2.8984375
191.0 1.4921875
192.0 0.6875
193.0 2.015625
194.0 4.515625
195.0 5.0078125
196.0 4.4140625
197.0 5.140625
198.0 5.84375
199.0 4.875
200.0 3.875
201.0 2.328125
202.0 2.8515625
203.0 3.578125
204.0 3.3984375
205.0 4.2421875
206.0 5.1875
207.0 5.0390625
208.0 1.140625
209.0 8.2734375
210.0 4.1015625
211.0 3.84375
212.0 3.1953125
213.0 7.8359375
214.0 5.40625
215.0 5.2578125
216.0 5.3046875
217.0 5.453125
218.0 5.703125
219.0 4.9609375
220.0 4.90625
221.0 5.1953125
222.0 6.5859375
223.0 3.9140625
224.0 2.15625
225.0 7.5078125
226.0 5.53125
227.0 5.3984375
228.0 5.84375
229.0 5.6328125
230.0 6.109375
231.0 6.0625
232.0 6.4765625
233.0 6.65625
234.0 6.0859375
235.0 5.75
236.0 5.375
237.0 5.421875
238.0 5.6328125
239.0 6.0859375
240.0 5.734375
241.0 5.2890625
242.0 4.921875
243.0 5.9453125
244.0 5.0703125
245.0 6.2109375
246.0 6.65625
247.0 6.5703125
248.0 6.9453125
249.0 6.6328125
250.0 5.3046875
251.0 6.296875
252.0 5.3359375
253.0 4.3359375
254.0 2.9296875
255.0 4.28125
256.0 4.984375
257.0 5.765625
258.0 5.2890625
259.0 5.15625
260.0 5.3515625
261.0 0.1796875
262.0 9.6640625
263.0 5.3984375
264.0 5.6171875
265.0 5.7578125
266.0 5.5859375
267.0 5.46875
268.0 5.125
269.0 4.8046875
270.0 1.6171875
271.0 8.828125
272.0 3.875
273.0 2.9296875
274.0 5.7265625
275.0 6.234375
276.0 6.125
277.0 5.9140625
278.0 6.0078125
279.0 5.8828125
280.0 6.625
281.0 6.5078125
282.0 6.1796875
283.0 5.015625
284.0 7.25
285.0 4.265625
286.0 3.578125
287.0 2.2109375
288.0 7.2109375
289.0 6.5859375
290.0 5.6953125
291.0 5.3515625
292.0 5.7890625
293.0 5.46875
294.0 6.0859375
295.0 5.9296875
296.0 5.640625
297.0 5.9921875
298.0 5.2265625
299.0 5.234375
300.0 5.4296875
301.0 3.40625
302.0 7.40625
303.0 5.375
304.0 5.96875
305.0 6.2578125
306.0 5.6953125
307.0 4.1796875
308.0 7.8984375
309.0 5.75
310.0 5.546875
311.0 5.9765625
312.0 5.7578125
313.0 5.3125
314.0 4.6484375
315.0 4.1484375
316.0 3.671875
317.0 3.609375
318.0 1.0859375
319.0 8.7734375
320.0 5.6015625
321.0 5.765625
322.0 5.671875
323.0 5.453125
324.0 5.4921875
325.0 5.9140625
326.0 5.5234375
327.0 5.3984375
328.0 5.3515625
329.0 2.609375
330.0 8.171875
331.0 5.109375
332.0 5.234375
333.0 4.84375
334.0 5.21875
335.0 5.0546875
336.0 5.671875
337.0 5.7578125
338.0 5.3203125
339.0 5.5
340.0 5.484375
341.0 5.046875
342.0 1.4609375
343.0 9.0703125
344.0 5.0078125
345.0 5.3671875
346.0 5.546875
347.0 1.0625
348.0 9.5703125
349.0 5.3828125
350.0 5.6953125
351.0 5.7578125
352.0 5.859375
353.0 6.0390625
354.0 5.28125
355.0 5.2265625
356.0 5.9375
357.0 5.6484375
358.0 6.0859375
359.0 4.65625
360.0 7.34375
361.0 5.609375
362.0 5.859375
363.0 5.7578125
364.0 5.609375
365.0 6.171875
366.0 6.515625
367.0 6.484375
368.0 0.3984375
369.0 9.59375
370.0 5.515625
371.0 5.28125
372.0 3.0546875
373.0 1.8203125
374.0 2.9296875
375.0 6.6328125
376.0 6.390625
377.0 6.0234375
378.0 5.734375
379.0 6.0
380.0 5.84375
381.0 5.578125
382.0 6.2734375
383.0 6.2421875
384.0 5.6328125
385.0 5.8125
386.0 5.546875
387.0 5.671875
388.0 5.9140625
389.0 5.734375
390.0 5.5234375
391.0 5.4296875
392.0 5.8828125
393.0 5.5234375
394.0 4.828125
395.0 5.546875
396.0 4.3203125
397.0 6.8671875
398.0 5.53125
399.0 5.84375
400.0 5.859375
401.0 2.0703125
402.0 9.8125
403.0 5.78125
404.0 5.9296875
405.0 6.0078125
406.0 5.2734375
407.0 5.3671875
408.0 5.546875
409.0 5.453125
410.0 5.5234375
411.0 5.3359375
412.0 5.4296875
413.0 5.2578125
414.0 2.453125
415.0 7.8828125
416.0 5.765625
417.0 4.7578125
418.0 6.7734375
419.0 4.8671875
420.0 4.9453125
421.0 5.15625
422.0 5.3046875
423.0 5.453125
424.0 5.0859375
425.0 5.53125
426.0 5.15625
427.0 4.8671875
428.0 5.6015625
429.0 5.140625
430.0 5.0234375
431.0 4.4140625
432.0 3.015625
433.0 4.578125
434.0 5.109375
435.0 4.796875
436.0 4.9765625
437.0 4.53125
438.0 4.2734375
439.0 2.25
440.0 6.2890625
441.0 5.1953125
442.0 5.3359375
443.0 5.2578125
444.0 5.1328125
445.0 5.4609375
446.0 5.2890625
447.0 4.8046875
448.0 2.75
449.0 5.75
450.0 4.84375
451.0 4.984375
452.0 5.40625
453.0 4.5078125
454.0 2.8359375
455.0 0.9296875
456.0 7.390625
457.0 3.828125
458.0 4.4296875
459.0 4.75
460.0 2.1796875
461.0 2.484375
462.0 2.1953125
463.0 2.390625
464.0 3.1171875
465.0 3.65625
466.0 4.6015625
467.0 3.203125
468.0 1.5625
469.0 5.9375
470.0 4.3203125
471.0 4.3359375
472.0 4.3359375
473.0 2.3359375
474.0 1.6171875
475.0 0.0
476.0 5.40625
477.0 3.890625
478.0 4.4765625
479.0 4.9296875
480.0 4.4453125
481.0 4.125
482.0 4.78125
483.0 4.609375
484.0 4.0390625
485.0 4.21875
486.0 3.5
487.0 2.4609375
488.0 2.7421875
489.0 3.828125
490.0 3.4765625
491.0 2.7890625
492.0 3.3515625
493.0 4.15625
494.0 2.953125
495.0 1.4140625
496.0 0.0
497.0 7.1953125
498.0 5.859375
499.0 5.6328125
500.0 5.9140625
501.0 5.8828125
502.0 5.4375
503.0 5.015625
504.0 5.0546875
505.0 5.1015625
506.0 4.9609375
507.0 5.7578125
508.0 5.7578125
509.0 5.9453125
510.0 5.78125
511.0 5.140625
512.0 5.515625
513.0 5.21875
514.0 5.3671875
515.0 4.875
516.0 5.234375
517.0 5.140625
518.0 4.546875
519.0 5.078125
520.0 5.3203125
521.0 5.8203125
522.0 5.125
523.0 5.7578125
524.0 5.5625
525.0 5.578125
526.0 5.75
527.0 5.84375
528.0 5.875
529.0 6.171875
530.0 5.40625
531.0 5.9140625
532.0 6.265625
533.0 4.6953125
534.0 1.5546875
535.0 7.8515625
536.0 4.875
537.0 5.1015625
538.0 3.515625
539.0 1.2265625
540.0 8.8046875
541.0 3.015625
542.0 3.2890625
543.0 3.0859375
544.0 3.6171875
545.0 4.984375
546.0 3.8203125
547.0 7.6328125
548.0 5.78125
549.0 5.2734375
550.0 5.859375
551.0 6.1796875
552.0 6.203125
553.0 5.546875
554.0 3.96875
555.0 5.4296875
556.0 5.2734375
557.0 5.2734375
558.0 5.875
559.0 6.6015625
560.0 6.0859375
561.0 6.5703125
562.0 6.1875
563.0 6.1171875
564.0 6.4140625
565.0 5.9765625
566.0 6.0234375
567.0 5.140625
568.0 3.9765625
569.0 4.3515625
570.0 5.15625
571.0 6.40625
572.0 6.0859375
573.0 6.0
574.0 6.0546875
575.0 5.859375
576.0 5.796875
577.0 3.0
578.0 9.0625
579.0 5.8203125
580.0 5.6640625
581.0 5.2734375
582.0 5.1640625
583.0 5.546875
584.0 4.8671875
585.0 3.578125
586.0 0.1875
587.0 7.71875
588.0 4.796875
589.0 5.3359375
590.0 5.140625
591.0 4.984375
592.0 5.3828125
593.0 5.40625
594.0 5.453125
595.0 5.1640625
596.0 5.0234375
597.0 4.90625
598.0 3.34375
599.0 4.0234375
