0.0 3.0546875
1.0 4.90625
2.0 4.8359375
3.0 5.0078125
4.0 4.859375
5.0 4.53125
6.0 5.125
7.0 5.15625
8.0 5.0546875
9.0 4.859375
10.0 0.8046875
11.0 8.8203125
12.0 3.859375
13.0 4.8984375
14.0 4.90625
15.0 1.1171875
16.0 8.703125
17.0 4.2734375
18.0 3.7734375
19.0 3.2578125
20.0 2.71875
21.0 4.6484375
22.0 5.046875
23.0 4.890625
24.0 4.8671875
25.0 5.015625
26.0 4.84375
27.0 4.6640625
28.0 1.1328125
29.0 8.4375
30.0 3.9453125
31.0 2.6875
32.0 6.625
33.0 4.8984375
34.0 4.8046875
35.0 4.8046875
36.0 2.75
37.0 7.65625
38.0 5.1328125
39.0 4.828125
40.0 4.7265625
41.0 3.578125
42.0 2.7890625
43.0 4.578125
44.0 4.828125
45.0 5.1640625
46.0 4.0390625
47.0 3.28125
48.0 3.1171875
49.0 4.0859375
50.0 1.4609375
51.0 7.15625
52.0 4.5625
53.0 3.2265625
54.0 1.078125
55.0 4.90625
56.0 2.390625
57.0 3.765625
58.0 3.375
59.0 4.625
60.0 4.2734375
61.0 4.484375
62.0 1.5703125
63.0 7.421875
64.0 3.921875
65.0 2.6640625
66.0 3.8046875
67.0 4.796875
68.0 4.984375
69.0 4.9765625
70.0 2.5234375
71.0 0.46875
72.0 7.6171875
73.0 4.8125
74.0 3.7734375
75.0 2.2734375
76.0 3.9140625
77.0 4.7265625
78.0 4.875
79.0 4.59375
80.0 4.546875
81.0 4.6875
82.0 4.359375
83.0 4.4453125
84.0 0.453125
85.0 8.5078125
86.0 3.890625
87.0 2.5625
88.0 0.0703125
89.0 7.25
90.0 4.515625
91.0 3.1796875
92.0 3.84375
93.0 4.7578125
94.0 4.1796875
95.0 2.953125
96.0 3.53125
97.0 3.9765625
98.0 4.4765625
99.0 4.03125
100.0 2.546875
101.0 0.3359375
102.0 7.1640625
103.0 4.5
104.0 4.1875
105.0 4.0
106.0 4.2734375
107.0 3.140625
108.0 1.28125
109.0 5.1875
110.0 4.3046875
111.0 4.7421875
112.0 4.3828125
113.0 4.4453125
114.0 4.2421875
115.0 4.2109375
116.0 4.5390625
117.0 4.1015625
118.0 2.7890625
119.0 3.25
120.0 4.6796875
121.0 4.5625
122.0 0.0
123.0 8.671875
124.0 2.8046875
125.0 2.2734375
126.0 0.9453125
127.0 6.5
128.0 4.9453125
129.0 4.8125
130.0 4.84375
131.0 4.59375
132.0 4.953125
133.0 4.9296875
134.0 4.859375
135.0 4.8671875
136.0 5.1875
137.0 5.078125
138.0 2.21875
139.0 5.0546875
140.0 3.265625
141.0 4.875
142.0 4.8359375
143.0 3.5
144.0 3.5
145.0 4.0625
146.0 0.0703125
147.0 7.90625
148.0 2.6328125
149.0 4.0625
150.0 4.3046875
151.0 2.5234375
152.0 3.234375
153.0 4.59375
154.0 4.9765625
155.0 4.84375
156.0 3.1953125
157.0 2.6015625
158.0 1.765625
159.0 4.8359375
160.0 4.03125
161.0 2.6953125
162.0 3.5859375
163.0 4.65625
164.0 4.7421875
165.0 4.7578125
166.0 4.828125
167.0 4.65625
168.0 4.2734375
169.0 4.4296875
170.0 4.3984375
171.0 1.6796875
172.0 7.5390625
173.0 3.953125
174.0 1.6484375
175.0 6.3046875
176.0 4.4765625
177.0 3.7109375
178.0 1.328125
179.0 4.890625
180.0 2.328125
181.0 6.84375
182.0 4.59375
183.0 3.8515625
184.0 3.4765625
185.0 4.578125
186.0 4.921875
187.0 5.109375
188.0 4.859375
189.0 4.5703125
190.0 2.2734375
191.0 2.6953125
192.0 2.921875
193.0 4.2109375
194.0 2.5625
195.0 6.484375
196.0 3.328125
197.0 2.4765625
198.0 2.4453125
199.0 2.65625
200.0 0.0
201.0 6.9765625
202.0 2.453125
203.0 2.4765625
204.0 3.375
205.0 2.9375
206.0 2.9296875
207.0 3.40625
208.0 3.3828125
209.0 3.4921875
210.0 3.6171875
211.0 2.84375
212.0 4.7265625
213.0 2.65625
214.0 2.25
215.0 2.4296875
216.0 4.3828125
217.0 4.71875
218.0 4.84375
219.0 4.71875
220.0 4.875
221.0 5.0859375
222.0 4.6796875
223.0 4.5703125
224.0 4.7109375
225.0 2.34375
226.0 7.4296875
227.0 5.046875
228.0 5.1015625
229.0 3.015625
230.0 3.265625
231.0 4.7265625
232.0 3.3515625
233.0 3.7109375
234.0 4.3828125
235.0 4.609375
236.0 4.5703125
237.0 3.609375
238.0 3.7109375
239.0 4.4296875
240.0 1.2421875
241.0 7.5078125
242.0 3.1171875
243.0 4.515625
244.0 4.921875
245.0 4.609375
246.0 2.546875
247.0 0.8828125
248.0 6.2265625
249.0 3.9921875
250.0 3.1484375
251.0 3.9921875
252.0 4.6796875
253.0 3.1171875
254.0 4.0078125
255.0 4.875
256.0 4.5
257.0 4.21875
258.0 3.140625
259.0 4.953125
260.0 4.8359375
261.0 0.8203125
262.0 7.8359375
263.0 2.3671875
264.0 2.75
265.0 4.7578125
266.0 4.484375
267.0 3.3203125
268.0 2.296875
269.0 3.84375
270.0 4.625
271.0 3.2578125
272.0 3.3828125
273.0 4.71875
274.0 4.6640625
275.0 4.4453125
276.0 4.453125
277.0 4.6796875
278.0 3.6171875
279.0 0.0
280.0 6.03125
281.0 1.6171875
282.0 3.1328125
283.0 3.1328125
284.0 3.078125
285.0 3.953125
286.0 3.1953125
287.0 2.4921875
288.0 0.1640625
289.0 7.40625
290.0 3.0390625
291.0 3.3203125
292.0 4.578125
293.0 2.9375
294.0 2.0
295.0 0.0
296.0 8.0625
297.0 2.546875
298.0 2.8359375
299.0 4.4140625
300.0 4.2109375
301.0 2.609375
302.0 2.8359375
303.0 4.609375
304.0 3.5234375
305.0 2.875
306.0 4.0390625
307.0 2.96875
308.0 4.9296875
309.0 3.015625
310.0 4.21875
311.0 4.1015625
312.0 2.78125
313.0 0.4609375
314.0 8.265625
315.0 3.796875
316.0 2.609375
317.0 4.1484375
318.0 4.6328125
319.0 3.171875
320.0 2.671875
321.0 3.3828125
322.0 4.8046875
323.0 4.78125
324.0 4.2421875
325.0 5.375
326.0 4.6640625
327.0 4.90625
328.0 4.6953125
329.0 4.515625
330.0 4.6015625
331.0 4.6484375
332.0 4.7265625
333.0 4.6953125
334.0 2.328125
335.0 7.1015625
336.0 4.796875
337.0 4.5625
338.0 4.6640625
339.0 4.6796875
340.0 4.8671875
341.0 4.578125
342.0 4.6875
343.0 4.9296875
344.0 4.6953125
345.0 4.46875
346.0 4.6796875
347.0 0.875
348.0 8.625
349.0 4.953125
350.0 4.3203125
351.0 4.6328125
352.0 4.953125
353.0 4.4140625
354.0 2.21875
355.0 7.03125
356.0 4.65625
357.0 4.6640625
358.0 4.6015625
359.0 4.6015625
360.0 1.375
361.0 7.984375
362.0 4.4140625
363.0 4.421875
364.0 4.28125
365.0 4.390625
366.0 4.421875
367.0 4.53125
368.0 4.5390625
369.0 4.5625
370.0 4.4453125
371.0 4.46875
372.0 4.5703125
373.0 4.4296875
374.0 0.0
375.0 9.078125
376.0 4.421875
377.0 4.625
378.0 4.0
379.0 0.8671875
380.0 0.0
381.0 7.40625
382.0 4.515625
383.0 4.6015625
384.0 4.171875
385.0 4.3515625
386.0 4.453125
387.0 2.34375
388.0 3.2578125
389.0 4.46875
390.0 4.546875
391.0 4.5
392.0 4.5390625
393.0 3.078125
394.0 6.5
395.0 2.0859375
396.0 7.6328125
397.0 4.796875
398.0 4.84375
399.0 4.90625
400.0 4.625
401.0 4.8671875
402.0 4.9921875
403.0 4.75
404.0 4.9296875
405.0 4.9765625
406.0 4.90625
407.0 4.8125
408.0 4.71875
409.0 0.9609375
410.0 5.25
411.0 4.859375
412.0 5.0234375
413.0 4.8984375
414.0 5.0859375
415.0 5.109375
416.0 1.3828125
417.0 7.4921875
418.0 2.9609375
419.0 4.171875
420.0 4.9296875
421.0 4.8125
422.0 5.3203125
423.0 5.171875
424.0 5.078125
425.0 4.6328125
426.0 4.0546875
427.0 4.7109375
428.0 2.2734375
429.0 5.828125
430.0 2.15625
431.0 3.828125
432.0 5.0078125
433.0 4.8125
434.0 4.828125
435.0 4.7578125
436.0 4.8046875
437.0 4.8046875
438.0 0.9140625
439.0 6.234375
440.0 4.8125
441.0 4.953125
442.0 2.7109375
443.0 6.7421875
444.0 2.6328125
445.0 4.09375
446.0 4.546875
447.0 4.71875
448.0 2.4609375
449.0 7.140625
450.0 4.4765625
451.0 2.78125
452.0 3.8515625
453.0 4.84375
454.0 4.8125
455.0 4.84375
456.0 4.78125
457.0 4.3984375
458.0 2.421875
459.0 2.890625
460.0 4.625
461.0 4.46875
462.0 1.9765625
463.0 0.0
464.0 7.2578125
465.0 4.6875
466.0 4.515625
467.0 2.1796875
468.0 0.0
469.0 9.0703125
470.0 2.578125
471.0 6.9296875
472.0 4.4296875
473.0 4.25
474.0 4.1875
475.0 4.3046875
476.0 4.0546875
477.0 4.484375
478.0 3.7734375
479.0 3.328125
480.0 2.4765625
481.0 2.5703125
482.0 1.703125
483.0 1.703125
484.0 0.8671875
485.0 0.0
486.0 5.5625
487.0 1.5703125
488.0 2.1640625
489.0 3.546875
490.0 3.046875
491.0 4.1171875
492.0 2.6953125
493.0 0.0
494.0 6.984375
495.0 4.359375
496.0 4.578125
497.0 3.9140625
498.0 4.359375
499.0 4.234375
500.0 4.46875
501.0 4.515625
502.0 4.0546875
503.0 4.8671875
504.0 3.40625
505.0 2.4296875
506.0 0.2890625
507.0 7.0078125
508.0 2.2421875
509.0 6.6796875
510.0 4.9921875
511.0 3.4375
512.0 3.765625
513.0 3.4609375
514.0 2.4296875
515.0 3.0546875
516.0 4.5
517.0 3.3671875
518.0 1.8828125
519.0 2.8046875
520.0 1.96875
521.0 2.390625
522.0 0.1953125
523.0 6.6171875
524.0 2.9921875
525.0 3.4921875
526.0 3.296875
527.0 3.9453125
528.0 1.4765625
529.0 0.0
530.0 8.0234375
531.0 3.5625
532.0 3.25
533.0 3.609375
534.0 3.1328125
535.0 1.5859375
536.0 2.1640625
537.0 3.3671875
538.0 3.7890625
539.0 3.0546875
540.0 2.90625
541.0 0.328125
542.0 5.609375
543.0 3.3125
544.0 4.46875
545.0 3.1171875
546.0 4.0859375
547.0 4.8359375
548.0 3.765625
549.0 2.546875
550.0 0.8515625
551.0 5.8515625
552.0 2.234375
553.0 3.3125
554.0 4.328125
555.0 2.8203125
556.0 2.6875
557.0 4.7109375
558.0 3.3828125
559.0 3.265625
560.0 3.703125
561.0 3.296875
562.0 3.6953125
563.0 3.40625
564.0 4.7734375
565.0 2.453125
566.0 2.75
567.0 2.8125
568.0 2.7578125
569.0 3.90625
570.0 0.375
571.0 0.0
572.0 8.1484375
573.0 2.4296875
574.0 2.7890625
575.0 2.7890625
576.0 1.5
577.0 0.0
578.0 6.1875
579.0 3.1328125
580.0 3.46875
581.0 2.4765625
582.0 2.6328125
583.0 2.0703125
584.0 3.671875
585.0 3.5625
586.0 4.6484375
587.0 3.5859375
588.0 1.625
589.0 1.9765625
590.0 3.9765625
591.0 2.625
592.0 3.9375
593.0 2.7578125
594.0 4.0234375
595.0 2.5625
596.0 1.953125
597.0 2.625
598.0 2.75
599.0 4.5390625
