0.0 5.828125
1.0 6.109375
2.0 5.90625
3.0 5.2890625
4.0 4.3671875
5.0 5.7578125
6.0 6.3359375
7.0 6.6640625
8.0 6.4453125
9.0 6.4453125
10.0 6.3828125
11.0 6.53125
12.0 6.5
13.0 6.5859375
14.0 6.40625
15.0 6.2734375
16.0 5.84375
17.0 5.8125
18.0 5.9609375
19.0 6.03125
20.0 6.2890625
21.0 6.453125
22.0 6.2265625
23.0 6.265625
24.0 6.0390625
25.0 6.1484375
26.0 6.0859375
27.0 5.8203125
28.0 4.171875
29.0 6.4375
30.0 6.8046875
31.0 5.640625
32.0 5.6328125
33.0 5.375
34.0 6.0859375
35.0 6.390625
36.0 6.296875
37.0 4.265625
38.0 3.609375
39.0 5.1328125
40.0 6.1171875
41.0 5.875
42.0 1.8828125
43.0 9.7265625
44.0 5.9375
45.0 4.15625
46.0 7.8515625
47.0 6.1875
48.0 6.3828125
49.0 6.2890625
50.0 6.140625
51.0 6.15625
52.0 5.8515625
53.0 5.796875
54.0 5.609375
55.0 5.8828125
56.0 5.6953125
57.0 5.578125
58.0 6.7109375
59.0 3.7578125
60.0 4.21875
61.0 6.359375
62.0 6.5625
63.0 6.328125
64.0 6.3359375
65.0 6.2109375
66.0 5.8125
67.0 6.2421875
68.0 6.1171875
69.0 5.6640625
70.0 4.1484375
71.0 3.90625
72.0 4.28125
73.0 0.8984375
74.0 8.859375
75.0 4.3515625
76.0 4.953125
77.0 3.84375
78.0 3.34375
79.0 6.09375
80.0 5.5859375
81.0 3.703125
82.0 7.65625
83.0 5.546875
84.0 4.359375
85.0 4.359375
86.0 4.125
87.0 4.65625
88.0 4.71875
89.0 4.6875
90.0 4.421875
91.0 4.5390625
92.0 4.453125
93.0 6.03125
94.0 5.9453125
95.0 4.0
96.0 7.4609375
97.0 2.7890625
98.0 7.71875
99.0 5.578125
100.0 4.953125
101.0 4.71875
102.0 4.921875
103.0 6.109375
104.0 6.0
105.0 5.734375
106.0 5.9375
107.0 6.2734375
108.0 6.1796875
109.0 6.796875
110.0 6.1796875
111.0 5.734375
112.0 6.296875
113.0 6.0625
114.0 5.8515625
115.0 6.2890625
116.0 5.78125
117.0 6.125
118.0 6.109375
119.0 5.234375
120.0 7.125
121.0 6.0546875
122.0 6.03125
123.0 5.7109375
124.0 5.796875
125.0 5.765625
126.0 5.9375
127.0 5.421875
128.0 5.6015625
129.0 6.03125
130.0 3.7265625
131.0 4.90625
132.0 5.9609375
133.0 5.453125
134.0 2.59375
135.0 4.90625
136.0 5.546875
137.0 5.609375
138.0 4.2109375
139.0 6.6796875
140.0 5.9921875
141.0 6.484375
142.0 3.0390625
143.0 8.5390625
144.0 5.671875
145.0 5.703125
146.0 5.0078125
147.0 5.859375
148.0 6.265625
149.0 6.265625
150.0 6.859375
151.0 6.8828125
152.0 6.265625
153.0 5.4296875
154.0 1.9453125
155.0 5.6640625
156.0 6.3203125
157.0 6.5625
158.0 5.9765625
159.0 6.15625
160.0 6.3359375
161.0 6.6484375
162.0 6.5859375
163.0 6.53125
164.0 3.0703125
165.0 1.53125
166.0 8.4609375
167.0 3.8828125
168.0 2.7578125
169.0 3.9140625
170.0 4.0625
171.0 1.53125
172.0 8.0
173.0 5.3515625
174.0 3.5625
175.0 3.1484375
176.0 3.8203125
177.0 5.640625
178.0 4.1484375
179.0 5.9375
180.0 3.5859375
181.0 9.84375
182.0 6.3359375
183.0 6.4140625
184.0 5.7890625
185.0 5.5546875
186.0 5.9453125
187.0 6.6328125
188.0 6.2890625
189.0 6.5
190.0 6.0546875
191.0 6.4375
192.0 6.6875
193.0 6.203125
194.0 6.4140625
195.0 6.5078125
196.0 6.4453125
197.0 6.53125
198.0 6.140625
199.0 6.453125
200.0 6.6015625
201.0 4.9765625
202.0 4.3359375
203.0 6.6015625
204.0 6.5390625
205.0 3.5859375
206.0 8.625
207.0 6.828125
208.0 6.4765625
209.0 4.0546875
210.0 9.4921875
211.0 6.6328125
212.0 6.46875
213.0 6.265625
214.0 6.5859375
215.0 7.046875
216.0 7.0078125
217.0 6.8046875
218.0 6.8125
219.0 6.40625
220.0 6.78125
221.0 6.3046875
222.0 6.3515625
223.0 6.75
224.0 6.171875
225.0 6.46875
226.0 6.46875
227.0 6.453125
228.0 6.140625
229.0 5.9453125
230.0 2.65625
231.0 9.28125
232.0 5.9765625
233.0 4.90625
234.0 5.078125
235.0 6.109375
236.0 6.6015625
237.0 6.3828125
238.0 6.109375
239.0 6.3359375
240.0 5.9140625
241.0 5.234375
242.0 5.6171875
243.0 6.59375
244.0 6.359375
245.0 4.7265625
246.0 6.59375
247.0 6.53125
248.0 6.3359375
249.0 6.4765625
250.0 6.2890625
251.0 6.4140625
252.0 1.5
253.0 7.9375
254.0 4.71875
255.0 5.4375
256.0 6.265625
257.0 6.5625
258.0 6.4765625
259.0 6.6171875
260.0 6.6796875
261.0 6.4453125
262.0 2.625
263.0 10.203125
264.0 6.09375
265.0 6.46875
266.0 6.1171875
267.0 6.4140625
268.0 6.7109375
269.0 6.4375
270.0 4.9765625
271.0 5.7578125
272.0 6.53125
273.0 6.5859375
274.0 6.203125
275.0 5.578125
276.0 6.4375
277.0 6.359375
278.0 5.3828125
279.0 4.7578125
280.0 6.625
281.0 5.46875
282.0 6.078125
283.0 4.9765625
284.0 5.46875
285.0 5.109375
286.0 5.578125
287.0 5.6640625
288.0 6.46875
289.0 4.171875
290.0 3.3515625
291.0 2.2109375
292.0 6.078125
293.0 4.9921875
294.0 4.65625
295.0 4.984375
296.0 5.109375
297.0 5.0234375
298.0 5.2578125
299.0 6.03125
300.0 5.3828125
301.0 4.3671875
302.0 4.6640625
303.0 0.5703125
304.0 5.9921875
305.0 2.3125
306.0 3.625
307.0 6.3046875
308.0 5.5859375
309.0 5.6171875
310.0 5.640625
311.0 5.6796875
312.0 4.5703125
313.0 7.5546875
314.0 6.2890625
315.0 6.3046875
316.0 6.2421875
317.0 6.78125
318.0 6.7109375
319.0 6.125
320.0 6.2421875
321.0 6.6875
322.0 6.7421875
323.0 7.109375
324.0 7.125
325.0 6.765625
326.0 4.6640625
327.0 8.4140625
328.0 6.40625
329.0 5.9375
330.0 3.0546875
331.0 6.5078125
332.0 2.6953125
333.0 5.7890625
334.0 5.890625
335.0 5.375
336.0 5.234375
337.0 5.7890625
338.0 6.59375
339.0 6.1875
340.0 6.1875
341.0 4.296875
342.0 3.3203125
343.0 3.7890625
344.0 3.5546875
345.0 5.015625
346.0 5.9921875
347.0 6.078125
348.0 5.7890625
349.0 6.5
350.0 5.7265625
351.0 6.4375
352.0 7.09375
353.0 6.78125
354.0 2.328125
355.0 8.03125
356.0 6.09375
357.0 5.90625
358.0 5.484375
359.0 6.0
360.0 6.3359375
361.0 6.4453125
362.0 6.1875
363.0 6.1484375
364.0 5.90625
365.0 6.59375
366.0 6.8359375
367.0 6.796875
368.0 6.53125
369.0 6.75
370.0 6.6875
371.0 2.484375
372.0 10.375
373.0 6.2890625
374.0 6.0234375
375.0 6.109375
376.0 6.171875
377.0 5.8515625
378.0 6.0
379.0 6.8046875
380.0 6.859375
381.0 6.0625
382.0 6.2109375
383.0 6.2421875
384.0 6.0234375
385.0 5.7890625
386.0 3.6171875
387.0 3.8828125
388.0 5.8828125
389.0 4.8671875
390.0 4.2421875
391.0 3.96875
392.0 4.3046875
393.0 4.8671875
394.0 4.65625
395.0 5.5
396.0 4.7421875
397.0 3.1640625
398.0 6.2109375
399.0 4.3046875
400.0 5.8203125
401.0 6.7734375
402.0 6.453125
403.0 5.84375
404.0 7.25
405.0 6.03125
406.0 6.2890625
407.0 5.90625
408.0 4.9453125
409.0 6.2421875
410.0 6.078125
411.0 5.3984375
412.0 5.125
413.0 4.8046875
414.0 6.2890625
415.0 6.2734375
416.0 1.7734375
417.0 11.3515625
418.0 5.4921875
419.0 6.2578125
420.0 6.4765625
421.0 5.3046875
422.0 6.6328125
423.0 6.421875
424.0 6.2265625
425.0 6.59375
426.0 6.328125
427.0 6.78125
428.0 6.7421875
429.0 6.71875
430.0 6.765625
431.0 6.5625
432.0 7.125
433.0 6.765625
434.0 6.859375
435.0 2.3671875
436.0 11.7265625
437.0 6.265625
438.0 4.0078125
439.0 9.1015625
440.0 6.859375
441.0 6.75
442.0 5.578125
443.0 6.328125
444.0 6.2578125
445.0 6.2109375
446.0 5.46875
447.0 5.4609375
448.0 5.9765625
449.0 4.0234375
450.0 6.6328125
451.0 6.765625
452.0 5.3515625
453.0 5.96875
454.0 6.9296875
455.0 7.109375
456.0 7.03125
457.0 6.9140625
458.0 4.9765625
459.0 8.5390625
460.0 6.8125
461.0 6.359375
462.0 5.9453125
463.0 6.8671875
464.0 6.75
465.0 6.390625
466.0 6.921875
467.0 6.5
468.0 6.59375
469.0 6.59375
470.0 6.9765625
471.0 6.953125
472.0 6.4453125
473.0 7.09375
474.0 7.3984375
475.0 6.984375
476.0 7.125
477.0 6.9140625
478.0 6.8828125
479.0 6.75
480.0 6.7109375
481.0 6.0390625
482.0 6.625
483.0 6.6015625
484.0 6.6796875
485.0 6.78125
486.0 6.625
487.0 6.125
488.0 5.5859375
489.0 6.0234375
490.0 6.7109375
491.0 6.8046875
492.0 6.2578125
493.0 2.1640625
494.0 9.703125
495.0 6.2890625
496.0 5.578125
497.0 7.09375
498.0 6.3671875
499.0 6.84375
500.0 6.703125
501.0 6.9765625
502.0 6.6328125
503.0 6.6171875
504.0 6.7109375
505.0 6.484375
506.0 6.7734375
507.0 6.5078125
508.0 6.6171875
509.0 6.6015625
510.0 6.78125
511.0 6.703125
512.0 6.6171875
513.0 6.3515625
514.0 6.140625
515.0 6.46875
516.0 6.53125
517.0 6.6484375
518.0 6.203125
519.0 6.265625
520.0 6.2109375
521.0 6.4453125
522.0 6.234375
523.0 6.8046875
524.0 6.65625
525.0 5.7265625
526.0 7.5546875
527.0 5.8515625
528.0 5.8125
529.0 6.140625
530.0 2.7734375
531.0 9.7265625
532.0 6.140625
533.0 6.0625
534.0 6.2890625
535.0 6.46875
536.0 6.59375
537.0 5.828125
538.0 6.2734375
539.0 6.125
540.0 6.5078125
541.0 6.203125
542.0 6.0234375
543.0 5.96875
544.0 6.2890625
545.0 6.03125
546.0 5.5
547.0 4.546875
548.0 5.9140625
549.0 6.2265625
550.0 6.1484375
551.0 6.5859375
552.0 6.6640625
553.0 6.5625
554.0 6.5390625
555.0 6.421875
556.0 6.53125
557.0 6.390625
558.0 6.515625
559.0 6.6484375
560.0 6.5859375
561.0 6.4765625
562.0 1.1796875
563.0 9.4453125
564.0 6.5703125
565.0 6.0
566.0 6.3203125
567.0 5.421875
568.0 6.4453125
569.0 6.5078125
570.0 5.421875
571.0 5.96875
572.0 5.6796875
573.0 3.671875
574.0 3.1953125
575.0 3.28125
576.0 3.28125
577.0 3.3515625
578.0 1.5234375
579.0 10.1015625
580.0 6.0546875
581.0 2.375
582.0 9.7578125
583.0 6.328125
584.0 6.0
585.0 5.828125
586.0 6.2734375
587.0 6.4453125
588.0 6.0078125
589.0 6.7734375
590.0 7.0703125
591.0 6.453125
592.0 6.8671875
593.0 6.7421875
594.0 5.9921875
595.0 3.1171875
596.0 8.203125
597.0 6.4140625
598.0 6.3515625
599.0 7.1015625
