0.0 6.1484375
1.0 6.0234375
2.0 6.203125
3.0 6.15625
4.0 6.2421875
5.0 6.3046875
6.0 6.2890625
7.0 6.3046875
8.0 6.1484375
9.0 6.2109375
10.0 6.15625
11.0 1.1640625
12.0 11.328125
13.0 6.09375
14.0 6.234375
15.0 3.4296875
16.0 8.8671875
17.0 6.203125
18.0 6.09375
19.0 3.40625
20.0 8.7890625
21.0 6.453125
22.0 6.0546875
23.0 6.1171875
24.0 6.2734375
25.0 6.2109375
26.0 5.875
27.0 6.234375
28.0 6.203125
29.0 6.265625
30.0 6.2109375
31.0 2.0390625
32.0 10.1171875
33.0 5.9609375
34.0 6.0078125
35.0 6.2109375
36.0 6.0859375
37.0 6.15625
38.0 5.859375
39.0 6.125
40.0 6.0234375
41.0 6.140625
42.0 5.9375
43.0 5.9609375
44.0 6.1484375
45.0 4.09375
46.0 7.875
47.0 5.890625
48.0 5.9609375
49.0 5.859375
50.0 6.203125
51.0 5.9609375
52.0 5.796875
53.0 5.8125
54.0 6.0859375
55.0 5.890625
56.0 6.0234375
57.0 6.1484375
58.0 5.9453125
59.0 6.0078125
60.0 5.9296875
61.0 5.9375
62.0 6.2265625
63.0 5.9609375
64.0 2.328125
65.0 10.03125
66.0 6.125
67.0 5.90625
68.0 6.03125
69.0 2.890625
70.0 8.6484375
71.0 6.234375
72.0 6.2734375
73.0 6.125
74.0 6.3046875
75.0 6.15625
76.0 5.9296875
77.0 5.9921875
78.0 6.1796875
79.0 6.09375
80.0 6.203125
81.0 5.96875
82.0 6.1796875
83.0 6.03125
84.0 6.078125
85.0 6.1171875
86.0 6.1796875
87.0 6.3203125
88.0 6.3359375
89.0 6.203125
90.0 6.0078125
91.0 5.9140625
92.0 6.078125
93.0 6.0546875
94.0 4.203125
95.0 7.8515625
96.0 5.4921875
97.0 6.0390625
98.0 5.96875
99.0 5.828125
100.0 6.03125
101.0 1.640625
102.0 10.34375
103.0 5.9765625
104.0 6.265625
105.0 5.84375
106.0 5.9375
107.0 6.234375
108.0 5.8515625
109.0 5.9296875
110.0 6.109375
111.0 5.859375
112.0 6.15625
113.0 5.8203125
114.0 3.5234375
115.0 8.4375
116.0 5.875
117.0 6.2421875
118.0 5.859375
119.0 3.1171875
120.0 9.03125
121.0 3.2890625
122.0 8.921875
123.0 6.09375
124.0 5.90625
125.0 6.234375
126.0 6.1796875
127.0 6.0234375
128.0 6.3046875
129.0 6.3203125
130.0 6.3671875
131.0 6.03125
132.0 6.0
133.0 6.0546875
134.0 5.9765625
135.0 3.4921875
136.0 8.4609375
137.0 5.640625
138.0 5.9453125
139.0 3.4453125
140.0 8.71875
141.0 3.4609375
142.0 8.5859375
143.0 6.234375
144.0 5.9140625
145.0 6.140625
146.0 5.828125
147.0 5.796875
148.0 6.03125
149.0 6.0390625
150.0 5.9921875
151.0 5.9609375
152.0 6.0390625
153.0 5.9296875
154.0 6.2890625
155.0 6.234375
156.0 2.1171875
157.0 10.4609375
158.0 5.9140625
159.0 4.28125
160.0 8.234375
161.0 6.1484375
162.0 5.890625
163.0 6.125
164.0 5.9453125
165.0 6.0859375
166.0 6.0859375
167.0 5.9921875
168.0 5.96875
169.0 5.9765625
170.0 5.7890625
171.0 5.8515625
172.0 5.6328125
173.0 1.3203125
174.0 11.0
175.0 6.03125
176.0 6.09375
177.0 5.78125
178.0 3.3515625
179.0 8.75
180.0 5.84375
181.0 2.1484375
182.0 9.7265625
183.0 6.125
184.0 5.6953125
185.0 5.6953125
186.0 5.96875
187.0 5.671875
188.0 6.2265625
189.0 5.9140625
190.0 5.875
191.0 5.9375
192.0 5.78125
193.0 5.640625
194.0 5.40625
195.0 5.4921875
196.0 5.6171875
197.0 5.671875
198.0 5.734375
199.0 5.53125
200.0 3.046875
201.0 8.703125
202.0 5.9296875
203.0 5.8515625
204.0 6.03125
205.0 6.2265625
206.0 6.109375
207.0 5.8828125
208.0 6.0078125
209.0 5.96875
210.0 5.9296875
211.0 6.0390625
212.0 5.78125
213.0 3.53125
214.0 8.8359375
215.0 6.0859375
216.0 5.890625
217.0 6.09375
218.0 5.875
219.0 5.75
220.0 6.78125
221.0 6.140625
222.0 6.296875
223.0 5.8828125
224.0 5.9375
225.0 5.8515625
226.0 5.9609375
227.0 6.0078125
228.0 5.84375
229.0 6.0546875
230.0 6.1796875
231.0 6.0546875
232.0 1.7421875
233.0 10.234375
234.0 6.1171875
235.0 6.0625
236.0 6.2734375
237.0 3.2890625
238.0 8.8984375
239.0 6.15625
240.0 6.2265625
241.0 6.03125
242.0 5.796875
243.0 5.734375
244.0 6.078125
245.0 6.03125
246.0 6.1484375
247.0 6.0546875
248.0 5.75
249.0 5.78125
250.0 5.890625
251.0 5.4296875
252.0 6.2734375
253.0 3.21875
254.0 8.2421875
255.0 5.8828125
256.0 5.828125
257.0 3.3125
258.0 8.421875
259.0 5.46875
260.0 5.4921875
261.0 5.8203125
262.0 5.6484375
263.0 5.75
264.0 5.6796875
265.0 5.9140625
266.0 5.734375
267.0 5.6484375
268.0 5.703125
269.0 5.5625
270.0 5.9375
271.0 5.578125
272.0 5.6171875
273.0 5.734375
274.0 5.796875
275.0 4.484375
276.0 7.2890625
277.0 6.0
278.0 6.171875
279.0 5.9375
280.0 5.75
281.0 5.9453125
282.0 5.8203125
283.0 2.25
284.0 9.78125
285.0 6.09375
286.0 5.9921875
287.0 5.875
288.0 5.9609375
289.0 5.546875
290.0 5.7890625
291.0 6.078125
292.0 5.9765625
293.0 6.0390625
294.0 5.9375
295.0 5.9375
296.0 3.3125
297.0 8.7734375
298.0 6.1171875
299.0 5.8515625
300.0 6.03125
301.0 4.796875
302.0 7.4375
303.0 6.1171875
304.0 6.1171875
305.0 6.1796875
306.0 6.0546875
307.0 6.0546875
308.0 5.9296875
309.0 5.890625
310.0 6.0390625
311.0 5.828125
312.0 6.0859375
313.0 5.9609375
314.0 1.6796875
315.0 10.65625
316.0 5.6796875
317.0 5.25
318.0 5.28125
319.0 2.75
320.0 8.5625
321.0 5.8828125
322.0 6.078125
323.0 6.0
324.0 5.8515625
325.0 5.96875
326.0 6.0234375
327.0 5.9765625
328.0 6.0625
329.0 5.828125
330.0 5.8125
331.0 5.9375
332.0 4.828125
333.0 6.9453125
334.0 5.8125
335.0 5.6171875
336.0 5.828125
337.0 5.90625
338.0 2.421875
339.0 9.3984375
340.0 5.8203125
341.0 6.1875
342.0 5.9375
343.0 5.75
344.0 5.671875
345.0 5.828125
346.0 5.8828125
347.0 5.578125
348.0 5.6328125
349.0 5.609375
350.0 5.671875
351.0 3.7265625
352.0 7.46875
353.0 5.546875
354.0 5.640625
355.0 5.7265625
356.0 5.765625
357.0 1.640625
358.0 10.046875
359.0 5.7578125
360.0 5.9765625
361.0 5.8125
362.0 5.8203125
363.0 3.3203125
364.0 8.2421875
365.0 5.859375
366.0 5.96875
367.0 2.9921875
368.0 8.7890625
369.0 5.9609375
370.0 5.734375
371.0 5.9921875
372.0 5.8203125
373.0 5.7265625
374.0 6.0078125
375.0 5.90625
376.0 5.9296875
377.0 5.6640625
378.0 6.109375
379.0 5.90625
380.0 5.9453125
381.0 2.7421875
382.0 9.4453125
383.0 3.34375
384.0 8.8359375
385.0 5.84375
386.0 6.2109375
387.0 6.1796875
388.0 6.2265625
389.0 6.03125
390.0 6.203125
391.0 6.1171875
392.0 5.4921875
393.0 6.171875
394.0 6.0546875
395.0 5.9609375
396.0 6.0859375
397.0 3.703125
398.0 8.5390625
399.0 6.1171875
400.0 6.0078125
401.0 3.5
402.0 8.3125
403.0 6.0078125
404.0 5.7578125
405.0 5.7578125
406.0 6.0078125
407.0 5.8828125
408.0 5.75
409.0 5.9609375
410.0 5.9609375
411.0 5.9609375
412.0 5.6796875
413.0 5.6953125
414.0 3.21875
415.0 8.65625
416.0 6.140625
417.0 5.9609375
418.0 4.1015625
419.0 6.3828125
420.0 5.890625
421.0 5.8515625
422.0 6.03125
423.0 5.96875
424.0 5.7890625
425.0 5.7265625
426.0 5.9921875
427.0 5.7578125
428.0 5.8203125
429.0 5.765625
430.0 5.9296875
431.0 2.7421875
432.0 8.171875
433.0 5.7265625
434.0 5.578125
435.0 5.6328125
436.0 5.5
437.0 5.828125
438.0 5.8125
439.0 3.2890625
440.0 8.6484375
441.0 5.6953125
442.0 5.796875
443.0 5.84375
444.0 5.2578125
445.0 5.6484375
446.0 5.7265625
447.0 5.9375
448.0 5.9140625
449.0 5.90625
450.0 6.0078125
451.0 6.203125
452.0 5.2265625
453.0 6.3515625
454.0 5.7890625
455.0 6.140625
456.0 6.09375
457.0 6.0625
458.0 5.9453125
459.0 5.9921875
460.0 3.3203125
461.0 7.6328125
462.0 7.6015625
463.0 5.9375
464.0 5.890625
465.0 6.1171875
466.0 6.0078125
467.0 6.2265625
468.0 6.0390625
469.0 6.078125
470.0 6.0390625
471.0 6.15625
472.0 5.9296875
473.0 5.9140625
474.0 5.703125
475.0 3.171875
476.0 7.21875
477.0 5.9921875
478.0 5.90625
479.0 5.9453125
480.0 6.125
481.0 5.96875
482.0 5.8515625
483.0 3.3984375
484.0 8.3125
485.0 5.7890625
486.0 5.9921875
487.0 5.796875
488.0 5.9921875
489.0 3.375
490.0 8.703125
491.0 6.09375
492.0 5.8203125
493.0 6.171875
494.0 6.0078125
495.0 5.7890625
496.0 5.96875
497.0 5.8515625
498.0 3.734375
499.0 8.3203125
500.0 6.0
501.0 5.875
502.0 6.2265625
503.0 5.84375
504.0 6.03125
505.0 5.890625
506.0 5.6796875
507.0 3.40625
508.0 8.6875
509.0 5.9296875
510.0 5.9921875
511.0 5.890625
512.0 5.7109375
513.0 5.6953125
514.0 5.9140625
515.0 6.1484375
516.0 6.0234375
517.0 4.3359375
518.0 4.1796875
519.0 4.1171875
520.0 5.3671875
521.0 5.7890625
522.0 4.5
523.0 7.796875
524.0 4.4140625
525.0 4.1484375
526.0 4.5078125
527.0 1.9375
528.0 0.0
529.0 5.484375
530.0 5.859375
531.0 5.9140625
532.0 2.7109375
533.0 9.375
534.0 6.15625
535.0 6.0
536.0 5.6796875
537.0 5.9921875
538.0 5.515625
539.0 5.546875
540.0 5.3203125
541.0 5.3984375
542.0 5.6796875
543.0 5.734375
544.0 5.671875
545.0 5.7578125
546.0 5.703125
547.0 0.7578125
548.0 9.1953125
549.0 1.921875
550.0 7.375
551.0 5.78125
552.0 5.828125
553.0 5.6015625
554.0 5.78125
555.0 4.15625
556.0 4.03125
557.0 5.6640625
558.0 5.875
559.0 5.78125
560.0 5.6484375
561.0 4.328125
562.0 1.8828125
563.0 8.9765625
564.0 5.7109375
565.0 5.46875
566.0 5.6953125
567.0 5.75
568.0 5.5859375
569.0 5.7265625
570.0 5.9765625
571.0 5.8203125
572.0 5.8515625
573.0 4.203125
574.0 7.8515625
575.0 6.0625
576.0 6.0390625
577.0 5.9375
578.0 5.9921875
579.0 6.03125
580.0 6.15625
581.0 6.09375
582.0 6.15625
583.0 1.6796875
584.0 10.5546875
585.0 6.125
586.0 6.140625
587.0 6.1484375
588.0 6.0078125
589.0 6.2109375
590.0 6.1171875
591.0 5.9296875
592.0 5.9375
593.0 6.03125
594.0 5.8515625
595.0 6.2578125
596.0 1.4140625
597.0 10.4609375
598.0 5.9453125
599.0 5.9921875
