0.0 5.796875
1.0 5.7890625
2.0 5.7265625
3.0 5.6953125
4.0 5.53125
5.0 5.3515625
6.0 5.109375
7.0 5.2890625
8.0 5.703125
9.0 5.4375
10.0 6.171875
11.0 5.6796875
12.0 5.6796875
13.0 5.796875
14.0 5.9140625
15.0 5.515625
16.0 5.046875
17.0 6.2265625
18.0 5.9375
19.0 5.9296875
20.0 5.8828125
21.0 5.96875
22.0 5.671875
23.0 5.5546875
24.0 5.671875
25.0 5.3828125
26.0 5.1875
27.0 5.1875
28.0 4.9453125
29.0 4.625
30.0 0.078125
31.0 9.546875
32.0 4.875
33.0 5.0546875
34.0 5.0703125
35.0 4.4765625
36.0 6.1875
37.0 5.203125
38.0 5.1953125
39.0 5.3984375
40.0 5.5
41.0 5.3515625
42.0 5.671875
43.0 5.2890625
44.0 5.5625
45.0 5.453125
46.0 5.453125
47.0 5.3828125
48.0 5.453125
49.0 3.25
50.0 7.8671875
51.0 5.234375
52.0 3.140625
53.0 6.9765625
54.0 4.0625
55.0 3.96875
56.0 3.84375
57.0 5.0390625
58.0 3.890625
59.0 3.5625
60.0 4.453125
61.0 3.9453125
62.0 4.578125
63.0 4.8359375
64.0 4.6484375
65.0 1.3125
66.0 8.5078125
67.0 4.6328125
68.0 4.6953125
69.0 4.5
70.0 4.234375
71.0 2.328125
72.0 6.2890625
73.0 5.0390625
74.0 4.6796875
75.0 4.265625
76.0 4.203125
77.0 4.59375
78.0 4.921875
79.0 4.8671875
80.0 2.046875
81.0 7.8828125
82.0 5.1640625
83.0 4.8046875
84.0 4.9765625
85.0 5.1953125
86.0 5.046875
87.0 5.1953125
88.0 4.9921875
89.0 5.0078125
90.0 2.265625
91.0 7.8359375
92.0 5.234375
93.0 4.359375
94.0 2.546875
95.0 3.0390625
96.0 3.703125
97.0 4.3046875
98.0 5.375
99.0 5.21875
100.0 5.5
101.0 5.2890625
102.0 5.375
103.0 4.9296875
104.0 3.8203125
105.0 5.890625
106.0 5.1640625
107.0 5.25
108.0 5.171875
109.0 5.1953125
110.0 5.34375
111.0 5.4609375
112.0 5.125
113.0 1.7890625
114.0 8.2890625
115.0 4.953125
116.0 4.9765625
117.0 4.9296875
118.0 4.8671875
119.0 2.125
120.0 7.984375
121.0 5.2734375
122.0 5.0234375
123.0 5.2578125
124.0 5.0078125
125.0 4.7265625
126.0 5.34375
127.0 5.375
128.0 5.2578125
129.0 4.6796875
130.0 2.9921875
131.0 1.078125
132.0 5.8828125
133.0 3.609375
134.0 2.890625
135.0 3.296875
136.0 5.125
137.0 5.2890625
138.0 4.9765625
139.0 1.9375
140.0 6.3828125
141.0 4.7734375
142.0 4.9765625
143.0 4.5625
144.0 4.828125
145.0 5.171875
146.0 5.1953125
147.0 5.15625
148.0 4.7734375
149.0 3.578125
150.0 4.1875
151.0 5.4375
152.0 5.28125
153.0 5.6484375
154.0 5.28125
155.0 5.2734375
156.0 3.21875
157.0 6.203125
158.0 5.28125
159.0 5.125
160.0 5.0234375
161.0 4.71875
162.0 4.578125
163.0 4.90625
164.0 4.3828125
165.0 4.5703125
166.0 4.90625
167.0 4.875
168.0 5.0859375
169.0 4.9765625
170.0 2.984375
171.0 7.09375
172.0 5.4609375
173.0 5.0390625
174.0 4.828125
175.0 2.21875
176.0 4.9765625
177.0 8.0859375
178.0 5.15625
179.0 5.703125
180.0 5.3125
181.0 5.0859375
182.0 5.609375
183.0 5.5546875
184.0 2.0703125
185.0 7.125
186.0 5.171875
187.0 5.75
188.0 2.6328125
189.0 8.03125
190.0 4.9921875
191.0 3.65625
192.0 3.9921875
193.0 5.0234375
194.0 5.6484375
195.0 4.2109375
196.0 3.4609375
197.0 4.4453125
198.0 5.9296875
199.0 5.8125
200.0 4.65625
201.0 2.5390625
202.0 6.921875
203.0 3.6953125
204.0 4.609375
205.0 4.7734375
206.0 5.1640625
207.0 4.828125
208.0 2.1015625
209.0 8.640625
210.0 5.2890625
211.0 4.8359375
212.0 4.796875
213.0 3.515625
214.0 1.4375
215.0 5.5234375
216.0 5.484375
217.0 5.5625
218.0 5.640625
219.0 5.4921875
220.0 3.5625
221.0 4.9765625
222.0 5.234375
223.0 5.15625
224.0 5.3046875
225.0 5.40625
226.0 5.5
227.0 5.53125
228.0 2.3984375
229.0 9.0390625
230.0 5.4375
231.0 5.890625
232.0 5.7578125
233.0 5.78125
234.0 4.90625
235.0 6.3359375
236.0 5.8125
237.0 5.546875
238.0 4.8046875
239.0 5.3203125
240.0 5.5546875
241.0 5.34375
242.0 4.484375
243.0 4.4296875
244.0 5.015625
245.0 5.578125
246.0 2.5234375
247.0 8.796875
248.0 5.9609375
249.0 5.84375
250.0 5.6640625
251.0 5.84375
252.0 5.8203125
253.0 5.640625
254.0 5.8125
255.0 5.6796875
256.0 5.4609375
257.0 5.421875
258.0 5.3125
259.0 0.5078125
260.0 9.8203125
261.0 5.3828125
262.0 5.5546875
263.0 5.5625
264.0 5.7265625
265.0 5.75
266.0 5.84375
267.0 5.671875
268.0 5.1640625
269.0 6.84375
270.0 5.9609375
271.0 6.03125
272.0 5.859375
273.0 5.171875
274.0 4.578125
275.0 1.0625
276.0 9.546875
277.0 5.828125
278.0 5.828125
279.0 6.203125
280.0 5.640625
281.0 5.796875
282.0 5.6953125
283.0 5.734375
284.0 5.8515625
285.0 5.765625
286.0 5.7265625
287.0 3.6171875
288.0 8.1328125
289.0 5.828125
290.0 6.0859375
291.0 6.1171875
292.0 5.6484375
293.0 5.140625
294.0 0.65625
295.0 10.0
296.0 5.9375
297.0 5.5859375
298.0 5.890625
299.0 5.609375
300.0 5.453125
301.0 5.7890625
302.0 5.6328125
303.0 5.6953125
304.0 5.7109375
305.0 5.0078125
306.0 5.203125
307.0 5.5234375
308.0 4.75
309.0 4.890625
310.0 4.3203125
311.0 5.1015625
312.0 4.7734375
313.0 5.6328125
314.0 2.4296875
315.0 8.4375
316.0 5.7890625
317.0 5.5859375
318.0 5.3125
319.0 5.0859375
320.0 5.0859375
321.0 5.3046875
322.0 5.5234375
323.0 5.46875
324.0 5.125
325.0 5.2890625
326.0 5.2734375
327.0 4.9921875
328.0 0.640625
329.0 8.828125
330.0 4.8046875
331.0 4.8671875
332.0 5.28125
333.0 5.1953125
334.0 5.0078125
335.0 1.1640625
336.0 9.359375
337.0 4.828125
338.0 4.859375
339.0 4.84375
340.0 4.0078125
341.0 4.625
342.0 3.8515625
343.0 4.7109375
344.0 5.0546875
345.0 4.6796875
346.0 4.125
347.0 4.3203125
348.0 0.1640625
349.0 9.671875
350.0 4.6796875
351.0 4.1328125
352.0 3.7734375
353.0 0.546875
354.0 7.8984375
355.0 4.8359375
356.0 4.7265625
357.0 4.71875
358.0 3.578125
359.0 3.375
360.0 0.2890625
361.0 8.3828125
362.0 5.1328125
363.0 5.4375
364.0 5.78125
365.0 5.6640625
366.0 2.609375
367.0 8.5703125
368.0 5.859375
369.0 5.546875
370.0 5.5859375
371.0 5.5234375
372.0 5.4296875
373.0 5.1953125
374.0 5.3359375
375.0 5.3828125
376.0 4.4140625
377.0 2.046875
378.0 1.421875
379.0 1.8671875
380.0 0.046875
381.0 8.59375
382.0 5.28125
383.0 4.5
384.0 4.6640625
385.0 5.0546875
386.0 4.1171875
387.0 4.3515625
388.0 4.984375
389.0 5.1875
390.0 5.515625
391.0 5.3125
392.0 5.21875
393.0 0.5078125
394.0 9.8671875
395.0 5.1875
396.0 5.3984375
397.0 5.4609375
398.0 5.40625
399.0 5.796875
400.0 5.8203125
401.0 5.375
402.0 1.359375
403.0 10.2578125
404.0 5.6171875
405.0 5.53125
406.0 5.4296875
407.0 5.3515625
408.0 5.703125
409.0 5.4296875
410.0 5.2734375
411.0 5.234375
412.0 5.3046875
413.0 6.03125
414.0 5.734375
415.0 2.234375
416.0 9.0703125
417.0 5.671875
418.0 5.4375
419.0 5.453125
420.0 5.4921875
421.0 1.7890625
422.0 9.25
423.0 4.8359375
424.0 5.671875
425.0 5.6328125
426.0 5.7265625
427.0 5.5625
428.0 5.640625
429.0 5.90625
430.0 5.859375
431.0 5.828125
432.0 5.5546875
433.0 5.671875
434.0 0.421875
435.0 7.3359375
436.0 5.375
437.0 5.421875
438.0 5.15625
439.0 5.2734375
440.0 5.28125
441.0 3.9140625
442.0 6.8046875
443.0 5.3203125
444.0 5.2890625
445.0 5.375
446.0 4.0703125
447.0 2.8671875
448.0 2.59375
449.0 3.0859375
450.0 4.8984375
451.0 5.5546875
452.0 5.1875
453.0 3.375
454.0 7.578125
455.0 5.3828125
456.0 2.359375
457.0 5.609375
458.0 2.6328125
459.0 4.921875
460.0 5.3125
461.0 5.5625
462.0 5.6953125
463.0 5.4921875
464.0 5.40625
465.0 5.3203125
466.0 5.609375
467.0 4.7109375
468.0 3.0390625
469.0 5.0078125
470.0 5.3125
471.0 4.7578125
472.0 4.71875
473.0 5.203125
474.0 5.4375
475.0 5.203125
476.0 5.109375
477.0 5.84375
478.0 2.4921875
479.0 8.5234375
480.0 5.6484375
481.0 5.4296875
482.0 5.4296875
483.0 5.5234375
484.0 5.3359375
485.0 5.375
486.0 5.40625
487.0 5.3515625
488.0 5.1953125
489.0 5.2265625
490.0 5.3984375
491.0 4.9296875
492.0 2.7265625
493.0 6.9765625
494.0 5.125
495.0 4.828125
496.0 5.2734375
497.0 5.3671875
498.0 5.703125
499.0 5.375
500.0 5.3359375
501.0 5.6328125
502.0 5.2890625
503.0 5.375
504.0 5.34375
505.0 5.015625
506.0 5.0546875
507.0 5.5546875
508.0 5.40625
509.0 5.1953125
510.0 2.2109375
511.0 9.4609375
512.0 5.7890625
513.0 5.1953125
514.0 5.0234375
515.0 4.8046875
516.0 4.984375
517.0 5.6171875
518.0 5.8203125
519.0 5.8515625
520.0 6.0859375
521.0 5.9375
522.0 5.8203125
523.0 5.6328125
524.0 5.8828125
525.0 6.0234375
526.0 5.84375
527.0 6.15625
528.0 5.9609375
529.0 5.3359375
530.0 1.2890625
531.0 9.453125
532.0 4.4765625
533.0 1.8203125
534.0 9.2265625
535.0 5.7578125
536.0 5.796875
537.0 5.9765625
538.0 5.90625
539.0 5.6171875
540.0 5.84375
541.0 5.2578125
542.0 5.9609375
543.0 5.6953125
544.0 5.640625
545.0 5.765625
546.0 4.75
547.0 7.3125
548.0 5.671875
549.0 6.3046875
550.0 5.9296875
551.0 5.8515625
552.0 5.8203125
553.0 5.734375
554.0 5.828125
555.0 5.75
556.0 6.078125
557.0 6.0
558.0 6.125
559.0 5.7890625
560.0 5.5625
561.0 4.1875
562.0 7.3671875
563.0 5.796875
564.0 5.8515625
565.0 5.6640625
566.0 5.703125
567.0 5.671875
568.0 5.5234375
569.0 5.5625
570.0 5.5546875
571.0 3.4140625
572.0 6.390625
573.0 5.484375
574.0 5.515625
575.0 5.5234375
576.0 2.8125
577.0 8.75
578.0 5.4375
579.0 5.4296875
580.0 5.6484375
581.0 5.6171875
582.0 5.3359375
583.0 5.421875
584.0 5.375
585.0 5.4296875
586.0 5.6484375
587.0 5.3671875
588.0 5.4609375
589.0 5.046875
590.0 1.109375
591.0 9.2734375
592.0 5.2265625
593.0 4.03125
594.0 1.5625
595.0 6.6015625
596.0 3.7890625
597.0 5.3203125
598.0 5.4609375
599.0 5.3046875
