0.0 4.7421875
1.0 3.8046875
2.0 5.125
3.0 5.1328125
4.0 4.875
5.0 5.25
6.0 5.0390625
7.0 4.546875
8.0 5.0234375
9.0 5.3671875
10.0 6.46875
11.0 6.15625
12.0 5.890625
13.0 5.5546875
14.0 5.609375
15.0 1.7109375
16.0 10.828125
17.0 6.296875
18.0 5.78125
19.0 6.3671875
20.0 7.3671875
21.0 7.2890625
22.0 6.7109375
23.0 6.453125
24.0 6.78125
25.0 6.921875
26.0 6.9765625
27.0 7.015625
28.0 5.609375
29.0 5.7109375
30.0 2.78125
31.0 3.3828125
32.0 6.03125
33.0 6.3203125
34.0 0.9921875
35.0 10.984375
36.0 5.3203125
37.0 4.859375
38.0 2.234375
39.0 6.3046875
40.0 3.4609375
41.0 4.0390625
42.0 2.609375
43.0 4.3671875
44.0 4.1015625
45.0 3.6484375
46.0 4.859375
47.0 5.3359375
48.0 6.15625
49.0 5.4375
50.0 3.0859375
51.0 8.4609375
52.0 5.7265625
53.0 4.6640625
54.0 3.4453125
55.0 1.8671875
56.0 0.0
57.0 5.5625
58.0 4.90625
59.0 6.1875
60.0 6.1875
61.0 5.546875
62.0 4.0859375
63.0 3.0546875
64.0 3.1328125
65.0 4.234375
66.0 2.4921875
67.0 2.578125
68.0 3.65625
69.0 4.3671875
70.0 1.890625
71.0 7.84375
72.0 4.8359375
73.0 4.8046875
74.0 5.4296875
75.0 3.109375
76.0 7.0078125
77.0 4.859375
78.0 5.1875
79.0 5.0546875
80.0 5.0546875
81.0 4.921875
82.0 1.2890625
83.0 9.0390625
84.0 5.2734375
85.0 6.0625
86.0 6.5390625
87.0 6.9609375
88.0 5.796875
89.0 4.5078125
90.0 4.2109375
91.0 4.9765625
92.0 5.5625
93.0 5.453125
94.0 5.1640625
95.0 4.9921875
96.0 5.515625
97.0 4.9453125
98.0 4.84375
99.0 7.1875
100.0 7.3671875
101.0 7.015625
102.0 7.2109375
103.0 6.890625
104.0 7.015625
105.0 7.2578125
106.0 6.984375
107.0 6.8984375
108.0 7.1953125
109.0 6.1796875
110.0 3.5
111.0 2.4140625
112.0 3.6484375
113.0 3.7578125
114.0 4.0859375
115.0 5.796875
116.0 0.734375
117.0 5.3125
118.0 2.125
119.0 1.171875
120.0 3.28125
121.0 6.3046875
122.0 5.96875
123.0 4.25
124.0 1.71875
125.0 2.375
126.0 4.2421875
127.0 5.40625
128.0 7.3046875
129.0 5.859375
130.0 3.875
131.0 6.7109375
132.0 5.8828125
133.0 4.984375
134.0 5.109375
135.0 4.6328125
136.0 3.84375
137.0 6.15625
138.0 7.3125
139.0 7.359375
140.0 5.4609375
141.0 5.1328125
142.0 7.078125
143.0 4.2421875
144.0 9.421875
145.0 6.296875
146.0 6.5390625
147.0 1.53125
148.0 9.71875
149.0 5.546875
150.0 5.6328125
151.0 5.421875
152.0 6.3671875
153.0 6.0859375
154.0 5.9453125
155.0 4.6328125
156.0 5.890625
157.0 4.1015625
158.0 4.8046875
159.0 5.4296875
160.0 5.234375
161.0 4.6875
162.0 5.1640625
163.0 5.171875
164.0 7.21875
165.0 6.84375
166.0 7.078125
167.0 6.9609375
168.0 7.21875
169.0 4.15625
170.0 9.984375
171.0 7.09375
172.0 6.7734375
173.0 6.53125
174.0 7.2109375
175.0 7.2421875
176.0 7.421875
177.0 7.453125
178.0 7.0625
179.0 7.421875
180.0 7.3671875
181.0 7.21875
182.0 6.1171875
183.0 6.265625
184.0 7.125
185.0 7.390625
186.0 6.703125
187.0 4.9921875
188.0 4.71875
189.0 3.921875
190.0 0.8046875
191.0 9.421875
192.0 5.6328125
193.0 5.9609375
194.0 6.3359375
195.0 5.9296875
196.0 6.3515625
197.0 6.1484375
198.0 4.0390625
199.0 4.328125
200.0 2.90625
201.0 2.921875
202.0 3.65625
203.0 5.2734375
204.0 5.7890625
205.0 6.828125
206.0 5.46875
207.0 0.328125
208.0 8.421875
209.0 4.71875
210.0 6.390625
211.0 7.3125
212.0 7.09375
213.0 7.3359375
214.0 6.3046875
215.0 5.7890625
216.0 6.6328125
217.0 6.6796875
218.0 6.6015625
219.0 6.2265625
220.0 6.6640625
221.0 7.0390625
222.0 7.140625
223.0 7.3125
224.0 7.453125
225.0 7.4921875
226.0 7.3984375
227.0 7.3984375
228.0 7.140625
229.0 7.21875
230.0 7.046875
231.0 6.203125
232.0 7.6953125
233.0 7.1796875
234.0 7.2265625
235.0 6.8046875
236.0 7.1328125
237.0 7.421875
238.0 7.40625
239.0 6.9609375
240.0 6.65625
241.0 6.71875
242.0 6.921875
243.0 7.1875
244.0 6.9921875
245.0 5.078125
246.0 8.375
247.0 6.328125
248.0 6.953125
249.0 6.6640625
250.0 6.453125
251.0 6.3046875
252.0 6.9296875
253.0 6.5859375
254.0 6.78125
255.0 7.34375
256.0 7.2109375
257.0 7.1015625
258.0 7.0390625
259.0 6.8828125
260.0 7.125
261.0 6.953125
262.0 6.953125
263.0 6.515625
264.0 5.84375
265.0 6.5
266.0 7.359375
267.0 7.2421875
268.0 7.2265625
269.0 7.390625
270.0 7.15625
271.0 6.75
272.0 7.1328125
273.0 6.8671875
274.0 6.65625
275.0 6.9765625
276.0 5.5
277.0 4.28125
278.0 4.46875
279.0 0.5546875
280.0 0.0
281.0 9.1171875
282.0 5.640625
283.0 4.125
284.0 4.2109375
285.0 5.3984375
286.0 6.765625
287.0 5.5625
288.0 5.5234375
289.0 5.234375
290.0 3.703125
291.0 7.703125
292.0 6.8984375
293.0 6.8125
294.0 6.6484375
295.0 7.1796875
296.0 6.8046875
297.0 5.515625
298.0 5.3203125
299.0 6.9765625
300.0 7.2109375
301.0 3.3828125
302.0 10.609375
303.0 7.0703125
304.0 7.0703125
305.0 7.25
306.0 5.671875
307.0 3.8515625
308.0 5.3359375
309.0 5.9921875
310.0 5.9140625
311.0 6.5
312.0 6.296875
313.0 3.25
314.0 5.46875
315.0 6.3515625
316.0 1.53125
317.0 11.609375
318.0 6.3671875
319.0 5.53125
320.0 0.8046875
321.0 7.8671875
322.0 2.90625
323.0 3.21875
324.0 2.8359375
325.0 2.03125
326.0 0.546875
327.0 9.4765625
328.0 6.796875
329.0 4.609375
330.0 6.6015625
331.0 6.2265625
332.0 6.3515625
333.0 6.8671875
334.0 6.265625
335.0 6.109375
336.0 4.953125
337.0 4.6796875
338.0 6.2109375
339.0 5.5625
340.0 5.1875
341.0 5.25
342.0 9.34375
343.0 7.1015625
344.0 7.5390625
345.0 7.4375
346.0 6.859375
347.0 6.921875
348.0 7.0390625
349.0 6.1796875
350.0 4.2421875
351.0 2.3984375
352.0 5.4921875
353.0 6.296875
354.0 5.765625
355.0 5.9921875
356.0 7.078125
357.0 4.6875
358.0 4.328125
359.0 7.1328125
360.0 6.921875
361.0 7.4375
362.0 7.46875
363.0 7.6953125
364.0 7.421875
365.0 7.4375
366.0 7.765625
367.0 6.921875
368.0 7.46875
369.0 7.703125
370.0 7.015625
371.0 7.0390625
372.0 6.8125
373.0 6.7421875
374.0 6.515625
375.0 6.921875
376.0 6.71875
377.0 7.6328125
378.0 7.28125
379.0 7.2265625
380.0 7.140625
381.0 7.0625
382.0 7.140625
383.0 7.5234375
384.0 7.4296875
385.0 7.359375
386.0 7.5390625
387.0 4.3203125
388.0 10.84375
389.0 7.109375
390.0 7.703125
391.0 6.5546875
392.0 8.4765625
393.0 7.4609375
394.0 6.6484375
395.0 6.8046875
396.0 6.890625
397.0 6.6328125
398.0 6.2265625
399.0 6.5390625
400.0 7.046875
401.0 6.984375
402.0 7.2421875
403.0 6.8359375
404.0 6.5546875
405.0 5.0234375
406.0 4.0078125
407.0 6.5546875
408.0 7.390625
409.0 3.6796875
410.0 9.5078125
411.0 6.953125
412.0 6.953125
413.0 6.8046875
414.0 6.734375
415.0 6.515625
416.0 8.015625
417.0 7.4375
418.0 6.796875
419.0 7.1015625
420.0 7.1875
421.0 6.1875
422.0 5.46875
423.0 6.7421875
424.0 7.2578125
425.0 7.2890625
426.0 7.4296875
427.0 7.0703125
428.0 7.3359375
429.0 3.8046875
430.0 11.265625
431.0 7.1796875
432.0 6.8671875
433.0 3.0
434.0 11.4609375
435.0 6.859375
436.0 6.6015625
437.0 7.21875
438.0 7.5546875
439.0 7.796875
440.0 7.8828125
441.0 7.671875
442.0 7.3984375
443.0 7.078125
444.0 7.46875
445.0 7.3125
446.0 6.734375
447.0 7.0703125
448.0 7.984375
449.0 7.75
450.0 7.640625
451.0 6.984375
452.0 7.0703125
453.0 7.6015625
454.0 7.5546875
455.0 6.9296875
456.0 6.46875
457.0 6.7109375
458.0 3.2265625
459.0 9.8515625
460.0 6.6796875
461.0 6.734375
462.0 4.53125
463.0 2.390625
464.0 1.5625
465.0 4.4140625
466.0 5.9453125
467.0 3.4296875
468.0 3.328125
469.0 5.5234375
470.0 6.46875
471.0 6.5
472.0 1.7109375
473.0 11.3671875
474.0 6.421875
475.0 6.65625
476.0 7.1875
477.0 7.3984375
478.0 5.703125
479.0 5.375
480.0 5.4921875
481.0 5.125
482.0 5.375
483.0 7.5390625
484.0 7.046875
485.0 5.1015625
486.0 5.125
487.0 5.5625
488.0 6.0859375
489.0 6.2578125
490.0 6.6015625
491.0 6.6484375
492.0 6.171875
493.0 6.0546875
494.0 6.84375
495.0 6.0546875
496.0 4.4140625
497.0 3.3125
498.0 3.3984375
499.0 2.875
500.0 3.859375
501.0 5.3515625
502.0 4.890625
503.0 4.125
504.0 3.0
505.0 4.578125
506.0 4.3671875
507.0 0.65625
508.0 7.796875
509.0 3.625
510.0 1.2265625
511.0 7.390625
512.0 5.015625
513.0 5.3046875
514.0 4.7265625
515.0 4.78125
516.0 4.890625
517.0 6.6640625
518.0 7.3671875
519.0 7.5546875
520.0 7.6328125
521.0 6.828125
522.0 7.1640625
523.0 7.3203125
524.0 7.390625
525.0 7.46875
526.0 3.7421875
527.0 10.9765625
528.0 6.5625
529.0 5.9921875
530.0 6.3359375
531.0 6.40625
532.0 6.75
533.0 7.3203125
534.0 7.0390625
535.0 6.390625
536.0 4.65625
537.0 7.09375
538.0 3.9140625
539.0 2.484375
540.0 2.7421875
541.0 3.3515625
542.0 3.234375
543.0 3.6171875
544.0 4.0859375
545.0 3.8203125
546.0 3.9140625
547.0 3.2265625
548.0 3.28125
549.0 2.0703125
550.0 1.671875
551.0 5.3046875
552.0 4.6484375
553.0 3.3671875
554.0 3.515625
555.0 4.7578125
556.0 5.1640625
557.0 4.9921875
558.0 4.4453125
559.0 1.4375
560.0 0.0
561.0 0.078125
562.0 4.796875
563.0 5.796875
564.0 3.546875
565.0 3.28125
566.0 4.59375
567.0 5.2890625
568.0 3.96875
569.0 1.5390625
570.0 1.5390625
571.0 5.7109375
572.0 3.046875
573.0 3.53125
574.0 2.6640625
575.0 3.6953125
576.0 4.578125
577.0 3.6171875
578.0 2.84375
579.0 2.2734375
580.0 4.2734375
581.0 4.9296875
582.0 3.65625
583.0 6.515625
584.0 5.84375
585.0 5.0078125
586.0 5.15625
587.0 4.578125
588.0 5.4921875
589.0 5.2890625
590.0 5.40625
591.0 5.7578125
592.0 6.453125
593.0 6.5625
594.0 4.875
595.0 4.125
596.0 1.09375
597.0 9.375
598.0 6.3671875
599.0 4.0234375
