0.0 5.46875
1.0 5.734375
2.0 5.3828125
3.0 3.5234375
4.0 6.921875
5.0 5.5546875
6.0 5.5
7.0 5.3359375
8.0 5.734375
9.0 5.78125
10.0 4.3359375
11.0 6.3359375
12.0 5.84375
13.0 6.0
14.0 5.734375
15.0 5.21875
16.0 5.34375
17.0 5.46875
18.0 5.6640625
19.0 5.3828125
20.0 5.5625
21.0 5.546875
22.0 5.671875
23.0 5.515625
24.0 0.96875
25.0 9.7734375
26.0 5.4609375
27.0 5.234375
28.0 4.1328125
29.0 5.9140625
30.0 5.8125
31.0 4.796875
32.0 5.15625
33.0 5.578125
34.0 5.4609375
35.0 5.546875
36.0 5.46875
37.0 5.5625
38.0 5.1640625
39.0 5.46875
40.0 5.1015625
41.0 5.84375
42.0 5.578125
43.0 5.765625
44.0 5.6171875
45.0 5.7109375
46.0 5.421875
47.0 5.5234375
48.0 5.515625
49.0 5.578125
50.0 5.578125
51.0 5.4921875
52.0 5.3125
53.0 5.609375
54.0 5.6015625
55.0 5.5
56.0 5.7109375
57.0 5.5234375
58.0 5.34375
59.0 5.6328125
60.0 5.703125
61.0 5.890625
62.0 5.75
63.0 5.84375
64.0 6.0078125
65.0 5.8515625
66.0 5.765625
67.0 5.75
68.0 5.640625
69.0 0.984375
70.0 10.328125
71.0 5.7265625
72.0 5.796875
73.0 5.7578125
74.0 5.6640625
75.0 5.796875
76.0 5.7265625
77.0 5.6796875
78.0 5.84375
79.0 5.75
80.0 5.7109375
81.0 5.6796875
82.0 5.8203125
83.0 5.609375
84.0 5.7265625
85.0 5.75
86.0 5.53125
87.0 5.5546875
88.0 4.203125
89.0 7.2109375
90.0 5.5859375
91.0 5.609375
92.0 5.6640625
93.0 5.78125
94.0 5.703125
95.0 2.453125
96.0 8.953125
97.0 5.78125
98.0 5.78125
99.0 5.7890625
100.0 5.6953125
101.0 5.6328125
102.0 5.6171875
103.0 5.6015625
104.0 5.546875
105.0 5.640625
106.0 5.734375
107.0 5.6953125
108.0 5.5625
109.0 5.6015625
110.0 5.671875
111.0 5.46875
112.0 4.8359375
113.0 6.5625
114.0 5.7890625
115.0 5.671875
116.0 5.453125
117.0 5.421875
118.0 5.5546875
119.0 5.75
120.0 5.6328125
121.0 5.6328125
122.0 5.515625
123.0 5.546875
124.0 5.671875
125.0 5.4921875
126.0 0.703125
127.0 10.40625
128.0 5.484375
129.0 5.515625
130.0 2.0
131.0 9.375
132.0 5.6484375
133.0 5.6328125
134.0 5.5546875
135.0 5.671875
136.0 5.828125
137.0 5.84375
138.0 5.8828125
139.0 5.5546875
140.0 5.8515625
141.0 5.90625
142.0 5.7109375
143.0 5.125
144.0 2.875
145.0 8.65625
146.0 5.7109375
147.0 5.5625
148.0 3.1328125
149.0 7.7890625
150.0 5.546875
151.0 5.6328125
152.0 5.6640625
153.0 5.6171875
154.0 5.6171875
155.0 5.5546875
156.0 5.7109375
157.0 5.7109375
158.0 5.640625
159.0 5.5546875
160.0 5.5859375
161.0 5.46875
162.0 5.6640625
163.0 5.6953125
164.0 5.6484375
165.0 5.6484375
166.0 5.609375
167.0 5.6171875
168.0 5.75
169.0 5.6796875
170.0 5.7890625
171.0 5.6484375
172.0 5.6171875
173.0 5.6640625
174.0 5.5859375
175.0 5.4609375
176.0 3.1796875
177.0 8.1171875
178.0 5.5859375
179.0 5.6640625
180.0 5.6171875
181.0 5.640625
182.0 5.4375
183.0 2.7890625
184.0 8.2578125
185.0 5.5234375
186.0 5.671875
187.0 5.6328125
188.0 5.3515625
189.0 5.5625
190.0 5.78125
191.0 5.4609375
192.0 5.5859375
193.0 5.4921875
194.0 5.4296875
195.0 5.34375
196.0 5.5625
197.0 5.3203125
198.0 5.3828125
199.0 5.46875
200.0 5.484375
201.0 5.3203125
202.0 5.4921875
203.0 5.6015625
204.0 5.40625
205.0 2.609375
206.0 8.265625
207.0 5.4375
208.0 5.421875
209.0 5.3671875
210.0 2.5390625
211.0 8.2734375
212.0 5.4296875
213.0 5.53125
214.0 5.2890625
215.0 5.3828125
216.0 5.421875
217.0 1.5390625
218.0 9.4140625
219.0 5.4375
220.0 5.40625
221.0 5.5234375
222.0 5.3828125
223.0 5.5625
224.0 5.421875
225.0 5.3125
226.0 5.34375
227.0 5.3515625
228.0 5.5546875
229.0 5.453125
230.0 5.015625
231.0 5.8125
232.0 5.546875
233.0 5.3828125
234.0 5.3671875
235.0 5.1328125
236.0 5.671875
237.0 5.515625
238.0 5.515625
239.0 5.578125
240.0 5.3125
241.0 5.4375
242.0 5.53125
243.0 5.609375
244.0 5.78125
245.0 5.53125
246.0 5.6953125
247.0 5.6328125
248.0 5.7265625
249.0 5.4609375
250.0 5.5234375
251.0 5.7265625
252.0 5.7890625
253.0 5.671875
254.0 5.671875
255.0 5.6796875
256.0 5.78125
257.0 5.7109375
258.0 5.6953125
259.0 5.8203125
260.0 5.6640625
261.0 5.96875
262.0 5.6796875
263.0 5.84375
264.0 5.84375
265.0 5.7578125
266.0 5.6171875
267.0 5.75
268.0 2.21875
269.0 8.8515625
270.0 5.9921875
271.0 5.7578125
272.0 5.4296875
273.0 6.1171875
274.0 5.578125
275.0 5.75
276.0 5.875
277.0 5.7109375
278.0 5.703125
279.0 5.7265625
280.0 5.5546875
281.0 5.9296875
282.0 5.78125
283.0 5.6640625
284.0 5.8515625
285.0 2.890625
286.0 8.375
287.0 5.9609375
288.0 5.828125
289.0 5.796875
290.0 2.4765625
291.0 8.890625
292.0 5.828125
293.0 5.8125
294.0 5.78125
295.0 5.75
296.0 5.9765625
297.0 5.90625
298.0 6.0
299.0 5.9140625
300.0 5.78125
301.0 5.6328125
302.0 6.03125
303.0 5.796875
304.0 5.796875
305.0 6.0546875
306.0 5.78125
307.0 5.8515625
308.0 5.6328125
309.0 5.9375
310.0 6.0859375
311.0 5.7109375
312.0 5.8828125
313.0 5.6328125
314.0 5.8515625
315.0 5.875
316.0 5.703125
317.0 5.9296875
318.0 5.84375
319.0 5.9609375
320.0 5.765625
321.0 5.9453125
322.0 5.609375
323.0 6.0078125
324.0 5.890625
325.0 5.875
326.0 5.859375
327.0 5.8125
328.0 5.6328125
329.0 5.6484375
330.0 5.7109375
331.0 5.53125
332.0 6.09375
333.0 5.859375
334.0 5.75
335.0 5.875
336.0 5.75
337.0 5.796875
338.0 5.671875
339.0 5.78125
340.0 5.78125
341.0 5.6953125
342.0 5.6796875
343.0 5.6484375
344.0 3.296875
345.0 8.1953125
346.0 5.734375
347.0 5.75
348.0 5.78125
349.0 5.7265625
350.0 4.0859375
351.0 7.4375
352.0 5.6328125
353.0 5.7109375
354.0 5.7890625
355.0 5.734375
356.0 5.796875
357.0 5.78125
358.0 5.6328125
359.0 5.7265625
360.0 5.84375
361.0 5.765625
362.0 5.6953125
363.0 2.8359375
364.0 8.6015625
365.0 5.6796875
366.0 5.6640625
367.0 5.5625
368.0 3.2890625
369.0 7.9921875
370.0 5.703125
371.0 5.6953125
372.0 5.5546875
373.0 5.6171875
374.0 5.6796875
375.0 5.734375
376.0 5.7109375
377.0 5.6328125
378.0 5.84375
379.0 5.6796875
380.0 5.703125
381.0 5.6015625
382.0 5.3515625
383.0 5.546875
384.0 5.40625
385.0 2.1328125
386.0 9.1484375
387.0 5.484375
388.0 1.9375
389.0 8.921875
390.0 5.5546875
391.0 5.453125
392.0 5.5546875
393.0 5.3515625
394.0 5.671875
395.0 5.46875
396.0 5.4296875
397.0 5.46875
398.0 5.421875
399.0 5.421875
400.0 5.5
401.0 0.9375
402.0 9.96875
403.0 5.53125
404.0 5.28125
405.0 5.5234375
406.0 5.3203125
407.0 1.71875
408.0 8.828125
409.0 5.546875
410.0 5.6640625
411.0 5.53125
412.0 5.765625
413.0 5.609375
414.0 5.6171875
415.0 5.703125
416.0 5.5234375
417.0 5.6328125
418.0 5.6796875
419.0 4.78125
420.0 6.390625
421.0 5.546875
422.0 5.6484375
423.0 5.46875
424.0 5.5625
425.0 5.5625
426.0 5.4921875
427.0 5.5
428.0 5.6484375
429.0 5.546875
430.0 5.546875
431.0 5.6953125
432.0 5.53125
433.0 5.640625
434.0 5.515625
435.0 1.140625
436.0 9.953125
437.0 5.734375
438.0 5.515625
439.0 5.5859375
440.0 0.6015625
441.0 10.3125
442.0 5.5625
443.0 5.46875
444.0 5.4921875
445.0 5.515625
446.0 5.4296875
447.0 5.4375
448.0 5.4296875
449.0 5.6171875
450.0 5.4921875
451.0 5.5625
452.0 5.125
453.0 5.765625
454.0 5.4609375
455.0 5.5
456.0 5.40625
457.0 1.4765625
458.0 9.4296875
459.0 5.3046875
460.0 5.3984375
461.0 5.3515625
462.0 5.4296875
463.0 5.3984375
464.0 5.4375
465.0 5.4375
466.0 5.671875
467.0 5.4921875
468.0 5.7265625
469.0 4.7109375
470.0 6.6796875
471.0 5.8125
472.0 5.6015625
473.0 5.796875
474.0 5.6015625
475.0 2.3984375
476.0 9.3046875
477.0 5.9140625
478.0 5.671875
479.0 5.640625
480.0 5.890625
481.0 6.0
482.0 5.7578125
483.0 5.796875
484.0 5.796875
485.0 5.8203125
486.0 5.8203125
487.0 5.875
488.0 1.9375
489.0 9.7734375
490.0 5.7578125
491.0 5.890625
492.0 5.8515625
493.0 5.78125
494.0 5.9375
495.0 5.734375
496.0 4.9296875
497.0 6.8828125
498.0 5.671875
499.0 5.6171875
500.0 5.90625
501.0 5.8515625
502.0 3.015625
503.0 8.625
504.0 5.828125
505.0 5.9609375
506.0 6.0234375
507.0 5.90625
508.0 5.765625
509.0 5.9375
510.0 5.9140625
511.0 5.578125
512.0 5.96875
513.0 5.9609375
514.0 5.8828125
515.0 2.4921875
516.0 9.21875
517.0 5.578125
518.0 5.734375
519.0 5.890625
520.0 3.765625
521.0 7.96875
522.0 5.828125
523.0 5.9296875
524.0 5.796875
525.0 5.9296875
526.0 5.890625
527.0 5.890625
528.0 5.890625
529.0 5.8515625
530.0 5.6640625
531.0 5.703125
532.0 5.671875
533.0 5.9140625
534.0 5.734375
535.0 5.8203125
536.0 5.8125
537.0 5.9140625
538.0 5.7265625
539.0 5.796875
540.0 5.796875
541.0 5.7890625
542.0 5.84375
543.0 5.796875
544.0 5.6640625
545.0 5.8203125
546.0 5.703125
547.0 0.9375
548.0 10.7578125
549.0 5.9296875
550.0 5.8125
551.0 5.7890625
552.0 3.28125
553.0 8.046875
554.0 5.9140625
555.0 5.828125
556.0 5.7109375
557.0 5.90625
558.0 5.828125
559.0 5.703125
560.0 5.9375
561.0 5.96875
562.0 5.8125
563.0 5.78125
564.0 5.9296875
565.0 5.8203125
566.0 5.6015625
567.0 5.8828125
568.0 5.78125
569.0 5.7265625
570.0 5.890625
571.0 5.703125
572.0 3.9921875
573.0 7.015625
574.0 5.6171875
575.0 5.734375
576.0 5.46875
577.0 5.4375
578.0 5.609375
579.0 5.75
580.0 1.390625
581.0 9.8359375
582.0 5.84375
583.0 5.8203125
584.0 5.734375
585.0 5.859375
586.0 5.859375
587.0 5.9140625
588.0 5.703125
589.0 5.5859375
590.0 5.6796875
591.0 5.484375
592.0 5.7265625
593.0 3.4453125
594.0 7.9453125
595.0 5.75
596.0 5.734375
597.0 5.6171875
598.0 5.8125
599.0 1.203125
