0.0 5.859375
1.0 5.6640625
2.0 5.671875
3.0 5.8203125
4.0 5.6328125
5.0 5.6484375
6.0 5.7265625
7.0 3.078125
8.0 8.09375
9.0 5.7109375
10.0 5.84375
11.0 5.78125
12.0 5.96875
13.0 0.65625
14.0 10.375
15.0 5.421875
16.0 5.734375
17.0 5.6015625
18.0 5.6171875
19.0 5.4609375
20.0 5.7890625
21.0 5.484375
22.0 4.4765625
23.0 4.4140625
24.0 5.4375
25.0 5.7890625
26.0 5.2734375
27.0 5.109375
28.0 5.671875
29.0 5.671875
30.0 5.6484375
31.0 5.609375
32.0 5.6484375
33.0 4.9609375
34.0 5.6484375
35.0 5.515625
36.0 5.46875
37.0 5.25
38.0 4.7109375
39.0 3.796875
40.0 0.671875
41.0 6.0
42.0 5.421875
43.0 5.1875
44.0 5.7265625
45.0 5.8203125
46.0 5.8515625
47.0 5.734375
48.0 5.9140625
49.0 5.734375
50.0 1.1484375
51.0 10.5078125
52.0 5.6484375
53.0 5.84375
54.0 5.84375
55.0 5.6484375
56.0 4.359375
57.0 0.875
58.0 0.0
59.0 9.921875
60.0 5.5234375
61.0 5.609375
62.0 5.5
63.0 2.1875
64.0 8.859375
65.0 5.5
66.0 4.8125
67.0 5.1640625
68.0 5.4921875
69.0 5.6953125
70.0 5.4609375
71.0 5.375
72.0 4.75
73.0 4.9765625
74.0 4.6953125
75.0 4.6875
76.0 5.4296875
77.0 5.703125
78.0 4.8046875
79.0 5.40625
80.0 5.578125
81.0 5.28125
82.0 5.7890625
83.0 3.859375
84.0 7.21875
85.0 5.1640625
86.0 5.015625
87.0 4.921875
88.0 3.5546875
89.0 6.4765625
90.0 4.4296875
91.0 4.0
92.0 1.8203125
93.0 2.25
94.0 3.171875
95.0 5.5234375
96.0 5.171875
97.0 5.6328125
98.0 5.78125
99.0 5.671875
100.0 3.7890625
101.0 8.140625
102.0 5.7578125
103.0 5.7265625
104.0 5.9375
105.0 5.34375
106.0 5.1640625
107.0 5.3671875
108.0 5.3515625
109.0 5.21875
110.0 5.546875
111.0 5.203125
112.0 2.0078125
113.0 9.0078125
114.0 4.8671875
115.0 5.84375
116.0 5.2265625
117.0 4.484375
118.0 5.9609375
119.0 5.40625
120.0 5.2265625
121.0 5.609375
122.0 5.46875
123.0 5.734375
124.0 5.546875
125.0 5.578125
126.0 5.8828125
127.0 5.6796875
128.0 5.6328125
129.0 5.6484375
130.0 4.90625
131.0 2.3671875
132.0 7.34375
133.0 5.4921875
134.0 5.4375
135.0 5.3984375
136.0 5.0078125
137.0 4.359375
138.0 4.3046875
139.0 6.4453125
140.0 5.1875
141.0 5.1875
142.0 5.5859375
143.0 4.6640625
144.0 4.03125
145.0 5.2265625
146.0 5.546875
147.0 5.5546875
148.0 5.7109375
149.0 5.6328125
150.0 6.0234375
151.0 5.8203125
152.0 5.796875
153.0 5.9140625
154.0 5.796875
155.0 5.7578125
156.0 5.9140625
157.0 5.703125
158.0 3.1796875
159.0 8.640625
160.0 5.703125
161.0 5.6015625
162.0 6.078125
163.0 5.6015625
164.0 5.84375
165.0 5.6953125
166.0 5.8125
167.0 5.796875
168.0 5.703125
169.0 2.25
170.0 9.4453125
171.0 5.9375
172.0 5.9921875
173.0 5.8125
174.0 5.4921875
175.0 5.75
176.0 5.6953125
177.0 5.890625
178.0 5.8125
179.0 5.9453125
180.0 5.671875
181.0 2.390625
182.0 9.1796875
183.0 2.125
184.0 9.2421875
185.0 4.4296875
186.0 4.65625
187.0 5.0859375
188.0 5.078125
189.0 5.3125
190.0 5.46875
191.0 5.2890625
192.0 5.2734375
193.0 5.1328125
194.0 5.4375
195.0 5.90625
196.0 5.34375
197.0 2.9609375
198.0 8.3203125
199.0 4.984375
200.0 5.4375
201.0 5.46875
202.0 5.765625
203.0 1.375
204.0 10.21875
205.0 5.484375
206.0 5.90625
207.0 5.6640625
208.0 5.6328125
209.0 5.3984375
210.0 5.765625
211.0 2.15625
212.0 8.9453125
213.0 5.6953125
214.0 5.4921875
215.0 5.75
216.0 5.6796875
217.0 2.125
218.0 9.1875
219.0 5.640625
220.0 5.7109375
221.0 5.2578125
222.0 5.203125
223.0 5.1875
224.0 5.375
225.0 5.3671875
226.0 5.375
227.0 5.3515625
228.0 5.0703125
229.0 5.2734375
230.0 3.2578125
231.0 7.9140625
232.0 3.1484375
233.0 7.34375
234.0 5.109375
235.0 5.34375
236.0 5.3671875
237.0 4.75
238.0 4.59375
239.0 5.078125
240.0 5.3671875
241.0 4.171875
242.0 4.0625
243.0 5.171875
244.0 5.9140625
245.0 5.0078125
246.0 5.25
247.0 4.46875
248.0 5.109375
249.0 5.609375
250.0 5.3046875
251.0 5.765625
252.0 5.1875
253.0 5.109375
254.0 5.015625
255.0 5.2578125
256.0 5.140625
257.0 5.3359375
258.0 5.546875
259.0 3.4296875
260.0 6.921875
261.0 5.859375
262.0 5.3828125
263.0 4.9921875
264.0 5.6015625
265.0 5.6640625
266.0 5.8125
267.0 5.796875
268.0 5.6640625
269.0 5.8515625
270.0 5.859375
271.0 5.7265625
272.0 5.9375
273.0 6.03125
274.0 5.9609375
275.0 1.2265625
276.0 10.0703125
277.0 5.7890625
278.0 5.734375
279.0 4.7265625
280.0 2.484375
281.0 8.390625
282.0 5.4296875
283.0 5.4375
284.0 5.4921875
285.0 5.34375
286.0 4.390625
287.0 5.234375
288.0 5.25
289.0 4.5078125
290.0 5.2734375
291.0 4.3828125
292.0 4.796875
293.0 0.140625
294.0 8.1328125
295.0 2.265625
296.0 2.640625
297.0 5.453125
298.0 5.8125
299.0 5.9921875
300.0 5.828125
301.0 5.7265625
302.0 5.8125
303.0 5.84375
304.0 5.796875
305.0 5.703125
306.0 2.328125
307.0 9.453125
308.0 5.8203125
309.0 5.640625
310.0 5.9140625
311.0 5.8828125
312.0 3.34375
313.0 8.3203125
314.0 5.84375
315.0 5.515625
316.0 5.8828125
317.0 5.640625
318.0 5.9453125
319.0 5.90625
320.0 5.84375
321.0 5.6796875
322.0 5.765625
323.0 5.6953125
324.0 5.15625
325.0 2.453125
326.0 6.078125
327.0 4.6953125
328.0 4.125
329.0 3.4453125
330.0 6.890625
331.0 5.6796875
332.0 5.5859375
333.0 5.6796875
334.0 5.7109375
335.0 5.734375
336.0 5.671875
337.0 5.75
338.0 5.53125
339.0 5.6015625
340.0 5.53125
341.0 5.3671875
342.0 5.46875
343.0 5.203125
344.0 5.8515625
345.0 5.25
346.0 5.2890625
347.0 5.3125
348.0 5.1953125
349.0 3.796875
350.0 7.015625
351.0 5.109375
352.0 5.078125
353.0 5.3984375
354.0 5.4296875
355.0 5.2578125
356.0 5.53125
357.0 5.5546875
358.0 5.3515625
359.0 5.8125
360.0 5.515625
361.0 5.5859375
362.0 5.546875
363.0 3.7734375
364.0 7.4609375
365.0 5.5234375
366.0 5.40625
367.0 5.6640625
368.0 5.2734375
369.0 5.6328125
370.0 5.90625
371.0 4.8125
372.0 5.0546875
373.0 5.734375
374.0 5.6484375
375.0 5.7578125
376.0 5.640625
377.0 5.078125
378.0 5.3359375
379.0 5.4296875
380.0 5.40625
381.0 5.109375
382.0 5.5625
383.0 5.4921875
384.0 1.7890625
385.0 8.6171875
386.0 4.78125
387.0 4.8046875
388.0 5.140625
389.0 0.3984375
390.0 9.34375
391.0 5.0078125
392.0 2.515625
393.0 7.3359375
394.0 5.046875
395.0 4.5703125
396.0 5.2578125
397.0 5.34375
398.0 5.671875
399.0 5.4296875
400.0 5.3828125
401.0 5.375
402.0 5.078125
403.0 5.203125
404.0 5.1953125
405.0 4.796875
406.0 5.640625
407.0 5.0234375
408.0 4.75
409.0 5.3359375
410.0 5.25
411.0 5.234375
412.0 5.2734375
413.0 2.125
414.0 8.0625
415.0 4.84375
416.0 5.3359375
417.0 5.25
418.0 5.46875
419.0 5.6328125
420.0 5.203125
421.0 5.203125
422.0 5.25
423.0 5.0078125
424.0 4.9765625
425.0 5.1640625
426.0 4.3359375
427.0 5.0703125
428.0 4.7265625
429.0 5.1953125
430.0 5.53125
431.0 4.9765625
432.0 5.0078125
433.0 4.9765625
434.0 5.25
435.0 5.1015625
436.0 5.0234375
437.0 5.203125
438.0 5.3203125
439.0 4.78125
440.0 3.765625
441.0 4.09375
442.0 4.90625
443.0 5.34375
444.0 5.2265625
445.0 5.5234375
446.0 5.4296875
447.0 5.4375
448.0 5.671875
449.0 5.1640625
450.0 4.8984375
451.0 5.421875
452.0 5.375
453.0 4.8125
454.0 5.4609375
455.0 4.78125
456.0 4.6796875
457.0 5.2265625
458.0 4.71875
459.0 3.9453125
460.0 4.7578125
461.0 5.015625
462.0 4.5
463.0 5.21875
464.0 5.34375
465.0 5.375
466.0 5.484375
467.0 5.6484375
468.0 5.3515625
469.0 5.0078125
470.0 0.5703125
471.0 9.1328125
472.0 5.453125
473.0 5.3359375
474.0 5.6015625
475.0 1.3203125
476.0 10.1640625
477.0 5.546875
478.0 5.6015625
479.0 5.5859375
480.0 5.7265625
481.0 5.5234375
482.0 5.75
483.0 5.734375
484.0 5.515625
485.0 5.6640625
486.0 5.7109375
487.0 5.3671875
488.0 4.4765625
489.0 7.0390625
490.0 5.8828125
491.0 5.578125
492.0 5.671875
493.0 5.6953125
494.0 5.515625
495.0 5.765625
496.0 5.5625
497.0 5.75
498.0 2.9375
499.0 8.4765625
500.0 5.7109375
501.0 5.703125
502.0 5.6796875
503.0 5.546875
504.0 5.6640625
505.0 5.4375
506.0 5.7578125
507.0 5.5546875
508.0 5.75
509.0 5.75
510.0 5.546875
511.0 5.6953125
512.0 5.6484375
513.0 5.9296875
514.0 5.8515625
515.0 5.8125
516.0 5.8828125
517.0 6.0234375
518.0 5.859375
519.0 5.9609375
520.0 6.234375
521.0 5.78125
522.0 5.859375
523.0 6.03125
524.0 5.828125
525.0 6.03125
526.0 5.8828125
527.0 5.859375
528.0 5.671875
529.0 2.921875
530.0 8.828125
531.0 5.78125
532.0 6.1796875
533.0 5.8203125
534.0 4.6328125
535.0 7.375
536.0 5.6640625
537.0 5.9375
538.0 5.96875
539.0 5.734375
540.0 5.84375
541.0 5.046875
542.0 4.7734375
543.0 4.9609375
544.0 5.0078125
545.0 4.9296875
546.0 4.9296875
547.0 4.78125
548.0 1.0625
549.0 8.5390625
550.0 2.4609375
551.0 7.34375
552.0 5.125
553.0 4.921875
554.0 4.9921875
555.0 4.75
556.0 5.0390625
557.0 4.796875
558.0 5.203125
559.0 4.8359375
560.0 4.3515625
561.0 5.078125
562.0 4.6015625
563.0 4.90625
564.0 4.875
565.0 5.015625
566.0 4.9765625
567.0 3.328125
568.0 3.4453125
569.0 8.5703125
570.0 5.5
571.0 5.34375
572.0 5.3359375
573.0 5.6796875
574.0 5.640625
575.0 5.0546875
576.0 5.1875
577.0 5.5546875
578.0 5.8203125
579.0 5.9296875
580.0 6.0
581.0 5.75
582.0 5.75
583.0 2.8671875
584.0 8.5390625
585.0 5.7578125
586.0 5.75
587.0 5.671875
588.0 5.8515625
589.0 2.625
590.0 9.390625
591.0 5.5
592.0 5.9765625
593.0 5.75
594.0 6.1875
595.0 6.0078125
596.0 5.859375
597.0 6.125
598.0 5.8125
599.0 5.765625
