0.0 0.0
1.0 0.0
2.0 0.0
3.0 0.0
4.0 0.0
5.0 0.0
6.0 0.0
7.0 0.0
8.0 0.0
9.0 0.0
10.0 0.0
11.0 0.421875
12.0 3.2890625
13.0 3.8515625
14.0 3.828125
15.0 3.8828125
16.0 3.46875
17.0 1.8671875
18.0 2.15625
19.0 3.7734375
20.0 4.5
21.0 0.15625
22.0 8.1640625
23.0 2.5234375
24.0 0.34375
25.0 7.375
26.0 4.6328125
27.0 4.7109375
28.0 4.65625
29.0 4.859375
30.0 4.7265625
31.0 4.5703125
32.0 4.296875
33.0 4.2421875
34.0 3.9375
35.0 3.9140625
36.0 3.40625
37.0 0.78125
38.0 5.9765625
39.0 2.8984375
40.0 2.4921875
41.0 4.46875
42.0 0.453125
43.0 8.765625
44.0 4.21875
45.0 4.1484375
46.0 3.96875
47.0 4.359375
48.0 4.390625
49.0 4.4140625
50.0 4.390625
51.0 4.609375
52.0 4.921875
53.0 3.921875
54.0 5.4375
55.0 5.1953125
56.0 4.84375
57.0 4.7578125
58.0 4.78125
59.0 4.75
60.0 4.75
61.0 4.859375
62.0 4.890625
63.0 1.7890625
64.0 7.6640625
65.0 4.796875
66.0 5.0390625
67.0 5.0390625
68.0 5.2890625
69.0 5.21875
70.0 4.7734375
71.0 4.9296875
72.0 4.4765625
73.0 3.9921875
74.0 4.171875
75.0 2.4765625
76.0 0.9375
77.0 0.0
78.0 7.21875
79.0 1.859375
80.0 2.5625
81.0 2.4453125
82.0 0.21875
83.0 6.0546875
84.0 4.5625
85.0 4.2421875
86.0 4.359375
87.0 3.7734375
88.0 1.734375
89.0 3.375
90.0 4.9453125
91.0 4.6796875
92.0 4.921875
93.0 4.90625
94.0 4.6640625
95.0 4.78125
96.0 1.46875
97.0 4.8671875
98.0 7.3046875
99.0 4.9609375
100.0 3.40625
101.0 5.765625
102.0 4.4453125
103.0 4.484375
104.0 5.0078125
105.0 5.3671875
106.0 5.140625
107.0 3.2578125
108.0 4.4765625
109.0 2.8203125
110.0 2.4921875
111.0 1.734375
112.0 0.8828125
113.0 0.0
114.0 6.6171875
115.0 3.203125
116.0 3.828125
117.0 3.7578125
118.0 0.6015625
119.0 6.4453125
120.0 3.8046875
121.0 3.5546875
122.0 3.3671875
123.0 3.109375
124.0 3.671875
125.0 3.265625
126.0 2.8515625
127.0 1.046875
128.0 0.34375
129.0 0.6875
130.0 1.8359375
131.0 3.53125
132.0 1.4375
133.0 0.0
134.0 0.671875
135.0 7.1953125
136.0 3.140625
137.0 2.5625
138.0 0.4921875
139.0 0.0
140.0 0.0
141.0 6.03125
142.0 3.0234375
143.0 3.25
144.0 3.53125
145.0 3.640625
146.0 3.3828125
147.0 3.3125
148.0 4.1015625
149.0 1.28125
150.0 5.6640625
151.0 3.4140625
152.0 3.625
153.0 2.4765625
154.0 1.625
155.0 2.0
156.0 3.2890625
157.0 4.0546875
158.0 3.9375
159.0 3.1015625
160.0 2.875
161.0 2.890625
162.0 0.0
163.0 7.6640625
164.0 3.6484375
165.0 3.7578125
166.0 4.25
167.0 4.3984375
168.0 3.5234375
169.0 3.4453125
170.0 3.53125
171.0 3.5546875
172.0 3.6484375
173.0 2.8515625
174.0 0.0
175.0 7.6640625
176.0 0.9609375
177.0 6.09375
178.0 3.59375
179.0 4.03125
180.0 3.6484375
181.0 1.34375
182.0 5.7265625
183.0 1.2421875
184.0 5.9609375
185.0 3.3671875
186.0 3.8046875
187.0 4.5703125
188.0 3.953125
189.0 3.828125
190.0 3.6953125
191.0 3.7265625
192.0 3.671875
193.0 3.3515625
194.0 4.7734375
195.0 3.625
196.0 3.875
197.0 3.609375
198.0 0.6640625
199.0 8.0625
200.0 3.6953125
201.0 1.7421875
202.0 6.1796875
203.0 3.078125
204.0 3.4765625
205.0 3.671875
206.0 4.28125
207.0 4.578125
208.0 4.6875
209.0 4.609375
210.0 4.578125
211.0 4.6484375
212.0 4.578125
213.0 1.7734375
214.0 7.6015625
215.0 4.4765625
216.0 4.125
217.0 4.0390625
218.0 4.4765625
219.0 4.21875
220.0 4.3984375
221.0 5.0703125
222.0 4.59375
223.0 4.5
224.0 2.546875
225.0 0.0
226.0 0.0
227.0 0.0
228.0 0.0
229.0 0.0
230.0 0.0
231.0 0.0
232.0 0.09375
233.0 6.84375
234.0 3.5625
235.0 3.1328125
236.0 3.65625
237.0 3.515625
238.0 4.0
239.0 3.875
240.0 3.7734375
241.0 3.3671875
242.0 3.671875
243.0 3.8828125
244.0 3.3203125
245.0 3.4453125
246.0 3.578125
247.0 3.46875
248.0 3.5625
249.0 3.625
250.0 3.4453125
251.0 0.2734375
252.0 5.828125
253.0 3.1640625
254.0 3.2890625
255.0 1.9453125
256.0 3.4296875
257.0 3.7734375
258.0 5.1015625
259.0 4.859375
260.0 4.609375
261.0 4.6484375
262.0 4.7421875
263.0 4.3515625
264.0 4.171875
265.0 4.3671875
266.0 4.515625
267.0 4.6015625
268.0 4.6640625
269.0 4.5
270.0 4.25
271.0 0.703125
272.0 7.6953125
273.0 4.1875
274.0 3.7890625
275.0 4.7734375
276.0 4.3359375
277.0 4.359375
278.0 1.5703125
279.0 7.21875
280.0 4.453125
281.0 3.9921875
282.0 4.328125
283.0 4.3828125
284.0 4.6640625
285.0 4.5390625
286.0 4.7578125
287.0 4.65625
288.0 4.3359375
289.0 4.0703125
290.0 4.6875
291.0 4.0546875
292.0 4.6875
293.0 4.265625
294.0 4.984375
295.0 4.4453125
296.0 4.03125
297.0 3.9921875
298.0 4.65625
299.0 4.6015625
300.0 4.3359375
301.0 3.9375
302.0 3.7421875
303.0 1.8046875
304.0 0.0
305.0 7.4609375
306.0 3.140625
307.0 2.9921875
308.0 3.1640625
309.0 2.8515625
310.0 1.6796875
311.0 0.0
312.0 6.234375
313.0 3.140625
314.0 3.0859375
315.0 1.1171875
316.0 5.2890625
317.0 3.25
318.0 3.3203125
319.0 3.0
320.0 2.6953125
321.0 3.203125
322.0 3.40625
323.0 2.5390625
324.0 3.578125
325.0 3.546875
326.0 3.2890625
327.0 3.015625
328.0 3.140625
329.0 3.109375
330.0 2.1953125
331.0 0.0
332.0 7.3046875
333.0 3.34375
334.0 3.3515625
335.0 3.1328125
336.0 0.4921875
337.0 6.0
338.0 3.578125
339.0 3.4453125
340.0 3.3125
341.0 3.53125
342.0 3.703125
343.0 3.046875
344.0 2.84375
345.0 3.28125
346.0 3.4140625
347.0 3.046875
348.0 3.109375
349.0 3.0859375
350.0 2.8359375
351.0 1.234375
352.0 0.609375
353.0 7.78125
354.0 0.453125
355.0 6.9609375
356.0 3.3203125
357.0 2.921875
358.0 3.203125
359.0 3.375
360.0 3.25
361.0 3.84375
362.0 3.59375
363.0 3.796875
364.0 3.9453125
365.0 3.3828125
366.0 3.3125
367.0 3.4609375
368.0 1.6796875
369.0 3.328125
370.0 5.84375
371.0 3.7734375
372.0 3.671875
373.0 3.7578125
374.0 4.0625
375.0 3.953125
376.0 3.7578125
377.0 3.765625
378.0 3.9375
379.0 3.765625
380.0 3.4609375
381.0 0.7890625
382.0 5.84375
383.0 3.4609375
384.0 3.4453125
385.0 3.1328125
386.0 3.234375
387.0 3.5546875
388.0 0.1796875
389.0 6.7421875
390.0 3.5546875
391.0 3.515625
392.0 3.609375
393.0 3.65625
394.0 3.4765625
395.0 3.0859375
396.0 3.046875
397.0 3.4140625
398.0 3.4921875
399.0 3.59375
400.0 3.5
401.0 3.0859375
402.0 0.390625
403.0 6.453125
404.0 3.8515625
405.0 3.6171875
406.0 3.140625
407.0 3.1328125
408.0 0.0
409.0 6.2578125
410.0 3.1171875
411.0 2.8515625
412.0 3.21875
413.0 3.3125
414.0 1.703125
415.0 0.8046875
416.0 0.4609375
417.0 1.390625
418.0 3.109375
419.0 3.4140625
420.0 3.5859375
421.0 4.09375
422.0 0.5546875
423.0 6.984375
424.0 2.625
425.0 3.1796875
426.0 3.59375
427.0 3.4765625
428.0 3.3828125
429.0 3.6171875
430.0 3.625
431.0 3.328125
432.0 2.984375
433.0 2.578125
434.0 4.890625
435.0 1.671875
436.0 6.5078125
437.0 4.0390625
438.0 4.15625
439.0 3.6484375
440.0 3.609375
441.0 2.8125
442.0 2.1640625
443.0 2.8046875
444.0 2.0859375
445.0 3.203125
446.0 3.859375
447.0 3.6484375
448.0 3.859375
449.0 3.53125
450.0 0.0
451.0 7.78125
452.0 3.3671875
453.0 2.953125
454.0 3.5234375
455.0 3.4609375
456.0 3.7421875
457.0 3.703125
458.0 2.1171875
459.0 5.5546875
460.0 3.5859375
461.0 3.7421875
462.0 3.6953125
463.0 1.296875
464.0 5.3125
465.0 3.265625
466.0 3.953125
467.0 3.7421875
468.0 4.03125
469.0 4.0625
470.0 3.9453125
471.0 3.40625
472.0 3.28125
473.0 3.828125
474.0 3.796875
475.0 3.6484375
476.0 3.8046875
477.0 0.5703125
478.0 6.2421875
479.0 3.859375
480.0 3.2578125
481.0 2.890625
482.0 2.8203125
483.0 2.7578125
484.0 2.65625
485.0 0.328125
486.0 4.8671875
487.0 2.78125
488.0 2.8515625
489.0 2.7265625
490.0 2.8125
491.0 2.8515625
492.0 3.28125
493.0 2.484375
494.0 2.5625
495.0 2.15625
496.0 2.8125
497.0 3.3671875
498.0 3.1484375
499.0 0.0
500.0 8.1328125
501.0 3.5234375
502.0 1.203125
503.0 1.34375
504.0 1.0234375
505.0 0.5078125
506.0 1.203125
507.0 1.4453125
508.0 0.0
509.0 0.0
510.0 5.0546875
511.0 1.6875
512.0 1.2890625
513.0 1.59375
514.0 1.5
515.0 1.171875
516.0 0.671875
517.0 1.015625
518.0 1.3828125
519.0 2.90625
520.0 2.5703125
521.0 4.890625
522.0 3.3671875
523.0 2.1015625
524.0 2.8046875
525.0 2.8671875
526.0 3.171875
527.0 3.1484375
528.0 3.34375
529.0 3.5234375
530.0 3.3671875
531.0 3.1796875
532.0 2.875
533.0 0.078125
534.0 5.96875
535.0 1.796875
536.0 4.71875
537.0 3.4921875
538.0 3.546875
539.0 3.171875
540.0 3.3125
541.0 3.4609375
542.0 2.7890625
543.0 3.046875
544.0 1.609375
545.0 3.9921875
546.0 4.5703125
547.0 4.625
548.0 2.6640625
549.0 2.0703125
550.0 1.2578125
551.0 1.2265625
552.0 1.5
553.0 1.09375
554.0 1.390625
555.0 3.640625
556.0 4.3046875
557.0 4.171875
558.0 4.859375
559.0 4.6875
560.0 3.7421875
561.0 3.8828125
562.0 4.1796875
563.0 4.171875
564.0 0.1640625
565.0 8.5546875
566.0 4.09375
567.0 3.9921875
568.0 4.265625
569.0 4.1171875
570.0 1.96875
571.0 6.46875
572.0 4.2109375
573.0 3.515625
574.0 0.5703125
575.0 5.140625
576.0 2.0390625
577.0 3.5
578.0 4.0078125
579.0 3.890625
580.0 4.2421875
581.0 4.0546875
582.0 4.09375
583.0 4.203125
584.0 3.8828125
585.0 3.6796875
586.0 3.2265625
587.0 3.96875
588.0 2.9375
589.0 5.3125
590.0 3.7734375
591.0 3.5859375
592.0 4.21875
593.0 3.6484375
594.0 0.1328125
595.0 7.640625
596.0 2.125
597.0 5.9765625
598.0 4.3671875
599.0 3.875
