0.0 4.1328125
1.0 4.21875
2.0 3.8515625
3.0 3.9375
4.0 2.7734375
5.0 1.859375
6.0 3.3984375
7.0 1.7109375
8.0 6.3203125
9.0 3.4921875
10.0 4.15625
11.0 4.546875
12.0 3.953125
13.0 4.4296875
14.0 4.484375
15.0 3.0703125
16.0 3.015625
17.0 3.671875
18.0 0.046875
19.0 8.4921875
20.0 3.8515625
21.0 3.7890625
22.0 4.125
23.0 3.5546875
24.0 2.7265625
25.0 1.8203125
26.0 1.9375
27.0 0.1015625
28.0 2.7734375
29.0 4.6328125
30.0 3.5859375
31.0 3.625
32.0 2.8359375
33.0 3.640625
34.0 3.6953125
35.0 3.9140625
36.0 4.09375
37.0 3.546875
38.0 3.34375
39.0 3.3671875
40.0 3.3203125
41.0 0.0
42.0 6.125
43.0 3.0703125
44.0 3.171875
45.0 2.96875
46.0 3.234375
47.0 3.25
48.0 2.59375
49.0 2.1875
50.0 3.671875
51.0 4.2421875
52.0 4.4140625
53.0 4.8359375
54.0 4.7734375
55.0 3.9921875
56.0 1.2578125
57.0 6.6796875
58.0 4.515625
59.0 4.3515625
60.0 4.4453125
61.0 4.9609375
62.0 5.203125
63.0 3.4296875
64.0 6.125
65.0 3.4140625
66.0 5.2265625
67.0 4.5390625
68.0 3.828125
69.0 4.2734375
70.0 4.515625
71.0 4.3359375
72.0 3.953125
73.0 2.234375
74.0 5.2734375
75.0 4.09375
76.0 4.125
77.0 3.9765625
78.0 4.0234375
79.0 3.9765625
80.0 4.0859375
81.0 4.09375
82.0 4.1875
83.0 4.5390625
84.0 4.5625
85.0 4.53125
86.0 4.59375
87.0 1.6796875
88.0 6.4140625
89.0 2.7890625
90.0 4.484375
91.0 4.859375
92.0 4.8359375
93.0 4.6875
94.0 4.3046875
95.0 4.0390625
96.0 0.21875
97.0 8.4921875
98.0 4.5625
99.0 4.3671875
100.0 3.921875
101.0 3.171875
102.0 3.703125
103.0 4.1015625
104.0 3.5234375
105.0 1.28125
106.0 2.03125
107.0 7.5234375
108.0 4.0234375
109.0 3.8515625
110.0 3.6953125
111.0 4.4296875
112.0 3.828125
113.0 4.1796875
114.0 3.4921875
115.0 3.140625
116.0 3.7109375
117.0 3.515625
118.0 2.953125
119.0 2.75
120.0 0.0
121.0 7.3125
122.0 3.875
123.0 3.6953125
124.0 0.0703125
125.0 3.7421875
126.0 6.390625
127.0 3.546875
128.0 3.7265625
129.0 3.9921875
130.0 4.1328125
131.0 4.1796875
132.0 4.0
133.0 3.296875
134.0 3.734375
135.0 0.4921875
136.0 6.9921875
137.0 2.6953125
138.0 4.890625
139.0 3.9140625
140.0 4.1484375
141.0 3.8203125
142.0 3.875
143.0 3.890625
144.0 3.953125
145.0 3.953125
146.0 3.9140625
147.0 4.09375
148.0 3.9453125
149.0 3.0703125
150.0 3.765625
151.0 3.7734375
152.0 1.9140625
153.0 5.90625
154.0 3.703125
155.0 3.4375
156.0 4.171875
157.0 4.3828125
158.0 1.5703125
159.0 6.859375
160.0 3.9921875
161.0 4.0703125
162.0 3.265625
163.0 3.640625
164.0 4.1171875
165.0 3.5
166.0 3.7578125
167.0 4.125
168.0 3.765625
169.0 3.1328125
170.0 0.3671875
171.0 6.65625
172.0 4.9296875
173.0 4.421875
174.0 4.515625
175.0 4.4453125
176.0 3.4765625
177.0 3.609375
178.0 3.609375
179.0 4.203125
180.0 4.5
181.0 4.5
182.0 4.6796875
183.0 4.828125
184.0 4.46875
185.0 4.25
186.0 4.5078125
187.0 0.2734375
188.0 8.203125
189.0 3.828125
190.0 4.453125
191.0 4.1015625
192.0 0.0
193.0 7.71875
194.0 3.9375
195.0 3.875
196.0 4.5078125
197.0 4.3359375
198.0 3.828125
199.0 3.34375
200.0 3.890625
201.0 4.3515625
202.0 4.2734375
203.0 1.1171875
204.0 7.1875
205.0 4.4296875
206.0 4.59375
207.0 3.953125
208.0 3.9375
209.0 4.2109375
210.0 4.71875
211.0 4.53125
212.0 4.484375
213.0 4.25
214.0 4.390625
215.0 4.3671875
216.0 1.953125
217.0 6.6796875
218.0 4.0703125
219.0 4.0859375
220.0 4.15625
221.0 4.1484375
222.0 3.4140625
223.0 3.0546875
224.0 0.0
225.0 7.84375
226.0 4.453125
227.0 4.484375
228.0 4.2734375
229.0 3.28125
230.0 3.96875
231.0 2.8984375
232.0 6.203125
233.0 4.53125
234.0 4.6640625
235.0 4.8671875
236.0 3.7109375
237.0 4.0390625
238.0 5.1015625
239.0 4.0625
240.0 4.265625
241.0 4.6875
242.0 4.921875
243.0 4.828125
244.0 4.4296875
245.0 4.125
246.0 0.03125
247.0 7.65625
248.0 3.84375
249.0 4.09375
250.0 3.65625
251.0 2.5703125
252.0 0.0
253.0 4.9765625
254.0 0.0078125
255.0 5.015625
256.0 2.6875
257.0 2.84375
258.0 3.015625
259.0 2.6875
260.0 3.203125
261.0 3.5625
262.0 3.265625
263.0 3.703125
264.0 0.0625
265.0 7.640625
266.0 2.3671875
267.0 1.640625
268.0 1.7734375
269.0 2.1796875
270.0 1.53125
271.0 1.1171875
272.0 1.4453125
273.0 1.40625
274.0 1.6875
275.0 1.8046875
276.0 1.8203125
277.0 0.609375
278.0 0.0
279.0 4.84375
280.0 1.6484375
281.0 0.984375
282.0 0.0
283.0 0.5234375
284.0 1.6796875
285.0 1.390625
286.0 1.2421875
287.0 2.3984375
288.0 2.5625
289.0 3.5625
290.0 3.5234375
291.0 2.890625
292.0 2.4453125
293.0 2.4140625
294.0 1.9453125
295.0 0.0
296.0 6.9921875
297.0 3.46875
298.0 3.1484375
299.0 3.0703125
300.0 2.9609375
301.0 3.1640625
302.0 3.3515625
303.0 0.0
304.0 6.9140625
305.0 3.25
306.0 2.984375
307.0 2.7890625
308.0 2.84375
309.0 1.59375
310.0 3.546875
311.0 4.5078125
312.0 3.53125
313.0 3.734375
314.0 4.125
315.0 4.21875
316.0 1.3515625
317.0 6.0625
318.0 3.734375
319.0 3.890625
320.0 4.1015625
321.0 0.328125
322.0 8.1953125
323.0 4.609375
324.0 4.5078125
325.0 4.328125
326.0 4.2734375
327.0 5.15625
328.0 4.8359375
329.0 4.65625
330.0 4.234375
331.0 4.1015625
332.0 3.7890625
333.0 4.6015625
334.0 4.890625
335.0 2.1171875
336.0 5.796875
337.0 3.640625
338.0 3.5546875
339.0 1.0234375
340.0 7.1875
341.0 2.75
342.0 1.8515625
343.0 2.0703125
344.0 2.0703125
345.0 2.234375
346.0 1.9765625
347.0 2.1953125
348.0 2.4921875
349.0 2.2421875
350.0 2.265625
351.0 2.0625
352.0 0.6328125
353.0 0.0
354.0 6.9609375
355.0 3.9375
356.0 4.203125
357.0 3.9453125
358.0 4.890625
359.0 4.3828125
360.0 4.328125
361.0 4.4453125
362.0 4.234375
363.0 1.171875
364.0 7.796875
365.0 4.6328125
366.0 4.78125
367.0 4.71875
368.0 0.8046875
369.0 7.5078125
370.0 4.6484375
371.0 4.3984375
372.0 4.3515625
373.0 4.328125
374.0 2.9609375
375.0 3.6796875
376.0 4.7265625
377.0 4.953125
378.0 5.15625
379.0 5.28125
380.0 4.9609375
381.0 4.3984375
382.0 2.1796875
383.0 7.03125
384.0 4.5390625
385.0 4.328125
386.0 4.0546875
387.0 3.0
388.0 5.5546875
389.0 4.5390625
390.0 4.3359375
391.0 4.3203125
392.0 4.578125
393.0 4.3671875
394.0 4.2734375
395.0 3.4921875
396.0 4.203125
397.0 4.3359375
398.0 4.828125
399.0 4.546875
400.0 2.28125
401.0 0.0
402.0 0.5546875
403.0 6.3671875
404.0 0.0078125
405.0 3.625
406.0 2.1328125
407.0 1.6484375
408.0 2.046875
409.0 1.96875
410.0 0.578125
411.0 0.0
412.0 6.390625
413.0 4.3515625
414.0 3.53125
415.0 2.8046875
416.0 1.4609375
417.0 1.46875
418.0 4.78125
419.0 4.3046875
420.0 4.9765625
421.0 4.7734375
422.0 4.8125
423.0 5.1640625
424.0 5.40625
425.0 5.1875
426.0 5.5625
427.0 5.0859375
428.0 4.90625
429.0 5.0703125
430.0 4.421875
431.0 4.0546875
432.0 0.0
433.0 8.7890625
434.0 4.3671875
435.0 4.2734375
436.0 3.9765625
437.0 1.1484375
438.0 6.265625
439.0 3.3984375
440.0 2.4765625
441.0 4.3203125
442.0 4.625
443.0 0.9609375
444.0 4.3984375
445.0 6.5625
446.0 4.1796875
447.0 3.828125
448.0 4.625
449.0 4.2734375
450.0 4.0703125
451.0 4.4765625
452.0 4.46875
453.0 4.359375
454.0 4.1328125
455.0 3.890625
456.0 4.0546875
457.0 4.6640625
458.0 4.75
459.0 0.5234375
460.0 9.1015625
461.0 3.609375
462.0 4.3359375
463.0 4.3984375
464.0 2.6875
465.0 6.0
466.0 4.15625
467.0 3.4140625
468.0 4.234375
469.0 4.3046875
470.0 4.3984375
471.0 3.96875
472.0 3.4140625
473.0 3.1953125
474.0 3.3203125
475.0 3.8203125
476.0 2.1953125
477.0 4.9609375
478.0 2.7109375
479.0 2.75
480.0 3.84375
481.0 3.3515625
482.0 2.9375
483.0 2.1796875
484.0 2.359375
485.0 2.671875
486.0 4.234375
487.0 4.1484375
488.0 4.171875
489.0 4.625
490.0 4.25
491.0 0.0
492.0 7.6640625
493.0 4.296875
494.0 3.8828125
495.0 3.7578125
496.0 3.53125
497.0 2.8984375
498.0 0.0
499.0 8.0625
500.0 3.375
501.0 3.625
502.0 3.65625
503.0 3.5625
504.0 3.7421875
505.0 4.3984375
506.0 4.875
507.0 5.046875
508.0 4.578125
509.0 4.1796875
510.0 3.921875
511.0 3.6484375
512.0 3.6171875
513.0 3.4375
514.0 3.625
515.0 3.5625
516.0 3.5
517.0 3.3671875
518.0 3.0859375
519.0 3.2578125
520.0 3.4765625
521.0 2.7265625
522.0 0.1015625
523.0 7.2734375
524.0 3.28125
525.0 3.3671875
526.0 3.734375
527.0 3.1796875
528.0 2.6640625
529.0 0.0
530.0 6.421875
531.0 3.546875
532.0 4.8046875
533.0 4.5703125
534.0 3.59375
535.0 2.390625
536.0 1.8046875
537.0 3.0
538.0 3.1171875
539.0 0.0
540.0 4.2421875
541.0 1.1953125
542.0 2.8125
543.0 3.0546875
544.0 3.265625
545.0 3.0
546.0 1.3125
547.0 0.8984375
548.0 0.8203125
549.0 1.7734375
550.0 1.7578125
551.0 1.6796875
552.0 1.796875
553.0 3.0859375
554.0 1.265625
555.0 5.046875
556.0 0.125
557.0 5.90625
558.0 3.3125
559.0 2.9296875
560.0 2.484375
561.0 3.65625
562.0 3.4453125
563.0 3.9765625
564.0 3.7734375
565.0 4.25
566.0 4.125
567.0 4.578125
568.0 4.15625
569.0 3.9921875
570.0 3.5859375
571.0 3.53125
572.0 4.0859375
573.0 3.7578125
574.0 3.84375
575.0 3.234375
576.0 2.921875
577.0 3.1796875
578.0 3.3203125
579.0 2.7265625
580.0 2.453125
581.0 2.09375
582.0 4.296875
583.0 4.6484375
584.0 4.328125
585.0 4.453125
586.0 4.6796875
587.0 4.1875
588.0 0.0
589.0 7.9375
590.0 4.03125
591.0 5.3203125
592.0 4.359375
593.0 1.234375
594.0 8.1953125
595.0 4.546875
596.0 4.71875
597.0 4.78125
598.0 5.1953125
599.0 4.5703125
