0.0 0.25
1.0 9.1171875
2.0 3.9140625
3.0 4.75
4.0 4.8671875
5.0 3.4921875
6.0 1.6484375
7.0 0.0
8.0 0.0078125
9.0 12.046875
10.0 4.578125
11.0 3.578125
12.0 4.03125
13.0 3.53125
14.0 5.1015625
15.0 3.1640625
16.0 4.1796875
17.0 3.6484375
18.0 4.453125
19.0 2.7109375
20.0 4.1015625
21.0 4.28125
22.0 3.625
23.0 4.2109375
24.0 4.15625
25.0 4.1328125
26.0 3.8046875
27.0 4.46875
28.0 4.3671875
29.0 4.0859375
30.0 4.6953125
31.0 5.140625
32.0 4.53125
33.0 4.6015625
34.0 5.1875
35.0 2.3984375
36.0 7.734375
37.0 2.8984375
38.0 5.6640625
39.0 4.9609375
40.0 3.9453125
41.0 4.0625
42.0 2.1015625
43.0 5.3828125
44.0 3.515625
45.0 3.25
46.0 3.8046875
47.0 4.03125
48.0 3.3828125
49.0 3.1484375
50.0 2.5703125
51.0 3.1328125
52.0 3.0703125
53.0 2.9921875
54.0 2.78125
55.0 2.75
56.0 2.25
57.0 0.0
58.0 0.21875
59.0 6.6015625
60.0 3.28125
61.0 2.625
62.0 2.8359375
63.0 2.1484375
64.0 2.359375
65.0 0.5078125
66.0 5.765625
67.0 5.1953125
68.0 3.9765625
69.0 3.5546875
70.0 3.21875
71.0 3.7265625
72.0 4.4765625
73.0 4.7734375
74.0 4.625
75.0 4.8125
76.0 4.7734375
77.0 4.984375
78.0 4.6875
79.0 3.7265625
80.0 3.0546875
81.0 2.1171875
82.0 2.4921875
83.0 0.9921875
84.0 4.609375
85.0 0.671875
86.0 4.4140625
87.0 3.0546875
88.0 3.0703125
89.0 2.8125
90.0 2.6015625
91.0 2.5625
92.0 2.625
93.0 3.1015625
94.0 2.7890625
95.0 3.2578125
96.0 1.7109375
97.0 2.4765625
98.0 3.6484375
99.0 4.3203125
100.0 4.0546875
101.0 3.5625
102.0 3.90625
103.0 4.2421875
104.0 4.265625
105.0 4.3671875
106.0 4.7421875
107.0 3.28125
108.0 3.015625
109.0 1.609375
110.0 1.0234375
111.0 5.6953125
112.0 4.796875
113.0 4.7109375
114.0 4.515625
115.0 4.546875
116.0 4.984375
117.0 5.0234375
118.0 4.6015625
119.0 5.1015625
120.0 3.4140625
121.0 2.7578125
122.0 0.078125
123.0 4.8984375
124.0 3.5859375
125.0 1.71875
126.0 2.0078125
127.0 3.34375
128.0 3.9921875
129.0 4.578125
130.0 4.4140625
131.0 4.7109375
132.0 5.140625
133.0 4.9296875
134.0 4.296875
135.0 3.3828125
136.0 4.953125
137.0 4.6015625
138.0 4.546875
139.0 3.5
140.0 4.5
141.0 4.6484375
142.0 4.4296875
143.0 4.8984375
144.0 3.5234375
145.0 4.234375
146.0 3.7578125
147.0 3.890625
148.0 3.2265625
149.0 2.921875
150.0 3.1640625
151.0 3.4765625
152.0 4.28125
153.0 2.609375
154.0 0.15625
155.0 0.0
156.0 6.0625
157.0 2.8046875
158.0 4.0390625
159.0 4.25
160.0 1.2421875
161.0 8.5546875
162.0 4.796875
163.0 4.9453125
164.0 5.0078125
165.0 5.28125
166.0 5.2578125
167.0 5.1640625
168.0 3.0859375
169.0 2.9921875
170.0 0.25
171.0 4.0703125
172.0 3.1953125
173.0 3.8828125
174.0 1.703125
175.0 2.09375
176.0 4.453125
177.0 5.0234375
178.0 4.5
179.0 4.6484375
180.0 4.6484375
181.0 4.53125
182.0 4.59375
183.0 4.2734375
184.0 3.0
185.0 5.15625
186.0 2.7734375
187.0 3.4140625
188.0 4.359375
189.0 4.6328125
190.0 4.4140625
191.0 4.15625
192.0 3.65625
193.0 0.9921875
194.0 5.734375
195.0 4.5078125
196.0 4.421875
197.0 4.609375
198.0 4.265625
199.0 3.046875
200.0 4.9921875
201.0 4.171875
202.0 4.546875
203.0 4.5703125
204.0 4.78125
205.0 4.6953125
206.0 4.171875
207.0 4.171875
208.0 4.3359375
209.0 4.46875
210.0 4.4453125
211.0 4.3671875
212.0 4.3203125
213.0 3.4296875
214.0 5.3125
215.0 3.609375
216.0 3.609375
217.0 3.890625
218.0 3.59375
219.0 4.4765625
220.0 4.0
221.0 4.0546875
222.0 3.734375
223.0 2.6328125
224.0 6.203125
225.0 4.3984375
226.0 4.6875
227.0 3.9453125
228.0 3.890625
229.0 2.8671875
230.0 3.6484375
231.0 4.1875
232.0 4.25
233.0 4.3515625
234.0 4.625
235.0 4.421875
236.0 2.90625
237.0 0.0
238.0 8.34375
239.0 3.9140625
240.0 2.015625
241.0 4.1171875
242.0 4.9296875
243.0 4.3828125
244.0 3.9765625
245.0 4.09375
246.0 4.28125
247.0 4.5078125
248.0 3.0859375
249.0 1.640625
250.0 2.28125
251.0 3.59375
252.0 3.6953125
253.0 3.3515625
254.0 0.0
255.0 8.2109375
256.0 4.3515625
257.0 4.2734375
258.0 3.625
259.0 3.296875
260.0 3.515625
261.0 3.015625
262.0 2.4453125
263.0 2.546875
264.0 0.34375
265.0 0.0
266.0 3.921875
267.0 3.671875
268.0 3.625
269.0 3.734375
270.0 3.4609375
271.0 3.5546875
272.0 3.796875
273.0 3.4921875
274.0 1.265625
275.0 4.578125
276.0 3.46875
277.0 3.59375
278.0 4.1015625
279.0 4.0546875
280.0 3.6171875
281.0 3.7578125
282.0 4.1328125
283.0 4.5703125
284.0 4.5390625
285.0 4.484375
286.0 5.40625
287.0 4.5390625
288.0 4.1328125
289.0 3.828125
290.0 2.625
291.0 2.421875
292.0 2.359375
293.0 1.46875
294.0 1.5
295.0 2.5625
296.0 3.2265625
297.0 3.53125
298.0 2.875
299.0 1.4375
300.0 0.0
301.0 6.6640625
302.0 2.484375
303.0 2.1875
304.0 2.6640625
305.0 2.8359375
306.0 2.5703125
307.0 2.578125
308.0 2.4453125
309.0 0.96875
310.0 0.0
311.0 6.3828125
312.0 1.703125
313.0 1.4453125
314.0 2.7578125
315.0 4.7109375
316.0 0.1015625
317.0 7.8125
318.0 4.953125
319.0 5.0859375
320.0 5.2890625
321.0 5.2734375
322.0 4.4296875
323.0 4.984375
324.0 5.484375
325.0 4.8359375
326.0 4.421875
327.0 4.3046875
328.0 4.3828125
329.0 4.3984375
330.0 4.6875
331.0 4.4453125
332.0 0.46875
333.0 8.375
334.0 4.609375
335.0 0.5703125
336.0 7.578125
337.0 2.875
338.0 1.421875
339.0 1.5
340.0 2.78125
341.0 4.1796875
342.0 2.453125
343.0 2.1171875
344.0 0.0078125
345.0 0.0
346.0 6.234375
347.0 3.015625
348.0 3.8046875
349.0 3.5
350.0 3.3203125
351.0 3.6953125
352.0 4.0390625
353.0 4.6484375
354.0 4.65625
355.0 4.984375
356.0 5.0859375
357.0 4.484375
358.0 3.4609375
359.0 4.125
360.0 5.3828125
361.0 5.203125
362.0 4.390625
363.0 4.3671875
364.0 4.890625
365.0 4.921875
366.0 3.96875
367.0 3.0859375
368.0 5.7265625
369.0 4.15625
370.0 4.1015625
371.0 4.3046875
372.0 3.375
373.0 4.1484375
374.0 4.1796875
375.0 3.7890625
376.0 3.8828125
377.0 3.65625
378.0 3.8046875
379.0 3.4765625
380.0 0.0
381.0 8.4453125
382.0 4.09375
383.0 4.0703125
384.0 4.390625
385.0 4.390625
386.0 4.65625
387.0 4.359375
388.0 4.2421875
389.0 4.3359375
390.0 3.875
391.0 2.9609375
392.0 0.1640625
393.0 8.4765625
394.0 4.203125
395.0 4.1328125
396.0 2.4609375
397.0 4.7421875
398.0 2.546875
399.0 0.0
400.0 1.2890625
401.0 4.0546875
402.0 3.5546875
403.0 4.6953125
404.0 4.125
405.0 3.46875
406.0 4.5390625
407.0 4.328125
408.0 4.0859375
409.0 4.6953125
410.0 4.75
411.0 4.9453125
412.0 2.8671875
413.0 6.09375
414.0 4.0546875
415.0 4.7265625
416.0 5.078125
417.0 4.78125
418.0 4.7734375
419.0 4.5078125
420.0 4.859375
421.0 4.5390625
422.0 4.546875
423.0 4.75
424.0 4.46875
425.0 4.5078125
426.0 4.2421875
427.0 4.0
428.0 0.0
429.0 8.9375
430.0 4.5703125
431.0 4.203125
432.0 4.1328125
433.0 1.7734375
434.0 5.7109375
435.0 4.90625
436.0 5.0390625
437.0 3.890625
438.0 3.3125
439.0 1.46875
440.0 1.9375
441.0 4.0859375
442.0 4.0703125
443.0 4.0
444.0 3.8203125
445.0 4.1875
446.0 4.3203125
447.0 1.4765625
448.0 7.3125
449.0 4.578125
450.0 4.8359375
451.0 4.828125
452.0 1.703125
453.0 7.875
454.0 3.6171875
455.0 4.3203125
456.0 4.5
457.0 4.3671875
458.0 3.0
459.0 5.421875
460.0 4.1015625
461.0 3.7421875
462.0 4.296875
463.0 4.5078125
464.0 4.359375
465.0 4.3671875
466.0 4.6796875
467.0 4.25
468.0 3.8515625
469.0 4.0703125
470.0 3.7109375
471.0 4.1484375
472.0 4.3203125
473.0 1.328125
474.0 6.5859375
475.0 4.09375
476.0 4.2421875
477.0 2.8671875
478.0 0.0
479.0 7.6953125
480.0 3.7734375
481.0 3.84375
482.0 3.90625
483.0 3.8515625
484.0 3.609375
485.0 4.03125
486.0 3.84375
487.0 3.1484375
488.0 3.1015625
489.0 3.046875
490.0 3.0
491.0 3.1953125
492.0 0.640625
493.0 5.5859375
494.0 3.1171875
495.0 3.1171875
496.0 3.234375
497.0 2.0
498.0 0.0
499.0 7.5859375
500.0 3.1796875
501.0 3.375
502.0 3.25
503.0 3.0703125
504.0 3.046875
505.0 2.8984375
506.0 2.875
507.0 2.640625
508.0 2.71875
509.0 2.671875
510.0 1.046875
511.0 4.84375
512.0 3.046875
513.0 2.90625
514.0 2.921875
515.0 2.6640625
516.0 3.0
517.0 3.1015625
518.0 3.1171875
519.0 2.9921875
520.0 0.0
521.0 6.2890625
522.0 1.71875
523.0 2.0625
524.0 4.5
525.0 4.09375
526.0 5.3046875
527.0 3.953125
528.0 4.59375
529.0 5.015625
530.0 3.8203125
531.0 3.6796875
532.0 5.8515625
533.0 4.15625
534.0 4.8984375
535.0 4.578125
536.0 4.9765625
537.0 3.9140625
538.0 5.53125
539.0 4.6484375
540.0 5.046875
541.0 4.1328125
542.0 5.484375
543.0 4.5625
544.0 5.5546875
545.0 4.9765625
546.0 4.4765625
547.0 4.171875
548.0 4.2734375
549.0 4.21875
550.0 4.53125
551.0 4.6015625
552.0 4.6640625
553.0 5.21875
554.0 5.171875
555.0 5.15625
556.0 4.6640625
557.0 6.8671875
558.0 5.1953125
559.0 3.9140625
560.0 3.6171875
561.0 0.2578125
562.0 5.7265625
563.0 2.359375
564.0 2.1171875
565.0 3.703125
566.0 4.0703125
567.0 4.265625
568.0 4.1171875
569.0 4.3515625
570.0 4.4140625
571.0 4.6953125
572.0 4.0078125
573.0 0.140625
574.0 7.796875
575.0 4.6953125
576.0 4.3671875
577.0 4.390625
578.0 3.96875
579.0 3.9453125
580.0 4.1328125
581.0 4.5625
582.0 4.453125
583.0 4.5703125
584.0 4.546875
585.0 4.296875
586.0 3.4375
587.0 4.3671875
588.0 4.4296875
589.0 4.0234375
590.0 4.0546875
591.0 4.0859375
592.0 4.265625
593.0 4.5078125
594.0 3.796875
595.0 0.0
596.0 8.8359375
597.0 3.7109375
598.0 3.90625
599.0 4.1171875
