0.0 4.890625
1.0 5.453125
2.0 5.3984375
3.0 5.453125
4.0 5.5546875
5.0 5.3515625
6.0 5.8203125
7.0 5.5625
8.0 5.40625
9.0 5.28125
10.0 4.9609375
11.0 3.703125
12.0 6.515625
13.0 5.3125
14.0 5.3046875
15.0 5.2734375
16.0 1.5625
17.0 8.8046875
18.0 5.1015625
19.0 5.28125
20.0 5.25
21.0 5.5546875
22.0 5.1953125
23.0 5.4296875
24.0 5.2734375
25.0 5.1875
26.0 4.0390625
27.0 6.4140625
28.0 5.171875
29.0 5.2734375
30.0 5.3203125
31.0 5.1328125
32.0 5.1015625
33.0 5.234375
34.0 4.8046875
35.0 4.9453125
36.0 5.0390625
37.0 5.171875
38.0 5.3671875
39.0 5.453125
40.0 5.40625
41.0 4.9921875
42.0 4.0546875
43.0 3.578125
44.0 3.9375
45.0 3.8515625
46.0 2.625
47.0 5.3125
48.0 4.3046875
49.0 4.3984375
50.0 4.6328125
51.0 5.1328125
52.0 5.0703125
53.0 5.1640625
54.0 4.7734375
55.0 1.171875
56.0 7.0703125
57.0 4.0625
58.0 5.21875
59.0 4.3046875
60.0 4.3046875
61.0 5.3125
62.0 5.15625
63.0 4.8671875
64.0 0.8984375
65.0 5.796875
66.0 4.265625
67.0 4.75
68.0 4.421875
69.0 4.921875
70.0 4.296875
71.0 4.15625
72.0 4.6328125
73.0 2.375
74.0 1.2890625
75.0 1.109375
76.0 3.8515625
77.0 4.171875
78.0 1.09375
79.0 5.546875
80.0 2.1875
81.0 2.3984375
82.0 5.1328125
83.0 4.4140625
84.0 6.203125
85.0 4.796875
86.0 4.5625
87.0 4.21875
88.0 4.3828125
89.0 5.125
90.0 5.1640625
91.0 4.6953125
92.0 4.28125
93.0 4.8125
94.0 5.203125
95.0 5.125
96.0 3.5546875
97.0 0.609375
98.0 7.9921875
99.0 4.4140625
100.0 4.6484375
101.0 4.859375
102.0 4.0703125
103.0 5.421875
104.0 4.71875
105.0 2.21875
106.0 7.640625
107.0 4.0234375
108.0 3.2890625
109.0 1.4609375
110.0 3.4375
111.0 0.0
112.0 0.3125
113.0 5.015625
114.0 5.171875
115.0 5.2265625
116.0 5.0703125
117.0 5.234375
118.0 5.1953125
119.0 5.6328125
120.0 5.28125
121.0 5.4609375
122.0 5.3125
123.0 5.3828125
124.0 5.2890625
125.0 5.5234375
126.0 5.3359375
127.0 5.203125
128.0 5.125
129.0 5.15625
130.0 5.2265625
131.0 5.5546875
132.0 5.4609375
133.0 5.1875
134.0 4.828125
135.0 5.2734375
136.0 4.0234375
137.0 1.4375
138.0 9.0
139.0 4.6875
140.0 3.171875
141.0 3.40625
142.0 6.9765625
143.0 4.796875
144.0 4.6953125
145.0 4.390625
146.0 4.3359375
147.0 3.734375
148.0 4.71875
149.0 4.234375
150.0 4.1328125
151.0 4.5625
152.0 4.1796875
153.0 3.9453125
154.0 1.171875
155.0 7.25
156.0 3.9921875
157.0 5.1640625
158.0 5.2265625
159.0 5.1640625
160.0 5.1953125
161.0 5.125
162.0 0.6015625
163.0 9.6328125
164.0 4.84375
165.0 5.234375
166.0 5.171875
167.0 5.1640625
168.0 5.3671875
169.0 5.1640625
170.0 5.2265625
171.0 5.1640625
172.0 5.2890625
173.0 5.1953125
174.0 5.28125
175.0 0.8984375
176.0 8.7890625
177.0 4.625
178.0 5.140625
179.0 5.1640625
180.0 4.7421875
181.0 5.515625
182.0 5.046875
183.0 4.984375
184.0 4.9921875
185.0 5.046875
186.0 5.0234375
187.0 5.4609375
188.0 5.3125
189.0 4.359375
190.0 3.34375
191.0 4.0234375
192.0 5.078125
193.0 4.1484375
194.0 5.7890625
195.0 4.6484375
196.0 4.21875
197.0 4.875
198.0 4.203125
199.0 0.8046875
200.0 8.0
201.0 3.4453125
202.0 3.5625
203.0 3.8515625
204.0 4.8671875
205.0 4.515625
206.0 4.03125
207.0 4.53125
208.0 4.21875
209.0 2.7421875
210.0 1.1640625
211.0 0.0
212.0 5.9921875
213.0 5.6015625
214.0 5.6953125
215.0 5.2734375
216.0 4.46875
217.0 4.203125
218.0 0.5234375
219.0 7.3125
220.0 3.9453125
221.0 4.328125
222.0 3.9921875
223.0 3.9453125
224.0 4.6875
225.0 4.7109375
226.0 5.0703125
227.0 5.1328125
228.0 5.1328125
229.0 2.375
230.0 8.6484375
231.0 4.78125
232.0 5.2734375
233.0 5.578125
234.0 4.5390625
235.0 3.6171875
236.0 4.2421875
237.0 2.484375
238.0 5.8203125
239.0 2.28125
240.0 4.90625
241.0 4.9296875
242.0 4.7734375
243.0 4.7578125
244.0 4.4765625
245.0 3.7109375
246.0 1.2421875
247.0 7.4296875
248.0 4.53125
249.0 4.890625
250.0 4.7421875
251.0 4.3984375
252.0 0.9375
253.0 8.765625
254.0 4.59375
255.0 2.1796875
256.0 7.2890625
257.0 3.5859375
258.0 1.40625
259.0 1.5546875
260.0 3.7890625
261.0 5.0546875
262.0 4.875
263.0 2.0625
264.0 7.1640625
265.0 4.859375
266.0 4.8046875
267.0 4.9453125
268.0 4.7734375
269.0 3.8828125
270.0 2.8203125
271.0 5.5546875
272.0 5.1640625
273.0 4.234375
274.0 3.5625
275.0 3.3203125
276.0 4.5625
277.0 4.3046875
278.0 0.1015625
279.0 9.078125
280.0 4.8046875
281.0 2.78125
282.0 1.828125
283.0 6.75
284.0 4.84375
285.0 4.9453125
286.0 4.3671875
287.0 4.5078125
288.0 4.3203125
289.0 4.234375
290.0 4.0703125
291.0 4.390625
292.0 4.4140625
293.0 3.0703125
294.0 1.2578125
295.0 6.6015625
296.0 4.0859375
297.0 3.875
298.0 4.3046875
299.0 4.0625
300.0 3.328125
301.0 0.0
302.0 9.265625
303.0 4.125
304.0 4.3828125
305.0 4.53125
306.0 4.5390625
307.0 4.234375
308.0 3.1328125
309.0 3.4765625
310.0 4.328125
311.0 4.453125
312.0 4.953125
313.0 5.2265625
314.0 1.296875
315.0 8.8359375
316.0 5.21875
317.0 5.0546875
318.0 5.0703125
319.0 5.6015625
320.0 3.625
321.0 0.421875
322.0 0.0
323.0 0.0
324.0 0.0
325.0 0.0
326.0 5.2890625
327.0 2.0625
328.0 3.0
329.0 2.6875
330.0 3.265625
331.0 1.796875
332.0 1.296875
333.0 2.046875
334.0 2.65625
335.0 2.78125
336.0 3.9375
337.0 4.2109375
338.0 5.109375
339.0 4.25
340.0 5.28125
341.0 5.2578125
342.0 4.984375
343.0 4.8671875
344.0 5.234375
345.0 5.0078125
346.0 5.140625
347.0 1.703125
348.0 8.59375
349.0 5.40625
350.0 5.2734375
351.0 5.125
352.0 5.5234375
353.0 5.3125
354.0 1.6171875
355.0 8.8515625
356.0 5.484375
357.0 5.4609375
358.0 5.4921875
359.0 5.171875
360.0 5.203125
361.0 2.421875
362.0 8.1171875
363.0 5.046875
364.0 5.0390625
365.0 5.3984375
366.0 5.53125
367.0 5.4921875
368.0 5.2265625
369.0 5.0859375
370.0 5.21875
371.0 5.21875
372.0 5.421875
373.0 5.3125
374.0 5.3515625
375.0 3.46875
376.0 6.9765625
377.0 5.3125
378.0 5.3203125
379.0 2.5390625
380.0 7.78125
381.0 5.203125
382.0 4.4765625
383.0 4.6875
384.0 3.609375
385.0 1.9453125
386.0 7.5234375
387.0 4.890625
388.0 4.90625
389.0 5.3359375
390.0 4.921875
391.0 4.5703125
392.0 4.953125
393.0 4.71875
394.0 2.9609375
395.0 3.96875
396.0 4.5703125
397.0 4.8984375
398.0 4.421875
399.0 1.0234375
400.0 0.0
401.0 7.8359375
402.0 4.1875
403.0 4.9921875
404.0 4.8125
405.0 2.2734375
406.0 7.4609375
407.0 5.3515625
408.0 5.109375
409.0 5.421875
410.0 5.0078125
411.0 4.875
412.0 5.125
413.0 4.921875
414.0 4.3515625
415.0 3.1796875
416.0 0.0
417.0 0.046875
418.0 7.140625
419.0 4.984375
420.0 4.4140625
421.0 4.8125
422.0 5.5234375
423.0 4.8359375
424.0 4.15625
425.0 5.0390625
426.0 5.15625
427.0 3.4453125
428.0 6.9765625
429.0 5.1953125
430.0 5.1953125
431.0 4.7265625
432.0 4.53125
433.0 4.8671875
434.0 4.6875
435.0 4.9765625
436.0 4.6015625
437.0 2.59375
438.0 2.984375
439.0 4.828125
440.0 4.2421875
441.0 5.0390625
442.0 4.84375
443.0 4.5390625
444.0 3.3125
445.0 0.0
446.0 8.40625
447.0 3.3203125
448.0 4.8125
449.0 4.84375
450.0 4.828125
451.0 3.9140625
452.0 3.0546875
453.0 4.6015625
454.0 4.7421875
455.0 4.65625
456.0 4.828125
457.0 5.3359375
458.0 1.0546875
459.0 8.765625
460.0 4.5625
461.0 4.8984375
462.0 4.90625
463.0 4.71875
464.0 3.3828125
465.0 5.6484375
466.0 5.0546875
467.0 5.1015625
468.0 4.6796875
469.0 2.1328125
470.0 6.703125
471.0 4.6640625
472.0 4.796875
473.0 5.1875
474.0 4.875
475.0 2.8125
476.0 4.1328125
477.0 5.2265625
478.0 4.9609375
479.0 4.53125
480.0 2.1484375
481.0 2.1953125
482.0 1.4140625
483.0 0.0
484.0 7.9140625
485.0 3.96875
486.0 4.15625
487.0 4.0859375
488.0 3.0234375
489.0 2.453125
490.0 0.75
491.0 4.84375
492.0 4.6953125
493.0 4.8125
494.0 4.6875
495.0 5.0546875
496.0 5.3359375
497.0 5.484375
498.0 5.21875
499.0 5.8203125
500.0 4.953125
501.0 5.234375
502.0 5.21875
503.0 2.984375
504.0 7.125
505.0 5.0703125
506.0 5.3203125
507.0 5.53125
508.0 5.4296875
509.0 5.109375
510.0 4.984375
511.0 5.3984375
512.0 5.4375
513.0 5.453125
514.0 5.2578125
515.0 4.84375
516.0 5.40625
517.0 4.9921875
518.0 4.984375
519.0 4.953125
520.0 4.9609375
521.0 1.265625
522.0 6.984375
523.0 1.734375
524.0 3.8203125
525.0 4.0234375
526.0 4.7265625
527.0 5.2578125
528.0 5.171875
529.0 4.6640625
530.0 0.3359375
531.0 10.3828125
532.0 5.171875
533.0 3.5859375
534.0 6.2734375
535.0 5.234375
536.0 5.3984375
537.0 5.1875
538.0 5.2265625
539.0 5.125
540.0 4.8671875
541.0 4.859375
542.0 4.6328125
543.0 4.875
544.0 4.8671875
545.0 5.21875
546.0 4.84375
547.0 0.2578125
548.0 9.453125
549.0 4.4140625
550.0 0.9296875
551.0 0.0
552.0 1.65625
553.0 7.7890625
554.0 5.734375
555.0 3.5546875
556.0 2.8125
557.0 2.9609375
558.0 5.5546875
559.0 5.375
560.0 5.21875
561.0 5.0703125
562.0 4.796875
563.0 4.6015625
564.0 4.53125
565.0 1.1484375
566.0 6.3046875
567.0 1.4375
568.0 3.578125
569.0 4.5625
570.0 4.8046875
571.0 4.484375
572.0 2.2734375
573.0 6.0625
574.0 4.890625
575.0 4.875
576.0 4.828125
577.0 4.9921875
578.0 4.421875
579.0 4.1484375
580.0 4.9765625
581.0 4.71875
582.0 3.890625
583.0 4.0078125
584.0 4.25
585.0 3.7890625
586.0 4.65625
587.0 4.421875
588.0 4.4765625
589.0 4.6796875
590.0 4.7578125
591.0 4.3359375
592.0 2.3046875
593.0 3.265625
594.0 4.359375
595.0 2.1484375
596.0 4.5390625
597.0 3.4921875
598.0 3.890625
599.0 3.265625
