0.0 4.6328125
1.0 4.390625
2.0 4.2421875
3.0 4.3828125
4.0 4.3515625
5.0 4.3203125
6.0 4.390625
7.0 4.3359375
8.0 4.515625
9.0 3.7578125
10.0 0.390625
11.0 9.015625
12.0 4.359375
13.0 4.390625
14.0 3.921875
15.0 0.359375
16.0 8.9453125
17.0 4.4453125
18.0 4.4296875
19.0 4.6015625
20.0 4.390625
21.0 4.3515625
22.0 4.3515625
23.0 4.359375
24.0 4.2421875
25.0 4.1796875
26.0 4.4140625
27.0 4.328125
28.0 0.1953125
29.0 8.59375
30.0 4.4453125
31.0 4.3671875
32.0 4.28125
33.0 4.3828125
34.0 0.703125
35.0 7.9296875
36.0 4.5
37.0 4.3359375
38.0 4.4296875
39.0 4.2109375
40.0 4.3046875
41.0 4.390625
42.0 4.328125
43.0 4.4140625
44.0 4.4140625
45.0 4.484375
46.0 4.4453125
47.0 0.71875
48.0 8.3828125
49.0 4.3203125
50.0 4.4765625
51.0 4.296875
52.0 2.1640625
53.0 6.6875
54.0 4.2109375
55.0 4.265625
56.0 4.3515625
57.0 4.25
58.0 4.484375
59.0 4.1484375
60.0 4.1875
61.0 4.296875
62.0 4.15625
63.0 4.3203125
64.0 4.265625
65.0 2.6640625
66.0 5.75
67.0 4.234375
68.0 4.265625
69.0 1.5
70.0 6.9296875
71.0 4.3203125
72.0 4.2734375
73.0 1.59375
74.0 6.8984375
75.0 4.328125
76.0 4.4453125
77.0 4.3203125
78.0 4.3203125
79.0 4.28125
80.0 4.3515625
81.0 4.4765625
82.0 4.359375
83.0 4.453125
84.0 4.3828125
85.0 4.3671875
86.0 4.515625
87.0 3.3515625
88.0 5.6015625
89.0 4.53125
90.0 4.5390625
91.0 1.625
92.0 7.2421875
93.0 4.53125
94.0 4.4453125
95.0 4.3671875
96.0 4.4296875
97.0 4.3828125
98.0 4.265625
99.0 4.421875
100.0 4.234375
101.0 4.46875
102.0 4.296875
103.0 4.4296875
104.0 4.421875
105.0 0.375
106.0 8.2109375
107.0 4.4453125
108.0 4.6796875
109.0 4.265625
110.0 1.96875
111.0 6.8046875
112.0 4.1171875
113.0 4.859375
114.0 4.484375
115.0 4.46875
116.0 4.515625
117.0 4.359375
118.0 4.53125
119.0 4.3671875
120.0 4.390625
121.0 4.5078125
122.0 4.21875
123.0 4.3984375
124.0 4.453125
125.0 4.5390625
126.0 4.3828125
127.0 1.1328125
128.0 7.9296875
129.0 4.46875
130.0 4.390625
131.0 2.4609375
132.0 6.453125
133.0 4.390625
134.0 4.390625
135.0 4.3828125
136.0 4.5
137.0 4.4453125
138.0 4.4453125
139.0 4.3515625
140.0 4.328125
141.0 4.3203125
142.0 4.25
143.0 4.125
144.0 0.5078125
145.0 8.7734375
146.0 4.3828125
147.0 4.359375
148.0 4.3046875
149.0 4.53125
150.0 4.4140625
151.0 4.359375
152.0 0.8359375
153.0 8.078125
154.0 4.328125
155.0 4.453125
156.0 4.421875
157.0 4.3984375
158.0 4.28125
159.0 4.171875
160.0 4.3046875
161.0 4.328125
162.0 2.4140625
163.0 6.421875
164.0 4.296875
165.0 4.296875
166.0 4.2421875
167.0 4.3984375
168.0 4.4453125
169.0 4.3671875
170.0 4.3828125
171.0 0.6953125
172.0 8.2578125
173.0 4.5078125
174.0 4.28125
175.0 4.2421875
176.0 4.3359375
177.0 1.703125
178.0 6.796875
179.0 4.46875
180.0 4.3671875
181.0 4.4296875
182.0 4.484375
183.0 4.4453125
184.0 4.390625
185.0 4.3359375
186.0 4.3984375
187.0 4.5078125
188.0 4.453125
189.0 4.546875
190.0 4.5625
191.0 4.328125
192.0 4.4140625
193.0 4.3984375
194.0 4.515625
195.0 4.53125
196.0 4.4296875
197.0 4.4765625
198.0 4.46875
199.0 3.5234375
200.0 0.5859375
201.0 8.8828125
202.0 4.15625
203.0 4.1875
204.0 4.25
205.0 3.34375
206.0 0.0
207.0 8.9375
208.0 4.296875
209.0 4.265625
210.0 4.1015625
211.0 4.234375
212.0 4.234375
213.0 4.359375
214.0 4.296875
215.0 4.234375
216.0 4.3828125
217.0 4.21875
218.0 3.2890625
219.0 0.328125
220.0 8.921875
221.0 4.328125
222.0 4.1796875
223.0 0.7265625
224.0 7.8828125
225.0 4.234375
226.0 4.28125
227.0 4.1171875
228.0 4.1875
229.0 4.1015625
230.0 4.203125
231.0 4.390625
232.0 4.25
233.0 4.25
234.0 4.265625
235.0 4.3984375
236.0 0.2578125
237.0 8.3125
238.0 4.2421875
239.0 4.2421875
240.0 4.296875
241.0 4.328125
242.0 1.0
243.0 7.6171875
244.0 4.3828125
245.0 4.3359375
246.0 4.2734375
247.0 4.2109375
248.0 4.3359375
249.0 4.1796875
250.0 4.2734375
251.0 4.2421875
252.0 4.1875
253.0 4.328125
254.0 4.2109375
255.0 0.0390625
256.0 8.6171875
257.0 4.2421875
258.0 4.3828125
259.0 4.25
260.0 4.3203125
261.0 0.0
262.0 8.3828125
263.0 4.5390625
264.0 4.3203125
265.0 4.3984375
266.0 4.28125
267.0 4.4140625
268.0 4.5078125
269.0 4.3359375
270.0 4.390625
271.0 4.3984375
272.0 4.4296875
273.0 4.3046875
274.0 4.421875
275.0 4.4453125
276.0 4.5
277.0 0.3671875
278.0 8.6015625
279.0 4.328125
280.0 4.46875
281.0 4.203125
282.0 2.0703125
283.0 6.890625
284.0 4.453125
285.0 4.3671875
286.0 4.5078125
287.0 4.5
288.0 4.484375
289.0 4.5390625
290.0 4.46875
291.0 4.6484375
292.0 4.5078125
293.0 1.8046875
294.0 7.1015625
295.0 4.3203125
296.0 4.4765625
297.0 4.421875
298.0 4.4296875
299.0 3.171875
300.0 5.8125
301.0 4.546875
302.0 4.5703125
303.0 4.6796875
304.0 4.578125
305.0 4.6796875
306.0 4.6796875
307.0 4.5703125
308.0 4.4140625
309.0 4.53125
310.0 4.6875
311.0 4.4453125
312.0 4.5703125
313.0 1.8515625
314.0 7.375
315.0 4.625
316.0 2.0
317.0 7.140625
318.0 4.625
319.0 4.6953125
320.0 4.421875
321.0 4.4296875
322.0 4.7109375
323.0 4.6328125
324.0 4.6484375
325.0 4.65625
326.0 4.53125
327.0 4.5625
328.0 4.7734375
329.0 4.5
330.0 0.140625
331.0 8.8515625
332.0 4.4765625
333.0 4.484375
334.0 4.4765625
335.0 2.9375
336.0 6.0625
337.0 4.6015625
338.0 4.609375
339.0 4.65625
340.0 4.6796875
341.0 4.65625
342.0 4.6328125
343.0 4.546875
344.0 4.484375
345.0 4.6015625
346.0 4.5078125
347.0 4.515625
348.0 0.1953125
349.0 8.6171875
350.0 4.4296875
351.0 4.4296875
352.0 4.234375
353.0 4.515625
354.0 4.59375
355.0 0.8828125
356.0 7.9921875
357.0 4.2734375
358.0 4.0703125
359.0 4.4140625
360.0 4.3203125
361.0 4.296875
362.0 4.1875
363.0 3.859375
364.0 4.28125
365.0 4.59375
366.0 4.625
367.0 4.4765625
368.0 2.4765625
369.0 6.09375
370.0 4.515625
371.0 4.4765625
372.0 4.4765625
373.0 3.46875
374.0 5.4296875
375.0 4.328125
376.0 4.4765625
377.0 4.2734375
378.0 4.5625
379.0 4.484375
380.0 4.4140625
381.0 4.359375
382.0 4.5078125
383.0 3.859375
384.0 5.0703125
385.0 4.5078125
386.0 4.5
387.0 4.4140625
388.0 4.5078125
389.0 4.5078125
390.0 4.515625
391.0 4.4453125
392.0 4.46875
393.0 3.1796875
394.0 5.765625
395.0 4.4453125
396.0 4.53125
397.0 4.484375
398.0 4.53125
399.0 4.546875
400.0 4.3046875
401.0 4.6796875
402.0 4.5703125
403.0 4.3984375
404.0 4.5
405.0 4.5078125
406.0 4.546875
407.0 2.5625
408.0 6.2109375
409.0 4.390625
410.0 4.53125
411.0 4.5
412.0 4.5078125
413.0 0.25
414.0 8.65625
415.0 4.515625
416.0 4.3984375
417.0 4.515625
418.0 4.3828125
419.0 1.734375
420.0 7.1875
421.0 1.7734375
422.0 7.34375
423.0 4.65625
424.0 4.5625
425.0 4.4765625
426.0 4.515625
427.0 4.5390625
428.0 4.3203125
429.0 4.609375
430.0 4.4765625
431.0 4.5390625
432.0 4.59375
433.0 4.578125
434.0 4.625
435.0 4.59375
436.0 4.46875
437.0 4.5703125
438.0 4.421875
439.0 4.4453125
440.0 4.6484375
441.0 4.328125
442.0 4.3671875
443.0 4.46875
444.0 3.8203125
445.0 0.8125
446.0 8.890625
447.0 4.46875
448.0 4.3828125
449.0 1.2578125
450.0 7.4375
451.0 4.3671875
452.0 4.4453125
453.0 4.3828125
454.0 4.4765625
455.0 4.5078125
456.0 4.546875
457.0 4.328125
458.0 4.2734375
459.0 4.3671875
460.0 4.515625
461.0 4.46875
462.0 0.3984375
463.0 8.5078125
464.0 4.46875
465.0 4.625
466.0 4.625
467.0 4.515625
468.0 4.5390625
469.0 0.875
470.0 8.3125
471.0 4.3984375
472.0 4.515625
473.0 4.546875
474.0 4.4453125
475.0 4.3671875
476.0 4.4140625
477.0 4.5390625
478.0 4.546875
479.0 4.5625
480.0 4.484375
481.0 3.9453125
482.0 4.8671875
483.0 4.3984375
484.0 4.2734375
485.0 4.2109375
486.0 4.25
487.0 4.3359375
488.0 0.671875
489.0 8.3515625
490.0 4.453125
491.0 4.4140625
492.0 4.4453125
493.0 4.46875
494.0 4.390625
495.0 4.265625
496.0 4.578125
497.0 4.59375
498.0 4.515625
499.0 4.515625
500.0 4.4296875
501.0 1.734375
502.0 6.6171875
503.0 4.4453125
504.0 4.3984375
505.0 4.421875
506.0 3.3515625
507.0 5.1640625
508.0 4.0859375
509.0 4.1484375
510.0 4.328125
511.0 4.1171875
512.0 4.0703125
513.0 4.1875
514.0 4.2734375
515.0 4.3515625
516.0 4.21875
517.0 4.3046875
518.0 4.328125
519.0 4.2421875
520.0 4.359375
521.0 4.421875
522.0 4.203125
523.0 4.15625
524.0 4.421875
525.0 4.484375
526.0 4.3203125
527.0 4.390625
528.0 1.859375
529.0 6.953125
530.0 4.3359375
531.0 4.4140625
532.0 4.265625
533.0 2.375
534.0 6.46875
535.0 4.5703125
536.0 4.3828125
537.0 4.3515625
538.0 4.359375
539.0 4.3046875
540.0 4.3828125
541.0 4.25
542.0 4.3046875
543.0 4.46875
544.0 4.296875
545.0 4.3203125
546.0 4.3828125
547.0 0.1328125
548.0 8.8984375
549.0 4.6015625
550.0 4.578125
551.0 4.4765625
552.0 1.09375
553.0 8.1640625
554.0 4.6015625
555.0 4.3984375
556.0 4.4453125
557.0 4.359375
558.0 4.359375
559.0 4.328125
560.0 4.515625
561.0 4.4765625
562.0 4.3671875
563.0 4.4453125
564.0 4.59375
565.0 0.578125
566.0 8.46875
567.0 4.28125
568.0 4.3828125
569.0 1.890625
570.0 6.9609375
571.0 4.421875
572.0 4.5625
573.0 4.5
574.0 4.5390625
575.0 4.453125
576.0 4.6328125
577.0 1.9375
578.0 7.1328125
579.0 4.4453125
580.0 4.3828125
581.0 4.5625
582.0 4.515625
583.0 4.3828125
584.0 4.3671875
585.0 4.515625
586.0 4.4453125
587.0 4.3828125
588.0 4.328125
589.0 4.46875
590.0 4.3359375
591.0 2.1484375
592.0 6.328125
593.0 4.578125
594.0 4.484375
595.0 4.3828125
596.0 4.4296875
597.0 0.78125
598.0 8.1484375
599.0 4.46875
