0.0 5.15625
1.0 5.1953125
2.0 5.171875
3.0 5.28125
4.0 5.40625
5.0 5.3671875
6.0 5.171875
7.0 5.3046875
8.0 5.203125
9.0 5.109375
10.0 5.171875
11.0 5.0546875
12.0 1.96875
13.0 8.5
14.0 5.515625
15.0 5.109375
16.0 5.0546875
17.0 5.15625
18.0 2.1328125
19.0 7.8828125
20.0 4.921875
21.0 5.078125
22.0 5.015625
23.0 5.15625
24.0 5.0234375
25.0 4.9765625
26.0 5.0234375
27.0 4.921875
28.0 4.9921875
29.0 5.140625
30.0 5.046875
31.0 5.0390625
32.0 0.0703125
33.0 9.8984375
34.0 4.90625
35.0 4.625
36.0 4.9609375
37.0 0.9296875
38.0 9.3125
39.0 5.2265625
40.0 5.15625
41.0 4.9296875
42.0 5.0078125
43.0 4.8359375
44.0 5.1015625
45.0 5.1953125
46.0 4.9765625
47.0 5.203125
48.0 5.1640625
49.0 5.234375
50.0 5.046875
51.0 5.1875
52.0 4.984375
53.0 5.109375
54.0 3.6796875
55.0 6.3359375
56.0 5.34375
57.0 5.3046875
58.0 5.2578125
59.0 5.1953125
60.0 3.9453125
61.0 6.15625
62.0 5.015625
63.0 5.421875
64.0 5.2734375
65.0 5.28125
66.0 5.15625
67.0 5.1328125
68.0 5.015625
69.0 5.28125
70.0 5.1953125
71.0 5.015625
72.0 5.34375
73.0 4.9765625
74.0 0.984375
75.0 9.4921875
76.0 5.1015625
77.0 5.046875
78.0 5.40625
79.0 2.1875
80.0 6.328125
81.0 7.0390625
82.0 3.28125
83.0 7.0703125
84.0 5.34375
85.0 5.0390625
86.0 3.2265625
87.0 6.796875
88.0 5.203125
89.0 5.0859375
90.0 4.953125
91.0 5.015625
92.0 5.2578125
93.0 5.125
94.0 5.3046875
95.0 5.015625
96.0 5.2578125
97.0 5.0546875
98.0 5.1328125
99.0 5.0859375
100.0 5.0234375
101.0 1.796875
102.0 8.1796875
103.0 5.3671875
104.0 5.203125
105.0 1.96875
106.0 8.03125
107.0 5.046875
108.0 5.0546875
109.0 4.859375
110.0 4.828125
111.0 5.1875
112.0 5.078125
113.0 5.1328125
114.0 4.890625
115.0 4.625
116.0 4.625
117.0 4.796875
118.0 3.8828125
119.0 5.890625
120.0 5.078125
121.0 5.015625
122.0 5.0546875
123.0 4.15625
124.0 5.609375
125.0 4.8984375
126.0 4.890625
127.0 5.203125
128.0 5.078125
129.0 5.0703125
130.0 5.078125
131.0 5.0234375
132.0 5.046875
133.0 5.125
134.0 4.953125
135.0 5.3515625
136.0 5.28125
137.0 2.375
138.0 7.875
139.0 5.1875
140.0 5.0390625
141.0 4.203125
142.0 5.6953125
143.0 5.1640625
144.0 5.2265625
145.0 5.2265625
146.0 5.1328125
147.0 5.1875
148.0 5.0859375
149.0 5.25
150.0 4.8984375
151.0 5.2265625
152.0 5.234375
153.0 5.3203125
154.0 5.34375
155.0 0.4921875
156.0 9.640625
157.0 4.890625
158.0 5.0859375
159.0 4.9921875
160.0 5.28125
161.0 5.2265625
162.0 0.578125
163.0 9.9921875
164.0 5.203125
165.0 4.8984375
166.0 5.0390625
167.0 5.0703125
168.0 5.2890625
169.0 5.3359375
170.0 5.3046875
171.0 5.2265625
172.0 5.234375
173.0 5.2578125
174.0 5.1328125
175.0 0.359375
176.0 9.984375
177.0 5.2890625
178.0 5.3671875
179.0 5.203125
180.0 5.1875
181.0 5.3984375
182.0 5.0703125
183.0 4.90625
184.0 4.9921875
185.0 5.0703125
186.0 5.203125
187.0 4.9921875
188.0 5.1328125
189.0 5.0859375
190.0 5.1640625
191.0 4.953125
192.0 4.90625
193.0 1.328125
194.0 8.859375
195.0 5.3046875
196.0 5.171875
197.0 5.109375
198.0 5.1640625
199.0 5.0234375
200.0 5.171875
201.0 5.1015625
202.0 5.0234375
203.0 5.046875
204.0 5.0234375
205.0 4.28125
206.0 5.6171875
207.0 5.0703125
208.0 5.046875
209.0 5.0234375
210.0 3.4375
211.0 6.78125
212.0 5.0703125
213.0 5.0703125
214.0 5.0703125
215.0 5.1015625
216.0 4.8984375
217.0 5.203125
218.0 5.1640625
219.0 5.1875
220.0 5.34375
221.0 5.234375
222.0 4.84375
223.0 2.1484375
224.0 7.9140625
225.0 5.2578125
226.0 5.203125
227.0 5.125
228.0 3.5859375
229.0 6.6796875
230.0 3.203125
231.0 6.53125
232.0 5.1953125
233.0 5.171875
234.0 5.3046875
235.0 5.0546875
236.0 4.9453125
237.0 5.21875
238.0 3.375
239.0 7.0390625
240.0 5.171875
241.0 5.15625
242.0 5.234375
243.0 5.3359375
244.0 5.3203125
245.0 5.25
246.0 5.1953125
247.0 5.1328125
248.0 5.3984375
249.0 5.15625
250.0 5.3984375
251.0 5.4375
252.0 5.4609375
253.0 4.6484375
254.0 6.0078125
255.0 5.5546875
256.0 5.4609375
257.0 5.3671875
258.0 2.0390625
259.0 8.703125
260.0 5.25
261.0 5.484375
262.0 5.34375
263.0 5.28125
264.0 5.2734375
265.0 5.0859375
266.0 5.3203125
267.0 5.3984375
268.0 5.4609375
269.0 5.3671875
270.0 5.375
271.0 2.359375
272.0 7.9609375
273.0 5.28125
274.0 5.3828125
275.0 5.2578125
276.0 3.4921875
277.0 7.1953125
278.0 5.40625
279.0 5.15625
280.0 5.2734375
281.0 5.078125
282.0 5.171875
283.0 5.1875
284.0 5.1875
285.0 5.2890625
286.0 5.3671875
287.0 5.2890625
288.0 5.3203125
289.0 5.2890625
290.0 0.3046875
291.0 10.171875
292.0 5.3203125
293.0 5.28125
294.0 5.4296875
295.0 5.15625
296.0 1.8359375
297.0 8.5234375
298.0 5.203125
299.0 5.171875
300.0 5.140625
301.0 5.125
302.0 5.3828125
303.0 5.21875
304.0 5.21875
305.0 5.0859375
306.0 5.15625
307.0 4.9921875
308.0 2.90625
309.0 7.28125
310.0 5.140625
311.0 5.0703125
312.0 5.0390625
313.0 5.109375
314.0 5.0078125
315.0 4.9765625
316.0 0.875
317.0 9.1953125
318.0 5.25
319.0 5.0234375
320.0 5.140625
321.0 5.21875
322.0 4.8984375
323.0 4.9609375
324.0 3.375
325.0 4.796875
326.0 6.8125
327.0 4.984375
328.0 5.015625
329.0 5.1015625
330.0 5.140625
331.0 5.078125
332.0 5.0390625
333.0 5.2265625
334.0 3.5625
335.0 6.8828125
336.0 4.9453125
337.0 5.1953125
338.0 5.1953125
339.0 5.15625
340.0 3.3828125
341.0 7.03125
342.0 5.2890625
343.0 5.3828125
344.0 5.2734375
345.0 5.0390625
346.0 4.984375
347.0 5.0234375
348.0 5.1640625
349.0 5.3359375
350.0 5.4375
351.0 5.375
352.0 5.40625
353.0 5.25
354.0 5.109375
355.0 3.609375
356.0 6.734375
357.0 5.28125
358.0 5.171875
359.0 5.3203125
360.0 5.203125
361.0 5.1328125
362.0 3.3125
363.0 6.6875
364.0 5.140625
365.0 5.2890625
366.0 5.421875
367.0 5.3515625
368.0 5.1015625
369.0 5.0234375
370.0 5.0546875
371.0 5.0703125
372.0 4.9921875
373.0 5.109375
374.0 5.21875
375.0 5.171875
376.0 4.984375
377.0 0.1875
378.0 9.703125
379.0 4.953125
380.0 4.9453125
381.0 4.65625
382.0 5.3125
383.0 4.9765625
384.0 5.25
385.0 5.0234375
386.0 5.21875
387.0 5.109375
388.0 3.3828125
389.0 6.5078125
390.0 4.984375
391.0 5.171875
392.0 5.109375
393.0 5.2890625
394.0 5.015625
395.0 5.3046875
396.0 5.0234375
397.0 5.125
398.0 5.078125
399.0 5.34375
400.0 5.3125
401.0 5.1953125
402.0 4.515625
403.0 5.90625
404.0 5.1875
405.0 5.3203125
406.0 5.3125
407.0 5.2578125
408.0 3.234375
409.0 7.28125
410.0 5.2734375
411.0 5.3203125
412.0 5.234375
413.0 4.9921875
414.0 5.0390625
415.0 4.9453125
416.0 5.140625
417.0 5.25
418.0 5.25
419.0 5.1015625
420.0 5.1640625
421.0 3.203125
422.0 7.1953125
423.0 5.2890625
424.0 5.2734375
425.0 5.2578125
426.0 3.546875
427.0 7.2109375
428.0 5.1953125
429.0 5.078125
430.0 5.1640625
431.0 5.15625
432.0 5.28125
433.0 5.28125
434.0 4.53125
435.0 6.1484375
436.0 5.1875
437.0 5.25
438.0 3.3828125
439.0 6.890625
440.0 5.15625
441.0 5.2578125
442.0 5.203125
443.0 5.1640625
444.0 4.9765625
445.0 5.25
446.0 5.1015625
447.0 5.1640625
448.0 2.03125
449.0 8.1328125
450.0 5.1328125
451.0 5.1640625
452.0 4.9921875
453.0 5.171875
454.0 5.1015625
455.0 4.9453125
456.0 5.015625
457.0 4.796875
458.0 3.3671875
459.0 6.515625
460.0 4.9296875
461.0 5.015625
462.0 5.078125
463.0 4.9765625
464.0 3.4140625
465.0 6.6796875
466.0 5.078125
467.0 5.109375
468.0 4.921875
469.0 5.125
470.0 5.125
471.0 4.9921875
472.0 5.109375
473.0 5.140625
474.0 5.140625
475.0 5.2265625
476.0 5.203125
477.0 5.046875
478.0 5.0546875
479.0 1.7890625
480.0 8.421875
481.0 5.1953125
482.0 5.2578125
483.0 5.140625
484.0 2.6640625
485.0 7.546875
486.0 5.171875
487.0 5.1953125
488.0 5.140625
489.0 5.2890625
490.0 3.4921875
491.0 6.8671875
492.0 5.046875
493.0 5.109375
494.0 2.9296875
495.0 7.4921875
496.0 5.21875
497.0 5.1015625
498.0 5.1640625
499.0 5.25
500.0 5.3125
501.0 5.203125
502.0 5.171875
503.0 5.046875
504.0 5.2890625
505.0 5.3046875
506.0 5.3046875
507.0 5.4296875
508.0 5.3046875
509.0 0.46875
510.0 10.03125
511.0 5.234375
512.0 5.1875
513.0 1.8984375
514.0 8.71875
515.0 5.3828125
516.0 5.234375
517.0 5.2578125
518.0 5.28125
519.0 5.3203125
520.0 5.171875
521.0 5.125
522.0 5.3203125
523.0 5.078125
524.0 5.171875
525.0 4.890625
526.0 2.421875
527.0 7.4921875
528.0 4.953125
529.0 5.125
530.0 5.1640625
531.0 5.078125
532.0 1.203125
533.0 9.0078125
534.0 5.3515625
535.0 4.90625
536.0 4.9609375
537.0 5.0390625
538.0 5.1328125
539.0 5.1875
540.0 5.21875
541.0 5.1875
542.0 4.984375
543.0 4.984375
544.0 4.90625
545.0 2.96875
546.0 7.1328125
547.0 4.9609375
548.0 5.0703125
549.0 5.0859375
550.0 5.015625
551.0 1.2578125
552.0 8.6171875
553.0 4.6953125
554.0 5.046875
555.0 5.0546875
556.0 5.0859375
557.0 5.21875
558.0 3.375
559.0 6.5390625
560.0 4.9296875
561.0 4.9296875
562.0 5.15625
563.0 5.015625
564.0 5.15625
565.0 5.0859375
566.0 5.125
567.0 5.015625
568.0 5.0546875
569.0 5.078125
570.0 3.4609375
571.0 6.6875
572.0 5.1953125
573.0 5.2265625
574.0 5.3203125
575.0 5.15625
576.0 5.2890625
577.0 4.9609375
578.0 4.9765625
579.0 5.15625
580.0 5.1328125
581.0 5.25
582.0 3.65625
583.0 6.78125
584.0 5.3125
585.0 5.2265625
586.0 5.21875
587.0 5.234375
588.0 5.1015625
589.0 5.234375
590.0 5.0390625
591.0 5.34375
592.0 5.3046875
593.0 5.453125
594.0 5.2890625
595.0 5.3359375
596.0 5.3359375
597.0 0.2265625
598.0 10.2890625
599.0 5.25
