0.0 5.109375
1.0 5.3828125
2.0 5.125
3.0 5.1953125
4.0 5.25
5.0 5.421875
6.0 5.203125
7.0 5.453125
8.0 5.515625
9.0 5.1015625
10.0 5.078125
11.0 4.1015625
12.0 4.21875
13.0 4.75
14.0 4.203125
15.0 4.484375
16.0 4.25
17.0 4.5703125
18.0 4.6640625
19.0 4.6796875
20.0 4.8671875
21.0 4.9921875
22.0 5.203125
23.0 4.953125
24.0 5.234375
25.0 4.234375
26.0 5.2890625
27.0 4.8125
28.0 5.3125
29.0 5.28125
30.0 5.2265625
31.0 4.78125
32.0 4.90625
33.0 5.4921875
34.0 4.7578125
35.0 5.15625
36.0 4.515625
37.0 5.0859375
38.0 5.34375
39.0 4.9296875
40.0 4.6953125
41.0 4.0859375
42.0 4.875
43.0 4.5
44.0 4.875
45.0 5.0390625
46.0 5.21875
47.0 4.875
48.0 5.21875
49.0 4.984375
50.0 5.6015625
51.0 5.546875
52.0 3.0859375
53.0 8.3828125
54.0 5.5625
55.0 5.3828125
56.0 5.796875
57.0 5.546875
58.0 1.8359375
59.0 9.34375
60.0 5.1875
61.0 5.6953125
62.0 5.453125
63.0 5.5625
64.0 5.6171875
65.0 5.5234375
66.0 5.703125
67.0 5.5234375
68.0 5.4921875
69.0 5.3671875
70.0 4.8984375
71.0 6.53125
72.0 5.546875
73.0 5.4609375
74.0 5.546875
75.0 5.578125
76.0 5.5859375
77.0 5.609375
78.0 5.703125
79.0 5.4375
80.0 5.6484375
81.0 5.484375
82.0 4.6484375
83.0 6.7734375
84.0 5.515625
85.0 5.1328125
86.0 5.234375
87.0 5.609375
88.0 5.421875
89.0 5.40625
90.0 5.25
91.0 5.4296875
92.0 5.5234375
93.0 5.671875
94.0 5.3828125
95.0 5.6015625
96.0 5.6640625
97.0 5.2734375
98.0 5.3515625
99.0 5.34375
100.0 5.375
101.0 5.2734375
102.0 5.453125
103.0 5.453125
104.0 0.84375
105.0 9.953125
106.0 5.5
107.0 5.453125
108.0 5.34375
109.0 5.453125
110.0 5.109375
111.0 5.171875
112.0 5.6484375
113.0 5.3671875
114.0 5.078125
115.0 4.828125
116.0 5.421875
117.0 5.1875
118.0 5.2890625
119.0 5.1875
120.0 5.1875
121.0 5.5625
122.0 5.3828125
123.0 5.421875
124.0 5.515625
125.0 5.2890625
126.0 5.3671875
127.0 5.3984375
128.0 5.2265625
129.0 5.3671875
130.0 5.109375
131.0 5.203125
132.0 5.25
133.0 5.3515625
134.0 4.6484375
135.0 5.78125
136.0 5.25
137.0 5.0703125
138.0 5.25
139.0 5.078125
140.0 5.140625
141.0 5.0859375
142.0 5.109375
143.0 2.4296875
144.0 7.3125
145.0 4.984375
146.0 4.9609375
147.0 4.859375
148.0 4.7421875
149.0 4.359375
150.0 4.46875
151.0 5.046875
152.0 5.15625
153.0 5.28125
154.0 5.1015625
155.0 5.34375
156.0 5.2265625
157.0 5.25
158.0 0.96875
159.0 9.921875
160.0 5.3828125
161.0 5.5625
162.0 5.3515625
163.0 3.078125
164.0 7.8125
165.0 5.609375
166.0 5.375
167.0 5.6640625
168.0 5.609375
169.0 5.5
170.0 5.34375
171.0 5.5234375
172.0 5.6328125
173.0 5.7109375
174.0 5.3046875
175.0 4.5390625
176.0 6.5390625
177.0 5.40625
178.0 5.5859375
179.0 5.375
180.0 5.2890625
181.0 5.4921875
182.0 5.5234375
183.0 5.2890625
184.0 5.578125
185.0 5.5859375
186.0 5.484375
187.0 5.375
188.0 5.671875
189.0 5.671875
190.0 5.40625
191.0 5.6484375
192.0 5.4609375
193.0 4.75
194.0 6.484375
195.0 5.6015625
196.0 5.3671875
197.0 5.0234375
198.0 5.609375
199.0 5.4921875
200.0 5.578125
201.0 5.3828125
202.0 5.3359375
203.0 5.4296875
204.0 5.5625
205.0 5.515625
206.0 5.5
207.0 5.5546875
208.0 1.2421875
209.0 9.578125
210.0 5.4296875
211.0 5.6015625
212.0 5.3828125
213.0 1.828125
214.0 9.421875
215.0 5.453125
216.0 5.578125
217.0 5.453125
218.0 5.546875
219.0 5.546875
220.0 5.40625
221.0 5.375
222.0 5.6015625
223.0 5.7109375
224.0 5.578125
225.0 5.453125
226.0 5.6796875
227.0 5.6796875
228.0 5.2578125
229.0 5.53125
230.0 5.4375
231.0 5.3984375
232.0 3.0546875
233.0 7.984375
234.0 5.53125
235.0 5.34375
236.0 5.3515625
237.0 1.53125
238.0 9.0625
239.0 5.4609375
240.0 5.5546875
241.0 5.3515625
242.0 5.125
243.0 5.453125
244.0 5.3359375
245.0 5.0703125
246.0 5.3984375
247.0 5.21875
248.0 5.375
249.0 5.078125
250.0 5.125
251.0 5.3828125
252.0 5.2578125
253.0 5.3046875
254.0 5.3203125
255.0 5.1640625
256.0 5.4375
257.0 5.2578125
258.0 3.6796875
259.0 0.0
260.0 0.109375
261.0 12.1953125
262.0 4.6953125
263.0 4.1015625
264.0 4.625
265.0 3.7109375
266.0 5.890625
267.0 5.1875
268.0 5.2890625
269.0 5.25
270.0 5.2890625
271.0 5.140625
272.0 1.0546875
273.0 10.3125
274.0 5.4921875
275.0 5.3046875
276.0 5.1953125
277.0 3.828125
278.0 6.5859375
279.0 5.078125
280.0 5.3125
281.0 1.28125
282.0 9.0
283.0 4.828125
284.0 5.125
285.0 5.015625
286.0 5.1328125
287.0 4.9453125
288.0 5.28125
289.0 5.1015625
290.0 4.890625
291.0 5.0234375
292.0 5.046875
293.0 5.1953125
294.0 5.203125
295.0 5.1953125
296.0 1.8828125
297.0 9.4609375
298.0 5.6328125
299.0 5.2578125
300.0 5.0859375
301.0 5.34375
302.0 5.53125
303.0 5.421875
304.0 5.6015625
305.0 5.3671875
306.0 5.40625
307.0 5.2734375
308.0 5.7578125
309.0 5.3359375
310.0 5.3046875
311.0 5.3359375
312.0 5.5234375
313.0 3.6171875
314.0 7.4375
315.0 4.390625
316.0 4.515625
317.0 5.140625
318.0 5.2734375
319.0 5.234375
320.0 5.2578125
321.0 5.6328125
322.0 5.5234375
323.0 5.28125
324.0 5.2734375
325.0 5.1015625
326.0 5.1875
327.0 5.515625
328.0 5.34375
329.0 5.0234375
330.0 5.96875
331.0 5.3203125
332.0 5.25
333.0 5.6171875
334.0 5.3984375
335.0 5.3984375
336.0 5.765625
337.0 5.34375
338.0 5.4375
339.0 5.3984375
340.0 5.53125
341.0 5.6484375
342.0 5.515625
343.0 5.703125
344.0 5.4921875
345.0 5.4609375
346.0 5.5
347.0 5.7109375
348.0 5.8203125
349.0 5.6015625
350.0 5.3203125
351.0 5.6171875
352.0 5.5625
353.0 5.5859375
354.0 5.734375
355.0 5.5
356.0 5.578125
357.0 5.3203125
358.0 5.234375
359.0 4.8125
360.0 4.921875
361.0 4.90625
362.0 5.53125
363.0 5.53125
364.0 4.921875
365.0 4.65625
366.0 0.6328125
367.0 9.75
368.0 5.3984375
369.0 5.2890625
370.0 5.2578125
371.0 5.53125
372.0 5.3046875
373.0 5.4296875
374.0 5.453125
375.0 5.25
376.0 5.28125
377.0 5.3203125
378.0 5.3359375
379.0 5.546875
380.0 5.609375
381.0 5.5
382.0 5.40625
383.0 5.34375
384.0 5.34375
385.0 5.34375
386.0 0.84375
387.0 9.75
388.0 5.25
389.0 5.3984375
390.0 5.171875
391.0 5.2578125
392.0 5.0234375
393.0 5.25
394.0 5.0078125
395.0 5.015625
396.0 3.890625
397.0 6.6171875
398.0 5.2734375
399.0 4.875
400.0 5.0546875
401.0 5.171875
402.0 4.3984375
403.0 4.7734375
404.0 4.1796875
405.0 4.5
406.0 4.53125
407.0 4.59375
408.0 4.4765625
409.0 4.0078125
410.0 4.5078125
411.0 4.7421875
412.0 4.3046875
413.0 4.8671875
414.0 4.71875
415.0 4.984375
416.0 4.84375
417.0 5.1015625
418.0 4.328125
419.0 5.125
420.0 5.1953125
421.0 5.15625
422.0 5.3984375
423.0 5.28125
424.0 5.1953125
425.0 5.140625
426.0 5.234375
427.0 1.953125
428.0 8.4765625
429.0 5.0078125
430.0 5.40625
431.0 5.203125
432.0 5.015625
433.0 5.3828125
434.0 5.6015625
435.0 5.2578125
436.0 5.421875
437.0 5.6171875
438.0 5.578125
439.0 5.6015625
440.0 5.5234375
441.0 5.46875
442.0 5.6171875
443.0 5.4375
444.0 5.546875
445.0 0.96875
446.0 10.1171875
447.0 5.484375
448.0 5.53125
449.0 5.5625
450.0 5.3515625
451.0 5.609375
452.0 5.2890625
453.0 1.609375
454.0 9.7578125
455.0 5.484375
456.0 5.6328125
457.0 5.1328125
458.0 5.515625
459.0 5.53125
460.0 5.4921875
461.0 5.609375
462.0 5.5546875
463.0 5.765625
464.0 5.6328125
465.0 5.375
466.0 4.7578125
467.0 6.359375
468.0 5.3125
469.0 5.484375
470.0 5.6015625
471.0 5.3828125
472.0 3.2265625
473.0 7.640625
474.0 4.5078125
475.0 5.5625
476.0 5.53125
477.0 5.484375
478.0 5.5
479.0 5.375
480.0 5.3828125
481.0 5.3984375
482.0 5.546875
483.0 5.5234375
484.0 5.53125
485.0 5.6640625
486.0 5.5
487.0 5.578125
488.0 5.3046875
489.0 5.28125
490.0 5.2734375
491.0 5.3515625
492.0 5.515625
493.0 5.4296875
494.0 5.5234375
495.0 5.578125
496.0 5.578125
497.0 5.3515625
498.0 5.46875
499.0 1.953125
500.0 8.96875
501.0 5.421875
502.0 5.5234375
503.0 5.3203125
504.0 5.2734375
505.0 5.3515625
506.0 5.234375
507.0 5.3125
508.0 4.59375
509.0 4.6484375
510.0 5.0234375
511.0 4.71875
512.0 4.7578125
513.0 4.203125
514.0 4.546875
515.0 4.609375
516.0 4.7578125
517.0 5.0234375
518.0 5.109375
519.0 5.3984375
520.0 5.234375
521.0 5.2734375
522.0 3.53125
523.0 7.0625
524.0 3.7734375
525.0 6.5625
526.0 5.15625
527.0 5.2890625
528.0 5.0546875
529.0 5.1953125
530.0 5.1640625
531.0 5.0390625
532.0 5.2890625
533.0 5.234375
534.0 5.234375
535.0 5.4609375
536.0 5.1015625
537.0 5.2265625
538.0 4.78125
539.0 5.5625
540.0 5.28125
541.0 5.125
542.0 5.0859375
543.0 5.1640625
544.0 5.3046875
545.0 5.4296875
546.0 1.5
547.0 9.25
548.0 5.375
549.0 5.375
550.0 5.5
551.0 5.515625
552.0 5.453125
553.0 5.4296875
554.0 5.2734375
555.0 5.5625
556.0 5.3515625
557.0 5.3671875
558.0 5.4609375
559.0 5.3515625
560.0 5.515625
561.0 5.34375
562.0 1.765625
563.0 9.09375
564.0 5.515625
565.0 5.3515625
566.0 4.953125
567.0 6.078125
568.0 5.3515625
569.0 5.4921875
570.0 5.6484375
571.0 5.4609375
572.0 2.7890625
573.0 8.078125
574.0 5.34375
575.0 5.6171875
576.0 5.640625
577.0 5.5
578.0 5.453125
579.0 5.3203125
580.0 5.5
581.0 5.640625
582.0 5.4609375
583.0 5.25
584.0 5.578125
585.0 4.6328125
586.0 6.296875
587.0 5.015625
588.0 5.6015625
589.0 5.515625
590.0 5.3125
591.0 5.53125
592.0 5.53125
593.0 5.6796875
594.0 5.53125
595.0 4.828125
596.0 6.453125
597.0 5.5625
598.0 5.4296875
599.0 5.3359375
