0.0 5.0234375
1.0 5.5234375
2.0 5.7265625
3.0 4.84375
4.0 0.25
5.0 8.9765625
6.0 5.9453125
7.0 7.015625
8.0 6.234375
9.0 7.34375
10.0 7.4921875
11.0 7.21875
12.0 6.8046875
13.0 6.78125
14.0 6.359375
15.0 6.734375
16.0 2.6015625
17.0 10.3515625
18.0 5.2578125
19.0 5.2890625
20.0 6.8828125
21.0 6.125
22.0 6.265625
23.0 6.5
24.0 6.6015625
25.0 6.9765625
26.0 7.3359375
27.0 6.9296875
28.0 7.5078125
29.0 6.9921875
30.0 6.84375
31.0 7.1015625
32.0 5.8828125
33.0 3.9375
34.0 3.65625
35.0 4.578125
36.0 6.1796875
37.0 6.734375
38.0 7.1328125
39.0 6.8828125
40.0 6.59375
41.0 4.421875
42.0 3.859375
43.0 1.1484375
44.0 7.8359375
45.0 6.0390625
46.0 6.765625
47.0 5.765625
48.0 7.2734375
49.0 6.921875
50.0 7.09375
51.0 6.890625
52.0 5.7578125
53.0 6.0859375
54.0 6.0078125
55.0 6.765625
56.0 5.3671875
57.0 4.71875
58.0 6.1875
59.0 6.125
60.0 4.1484375
61.0 9.8359375
62.0 7.140625
63.0 7.3359375
64.0 3.6953125
65.0 11.328125
66.0 6.8984375
67.0 7.4375
68.0 6.9765625
69.0 6.9921875
70.0 7.1875
71.0 7.2734375
72.0 6.9609375
73.0 7.4609375
74.0 6.8828125
75.0 6.65625
76.0 6.796875
77.0 4.9296875
78.0 8.8515625
79.0 7.28125
80.0 6.890625
81.0 6.6015625
82.0 7.09375
83.0 6.7421875
84.0 6.65625
85.0 7.21875
86.0 6.859375
87.0 5.671875
88.0 5.6328125
89.0 3.671875
90.0 4.1484375
91.0 5.7578125
92.0 1.9453125
93.0 10.8046875
94.0 6.75
95.0 7.1640625
96.0 6.9140625
97.0 6.5390625
98.0 5.9453125
99.0 6.8828125
100.0 6.125
101.0 5.734375
102.0 4.65625
103.0 8.046875
104.0 6.4375
105.0 6.40625
106.0 6.2890625
107.0 6.953125
108.0 7.25
109.0 7.2109375
110.0 7.0078125
111.0 7.3125
112.0 7.2109375
113.0 7.359375
114.0 7.390625
115.0 7.09375
116.0 3.0
117.0 6.4140625
118.0 0.9296875
119.0 1.40625
120.0 2.1328125
121.0 3.859375
122.0 6.1171875
123.0 7.1015625
124.0 7.390625
125.0 7.0390625
126.0 7.1953125
127.0 7.1953125
128.0 2.875
129.0 11.953125
130.0 6.453125
131.0 5.46875
132.0 6.5546875
133.0 7.2734375
134.0 6.625
135.0 5.53125
136.0 1.5234375
137.0 11.0390625
138.0 6.5625
139.0 6.1875
140.0 6.2734375
141.0 6.765625
142.0 7.0625
143.0 6.9609375
144.0 7.2109375
145.0 7.3984375
146.0 7.3984375
147.0 6.6328125
148.0 7.3125
149.0 6.9453125
150.0 7.4921875
151.0 7.34375
152.0 7.2578125
153.0 7.578125
154.0 6.765625
155.0 8.4453125
156.0 7.46875
157.0 7.0390625
158.0 2.96875
159.0 11.9921875
160.0 7.140625
161.0 6.734375
162.0 7.2109375
163.0 6.734375
164.0 7.421875
165.0 7.15625
166.0 7.25
167.0 6.078125
168.0 2.7734375
169.0 8.734375
170.0 7.28125
171.0 6.5625
172.0 6.8046875
173.0 6.109375
174.0 7.1015625
175.0 6.4453125
176.0 6.75
177.0 5.9921875
178.0 6.59375
179.0 6.46875
180.0 3.765625
181.0 7.3984375
182.0 4.1875
183.0 7.46875
184.0 6.9765625
185.0 6.9921875
186.0 7.28125
187.0 7.1015625
188.0 7.1953125
189.0 5.0703125
190.0 9.2421875
191.0 7.3671875
192.0 6.4375
193.0 8.765625
194.0 7.4921875
195.0 7.40625
196.0 7.25
197.0 6.4140625
198.0 7.078125
199.0 7.421875
200.0 7.2265625
201.0 7.34375
202.0 6.6171875
203.0 2.9921875
204.0 0.8984375
205.0 8.921875
206.0 6.1484375
207.0 7.3125
208.0 7.1875
209.0 7.3125
210.0 7.4296875
211.0 7.546875
212.0 7.375
213.0 5.34375
214.0 5.1015625
215.0 6.6171875
216.0 7.2578125
217.0 6.7734375
218.0 7.125
219.0 6.3828125
220.0 7.0703125
221.0 6.9140625
222.0 6.8125
223.0 7.125
224.0 6.5390625
225.0 5.875
226.0 7.3671875
227.0 7.2890625
228.0 6.328125
229.0 5.671875
230.0 5.875
231.0 6.0
232.0 6.71875
233.0 6.03125
234.0 6.8359375
235.0 6.5859375
236.0 6.7421875
237.0 6.5546875
238.0 6.765625
239.0 6.515625
240.0 6.1171875
241.0 6.40625
242.0 6.734375
243.0 6.9140625
244.0 6.2578125
245.0 6.0234375
246.0 6.0546875
247.0 6.140625
248.0 6.2578125
249.0 5.875
250.0 5.9921875
251.0 6.625
252.0 6.3515625
253.0 5.96875
254.0 6.2265625
255.0 5.9609375
256.0 6.1171875
257.0 5.6953125
258.0 8.03125
259.0 7.28125
260.0 7.109375
261.0 6.6171875
262.0 6.9296875
263.0 6.234375
264.0 6.1796875
265.0 6.71875
266.0 7.03125
267.0 7.1015625
268.0 7.390625
269.0 7.3125
270.0 4.0546875
271.0 10.90625
272.0 7.4375
273.0 7.25
274.0 7.0703125
275.0 7.1796875
276.0 7.0390625
277.0 7.25
278.0 7.5234375
279.0 5.8515625
280.0 5.796875
281.0 6.421875
282.0 7.09375
283.0 7.1015625
284.0 7.2265625
285.0 5.2578125
286.0 9.453125
287.0 6.9921875
288.0 7.2734375
289.0 7.1328125
290.0 3.53125
291.0 11.15625
292.0 7.359375
293.0 4.296875
294.0 4.3046875
295.0 5.578125
296.0 7.0703125
297.0 7.3203125
298.0 7.2890625
299.0 6.953125
300.0 7.3046875
301.0 7.25
302.0 7.546875
303.0 7.1640625
304.0 7.4609375
305.0 7.4296875
306.0 7.0078125
307.0 7.1640625
308.0 7.2109375
309.0 7.3203125
310.0 2.8984375
311.0 11.0625
312.0 6.8359375
313.0 7.0390625
314.0 7.1328125
315.0 6.8125
316.0 7.1640625
317.0 7.359375
318.0 7.4609375
319.0 7.40625
320.0 7.15625
321.0 6.2578125
322.0 1.7734375
323.0 9.90625
324.0 5.8828125
325.0 5.8515625
326.0 5.3671875
327.0 5.0703125
328.0 6.4140625
329.0 4.9453125
330.0 5.8515625
331.0 5.2734375
332.0 4.7421875
333.0 5.0859375
334.0 6.3515625
335.0 2.4921875
336.0 8.2109375
337.0 6.171875
338.0 6.2109375
339.0 7.0625
340.0 3.828125
341.0 4.953125
342.0 3.921875
343.0 4.3828125
344.0 5.3828125
345.0 5.7265625
346.0 5.5859375
347.0 5.9375
348.0 4.984375
349.0 6.53125
350.0 6.2578125
351.0 7.0703125
352.0 7.3671875
353.0 5.640625
354.0 6.09375
355.0 6.9921875
356.0 5.8828125
357.0 5.9296875
358.0 6.109375
359.0 5.640625
360.0 6.4140625
361.0 6.234375
362.0 6.75
363.0 6.8359375
364.0 4.78125
365.0 5.765625
366.0 6.703125
367.0 6.7109375
368.0 7.1796875
369.0 6.171875
370.0 6.5078125
371.0 6.0
372.0 4.7109375
373.0 5.8515625
374.0 6.2265625
375.0 6.2578125
376.0 4.921875
377.0 2.25
378.0 8.5234375
379.0 5.0546875
380.0 3.625
381.0 5.7265625
382.0 6.1484375
383.0 7.2265625
384.0 7.2109375
385.0 7.1015625
386.0 7.2734375
387.0 5.7578125
388.0 4.53125
389.0 5.3046875
390.0 3.4375
391.0 4.5625
392.0 5.2734375
393.0 5.7265625
394.0 6.1796875
395.0 6.5625
396.0 6.9609375
397.0 7.390625
398.0 7.140625
399.0 7.140625
400.0 4.0859375
401.0 6.5859375
402.0 6.109375
403.0 4.46875
404.0 6.2890625
405.0 5.8515625
406.0 5.453125
407.0 5.15625
408.0 5.7109375
409.0 5.3046875
410.0 6.2734375
411.0 7.2109375
412.0 6.9453125
413.0 6.9296875
414.0 5.2890625
415.0 0.0
416.0 0.0
417.0 0.0
418.0 6.7109375
419.0 2.953125
420.0 3.1953125
421.0 0.2421875
422.0 0.0
423.0 5.6953125
424.0 3.6953125
425.0 4.921875
426.0 6.0625
427.0 6.9296875
428.0 6.3828125
429.0 6.2265625
430.0 7.140625
431.0 7.34375
432.0 7.1875
433.0 6.328125
434.0 5.96875
435.0 6.8046875
436.0 0.84375
437.0 11.9296875
438.0 6.265625
439.0 4.609375
440.0 9.25
441.0 6.0
442.0 5.109375
443.0 7.125
444.0 7.1796875
445.0 6.53125
446.0 6.4765625
447.0 1.5703125
448.0 0.984375
449.0 2.8203125
450.0 4.5625
451.0 6.171875
452.0 3.578125
453.0 3.3125
454.0 2.625
455.0 2.875
456.0 6.6171875
457.0 5.53125
458.0 3.96875
459.0 6.0234375
460.0 6.5390625
461.0 6.765625
462.0 6.5
463.0 6.2109375
464.0 3.171875
465.0 3.078125
466.0 3.4609375
467.0 3.1796875
468.0 3.3515625
469.0 3.8828125
470.0 3.5546875
471.0 2.96875
472.0 1.2890625
473.0 0.5859375
474.0 7.875
475.0 3.203125
476.0 3.4453125
477.0 3.1953125
478.0 0.0
479.0 7.2109375
480.0 3.296875
481.0 3.1484375
482.0 2.1640625
483.0 2.875
484.0 2.4609375
485.0 3.046875
486.0 5.421875
487.0 4.484375
488.0 4.3515625
489.0 5.015625
490.0 6.4375
491.0 5.375
492.0 7.765625
493.0 6.953125
494.0 6.484375
495.0 4.4296875
496.0 8.8828125
497.0 6.6328125
498.0 7.34375
499.0 6.203125
500.0 5.5546875
501.0 6.1796875
502.0 7.0625
503.0 7.484375
504.0 7.3359375
505.0 7.46875
506.0 7.484375
507.0 7.359375
508.0 3.875
509.0 10.4921875
510.0 6.5859375
511.0 3.1484375
512.0 0.515625
513.0 6.8359375
514.0 2.3984375
515.0 2.78125
516.0 2.8046875
517.0 2.8359375
518.0 3.0703125
519.0 3.0859375
520.0 3.265625
521.0 3.21875
522.0 3.265625
523.0 3.234375
524.0 3.7890625
525.0 2.7734375
526.0 0.0
527.0 7.71875
528.0 3.53125
529.0 3.265625
530.0 3.7578125
531.0 3.671875
532.0 1.53125
533.0 5.2265625
534.0 3.7890625
535.0 4.0
536.0 3.1953125
537.0 2.1015625
538.0 0.9609375
539.0 0.5078125
540.0 1.1640625
541.0 1.4375
542.0 4.90625
543.0 6.5
544.0 2.1171875
545.0 8.078125
546.0 5.859375
547.0 5.6015625
548.0 5.7890625
549.0 5.9765625
550.0 3.578125
551.0 0.3984375
552.0 0.0
553.0 7.140625
554.0 2.875
555.0 3.640625
556.0 3.1640625
557.0 3.3671875
558.0 3.0546875
559.0 2.9375
560.0 3.2890625
561.0 3.671875
562.0 3.3671875
563.0 3.21875
564.0 3.0
565.0 3.1015625
566.0 0.125
567.0 5.8515625
568.0 2.8671875
569.0 3.171875
570.0 2.8359375
571.0 2.296875
572.0 0.0
573.0 6.3828125
574.0 2.328125
575.0 2.8515625
576.0 3.171875
577.0 2.8203125
578.0 2.84375
579.0 3.3828125
580.0 3.625
581.0 3.375
582.0 2.484375
583.0 2.453125
584.0 2.4140625
585.0 0.96875
586.0 0.0
587.0 6.0390625
588.0 3.1953125
589.0 4.8671875
590.0 3.4375
591.0 3.3515625
592.0 3.7265625
593.0 3.3828125
594.0 0.734375
595.0 6.1171875
596.0 3.015625
597.0 3.140625
598.0 2.640625
599.0 2.6015625
