0.0 5.078125
1.0 5.34375
2.0 5.3046875
3.0 5.0234375
4.0 5.0390625
5.0 2.75
6.0 6.6015625
7.0 4.6015625
8.0 4.6015625
9.0 5.703125
10.0 5.125
11.0 4.8359375
12.0 5.5859375
13.0 5.046875
14.0 5.3515625
15.0 4.7421875
16.0 4.53125
17.0 4.7421875
18.0 5.0078125
19.0 5.2265625
20.0 4.7265625
21.0 1.625
22.0 8.5703125
23.0 4.578125
24.0 0.65625
25.0 5.609375
26.0 4.15625
27.0 4.9453125
28.0 5.0546875
29.0 5.2265625
30.0 5.109375
31.0 4.90625
32.0 5.0546875
33.0 4.421875
34.0 4.8125
35.0 5.4375
36.0 5.2890625
37.0 5.3203125
38.0 4.6484375
39.0 5.375
40.0 5.203125
41.0 4.5625
42.0 4.75
43.0 4.1484375
44.0 4.7109375
45.0 4.8046875
46.0 5.0390625
47.0 5.1015625
48.0 4.7265625
49.0 5.3359375
50.0 0.8359375
51.0 8.5
52.0 4.1796875
53.0 4.1171875
54.0 4.609375
55.0 4.203125
56.0 4.2421875
57.0 4.3046875
58.0 5.078125
59.0 4.875
60.0 1.1171875
61.0 8.890625
62.0 4.7109375
63.0 5.171875
64.0 5.234375
65.0 5.25
66.0 5.609375
67.0 5.8828125
68.0 5.4296875
69.0 5.640625
70.0 5.421875
71.0 5.4375
72.0 5.2734375
73.0 4.859375
74.0 2.046875
75.0 8.1328125
76.0 4.6953125
77.0 4.78125
78.0 4.7578125
79.0 4.2421875
80.0 0.0
81.0 9.1796875
82.0 4.4140625
83.0 4.4140625
84.0 4.25
85.0 4.15625
86.0 4.1484375
87.0 4.359375
88.0 4.4765625
89.0 4.453125
90.0 4.3046875
91.0 4.1328125
92.0 0.3984375
93.0 4.609375
94.0 6.9921875
95.0 3.8203125
96.0 3.953125
97.0 4.609375
98.0 3.65625
99.0 5.21875
100.0 4.84375
101.0 5.0390625
102.0 5.171875
103.0 4.6953125
104.0 4.515625
105.0 3.9921875
106.0 2.328125
107.0 2.1953125
108.0 2.15625
109.0 2.234375
110.0 2.3984375
111.0 1.5859375
112.0 0.140625
113.0 8.390625
114.0 3.59375
115.0 1.609375
116.0 1.8828125
117.0 0.8203125
118.0 5.734375
119.0 4.7109375
120.0 4.4453125
121.0 4.8984375
122.0 4.46875
123.0 4.5703125
124.0 4.4296875
125.0 4.46875
126.0 5.0703125
127.0 3.59375
128.0 4.1796875
129.0 4.7109375
130.0 2.09375
131.0 5.5859375
132.0 4.7265625
133.0 4.5078125
134.0 5.0078125
135.0 4.2421875
136.0 4.9921875
137.0 0.5390625
138.0 9.09375
139.0 5.3359375
140.0 4.5078125
141.0 4.484375
142.0 5.0546875
143.0 4.984375
144.0 4.5625
145.0 5.0390625
146.0 5.1328125
147.0 5.203125
148.0 4.421875
149.0 5.171875
150.0 0.390625
151.0 9.28125
152.0 4.7734375
153.0 4.7265625
154.0 2.390625
155.0 7.7265625
156.0 4.984375
157.0 4.859375
158.0 4.15625
159.0 4.2421875
160.0 4.7109375
161.0 3.6796875
162.0 2.296875
163.0 2.3671875
164.0 2.609375
165.0 2.7109375
166.0 2.6875
167.0 1.734375
168.0 5.78125
169.0 1.65625
170.0 1.46875
171.0 1.203125
172.0 3.640625
173.0 0.453125
174.0 7.3984375
175.0 3.515625
176.0 2.7421875
177.0 2.421875
178.0 4.0546875
179.0 3.9453125
180.0 3.7890625
181.0 4.1875
182.0 4.8671875
183.0 5.078125
184.0 2.453125
185.0 6.2265625
186.0 4.75
187.0 4.921875
188.0 4.8671875
189.0 4.296875
190.0 4.875
191.0 4.796875
192.0 4.7265625
193.0 4.5703125
194.0 4.59375
195.0 5.21875
196.0 0.5546875
197.0 6.2109375
198.0 7.359375
199.0 4.4296875
200.0 4.15625
201.0 4.359375
202.0 2.609375
203.0 1.9765625
204.0 2.2734375
205.0 2.9921875
206.0 4.125
207.0 3.8515625
208.0 4.6875
209.0 3.625
210.0 4.1484375
211.0 0.2421875
212.0 8.0546875
213.0 3.140625
214.0 3.1171875
215.0 4.3671875
216.0 4.453125
217.0 0.5859375
218.0 6.9296875
219.0 4.515625
220.0 3.8515625
221.0 3.828125
222.0 3.1171875
223.0 2.5078125
224.0 3.3515625
225.0 0.65625
226.0 5.9765625
227.0 3.84375
228.0 4.03125
229.0 3.53125
230.0 3.1953125
231.0 2.6875
232.0 1.265625
233.0 1.6484375
234.0 1.6796875
235.0 3.90625
236.0 4.09375
237.0 4.3359375
238.0 4.46875
239.0 0.3125
240.0 7.8359375
241.0 3.9375
242.0 4.328125
243.0 0.9453125
244.0 8.2578125
245.0 0.6171875
246.0 8.0234375
247.0 4.0625
248.0 4.5390625
249.0 4.0703125
250.0 2.890625
251.0 4.8046875
252.0 4.3203125
253.0 4.28125
254.0 3.5546875
255.0 4.4453125
256.0 4.515625
257.0 3.9140625
258.0 4.578125
259.0 4.515625
260.0 4.265625
261.0 3.3828125
262.0 4.546875
263.0 4.0234375
264.0 4.328125
265.0 3.9453125
266.0 4.546875
267.0 5.7265625
268.0 5.4921875
269.0 4.359375
270.0 2.5625
271.0 3.625
272.0 3.21875
273.0 3.65625
274.0 4.0078125
275.0 3.1015625
276.0 3.3515625
277.0 0.421875
278.0 8.890625
279.0 5.046875
280.0 4.1015625
281.0 5.2578125
282.0 3.3671875
283.0 5.5
284.0 4.328125
285.0 3.7421875
286.0 4.21875
287.0 4.359375
288.0 4.28125
289.0 4.1171875
290.0 3.5546875
291.0 4.25
292.0 3.828125
293.0 3.828125
294.0 3.3203125
295.0 0.0
296.0 7.5234375
297.0 2.5625
298.0 3.921875
299.0 3.8515625
300.0 4.171875
301.0 4.8984375
302.0 4.7421875
303.0 1.203125
304.0 6.2421875
305.0 4.125
306.0 4.6875
307.0 4.546875
308.0 4.2109375
309.0 4.484375
310.0 3.4453125
311.0 2.5625
312.0 2.5234375
313.0 2.1796875
314.0 3.0546875
315.0 2.75
316.0 2.625
317.0 0.25
318.0 0.0
319.0 6.8125
320.0 3.734375
321.0 3.546875
322.0 4.453125
323.0 4.3515625
324.0 3.875
325.0 0.0
326.0 8.953125
327.0 4.59375
328.0 4.21875
329.0 4.84375
330.0 4.5390625
331.0 3.828125
332.0 3.4375
333.0 3.859375
334.0 4.2109375
335.0 3.9921875
336.0 3.4140625
337.0 0.9140625
338.0 8.53125
339.0 4.6484375
340.0 4.3515625
341.0 3.6484375
342.0 3.640625
343.0 3.53125
344.0 0.0
345.0 8.5390625
346.0 3.796875
347.0 3.53125
348.0 2.1171875
349.0 2.1640625
350.0 2.59375
351.0 3.046875
352.0 3.8046875
353.0 4.09375
354.0 3.5625
355.0 3.65625
356.0 3.9453125
357.0 0.765625
358.0 7.421875
359.0 4.390625
360.0 3.765625
361.0 3.203125
362.0 4.7578125
363.0 3.40625
364.0 3.3515625
365.0 4.53125
366.0 3.890625
367.0 3.703125
368.0 3.6484375
369.0 4.1796875
370.0 4.28125
371.0 4.21875
372.0 4.2421875
373.0 2.984375
374.0 1.2578125
375.0 3.296875
376.0 5.5
377.0 4.4140625
378.0 4.1796875
379.0 2.953125
380.0 4.0390625
381.0 2.640625
382.0 5.0390625
383.0 4.359375
384.0 4.546875
385.0 3.921875
386.0 2.9609375
387.0 3.875
388.0 4.09375
389.0 4.484375
390.0 3.7265625
391.0 4.171875
392.0 3.6796875
393.0 4.4453125
394.0 2.390625
395.0 2.3046875
396.0 2.90625
397.0 2.4296875
398.0 6.2578125
399.0 4.0
400.0 3.890625
401.0 2.1796875
402.0 5.515625
403.0 2.8125
404.0 3.96875
405.0 4.4296875
406.0 3.6484375
407.0 3.6953125
408.0 3.8046875
409.0 3.9453125
410.0 3.65625
411.0 3.515625
412.0 3.2578125
413.0 3.8515625
414.0 1.0
415.0 4.6796875
416.0 3.1953125
417.0 3.5
418.0 2.7578125
419.0 3.1015625
420.0 3.890625
421.0 2.984375
422.0 0.0
423.0 5.2265625
424.0 3.265625
425.0 2.8515625
426.0 2.8046875
427.0 2.265625
428.0 2.0625
429.0 1.734375
430.0 2.0703125
431.0 3.2890625
432.0 2.9921875
433.0 3.5859375
434.0 2.7890625
435.0 3.578125
436.0 0.1796875
437.0 7.71875
438.0 4.4453125
439.0 3.7265625
440.0 2.2734375
441.0 3.203125
442.0 1.5703125
443.0 5.9296875
444.0 3.953125
445.0 4.6484375
446.0 4.1015625
447.0 3.25
448.0 4.59375
449.0 3.625
450.0 4.3203125
451.0 4.0625
452.0 3.578125
453.0 4.3203125
454.0 4.0546875
455.0 3.7421875
456.0 0.0625
457.0 7.9375
458.0 4.9609375
459.0 4.0546875
460.0 3.8828125
461.0 0.28125
462.0 8.09375
463.0 4.4765625
464.0 4.1875
465.0 4.1328125
466.0 4.0390625
467.0 4.0625
468.0 4.359375
469.0 3.5
470.0 4.6484375
471.0 4.5
472.0 3.734375
473.0 1.34375
474.0 7.515625
475.0 3.234375
476.0 4.6484375
477.0 3.90625
478.0 4.28125
479.0 4.1015625
480.0 0.9921875
481.0 5.34375
482.0 3.0
483.0 3.671875
484.0 3.4921875
485.0 3.703125
486.0 3.2890625
487.0 2.15625
488.0 2.640625
489.0 3.4375
490.0 3.1796875
491.0 0.453125
492.0 5.25
493.0 3.375
494.0 3.078125
495.0 2.7109375
496.0 2.78125
497.0 2.453125
498.0 3.3828125
499.0 2.8671875
500.0 3.4140625
501.0 0.8671875
502.0 6.6015625
503.0 3.4609375
504.0 3.1171875
505.0 3.1640625
506.0 2.5390625
507.0 3.5
508.0 3.921875
509.0 3.84375
510.0 4.265625
511.0 4.4765625
512.0 4.515625
513.0 4.796875
514.0 4.6640625
515.0 0.1015625
516.0 9.421875
517.0 0.8828125
518.0 8.234375
519.0 2.8046875
520.0 3.59375
521.0 4.3828125
522.0 4.796875
523.0 4.9765625
524.0 4.8671875
525.0 4.8359375
526.0 4.7265625
527.0 4.6640625
528.0 3.40625
529.0 4.2734375
530.0 2.6015625
531.0 2.421875
532.0 3.5
533.0 3.53125
534.0 3.9921875
535.0 3.96875
536.0 3.8203125
537.0 3.7265625
538.0 4.25
539.0 2.84375
540.0 0.4609375
541.0 8.703125
542.0 4.6640625
543.0 5.109375
544.0 4.7734375
545.0 4.25
546.0 0.03125
547.0 8.296875
548.0 2.6953125
549.0 3.7578125
550.0 4.453125
551.0 5.0078125
552.0 5.3828125
553.0 3.84375
554.0 3.828125
555.0 1.859375
556.0 1.9375
557.0 2.0625
558.0 0.96875
559.0 0.0
560.0 5.25
561.0 2.1953125
562.0 2.015625
563.0 1.734375
564.0 1.8515625
565.0 1.984375
566.0 1.8515625
567.0 0.9921875
568.0 4.484375
569.0 2.90625
570.0 3.015625
571.0 3.2578125
572.0 3.140625
573.0 3.1015625
574.0 3.2890625
575.0 3.234375
576.0 2.515625
577.0 3.5
578.0 3.375
579.0 3.1953125
580.0 3.546875
581.0 1.171875
582.0 6.265625
583.0 4.21875
584.0 3.0703125
585.0 3.7578125
586.0 3.515625
587.0 1.9140625
588.0 4.9296875
589.0 2.953125
590.0 4.359375
591.0 4.453125
592.0 4.84375
593.0 4.625
594.0 4.1875
595.0 4.921875
596.0 4.484375
597.0 2.484375
598.0 5.453125
599.0 3.234375
