0.0 4.421875
1.0 5.578125
2.0 5.40625
3.0 4.8671875
4.0 5.34375
5.0 5.28125
6.0 5.5
7.0 5.140625
8.0 5.1015625
9.0 5.609375
10.0 5.109375
11.0 5.171875
12.0 5.078125
13.0 4.0859375
14.0 1.078125
15.0 7.8984375
16.0 4.3515625
17.0 4.6875
18.0 4.2421875
19.0 4.59375
20.0 4.9609375
21.0 4.90625
22.0 4.984375
23.0 5.1640625
24.0 5.046875
25.0 5.2734375
26.0 5.4296875
27.0 5.1875
28.0 0.546875
29.0 10.203125
30.0 4.7109375
31.0 4.828125
32.0 4.2109375
33.0 6.0390625
34.0 5.703125
35.0 5.671875
36.0 5.25
37.0 4.921875
38.0 4.828125
39.0 5.28125
40.0 5.046875
41.0 5.3984375
42.0 5.5625
43.0 5.25
44.0 5.1875
45.0 5.3046875
46.0 3.3203125
47.0 7.765625
48.0 4.7421875
49.0 4.9765625
50.0 5.34375
51.0 2.890625
52.0 0.0
53.0 6.3046875
54.0 5.3125
55.0 5.671875
56.0 5.6640625
57.0 5.0859375
58.0 5.703125
59.0 5.015625
60.0 5.578125
61.0 5.203125
62.0 5.3359375
63.0 5.765625
64.0 5.40625
65.0 5.1015625
66.0 5.2734375
67.0 5.25
68.0 5.7578125
69.0 5.9296875
70.0 6.1875
71.0 6.09375
72.0 5.9609375
73.0 5.9375
74.0 4.625
75.0 5.46875
76.0 5.5859375
77.0 3.9453125
78.0 3.203125
79.0 4.84375
80.0 5.0703125
81.0 4.796875
82.0 2.4296875
83.0 2.7734375
84.0 3.234375
85.0 3.171875
86.0 3.171875
87.0 4.3359375
88.0 5.1953125
89.0 1.1953125
90.0 8.796875
91.0 5.109375
92.0 4.3515625
93.0 2.3046875
94.0 0.0
95.0 5.75
96.0 1.5859375
97.0 2.59375
98.0 3.84375
99.0 4.7421875
100.0 4.75
101.0 3.625
102.0 4.2734375
103.0 2.0859375
104.0 0.0
105.0 5.3984375
106.0 2.5390625
107.0 2.6015625
108.0 1.65625
109.0 1.9140625
110.0 2.421875
111.0 1.5546875
112.0 0.1953125
113.0 8.9140625
114.0 4.8984375
115.0 4.859375
116.0 4.859375
117.0 4.578125
118.0 4.8046875
119.0 4.3515625
120.0 4.4296875
121.0 4.71875
122.0 4.4296875
123.0 4.6015625
124.0 3.7734375
125.0 0.0
126.0 8.53125
127.0 4.421875
128.0 4.78125
129.0 4.75
130.0 4.4296875
131.0 1.2421875
132.0 7.8203125
133.0 4.5078125
134.0 4.0078125
135.0 4.2421875
136.0 4.3203125
137.0 4.21875
138.0 4.03125
139.0 4.3515625
140.0 3.625
141.0 4.03125
142.0 4.390625
143.0 1.4140625
144.0 7.1015625
145.0 4.25
146.0 4.53125
147.0 4.4296875
148.0 3.65625
149.0 0.9609375
150.0 7.078125
151.0 4.3203125
152.0 4.8125
153.0 4.609375
154.0 4.828125
155.0 4.546875
156.0 4.5625
157.0 4.453125
158.0 4.5
159.0 4.5703125
160.0 4.7578125
161.0 4.796875
162.0 3.2578125
163.0 6.0390625
164.0 4.625
165.0 4.6640625
166.0 4.28125
167.0 1.1640625
168.0 8.328125
169.0 4.6796875
170.0 4.796875
171.0 4.5
172.0 4.6796875
173.0 4.453125
174.0 4.5
175.0 3.7265625
176.0 3.609375
177.0 4.6875
178.0 4.6640625
179.0 4.53125
180.0 4.453125
181.0 4.2421875
182.0 4.03125
183.0 1.640625
184.0 0.0
185.0 6.9921875
186.0 2.515625
187.0 3.8828125
188.0 3.7890625
189.0 4.5078125
190.0 4.3671875
191.0 4.1875
192.0 4.28125
193.0 4.171875
194.0 0.34375
195.0 8.046875
196.0 4.265625
197.0 4.4453125
198.0 4.4140625
199.0 4.4453125
200.0 0.9609375
201.0 8.0546875
202.0 4.59375
203.0 4.8046875
204.0 4.65625
205.0 4.7109375
206.0 4.6953125
207.0 4.796875
208.0 4.3984375
209.0 3.25
210.0 3.84375
211.0 4.46875
212.0 4.71875
213.0 4.609375
214.0 4.4140625
215.0 4.265625
216.0 4.2421875
217.0 4.625
218.0 3.8515625
219.0 5.6640625
220.0 4.6328125
221.0 4.359375
222.0 4.3984375
223.0 0.4375
224.0 7.875
225.0 4.4453125
226.0 4.4140625
227.0 4.4765625
228.0 4.6796875
229.0 4.7734375
230.0 4.484375
231.0 4.8984375
232.0 5.21875
233.0 5.2734375
234.0 5.1015625
235.0 5.140625
236.0 1.265625
237.0 9.1015625
238.0 4.8984375
239.0 5.0546875
240.0 4.9453125
241.0 3.7109375
242.0 0.1640625
243.0 9.5546875
244.0 5.109375
245.0 5.046875
246.0 4.8125
247.0 4.2734375
248.0 4.5703125
249.0 3.6171875
250.0 4.1015625
251.0 4.6875
252.0 4.6953125
253.0 5.0078125
254.0 4.796875
255.0 0.7890625
256.0 9.8359375
257.0 5.109375
258.0 4.171875
259.0 6.4453125
260.0 5.3046875
261.0 5.109375
262.0 5.3125
263.0 5.3359375
264.0 5.3203125
265.0 5.3203125
266.0 4.8125
267.0 4.84375
268.0 5.140625
269.0 5.171875
270.0 4.90625
271.0 4.171875
272.0 0.0
273.0 9.7421875
274.0 5.0390625
275.0 4.890625
276.0 3.7890625
277.0 6.5078125
278.0 4.7578125
279.0 4.8046875
280.0 4.8125
281.0 4.359375
282.0 4.421875
283.0 4.90625
284.0 5.2578125
285.0 5.1953125
286.0 5.4296875
287.0 4.0625
288.0 0.734375
289.0 0.0
290.0 6.234375
291.0 3.25
292.0 4.796875
293.0 4.9453125
294.0 5.3046875
295.0 5.2578125
296.0 5.3203125
297.0 5.0546875
298.0 4.875
299.0 4.4453125
300.0 4.2734375
301.0 3.9765625
302.0 3.515625
303.0 4.09375
304.0 4.71875
305.0 4.6953125
306.0 4.6484375
307.0 4.296875
308.0 2.8671875
309.0 6.2890625
310.0 4.421875
311.0 4.9609375
312.0 5.2265625
313.0 5.140625
314.0 3.5625
315.0 6.3671875
316.0 5.1015625
317.0 5.140625
318.0 5.1640625
319.0 5.3671875
320.0 4.921875
321.0 5.125
322.0 4.3359375
323.0 4.4140625
324.0 5.1015625
325.0 4.8359375
326.0 3.203125
327.0 0.0
328.0 5.7578125
329.0 3.5234375
330.0 3.921875
331.0 4.3828125
332.0 4.1328125
333.0 2.5078125
334.0 5.828125
335.0 4.546875
336.0 3.234375
337.0 4.0859375
338.0 2.90625
339.0 4.0546875
340.0 4.0078125
341.0 3.1484375
342.0 3.828125
343.0 3.625
344.0 4.6875
345.0 4.09375
346.0 0.8359375
347.0 6.1171875
348.0 4.71875
349.0 5.1015625
350.0 5.0546875
351.0 4.65625
352.0 4.859375
353.0 5.015625
354.0 5.015625
355.0 4.8046875
356.0 4.8984375
357.0 4.65625
358.0 3.875
359.0 5.7109375
360.0 4.65625
361.0 4.859375
362.0 4.59375
363.0 4.3515625
364.0 3.859375
365.0 3.078125
366.0 5.7109375
367.0 1.65625
368.0 6.953125
369.0 4.234375
370.0 4.65625
371.0 4.3828125
372.0 4.609375
373.0 4.65625
374.0 4.6328125
375.0 3.8828125
376.0 4.9296875
377.0 5.0390625
378.0 4.953125
379.0 4.5078125
380.0 4.7578125
381.0 1.03125
382.0 8.5390625
383.0 4.5625
384.0 4.7421875
385.0 2.6328125
386.0 6.09375
387.0 4.203125
388.0 5.2734375
389.0 5.0390625
390.0 4.9296875
391.0 4.8984375
392.0 4.6484375
393.0 4.6796875
394.0 5.15625
395.0 5.28125
396.0 4.90625
397.0 4.75
398.0 5.015625
399.0 5.1875
400.0 4.7578125
401.0 5.3203125
402.0 5.2265625
403.0 5.2265625
404.0 5.0703125
405.0 4.7265625
406.0 4.4140625
407.0 4.4296875
408.0 4.6015625
409.0 4.5390625
410.0 0.046875
411.0 9.0078125
412.0 4.0625
413.0 3.4140625
414.0 0.7265625
415.0 7.40625
416.0 4.875
417.0 4.984375
418.0 4.828125
419.0 5.3203125
420.0 5.140625
421.0 4.9453125
422.0 4.84375
423.0 3.890625
424.0 4.265625
425.0 3.546875
426.0 3.25
427.0 0.0
428.0 7.640625
429.0 4.875
430.0 4.78125
431.0 4.625
432.0 4.171875
433.0 4.7265625
434.0 4.578125
435.0 4.484375
436.0 4.0859375
437.0 2.453125
438.0 3.828125
439.0 5.3984375
440.0 4.3671875
441.0 4.515625
442.0 4.171875
443.0 1.3203125
444.0 7.3671875
445.0 4.2109375
446.0 4.4765625
447.0 4.7265625
448.0 4.890625
449.0 4.6875
450.0 4.59375
451.0 4.75
452.0 5.15625
453.0 5.125
454.0 5.0078125
455.0 4.9921875
456.0 5.078125
457.0 4.90625
458.0 5.140625
459.0 4.7265625
460.0 4.171875
461.0 4.359375
462.0 4.421875
463.0 4.7109375
464.0 4.5078125
465.0 0.3046875
466.0 7.390625
467.0 3.375
468.0 4.921875
469.0 4.9453125
470.0 4.578125
471.0 2.6015625
472.0 6.84375
473.0 5.15625
474.0 4.515625
475.0 4.65625
476.0 4.6875
477.0 4.1171875
478.0 4.859375
479.0 4.828125
480.0 4.859375
481.0 4.7578125
482.0 5.2578125
483.0 4.4765625
484.0 6.1796875
485.0 4.9609375
486.0 5.421875
487.0 5.1875
488.0 4.7734375
489.0 4.828125
490.0 0.5546875
491.0 9.59375
492.0 4.71875
493.0 4.7734375
494.0 4.859375
495.0 4.5703125
496.0 4.28125
497.0 4.6953125
498.0 4.8125
499.0 5.1015625
500.0 5.0078125
501.0 5.0390625
502.0 4.6484375
503.0 3.7265625
504.0 5.5234375
505.0 4.59375
506.0 5.015625
507.0 5.0859375
508.0 3.1171875
509.0 6.6796875
510.0 3.9140625
511.0 4.3828125
512.0 4.828125
513.0 4.3046875
514.0 4.1015625
515.0 4.3046875
516.0 3.4140625
517.0 3.625
518.0 4.1484375
519.0 4.9453125
520.0 5.34375
521.0 5.171875
522.0 0.9453125
523.0 9.28125
524.0 4.5703125
525.0 4.0234375
526.0 6.03125
527.0 4.859375
528.0 5.125
529.0 4.9296875
530.0 5.1640625
531.0 4.8359375
532.0 4.8984375
533.0 4.59375
534.0 4.828125
535.0 4.5078125
536.0 5.0859375
537.0 4.7421875
538.0 2.8359375
539.0 7.1640625
540.0 4.6328125
541.0 4.59375
542.0 4.78125
543.0 4.6484375
544.0 4.78125
545.0 4.3671875
546.0 4.390625
547.0 4.8046875
548.0 3.109375
549.0 4.8046875
550.0 4.7421875
551.0 4.8671875
552.0 3.96875
553.0 6.3515625
554.0 5.28125
555.0 4.46875
556.0 4.234375
557.0 3.671875
558.0 3.578125
559.0 3.84375
560.0 3.203125
561.0 2.0625
562.0 2.0859375
563.0 2.4453125
564.0 1.7578125
565.0 3.4921875
566.0 4.0234375
567.0 2.0390625
568.0 6.265625
569.0 0.96875
570.0 1.4921875
571.0 3.078125
572.0 4.2421875
573.0 2.8984375
574.0 0.0
575.0 6.5390625
576.0 2.671875
577.0 3.1640625
578.0 3.1328125
579.0 3.296875
580.0 3.203125
581.0 3.28125
582.0 2.2421875
583.0 1.390625
584.0 2.640625
585.0 2.5703125
586.0 1.4140625
587.0 0.0
588.0 0.0
589.0 5.46875
590.0 1.9140625
591.0 1.9453125
592.0 3.7109375
593.0 4.453125
594.0 4.3984375
595.0 4.3984375
596.0 4.265625
597.0 3.796875
598.0 5.0390625
599.0 4.0703125
