0.0 5.125
1.0 5.0703125
2.0 5.0546875
3.0 0.78125
4.0 9.6015625
5.0 5.1875
6.0 1.53125
7.0 7.796875
8.0 5.125
9.0 5.1640625
10.0 5.078125
11.0 5.171875
12.0 5.15625
13.0 4.953125
14.0 5.015625
15.0 4.9296875
16.0 4.828125
17.0 4.796875
18.0 4.78125
19.0 3.84375
20.0 6.0546875
21.0 5.078125
22.0 5.015625
23.0 5.0234375
24.0 5.0859375
25.0 4.5078125
26.0 5.7109375
27.0 5.0078125
28.0 4.6953125
29.0 5.1953125
30.0 4.6796875
31.0 2.3671875
32.0 1.109375
33.0 1.0546875
34.0 2.9296875
35.0 4.7578125
36.0 3.9375
37.0 3.8203125
38.0 2.9375
39.0 0.0
40.0 8.1171875
41.0 3.7578125
42.0 4.203125
43.0 4.3046875
44.0 4.1484375
45.0 0.4609375
46.0 7.8359375
47.0 4.3046875
48.0 4.578125
49.0 4.0234375
50.0 4.5078125
51.0 4.3046875
52.0 3.578125
53.0 4.203125
54.0 4.0234375
55.0 4.0078125
56.0 0.0
57.0 6.8125
58.0 2.78125
59.0 5.140625
60.0 5.125
61.0 5.34375
62.0 5.28125
63.0 5.0703125
64.0 4.9296875
65.0 4.921875
66.0 5.0546875
67.0 5.3046875
68.0 5.28125
69.0 5.4296875
70.0 5.15625
71.0 5.1953125
72.0 5.3515625
73.0 5.203125
74.0 5.109375
75.0 5.078125
76.0 5.1328125
77.0 5.171875
78.0 5.109375
79.0 4.984375
80.0 5.1875
81.0 5.15625
82.0 5.0234375
83.0 4.984375
84.0 4.9765625
85.0 5.484375
86.0 5.078125
87.0 5.0703125
88.0 5.109375
89.0 5.34375
90.0 5.046875
91.0 5.046875
92.0 5.21875
93.0 5.2265625
94.0 5.28125
95.0 5.140625
96.0 5.0078125
97.0 5.1328125
98.0 5.078125
99.0 4.9921875
100.0 5.046875
101.0 5.0703125
102.0 5.125
103.0 5.140625
104.0 5.1015625
105.0 1.234375
106.0 8.734375
107.0 4.9609375
108.0 5.046875
109.0 2.125
110.0 7.9609375
111.0 5.140625
112.0 4.921875
113.0 4.7265625
114.0 3.4921875
115.0 3.0703125
116.0 3.1328125
117.0 3.0703125
118.0 3.234375
119.0 3.3203125
120.0 4.0703125
121.0 2.8203125
122.0 5.6640625
123.0 5.0703125
124.0 5.046875
125.0 4.9296875
126.0 4.9609375
127.0 5.171875
128.0 5.1640625
129.0 5.125
130.0 4.890625
131.0 4.8984375
132.0 5.15625
133.0 5.109375
134.0 2.9921875
135.0 7.3125
136.0 5.203125
137.0 5.1953125
138.0 4.8671875
139.0 4.7734375
140.0 0.90625
141.0 9.2421875
142.0 5.109375
143.0 5.3125
144.0 5.0546875
145.0 4.984375
146.0 4.9609375
147.0 5.0078125
148.0 5.1015625
149.0 5.140625
150.0 5.0546875
151.0 5.171875
152.0 5.0859375
153.0 0.765625
154.0 9.7734375
155.0 4.921875
156.0 5.0546875
157.0 5.0390625
158.0 5.0703125
159.0 2.359375
160.0 7.703125
161.0 4.9765625
162.0 5.1640625
163.0 5.0390625
164.0 5.1328125
165.0 5.0390625
166.0 4.9765625
167.0 5.015625
168.0 4.984375
169.0 4.890625
170.0 4.984375
171.0 4.9609375
172.0 4.6796875
173.0 5.046875
174.0 4.8359375
175.0 4.9609375
176.0 4.875
177.0 4.8125
178.0 5.109375
179.0 4.828125
180.0 4.8125
181.0 4.9765625
182.0 4.9453125
183.0 0.7578125
184.0 9.15625
185.0 4.890625
186.0 4.859375
187.0 4.8671875
188.0 5.0078125
189.0 4.7734375
190.0 5.140625
191.0 5.015625
192.0 4.9921875
193.0 4.9765625
194.0 5.421875
195.0 5.3671875
196.0 4.7734375
197.0 4.828125
198.0 5.078125
199.0 5.078125
200.0 4.7578125
201.0 4.4140625
202.0 3.5859375
203.0 0.4921875
204.0 6.6796875
205.0 3.3828125
206.0 2.9375
207.0 2.875
208.0 0.0
209.0 7.2734375
210.0 4.03125
211.0 5.0546875
212.0 5.046875
213.0 4.5
214.0 4.3359375
215.0 4.4453125
216.0 4.46875
217.0 4.859375
218.0 4.859375
219.0 4.890625
220.0 4.53125
221.0 4.59375
222.0 4.859375
223.0 4.609375
224.0 4.796875
225.0 4.7734375
226.0 4.7734375
227.0 4.8125
228.0 4.921875
229.0 4.7421875
230.0 4.7421875
231.0 4.9296875
232.0 4.7421875
233.0 4.9296875
234.0 4.59375
235.0 5.015625
236.0 4.9453125
237.0 4.9296875
238.0 1.46875
239.0 8.109375
240.0 4.984375
241.0 4.5625
242.0 4.7578125
243.0 4.390625
244.0 1.609375
245.0 7.5078125
246.0 4.75
247.0 4.4296875
248.0 4.796875
249.0 4.625
250.0 4.515625
251.0 4.6015625
252.0 4.75
253.0 4.3828125
254.0 4.546875
255.0 4.5390625
256.0 4.6953125
257.0 1.5625
258.0 7.984375
259.0 4.65625
260.0 4.7734375
261.0 4.8046875
262.0 4.6015625
263.0 1.09375
264.0 8.1796875
265.0 4.6015625
266.0 4.796875
267.0 4.6953125
268.0 4.6796875
269.0 4.8046875
270.0 4.7265625
271.0 4.625
272.0 4.4765625
273.0 4.5625
274.0 4.7265625
275.0 5.3828125
276.0 3.9765625
277.0 6.0625
278.0 4.7265625
279.0 4.6953125
280.0 4.7734375
281.0 2.125
282.0 7.6328125
283.0 4.6953125
284.0 4.6875
285.0 5.140625
286.0 4.8125
287.0 4.8984375
288.0 4.7265625
289.0 4.8984375
290.0 4.9453125
291.0 4.9609375
292.0 4.953125
293.0 4.3359375
294.0 5.4296875
295.0 4.90625
296.0 4.9609375
297.0 4.84375
298.0 4.875
299.0 4.8046875
300.0 4.8984375
301.0 4.7734375
302.0 0.5234375
303.0 9.28125
304.0 4.875
305.0 4.8359375
306.0 5.171875
307.0 5.203125
308.0 4.8984375
309.0 4.9921875
310.0 5.1640625
311.0 4.7421875
312.0 5.1015625
313.0 4.9765625
314.0 4.8671875
315.0 5.5234375
316.0 5.1875
317.0 5.0546875
318.0 4.9765625
319.0 4.859375
320.0 4.890625
321.0 4.8984375
322.0 5.015625
323.0 4.8046875
324.0 4.8359375
325.0 4.8125
326.0 5.234375
327.0 5.0703125
328.0 5.15625
329.0 4.984375
330.0 5.0078125
331.0 5.0234375
332.0 5.0390625
333.0 4.9921875
334.0 4.9609375
335.0 4.8359375
336.0 0.15625
337.0 9.6640625
338.0 4.75
339.0 4.84375
340.0 4.7734375
341.0 4.8046875
342.0 4.7734375
343.0 5.015625
344.0 4.9296875
345.0 5.0078125
346.0 5.0859375
347.0 5.171875
348.0 5.1875
349.0 4.8671875
350.0 5.1875
351.0 4.9921875
352.0 0.8125
353.0 9.546875
354.0 4.984375
355.0 4.9453125
356.0 5.1015625
357.0 5.1328125
358.0 5.1015625
359.0 4.921875
360.0 5.0859375
361.0 5.28125
362.0 5.0390625
363.0 5.1640625
364.0 5.171875
365.0 5.0234375
366.0 4.984375
367.0 5.2890625
368.0 5.0078125
369.0 2.1171875
370.0 8.1796875
371.0 5.0546875
372.0 4.9921875
373.0 4.25
374.0 6.3359375
375.0 5.046875
376.0 5.078125
377.0 4.8359375
378.0 4.6953125
379.0 4.9609375
380.0 4.890625
381.0 4.984375
382.0 4.8671875
383.0 4.9453125
384.0 5.0546875
385.0 4.9453125
386.0 3.4609375
387.0 6.4765625
388.0 4.9453125
389.0 5.125
390.0 5.1953125
391.0 3.9921875
392.0 6.4375
393.0 4.875
394.0 5.109375
395.0 4.9296875
396.0 5.0546875
397.0 4.84375
398.0 5.125
399.0 5.0546875
400.0 4.78125
401.0 4.875
402.0 4.90625
403.0 5.0703125
404.0 2.0078125
405.0 8.359375
406.0 5.1015625
407.0 4.9921875
408.0 1.59375
409.0 8.265625
410.0 4.84375
411.0 4.8984375
412.0 5.078125
413.0 5.078125
414.0 5.0703125
415.0 5.234375
416.0 5.0234375
417.0 5.1015625
418.0 5.2265625
419.0 5.0859375
420.0 4.515625
421.0 5.609375
422.0 5.0703125
423.0 4.8984375
424.0 4.84375
425.0 5.0546875
426.0 5.109375
427.0 4.8125
428.0 5.0390625
429.0 4.8359375
430.0 4.90625
431.0 5.046875
432.0 4.84375
433.0 5.078125
434.0 5.0078125
435.0 4.921875
436.0 5.0234375
437.0 5.1015625
438.0 5.1640625
439.0 5.078125
440.0 5.109375
441.0 3.1640625
442.0 7.21875
443.0 5.0390625
444.0 5.0859375
445.0 5.0859375
446.0 5.125
447.0 4.9609375
448.0 4.9296875
449.0 4.9453125
450.0 5.078125
451.0 5.0859375
452.0 4.953125
453.0 4.9765625
454.0 5.0703125
455.0 5.0390625
456.0 5.1875
457.0 5.0390625
458.0 0.6328125
459.0 9.546875
460.0 5.015625
461.0 4.8046875
462.0 5.0390625
463.0 5.203125
464.0 5.0078125
465.0 0.765625
466.0 9.296875
467.0 4.953125
468.0 4.9296875
469.0 4.859375
470.0 4.8046875
471.0 4.78125
472.0 4.6875
473.0 4.984375
474.0 4.65625
475.0 4.5
476.0 4.6640625
477.0 4.625
478.0 0.1796875
479.0 9.3125
480.0 4.7734375
481.0 4.8671875
482.0 4.6875
483.0 4.890625
484.0 0.6328125
485.0 9.0625
486.0 5.1953125
487.0 4.9453125
488.0 5.2734375
489.0 4.953125
490.0 5.0546875
491.0 4.8046875
492.0 2.296875
493.0 1.7890625
494.0 3.546875
495.0 1.1640625
496.0 5.375
497.0 4.5390625
498.0 4.484375
499.0 4.8671875
500.0 4.7578125
501.0 4.90625
502.0 4.828125
503.0 1.8359375
504.0 7.7265625
505.0 4.875
506.0 4.5390625
507.0 4.484375
508.0 4.5625
509.0 4.6796875
510.0 4.7109375
511.0 4.859375
512.0 4.625
513.0 4.484375
514.0 4.6640625
515.0 4.6953125
516.0 4.6484375
517.0 0.2734375
518.0 9.2421875
519.0 4.6015625
520.0 4.8125
521.0 4.5078125
522.0 1.9140625
523.0 7.3125
524.0 4.8359375
525.0 4.5625
526.0 4.6328125
527.0 4.484375
528.0 4.625
529.0 4.8046875
530.0 4.859375
531.0 4.828125
532.0 4.6875
533.0 4.515625
534.0 4.7421875
535.0 4.8046875
536.0 4.578125
537.0 4.9453125
538.0 4.953125
539.0 5.046875
540.0 4.859375
541.0 4.6953125
542.0 4.46875
543.0 3.875
544.0 5.6015625
545.0 4.796875
546.0 4.859375
547.0 4.7578125
548.0 4.546875
549.0 4.65625
550.0 4.7578125
551.0 4.2734375
552.0 2.484375
553.0 6.453125
554.0 4.5625
555.0 4.859375
556.0 3.546875
557.0 3.59375
558.0 4.0625
559.0 4.53125
560.0 4.828125
561.0 5.0234375
562.0 4.984375
563.0 5.0078125
564.0 4.9765625
565.0 4.796875
566.0 1.8828125
567.0 8.1484375
568.0 5.0390625
569.0 3.875
570.0 0.7265625
571.0 8.3515625
572.0 4.4296875
573.0 4.5703125
574.0 4.328125
575.0 4.7734375
576.0 4.265625
577.0 3.890625
578.0 4.546875
579.0 4.828125
580.0 4.828125
581.0 4.625
582.0 4.7265625
583.0 3.2265625
584.0 6.5859375
585.0 5.015625
586.0 5.046875
587.0 5.109375
588.0 5.125
589.0 4.53125
590.0 5.6015625
591.0 5.109375
592.0 4.65625
593.0 4.71875
594.0 4.78125
595.0 5.0859375
596.0 4.875
597.0 4.6953125
598.0 4.78125
599.0 4.578125
