0.0 5.25
1.0 4.9453125
2.0 3.296875
3.0 6.8671875
4.0 5.3203125
5.0 5.3984375
6.0 5.015625
7.0 5.0390625
8.0 4.71875
9.0 4.6953125
10.0 5.4609375
11.0 5.9609375
12.0 5.8515625
13.0 5.859375
14.0 5.6015625
15.0 5.5
16.0 5.734375
17.0 3.1484375
18.0 8.265625
19.0 5.1015625
20.0 5.0546875
21.0 4.3671875
22.0 0.671875
23.0 9.34375
24.0 4.46875
25.0 2.578125
26.0 2.640625
27.0 3.8828125
28.0 5.2890625
29.0 5.125
30.0 4.921875
31.0 5.3671875
32.0 5.4296875
33.0 5.3046875
34.0 1.4375
35.0 9.3984375
36.0 5.4921875
37.0 4.6640625
38.0 1.296875
39.0 8.1953125
40.0 5.546875
41.0 5.7890625
42.0 5.9765625
43.0 5.6484375
44.0 5.484375
45.0 5.484375
46.0 5.203125
47.0 5.4921875
48.0 5.25
49.0 5.3671875
50.0 5.078125
51.0 5.25
52.0 2.09375
53.0 7.8359375
54.0 4.9921875
55.0 5.0859375
56.0 4.859375
57.0 5.796875
58.0 5.078125
59.0 5.2890625
60.0 5.2734375
61.0 5.25
62.0 5.3203125
63.0 5.3515625
64.0 3.25
65.0 7.546875
66.0 5.6328125
67.0 5.5625
68.0 5.46875
69.0 5.7109375
70.0 5.5859375
71.0 5.609375
72.0 5.3359375
73.0 5.2578125
74.0 5.5546875
75.0 5.4296875
76.0 5.4375
77.0 5.3359375
78.0 3.109375
79.0 7.9140625
80.0 5.484375
81.0 5.484375
82.0 5.6953125
83.0 5.3515625
84.0 5.796875
85.0 5.3984375
86.0 4.5625
87.0 5.8515625
88.0 5.375
89.0 5.3984375
90.0 5.3203125
91.0 5.1953125
92.0 5.3125
93.0 5.3125
94.0 5.203125
95.0 4.8984375
96.0 4.9609375
97.0 5.1875
98.0 5.1015625
99.0 2.7890625
100.0 8.0859375
101.0 5.5546875
102.0 5.2734375
103.0 5.3203125
104.0 5.171875
105.0 5.140625
106.0 5.0859375
107.0 3.6171875
108.0 5.5625
109.0 7.2734375
110.0 5.1875
111.0 5.0234375
112.0 5.109375
113.0 5.15625
114.0 5.5
115.0 5.671875
116.0 3.6484375
117.0 7.21875
118.0 5.53125
119.0 5.4609375
120.0 5.1953125
121.0 5.3828125
122.0 5.375
123.0 5.2890625
124.0 4.234375
125.0 2.875
126.0 4.953125
127.0 5.140625
128.0 5.0546875
129.0 5.15625
130.0 3.3671875
131.0 6.59375
132.0 5.1015625
133.0 5.1875
134.0 5.2890625
135.0 4.953125
136.0 4.9453125
137.0 4.78125
138.0 4.9453125
139.0 5.1015625
140.0 4.9609375
141.0 4.9765625
142.0 4.9921875
143.0 4.7421875
144.0 2.3125
145.0 7.3984375
146.0 5.140625
147.0 5.046875
148.0 5.1328125
149.0 5.3828125
150.0 5.203125
151.0 2.578125
152.0 7.8125
153.0 4.90625
154.0 4.8671875
155.0 4.9765625
156.0 3.4140625
157.0 6.8828125
158.0 5.515625
159.0 5.46875
160.0 5.3515625
161.0 5.1875
162.0 4.8984375
163.0 4.953125
164.0 5.25
165.0 5.3359375
166.0 5.078125
167.0 5.2890625
168.0 5.890625
169.0 5.75
170.0 5.46875
171.0 5.4375
172.0 5.125
173.0 5.234375
174.0 4.9609375
175.0 5.140625
176.0 5.34375
177.0 5.34375
178.0 5.3671875
179.0 5.171875
180.0 5.2578125
181.0 4.1328125
182.0 6.625
183.0 5.0703125
184.0 5.046875
185.0 3.9375
186.0 2.7890625
187.0 7.2578125
188.0 4.9765625
189.0 5.203125
190.0 4.90625
191.0 4.78125
192.0 4.9921875
193.0 4.9296875
194.0 5.078125
195.0 5.2734375
196.0 5.1953125
197.0 5.0703125
198.0 5.1640625
199.0 5.1953125
200.0 2.4609375
201.0 7.5703125
202.0 5.1328125
203.0 5.1328125
204.0 1.65625
205.0 8.7734375
206.0 5.140625
207.0 5.3515625
208.0 5.234375
209.0 5.203125
210.0 5.234375
211.0 5.109375
212.0 5.3125
213.0 5.1328125
214.0 5.0234375
215.0 4.9609375
216.0 4.9296875
217.0 2.75
218.0 7.390625
219.0 4.6328125
220.0 4.90625
221.0 5.3359375
222.0 5.25
223.0 5.28125
224.0 5.234375
225.0 5.375
226.0 5.1640625
227.0 5.2890625
228.0 5.484375
229.0 5.421875
230.0 5.3125
231.0 5.2734375
232.0 5.203125
233.0 5.0390625
234.0 5.109375
235.0 5.2890625
236.0 2.4921875
237.0 8.2265625
238.0 5.2578125
239.0 5.3828125
240.0 4.9921875
241.0 4.515625
242.0 5.0546875
243.0 4.9453125
244.0 4.9453125
245.0 4.6015625
246.0 4.6953125
247.0 4.65625
248.0 4.6484375
249.0 4.984375
250.0 4.890625
251.0 4.8671875
252.0 3.40625
253.0 6.78125
254.0 5.109375
255.0 5.2734375
256.0 3.53125
257.0 7.2421875
258.0 5.1015625
259.0 5.453125
260.0 5.2734375
261.0 5.078125
262.0 5.453125
263.0 5.203125
264.0 5.1328125
265.0 5.0546875
266.0 3.515625
267.0 6.5390625
268.0 5.171875
269.0 5.109375
270.0 4.953125
271.0 5.3828125
272.0 3.84375
273.0 7.2421875
274.0 5.2265625
275.0 4.625
276.0 4.625
277.0 5.2890625
278.0 3.6953125
279.0 6.8359375
280.0 5.171875
281.0 5.203125
282.0 5.125
283.0 4.8046875
284.0 4.890625
285.0 4.9609375
286.0 4.9609375
287.0 5.015625
288.0 3.46875
289.0 6.3203125
290.0 4.6015625
291.0 4.90625
292.0 5.140625
293.0 5.1953125
294.0 5.2734375
295.0 4.875
296.0 5.140625
297.0 5.0859375
298.0 5.2890625
299.0 5.1015625
300.0 5.140625
301.0 5.3203125
302.0 5.484375
303.0 5.2890625
304.0 1.5703125
305.0 9.4609375
306.0 5.3359375
307.0 5.546875
308.0 0.640625
309.0 9.7421875
310.0 5.2578125
311.0 5.53125
312.0 5.078125
313.0 5.3125
314.0 5.3828125
315.0 4.7265625
316.0 4.515625
317.0 4.625
318.0 4.6484375
319.0 4.984375
320.0 5.1953125
321.0 3.6484375
322.0 7.15625
323.0 5.0390625
324.0 5.21875
325.0 5.203125
326.0 4.03125
327.0 6.390625
328.0 5.21875
329.0 5.578125
330.0 5.7890625
331.0 5.9296875
332.0 5.6015625
333.0 5.4609375
334.0 4.9921875
335.0 5.203125
336.0 5.140625
337.0 5.4296875
338.0 5.3359375
339.0 5.1875
340.0 1.921875
341.0 9.4609375
342.0 5.34375
343.0 5.4375
344.0 5.4921875
345.0 5.53125
346.0 2.5390625
347.0 8.59375
348.0 5.3125
349.0 5.671875
350.0 5.1875
351.0 5.4296875
352.0 6.0546875
353.0 6.03125
354.0 5.6640625
355.0 5.28125
356.0 5.171875
357.0 5.4609375
358.0 5.4609375
359.0 4.6484375
360.0 6.5703125
361.0 5.5859375
362.0 5.734375
363.0 5.5234375
364.0 5.609375
365.0 0.8125
366.0 10.1640625
367.0 5.21875
368.0 5.421875
369.0 5.6015625
370.0 5.640625
371.0 5.5859375
372.0 5.4609375
373.0 5.75
374.0 5.6015625
375.0 5.7109375
376.0 5.6953125
377.0 4.5703125
378.0 4.65625
379.0 7.34375
380.0 5.3359375
381.0 2.421875
382.0 8.6484375
383.0 5.53125
384.0 3.9765625
385.0 7.375
386.0 5.3046875
387.0 5.4296875
388.0 5.4921875
389.0 5.34375
390.0 5.578125
391.0 5.46875
392.0 5.34375
393.0 5.0703125
394.0 5.3046875
395.0 5.5546875
396.0 5.5234375
397.0 5.703125
398.0 5.8203125
399.0 1.0625
400.0 10.5078125
401.0 5.609375
402.0 4.0390625
403.0 7.5078125
404.0 6.0
405.0 3.9375
406.0 7.0078125
407.0 5.171875
408.0 5.25
409.0 5.3515625
410.0 5.4921875
411.0 5.6484375
412.0 5.3984375
413.0 5.796875
414.0 5.703125
415.0 5.578125
416.0 5.671875
417.0 5.5
418.0 5.734375
419.0 3.7578125
420.0 7.1015625
421.0 5.2734375
422.0 5.3671875
423.0 5.453125
424.0 5.421875
425.0 5.4296875
426.0 5.3359375
427.0 5.96875
428.0 5.7890625
429.0 5.6015625
430.0 5.5625
431.0 5.421875
432.0 5.7578125
433.0 5.453125
434.0 5.1640625
435.0 5.3203125
436.0 5.4296875
437.0 5.5546875
438.0 5.4921875
439.0 0.3671875
440.0 8.4609375
441.0 5.125
442.0 5.2578125
443.0 5.515625
444.0 5.6015625
445.0 5.1875
446.0 5.0859375
447.0 5.2265625
448.0 5.1640625
449.0 0.734375
450.0 8.75
451.0 4.6484375
452.0 4.7265625
453.0 4.875
454.0 4.875
455.0 4.8984375
456.0 2.90625
457.0 6.4765625
458.0 5.015625
459.0 5.21875
460.0 5.34375
461.0 5.1953125
462.0 5.125
463.0 5.3515625
464.0 5.3671875
465.0 5.140625
466.0 4.6796875
467.0 5.0859375
468.0 5.0859375
469.0 5.25
470.0 4.921875
471.0 0.2421875
472.0 9.5078125
473.0 4.7265625
474.0 4.78125
475.0 1.65625
476.0 8.203125
477.0 4.6015625
478.0 4.984375
479.0 4.8359375
480.0 4.6875
481.0 4.84375
482.0 4.6015625
483.0 4.5703125
484.0 5.1640625
485.0 5.3984375
486.0 5.15625
487.0 5.5234375
488.0 5.1015625
489.0 1.109375
490.0 9.328125
491.0 5.0234375
492.0 5.0703125
493.0 5.421875
494.0 5.5546875
495.0 5.4921875
496.0 5.6484375
497.0 5.484375
498.0 5.1328125
499.0 3.25
500.0 7.734375
501.0 5.4296875
502.0 5.609375
503.0 5.5234375
504.0 5.4296875
505.0 5.40625
506.0 5.734375
507.0 5.2265625
508.0 5.1328125
509.0 5.0234375
510.0 4.9296875
511.0 5.0546875
512.0 5.234375
513.0 5.140625
514.0 3.3984375
515.0 6.3828125
516.0 3.671875
517.0 6.953125
518.0 5.3515625
519.0 5.46875
520.0 5.125
521.0 5.1015625
522.0 5.109375
523.0 5.5234375
524.0 5.640625
525.0 3.9140625
526.0 6.65625
527.0 5.484375
528.0 5.75
529.0 5.703125
530.0 5.4375
531.0 5.6015625
532.0 5.5625
533.0 4.859375
534.0 5.875
535.0 5.6953125
536.0 4.0390625
537.0 7.515625
538.0 6.0390625
539.0 5.9609375
540.0 5.6328125
541.0 5.7890625
542.0 5.8203125
543.0 5.609375
544.0 5.703125
545.0 5.859375
546.0 6.0234375
547.0 6.0625
548.0 5.8203125
549.0 5.828125
550.0 6.078125
551.0 4.5078125
552.0 7.140625
553.0 5.875
554.0 3.0546875
555.0 8.6484375
556.0 6.0625
557.0 5.78125
558.0 5.9765625
559.0 5.6484375
560.0 5.7265625
561.0 5.2890625
562.0 5.28125
563.0 5.0390625
564.0 5.109375
565.0 4.921875
566.0 4.9765625
567.0 4.53125
568.0 0.1640625
569.0 8.8203125
570.0 4.5703125
571.0 4.46875
572.0 4.5
573.0 4.546875
574.0 0.5078125
575.0 9.59375
576.0 4.828125
577.0 4.5703125
578.0 4.8359375
579.0 4.90625
580.0 4.6328125
581.0 4.9296875
582.0 4.9609375
583.0 4.9453125
584.0 4.78125
585.0 4.78125
586.0 4.953125
587.0 1.2890625
588.0 8.8515625
589.0 5.1015625
590.0 5.1640625
591.0 4.921875
592.0 1.859375
593.0 7.9375
594.0 5.28125
595.0 5.0859375
596.0 5.203125
597.0 5.0234375
598.0 4.84375
599.0 5.53125
