0.0 3.4140625
1.0 3.5859375
2.0 3.1484375
3.0 3.7109375
4.0 3.5625
5.0 3.4921875
6.0 3.609375
7.0 3.59375
8.0 3.671875
9.0 3.734375
10.0 3.7578125
11.0 3.0859375
12.0 0.0
13.0 8.2890625
14.0 3.7109375
15.0 3.59375
16.0 2.8515625
17.0 4.84375
18.0 3.609375
19.0 3.5234375
20.0 3.84375
21.0 3.8203125
22.0 3.7578125
23.0 3.734375
24.0 3.7421875
25.0 4.0
26.0 3.828125
27.0 3.7421875
28.0 3.90625
29.0 3.8203125
30.0 3.546875
31.0 0.0
32.0 7.6953125
33.0 4.0234375
34.0 3.890625
35.0 3.0546875
36.0 0.46875
37.0 7.109375
38.0 1.1796875
39.0 3.4140625
40.0 3.7421875
41.0 3.8828125
42.0 3.7578125
43.0 3.8046875
44.0 3.703125
45.0 3.4375
46.0 3.6484375
47.0 3.4140625
48.0 3.6796875
49.0 1.53125
50.0 5.875
51.0 3.578125
52.0 3.140625
53.0 1.625
54.0 5.84375
55.0 3.9453125
56.0 3.9453125
57.0 3.1171875
58.0 4.75
59.0 4.0078125
60.0 4.0546875
61.0 3.921875
62.0 3.65625
63.0 3.5234375
64.0 3.9375
65.0 4.0625
66.0 4.0
67.0 4.1796875
68.0 3.6796875
69.0 3.90625
70.0 3.5546875
71.0 3.7578125
72.0 1.109375
73.0 6.7421875
74.0 3.625
75.0 3.7734375
76.0 3.640625
77.0 3.84375
78.0 2.90625
79.0 4.609375
80.0 3.3671875
81.0 3.515625
82.0 3.7109375
83.0 3.28125
84.0 3.546875
85.0 3.6484375
86.0 3.65625
87.0 2.78125
88.0 4.65625
89.0 3.9140625
90.0 3.921875
91.0 2.6328125
92.0 4.6015625
93.0 3.7265625
94.0 3.90625
95.0 3.796875
96.0 3.8828125
97.0 2.953125
98.0 5.0078125
99.0 3.796875
100.0 3.1484375
101.0 2.8125
102.0 2.921875
103.0 3.171875
104.0 3.65625
105.0 3.65625
106.0 3.4921875
107.0 3.4296875
108.0 3.203125
109.0 2.59375
110.0 4.546875
111.0 3.7109375
112.0 3.6484375
113.0 3.4140625
114.0 3.546875
115.0 3.6796875
116.0 3.7734375
117.0 3.5859375
118.0 1.859375
119.0 5.1015625
120.0 3.296875
121.0 3.5625
122.0 3.515625
123.0 3.6171875
124.0 3.546875
125.0 3.5
126.0 3.3828125
127.0 3.265625
128.0 3.2578125
129.0 3.171875
130.0 3.2890625
131.0 3.671875
132.0 3.0546875
133.0 0.3984375
134.0 6.6796875
135.0 3.65625
136.0 3.65625
137.0 3.6171875
138.0 3.8828125
139.0 3.828125
140.0 0.6875
141.0 5.8203125
142.0 3.671875
143.0 3.7890625
144.0 3.8203125
145.0 3.640625
146.0 3.6796875
147.0 3.9375
148.0 3.7109375
149.0 3.765625
150.0 3.546875
151.0 0.0
152.0 7.8984375
153.0 3.9140625
154.0 4.0546875
155.0 4.0
156.0 3.6484375
157.0 3.9765625
158.0 3.953125
159.0 3.9453125
160.0 3.90625
161.0 3.890625
162.0 3.6171875
163.0 4.0234375
164.0 3.8046875
165.0 2.046875
166.0 5.6640625
167.0 3.9140625
168.0 3.671875
169.0 3.734375
170.0 2.09375
171.0 4.3828125
172.0 5.203125
173.0 3.8203125
174.0 3.8203125
175.0 3.7265625
176.0 2.0390625
177.0 5.7109375
178.0 3.9140625
179.0 3.6484375
180.0 4.1171875
181.0 3.8515625
182.0 3.7890625
183.0 3.796875
184.0 3.7109375
185.0 3.921875
186.0 4.0078125
187.0 3.9375
188.0 4.0078125
189.0 4.1484375
190.0 4.0
191.0 3.890625
192.0 3.8828125
193.0 4.15625
194.0 3.9453125
195.0 1.2421875
196.0 6.6015625
197.0 3.9921875
198.0 4.0
199.0 2.8359375
200.0 5.1640625
201.0 3.7734375
202.0 2.9375
203.0 4.625
204.0 3.8515625
205.0 4.0546875
206.0 4.1796875
207.0 3.8203125
208.0 3.2578125
209.0 3.21875
210.0 3.4375
211.0 3.625
212.0 3.0546875
213.0 3.1640625
214.0 3.1953125
215.0 0.7578125
216.0 5.4921875
217.0 3.4140625
218.0 3.546875
219.0 3.1328125
220.0 3.5625
221.0 3.40625
222.0 3.2578125
223.0 3.265625
224.0 3.4296875
225.0 3.5546875
226.0 3.6171875
227.0 4.0234375
228.0 3.59375
229.0 2.5625
230.0 5.1875
231.0 3.640625
232.0 3.8828125
233.0 3.90625
234.0 3.7421875
235.0 4.0
236.0 3.515625
237.0 3.34375
238.0 0.0
239.0 7.28125
240.0 4.953125
241.0 3.90625
242.0 3.515625
243.0 3.8046875
244.0 3.8828125
245.0 3.8046875
246.0 3.8828125
247.0 3.8046875
248.0 4.0546875
249.0 3.7734375
250.0 3.7734375
251.0 3.6953125
252.0 3.5859375
253.0 3.796875
254.0 2.921875
255.0 0.0
256.0 6.796875
257.0 3.765625
258.0 3.5234375
259.0 1.375
260.0 5.7890625
261.0 3.625
262.0 3.375
263.0 3.609375
264.0 3.9140625
265.0 3.796875
266.0 3.7890625
267.0 3.765625
268.0 0.5703125
269.0 6.5703125
270.0 3.65625
271.0 3.796875
272.0 2.421875
273.0 4.9609375
274.0 3.703125
275.0 3.8515625
276.0 3.65625
277.0 3.8046875
278.0 3.1484375
279.0 3.4375
280.0 3.609375
281.0 3.078125
282.0 4.6953125
283.0 3.953125
284.0 3.796875
285.0 3.9453125
286.0 3.5
287.0 3.9140625
288.0 4.0078125
289.0 3.7734375
290.0 3.875
291.0 3.6796875
292.0 3.8828125
293.0 4.15625
294.0 4.15625
295.0 4.0859375
296.0 3.8515625
297.0 0.390625
298.0 7.8203125
299.0 4.28125
300.0 4.0390625
301.0 4.15625
302.0 4.171875
303.0 1.171875
304.0 7.2421875
305.0 4.0078125
306.0 4.03125
307.0 4.09375
308.0 4.0625
309.0 4.03125
310.0 3.953125
311.0 4.0390625
312.0 3.9765625
313.0 1.015625
314.0 7.2890625
315.0 3.640625
316.0 1.8046875
317.0 4.6875
318.0 3.1953125
319.0 2.90625
320.0 2.7421875
321.0 3.5234375
322.0 1.3203125
323.0 6.3515625
324.0 3.9453125
325.0 3.9140625
326.0 3.8046875
327.0 3.9375
328.0 4.0234375
329.0 3.96875
330.0 3.796875
331.0 3.96875
332.0 4.0859375
333.0 4.1171875
334.0 4.09375
335.0 4.203125
336.0 3.953125
337.0 3.7734375
338.0 3.8828125
339.0 3.828125
340.0 3.9375
341.0 4.0
342.0 3.828125
343.0 3.9765625
344.0 3.9140625
345.0 3.890625
346.0 3.8515625
347.0 3.796875
348.0 3.6171875
349.0 1.5546875
350.0 6.2734375
351.0 3.7109375
352.0 4.0078125
353.0 3.9765625
354.0 3.9921875
355.0 3.8046875
356.0 3.7265625
357.0 3.84375
358.0 3.859375
359.0 3.734375
360.0 3.703125
361.0 0.0
362.0 7.6953125
363.0 3.921875
364.0 4.0
365.0 3.9140625
366.0 4.0703125
367.0 4.0859375
368.0 0.640625
369.0 6.0546875
370.0 5.46875
371.0 3.796875
372.0 3.84375
373.0 3.8828125
374.0 3.8515625
375.0 3.015625
376.0 4.984375
377.0 3.7421875
378.0 3.890625
379.0 3.7578125
380.0 3.765625
381.0 4.0546875
382.0 3.765625
383.0 3.859375
384.0 3.65625
385.0 3.9765625
386.0 4.0625
387.0 3.921875
388.0 3.9765625
389.0 3.9375
390.0 3.7734375
391.0 3.7109375
392.0 1.421875
393.0 6.5546875
394.0 3.7578125
395.0 4.1171875
396.0 3.9375
397.0 3.859375
398.0 4.0625
399.0 4.0078125
400.0 4.0078125
401.0 3.90625
402.0 4.0390625
403.0 4.0625
404.0 3.90625
405.0 3.796875
406.0 3.890625
407.0 3.6484375
408.0 3.4296875
409.0 1.296875
410.0 5.2265625
411.0 4.03125
412.0 4.03125
413.0 3.859375
414.0 3.9453125
415.0 3.96875
416.0 2.9609375
417.0 4.9453125
418.0 3.296875
419.0 3.765625
420.0 3.7734375
421.0 3.859375
422.0 3.59375
423.0 1.2265625
424.0 6.3671875
425.0 3.765625
426.0 3.875
427.0 2.296875
428.0 5.046875
429.0 3.5546875
430.0 3.9375
431.0 3.875
432.0 3.8203125
433.0 3.9765625
434.0 4.0703125
435.0 3.953125
436.0 3.640625
437.0 3.5
438.0 3.078125
439.0 2.7421875
440.0 3.5
441.0 3.234375
442.0 0.2734375
443.0 8.328125
444.0 2.4609375
445.0 4.9609375
446.0 3.9453125
447.0 3.9140625
448.0 3.90625
449.0 4.125
450.0 3.9453125
451.0 4.1171875
452.0 3.8828125
453.0 3.7421875
454.0 4.0
455.0 4.0703125
456.0 3.828125
457.0 3.6953125
458.0 1.8671875
459.0 5.9609375
460.0 3.7890625
461.0 3.8203125
462.0 3.640625
463.0 3.828125
464.0 0.3125
465.0 6.9296875
466.0 3.875
467.0 3.9921875
468.0 3.921875
469.0 3.6171875
470.0 3.859375
471.0 3.7734375
472.0 3.4609375
473.0 3.671875
474.0 3.8828125
475.0 4.0390625
476.0 4.0078125
477.0 2.59375
478.0 4.9453125
479.0 3.5859375
480.0 3.625
481.0 3.796875
482.0 3.9140625
483.0 1.0625
484.0 7.046875
485.0 4.0859375
486.0 4.1015625
487.0 4.0
488.0 4.0859375
489.0 4.1484375
490.0 4.0859375
491.0 3.875
492.0 3.7265625
493.0 3.921875
494.0 2.8359375
495.0 0.8515625
496.0 0.0
497.0 6.65625
498.0 3.65625
499.0 3.8203125
500.0 4.0078125
501.0 3.9453125
502.0 3.703125
503.0 4.0078125
504.0 4.3046875
505.0 4.1328125
506.0 4.25
507.0 2.96875
508.0 5.1015625
509.0 4.0078125
510.0 4.0546875
511.0 3.96875
512.0 0.7265625
513.0 6.9609375
514.0 4.0546875
515.0 4.2734375
516.0 4.8125
517.0 4.2421875
518.0 4.46875
519.0 4.0234375
520.0 4.59375
521.0 4.59375
522.0 4.3203125
523.0 4.265625
524.0 4.25
525.0 4.5
526.0 0.4375
527.0 8.4765625
528.0 4.515625
529.0 3.34375
530.0 4.7578125
531.0 4.7109375
532.0 3.625
533.0 2.09375
534.0 8.3203125
535.0 4.625
536.0 4.6796875
537.0 4.5390625
538.0 4.6640625
539.0 4.5625
540.0 4.5390625
541.0 4.5078125
542.0 4.609375
543.0 4.1796875
544.0 4.4296875
545.0 4.7109375
546.0 3.53125
547.0 5.3515625
548.0 4.1328125
549.0 4.2734375
550.0 4.4765625
551.0 4.5703125
552.0 4.2421875
553.0 0.9296875
554.0 7.078125
555.0 2.78125
556.0 4.9765625
557.0 3.8203125
558.0 4.0625
559.0 3.734375
560.0 3.21875
561.0 3.515625
562.0 3.6484375
563.0 3.6484375
564.0 3.796875
565.0 3.7109375
566.0 3.7265625
567.0 3.7578125
568.0 3.7890625
569.0 3.609375
570.0 3.5859375
571.0 0.328125
572.0 7.40625
573.0 3.8515625
574.0 3.765625
575.0 2.9375
576.0 4.546875
577.0 3.828125
578.0 1.8203125
579.0 6.03125
580.0 3.875
581.0 4.1875
582.0 4.0
583.0 3.8515625
584.0 3.6484375
585.0 3.703125
586.0 3.859375
587.0 3.875
588.0 4.03125
589.0 4.03125
590.0 3.9765625
591.0 0.5546875
592.0 7.484375
593.0 3.9453125
594.0 3.828125
595.0 3.625
596.0 3.6953125
597.0 3.8203125
598.0 3.8203125
599.0 3.828125
