0.0 2.125
1.0 4.4765625
2.0 2.1796875
3.0 5.21875
4.0 3.7421875
5.0 3.4921875
6.0 5.703125
7.0 4.6015625
8.0 5.5
9.0 4.1015625
10.0 4.546875
11.0 2.8046875
12.0 1.6875
13.0 2.296875
14.0 2.4921875
15.0 2.3984375
16.0 2.1015625
17.0 1.71875
18.0 0.0
19.0 5.5859375
20.0 1.828125
21.0 2.5625
22.0 2.5390625
23.0 1.640625
24.0 0.390625
25.0 0.0
26.0 5.0078125
27.0 1.1171875
28.0 0.9609375
29.0 1.328125
30.0 5.75
31.0 6.125
32.0 5.859375
33.0 4.8984375
34.0 4.0859375
35.0 8.8671875
36.0 6.9296875
37.0 6.53125
38.0 6.71875
39.0 6.5546875
40.0 6.421875
41.0 6.5078125
42.0 5.9453125
43.0 3.4453125
44.0 3.4609375
45.0 0.5546875
46.0 5.9609375
47.0 3.4375
48.0 3.4765625
49.0 3.4453125
50.0 3.890625
51.0 5.6953125
52.0 6.2421875
53.0 6.0546875
54.0 6.40625
55.0 6.453125
56.0 6.2109375
57.0 5.6171875
58.0 5.6953125
59.0 3.3828125
60.0 9.03125
61.0 5.96875
62.0 6.5546875
63.0 6.296875
64.0 5.96875
65.0 5.7578125
66.0 5.515625
67.0 5.5625
68.0 5.7578125
69.0 6.0078125
70.0 6.0390625
71.0 6.3828125
72.0 6.0546875
73.0 5.671875
74.0 5.6640625
75.0 5.546875
76.0 1.0234375
77.0 0.46875
78.0 1.59375
79.0 7.3046875
80.0 5.4921875
81.0 3.5234375
82.0 1.8515625
83.0 4.0625
84.0 5.28125
85.0 2.875
86.0 6.703125
87.0 5.3203125
88.0 5.21875
89.0 5.5234375
90.0 4.4453125
91.0 3.734375
92.0 4.453125
93.0 4.6796875
94.0 4.4296875
95.0 4.984375
96.0 4.7109375
97.0 4.875
98.0 5.3046875
99.0 0.640625
100.0 10.546875
101.0 3.84375
102.0 3.015625
103.0 2.09375
104.0 0.0
105.0 8.5078125
106.0 5.1875
107.0 5.53125
108.0 5.640625
109.0 6.03125
110.0 5.765625
111.0 5.8203125
112.0 5.3046875
113.0 5.7265625
114.0 6.09375
115.0 6.109375
116.0 5.6484375
117.0 6.515625
118.0 6.359375
119.0 6.09375
120.0 5.9609375
121.0 6.171875
122.0 6.4140625
123.0 6.5390625
124.0 6.5390625
125.0 6.359375
126.0 6.5546875
127.0 6.140625
128.0 6.75
129.0 6.2421875
130.0 2.1015625
131.0 11.1015625
132.0 6.125
133.0 6.09375
134.0 3.8515625
135.0 8.1328125
136.0 6.3046875
137.0 5.9296875
138.0 5.671875
139.0 6.3203125
140.0 5.375
141.0 4.78125
142.0 5.6796875
143.0 5.8828125
144.0 6.171875
145.0 6.3359375
146.0 6.15625
147.0 5.90625
148.0 1.9453125
149.0 9.65625
150.0 6.0546875
151.0 5.484375
152.0 5.375
153.0 2.484375
154.0 6.734375
155.0 7.125
156.0 4.65625
157.0 5.1953125
158.0 3.609375
159.0 2.84375
160.0 2.7578125
161.0 3.46875
162.0 4.7421875
163.0 4.7421875
164.0 5.1640625
165.0 4.578125
166.0 3.4921875
167.0 4.5390625
168.0 5.453125
169.0 0.40625
170.0 7.140625
171.0 0.0
172.0 5.4921875
173.0 2.6640625
174.0 5.3984375
175.0 4.296875
176.0 0.0
177.0 9.0703125
178.0 3.640625
179.0 3.90625
180.0 4.6953125
181.0 4.0703125
182.0 3.375
183.0 2.625
184.0 2.8125
185.0 3.53125
186.0 2.953125
187.0 2.8046875
188.0 6.2734375
189.0 3.6171875
190.0 3.3125
191.0 3.5234375
192.0 3.7109375
193.0 3.1484375
194.0 0.0
195.0 7.359375
196.0 3.96875
197.0 3.4765625
198.0 3.3125
199.0 3.65625
200.0 3.5
201.0 3.6171875
202.0 3.375
203.0 3.28125
204.0 3.4140625
205.0 3.609375
206.0 3.140625
207.0 0.7890625
208.0 4.796875
209.0 2.984375
210.0 2.6015625
211.0 3.046875
212.0 3.2578125
213.0 3.203125
214.0 0.7890625
215.0 6.0234375
216.0 2.875
217.0 3.609375
218.0 2.78125
219.0 3.234375
220.0 3.0546875
221.0 3.6953125
222.0 3.1171875
223.0 3.515625
224.0 3.765625
225.0 4.125
226.0 3.953125
227.0 3.171875
228.0 4.84375
229.0 4.1328125
230.0 4.5
231.0 4.4140625
232.0 4.359375
233.0 3.25
234.0 0.0
235.0 7.640625
236.0 3.890625
237.0 5.21875
238.0 3.3125
239.0 2.71875
240.0 3.078125
241.0 4.2109375
242.0 3.59375
243.0 3.671875
244.0 3.0234375
245.0 3.25
246.0 2.96875
247.0 2.625
248.0 0.0
249.0 7.3125
250.0 3.3125
251.0 3.625
252.0 3.7734375
253.0 2.9921875
254.0 1.734375
255.0 4.8671875
256.0 3.59375
257.0 3.9140625
258.0 5.109375
259.0 3.9375
260.0 3.1171875
261.0 4.203125
262.0 4.21875
263.0 3.3125
264.0 4.515625
265.0 5.2734375
266.0 3.2578125
267.0 2.59375
268.0 0.546875
269.0 7.09375
270.0 3.7421875
271.0 3.25
272.0 3.5234375
273.0 7.078125
274.0 3.9140625
275.0 7.25
276.0 5.515625
277.0 5.4921875
278.0 5.421875
279.0 5.75
280.0 5.5234375
281.0 5.734375
282.0 5.75
283.0 6.2890625
284.0 5.3671875
285.0 5.109375
286.0 5.2578125
287.0 5.234375
288.0 5.1640625
289.0 5.421875
290.0 5.53125
291.0 4.78125
292.0 2.78125
293.0 7.40625
294.0 4.828125
295.0 4.859375
296.0 3.3984375
297.0 6.171875
298.0 4.6796875
299.0 4.421875
300.0 3.4921875
301.0 1.421875
302.0 1.8515625
303.0 3.4140625
304.0 4.7578125
305.0 3.5
306.0 4.1328125
307.0 4.7578125
308.0 4.8671875
309.0 5.546875
310.0 5.3125
311.0 1.3828125
312.0 9.015625
313.0 4.6015625
314.0 2.5625
315.0 7.734375
316.0 5.3359375
317.0 5.6171875
318.0 4.90625
319.0 5.375
320.0 4.6328125
321.0 2.4453125
322.0 5.0234375
323.0 5.9921875
324.0 5.8515625
325.0 4.984375
326.0 2.15625
327.0 6.6484375
328.0 4.5078125
329.0 2.953125
330.0 2.2421875
331.0 4.4765625
332.0 4.71875
333.0 5.15625
334.0 5.046875
335.0 4.421875
336.0 2.640625
337.0 5.859375
338.0 4.953125
339.0 3.3984375
340.0 4.46875
341.0 5.34375
342.0 3.234375
343.0 3.203125
344.0 0.390625
345.0 5.3046875
346.0 2.8125
347.0 2.7109375
348.0 2.8984375
349.0 2.84375
350.0 2.75
351.0 2.546875
352.0 4.5390625
353.0 5.1875
354.0 5.3984375
355.0 5.203125
356.0 6.109375
357.0 4.03125
358.0 1.1796875
359.0 0.140625
360.0 7.515625
361.0 2.75
362.0 2.75
363.0 3.5
364.0 2.921875
365.0 0.5703125
366.0 0.0
367.0 7.3125
368.0 2.875
369.0 2.90625
370.0 2.8515625
371.0 2.8046875
372.0 2.6640625
373.0 2.65625
374.0 2.609375
375.0 2.7109375
376.0 2.90625
377.0 2.71875
378.0 2.8125
379.0 2.4765625
380.0 0.0
381.0 8.4921875
382.0 3.2890625
383.0 2.9921875
384.0 2.640625
385.0 2.15625
386.0 0.09375
387.0 6.4375
388.0 3.046875
389.0 2.125
390.0 1.2890625
391.0 1.0
392.0 1.640625
393.0 2.4609375
394.0 2.25
395.0 2.1640625
396.0 1.4765625
397.0 0.0
398.0 5.375
399.0 2.625
400.0 2.7578125
401.0 3.2578125
402.0 4.0
403.0 3.21875
404.0 2.8046875
405.0 6.5625
406.0 5.171875
407.0 3.7890625
408.0 1.6484375
409.0 2.15625
410.0 5.3359375
411.0 4.2734375
412.0 2.640625
413.0 2.8125
414.0 2.84375
415.0 2.90625
416.0 3.625
417.0 6.109375
418.0 3.890625
419.0 7.1875
420.0 5.1015625
421.0 4.828125
422.0 5.046875
423.0 5.3515625
424.0 2.578125
425.0 7.5390625
426.0 4.5
427.0 3.3125
428.0 4.0625
429.0 4.6484375
430.0 3.515625
431.0 3.0
432.0 4.484375
433.0 4.421875
434.0 5.0703125
435.0 5.0859375
436.0 4.625
437.0 0.5234375
438.0 9.5703125
439.0 5.28125
440.0 5.2265625
441.0 5.3671875
442.0 5.609375
443.0 5.578125
444.0 5.3984375
445.0 5.0703125
446.0 5.3828125
447.0 5.4921875
448.0 3.9921875
449.0 7.5703125
450.0 5.3515625
451.0 4.9453125
452.0 1.28125
453.0 8.671875
454.0 4.6484375
455.0 5.1640625
456.0 4.65625
457.0 5.0859375
458.0 5.453125
459.0 5.40625
460.0 6.0859375
461.0 5.9765625
462.0 6.2421875
463.0 6.9453125
464.0 6.328125
465.0 2.921875
466.0 10.5625
467.0 5.7578125
468.0 6.3828125
469.0 6.234375
470.0 6.3828125
471.0 5.140625
472.0 0.8984375
473.0 10.5234375
474.0 6.4453125
475.0 6.2265625
476.0 5.890625
477.0 5.9375
478.0 5.9140625
479.0 5.75
480.0 6.3359375
481.0 6.4140625
482.0 6.3828125
483.0 5.859375
484.0 5.8125
485.0 3.953125
486.0 6.71875
487.0 3.6484375
488.0 5.3359375
489.0 5.796875
490.0 5.6640625
491.0 4.8984375
492.0 0.2734375
493.0 9.6015625
494.0 5.2890625
495.0 5.890625
496.0 5.546875
497.0 5.3828125
498.0 5.609375
499.0 5.6328125
500.0 5.4609375
501.0 4.1875
502.0 2.0078125
503.0 7.8359375
504.0 5.3828125
505.0 5.5
506.0 5.6484375
507.0 5.3515625
508.0 5.7265625
509.0 5.703125
510.0 5.5859375
511.0 5.515625
512.0 5.4375
513.0 5.53125
514.0 4.5078125
515.0 1.3515625
516.0 6.75
517.0 7.4296875
518.0 5.6171875
519.0 5.6953125
520.0 5.7578125
521.0 5.53125
522.0 5.6796875
523.0 5.34375
524.0 5.5859375
525.0 5.515625
526.0 5.546875
527.0 5.3515625
528.0 5.515625
529.0 4.5625
530.0 0.5234375
531.0 5.546875
532.0 2.8671875
533.0 2.0390625
534.0 0.390625
535.0 5.875
536.0 2.4609375
537.0 3.1640625
538.0 2.9609375
539.0 2.96875
540.0 2.6953125
541.0 3.3515625
542.0 5.0390625
543.0 5.3828125
544.0 3.0546875
545.0 6.09375
546.0 4.1328125
547.0 2.5234375
548.0 2.921875
549.0 3.21875
550.0 2.421875
551.0 2.546875
552.0 4.3046875
553.0 5.6484375
554.0 4.8359375
555.0 3.6953125
556.0 2.9609375
557.0 3.171875
558.0 2.71875
559.0 1.3125
560.0 6.6171875
561.0 5.1328125
562.0 4.1015625
563.0 3.8203125
564.0 3.1328125
565.0 4.4765625
566.0 3.859375
567.0 3.7734375
568.0 3.5859375
569.0 3.8203125
570.0 5.3046875
571.0 4.7265625
572.0 3.6796875
573.0 7.7265625
574.0 5.078125
575.0 3.0859375
576.0 2.7734375
577.0 2.90625
578.0 3.1796875
579.0 3.234375
580.0 2.71875
581.0 2.671875
582.0 3.8828125
583.0 3.3203125
584.0 3.1953125
585.0 2.25
586.0 1.2890625
587.0 0.0
588.0 6.796875
589.0 2.6640625
590.0 2.5078125
591.0 3.203125
592.0 2.9609375
593.0 2.7890625
594.0 0.0625
595.0 5.578125
596.0 2.8046875
597.0 3.6484375
598.0 4.484375
599.0 1.8359375
