0.0 0.0
1.0 4.8125
2.0 1.734375
3.0 2.625
4.0 1.9375
5.0 1.53125
6.0 0.8203125
7.0 1.6796875
8.0 2.9609375
9.0 2.5625
10.0 1.8515625
11.0 1.5078125
12.0 1.8046875
13.0 2.2421875
14.0 4.75
15.0 2.0625
16.0 0.0
17.0 5.5
18.0 2.4765625
19.0 2.09375
20.0 2.0859375
21.0 2.390625
22.0 2.5390625
23.0 0.6640625
24.0 7.5234375
25.0 4.15625
26.0 3.3671875
27.0 5.375
28.0 5.375
29.0 5.46875
30.0 4.3671875
31.0 4.1015625
32.0 5.0546875
33.0 5.3984375
34.0 5.15625
35.0 5.671875
36.0 5.578125
37.0 1.890625
38.0 0.0
39.0 7.3125
40.0 2.609375
41.0 2.6953125
42.0 2.0078125
43.0 0.0
44.0 5.21875
45.0 5.125
46.0 4.15625
47.0 5.0078125
48.0 5.34375
49.0 4.609375
50.0 3.90625
51.0 5.375
52.0 5.5859375
53.0 5.28125
54.0 5.6015625
55.0 5.3828125
56.0 6.03125
57.0 5.9296875
58.0 1.328125
59.0 9.8515625
60.0 6.8125
61.0 5.765625
62.0 3.1484375
63.0 8.109375
64.0 5.609375
65.0 5.453125
66.0 5.6328125
67.0 5.078125
68.0 5.3046875
69.0 5.2734375
70.0 5.453125
71.0 5.5234375
72.0 5.6484375
73.0 5.6484375
74.0 5.0546875
75.0 1.8359375
76.0 0.3359375
77.0 7.9375
78.0 5.3828125
79.0 5.46875
80.0 5.203125
81.0 3.7578125
82.0 7.6640625
83.0 5.609375
84.0 6.59375
85.0 7.1015625
86.0 5.5859375
87.0 5.140625
88.0 4.9765625
89.0 5.484375
90.0 5.6171875
91.0 5.7890625
92.0 6.5859375
93.0 6.3515625
94.0 6.2578125
95.0 1.4609375
96.0 0.0
97.0 9.0
98.0 5.8125
99.0 4.7265625
100.0 6.421875
101.0 2.6640625
102.0 0.0
103.0 5.890625
104.0 3.0859375
105.0 3.1171875
106.0 2.6953125
107.0 3.0390625
108.0 3.1484375
109.0 2.296875
110.0 2.4609375
111.0 2.4765625
112.0 2.578125
113.0 2.484375
114.0 2.71875
115.0 2.84375
116.0 1.6875
117.0 0.0
118.0 5.9609375
119.0 2.2734375
120.0 2.3125
121.0 2.0625
122.0 2.375
123.0 2.75
124.0 0.734375
125.0 0.0
126.0 7.21875
127.0 2.875
128.0 2.6953125
129.0 2.6953125
130.0 2.9296875
131.0 2.578125
132.0 2.2734375
133.0 2.5234375
134.0 2.5078125
135.0 3.0546875
136.0 2.7109375
137.0 0.0
138.0 5.6640625
139.0 2.921875
140.0 2.9375
141.0 2.7265625
142.0 2.8359375
143.0 2.8125
144.0 2.640625
145.0 2.640625
146.0 2.7734375
147.0 2.421875
148.0 2.640625
149.0 0.5546875
150.0 4.46875
151.0 2.4140625
152.0 3.0234375
153.0 2.7890625
154.0 2.4609375
155.0 2.6015625
156.0 2.453125
157.0 2.34375
158.0 1.7421875
159.0 0.0
160.0 6.109375
161.0 2.90625
162.0 2.6328125
163.0 2.875
164.0 2.515625
165.0 2.5625
166.0 2.5234375
167.0 1.6875
168.0 1.4609375
169.0 2.8359375
170.0 2.7890625
171.0 2.71875
172.0 1.6796875
173.0 0.0
174.0 6.5546875
175.0 2.65625
176.0 2.4609375
177.0 2.640625
178.0 2.6015625
179.0 1.96875
180.0 0.0
181.0 6.0625
182.0 2.6640625
183.0 2.6640625
184.0 2.578125
185.0 2.9375
186.0 2.640625
187.0 2.78125
188.0 2.8671875
189.0 2.578125
190.0 2.7109375
191.0 2.5234375
192.0 2.4765625
193.0 1.4140625
194.0 0.0
195.0 6.3046875
196.0 2.5234375
197.0 2.5703125
198.0 2.75
199.0 2.515625
200.0 2.09375
201.0 0.0
202.0 5.3984375
203.0 2.2109375
204.0 2.3671875
205.0 2.1328125
206.0 1.9765625
207.0 2.015625
208.0 1.796875
209.0 2.296875
210.0 2.421875
211.0 2.25
212.0 2.4296875
213.0 1.9375
214.0 0.046875
215.0 0.0
216.0 4.984375
217.0 1.7734375
218.0 2.0
219.0 2.0078125
220.0 1.3125
221.0 1.4765625
222.0 1.5546875
223.0 1.8203125
224.0 0.734375
225.0 0.328125
226.0 0.0
227.0 0.0
228.0 0.0
229.0 0.0
230.0 5.78125
231.0 1.3515625
232.0 0.9921875
233.0 0.34375
234.0 0.390625
235.0 0.2421875
236.0 0.6953125
237.0 1.46875
238.0 0.875
239.0 0.7265625
240.0 1.8046875
241.0 2.65625
242.0 2.6640625
243.0 1.8203125
244.0 0.0
245.0 6.171875
246.0 2.1015625
247.0 1.859375
248.0 2.0625
249.0 2.3125
250.0 2.78125
251.0 2.640625
252.0 1.1953125
253.0 0.0
254.0 6.8984375
255.0 2.7578125
256.0 2.546875
257.0 2.7109375
258.0 2.75
259.0 2.6640625
260.0 2.71875
261.0 3.609375
262.0 2.5703125
263.0 2.7578125
264.0 2.4921875
265.0 1.8359375
266.0 0.0
267.0 5.6015625
268.0 2.6875
269.0 2.75
270.0 3.1015625
271.0 2.6015625
272.0 2.8671875
273.0 2.5625
274.0 1.6171875
275.0 0.0
276.0 6.421875
277.0 2.5390625
278.0 2.8984375
279.0 2.515625
280.0 2.8046875
281.0 3.0703125
282.0 3.3125
283.0 2.5234375
284.0 3.328125
285.0 3.0234375
286.0 2.6640625
287.0 1.7578125
288.0 0.0
289.0 6.84375
290.0 2.28125
291.0 2.328125
292.0 1.53125
293.0 1.0
294.0 2.1328125
295.0 5.3125
296.0 5.28125
297.0 4.0625
298.0 2.5390625
299.0 0.0625
300.0 4.6875
301.0 2.2109375
302.0 2.4609375
303.0 2.4921875
304.0 2.4765625
305.0 0.90625
306.0 0.0
307.0 6.15625
308.0 2.328125
309.0 2.421875
310.0 2.1640625
311.0 2.578125
312.0 2.296875
313.0 1.9140625
314.0 2.75
315.0 2.3125
316.0 1.96875
317.0 2.4765625
318.0 2.5234375
319.0 1.625
320.0 0.0
321.0 5.78125
322.0 2.3671875
323.0 2.375
324.0 2.359375
325.0 2.3046875
326.0 2.671875
327.0 2.4453125
328.0 1.0234375
329.0 0.0
330.0 6.40625
331.0 2.421875
332.0 2.65625
333.0 2.71875
334.0 2.4140625
335.0 2.3671875
336.0 2.875
337.0 2.6875
338.0 2.375
339.0 2.453125
340.0 1.5859375
341.0 0.0
342.0 6.5546875
343.0 2.7890625
344.0 3.0390625
345.0 3.296875
346.0 2.890625
347.0 3.0703125
348.0 2.984375
349.0 3.203125
350.0 3.2890625
351.0 2.8125
352.0 0.0
353.0 6.6328125
354.0 2.9375
355.0 3.546875
356.0 3.0390625
357.0 2.7734375
358.0 3.34375
359.0 3.171875
360.0 2.7421875
361.0 2.9609375
362.0 2.546875
363.0 1.859375
364.0 0.0
365.0 6.09375
366.0 2.75
367.0 2.6953125
368.0 3.8046875
369.0 3.140625
370.0 3.0
371.0 3.1484375
372.0 3.1171875
373.0 2.890625
374.0 0.75
375.0 5.5859375
376.0 3.234375
377.0 2.546875
378.0 3.0
379.0 2.8359375
380.0 2.6953125
381.0 2.8671875
382.0 3.109375
383.0 2.9609375
384.0 2.7578125
385.0 0.671875
386.0 6.265625
387.0 5.25
388.0 6.1796875
389.0 5.8828125
390.0 5.9296875
391.0 6.5078125
392.0 6.1484375
393.0 6.40625
394.0 5.96875
395.0 4.5390625
396.0 6.6875
397.0 5.6953125
398.0 6.453125
399.0 6.890625
400.0 6.359375
401.0 6.3515625
402.0 6.390625
403.0 6.421875
404.0 6.3203125
405.0 6.46875
406.0 6.09375
407.0 3.140625
408.0 0.2265625
409.0 10.2265625
410.0 6.2890625
411.0 4.6015625
412.0 0.0
413.0 7.03125
414.0 3.4453125
415.0 2.921875
416.0 4.125
417.0 5.0078125
418.0 8.3203125
419.0 6.46875
420.0 5.828125
421.0 6.9296875
422.0 6.171875
423.0 6.2578125
424.0 6.75
425.0 6.5703125
426.0 5.8515625
427.0 3.671875
428.0 5.5
429.0 6.3046875
430.0 6.4765625
431.0 6.296875
432.0 3.640625
433.0 6.421875
434.0 6.8125
435.0 6.5625
436.0 6.2890625
437.0 1.9765625
438.0 7.8359375
439.0 6.5390625
440.0 5.2890625
441.0 4.90625
442.0 2.8984375
443.0 3.5859375
444.0 4.453125
445.0 4.7265625
446.0 5.0859375
447.0 4.390625
448.0 3.328125
449.0 2.296875
450.0 7.8359375
451.0 5.5234375
452.0 6.296875
453.0 5.5234375
454.0 2.5703125
455.0 6.390625
456.0 4.0859375
457.0 3.203125
458.0 5.171875
459.0 5.4375
460.0 4.4453125
461.0 3.015625
462.0 2.4609375
463.0 2.4453125
464.0 1.34375
465.0 0.0
466.0 9.1484375
467.0 6.703125
468.0 6.0078125
469.0 6.359375
470.0 6.1796875
471.0 6.453125
472.0 6.0390625
473.0 5.0078125
474.0 3.9375
475.0 5.7109375
476.0 5.875
477.0 6.0234375
478.0 5.890625
479.0 5.3046875
480.0 0.84375
481.0 10.3515625
482.0 6.2578125
483.0 5.90625
484.0 2.328125
485.0 9.640625
486.0 4.6015625
487.0 5.1640625
488.0 5.90625
489.0 4.8359375
490.0 5.6171875
491.0 4.875
492.0 5.0234375
493.0 4.8359375
494.0 6.515625
495.0 5.890625
496.0 4.78125
497.0 7.9296875
498.0 5.78125
499.0 5.859375
500.0 5.84375
501.0 3.9453125
502.0 1.0
503.0 0.0
504.0 6.9140625
505.0 3.2578125
506.0 2.875
507.0 4.21875
508.0 3.4296875
509.0 4.0
510.0 4.6640625
511.0 5.0390625
512.0 6.1484375
513.0 5.7265625
514.0 2.5234375
515.0 0.328125
516.0 0.0390625
517.0 0.0
518.0 5.9375
519.0 5.4296875
520.0 2.2734375
521.0 1.28125
522.0 0.71875
523.0 0.9375
524.0 3.078125
525.0 5.9765625
526.0 5.421875
527.0 5.4296875
528.0 5.640625
529.0 5.6015625
530.0 5.5
531.0 2.65625
532.0 7.9375
533.0 2.65625
534.0 3.8828125
535.0 5.3671875
536.0 5.421875
537.0 1.2109375
538.0 9.8671875
539.0 5.5234375
540.0 5.4921875
541.0 4.1796875
542.0 3.6484375
543.0 3.0703125
544.0 4.265625
545.0 5.140625
546.0 5.375
547.0 5.15625
548.0 5.5546875
549.0 5.890625
550.0 6.1796875
551.0 6.4140625
552.0 5.4921875
553.0 4.359375
554.0 6.171875
555.0 5.1640625
556.0 5.3203125
557.0 5.375
558.0 5.578125
559.0 5.4921875
560.0 5.875
561.0 5.8125
562.0 6.0
563.0 5.8203125
564.0 5.8203125
565.0 6.1875
566.0 5.5859375
567.0 3.46875
568.0 7.21875
569.0 6.9765625
570.0 6.4375
571.0 5.3984375
572.0 5.3046875
573.0 1.2890625
574.0 10.4609375
575.0 5.6015625
576.0 5.9375
577.0 5.3984375
578.0 5.2265625
579.0 5.4375
580.0 5.53125
581.0 5.859375
582.0 5.34375
583.0 5.453125
584.0 5.6796875
585.0 4.4765625
586.0 6.734375
587.0 5.703125
588.0 6.171875
589.0 5.7578125
590.0 5.734375
591.0 4.21875
592.0 7.3046875
593.0 5.4375
594.0 5.765625
595.0 5.453125
596.0 5.3125
597.0 5.2734375
598.0 5.5
599.0 5.28125
