0.0 2.7265625
1.0 2.8046875
2.0 3.328125
3.0 3.0234375
4.0 3.109375
5.0 2.96875
6.0 3.015625
7.0 3.1328125
8.0 2.9609375
9.0 0.484375
10.0 5.46875
11.0 2.9609375
12.0 3.078125
13.0 2.9296875
14.0 1.859375
15.0 0.0
16.0 7.4609375
17.0 3.46875
18.0 2.9375
19.0 2.984375
20.0 3.171875
21.0 2.90625
22.0 2.890625
23.0 3.1796875
24.0 3.4296875
25.0 3.4765625
26.0 3.265625
27.0 3.546875
28.0 0.0
29.0 7.2421875
30.0 0.4921875
31.0 6.0859375
32.0 3.5234375
33.0 3.3671875
34.0 3.5234375
35.0 3.3984375
36.0 3.0859375
37.0 2.8203125
38.0 2.9296875
39.0 3.328125
40.0 3.4453125
41.0 3.265625
42.0 3.2578125
43.0 2.5078125
44.0 0.0
45.0 6.9140625
46.0 3.328125
47.0 3.2890625
48.0 2.9375
49.0 2.9296875
50.0 2.8984375
51.0 0.3984375
52.0 4.875
53.0 3.0546875
54.0 3.078125
55.0 2.8515625
56.0 3.078125
57.0 2.578125
58.0 2.578125
59.0 2.84375
60.0 2.9375
61.0 3.078125
62.0 3.3984375
63.0 3.1171875
64.0 1.2890625
65.0 5.3828125
66.0 3.4609375
67.0 3.0390625
68.0 2.671875
69.0 3.1328125
70.0 2.1640625
71.0 0.0
72.0 6.5859375
73.0 2.8046875
74.0 2.90625
75.0 0.1796875
76.0 5.609375
77.0 2.7265625
78.0 2.8359375
79.0 2.84375
80.0 3.265625
81.0 3.4453125
82.0 2.8984375
83.0 3.015625
84.0 3.171875
85.0 3.4375
86.0 3.3671875
87.0 3.3125
88.0 2.6640625
89.0 0.9921875
90.0 0.0
91.0 6.40625
92.0 2.3984375
93.0 2.5078125
94.0 2.4921875
95.0 2.1328125
96.0 0.0
97.0 5.7578125
98.0 2.671875
99.0 3.0234375
100.0 2.78125
101.0 2.921875
102.0 3.015625
103.0 2.625
104.0 2.96875
105.0 2.9609375
106.0 3.1640625
107.0 3.1015625
108.0 2.5625
109.0 2.2421875
110.0 0.5390625
111.0 0.0
112.0 6.8046875
113.0 2.5390625
114.0 2.6328125
115.0 2.671875
116.0 2.3671875
117.0 0.4296875
118.0 4.9453125
119.0 2.5703125
120.0 2.6875
121.0 2.484375
122.0 2.359375
123.0 2.7265625
124.0 2.6328125
125.0 2.4765625
126.0 2.6328125
127.0 2.5390625
128.0 2.4140625
129.0 2.4921875
130.0 2.59375
131.0 0.640625
132.0 0.0
133.0 6.8984375
134.0 2.7109375
135.0 2.4140625
136.0 2.4296875
137.0 1.890625
138.0 0.0
139.0 5.9453125
140.0 2.90625
141.0 2.7421875
142.0 2.9375
143.0 2.890625
144.0 3.0390625
145.0 3.1640625
146.0 3.3515625
147.0 3.25
148.0 3.140625
149.0 1.2109375
150.0 4.578125
151.0 3.0234375
152.0 2.8984375
153.0 2.96875
154.0 3.0234375
155.0 3.1796875
156.0 3.2265625
157.0 2.0390625
158.0 1.828125
159.0 1.4375
160.0 1.8046875
161.0 3.2578125
162.0 2.7109375
163.0 1.015625
164.0 4.796875
165.0 2.953125
166.0 2.515625
167.0 3.34375
168.0 2.5625
169.0 4.6015625
170.0 3.1171875
171.0 3.1796875
172.0 3.296875
173.0 3.1015625
174.0 3.40625
175.0 3.3671875
176.0 3.328125
177.0 3.1484375
178.0 2.84375
179.0 3.4375
180.0 3.5234375
181.0 3.1640625
182.0 2.6328125
183.0 0.0
184.0 6.7109375
185.0 2.9375
186.0 3.2578125
187.0 3.4921875
188.0 2.71875
189.0 1.5390625
190.0 4.1796875
191.0 3.1953125
192.0 2.953125
193.0 3.171875
194.0 3.1953125
195.0 3.4453125
196.0 3.078125
197.0 3.015625
198.0 3.0390625
199.0 2.7734375
200.0 2.5703125
201.0 2.7265625
202.0 2.1015625
203.0 0.0
204.0 5.875
205.0 4.3046875
206.0 3.0546875
207.0 2.1875
208.0 2.7421875
209.0 2.75
210.0 3.1015625
211.0 3.25
212.0 3.1328125
213.0 3.265625
214.0 3.6171875
215.0 3.3203125
216.0 3.265625
217.0 3.4375
218.0 0.328125
219.0 6.5390625
220.0 3.5546875
221.0 3.5546875
222.0 3.3828125
223.0 3.5625
224.0 3.265625
225.0 3.1796875
226.0 3.234375
227.0 3.4765625
228.0 3.578125
229.0 3.7109375
230.0 3.546875
231.0 2.8046875
232.0 0.0
233.0 7.359375
234.0 3.4296875
235.0 3.1171875
236.0 2.1015625
237.0 4.265625
238.0 3.0703125
239.0 3.1796875
240.0 3.3203125
241.0 3.203125
242.0 3.2265625
243.0 3.40625
244.0 2.78125
245.0 1.640625
246.0 1.8359375
247.0 3.21875
248.0 2.90625
249.0 3.078125
250.0 1.65625
251.0 0.0
252.0 7.6171875
253.0 2.8203125
254.0 3.65625
255.0 3.65625
256.0 3.6171875
257.0 3.8203125
258.0 3.7890625
259.0 3.3984375
260.0 1.7578125
261.0 4.921875
262.0 3.296875
263.0 2.96875
264.0 3.171875
265.0 3.3828125
266.0 2.9296875
267.0 0.0
268.0 7.515625
269.0 3.4765625
270.0 3.0390625
271.0 3.046875
272.0 3.1796875
273.0 3.0546875
274.0 3.1796875
275.0 3.1953125
276.0 2.96875
277.0 3.0234375
278.0 3.234375
279.0 3.265625
280.0 3.1796875
281.0 0.609375
282.0 4.6328125
283.0 4.828125
284.0 3.1015625
285.0 3.171875
286.0 3.2265625
287.0 3.203125
288.0 1.09375
289.0 4.890625
290.0 3.6171875
291.0 3.140625
292.0 2.84375
293.0 3.265625
294.0 3.515625
295.0 3.1484375
296.0 2.7734375
297.0 2.8359375
298.0 3.34375
299.0 3.3203125
300.0 3.0859375
301.0 3.1953125
302.0 3.296875
303.0 3.6796875
304.0 3.25
305.0 0.9375
306.0 0.0703125
307.0 8.5546875
308.0 3.34375
309.0 2.9296875
310.0 1.1328125
311.0 5.3828125
312.0 3.3203125
313.0 3.1171875
314.0 3.0234375
315.0 3.0859375
316.0 3.0
317.0 2.78125
318.0 2.84375
319.0 3.0859375
320.0 3.46875
321.0 3.2265625
322.0 3.203125
323.0 0.5703125
324.0 5.40625
325.0 2.65625
326.0 2.6328125
327.0 2.484375
328.0 2.8125
329.0 3.1796875
330.0 3.0
331.0 2.1015625
332.0 0.0
333.0 5.796875
334.0 2.84375
335.0 2.3359375
336.0 1.96875
337.0 3.515625
338.0 2.8046875
339.0 2.6953125
340.0 2.9375
341.0 2.8671875
342.0 2.453125
343.0 2.6640625
344.0 3.0703125
345.0 3.015625
346.0 2.8984375
347.0 2.8359375
348.0 2.75
349.0 2.78125
350.0 2.78125
351.0 0.1875
352.0 5.5546875
353.0 3.234375
354.0 3.34375
355.0 2.921875
356.0 3.015625
357.0 3.046875
358.0 3.0
359.0 0.2578125
360.0 5.828125
361.0 3.234375
362.0 3.4375
363.0 3.3828125
364.0 3.3125
365.0 3.1953125
366.0 3.203125
367.0 3.1484375
368.0 3.2578125
369.0 3.203125
370.0 1.2890625
371.0 5.1640625
372.0 3.1640625
373.0 3.3671875
374.0 3.171875
375.0 3.2578125
376.0 3.625
377.0 3.40625
378.0 3.40625
379.0 3.4921875
380.0 3.375
381.0 3.1484375
382.0 2.953125
383.0 3.3984375
384.0 0.875
385.0 5.3984375
386.0 3.4921875
387.0 3.5
388.0 3.28125
389.0 3.2890625
390.0 3.296875
391.0 3.4609375
392.0 3.28125
393.0 3.2578125
394.0 3.5625
395.0 0.0
396.0 7.3671875
397.0 3.0546875
398.0 3.1640625
399.0 3.3671875
400.0 3.7265625
401.0 3.5
402.0 3.46875
403.0 3.609375
404.0 3.1953125
405.0 3.3984375
406.0 0.2421875
407.0 6.5546875
408.0 3.140625
409.0 3.640625
410.0 3.765625
411.0 3.1015625
412.0 2.8203125
413.0 0.0
414.0 7.3984375
415.0 3.2265625
416.0 3.25
417.0 3.34375
418.0 3.40625
419.0 2.9921875
420.0 3.046875
421.0 3.4296875
422.0 3.4609375
423.0 3.2578125
424.0 3.3828125
425.0 3.3203125
426.0 1.5859375
427.0 5.734375
428.0 3.5859375
429.0 3.6484375
430.0 3.5625
431.0 0.0
432.0 7.4375
433.0 3.859375
434.0 3.578125
435.0 3.4609375
436.0 3.25
437.0 3.1796875
438.0 3.25
439.0 3.2265625
440.0 2.90625
441.0 3.1796875
442.0 3.4375
443.0 3.4296875
444.0 1.7890625
445.0 0.0
446.0 7.046875
447.0 3.25
448.0 3.3828125
449.0 3.53125
450.0 3.1015625
451.0 0.0
452.0 6.0
453.0 2.9375
454.0 3.0390625
455.0 3.2578125
456.0 3.1953125
457.0 3.4296875
458.0 3.25
459.0 3.2578125
460.0 2.03125
461.0 4.0859375
462.0 2.0
463.0 4.0390625
464.0 3.0390625
465.0 2.84375
466.0 3.015625
467.0 2.7265625
468.0 3.046875
469.0 2.265625
470.0 3.59375
471.0 3.4453125
472.0 2.0390625
473.0 3.65625
474.0 3.1015625
475.0 3.46875
476.0 3.203125
477.0 3.328125
478.0 3.40625
479.0 3.234375
480.0 3.4453125
481.0 2.7109375
482.0 3.0703125
483.0 3.25
484.0 2.4453125
485.0 2.2421875
486.0 2.8125
487.0 2.59375
488.0 0.0
489.0 2.1953125
490.0 7.0390625
491.0 3.21875
492.0 3.078125
493.0 3.3671875
494.0 3.1171875
495.0 0.9453125
496.0 5.3671875
497.0 3.109375
498.0 3.40625
499.0 3.2890625
500.0 3.4921875
501.0 3.6484375
502.0 3.28125
503.0 3.4921875
504.0 3.375
505.0 3.296875
506.0 3.25
507.0 3.4453125
508.0 3.5859375
509.0 0.0
510.0 7.40625
511.0 3.25
512.0 3.3828125
513.0 3.40625
514.0 3.609375
515.0 3.6953125
516.0 3.375
517.0 0.0
518.0 7.9140625
519.0 3.7109375
520.0 4.0
521.0 3.8515625
522.0 3.96875
523.0 4.1796875
524.0 4.1171875
525.0 2.1328125
526.0 5.4296875
527.0 4.0
528.0 3.5625
529.0 3.6484375
530.0 3.59375
531.0 3.7109375
532.0 3.625
533.0 3.296875
534.0 3.3671875
535.0 3.3984375
536.0 3.5
537.0 3.3671875
538.0 3.1796875
539.0 2.2734375
540.0 5.046875
541.0 3.578125
542.0 3.6484375
543.0 0.96875
544.0 6.234375
545.0 3.65625
546.0 2.25
547.0 4.09375
548.0 3.3984375
549.0 3.578125
550.0 3.8515625
551.0 3.90625
552.0 3.796875
553.0 3.671875
554.0 3.625
555.0 3.375
556.0 3.53125
557.0 3.8515625
558.0 3.6484375
559.0 1.890625
560.0 3.1796875
561.0 2.390625
562.0 0.453125
563.0 5.90625
564.0 2.296875
565.0 2.8125
566.0 2.9921875
567.0 2.7890625
568.0 1.796875
569.0 0.0
570.0 6.2734375
571.0 2.7890625
572.0 3.3828125
573.0 3.265625
574.0 3.0546875
575.0 2.7734375
576.0 2.609375
577.0 2.6953125
578.0 2.7734375
579.0 2.65625
580.0 2.65625
581.0 2.5625
582.0 1.921875
583.0 0.0
584.0 6.359375
585.0 2.6875
586.0 2.6015625
587.0 2.375
588.0 0.84375
589.0 4.7265625
590.0 2.9609375
591.0 3.1484375
592.0 3.109375
593.0 3.203125
594.0 2.90625
595.0 3.046875
596.0 2.7421875
597.0 2.875
598.0 2.8671875
599.0 3.0234375
