0.0 0.34375
1.0 7.71875
2.0 5.7890625
3.0 7.5234375
4.0 4.234375
5.0 7.2890625
6.0 7.5390625
7.0 7.3046875
8.0 6.9609375
9.0 7.3671875
10.0 7.8828125
11.0 7.71875
12.0 6.8125
13.0 6.3359375
14.0 4.859375
15.0 5.453125
16.0 5.78125
17.0 5.7265625
18.0 4.3828125
19.0 5.0859375
20.0 5.8828125
21.0 4.84375
22.0 3.765625
23.0 6.2421875
24.0 5.015625
25.0 4.9609375
26.0 3.28125
27.0 8.7421875
28.0 6.265625
29.0 6.953125
30.0 7.2890625
31.0 7.015625
32.0 7.765625
33.0 6.1875
34.0 6.3515625
35.0 4.7734375
36.0 5.5234375
37.0 5.828125
38.0 6.5625
39.0 6.59375
40.0 1.5703125
41.0 11.609375
42.0 6.265625
43.0 6.1484375
44.0 6.3203125
45.0 6.40625
46.0 6.0
47.0 5.9375
48.0 4.5078125
49.0 1.28125
50.0 2.296875
51.0 2.7265625
52.0 3.921875
53.0 5.453125
54.0 4.4765625
55.0 6.6484375
56.0 5.7890625
57.0 5.46875
58.0 5.890625
59.0 6.2265625
60.0 5.484375
61.0 5.3515625
62.0 6.15625
63.0 6.296875
64.0 6.6171875
65.0 6.2734375
66.0 5.890625
67.0 6.0
68.0 6.1484375
69.0 5.609375
70.0 5.40625
71.0 5.3671875
72.0 5.6328125
73.0 5.96875
74.0 5.2265625
75.0 0.4921875
76.0 0.0
77.0 0.0
78.0 0.0
79.0 7.1953125
80.0 6.453125
81.0 6.359375
82.0 6.5078125
83.0 5.7578125
84.0 7.2890625
85.0 6.265625
86.0 6.8125
87.0 6.5078125
88.0 6.5625
89.0 6.8125
90.0 6.3515625
91.0 6.125
92.0 5.8828125
93.0 6.0
94.0 5.9375
95.0 6.2265625
96.0 6.0078125
97.0 5.9609375
98.0 5.3046875
99.0 5.5859375
100.0 5.53125
101.0 0.2421875
102.0 8.6484375
103.0 6.234375
104.0 5.640625
105.0 6.3515625
106.0 5.2578125
107.0 1.8515625
108.0 9.8125
109.0 5.7890625
110.0 6.0078125
111.0 1.375
112.0 7.7890625
113.0 2.1953125
114.0 4.1484375
115.0 4.546875
116.0 4.0390625
117.0 0.9375
118.0 8.3515625
119.0 5.578125
120.0 5.1015625
121.0 5.46875
122.0 4.3515625
123.0 4.296875
124.0 5.1953125
125.0 5.375
126.0 5.0234375
127.0 5.3515625
128.0 5.2734375
129.0 5.4375
130.0 4.25
131.0 1.1953125
132.0 7.640625
133.0 5.1640625
134.0 3.9765625
135.0 4.828125
136.0 4.15625
137.0 0.0625
138.0 8.0234375
139.0 5.2734375
140.0 6.3046875
141.0 5.9140625
142.0 6.3203125
143.0 6.234375
144.0 6.171875
145.0 6.15625
146.0 6.5
147.0 6.53125
148.0 6.1484375
149.0 6.5
150.0 5.7109375
151.0 5.5625
152.0 6.3671875
153.0 5.9609375
154.0 5.671875
155.0 4.9453125
156.0 1.5546875
157.0 8.203125
158.0 5.734375
159.0 4.8125
160.0 4.625
161.0 4.484375
162.0 4.8671875
163.0 5.4375
164.0 4.6640625
165.0 5.2734375
166.0 4.9609375
167.0 4.9453125
168.0 4.2734375
169.0 0.8515625
170.0 7.8828125
171.0 3.8046875
172.0 4.3984375
173.0 2.453125
174.0 0.0
175.0 9.5703125
176.0 5.3828125
177.0 5.578125
178.0 5.546875
179.0 6.09375
180.0 5.9453125
181.0 5.7578125
182.0 4.6328125
183.0 3.546875
184.0 5.453125
185.0 6.09375
186.0 6.296875
187.0 6.328125
188.0 2.4921875
189.0 7.6171875
190.0 6.078125
191.0 6.3671875
192.0 4.59375
193.0 6.9765625
194.0 6.3046875
195.0 5.7265625
196.0 5.4609375
197.0 4.5
198.0 3.7421875
199.0 3.296875
200.0 3.203125
201.0 1.8203125
202.0 1.359375
203.0 0.4296875
204.0 4.4765625
205.0 2.9609375
206.0 2.1171875
207.0 1.9375
208.0 1.3515625
209.0 0.2109375
210.0 0.0
211.0 4.359375
212.0 1.7890625
213.0 1.34375
214.0 1.2890625
215.0 3.25
216.0 5.9375
217.0 5.6171875
218.0 5.515625
219.0 5.734375
220.0 4.234375
221.0 4.0859375
222.0 5.3515625
223.0 4.578125
224.0 4.125
225.0 5.046875
226.0 5.1875
227.0 4.1484375
228.0 3.671875
229.0 3.90625
230.0 4.25
231.0 4.8671875
232.0 5.6796875
233.0 5.6640625
234.0 5.6328125
235.0 5.53125
236.0 3.0
237.0 2.8671875
238.0 4.9609375
239.0 4.171875
240.0 5.203125
241.0 4.9921875
242.0 4.8984375
243.0 5.234375
244.0 5.3046875
245.0 5.796875
246.0 5.6796875
247.0 5.484375
248.0 5.828125
249.0 5.5
250.0 5.75
251.0 5.78125
252.0 6.2421875
253.0 2.8984375
254.0 5.0390625
255.0 5.9375
256.0 5.84375
257.0 5.5859375
258.0 4.984375
259.0 5.6796875
260.0 5.8203125
261.0 5.7109375
262.0 4.984375
263.0 5.9140625
264.0 5.46875
265.0 5.6953125
266.0 6.3359375
267.0 5.171875
268.0 5.125
269.0 4.8671875
270.0 4.265625
271.0 6.2421875
272.0 2.6875
273.0 4.0703125
274.0 5.234375
275.0 5.6015625
276.0 4.4765625
277.0 4.9609375
278.0 5.2890625
279.0 5.640625
280.0 4.953125
281.0 4.1328125
282.0 2.9921875
283.0 2.03125
284.0 7.9921875
285.0 5.6328125
286.0 6.0625
287.0 6.265625
288.0 6.3203125
289.0 6.4375
290.0 6.1875
291.0 4.9921875
292.0 5.7265625
293.0 4.9453125
294.0 5.765625
295.0 6.0390625
296.0 4.3671875
297.0 1.5546875
298.0 4.0625
299.0 4.453125
300.0 3.65625
301.0 4.890625
302.0 5.6171875
303.0 5.4921875
304.0 5.6328125
305.0 5.75
306.0 0.8671875
307.0 8.8046875
308.0 4.65625
309.0 5.140625
310.0 5.4296875
311.0 2.0625
312.0 6.4140625
313.0 4.6328125
314.0 5.96875
315.0 5.4296875
316.0 5.53125
317.0 5.40625
318.0 5.5859375
319.0 5.2734375
320.0 5.78125
321.0 6.03125
322.0 5.796875
323.0 5.078125
324.0 5.703125
325.0 5.7890625
326.0 6.171875
327.0 5.21875
328.0 2.3359375
329.0 6.4453125
330.0 5.578125
331.0 5.7578125
332.0 6.2578125
333.0 5.8125
334.0 5.40625
335.0 3.3125
336.0 5.21875
337.0 6.0234375
338.0 6.5078125
339.0 6.3671875
340.0 6.0078125
341.0 5.0234375
342.0 5.6171875
343.0 6.84375
344.0 5.3046875
345.0 3.6796875
346.0 3.5546875
347.0 4.7578125
348.0 3.4375
349.0 4.3984375
350.0 5.4375
351.0 4.953125
352.0 5.7890625
353.0 4.6953125
354.0 4.28125
355.0 1.203125
356.0 6.9453125
357.0 3.7578125
358.0 6.2421875
359.0 5.5234375
360.0 5.7578125
361.0 6.2265625
362.0 6.453125
363.0 6.296875
364.0 1.8359375
365.0 10.1640625
366.0 5.5234375
367.0 3.328125
368.0 3.171875
369.0 3.671875
370.0 4.7265625
371.0 3.84375
372.0 5.765625
373.0 5.6953125
374.0 6.390625
375.0 4.9453125
376.0 4.5078125
377.0 5.234375
378.0 5.6640625
379.0 1.171875
380.0 7.0625
381.0 1.1796875
382.0 4.921875
383.0 5.1953125
384.0 4.5
385.0 1.140625
386.0 5.609375
387.0 4.0859375
388.0 4.953125
389.0 3.65625
390.0 5.0859375
391.0 4.3515625
392.0 4.328125
393.0 1.703125
394.0 5.9453125
395.0 3.34375
396.0 2.25
397.0 3.3203125
398.0 4.125
399.0 1.7578125
400.0 0.0078125
401.0 5.53125
402.0 5.15625
403.0 5.890625
404.0 4.171875
405.0 3.46875
406.0 3.0859375
407.0 3.9375
408.0 4.25
409.0 3.5
410.0 4.6640625
411.0 3.6953125
412.0 3.796875
413.0 1.640625
414.0 5.21875
415.0 5.5546875
416.0 4.5390625
417.0 6.46875
418.0 5.4375
419.0 6.3828125
420.0 5.421875
421.0 5.3203125
422.0 3.1015625
423.0 7.3984375
424.0 5.28125
425.0 5.546875
426.0 5.203125
427.0 5.4375
428.0 5.671875
429.0 5.078125
430.0 5.3046875
431.0 5.125
432.0 5.9609375
433.0 6.0859375
434.0 5.9765625
435.0 3.84375
436.0 8.8046875
437.0 5.9765625
438.0 5.6953125
439.0 4.6484375
440.0 5.453125
441.0 5.21875
442.0 3.9453125
443.0 7.3046875
444.0 5.078125
445.0 5.7890625
446.0 5.3046875
447.0 5.96875
448.0 6.0078125
449.0 4.8359375
450.0 6.3671875
451.0 4.6484375
452.0 4.1171875
453.0 6.1171875
454.0 4.515625
455.0 1.8828125
456.0 9.125
457.0 6.5390625
458.0 6.8359375
459.0 6.6171875
460.0 6.5
461.0 5.484375
462.0 6.234375
463.0 5.9140625
464.0 6.0
465.0 5.0390625
466.0 2.890625
467.0 5.5
468.0 5.7265625
469.0 5.578125
470.0 5.890625
471.0 5.9765625
472.0 6.125
473.0 6.1171875
474.0 5.9453125
475.0 6.3671875
476.0 6.2734375
477.0 5.6328125
478.0 4.75
479.0 1.2265625
480.0 8.75
481.0 5.4375
482.0 5.3515625
483.0 5.5859375
484.0 6.5703125
485.0 2.9609375
486.0 8.9765625
487.0 6.7421875
488.0 6.3515625
489.0 6.03125
490.0 6.3046875
491.0 6.2578125
492.0 5.6640625
493.0 5.6484375
494.0 6.2109375
495.0 6.4140625
496.0 6.703125
497.0 6.0390625
498.0 5.78125
499.0 5.96875
500.0 5.9765625
501.0 6.5390625
502.0 5.46875
503.0 6.0859375
504.0 7.046875
505.0 6.828125
506.0 6.4453125
507.0 6.1171875
508.0 5.890625
509.0 1.8984375
510.0 10.0859375
511.0 6.2421875
512.0 6.2734375
513.0 6.2578125
514.0 6.125
515.0 6.7109375
516.0 5.9453125
517.0 6.140625
518.0 6.328125
519.0 6.125
520.0 5.75
521.0 6.421875
522.0 6.46875
523.0 6.1484375
524.0 5.9453125
525.0 6.2734375
526.0 6.2578125
527.0 2.3359375
528.0 9.8515625
529.0 5.2265625
530.0 3.296875
531.0 7.5390625
532.0 5.9296875
533.0 5.2265625
534.0 5.34375
535.0 5.25
536.0 5.125
537.0 4.8671875
538.0 3.96875
539.0 3.34375
540.0 4.21875
541.0 5.1953125
542.0 4.90625
543.0 3.4140625
544.0 0.0
545.0 8.734375
546.0 4.5625
547.0 4.390625
548.0 2.328125
549.0 0.5390625
550.0 0.0
551.0 5.421875
552.0 1.8203125
553.0 1.8359375
554.0 3.8515625
555.0 4.1328125
556.0 4.125
557.0 4.1015625
558.0 4.0625
559.0 4.859375
560.0 6.3203125
561.0 6.59375
562.0 5.609375
563.0 5.46875
564.0 4.9609375
565.0 1.59375
566.0 6.2734375
567.0 2.78125
568.0 3.1484375
569.0 5.21875
570.0 5.0859375
571.0 3.3828125
572.0 7.734375
573.0 5.3828125
574.0 2.5390625
575.0 2.265625
576.0 0.0
577.0 6.3203125
578.0 4.21875
579.0 4.6796875
580.0 5.171875
581.0 4.359375
582.0 4.25
583.0 4.28125
584.0 4.03125
585.0 3.5234375
586.0 5.140625
587.0 5.6328125
588.0 5.578125
589.0 5.2890625
590.0 1.1484375
591.0 8.2890625
592.0 4.3671875
593.0 2.8046875
594.0 4.953125
595.0 5.3515625
596.0 5.078125
597.0 5.3515625
598.0 5.25
599.0 5.28125
