0.0 2.71875
1.0 4.2109375
2.0 4.1796875
3.0 4.53125
4.0 4.3046875
5.0 4.28125
6.0 0.0
7.0 8.8359375
8.0 4.21875
9.0 4.21875
10.0 3.921875
11.0 1.5078125
12.0 6.8125
13.0 4.3359375
14.0 4.1875
15.0 4.359375
16.0 4.390625
17.0 4.234375
18.0 4.3515625
19.0 4.0859375
20.0 4.171875
21.0 4.2109375
22.0 4.25
23.0 4.0390625
24.0 0.90625
25.0 7.1875
26.0 4.1015625
27.0 3.9140625
28.0 1.625
29.0 0.0
30.0 6.9609375
31.0 4.2421875
32.0 4.2421875
33.0 3.640625
34.0 2.6015625
35.0 3.171875
36.0 3.7890625
37.0 3.7578125
38.0 3.640625
39.0 4.0078125
40.0 4.1796875
41.0 3.953125
42.0 2.0390625
43.0 5.84375
44.0 2.59375
45.0 2.4921875
46.0 4.0390625
47.0 3.921875
48.0 0.8828125
49.0 5.9921875
50.0 3.890625
51.0 3.84375
52.0 3.9140625
53.0 3.90625
54.0 3.84375
55.0 3.6953125
56.0 3.5
57.0 3.3203125
58.0 3.4765625
59.0 1.6875
60.0 0.71875
61.0 6.171875
62.0 3.9453125
63.0 3.3984375
64.0 4.1171875
65.0 3.4765625
66.0 3.90625
67.0 3.8828125
68.0 3.3515625
69.0 4.515625
70.0 3.7890625
71.0 4.171875
72.0 3.90625
73.0 3.8515625
74.0 4.4296875
75.0 4.328125
76.0 3.765625
77.0 3.109375
78.0 3.5859375
79.0 3.5546875
80.0 3.5859375
81.0 4.171875
82.0 2.390625
83.0 6.0625
84.0 3.6953125
85.0 4.8125
86.0 3.7109375
87.0 3.2578125
88.0 4.359375
89.0 4.484375
90.0 4.2109375
91.0 4.3828125
92.0 4.1796875
93.0 4.265625
94.0 4.1015625
95.0 4.0703125
96.0 3.5625
97.0 3.796875
98.0 2.1796875
99.0 0.4609375
100.0 8.734375
101.0 4.0546875
102.0 3.84375
103.0 1.3828125
104.0 0.0
105.0 8.1796875
106.0 3.625
107.0 4.15625
108.0 4.1484375
109.0 4.359375
110.0 4.25
111.0 4.234375
112.0 3.9765625
113.0 4.2421875
114.0 3.96875
115.0 3.9140625
116.0 4.1796875
117.0 3.6484375
118.0 0.0
119.0 7.609375
120.0 3.171875
121.0 3.59375
122.0 4.203125
123.0 3.7265625
124.0 0.0
125.0 8.765625
126.0 4.3671875
127.0 4.5
128.0 4.21875
129.0 4.296875
130.0 4.21875
131.0 4.203125
132.0 4.4140625
133.0 4.59375
134.0 4.4296875
135.0 4.0
136.0 5.203125
137.0 4.3515625
138.0 4.625
139.0 4.59375
140.0 4.265625
141.0 4.5625
142.0 4.6484375
143.0 4.3046875
144.0 4.203125
145.0 4.0078125
146.0 0.28125
147.0 7.8203125
148.0 4.2421875
149.0 4.296875
150.0 4.25
151.0 4.265625
152.0 4.1875
153.0 1.0859375
154.0 7.6875
155.0 4.4296875
156.0 4.3828125
157.0 4.4296875
158.0 4.28125
159.0 4.5703125
160.0 4.21875
161.0 3.6171875
162.0 3.3828125
163.0 4.0234375
164.0 2.84375
165.0 0.390625
166.0 8.71875
167.0 4.421875
168.0 4.359375
169.0 4.359375
170.0 4.2109375
171.0 4.2109375
172.0 4.2734375
173.0 4.4765625
174.0 4.5078125
175.0 4.1484375
176.0 3.1953125
177.0 5.0390625
178.0 4.265625
179.0 4.25
180.0 4.4453125
181.0 4.390625
182.0 3.53125
183.0 4.9609375
184.0 4.0546875
185.0 4.6015625
186.0 4.625
187.0 4.6484375
188.0 4.6953125
189.0 4.546875
190.0 4.546875
191.0 4.6875
192.0 4.8125
193.0 4.5078125
194.0 4.5
195.0 4.3203125
196.0 1.796875
197.0 6.765625
198.0 4.2109375
199.0 4.3046875
200.0 3.7265625
201.0 4.9921875
202.0 4.359375
203.0 4.6328125
204.0 4.421875
205.0 4.328125
206.0 3.5625
207.0 4.796875
208.0 4.0546875
209.0 4.2734375
210.0 4.2734375
211.0 3.40625
212.0 2.296875
213.0 2.296875
214.0 2.25
215.0 2.3984375
216.0 2.0859375
217.0 2.2421875
218.0 3.9375
219.0 4.171875
220.0 1.5078125
221.0 6.8046875
222.0 3.96875
223.0 4.1015625
224.0 4.296875
225.0 4.171875
226.0 1.0859375
227.0 7.3203125
228.0 3.796875
229.0 4.5078125
230.0 4.3203125
231.0 4.1484375
232.0 4.3203125
233.0 4.2421875
234.0 4.390625
235.0 4.1171875
236.0 4.609375
237.0 4.234375
238.0 4.3828125
239.0 4.390625
240.0 3.5234375
241.0 1.40625
242.0 0.0
243.0 8.2421875
244.0 4.4765625
245.0 4.3515625
246.0 4.0390625
247.0 3.875
248.0 4.25
249.0 4.1171875
250.0 4.21875
251.0 4.3046875
252.0 4.359375
253.0 0.3125
254.0 8.4375
255.0 4.421875
256.0 4.4453125
257.0 4.1875
258.0 4.0625
259.0 4.125
260.0 4.3203125
261.0 4.546875
262.0 4.5
263.0 4.8671875
264.0 4.6328125
265.0 1.078125
266.0 7.515625
267.0 4.09375
268.0 3.6484375
269.0 3.0859375
270.0 0.0
271.0 5.7265625
272.0 3.015625
273.0 2.9609375
274.0 3.109375
275.0 3.171875
276.0 3.2890625
277.0 3.2265625
278.0 3.1015625
279.0 2.984375
280.0 2.046875
281.0 0.5078125
282.0 6.484375
283.0 3.046875
284.0 2.9375
285.0 2.8984375
286.0 2.8984375
287.0 2.8671875
288.0 2.984375
289.0 2.7421875
290.0 2.7421875
291.0 2.90625
292.0 3.59375
293.0 4.0625
294.0 3.890625
295.0 0.046875
296.0 8.65625
297.0 3.90625
298.0 3.8515625
299.0 4.171875
300.0 3.4765625
301.0 0.4296875
302.0 8.65625
303.0 4.5
304.0 4.25
305.0 4.3671875
306.0 4.4140625
307.0 4.359375
308.0 4.0078125
309.0 4.3359375
310.0 3.796875
311.0 4.421875
312.0 4.125
313.0 4.1328125
314.0 0.3984375
315.0 7.7578125
316.0 3.859375
317.0 3.1015625
318.0 0.84375
319.0 0.0
320.0 7.6640625
321.0 3.578125
322.0 3.875
323.0 3.734375
324.0 4.03125
325.0 4.3515625
326.0 3.9375
327.0 3.734375
328.0 3.0859375
329.0 4.9609375
330.0 3.703125
331.0 4.546875
332.0 3.7890625
333.0 3.84375
334.0 3.5546875
335.0 3.7578125
336.0 1.7734375
337.0 6.0078125
338.0 3.3125
339.0 4.1328125
340.0 4.234375
341.0 3.890625
342.0 4.234375
343.0 4.28125
344.0 4.1484375
345.0 4.265625
346.0 4.265625
347.0 4.15625
348.0 4.515625
349.0 4.3203125
350.0 4.484375
351.0 3.1484375
352.0 5.8828125
353.0 4.4140625
354.0 4.515625
355.0 4.1328125
356.0 1.265625
357.0 6.6015625
358.0 4.53125
359.0 4.65625
360.0 4.21875
361.0 4.3203125
362.0 4.125
363.0 4.0546875
364.0 4.15625
365.0 4.0390625
366.0 4.359375
367.0 3.953125
368.0 3.4140625
369.0 5.4296875
370.0 4.609375
371.0 4.5390625
372.0 4.578125
373.0 4.578125
374.0 4.4453125
375.0 3.9765625
376.0 2.7265625
377.0 5.2265625
378.0 3.859375
379.0 3.5
380.0 4.2734375
381.0 4.15625
382.0 3.5
383.0 3.8828125
384.0 4.1015625
385.0 4.5625
386.0 4.5390625
387.0 4.6328125
388.0 4.28125
389.0 1.4765625
390.0 7.0078125
391.0 4.390625
392.0 4.3671875
393.0 4.3046875
394.0 4.171875
395.0 2.8671875
396.0 6.5546875
397.0 4.7578125
398.0 4.4296875
399.0 4.2734375
400.0 4.4296875
401.0 4.7109375
402.0 4.5078125
403.0 4.46875
404.0 4.625
405.0 4.46875
406.0 4.6796875
407.0 4.296875
408.0 3.28125
409.0 0.8984375
410.0 9.078125
411.0 4.4453125
412.0 4.3984375
413.0 3.0703125
414.0 5.9296875
415.0 4.4453125
416.0 4.5703125
417.0 4.5078125
418.0 4.5625
419.0 4.21875
420.0 4.3671875
421.0 4.578125
422.0 4.21875
423.0 4.3203125
424.0 4.3515625
425.0 4.1875
426.0 0.9453125
427.0 7.4609375
428.0 3.9921875
429.0 4.2421875
430.0 3.7734375
431.0 0.28125
432.0 7.4296875
433.0 4.59375
434.0 4.28125
435.0 4.171875
436.0 1.4765625
437.0 7.015625
438.0 4.21875
439.0 4.28125
440.0 4.0859375
441.0 3.9453125
442.0 3.21875
443.0 3.578125
444.0 3.2265625
445.0 3.9921875
446.0 4.1328125
447.0 4.1015625
448.0 4.1875
449.0 4.0390625
450.0 0.46875
451.0 8.375
452.0 4.4296875
453.0 4.3046875
454.0 4.1171875
455.0 3.96875
456.0 0.5390625
457.0 7.640625
458.0 4.234375
459.0 4.21875
460.0 3.9921875
461.0 3.96875
462.0 4.0078125
463.0 4.234375
464.0 4.15625
465.0 3.796875
466.0 4.171875
467.0 4.21875
468.0 4.1484375
469.0 0.5390625
470.0 8.109375
471.0 3.7890625
472.0 3.4765625
473.0 0.2890625
474.0 6.109375
475.0 2.8671875
476.0 2.921875
477.0 3.1328125
478.0 2.96875
479.0 3.171875
480.0 3.0390625
481.0 3.109375
482.0 3.0703125
483.0 3.234375
484.0 3.0859375
485.0 2.890625
486.0 0.9453125
487.0 5.109375
488.0 3.296875
489.0 3.2578125
490.0 3.1796875
491.0 1.9453125
492.0 0.2265625
493.0 7.375
494.0 3.234375
495.0 3.234375
496.0 3.4140625
497.0 3.28125
498.0 3.3125
499.0 3.2890625
500.0 3.140625
501.0 3.046875
502.0 3.046875
503.0 3.1328125
504.0 1.7734375
505.0 0.0
506.0 7.2421875
507.0 2.6875
508.0 2.4921875
509.0 2.1171875
510.0 3.25
511.0 4.0546875
512.0 1.5390625
513.0 5.671875
514.0 3.8515625
515.0 4.03125
516.0 4.296875
517.0 3.7109375
518.0 4.0390625
519.0 4.3203125
520.0 3.921875
521.0 4.296875
522.0 4.0234375
523.0 4.0078125
524.0 4.09375
525.0 3.9921875
526.0 0.5859375
527.0 7.546875
528.0 3.9453125
529.0 4.1171875
530.0 4.2734375
531.0 0.9921875
532.0 8.296875
533.0 3.4453125
534.0 4.3515625
535.0 4.390625
536.0 4.359375
537.0 4.28125
538.0 4.3203125
539.0 4.546875
540.0 4.5390625
541.0 4.515625
542.0 4.59375
543.0 4.4140625
544.0 0.0
545.0 8.859375
546.0 4.5
547.0 4.6640625
548.0 4.6015625
549.0 4.2109375
550.0 4.828125
551.0 4.3671875
552.0 4.453125
553.0 4.5703125
554.0 4.59375
555.0 4.296875
556.0 4.4453125
557.0 4.5078125
558.0 2.0390625
559.0 6.75
560.0 4.203125
561.0 4.0
562.0 4.1171875
563.0 4.03125
564.0 3.3828125
565.0 4.6328125
566.0 3.625
567.0 4.6875
568.0 4.1015625
569.0 4.21875
570.0 4.359375
571.0 4.203125
572.0 3.5546875
573.0 4.8125
574.0 3.7734375
575.0 4.75
576.0 4.53125
577.0 4.296875
578.0 4.3984375
579.0 4.484375
580.0 4.3046875
581.0 4.2421875
582.0 4.21875
583.0 4.5
584.0 4.0234375
585.0 5.1015625
586.0 4.0234375
587.0 4.3828125
588.0 3.9921875
589.0 4.1171875
590.0 4.171875
591.0 4.125
592.0 4.0390625
593.0 4.125
594.0 4.0625
595.0 4.1484375
596.0 4.46875
597.0 4.3359375
598.0 4.6328125
599.0 4.546875
