0.0 4.5703125
1.0 4.609375
2.0 4.6640625
3.0 4.59375
4.0 4.5078125
5.0 2.5703125
6.0 6.59375
7.0 4.7109375
8.0 4.796875
9.0 4.3359375
10.0 4.5
11.0 4.265625
12.0 4.1796875
13.0 4.1015625
14.0 4.1484375
15.0 4.6796875
16.0 4.203125
17.0 1.9375
18.0 6.140625
19.0 0.7578125
20.0 5.3359375
21.0 2.7734375
22.0 1.828125
23.0 3.46875
24.0 3.4296875
25.0 3.3671875
26.0 2.5390625
27.0 4.8046875
28.0 4.8125
29.0 4.7734375
30.0 4.7421875
31.0 4.78125
32.0 4.46875
33.0 4.5078125
34.0 4.421875
35.0 4.8671875
36.0 4.7734375
37.0 3.84375
38.0 6.0859375
39.0 4.4453125
40.0 4.5625
41.0 4.6640625
42.0 4.6796875
43.0 0.7578125
44.0 8.890625
45.0 4.65625
46.0 4.65625
47.0 4.796875
48.0 4.6015625
49.0 4.546875
50.0 4.6328125
51.0 4.5078125
52.0 4.7421875
53.0 4.4765625
54.0 4.5703125
55.0 3.59375
56.0 5.171875
57.0 4.3046875
58.0 4.5078125
59.0 3.671875
60.0 5.203125
61.0 4.421875
62.0 4.3046875
63.0 4.5703125
64.0 4.6328125
65.0 4.6015625
66.0 4.578125
67.0 4.7421875
68.0 4.6015625
69.0 4.6640625
70.0 4.515625
71.0 4.3046875
72.0 4.609375
73.0 3.2890625
74.0 5.875
75.0 4.53125
76.0 4.5390625
77.0 4.5
78.0 3.8046875
79.0 0.7265625
80.0 8.953125
81.0 4.515625
82.0 4.7265625
83.0 4.6015625
84.0 4.6015625
85.0 4.546875
86.0 4.3984375
87.0 4.6796875
88.0 4.828125
89.0 4.6953125
90.0 4.7734375
91.0 4.7265625
92.0 0.453125
93.0 8.9453125
94.0 4.859375
95.0 4.71875
96.0 4.7578125
97.0 0.984375
98.0 8.5546875
99.0 4.6953125
100.0 4.921875
101.0 4.8984375
102.0 4.890625
103.0 4.75
104.0 4.59375
105.0 4.90625
106.0 4.75
107.0 4.859375
108.0 4.859375
109.0 4.828125
110.0 4.6328125
111.0 4.6640625
112.0 4.8125
113.0 4.9296875
114.0 4.84375
115.0 5.0703125
116.0 2.03125
117.0 7.9609375
118.0 4.8359375
119.0 4.59375
120.0 4.578125
121.0 4.78125
122.0 4.8671875
123.0 4.6953125
124.0 4.984375
125.0 0.453125
126.0 8.984375
127.0 4.7265625
128.0 4.609375
129.0 4.6328125
130.0 4.78125
131.0 3.890625
132.0 5.84375
133.0 4.75
134.0 4.8359375
135.0 4.8046875
136.0 5.078125
137.0 5.0234375
138.0 4.84375
139.0 4.9453125
140.0 5.1015625
141.0 4.6328125
142.0 4.8671875
143.0 4.796875
144.0 4.796875
145.0 0.5078125
146.0 8.9453125
147.0 4.7421875
148.0 4.78125
149.0 4.6328125
150.0 2.1640625
151.0 7.71875
152.0 4.875
153.0 4.921875
154.0 4.7578125
155.0 4.8984375
156.0 4.8359375
157.0 4.828125
158.0 4.8671875
159.0 4.7578125
160.0 4.90625
161.0 4.890625
162.0 4.421875
163.0 0.71875
164.0 9.578125
165.0 4.9609375
166.0 5.0546875
167.0 4.515625
168.0 5.109375
169.0 4.5625
170.0 3.265625
171.0 6.2421875
172.0 4.8671875
173.0 5.0546875
174.0 4.8671875
175.0 4.890625
176.0 4.7578125
177.0 4.7734375
178.0 4.71875
179.0 4.6640625
180.0 5.0546875
181.0 4.71875
182.0 3.4296875
183.0 6.5
184.0 4.890625
185.0 4.953125
186.0 5.0078125
187.0 5.203125
188.0 5.0390625
189.0 5.078125
190.0 5.0703125
191.0 5.015625
192.0 4.8359375
193.0 4.921875
194.0 4.8359375
195.0 4.796875
196.0 1.890625
197.0 8.1640625
198.0 4.65625
199.0 4.8046875
200.0 4.6484375
201.0 4.8046875
202.0 4.8125
203.0 4.4140625
204.0 5.234375
205.0 4.6640625
206.0 4.65625
207.0 4.796875
208.0 4.8359375
209.0 4.90625
210.0 4.890625
211.0 4.7421875
212.0 4.828125
213.0 5.0234375
214.0 4.9765625
215.0 4.7421875
216.0 4.9765625
217.0 5.046875
218.0 4.7578125
219.0 4.9609375
220.0 4.7421875
221.0 4.984375
222.0 4.6640625
223.0 4.9765625
224.0 5.015625
225.0 4.8046875
226.0 4.3203125
227.0 3.765625
228.0 4.234375
229.0 4.4140625
230.0 0.4296875
231.0 8.703125
232.0 4.7421875
233.0 4.609375
234.0 4.546875
235.0 4.5625
236.0 3.5
237.0 5.8125
238.0 5.0234375
239.0 4.8984375
240.0 4.828125
241.0 4.6484375
242.0 4.546875
243.0 4.46875
244.0 4.5703125
245.0 3.953125
246.0 3.1796875
247.0 2.515625
248.0 2.234375
249.0 4.90625
250.0 3.90625
251.0 3.828125
252.0 3.5
253.0 2.953125
254.0 3.1171875
255.0 2.453125
256.0 2.4765625
257.0 0.78125
258.0 6.1484375
259.0 4.1171875
260.0 4.4140625
261.0 4.2734375
262.0 4.21875
263.0 3.9453125
264.0 4.59375
265.0 4.46875
266.0 3.53125
267.0 2.9375
268.0 3.1953125
269.0 4.328125
270.0 3.328125
271.0 0.6953125
272.0 1.640625
273.0 5.90625
274.0 2.34375
275.0 2.3125
276.0 2.34375
277.0 2.3359375
278.0 2.1328125
279.0 0.0
280.0 4.953125
281.0 2.9375
282.0 2.453125
283.0 2.5234375
284.0 2.4453125
285.0 2.5078125
286.0 2.5234375
287.0 2.515625
288.0 2.4765625
289.0 2.546875
290.0 2.5390625
291.0 2.3671875
292.0 1.890625
293.0 0.0
294.0 5.234375
295.0 2.3984375
296.0 2.484375
297.0 2.4296875
298.0 2.390625
299.0 2.03125
300.0 1.7890625
301.0 0.0
302.0 5.171875
303.0 2.484375
304.0 2.4140625
305.0 2.5078125
306.0 2.578125
307.0 2.4140625
308.0 2.421875
309.0 2.265625
310.0 2.28125
311.0 2.4140625
312.0 2.5703125
313.0 2.625
314.0 2.453125
315.0 0.0
316.0 0.453125
317.0 6.5546875
318.0 0.5859375
319.0 1.328125
320.0 2.5703125
321.0 2.453125
322.0 2.3984375
323.0 1.8046875
324.0 1.7109375
325.0 2.09375
326.0 1.796875
327.0 1.3828125
328.0 0.0
329.0 0.0
330.0 5.8515625
331.0 1.71875
332.0 2.0390625
333.0 2.2421875
334.0 2.3046875
335.0 1.078125
336.0 0.0
337.0 6.0078125
338.0 2.3984375
339.0 2.3125
340.0 2.3046875
341.0 2.265625
342.0 2.1953125
343.0 2.3671875
344.0 0.3125
345.0 4.46875
346.0 2.25
347.0 3.1015625
348.0 4.9609375
349.0 4.625
350.0 4.7421875
351.0 4.796875
352.0 4.8359375
353.0 4.8046875
354.0 4.875
355.0 4.921875
356.0 4.8125
357.0 4.78125
358.0 4.8984375
359.0 2.328125
360.0 7.03125
361.0 4.21875
362.0 1.2109375
363.0 7.1796875
364.0 4.484375
365.0 4.6328125
366.0 4.8046875
367.0 4.6328125
368.0 2.7890625
369.0 6.765625
370.0 4.828125
371.0 4.8125
372.0 4.7421875
373.0 4.8359375
374.0 4.5625
375.0 4.6015625
376.0 4.546875
377.0 4.6796875
378.0 4.9609375
379.0 4.8125
380.0 4.6953125
381.0 4.65625
382.0 4.6484375
383.0 4.71875
384.0 4.7734375
385.0 4.71875
386.0 4.828125
387.0 4.7265625
388.0 4.90625
389.0 4.75
390.0 4.7109375
391.0 4.859375
392.0 4.8046875
393.0 3.8203125
394.0 5.7109375
395.0 4.9921875
396.0 4.8125
397.0 4.65625
398.0 4.828125
399.0 4.6796875
400.0 0.9609375
401.0 8.6796875
402.0 5.0234375
403.0 4.984375
404.0 4.8046875
405.0 5.0234375
406.0 4.796875
407.0 4.65625
408.0 4.71875
409.0 4.6796875
410.0 5.0078125
411.0 5.015625
412.0 4.8359375
413.0 0.1328125
414.0 9.4609375
415.0 4.984375
416.0 4.8359375
417.0 4.796875
418.0 4.7265625
419.0 4.828125
420.0 2.4140625
421.0 7.3125
422.0 4.8671875
423.0 4.8671875
424.0 5.0234375
425.0 4.8125
426.0 4.8984375
427.0 4.8671875
428.0 4.9296875
429.0 4.9296875
430.0 4.921875
431.0 4.828125
432.0 4.890625
433.0 4.7734375
434.0 0.15625
435.0 9.9921875
436.0 4.6875
437.0 5.015625
438.0 4.78125
439.0 0.65625
440.0 9.453125
441.0 4.90625
442.0 4.875
443.0 4.6953125
444.0 4.7421875
445.0 4.8046875
446.0 4.890625
447.0 4.59375
448.0 4.84375
449.0 4.7734375
450.0 4.7265625
451.0 4.125
452.0 5.7578125
453.0 4.7421875
454.0 4.90625
455.0 4.796875
456.0 4.4765625
457.0 5.15625
458.0 4.6953125
459.0 4.8125
460.0 5.0234375
461.0 4.6796875
462.0 5.109375
463.0 4.7421875
464.0 4.859375
465.0 4.6875
466.0 4.875
467.0 5.1015625
468.0 4.7109375
469.0 4.71875
470.0 1.6875
471.0 8.1484375
472.0 4.8984375
473.0 4.890625
474.0 5.0390625
475.0 5.125
476.0 3.3828125
477.0 6.53125
478.0 5.015625
479.0 4.8671875
480.0 4.8359375
481.0 5.1953125
482.0 4.8046875
483.0 4.7734375
484.0 0.6640625
485.0 9.03125
486.0 5.1953125
487.0 4.921875
488.0 4.875
489.0 4.796875
490.0 4.9296875
491.0 4.6796875
492.0 4.890625
493.0 4.9453125
494.0 5.0546875
495.0 5.140625
496.0 5.0859375
497.0 4.5390625
498.0 5.640625
499.0 4.84375
500.0 4.859375
501.0 4.8671875
502.0 4.984375
503.0 1.765625
504.0 8.1171875
505.0 4.828125
506.0 4.7578125
507.0 4.9921875
508.0 5.171875
509.0 5.015625
510.0 4.9921875
511.0 4.921875
512.0 4.8984375
513.0 5.0703125
514.0 4.8125
515.0 4.953125
516.0 5.0234375
517.0 5.234375
518.0 4.953125
519.0 4.7578125
520.0 4.9609375
521.0 4.8984375
522.0 4.9453125
523.0 4.7734375
524.0 4.7265625
525.0 4.625
526.0 4.625
527.0 4.71875
528.0 4.953125
529.0 4.90625
530.0 3.1171875
531.0 6.703125
532.0 4.8671875
533.0 4.9765625
534.0 4.7578125
535.0 1.8671875
536.0 7.8125
537.0 4.7421875
538.0 4.65625
539.0 4.8671875
540.0 4.8125
541.0 4.6328125
542.0 5.046875
543.0 4.8671875
544.0 4.8125
545.0 4.9765625
546.0 4.7109375
547.0 4.8359375
548.0 4.78125
549.0 4.7265625
550.0 4.7109375
551.0 4.84375
552.0 5.0703125
553.0 4.90625
554.0 4.7421875
555.0 4.7421875
556.0 4.9296875
557.0 4.9296875
558.0 1.953125
559.0 7.984375
560.0 4.84375
561.0 4.75
562.0 4.796875
563.0 4.859375
564.0 0.8125
565.0 8.8828125
566.0 4.84375
567.0 4.71875
568.0 4.7109375
569.0 4.84375
570.0 4.4765625
571.0 4.5390625
572.0 4.6015625
573.0 4.5
574.0 4.515625
575.0 4.890625
576.0 4.65625
577.0 1.40625
578.0 8.1640625
579.0 4.796875
580.0 4.953125
581.0 4.7734375
582.0 4.4296875
583.0 5.34375
584.0 4.984375
585.0 4.90625
586.0 4.8125
587.0 4.6328125
588.0 4.59375
589.0 4.5703125
590.0 4.609375
591.0 4.65625
592.0 4.859375
593.0 4.8671875
594.0 4.6875
595.0 4.8671875
596.0 3.578125
597.0 6.03125
598.0 4.6484375
599.0 4.8984375
