0.0 4.1875
1.0 3.96875
2.0 3.609375
3.0 4.03125
4.0 3.859375
5.0 3.4921875
6.0 0.5234375
7.0 8.8203125
8.0 4.0625
9.0 3.7578125
10.0 2.3046875
11.0 2.0
12.0 0.5234375
13.0 2.3359375
14.0 3.4296875
15.0 4.0
16.0 3.5234375
17.0 4.390625
18.0 2.4140625
19.0 5.828125
20.0 2.6640625
21.0 3.078125
22.0 3.9765625
23.0 3.8828125
24.0 3.859375
25.0 0.2265625
26.0 8.734375
27.0 3.5546875
28.0 2.921875
29.0 4.171875
30.0 4.546875
31.0 4.0390625
32.0 5.28125
33.0 4.421875
34.0 4.296875
35.0 3.59375
36.0 5.46875
37.0 3.5
38.0 4.03125
39.0 4.53125
40.0 4.453125
41.0 4.03125
42.0 2.8046875
43.0 4.3203125
44.0 4.4453125
45.0 4.546875
46.0 4.5625
47.0 5.109375
48.0 4.890625
49.0 1.2265625
50.0 7.8515625
51.0 4.9296875
52.0 4.84375
53.0 4.7421875
54.0 4.421875
55.0 2.8984375
56.0 6.0234375
57.0 5.0390625
58.0 5.140625
59.0 5.015625
60.0 4.7421875
61.0 4.8125
62.0 4.4140625
63.0 4.390625
64.0 3.1171875
65.0 2.7890625
66.0 1.9453125
67.0 1.59375
68.0 0.0
69.0 0.0
70.0 8.65625
71.0 5.0703125
72.0 4.8671875
73.0 4.234375
74.0 4.265625
75.0 4.8671875
76.0 4.6875
77.0 4.6015625
78.0 4.890625
79.0 4.8984375
80.0 3.7109375
81.0 5.3515625
82.0 4.9296875
83.0 4.9921875
84.0 4.2734375
85.0 5.015625
86.0 4.875
87.0 4.6953125
88.0 4.6484375
89.0 4.453125
90.0 4.28125
91.0 5.015625
92.0 4.546875
93.0 4.421875
94.0 4.4453125
95.0 4.6640625
96.0 4.828125
97.0 4.828125
98.0 4.625
99.0 4.578125
100.0 4.0703125
101.0 4.0859375
102.0 4.9609375
103.0 4.4296875
104.0 3.953125
105.0 3.7734375
106.0 3.1171875
107.0 3.1484375
108.0 4.609375
109.0 4.8984375
110.0 1.828125
111.0 7.65625
112.0 4.5078125
113.0 4.7578125
114.0 4.7109375
115.0 4.8984375
116.0 0.984375
117.0 8.34375
118.0 4.4296875
119.0 4.46875
120.0 4.46875
121.0 4.515625
122.0 4.5625
123.0 4.8671875
124.0 4.75
125.0 4.421875
126.0 4.6796875
127.0 5.015625
128.0 0.40625
129.0 9.71875
130.0 4.7265625
131.0 6.0078125
132.0 5.2734375
133.0 4.7578125
134.0 3.9921875
135.0 2.890625
136.0 5.734375
137.0 4.2734375
138.0 4.71875
139.0 4.6640625
140.0 4.890625
141.0 4.984375
142.0 4.4140625
143.0 4.6015625
144.0 5.203125
145.0 4.8359375
146.0 4.0390625
147.0 4.203125
148.0 2.875
149.0 2.7578125
150.0 4.53125
151.0 4.203125
152.0 0.8984375
153.0 8.8984375
154.0 4.1328125
155.0 4.0703125
156.0 4.71875
157.0 4.7578125
158.0 4.9609375
159.0 4.15625
160.0 1.59375
161.0 7.1875
162.0 4.9921875
163.0 4.796875
164.0 4.90625
165.0 4.5
166.0 4.0234375
167.0 0.609375
168.0 7.1953125
169.0 4.7734375
170.0 4.6796875
171.0 4.6484375
172.0 4.4140625
173.0 4.453125
174.0 4.953125
175.0 4.609375
176.0 4.5703125
177.0 4.59375
178.0 4.421875
179.0 4.4765625
180.0 4.9296875
181.0 3.234375
182.0 6.3359375
183.0 4.7421875
184.0 4.7265625
185.0 4.484375
186.0 2.4921875
187.0 6.9921875
188.0 4.3671875
189.0 4.7578125
190.0 4.4140625
191.0 4.5078125
192.0 4.6484375
193.0 4.6640625
194.0 4.8125
195.0 4.71875
196.0 4.53125
197.0 4.328125
198.0 1.046875
199.0 7.0703125
200.0 4.09375
201.0 4.421875
202.0 4.5
203.0 4.6015625
204.0 4.7109375
205.0 5.0234375
206.0 4.7109375
207.0 4.78125
208.0 4.609375
209.0 4.9453125
210.0 5.0234375
211.0 4.9296875
212.0 0.84375
213.0 9.25
214.0 4.9921875
215.0 5.2734375
216.0 4.6484375
217.0 0.09375
218.0 8.640625
219.0 4.6953125
220.0 4.6796875
221.0 4.8359375
222.0 4.5625
223.0 4.578125
224.0 4.6875
225.0 4.953125
226.0 4.5078125
227.0 4.921875
228.0 4.6015625
229.0 5.140625
230.0 4.6484375
231.0 4.7421875
232.0 4.75
233.0 4.8125
234.0 4.7578125
235.0 5.1875
236.0 0.3125
237.0 9.6875
238.0 4.5625
239.0 4.4140625
240.0 1.734375
241.0 7.25
242.0 4.546875
243.0 4.2734375
244.0 4.4140625
245.0 4.09375
246.0 4.6015625
247.0 4.7265625
248.0 4.578125
249.0 4.3359375
250.0 4.203125
251.0 3.921875
252.0 3.7890625
253.0 4.4453125
254.0 5.2265625
255.0 3.546875
256.0 6.8359375
257.0 4.890625
258.0 4.9296875
259.0 4.953125
260.0 4.84375
261.0 5.125
262.0 5.21875
263.0 5.0859375
264.0 4.3515625
265.0 4.5703125
266.0 4.03125
267.0 4.875
268.0 5.0234375
269.0 4.75
270.0 4.6796875
271.0 4.890625
272.0 2.265625
273.0 7.6171875
274.0 4.6875
275.0 4.84375
276.0 4.71875
277.0 4.7734375
278.0 5.0390625
279.0 5.1953125
280.0 4.890625
281.0 4.4296875
282.0 4.8359375
283.0 4.90625
284.0 5.1875
285.0 4.828125
286.0 5.078125
287.0 4.9453125
288.0 4.78125
289.0 4.6875
290.0 4.6875
291.0 5.015625
292.0 2.671875
293.0 6.953125
294.0 5.0234375
295.0 4.859375
296.0 4.7421875
297.0 4.6875
298.0 0.96875
299.0 8.078125
300.0 4.4453125
301.0 3.828125
302.0 2.65625
303.0 2.515625
304.0 3.828125
305.0 3.7578125
306.0 3.7734375
307.0 4.1171875
308.0 4.2734375
309.0 4.65625
310.0 4.0546875
311.0 0.0
312.0 9.046875
313.0 4.6953125
314.0 4.5
315.0 0.875
316.0 9.59375
317.0 4.578125
318.0 3.8515625
319.0 3.9921875
320.0 4.5
321.0 4.578125
322.0 4.484375
323.0 4.3515625
324.0 5.0234375
325.0 4.8046875
326.0 4.75
327.0 4.9609375
328.0 0.3984375
329.0 8.09375
330.0 2.1640625
331.0 4.75
332.0 4.921875
333.0 3.96875
334.0 3.828125
335.0 4.5625
336.0 4.625
337.0 4.65625
338.0 4.6640625
339.0 5.0234375
340.0 4.84375
341.0 4.3671875
342.0 4.15625
343.0 4.6015625
344.0 4.6875
345.0 4.6640625
346.0 4.71875
347.0 2.15625
348.0 8.46875
349.0 4.953125
350.0 5.0546875
351.0 4.4296875
352.0 5.171875
353.0 5.0234375
354.0 5.0078125
355.0 5.3984375
356.0 5.484375
357.0 4.9921875
358.0 4.421875
359.0 4.546875
360.0 4.6484375
361.0 4.3515625
362.0 4.6015625
363.0 4.3203125
364.0 4.421875
365.0 4.65625
366.0 4.578125
367.0 4.7109375
368.0 3.8046875
369.0 0.78125
370.0 8.1953125
371.0 3.6484375
372.0 2.9375
373.0 4.0859375
374.0 4.3984375
375.0 2.9296875
376.0 2.234375
377.0 0.015625
378.0 7.421875
379.0 3.578125
380.0 3.3671875
381.0 2.453125
382.0 2.984375
383.0 2.1328125
384.0 1.8984375
385.0 1.359375
386.0 1.046875
387.0 3.515625
388.0 4.390625
389.0 4.28125
390.0 1.65625
391.0 0.0
392.0 5.671875
393.0 1.625
394.0 0.109375
395.0 1.375
396.0 2.3125
397.0 2.0
398.0 3.671875
399.0 4.6640625
400.0 4.1328125
401.0 3.6484375
402.0 4.90625
403.0 4.1484375
404.0 4.5703125
405.0 2.21875
406.0 6.3828125
407.0 4.3984375
408.0 4.3359375
409.0 4.3359375
410.0 4.1015625
411.0 0.84375
412.0 8.5859375
413.0 4.859375
414.0 3.6171875
415.0 4.15625
416.0 4.1875
417.0 3.5
418.0 0.4609375
419.0 6.78125
420.0 3.8828125
421.0 4.890625
422.0 4.0078125
423.0 3.7890625
424.0 4.4453125
425.0 3.9375
426.0 2.8203125
427.0 3.9765625
428.0 4.1015625
429.0 3.953125
430.0 3.578125
431.0 3.9140625
432.0 5.4921875
433.0 4.5625
434.0 4.5078125
435.0 4.6953125
436.0 0.4921875
437.0 7.2734375
438.0 6.5078125
439.0 6.84375
440.0 5.9765625
441.0 4.9296875
442.0 4.28125
443.0 2.890625
444.0 3.765625
445.0 4.6796875
446.0 5.4921875
447.0 3.8515625
448.0 4.5
449.0 5.0703125
450.0 5.0390625
451.0 4.8984375
452.0 5.0390625
453.0 4.5390625
454.0 4.2734375
455.0 4.53125
456.0 0.5390625
457.0 8.8359375
458.0 4.8671875
459.0 5.0234375
460.0 5.0234375
461.0 5.765625
462.0 5.1875
463.0 2.8984375
464.0 7.2578125
465.0 5.1953125
466.0 5.0546875
467.0 3.875
468.0 3.3984375
469.0 2.84375
470.0 4.0859375
471.0 4.53125
472.0 4.2109375
473.0 4.328125
474.0 3.5859375
475.0 3.203125
476.0 0.0
477.0 0.0
478.0 6.8671875
479.0 2.4296875
480.0 4.2421875
481.0 4.421875
482.0 4.5
483.0 4.421875
484.0 4.5390625
485.0 4.8125
486.0 5.0546875
487.0 5.3515625
488.0 4.8359375
489.0 2.953125
490.0 5.234375
491.0 5.0078125
492.0 4.7734375
493.0 4.875
494.0 4.921875
495.0 4.3359375
496.0 5.703125
497.0 5.1015625
498.0 5.421875
499.0 5.5546875
500.0 5.3671875
501.0 5.3984375
502.0 4.6875
503.0 5.46875
504.0 3.7734375
505.0 5.203125
506.0 5.5859375
507.0 5.1953125
508.0 4.796875
509.0 4.890625
510.0 4.625
511.0 3.015625
512.0 4.0234375
513.0 4.6875
514.0 5.5859375
515.0 5.75
516.0 5.0078125
517.0 4.8359375
518.0 5.6328125
519.0 5.8203125
520.0 5.6015625
521.0 4.453125
522.0 3.0234375
523.0 3.4375
524.0 4.890625
525.0 5.3515625
526.0 4.8984375
527.0 5.8203125
528.0 4.0234375
529.0 4.2109375
530.0 5.28125
531.0 5.484375
532.0 1.8984375
533.0 8.4609375
534.0 5.78125
535.0 5.1015625
536.0 4.578125
537.0 4.609375
538.0 5.0078125
539.0 4.90625
540.0 4.8125
541.0 4.0
542.0 0.6015625
543.0 8.59375
544.0 4.2734375
545.0 4.53125
546.0 5.109375
547.0 4.9921875
548.0 4.7734375
549.0 3.546875
550.0 3.640625
551.0 2.1796875
552.0 0.0
553.0 7.8671875
554.0 5.5859375
555.0 4.0703125
556.0 3.234375
557.0 4.578125
558.0 4.4453125
559.0 4.265625
560.0 2.8671875
561.0 5.828125
562.0 4.9609375
563.0 4.15625
564.0 3.0703125
565.0 2.8203125
566.0 1.765625
567.0 1.953125
568.0 0.703125
569.0 6.15625
570.0 4.9296875
571.0 3.3984375
572.0 2.125
573.0 2.609375
574.0 3.9765625
575.0 3.546875
576.0 1.984375
577.0 1.953125
578.0 2.296875
579.0 1.890625
580.0 2.1640625
581.0 2.1875
582.0 0.0
583.0 6.0859375
584.0 3.1640625
585.0 3.1015625
586.0 3.53125
587.0 4.78125
588.0 3.203125
589.0 5.1875
590.0 3.625
591.0 3.0546875
592.0 2.3359375
593.0 2.625
594.0 2.96875
595.0 2.2734375
596.0 3.8046875
597.0 2.2109375
598.0 2.7890625
599.0 3.3125
