0.0 5.90625
1.0 5.3046875
2.0 7.5546875
3.0 6.6328125
4.0 4.3984375
5.0 2.6640625
6.0 4.453125
7.0 3.265625
8.0 3.3671875
9.0 3.2890625
10.0 2.984375
11.0 2.390625
12.0 2.28125
13.0 1.8984375
14.0 3.3203125
15.0 5.21875
16.0 5.7109375
17.0 5.2734375
18.0 4.6640625
19.0 0.9140625
20.0 6.6875
21.0 3.2578125
22.0 2.4765625
23.0 2.2109375
24.0 2.359375
25.0 2.7421875
26.0 0.0
27.0 5.3125
28.0 1.6875
29.0 3.7578125
30.0 5.890625
31.0 6.2265625
32.0 6.0234375
33.0 6.15625
34.0 3.2890625
35.0 9.265625
36.0 5.1328125
37.0 3.4765625
38.0 8.625
39.0 5.4296875
40.0 5.3828125
41.0 6.1171875
42.0 6.0546875
43.0 5.96875
44.0 4.265625
45.0 5.1640625
46.0 6.1484375
47.0 6.6796875
48.0 6.2265625
49.0 5.734375
50.0 5.3671875
51.0 4.90625
52.0 5.7109375
53.0 6.125
54.0 6.03125
55.0 2.0078125
56.0 8.109375
57.0 5.3203125
58.0 6.4453125
59.0 5.78125
60.0 6.6484375
61.0 6.6484375
62.0 7.2109375
63.0 6.8671875
64.0 6.7109375
65.0 5.5234375
66.0 6.453125
67.0 6.921875
68.0 5.75
69.0 0.0390625
70.0 7.7890625
71.0 6.125
72.0 3.765625
73.0 0.0
74.0 6.2265625
75.0 6.2265625
76.0 6.40625
77.0 4.8671875
78.0 3.1484375
79.0 4.0234375
80.0 4.0
81.0 5.640625
82.0 5.40625
83.0 5.875
84.0 4.8984375
85.0 3.953125
86.0 4.75
87.0 6.0078125
88.0 6.515625
89.0 6.3671875
90.0 5.703125
91.0 1.9453125
92.0 10.84375
93.0 6.75
94.0 6.9609375
95.0 7.109375
96.0 6.8125
97.0 6.5625
98.0 6.3515625
99.0 6.59375
100.0 5.4921875
101.0 5.734375
102.0 3.46875
103.0 7.8984375
104.0 6.453125
105.0 6.390625
106.0 6.125
107.0 5.21875
108.0 5.2265625
109.0 2.65625
110.0 4.9765625
111.0 5.875
112.0 5.9765625
113.0 5.703125
114.0 5.6640625
115.0 1.9140625
116.0 6.765625
117.0 9.046875
118.0 8.015625
119.0 6.9609375
120.0 7.0625
121.0 5.5625
122.0 5.234375
123.0 7.96875
124.0 4.78125
125.0 3.328125
126.0 5.3515625
127.0 6.5390625
128.0 6.6015625
129.0 6.3203125
130.0 6.734375
131.0 6.3359375
132.0 6.765625
133.0 6.3515625
134.0 6.703125
135.0 6.5390625
136.0 5.84375
137.0 7.6640625
138.0 6.296875
139.0 6.5
140.0 5.6171875
141.0 4.6640625
142.0 6.484375
143.0 5.7265625
144.0 8.265625
145.0 5.6796875
146.0 4.59375
147.0 3.0234375
148.0 4.625
149.0 6.296875
150.0 6.328125
151.0 6.390625
152.0 6.71875
153.0 6.1171875
154.0 6.5859375
155.0 5.4609375
156.0 2.8984375
157.0 8.046875
158.0 6.0078125
159.0 6.328125
160.0 6.8359375
161.0 6.5
162.0 4.828125
163.0 5.3828125
164.0 6.265625
165.0 5.703125
166.0 5.0546875
167.0 6.421875
168.0 5.5546875
169.0 4.921875
170.0 5.2734375
171.0 6.1796875
172.0 6.5546875
173.0 5.4609375
174.0 5.3125
175.0 3.921875
176.0 1.109375
177.0 8.6171875
178.0 5.453125
179.0 5.6015625
180.0 6.203125
181.0 3.8828125
182.0 0.140625
183.0 7.65625
184.0 4.7265625
185.0 4.7109375
186.0 4.953125
187.0 6.84375
188.0 6.59375
189.0 6.0859375
190.0 6.8125
191.0 6.203125
192.0 6.71875
193.0 6.9609375
194.0 6.8046875
195.0 1.9453125
196.0 11.390625
197.0 6.890625
198.0 6.03125
199.0 5.2890625
200.0 5.9375
201.0 6.359375
202.0 6.6171875
203.0 6.9140625
204.0 6.9921875
205.0 6.6484375
206.0 6.3046875
207.0 6.8359375
208.0 6.078125
209.0 5.234375
210.0 5.84375
211.0 1.4140625
212.0 0.0
213.0 7.984375
214.0 5.1953125
215.0 5.2578125
216.0 5.125
217.0 4.3359375
218.0 5.109375
219.0 4.6953125
220.0 5.21875
221.0 5.8515625
222.0 5.046875
223.0 5.2265625
224.0 7.3125
225.0 5.484375
226.0 5.3671875
227.0 5.7578125
228.0 4.8359375
229.0 1.7578125
230.0 7.984375
231.0 5.203125
232.0 5.5625
233.0 4.5390625
234.0 4.65625
235.0 5.0703125
236.0 4.3828125
237.0 4.453125
238.0 5.1875
239.0 4.84375
240.0 5.828125
241.0 5.765625
242.0 1.6484375
243.0 10.4453125
244.0 6.6875
245.0 6.3359375
246.0 5.5625
247.0 6.0078125
248.0 5.8515625
249.0 6.0625
250.0 5.3046875
251.0 5.859375
252.0 6.2265625
253.0 6.1484375
254.0 5.4921875
255.0 0.6640625
256.0 10.734375
257.0 5.9609375
258.0 4.9921875
259.0 1.5234375
260.0 10.1328125
261.0 5.84375
262.0 4.453125
263.0 4.859375
264.0 5.6796875
265.0 5.75
266.0 5.734375
267.0 5.578125
268.0 5.3984375
269.0 6.15625
270.0 5.4921875
271.0 5.484375
272.0 1.3515625
273.0 10.1328125
274.0 5.3828125
275.0 5.640625
276.0 6.3359375
277.0 5.25
278.0 5.234375
279.0 2.484375
280.0 7.546875
281.0 5.046875
282.0 5.2265625
283.0 5.171875
284.0 5.640625
285.0 6.078125
286.0 5.6328125
287.0 5.6953125
288.0 5.15625
289.0 4.78125
290.0 4.8125
291.0 6.09375
292.0 6.8046875
293.0 4.9609375
294.0 7.5390625
295.0 5.28125
296.0 5.0390625
297.0 3.6953125
298.0 0.7265625
299.0 0.0
300.0 5.53125
301.0 1.625
302.0 2.3359375
303.0 0.0
304.0 4.578125
305.0 3.84375
306.0 4.1875
307.0 4.0546875
308.0 4.3515625
309.0 4.921875
310.0 3.015625
311.0 3.7421875
312.0 4.3984375
313.0 3.9765625
314.0 4.171875
315.0 4.5078125
316.0 4.7578125
317.0 4.65625
318.0 0.875
319.0 7.2578125
320.0 5.25
321.0 4.5078125
322.0 3.6953125
323.0 0.0
324.0 7.6953125
325.0 3.46875
326.0 4.2734375
327.0 4.25
328.0 4.09375
329.0 3.2890625
330.0 4.6875
331.0 2.515625
332.0 1.859375
333.0 3.34375
334.0 5.78125
335.0 5.21875
336.0 4.921875
337.0 5.171875
338.0 1.8203125
339.0 1.1796875
340.0 2.34375
341.0 1.7578125
342.0 2.015625
343.0 4.9921875
344.0 5.5
345.0 5.3359375
346.0 3.1640625
347.0 0.40625
348.0 0.0
349.0 5.234375
350.0 2.625
351.0 4.7265625
352.0 4.4765625
353.0 4.6875
354.0 4.4296875
355.0 4.2421875
356.0 4.359375
357.0 3.2265625
358.0 0.0
359.0 7.796875
360.0 5.8828125
361.0 4.8046875
362.0 4.7734375
363.0 5.0078125
364.0 4.828125
365.0 5.0234375
366.0 5.2890625
367.0 5.1875
368.0 5.53125
369.0 4.90625
370.0 4.0234375
371.0 4.3515625
372.0 5.2265625
373.0 5.4921875
374.0 0.1015625
375.0 8.328125
376.0 2.8046875
377.0 2.2734375
378.0 0.09375
379.0 4.8046875
380.0 4.6953125
381.0 4.6953125
382.0 5.1953125
383.0 5.2265625
384.0 4.0703125
385.0 4.4140625
386.0 4.28125
387.0 3.296875
388.0 4.546875
389.0 4.8671875
390.0 4.859375
391.0 5.1328125
392.0 1.765625
393.0 6.59375
394.0 4.2109375
395.0 4.265625
396.0 3.90625
397.0 1.28125
398.0 6.5625
399.0 4.515625
400.0 5.484375
401.0 5.7265625
402.0 5.0859375
403.0 3.4453125
404.0 2.625
405.0 4.03125
406.0 3.1953125
407.0 2.7734375
408.0 2.3359375
409.0 0.0
410.0 9.1640625
411.0 3.9375
412.0 5.0078125
413.0 5.96875
414.0 5.40625
415.0 4.9453125
416.0 4.2421875
417.0 3.28125
418.0 3.5546875
419.0 3.1171875
420.0 1.8203125
421.0 0.484375
422.0 9.3359375
423.0 5.0859375
424.0 5.515625
425.0 5.3515625
426.0 5.4375
427.0 5.125
428.0 5.6484375
429.0 4.921875
430.0 4.0078125
431.0 3.0546875
432.0 0.3125
433.0 5.53125
434.0 3.7421875
435.0 4.5625
436.0 3.6796875
437.0 1.984375
438.0 4.6484375
439.0 4.1484375
440.0 4.484375
441.0 4.15625
442.0 3.875
443.0 2.953125
444.0 2.65625
445.0 2.328125
446.0 1.8046875
447.0 2.28125
448.0 3.921875
449.0 3.6484375
450.0 0.375
451.0 6.3359375
452.0 2.671875
453.0 4.3671875
454.0 6.2109375
455.0 5.578125
456.0 5.3515625
457.0 5.5546875
458.0 5.7265625
459.0 3.3828125
460.0 0.0
461.0 5.6484375
462.0 2.15625
463.0 2.125
464.0 1.1953125
465.0 2.234375
466.0 1.53125
467.0 3.0390625
468.0 5.34375
469.0 5.1015625
470.0 4.984375
471.0 4.9921875
472.0 1.921875
473.0 8.4765625
474.0 5.1328125
475.0 5.3515625
476.0 3.1171875
477.0 7.8984375
478.0 4.4296875
479.0 4.6875
480.0 4.609375
481.0 4.171875
482.0 7.6328125
483.0 5.8515625
484.0 7.78125
485.0 6.2109375
486.0 5.8203125
487.0 4.3828125
488.0 6.5
489.0 6.078125
490.0 6.8828125
491.0 6.4453125
492.0 5.6328125
493.0 5.4375
494.0 5.5859375
495.0 5.9375
496.0 6.3828125
497.0 4.8671875
498.0 6.5390625
499.0 6.828125
500.0 6.765625
501.0 7.2734375
502.0 7.46875
503.0 2.546875
504.0 11.0546875
505.0 7.359375
506.0 6.9609375
507.0 7.5703125
508.0 7.578125
509.0 7.2421875
510.0 7.5234375
511.0 7.21875
512.0 4.9765625
513.0 2.75
514.0 8.890625
515.0 6.9921875
516.0 7.046875
517.0 7.4296875
518.0 7.3984375
519.0 7.5078125
520.0 7.4921875
521.0 6.2890625
522.0 8.7421875
523.0 5.40625
524.0 5.1953125
525.0 7.015625
526.0 7.1640625
527.0 6.9765625
528.0 6.3046875
529.0 6.6875
530.0 4.953125
531.0 5.6015625
532.0 5.796875
533.0 5.3515625
534.0 3.296875
535.0 5.6171875
536.0 2.25
537.0 5.6640625
538.0 5.734375
539.0 5.4921875
540.0 3.3515625
541.0 6.953125
542.0 5.515625
543.0 5.84375
544.0 5.734375
545.0 3.6953125
546.0 7.9609375
547.0 6.265625
548.0 6.4375
549.0 5.9375
550.0 5.1015625
551.0 5.0546875
552.0 5.15625
553.0 5.40625
554.0 5.4375
555.0 5.5625
556.0 5.7890625
557.0 5.4921875
558.0 2.3671875
559.0 5.125
560.0 5.3359375
561.0 4.9765625
562.0 7.046875
563.0 4.5390625
564.0 7.40625
565.0 5.765625
566.0 6.0
567.0 5.859375
568.0 5.2265625
569.0 4.8671875
570.0 5.6015625
571.0 5.28125
572.0 6.828125
573.0 6.6796875
574.0 6.109375
575.0 6.125
576.0 3.4765625
577.0 6.15625
578.0 5.5859375
579.0 6.15625
580.0 6.5390625
581.0 6.5703125
582.0 6.2265625
583.0 6.1796875
584.0 6.0078125
585.0 5.734375
586.0 5.40625
587.0 4.8046875
588.0 4.9765625
589.0 5.453125
590.0 5.2890625
591.0 5.1953125
592.0 5.6484375
593.0 5.171875
594.0 6.5625
595.0 5.6953125
596.0 5.609375
597.0 5.3671875
598.0 7.6328125
599.0 7.1640625
