0.0 9.4921875
1.0 3.3203125
2.0 0.8671875
3.0 0.0
4.0 6.5625
5.0 4.0390625
6.0 6.3828125
7.0 6.359375
8.0 6.1484375
9.0 6.1171875
10.0 5.5234375
11.0 0.640625
12.0 0.2421875
13.0 8.2890625
14.0 6.2421875
15.0 5.6484375
16.0 5.2578125
17.0 2.25
18.0 7.03125
19.0 6.796875
20.0 6.84375
21.0 4.3671875
22.0 1.7109375
23.0 1.4453125
24.0 1.53125
25.0 1.7578125
26.0 2.609375
27.0 6.4453125
28.0 6.9765625
29.0 7.03125
30.0 4.7734375
31.0 8.828125
32.0 6.2109375
33.0 3.65625
34.0 2.59375
35.0 6.1171875
36.0 7.1640625
37.0 7.2265625
38.0 7.3984375
39.0 7.15625
40.0 6.9765625
41.0 7.1953125
42.0 7.03125
43.0 3.4296875
44.0 3.2890625
45.0 4.25
46.0 6.5625
47.0 6.890625
48.0 4.2109375
49.0 9.6015625
50.0 7.03125
51.0 6.890625
52.0 7.46875
53.0 4.421875
54.0 3.4375
55.0 4.1484375
56.0 6.9140625
57.0 7.15625
58.0 7.1875
59.0 6.75
60.0 6.6484375
61.0 6.6328125
62.0 6.5546875
63.0 6.5703125
64.0 1.34375
65.0 0.875
66.0 9.4453125
67.0 7.09375
68.0 6.8984375
69.0 6.9921875
70.0 6.796875
71.0 4.9453125
72.0 9.59375
73.0 7.703125
74.0 4.03125
75.0 3.5859375
76.0 3.8046875
77.0 6.65625
78.0 7.390625
79.0 7.34375
80.0 7.5859375
81.0 7.21875
82.0 7.140625
83.0 7.8359375
84.0 5.234375
85.0 3.65625
86.0 3.6171875
87.0 5.3125
88.0 7.5078125
89.0 7.5390625
90.0 6.921875
91.0 6.125
92.0 5.578125
93.0 6.2109375
94.0 5.671875
95.0 3.7421875
96.0 2.375
97.0 5.609375
98.0 6.46875
99.0 7.3359375
100.0 6.9453125
101.0 6.6640625
102.0 6.8828125
103.0 3.0859375
104.0 10.984375
105.0 6.6015625
106.0 7.3046875
107.0 7.515625
108.0 7.0625
109.0 3.8515625
110.0 3.90625
111.0 5.5859375
112.0 7.6328125
113.0 5.6953125
114.0 5.6796875
115.0 7.015625
116.0 7.4375
117.0 6.9609375
118.0 7.1796875
119.0 5.9375
120.0 3.546875
121.0 4.0390625
122.0 6.453125
123.0 7.125
124.0 7.40625
125.0 7.4296875
126.0 7.453125
127.0 7.3984375
128.0 7.3203125
129.0 7.515625
130.0 6.84375
131.0 1.0546875
132.0 7.875
133.0 1.265625
134.0 4.53125
135.0 7.15625
136.0 4.953125
137.0 2.8515625
138.0 8.4765625
139.0 7.1953125
140.0 5.3125
141.0 3.5234375
142.0 1.4765625
143.0 6.390625
144.0 6.59375
145.0 6.9453125
146.0 7.09375
147.0 6.7109375
148.0 6.9765625
149.0 7.3046875
150.0 7.2265625
151.0 7.109375
152.0 6.9140625
153.0 4.0390625
154.0 3.671875
155.0 0.875
156.0 10.9765625
157.0 7.375
158.0 7.09375
159.0 7.0390625
160.0 7.46875
161.0 7.25
162.0 7.5703125
163.0 7.28125
164.0 7.1953125
165.0 7.109375
166.0 4.0703125
167.0 3.0546875
168.0 7.40625
169.0 7.0703125
170.0 7.03125
171.0 6.8671875
172.0 6.5546875
173.0 7.21875
174.0 7.4375
175.0 3.9375
176.0 8.4921875
177.0 2.1015625
178.0 5.3359375
179.0 6.9296875
180.0 6.9921875
181.0 6.796875
182.0 6.765625
183.0 6.921875
184.0 7.2265625
185.0 7.1796875
186.0 6.484375
187.0 6.59375
188.0 4.7578125
189.0 3.7421875
190.0 3.015625
191.0 6.921875
192.0 6.796875
193.0 6.796875
194.0 6.734375
195.0 6.5546875
196.0 6.6328125
197.0 6.734375
198.0 6.859375
199.0 5.2890625
200.0 3.578125
201.0 3.4453125
202.0 2.125
203.0 8.6796875
204.0 7.359375
205.0 6.796875
206.0 6.7421875
207.0 7.15625
208.0 6.765625
209.0 6.953125
210.0 6.9453125
211.0 7.1328125
212.0 4.15625
213.0 3.375
214.0 1.53125
215.0 10.5
216.0 6.8828125
217.0 6.5078125
218.0 5.828125
219.0 4.0546875
220.0 5.7109375
221.0 4.90625
222.0 5.21875
223.0 4.5703125
224.0 2.125
225.0 1.9140625
226.0 2.71875
227.0 1.8203125
228.0 3.1171875
229.0 5.3984375
230.0 5.2265625
231.0 5.609375
232.0 2.296875
233.0 8.5703125
234.0 3.34375
235.0 3.265625
236.0 3.296875
237.0 2.1171875
238.0 8.3125
239.0 7.1796875
240.0 6.6484375
241.0 6.921875
242.0 7.5234375
243.0 6.6640625
244.0 4.8671875
245.0 3.4609375
246.0 2.7578125
247.0 2.5078125
248.0 4.2734375
249.0 5.890625
250.0 6.6796875
251.0 6.7421875
252.0 5.453125
253.0 4.3984375
254.0 6.203125
255.0 4.03125
256.0 3.40625
257.0 3.65625
258.0 5.703125
259.0 3.9375
260.0 4.390625
261.0 6.2578125
262.0 6.6875
263.0 7.03125
264.0 6.6328125
265.0 2.9375
266.0 0.0
267.0 5.78125
268.0 1.1484375
269.0 0.546875
270.0 0.0
271.0 1.296875
272.0 1.53125
273.0 1.8359375
274.0 1.390625
275.0 1.1171875
276.0 1.09375
277.0 0.8203125
278.0 0.75
279.0 0.359375
280.0 0.0
281.0 0.0
282.0 0.0
283.0 6.1484375
284.0 6.65625
285.0 6.6640625
286.0 6.421875
287.0 5.8203125
288.0 6.46875
289.0 3.7421875
290.0 3.2265625
291.0 3.5625
292.0 6.1484375
293.0 6.5703125
294.0 6.9140625
295.0 6.8125
296.0 7.140625
297.0 7.515625
298.0 7.3203125
299.0 6.9609375
300.0 6.7421875
301.0 6.203125
302.0 4.8984375
303.0 3.4296875
304.0 1.078125
305.0 8.265625
306.0 6.484375
307.0 4.6875
308.0 2.1875
309.0 8.5
310.0 8.140625
311.0 6.84375
312.0 3.890625
313.0 3.5546875
314.0 3.40625
315.0 5.609375
316.0 6.75
317.0 7.0703125
318.0 7.0390625
319.0 6.8359375
320.0 7.1328125
321.0 7.2421875
322.0 5.0078125
323.0 3.4921875
324.0 0.5078125
325.0 7.4375
326.0 6.890625
327.0 6.796875
328.0 6.796875
329.0 6.46875
330.0 1.015625
331.0 10.671875
332.0 6.0625
333.0 3.8046875
334.0 2.34375
335.0 2.9375
336.0 3.203125
337.0 4.0390625
338.0 5.1640625
339.0 5.578125
340.0 5.0859375
341.0 5.7578125
342.0 6.1875
343.0 2.8515625
344.0 9.359375
345.0 4.6953125
346.0 2.453125
347.0 0.5859375
348.0 0.0
349.0 6.9453125
350.0 5.6171875
351.0 6.359375
352.0 6.296875
353.0 6.7734375
354.0 7.125
355.0 6.6484375
356.0 3.625
357.0 3.875
358.0 2.8515625
359.0 3.8828125
360.0 3.0546875
361.0 5.125
362.0 7.015625
363.0 4.5078125
364.0 6.3203125
365.0 6.3203125
366.0 5.609375
367.0 2.9375
368.0 2.515625
369.0 2.4453125
370.0 2.4453125
371.0 2.875
372.0 2.84375
373.0 3.9453125
374.0 4.0078125
375.0 5.171875
376.0 5.6171875
377.0 5.4609375
378.0 4.9765625
379.0 6.625
380.0 5.21875
381.0 4.84375
382.0 3.015625
383.0 0.40625
384.0 2.0859375
385.0 5.6484375
386.0 2.5625
387.0 4.8671875
388.0 5.3984375
389.0 6.703125
390.0 6.421875
391.0 4.78125
392.0 7.875
393.0 3.9375
394.0 2.4765625
395.0 2.5390625
396.0 5.4375
397.0 6.6875
398.0 6.3359375
399.0 5.546875
400.0 4.25
401.0 3.8203125
402.0 5.7109375
403.0 6.4765625
404.0 4.171875
405.0 3.3984375
406.0 3.4765625
407.0 6.2109375
408.0 3.109375
409.0 11.71875
410.0 7.5859375
411.0 7.5234375
412.0 3.0390625
413.0 10.7265625
414.0 6.7421875
415.0 6.8125
416.0 7.6328125
417.0 5.140625
418.0 3.4375
419.0 3.890625
420.0 4.484375
421.0 6.53125
422.0 5.8828125
423.0 6.234375
424.0 6.5546875
425.0 6.9296875
426.0 5.9453125
427.0 6.359375
428.0 5.703125
429.0 3.8203125
430.0 0.609375
431.0 10.734375
432.0 7.2109375
433.0 7.375
434.0 7.1328125
435.0 6.9140625
436.0 6.453125
437.0 6.6484375
438.0 6.9609375
439.0 7.2578125
440.0 3.703125
441.0 4.0078125
442.0 4.609375
443.0 7.09375
444.0 7.46875
445.0 7.3359375
446.0 7.3203125
447.0 7.3046875
448.0 7.671875
449.0 4.890625
450.0 8.6015625
451.0 3.6953125
452.0 1.9140625
453.0 5.78125
454.0 6.78125
455.0 7.078125
456.0 6.9609375
457.0 7.1875
458.0 6.84375
459.0 6.53125
460.0 6.1484375
461.0 6.203125
462.0 6.265625
463.0 4.7578125
464.0 3.46875
465.0 3.5234375
466.0 4.4140625
467.0 6.1796875
468.0 6.890625
469.0 7.1328125
470.0 7.359375
471.0 6.796875
472.0 6.8125
473.0 7.0703125
474.0 6.6796875
475.0 1.734375
476.0 6.9609375
477.0 3.4140625
478.0 3.1171875
479.0 6.0
480.0 6.859375
481.0 6.4765625
482.0 5.4296875
483.0 3.828125
484.0 2.03125
485.0 6.09375
486.0 1.5859375
487.0 3.3125
488.0 3.328125
489.0 4.8125
490.0 4.7265625
491.0 3.375
492.0 3.859375
493.0 3.4453125
494.0 3.375
495.0 1.3828125
496.0 5.6015625
497.0 3.6484375
498.0 3.25
499.0 3.515625
500.0 4.0703125
501.0 3.6171875
502.0 3.703125
503.0 0.0
504.0 5.421875
505.0 6.3515625
506.0 6.2265625
507.0 4.390625
508.0 5.546875
509.0 6.859375
510.0 6.921875
511.0 5.9765625
512.0 1.4921875
513.0 5.15625
514.0 3.0546875
515.0 4.1796875
516.0 6.7421875
517.0 6.3515625
518.0 6.3359375
519.0 6.8984375
520.0 6.6484375
521.0 6.15625
522.0 3.140625
523.0 3.1640625
524.0 3.46875
525.0 5.484375
526.0 6.2734375
527.0 3.6171875
528.0 0.0
529.0 0.6640625
530.0 7.6328125
531.0 5.6171875
532.0 3.3828125
533.0 3.0234375
534.0 3.8203125
535.0 0.78125
536.0 11.15625
537.0 6.78125
538.0 6.5
539.0 2.953125
540.0 2.6875
541.0 0.3046875
542.0 4.953125
543.0 2.359375
544.0 2.515625
545.0 2.1328125
546.0 2.8515625
547.0 6.8125
548.0 6.859375
549.0 6.4140625
550.0 7.1328125
551.0 7.1640625
552.0 5.4296875
553.0 3.4609375
554.0 4.6640625
555.0 4.0703125
556.0 3.796875
557.0 3.734375
558.0 4.203125
559.0 6.078125
560.0 7.0390625
561.0 7.3671875
562.0 7.125
563.0 6.9296875
564.0 7.1796875
565.0 6.9453125
566.0 4.6640625
567.0 1.5234375
568.0 5.90625
569.0 6.4375
570.0 6.7421875
571.0 6.625
572.0 7.4375
573.0 7.140625
574.0 7.2109375
575.0 6.7421875
576.0 4.6796875
577.0 8.921875
578.0 3.65625
579.0 3.5625
580.0 4.515625
581.0 7.2421875
582.0 7.9296875
583.0 7.140625
584.0 6.7421875
585.0 6.7109375
586.0 5.8515625
587.0 5.7578125
588.0 6.09375
589.0 2.1640625
590.0 0.0
591.0 7.109375
592.0 3.8828125
593.0 5.6796875
594.0 6.328125
595.0 6.9765625
596.0 6.765625
597.0 7.28125
598.0 3.90625
599.0 2.21875
