0.0 4.484375
1.0 3.1953125
2.0 2.9375
3.0 2.8984375
4.0 0.0
5.0 7.3671875
6.0 5.203125
7.0 5.5546875
8.0 4.28125
9.0 5.96875
10.0 6.796875
11.0 6.625
12.0 6.9140625
13.0 6.921875
14.0 7.109375
15.0 6.8984375
16.0 6.9453125
17.0 6.9140625
18.0 5.3125
19.0 5.421875
20.0 4.6328125
21.0 6.7734375
22.0 6.6015625
23.0 3.546875
24.0 5.9140625
25.0 3.5
26.0 5.078125
27.0 6.828125
28.0 6.9609375
29.0 2.515625
30.0 10.1328125
31.0 6.2265625
32.0 6.6484375
33.0 3.921875
34.0 6.8046875
35.0 5.53125
36.0 5.2734375
37.0 5.796875
38.0 6.0
39.0 5.7578125
40.0 6.3046875
41.0 5.6015625
42.0 5.4609375
43.0 5.4375
44.0 4.8125
45.0 5.9453125
46.0 2.3046875
47.0 2.3671875
48.0 4.9296875
49.0 4.28125
50.0 6.359375
51.0 7.2421875
52.0 7.2734375
53.0 5.796875
54.0 5.4609375
55.0 7.25
56.0 4.625
57.0 5.9921875
58.0 5.3671875
59.0 3.4765625
60.0 0.09375
61.0 5.6953125
62.0 0.78125
63.0 3.7578125
64.0 3.2265625
65.0 2.71875
66.0 3.0703125
67.0 3.21875
68.0 4.421875
69.0 5.0078125
70.0 4.796875
71.0 1.6875
72.0 7.875
73.0 5.4609375
74.0 4.9296875
75.0 2.453125
76.0 8.140625
77.0 6.2734375
78.0 5.5859375
79.0 6.0
80.0 6.078125
81.0 5.3671875
82.0 4.1796875
83.0 4.890625
84.0 3.828125
85.0 6.8984375
86.0 6.0546875
87.0 5.75
88.0 2.34375
89.0 4.0390625
90.0 5.546875
91.0 3.5234375
92.0 3.4296875
93.0 5.8515625
94.0 5.9140625
95.0 5.53125
96.0 5.9140625
97.0 6.1796875
98.0 3.0546875
99.0 7.765625
100.0 4.484375
101.0 3.1484375
102.0 5.0546875
103.0 4.9765625
104.0 5.203125
105.0 0.8515625
106.0 4.6484375
107.0 2.59375
108.0 2.0078125
109.0 2.625
110.0 4.4765625
111.0 7.1953125
112.0 5.40625
113.0 1.96875
114.0 8.390625
115.0 6.171875
116.0 4.6328125
117.0 6.4375
118.0 5.9453125
119.0 6.109375
120.0 6.0234375
121.0 5.9609375
122.0 5.7890625
123.0 6.5078125
124.0 5.6171875
125.0 4.53125
126.0 2.8359375
127.0 0.578125
128.0 6.7421875
129.0 4.1796875
130.0 4.5625
131.0 3.0
132.0 3.296875
133.0 5.484375
134.0 4.921875
135.0 6.5703125
136.0 5.3203125
137.0 3.9453125
138.0 2.8984375
139.0 1.609375
140.0 0.0
141.0 7.2734375
142.0 2.234375
143.0 2.265625
144.0 2.546875
145.0 1.828125
146.0 0.0
147.0 7.75
148.0 4.65625
149.0 4.796875
150.0 5.375
151.0 5.640625
152.0 5.421875
153.0 4.71875
154.0 3.875
155.0 3.296875
156.0 2.390625
157.0 2.390625
158.0 1.2421875
159.0 6.359375
160.0 4.7265625
161.0 3.8515625
162.0 3.859375
163.0 5.375
164.0 7.2578125
165.0 7.9140625
166.0 8.046875
167.0 5.671875
168.0 4.859375
169.0 2.890625
170.0 3.28125
171.0 4.03125
172.0 6.3828125
173.0 5.1328125
174.0 3.046875
175.0 6.6171875
176.0 3.1796875
177.0 8.96875
178.0 7.4921875
179.0 7.453125
180.0 7.6640625
181.0 8.1328125
182.0 8.4140625
183.0 8.390625
184.0 8.0546875
185.0 8.078125
186.0 8.4921875
187.0 7.0078125
188.0 6.078125
189.0 4.1796875
190.0 3.4765625
191.0 4.25
192.0 5.6640625
193.0 5.8203125
194.0 5.9453125
195.0 6.390625
196.0 5.6640625
197.0 5.2890625
198.0 6.5546875
199.0 6.71875
200.0 7.640625
201.0 6.765625
202.0 6.625
203.0 6.796875
204.0 6.2578125
205.0 5.3515625
206.0 6.921875
207.0 6.40625
208.0 6.2734375
209.0 6.03125
210.0 5.28125
211.0 4.0703125
212.0 4.1484375
213.0 6.1171875
214.0 5.9921875
215.0 5.875
216.0 6.328125
217.0 3.296875
218.0 8.09375
219.0 5.4296875
220.0 5.4296875
221.0 2.03125
222.0 8.8515625
223.0 5.796875
224.0 5.1015625
225.0 5.640625
226.0 5.6484375
227.0 4.0234375
228.0 2.546875
229.0 6.4375
230.0 5.75
231.0 1.1484375
232.0 5.578125
233.0 3.90625
234.0 7.5234375
235.0 6.921875
236.0 6.2109375
237.0 5.9296875
238.0 6.15625
239.0 5.078125
240.0 2.15625
241.0 2.1171875
242.0 2.7578125
243.0 3.109375
244.0 4.453125
245.0 1.9453125
246.0 7.5859375
247.0 4.3203125
248.0 4.421875
249.0 3.859375
250.0 0.0
251.0 6.515625
252.0 5.2734375
253.0 6.2265625
254.0 6.1484375
255.0 2.515625
256.0 9.6015625
257.0 5.9375
258.0 4.9765625
259.0 5.734375
260.0 5.90625
261.0 5.53125
262.0 4.578125
263.0 3.3203125
264.0 5.9375
265.0 6.71875
266.0 5.6640625
267.0 4.6328125
268.0 4.6953125
269.0 5.2265625
270.0 5.7109375
271.0 4.84375
272.0 5.6796875
273.0 4.8671875
274.0 6.6796875
275.0 5.859375
276.0 6.234375
277.0 6.125
278.0 1.8203125
279.0 10.5
280.0 5.6015625
281.0 5.859375
282.0 6.484375
283.0 6.4140625
284.0 3.796875
285.0 1.3828125
286.0 4.953125
287.0 2.1171875
288.0 4.78125
289.0 5.546875
290.0 6.5078125
291.0 5.453125
292.0 6.4453125
293.0 6.8671875
294.0 6.9765625
295.0 3.65625
296.0 5.1875
297.0 4.0546875
298.0 5.0234375
299.0 5.9140625
300.0 5.6328125
301.0 5.84375
302.0 3.171875
303.0 1.4921875
304.0 4.28125
305.0 5.3671875
306.0 2.8515625
307.0 4.0078125
308.0 3.734375
309.0 2.21875
310.0 0.1640625
311.0 0.0
312.0 0.0
313.0 6.0234375
314.0 4.546875
315.0 5.703125
316.0 3.9765625
317.0 1.9765625
318.0 0.765625
319.0 0.546875
320.0 0.0
321.0 6.8125
322.0 4.9921875
323.0 3.0546875
324.0 5.4375
325.0 4.7421875
326.0 2.1796875
327.0 4.6015625
328.0 5.421875
329.0 1.96875
330.0 1.015625
331.0 1.46875
332.0 2.6015625
333.0 5.7109375
334.0 1.046875
335.0 4.6796875
336.0 7.390625
337.0 3.28125
338.0 1.703125
339.0 0.0
340.0 7.0703125
341.0 3.96875
342.0 3.21875
343.0 4.3984375
344.0 4.421875
345.0 4.8125
346.0 3.515625
347.0 5.0390625
348.0 4.59375
349.0 4.6640625
350.0 3.1953125
351.0 2.65625
352.0 5.421875
353.0 6.515625
354.0 5.5625
355.0 1.5859375
356.0 8.7890625
357.0 6.109375
358.0 6.2421875
359.0 5.6640625
360.0 7.90625
361.0 2.5078125
362.0 9.5234375
363.0 5.9921875
364.0 4.9609375
365.0 1.5078125
366.0 6.9609375
367.0 4.9296875
368.0 5.3671875
369.0 5.515625
370.0 4.8125
371.0 2.9375
372.0 4.59375
373.0 5.9453125
374.0 5.9140625
375.0 4.7265625
376.0 4.28125
377.0 3.6171875
378.0 3.4609375
379.0 0.28125
380.0 9.8515625
381.0 3.8203125
382.0 4.3515625
383.0 6.2890625
384.0 6.3046875
385.0 6.5
386.0 6.078125
387.0 5.9140625
388.0 5.6328125
389.0 7.2109375
390.0 5.8515625
391.0 5.125
392.0 0.671875
393.0 10.3828125
394.0 6.5
395.0 6.0859375
396.0 4.984375
397.0 5.6640625
398.0 5.9296875
399.0 5.859375
400.0 5.8125
401.0 6.109375
402.0 5.6796875
403.0 5.890625
404.0 4.7734375
405.0 5.875
406.0 4.4296875
407.0 4.7578125
408.0 5.484375
409.0 5.9609375
410.0 3.609375
411.0 4.2421875
412.0 6.8984375
413.0 6.71875
414.0 5.15625
415.0 5.578125
416.0 3.7734375
417.0 4.84375
418.0 6.5859375
419.0 6.890625
420.0 4.7421875
421.0 9.59375
422.0 7.3984375
423.0 3.921875
424.0 8.953125
425.0 6.625
426.0 6.6796875
427.0 6.296875
428.0 6.796875
429.0 7.0078125
430.0 6.0078125
431.0 6.5390625
432.0 6.8984375
433.0 7.2734375
434.0 7.421875
435.0 6.4453125
436.0 1.4765625
437.0 10.4296875
438.0 6.5546875
439.0 5.9921875
440.0 6.1484375
441.0 4.2421875
442.0 7.984375
443.0 6.6328125
444.0 5.9921875
445.0 5.5859375
446.0 6.9296875
447.0 6.4375
448.0 7.6953125
449.0 7.21875
450.0 7.2109375
451.0 7.6640625
452.0 7.2109375
453.0 7.9609375
454.0 7.75
455.0 7.5859375
456.0 6.2109375
457.0 5.8203125
458.0 6.3359375
459.0 6.0625
460.0 5.7265625
461.0 6.0390625
462.0 6.515625
463.0 6.4140625
464.0 6.9609375
465.0 6.5625
466.0 5.9140625
467.0 5.7265625
468.0 7.5390625
469.0 7.9140625
470.0 7.4296875
471.0 7.7265625
472.0 6.6328125
473.0 6.4140625
474.0 5.8515625
475.0 5.703125
476.0 5.640625
477.0 5.4296875
478.0 4.0546875
479.0 3.84375
480.0 6.3671875
481.0 1.9140625
482.0 9.03125
483.0 6.2421875
484.0 4.3671875
485.0 6.3515625
486.0 4.2734375
487.0 3.9453125
488.0 5.640625
489.0 5.6015625
490.0 5.78125
491.0 4.984375
492.0 4.9921875
493.0 5.78125
494.0 6.0546875
495.0 3.5546875
496.0 7.703125
497.0 5.46875
498.0 4.8359375
499.0 3.1484375
500.0 6.9609375
501.0 5.6015625
502.0 5.1328125
503.0 5.140625
504.0 3.1171875
505.0 3.078125
506.0 3.796875
507.0 4.28125
508.0 4.3671875
509.0 4.28125
510.0 4.6328125
511.0 1.96875
512.0 5.703125
513.0 1.5390625
514.0 4.6875
515.0 5.0234375
516.0 5.109375
517.0 5.453125
518.0 5.9609375
519.0 2.265625
520.0 7.765625
521.0 5.6015625
522.0 5.8515625
523.0 5.40625
524.0 3.015625
525.0 7.4296875
526.0 5.5546875
527.0 5.3828125
528.0 5.515625
529.0 5.6328125
530.0 5.6328125
531.0 2.9609375
532.0 9.5390625
533.0 5.109375
534.0 4.890625
535.0 5.6796875
536.0 3.21875
537.0 3.140625
538.0 4.90625
539.0 5.7265625
540.0 4.4140625
541.0 1.0
542.0 5.2890625
543.0 1.0546875
544.0 1.734375
545.0 3.0390625
546.0 4.3515625
547.0 4.796875
548.0 4.9296875
549.0 4.421875
550.0 5.0546875
551.0 5.578125
552.0 5.203125
553.0 5.6484375
554.0 6.2109375
555.0 5.9765625
556.0 6.265625
557.0 6.203125
558.0 5.9296875
559.0 6.2890625
560.0 4.65625
561.0 5.9765625
562.0 3.8828125
563.0 4.296875
564.0 5.6796875
565.0 5.5
566.0 5.765625
567.0 3.9375
568.0 0.0
569.0 5.015625
570.0 4.0
571.0 5.7890625
572.0 5.640625
573.0 5.671875
574.0 5.546875
575.0 3.8203125
576.0 8.3515625
577.0 5.578125
578.0 6.09375
579.0 5.7890625
580.0 2.34375
581.0 6.265625
582.0 5.6015625
583.0 5.1015625
584.0 6.1796875
585.0 6.625
586.0 7.0078125
587.0 5.3984375
588.0 4.78125
589.0 5.3984375
590.0 3.25
591.0 1.40625
592.0 0.0
593.0 7.25
594.0 2.515625
595.0 2.1875
596.0 1.9765625
597.0 1.7734375
598.0 3.328125
599.0 4.328125
