0.0 5.828125
1.0 5.859375
2.0 4.8046875
3.0 1.3203125
4.0 8.4609375
5.0 4.875
6.0 6.125
7.0 3.4609375
8.0 1.671875
9.0 0.46875
10.0 5.609375
11.0 2.6953125
12.0 3.1796875
13.0 1.765625
14.0 2.9296875
15.0 2.5703125
16.0 2.671875
17.0 3.1328125
18.0 5.25
19.0 2.6015625
20.0 5.515625
21.0 6.3828125
22.0 6.5
23.0 1.828125
24.0 8.5078125
25.0 6.0234375
26.0 6.265625
27.0 4.1171875
28.0 8.0625
29.0 3.9140625
30.0 3.4921875
31.0 2.2109375
32.0 5.671875
33.0 5.140625
34.0 5.3125
35.0 6.2578125
36.0 6.453125
37.0 6.2421875
38.0 6.4765625
39.0 5.7890625
40.0 7.453125
41.0 6.4375
42.0 5.796875
43.0 4.5703125
44.0 3.3515625
45.0 3.640625
46.0 5.2265625
47.0 4.6015625
48.0 4.8671875
49.0 5.546875
50.0 6.109375
51.0 6.296875
52.0 6.3671875
53.0 3.828125
54.0 8.7734375
55.0 5.6796875
56.0 5.3828125
57.0 1.828125
58.0 8.40625
59.0 4.59375
60.0 4.75
61.0 5.546875
62.0 5.6640625
63.0 5.421875
64.0 2.328125
65.0 2.453125
66.0 5.3515625
67.0 4.6640625
68.0 6.40625
69.0 5.6171875
70.0 5.9140625
71.0 6.15625
72.0 5.5625
73.0 6.0078125
74.0 6.65625
75.0 5.890625
76.0 4.5390625
77.0 4.4765625
78.0 4.3828125
79.0 5.2578125
80.0 1.5546875
81.0 8.71875
82.0 2.359375
83.0 5.1015625
84.0 5.96875
85.0 5.3671875
86.0 4.8984375
87.0 6.171875
88.0 5.3984375
89.0 5.0859375
90.0 5.9609375
91.0 4.0703125
92.0 3.546875
93.0 4.8125
94.0 4.8125
95.0 4.359375
96.0 5.96875
97.0 5.609375
98.0 3.3125
99.0 6.625
100.0 4.4453125
101.0 6.0078125
102.0 6.125
103.0 6.3203125
104.0 4.203125
105.0 8.5078125
106.0 4.6640625
107.0 3.9921875
108.0 3.296875
109.0 3.7109375
110.0 2.1796875
111.0 7.46875
112.0 3.515625
113.0 3.265625
114.0 4.203125
115.0 6.0546875
116.0 5.7265625
117.0 6.09375
118.0 6.5546875
119.0 5.25
120.0 5.5234375
121.0 6.1875
122.0 3.9140625
123.0 0.0
124.0 8.2734375
125.0 5.2734375
126.0 4.0
127.0 4.28125
128.0 0.0
129.0 6.4140625
130.0 0.6640625
131.0 0.515625
132.0 0.9296875
133.0 2.1953125
134.0 1.8828125
135.0 8.2265625
136.0 4.21875
137.0 6.09375
138.0 6.2265625
139.0 6.703125
140.0 5.4375
141.0 6.453125
142.0 6.6640625
143.0 6.6640625
144.0 6.4375
145.0 6.5546875
146.0 5.1953125
147.0 6.3359375
148.0 6.84375
149.0 2.453125
150.0 9.8125
151.0 6.390625
152.0 5.640625
153.0 1.4765625
154.0 7.4375
155.0 1.8828125
156.0 2.015625
157.0 2.84375
158.0 3.203125
159.0 2.6953125
160.0 2.375
161.0 2.8046875
162.0 3.609375
163.0 0.4296875
164.0 8.3125
165.0 4.609375
166.0 4.6640625
167.0 3.9765625
168.0 0.0
169.0 5.5859375
170.0 2.3671875
171.0 6.0859375
172.0 6.4140625
173.0 4.171875
174.0 5.5625
175.0 3.7734375
176.0 3.140625
177.0 0.0
178.0 0.0
179.0 7.1640625
180.0 5.9296875
181.0 4.5703125
182.0 4.6875
183.0 2.9375
184.0 5.828125
185.0 3.859375
186.0 2.875
187.0 2.875
188.0 4.265625
189.0 3.8828125
190.0 4.6328125
191.0 2.9921875
192.0 3.3203125
193.0 2.8046875
194.0 2.90625
195.0 2.5703125
196.0 5.671875
197.0 5.2734375
198.0 6.2421875
199.0 6.109375
200.0 3.765625
201.0 5.2734375
202.0 5.828125
203.0 5.2578125
204.0 6.0546875
205.0 4.46875
206.0 5.15625
207.0 5.3671875
208.0 5.34375
209.0 1.28125
210.0 7.734375
211.0 2.5234375
212.0 3.328125
213.0 4.5390625
214.0 4.3828125
215.0 1.53125
216.0 8.390625
217.0 5.5625
218.0 4.21875
219.0 3.890625
220.0 5.15625
221.0 5.3671875
222.0 4.296875
223.0 3.5234375
224.0 5.234375
225.0 6.390625
226.0 6.1171875
227.0 6.4765625
228.0 4.3046875
229.0 0.0
230.0 7.3984375
231.0 3.203125
232.0 5.28125
233.0 4.6484375
234.0 3.2578125
235.0 0.9453125
236.0 0.0
237.0 0.0
238.0 5.9765625
239.0 3.4453125
240.0 2.5390625
241.0 2.3125
242.0 3.25
243.0 4.453125
244.0 3.96875
245.0 2.578125
246.0 2.21875
247.0 0.0
248.0 6.4140625
249.0 4.875
250.0 4.515625
251.0 3.6796875
252.0 2.6640625
253.0 3.296875
254.0 3.046875
255.0 3.6484375
256.0 4.828125
257.0 3.53125
258.0 4.3515625
259.0 3.328125
260.0 2.296875
261.0 0.328125
262.0 5.6171875
263.0 4.0546875
264.0 4.234375
265.0 3.28125
266.0 0.0
267.0 7.3671875
268.0 4.4765625
269.0 5.0390625
270.0 4.6328125
271.0 5.171875
272.0 6.5859375
273.0 6.484375
274.0 6.4765625
275.0 5.140625
276.0 4.8046875
277.0 6.921875
278.0 6.6640625
279.0 1.703125
280.0 7.28125
281.0 4.625
282.0 5.765625
283.0 1.9375
284.0 0.0
285.0 4.875
286.0 1.8203125
287.0 3.234375
288.0 5.1953125
289.0 6.796875
290.0 7.1875
291.0 7.0625
292.0 6.953125
293.0 7.2109375
294.0 6.859375
295.0 6.8828125
296.0 6.1171875
297.0 2.9296875
298.0 1.03125
299.0 0.90625
300.0 0.5859375
301.0 0.4609375
302.0 0.6328125
303.0 1.1796875
304.0 0.875
305.0 0.0
306.0 5.828125
307.0 3.7265625
308.0 3.40625
309.0 1.828125
310.0 1.234375
311.0 2.71875
312.0 3.1640625
313.0 3.0859375
314.0 0.703125
315.0 5.828125
316.0 4.0546875
317.0 4.09375
318.0 4.0078125
319.0 3.328125
320.0 3.2890625
321.0 3.9140625
322.0 3.671875
323.0 3.296875
324.0 4.4453125
325.0 3.6796875
326.0 3.34375
327.0 3.1953125
328.0 3.7265625
329.0 3.875
330.0 3.296875
331.0 1.890625
332.0 2.1328125
333.0 2.84375
334.0 3.578125
335.0 5.2265625
336.0 4.3515625
337.0 2.6015625
338.0 0.3984375
339.0 0.0
340.0 0.0
341.0 0.0
342.0 0.3359375
343.0 8.109375
344.0 6.8828125
345.0 6.953125
346.0 7.390625
347.0 7.125
348.0 7.09375
349.0 7.28125
350.0 6.40625
351.0 3.7109375
352.0 2.84375
353.0 4.171875
354.0 3.703125
355.0 3.21875
356.0 2.28125
357.0 0.40625
358.0 4.5078125
359.0 3.9375
360.0 3.234375
361.0 2.609375
362.0 1.7890625
363.0 4.0625
364.0 3.4765625
365.0 3.703125
366.0 3.296875
367.0 3.9375
368.0 3.609375
369.0 3.4453125
370.0 2.8671875
371.0 4.71875
372.0 7.2265625
373.0 7.03125
374.0 7.4296875
375.0 6.3828125
376.0 6.40625
377.0 7.359375
378.0 7.46875
379.0 7.109375
380.0 3.9140625
381.0 3.265625
382.0 1.734375
383.0 5.078125
384.0 2.5234375
385.0 2.625
386.0 3.5234375
387.0 3.4609375
388.0 3.7109375
389.0 3.625
390.0 1.6796875
391.0 3.5
392.0 3.734375
393.0 3.4140625
394.0 1.8984375
395.0 4.6875
396.0 4.3046875
397.0 2.7265625
398.0 3.40625
399.0 3.53125
400.0 3.4296875
401.0 3.4375
402.0 3.4375
403.0 3.109375
404.0 1.5703125
405.0 0.0
406.0 6.0234375
407.0 1.3203125
408.0 0.2265625
409.0 1.6171875
410.0 5.1328125
411.0 6.2109375
412.0 6.0078125
413.0 6.7109375
414.0 7.046875
415.0 4.0078125
416.0 7.4609375
417.0 5.3046875
418.0 5.8828125
419.0 2.296875
420.0 9.5390625
421.0 3.3515625
422.0 1.1953125
423.0 1.2890625
424.0 4.234375
425.0 6.0390625
426.0 6.2578125
427.0 6.453125
428.0 5.7890625
429.0 6.0546875
430.0 7.09375
431.0 7.03125
432.0 7.1953125
433.0 6.65625
434.0 4.453125
435.0 5.15625
436.0 6.9453125
437.0 6.7734375
438.0 6.4765625
439.0 6.6328125
440.0 6.953125
441.0 6.953125
442.0 7.0078125
443.0 5.7890625
444.0 6.5859375
445.0 6.0859375
446.0 6.75
447.0 7.125
448.0 6.765625
449.0 7.03125
450.0 7.3984375
451.0 7.28125
452.0 5.90625
453.0 3.0390625
454.0 8.7734375
455.0 7.4375
456.0 6.734375
457.0 4.5390625
458.0 6.5546875
459.0 6.7109375
460.0 6.6640625
461.0 4.28125
462.0 3.1171875
463.0 3.7421875
464.0 1.6875
465.0 8.328125
466.0 5.671875
467.0 4.7421875
468.0 5.8125
469.0 5.859375
470.0 5.890625
471.0 5.015625
472.0 5.6015625
473.0 6.2421875
474.0 6.0
475.0 5.84375
476.0 4.3828125
477.0 0.2578125
478.0 9.8515625
479.0 5.9140625
480.0 3.34375
481.0 5.90625
482.0 6.2265625
483.0 5.375
484.0 4.203125
485.0 4.4296875
486.0 5.203125
487.0 4.9609375
488.0 4.203125
489.0 4.90625
490.0 6.2109375
491.0 6.2734375
492.0 5.828125
493.0 5.34375
494.0 5.90625
495.0 6.109375
496.0 6.5703125
497.0 6.4140625
498.0 6.5625
499.0 6.65625
500.0 7.03125
501.0 6.9609375
502.0 6.2109375
503.0 1.2421875
504.0 11.2734375
505.0 6.515625
506.0 6.7109375
507.0 6.9765625
508.0 6.9453125
509.0 5.96875
510.0 1.9375
511.0 10.7109375
512.0 6.0078125
513.0 5.7890625
514.0 6.09375
515.0 5.96875
516.0 5.765625
517.0 6.03125
518.0 6.03125
519.0 5.1640625
520.0 5.46875
521.0 3.1015625
522.0 9.9609375
523.0 5.9375
524.0 6.3203125
525.0 5.234375
526.0 4.6015625
527.0 2.21875
528.0 8.3515625
529.0 4.9609375
530.0 5.9375
531.0 5.3828125
532.0 4.953125
533.0 5.3046875
534.0 5.0859375
535.0 5.5
536.0 5.875
537.0 5.046875
538.0 5.5546875
539.0 5.171875
540.0 2.8671875
541.0 6.6796875
542.0 5.703125
543.0 6.0078125
544.0 5.3203125
545.0 5.3203125
546.0 1.09375
547.0 10.1953125
548.0 5.5625
549.0 5.4609375
550.0 5.90625
551.0 6.0625
552.0 6.0
553.0 6.4765625
554.0 6.3203125
555.0 5.828125
556.0 4.8046875
557.0 4.3671875
558.0 5.8515625
559.0 4.9765625
560.0 5.0546875
561.0 5.5
562.0 5.421875
563.0 4.7265625
564.0 5.3828125
565.0 4.8125
566.0 4.9609375
567.0 5.75
568.0 4.859375
569.0 5.9453125
570.0 6.4453125
571.0 6.4765625
572.0 4.90625
573.0 5.7265625
574.0 6.296875
575.0 5.5234375
576.0 7.9296875
577.0 6.75
578.0 5.8515625
579.0 6.765625
580.0 7.6640625
581.0 7.03125
582.0 6.9453125
583.0 6.890625
584.0 6.8828125
585.0 6.921875
586.0 7.0703125
587.0 7.140625
588.0 4.609375
589.0 4.3984375
590.0 6.2734375
591.0 6.4765625
592.0 5.9921875
593.0 5.578125
594.0 1.296875
595.0 8.421875
596.0 5.5546875
597.0 5.3984375
598.0 6.421875
599.0 6.0859375
