0.0 5.0546875
1.0 4.1328125
2.0 4.6328125
3.0 1.3515625
4.0 8.0859375
5.0 6.09375
6.0 5.9296875
7.0 5.7109375
8.0 5.7109375
9.0 5.2734375
10.0 5.171875
11.0 2.0859375
12.0 5.8828125
13.0 3.3828125
14.0 6.6484375
15.0 5.3125
16.0 5.15625
17.0 5.3359375
18.0 4.9765625
19.0 4.984375
20.0 5.375
21.0 5.3828125
22.0 4.0
23.0 6.65625
24.0 5.3359375
25.0 5.1640625
26.0 5.171875
27.0 5.140625
28.0 4.71875
29.0 4.9609375
30.0 4.6875
31.0 4.8671875
32.0 4.90625
33.0 4.9765625
34.0 5.1015625
35.0 4.8984375
36.0 5.15625
37.0 5.0390625
38.0 5.046875
39.0 5.28125
40.0 5.4296875
41.0 5.109375
42.0 5.2734375
43.0 5.2578125
44.0 5.2890625
45.0 5.046875
46.0 5.375
47.0 5.1328125
48.0 4.9921875
49.0 5.0078125
50.0 5.2578125
51.0 5.234375
52.0 4.953125
53.0 4.4453125
54.0 0.0
55.0 9.7890625
56.0 5.1640625
57.0 5.234375
58.0 4.84375
59.0 4.5625
60.0 5.0234375
61.0 5.25
62.0 4.3671875
63.0 3.046875
64.0 4.453125
65.0 3.9140625
66.0 2.953125
67.0 2.21875
68.0 3.703125
69.0 5.0703125
70.0 1.3515625
71.0 6.1875
72.0 1.5625
73.0 2.921875
74.0 3.328125
75.0 4.8125
76.0 4.578125
77.0 3.5234375
78.0 0.078125
79.0 5.6171875
80.0 1.71875
81.0 5.1640625
82.0 5.0390625
83.0 4.984375
84.0 5.140625
85.0 5.0078125
86.0 5.3359375
87.0 3.7578125
88.0 6.8046875
89.0 5.21875
90.0 5.234375
91.0 5.0546875
92.0 3.8515625
93.0 6.0078125
94.0 5.0703125
95.0 5.21875
96.0 5.1640625
97.0 5.1953125
98.0 5.046875
99.0 5.15625
100.0 5.2734375
101.0 5.21875
102.0 5.1328125
103.0 5.125
104.0 4.125
105.0 0.1015625
106.0 9.453125
107.0 4.9921875
108.0 5.234375
109.0 5.2578125
110.0 5.3671875
111.0 0.9921875
112.0 9.1484375
113.0 5.21875
114.0 5.28125
115.0 5.3203125
116.0 4.84375
117.0 5.234375
118.0 5.1640625
119.0 5.0546875
120.0 5.3359375
121.0 5.1328125
122.0 5.28125
123.0 3.640625
124.0 6.9140625
125.0 5.2578125
126.0 5.375
127.0 5.3828125
128.0 5.25
129.0 5.1015625
130.0 5.34375
131.0 4.6484375
132.0 4.3984375
133.0 4.484375
134.0 5.125
135.0 5.3203125
136.0 4.7578125
137.0 4.3828125
138.0 4.53125
139.0 4.71875
140.0 4.21875
141.0 0.359375
142.0 8.5
143.0 4.9609375
144.0 5.0546875
145.0 5.21875
146.0 5.203125
147.0 5.3515625
148.0 5.140625
149.0 0.765625
150.0 9.34375
151.0 5.21875
152.0 5.3359375
153.0 5.1640625
154.0 5.0859375
155.0 4.2421875
156.0 4.7265625
157.0 5.0859375
158.0 5.1953125
159.0 4.7109375
160.0 1.9453125
161.0 8.046875
162.0 5.015625
163.0 4.9765625
164.0 5.1875
165.0 5.3046875
166.0 5.0859375
167.0 5.109375
168.0 4.9296875
169.0 5.140625
170.0 5.3671875
171.0 5.1875
172.0 5.125
173.0 5.171875
174.0 5.1328125
175.0 5.3359375
176.0 5.15625
177.0 4.9296875
178.0 5.078125
179.0 4.9765625
180.0 5.0390625
181.0 5.453125
182.0 5.046875
183.0 4.515625
184.0 4.8125
185.0 2.96875
186.0 6.8671875
187.0 4.78125
188.0 4.3828125
189.0 2.3359375
190.0 6.9453125
191.0 5.015625
192.0 5.1953125
193.0 4.9765625
194.0 5.125
195.0 5.15625
196.0 5.171875
197.0 4.9921875
198.0 5.171875
199.0 5.2578125
200.0 5.21875
201.0 5.046875
202.0 4.359375
203.0 0.8984375
204.0 9.5703125
205.0 3.375
206.0 6.453125
207.0 4.6484375
208.0 4.8046875
209.0 4.7734375
210.0 4.953125
211.0 4.921875
212.0 4.6640625
213.0 4.7734375
214.0 4.9765625
215.0 4.828125
216.0 5.2578125
217.0 5.015625
218.0 4.921875
219.0 5.15625
220.0 5.5
221.0 5.5234375
222.0 5.2734375
223.0 5.28125
224.0 5.3515625
225.0 5.40625
226.0 5.3046875
227.0 5.3125
228.0 5.3359375
229.0 5.375
230.0 5.3046875
231.0 5.3515625
232.0 5.15625
233.0 5.109375
234.0 5.4609375
235.0 5.234375
236.0 3.3828125
237.0 7.515625
238.0 5.2890625
239.0 5.3984375
240.0 5.3125
241.0 5.28125
242.0 3.328125
243.0 7.734375
244.0 5.5625
245.0 5.4296875
246.0 5.78125
247.0 5.6796875
248.0 5.7109375
249.0 5.5859375
250.0 5.375
251.0 5.421875
252.0 5.546875
253.0 5.4296875
254.0 5.3515625
255.0 5.2890625
256.0 5.3203125
257.0 4.9765625
258.0 4.84375
259.0 4.8671875
260.0 5.0859375
261.0 5.125
262.0 5.1875
263.0 4.953125
264.0 4.921875
265.0 4.8671875
266.0 4.9765625
267.0 4.953125
268.0 5.078125
269.0 2.6328125
270.0 7.3984375
271.0 4.953125
272.0 4.6640625
273.0 2.265625
274.0 7.5546875
275.0 5.078125
276.0 5.1875
277.0 5.3046875
278.0 5.2265625
279.0 5.34375
280.0 5.421875
281.0 5.3046875
282.0 5.140625
283.0 5.078125
284.0 5.078125
285.0 5.28125
286.0 5.4609375
287.0 5.078125
288.0 5.3046875
289.0 5.25
290.0 3.5546875
291.0 6.8359375
292.0 5.1875
293.0 4.90625
294.0 4.515625
295.0 1.8984375
296.0 8.2578125
297.0 5.2265625
298.0 5.1953125
299.0 5.015625
300.0 4.9921875
301.0 5.0390625
302.0 5.1015625
303.0 4.6484375
304.0 3.296875
305.0 3.828125
306.0 5.1015625
307.0 5.0703125
308.0 5.875
309.0 5.25
310.0 5.2265625
311.0 5.171875
312.0 3.5
313.0 6.0625
314.0 5.1015625
315.0 5.140625
316.0 5.3125
317.0 5.3828125
318.0 5.0546875
319.0 5.1328125
320.0 5.2265625
321.0 5.4375
322.0 5.15625
323.0 4.5078125
324.0 3.4140625
325.0 5.9375
326.0 4.921875
327.0 5.0390625
328.0 5.15625
329.0 5.3046875
330.0 5.375
331.0 5.4375
332.0 5.3984375
333.0 5.4296875
334.0 5.453125
335.0 5.515625
336.0 5.5546875
337.0 5.1640625
338.0 1.328125
339.0 8.796875
340.0 4.9296875
341.0 5.0078125
342.0 2.7578125
343.0 7.5703125
344.0 5.3125
345.0 5.34375
346.0 5.34375
347.0 5.3046875
348.0 5.078125
349.0 5.4609375
350.0 5.3125
351.0 5.2578125
352.0 5.25
353.0 5.28125
354.0 4.78125
355.0 1.046875
356.0 8.59375
357.0 5.40625
358.0 2.390625
359.0 7.84375
360.0 5.171875
361.0 5.3046875
362.0 5.15625
363.0 5.2890625
364.0 5.2578125
365.0 5.25
366.0 5.3046875
367.0 5.375
368.0 5.3828125
369.0 5.140625
370.0 5.2578125
371.0 0.75
372.0 9.375
373.0 5.453125
374.0 5.140625
375.0 5.21875
376.0 5.3984375
377.0 5.2890625
378.0 4.984375
379.0 5.0703125
380.0 5.3515625
381.0 5.1875
382.0 5.3203125
383.0 5.1015625
384.0 2.90625
385.0 7.5234375
386.0 5.578125
387.0 5.40625
388.0 5.3125
389.0 2.546875
390.0 8.2734375
391.0 5.40625
392.0 5.1015625
393.0 4.9296875
394.0 4.7421875
395.0 5.3125
396.0 5.125
397.0 4.6953125
398.0 5.0703125
399.0 5.2890625
400.0 5.109375
401.0 5.234375
402.0 4.9609375
403.0 5.109375
404.0 4.828125
405.0 5.171875
406.0 5.171875
407.0 1.3203125
408.0 8.1953125
409.0 4.984375
410.0 4.6015625
411.0 2.8671875
412.0 6.8671875
413.0 4.796875
414.0 4.6953125
415.0 4.859375
416.0 4.859375
417.0 5.28125
418.0 5.546875
419.0 5.15625
420.0 5.0546875
421.0 5.3671875
422.0 5.140625
423.0 3.953125
424.0 2.546875
425.0 2.6953125
426.0 1.5625
427.0 3.296875
428.0 4.890625
429.0 4.796875
430.0 5.140625
431.0 5.40625
432.0 5.1328125
433.0 0.0
434.0 8.4609375
435.0 4.03125
436.0 5.609375
437.0 5.546875
438.0 5.6171875
439.0 5.40625
440.0 0.34375
441.0 10.4296875
442.0 5.0703125
443.0 5.1015625
444.0 2.3359375
445.0 8.3515625
446.0 5.4375
447.0 5.6640625
448.0 5.9609375
449.0 5.6796875
450.0 5.203125
451.0 5.234375
452.0 5.4921875
453.0 5.2265625
454.0 5.2265625
455.0 5.1015625
456.0 4.328125
457.0 5.890625
458.0 4.8671875
459.0 4.9765625
460.0 5.0078125
461.0 5.1015625
462.0 5.28125
463.0 5.2578125
464.0 5.234375
465.0 5.375
466.0 5.21875
467.0 5.375
468.0 5.21875
469.0 5.6953125
470.0 5.2734375
471.0 5.109375
472.0 5.25
473.0 0.578125
474.0 9.921875
475.0 5.2265625
476.0 5.4609375
477.0 5.25
478.0 5.28125
479.0 0.8203125
480.0 9.5234375
481.0 5.34375
482.0 5.0546875
483.0 5.3828125
484.0 5.140625
485.0 5.40625
486.0 5.46875
487.0 5.3125
488.0 5.3125
489.0 5.1015625
490.0 5.234375
491.0 5.28125
492.0 5.1640625
493.0 5.125
494.0 5.1875
495.0 5.125
496.0 4.9296875
497.0 5.0703125
498.0 4.9921875
499.0 5.125
500.0 4.9921875
501.0 5.0546875
502.0 5.0703125
503.0 5.1015625
504.0 5.078125
505.0 4.953125
506.0 5.046875
507.0 5.1640625
508.0 5.171875
509.0 5.25
510.0 5.125
511.0 5.15625
512.0 5.0703125
513.0 4.875
514.0 4.25
515.0 4.0859375
516.0 4.359375
517.0 3.3828125
518.0 5.9453125
519.0 4.953125
520.0 4.75
521.0 4.7265625
522.0 4.9609375
523.0 4.90625
524.0 4.46875
525.0 4.3359375
526.0 4.359375
527.0 4.8046875
528.0 5.0703125
529.0 4.9921875
530.0 2.984375
531.0 6.921875
532.0 4.4765625
533.0 4.71875
534.0 4.84375
535.0 3.21875
536.0 5.0703125
537.0 4.4296875
538.0 3.96875
539.0 3.53125
540.0 4.0625
541.0 4.421875
542.0 3.5
543.0 4.2734375
544.0 4.78125
545.0 5.1953125
546.0 5.0859375
547.0 5.078125
548.0 3.8828125
549.0 6.5078125
550.0 5.2578125
551.0 5.3125
552.0 5.3828125
553.0 4.46875
554.0 6.5078125
555.0 5.34375
556.0 5.421875
557.0 5.4921875
558.0 5.375
559.0 5.3359375
560.0 4.6484375
561.0 4.6015625
562.0 4.4140625
563.0 4.0703125
564.0 4.234375
565.0 1.7421875
566.0 8.34375
567.0 5.5234375
568.0 5.4375
569.0 5.3828125
570.0 5.21875
571.0 5.3203125
572.0 5.421875
573.0 5.0546875
574.0 5.2734375
575.0 5.1953125
576.0 5.2734375
577.0 5.53125
578.0 1.0546875
579.0 9.5078125
580.0 5.2578125
581.0 5.3359375
582.0 5.2265625
583.0 1.8046875
584.0 8.4921875
585.0 5.1640625
586.0 5.3359375
587.0 4.8046875
588.0 5.203125
589.0 4.3359375
590.0 4.625
591.0 5.3828125
592.0 5.25
593.0 5.078125
594.0 5.2578125
595.0 4.3671875
596.0 6.15625
597.0 5.078125
598.0 4.71875
599.0 4.796875
