0.0 6.15625
1.0 2.5390625
2.0 10.4453125
3.0 6.265625
4.0 6.390625
5.0 5.8515625
6.0 5.640625
7.0 2.359375
8.0 8.8203125
9.0 5.15625
10.0 4.234375
11.0 4.546875
12.0 5.7890625
13.0 5.8203125
14.0 6.0625
15.0 6.2421875
16.0 5.75
17.0 6.0078125
18.0 5.3203125
19.0 6.109375
20.0 5.890625
21.0 6.59375
22.0 6.03125
23.0 6.0859375
24.0 6.140625
25.0 6.9609375
26.0 6.7421875
27.0 5.9921875
28.0 6.2890625
29.0 5.8125
30.0 7.078125
31.0 6.4453125
32.0 6.0390625
33.0 4.796875
34.0 7.21875
35.0 6.1796875
36.0 5.875
37.0 5.703125
38.0 5.9921875
39.0 6.4375
40.0 6.8984375
41.0 6.6484375
42.0 6.8125
43.0 6.5703125
44.0 7.0390625
45.0 6.65625
46.0 6.359375
47.0 2.984375
48.0 9.4140625
49.0 6.6015625
50.0 6.2890625
51.0 6.515625
52.0 4.46875
53.0 8.390625
54.0 6.5
55.0 6.5625
56.0 3.859375
57.0 8.40625
58.0 6.0078125
59.0 5.671875
60.0 6.0859375
61.0 5.6484375
62.0 5.4375
63.0 6.515625
64.0 6.0078125
65.0 6.2578125
66.0 5.75
67.0 6.3046875
68.0 4.6953125
69.0 5.890625
70.0 6.296875
71.0 6.2421875
72.0 5.8515625
73.0 6.53125
74.0 4.5625
75.0 7.140625
76.0 6.140625
77.0 6.390625
78.0 6.453125
79.0 5.734375
80.0 4.578125
81.0 1.640625
82.0 10.03125
83.0 6.0546875
84.0 6.125
85.0 6.5390625
86.0 6.5546875
87.0 5.6953125
88.0 5.90625
89.0 6.2421875
90.0 6.1796875
91.0 5.9375
92.0 5.8828125
93.0 5.796875
94.0 6.2109375
95.0 6.6484375
96.0 5.796875
97.0 5.671875
98.0 5.828125
99.0 4.8984375
100.0 5.6640625
101.0 5.9921875
102.0 5.859375
103.0 6.75
104.0 5.90625
105.0 6.1796875
106.0 5.3515625
107.0 2.1875
108.0 9.484375
109.0 5.734375
110.0 3.9453125
111.0 4.9296875
112.0 5.84375
113.0 5.4609375
114.0 5.6328125
115.0 5.5
116.0 4.90625
117.0 5.234375
118.0 5.140625
119.0 5.2734375
120.0 5.1328125
121.0 5.578125
122.0 6.3359375
123.0 5.828125
124.0 6.5078125
125.0 5.203125
126.0 5.859375
127.0 6.125
128.0 4.6640625
129.0 5.34375
130.0 5.0078125
131.0 2.890625
132.0 6.40625
133.0 5.421875
134.0 3.6171875
135.0 2.953125
136.0 3.9140625
137.0 4.546875
138.0 5.21875
139.0 5.2890625
140.0 4.546875
141.0 2.8515625
142.0 4.921875
143.0 5.453125
144.0 6.46875
145.0 5.9296875
146.0 5.8125
147.0 5.6328125
148.0 6.2578125
149.0 6.46875
150.0 5.109375
151.0 4.5
152.0 4.4453125
153.0 5.578125
154.0 5.203125
155.0 5.4296875
156.0 5.5234375
157.0 4.984375
158.0 5.5859375
159.0 5.609375
160.0 6.0390625
161.0 5.609375
162.0 6.1484375
163.0 4.59375
164.0 2.1171875
165.0 6.953125
166.0 3.7265625
167.0 5.5
168.0 5.640625
169.0 5.7578125
170.0 5.78125
171.0 5.6171875
172.0 5.640625
173.0 5.6953125
174.0 5.4375
175.0 5.40625
176.0 5.453125
177.0 5.3046875
178.0 3.203125
179.0 7.2578125
180.0 5.1953125
181.0 5.2578125
182.0 5.703125
183.0 5.5
184.0 5.171875
185.0 3.796875
186.0 3.9453125
187.0 4.9296875
188.0 5.046875
189.0 4.921875
190.0 5.015625
191.0 4.78125
192.0 4.171875
193.0 5.25
194.0 5.2265625
195.0 5.3046875
196.0 2.015625
197.0 9.5546875
198.0 5.578125
199.0 4.3984375
200.0 6.2109375
201.0 5.9140625
202.0 4.171875
203.0 8.2578125
204.0 5.9375
205.0 5.796875
206.0 5.2734375
207.0 5.21875
208.0 5.5234375
209.0 4.3359375
210.0 5.78125
211.0 5.546875
212.0 5.5
213.0 2.8984375
214.0 1.96875
215.0 4.5390625
216.0 5.859375
217.0 5.53125
218.0 5.25
219.0 4.484375
220.0 4.484375
221.0 4.8984375
222.0 4.6953125
223.0 4.875
224.0 5.125
225.0 5.6484375
226.0 5.5625
227.0 5.0234375
228.0 5.0234375
229.0 4.2421875
230.0 2.9296875
231.0 4.984375
232.0 5.4609375
233.0 5.5234375
234.0 5.3984375
235.0 4.8359375
236.0 4.921875
237.0 5.28125
238.0 4.8984375
239.0 4.2734375
240.0 5.546875
241.0 4.6640625
242.0 5.28125
243.0 4.890625
244.0 4.7578125
245.0 5.0078125
246.0 4.6796875
247.0 5.140625
248.0 4.84375
249.0 5.796875
250.0 5.2734375
251.0 4.9296875
252.0 4.875
253.0 5.125
254.0 4.296875
255.0 0.3359375
256.0 8.8828125
257.0 4.7421875
258.0 4.8359375
259.0 3.0390625
260.0 7.21875
261.0 5.2734375
262.0 5.8203125
263.0 4.9453125
264.0 5.5546875
265.0 5.4375
266.0 4.6328125
267.0 4.09375
268.0 4.421875
269.0 5.5546875
270.0 5.3125
271.0 5.2734375
272.0 5.234375
273.0 5.25
274.0 5.375
275.0 5.421875
276.0 5.2734375
277.0 6.078125
278.0 6.09375
279.0 5.6484375
280.0 5.3828125
281.0 5.203125
282.0 5.2890625
283.0 2.9921875
284.0 7.5859375
285.0 5.6484375
286.0 5.2890625
287.0 5.3515625
288.0 5.2734375
289.0 2.1953125
290.0 8.203125
291.0 3.7421875
292.0 4.7734375
293.0 5.9140625
294.0 5.9296875
295.0 6.0078125
296.0 5.9296875
297.0 2.03125
298.0 6.6484375
299.0 3.3203125
300.0 1.703125
301.0 2.03125
302.0 3.4921875
303.0 4.3984375
304.0 2.265625
305.0 2.0703125
306.0 2.6953125
307.0 5.171875
308.0 5.8125
309.0 6.203125
310.0 6.953125
311.0 6.4375
312.0 6.40625
313.0 5.5234375
314.0 5.78125
315.0 6.3515625
316.0 6.1171875
317.0 6.3828125
318.0 5.640625
319.0 4.03125
320.0 5.3984375
321.0 6.859375
322.0 6.65625
323.0 6.734375
324.0 6.890625
325.0 6.8046875
326.0 6.921875
327.0 6.5625
328.0 6.9296875
329.0 7.1953125
330.0 6.6875
331.0 5.3828125
332.0 6.078125
333.0 5.3828125
334.0 5.4921875
335.0 6.515625
336.0 5.0390625
337.0 5.7578125
338.0 0.90625
339.0 4.6796875
340.0 3.921875
341.0 6.109375
342.0 6.15625
343.0 5.6796875
344.0 5.828125
345.0 4.90625
346.0 5.796875
347.0 5.5625
348.0 6.1796875
349.0 5.4609375
350.0 6.2265625
351.0 5.6015625
352.0 6.03125
353.0 6.625
354.0 6.0625
355.0 5.9765625
356.0 5.46875
357.0 5.2890625
358.0 5.0859375
359.0 5.875
360.0 5.8515625
361.0 5.078125
362.0 3.3828125
363.0 8.3125
364.0 5.671875
365.0 5.9921875
366.0 5.8515625
367.0 5.7265625
368.0 5.9921875
369.0 1.2578125
370.0 10.5234375
371.0 5.203125
372.0 5.5859375
373.0 5.609375
374.0 5.7265625
375.0 6.390625
376.0 6.2734375
377.0 6.0390625
378.0 5.890625
379.0 5.375
380.0 5.6953125
381.0 5.28125
382.0 5.609375
383.0 5.734375
384.0 5.765625
385.0 5.7578125
386.0 6.265625
387.0 5.515625
388.0 5.9765625
389.0 3.34375
390.0 1.7421875
391.0 0.8359375
392.0 1.3515625
393.0 1.984375
394.0 2.8203125
395.0 4.7421875
396.0 1.046875
397.0 10.6796875
398.0 5.9765625
399.0 6.0625
400.0 2.1484375
401.0 8.1484375
402.0 5.3828125
403.0 5.765625
404.0 6.03125
405.0 5.7578125
406.0 5.484375
407.0 5.40625
408.0 5.6484375
409.0 4.984375
410.0 5.7109375
411.0 5.640625
412.0 6.0625
413.0 3.4296875
414.0 6.0234375
415.0 5.890625
416.0 6.4140625
417.0 6.2578125
418.0 6.5078125
419.0 6.71875
420.0 5.5
421.0 4.390625
422.0 6.265625
423.0 5.6796875
424.0 6.4453125
425.0 7.3359375
426.0 7.1640625
427.0 6.265625
428.0 6.6328125
429.0 5.4921875
430.0 4.625
431.0 5.8203125
432.0 5.53125
433.0 3.8046875
434.0 7.03125
435.0 5.2734375
436.0 5.46875
437.0 5.34375
438.0 5.2265625
439.0 5.453125
440.0 5.3671875
441.0 5.21875
442.0 5.734375
443.0 5.8125
444.0 5.15625
445.0 5.0703125
446.0 5.6640625
447.0 3.265625
448.0 8.359375
449.0 5.578125
450.0 5.5234375
451.0 5.421875
452.0 2.1015625
453.0 9.296875
454.0 5.3203125
455.0 5.40625
456.0 5.28125
457.0 5.6953125
458.0 5.1875
459.0 6.078125
460.0 6.4375
461.0 6.65625
462.0 6.65625
463.0 6.296875
464.0 5.53125
465.0 4.9921875
466.0 6.6171875
467.0 6.09375
468.0 6.6328125
469.0 5.703125
470.0 6.03125
471.0 5.3359375
472.0 7.1328125
473.0 6.265625
474.0 4.78125
475.0 5.34375
476.0 5.78125
477.0 5.2890625
478.0 5.421875
479.0 6.09375
480.0 4.8359375
481.0 5.53125
482.0 4.9296875
483.0 5.375
484.0 4.890625
485.0 6.0859375
486.0 5.375
487.0 4.4765625
488.0 5.0078125
489.0 4.828125
490.0 5.28125
491.0 5.578125
492.0 5.140625
493.0 5.078125
494.0 5.140625
495.0 4.9296875
496.0 1.34375
497.0 9.1640625
498.0 5.9921875
499.0 5.7109375
500.0 5.3671875
501.0 6.1171875
502.0 6.40625
503.0 6.296875
504.0 6.5703125
505.0 6.3671875
506.0 6.1171875
507.0 5.859375
508.0 6.0625
509.0 4.1015625
510.0 3.96875
511.0 5.6171875
512.0 5.671875
513.0 2.9296875
514.0 10.0234375
515.0 6.40625
516.0 6.59375
517.0 6.53125
518.0 5.9375
519.0 6.15625
520.0 5.9296875
521.0 6.859375
522.0 6.5390625
523.0 4.6953125
524.0 5.7890625
525.0 5.96875
526.0 5.96875
527.0 5.9375
528.0 5.0859375
529.0 1.46875
530.0 8.984375
531.0 2.9609375
532.0 2.234375
533.0 3.796875
534.0 5.515625
535.0 5.3046875
536.0 6.390625
537.0 4.0
538.0 0.9375
539.0 8.5078125
540.0 3.5
541.0 0.90625
542.0 1.5390625
543.0 1.0234375
544.0 1.609375
545.0 2.1484375
546.0 2.015625
547.0 1.421875
548.0 2.4453125
549.0 1.0859375
550.0 0.328125
551.0 0.0
552.0 0.0
553.0 6.625
554.0 3.0390625
555.0 2.6953125
556.0 2.59375
557.0 4.9921875
558.0 5.78125
559.0 5.6953125
560.0 5.015625
561.0 5.53125
562.0 4.7421875
563.0 4.5703125
564.0 4.4453125
565.0 5.125
566.0 0.6953125
567.0 0.0
568.0 7.1015625
569.0 5.6796875
570.0 5.78125
571.0 5.5546875
572.0 5.4296875
573.0 2.8125
574.0 8.34375
575.0 5.3671875
576.0 5.2734375
577.0 5.9609375
578.0 5.6640625
579.0 5.2265625
580.0 4.796875
581.0 5.1328125
582.0 5.40625
583.0 5.203125
584.0 4.9296875
585.0 5.5
586.0 4.8984375
587.0 1.1328125
588.0 8.6015625
589.0 4.125
590.0 5.703125
591.0 6.109375
592.0 4.7109375
593.0 5.0859375
594.0 5.4296875
595.0 5.4375
596.0 5.3046875
597.0 5.6796875
598.0 5.34375
599.0 4.7421875
