0.0 4.6953125
1.0 5.4921875
2.0 4.7265625
3.0 4.8984375
4.0 4.5390625
5.0 4.65625
6.0 4.796875
7.0 4.9453125
8.0 4.9296875
9.0 4.859375
10.0 4.796875
11.0 4.8125
12.0 4.9453125
13.0 4.8984375
14.0 0.2421875
15.0 9.28125
16.0 4.8046875
17.0 4.875
18.0 4.515625
19.0 4.6328125
20.0 0.390625
21.0 9.34375
22.0 4.8125
23.0 4.890625
24.0 4.8984375
25.0 5.0703125
26.0 4.859375
27.0 4.75
28.0 4.7734375
29.0 4.6796875
30.0 4.75
31.0 4.609375
32.0 3.4453125
33.0 6.2109375
34.0 4.7109375
35.0 4.8359375
36.0 4.7109375
37.0 4.6875
38.0 5.0234375
39.0 4.609375
40.0 5.25
41.0 4.9765625
42.0 5.0234375
43.0 5.046875
44.0 5.1015625
45.0 4.453125
46.0 5.3046875
47.0 4.6484375
48.0 4.7265625
49.0 4.78125
50.0 4.609375
51.0 4.8359375
52.0 4.890625
53.0 4.7421875
54.0 4.84375
55.0 4.6328125
56.0 5.1875
57.0 4.90625
58.0 4.796875
59.0 4.78125
60.0 4.890625
61.0 4.6875
62.0 4.7578125
63.0 4.875
64.0 4.953125
65.0 4.796875
66.0 4.7734375
67.0 4.84375
68.0 4.875
69.0 4.6796875
70.0 4.6640625
71.0 0.0
72.0 9.8984375
73.0 4.6953125
74.0 4.8984375
75.0 4.921875
76.0 4.7734375
77.0 2.1328125
78.0 5.7265625
79.0 6.5625
80.0 5.0234375
81.0 4.8671875
82.0 4.9921875
83.0 4.9296875
84.0 4.8359375
85.0 4.875
86.0 4.9921875
87.0 4.9765625
88.0 4.90625
89.0 4.90625
90.0 4.859375
91.0 4.84375
92.0 1.171875
93.0 8.40625
94.0 3.7734375
95.0 3.9453125
96.0 6.9453125
97.0 4.71875
98.0 4.7578125
99.0 4.359375
100.0 4.2109375
101.0 4.46875
102.0 4.5703125
103.0 4.921875
104.0 4.6796875
105.0 4.6015625
106.0 4.609375
107.0 4.78125
108.0 4.6875
109.0 4.71875
110.0 4.7265625
111.0 4.9921875
112.0 4.9765625
113.0 4.8984375
114.0 4.625
115.0 4.8984375
116.0 1.5390625
117.0 8.4609375
118.0 5.046875
119.0 5.1875
120.0 5.1953125
121.0 0.609375
122.0 9.6953125
123.0 4.9609375
124.0 2.1328125
125.0 7.9140625
126.0 5.2578125
127.0 4.984375
128.0 4.984375
129.0 4.71875
130.0 4.8984375
131.0 5.0703125
132.0 4.953125
133.0 5.0546875
134.0 5.015625
135.0 4.578125
136.0 5.609375
137.0 2.375
138.0 7.7890625
139.0 5.125
140.0 4.9765625
141.0 5.234375
142.0 5.015625
143.0 4.75
144.0 4.7734375
145.0 4.5390625
146.0 4.484375
147.0 4.5390625
148.0 4.7578125
149.0 4.8046875
150.0 4.7734375
151.0 3.6796875
152.0 5.9375
153.0 4.859375
154.0 4.875
155.0 4.796875
156.0 4.625
157.0 4.578125
158.0 2.25
159.0 7.6640625
160.0 5.25
161.0 4.6640625
162.0 6.2890625
163.0 5.375
164.0 2.515625
165.0 8.1953125
166.0 5.171875
167.0 5.3046875
168.0 5.1640625
169.0 5.3671875
170.0 5.609375
171.0 5.546875
172.0 5.21875
173.0 4.59375
174.0 5.671875
175.0 5.0703125
176.0 5.0546875
177.0 5.125
178.0 4.7578125
179.0 5.046875
180.0 4.9296875
181.0 4.6484375
182.0 4.359375
183.0 4.546875
184.0 4.5703125
185.0 4.6640625
186.0 4.6640625
187.0 4.6640625
188.0 1.5390625
189.0 7.4375
190.0 4.59375
191.0 4.3046875
192.0 2.8671875
193.0 6.7109375
194.0 4.453125
195.0 4.46875
196.0 4.7109375
197.0 4.5625
198.0 4.5
199.0 4.6796875
200.0 4.828125
201.0 4.828125
202.0 4.984375
203.0 4.8984375
204.0 5.109375
205.0 4.9296875
206.0 2.78125
207.0 7.4609375
208.0 4.890625
209.0 5.1953125
210.0 5.015625
211.0 5.046875
212.0 1.265625
213.0 8.6484375
214.0 5.1953125
215.0 5.0859375
216.0 4.859375
217.0 4.625
218.0 5.578125
219.0 5.3515625
220.0 5.28125
221.0 5.078125
222.0 5.0859375
223.0 5.21875
224.0 5.1875
225.0 5.0546875
226.0 5.171875
227.0 5.0546875
228.0 5.3828125
229.0 5.0859375
230.0 5.078125
231.0 4.9921875
232.0 5.046875
233.0 5.125
234.0 1.859375
235.0 8.6796875
236.0 5.3046875
237.0 5.0703125
238.0 5.0546875
239.0 4.8984375
240.0 4.859375
241.0 5.2265625
242.0 4.953125
243.0 5.0390625
244.0 5.1953125
245.0 5.046875
246.0 5.0703125
247.0 4.6796875
248.0 3.25
249.0 5.9375
250.0 4.6484375
251.0 4.6796875
252.0 4.9609375
253.0 5.046875
254.0 4.8125
255.0 0.78125
256.0 8.5859375
257.0 4.4140625
258.0 4.421875
259.0 4.5703125
260.0 4.6015625
261.0 4.7734375
262.0 4.6640625
263.0 4.890625
264.0 4.9453125
265.0 4.9296875
266.0 4.78125
267.0 4.5703125
268.0 4.6875
269.0 4.8671875
270.0 4.890625
271.0 4.90625
272.0 4.6796875
273.0 4.796875
274.0 4.953125
275.0 2.1953125
276.0 7.703125
277.0 4.796875
278.0 4.7578125
279.0 1.140625
280.0 8.7109375
281.0 4.8359375
282.0 4.953125
283.0 5.015625
284.0 5.1640625
285.0 5.1328125
286.0 4.984375
287.0 5.1015625
288.0 4.9765625
289.0 4.7109375
290.0 3.796875
291.0 5.8515625
292.0 4.8671875
293.0 4.890625
294.0 4.890625
295.0 4.90625
296.0 3.7265625
297.0 6.0625
298.0 4.9609375
299.0 4.90625
300.0 5.234375
301.0 5.3125
302.0 3.140625
303.0 6.765625
304.0 4.875
305.0 4.984375
306.0 4.921875
307.0 4.984375
308.0 5.0078125
309.0 5.3359375
310.0 5.3125
311.0 5.2265625
312.0 5.171875
313.0 5.15625
314.0 5.046875
315.0 5.015625
316.0 5.15625
317.0 5.1875
318.0 5.2265625
319.0 5.0078125
320.0 4.6875
321.0 4.859375
322.0 5.0546875
323.0 5.1015625
324.0 5.0859375
325.0 5.109375
326.0 5.171875
327.0 1.828125
328.0 8.2890625
329.0 4.8984375
330.0 5.046875
331.0 4.6796875
332.0 5.234375
333.0 4.75
334.0 4.3359375
335.0 3.1484375
336.0 5.1015625
337.0 4.7421875
338.0 5.171875
339.0 4.9765625
340.0 4.875
341.0 4.9765625
342.0 5.171875
343.0 4.7421875
344.0 4.9296875
345.0 5.1015625
346.0 5.0546875
347.0 5.1015625
348.0 5.0546875
349.0 4.828125
350.0 5.203125
351.0 5.0703125
352.0 4.828125
353.0 2.8671875
354.0 7.21875
355.0 5.0546875
356.0 4.6875
357.0 4.71875
358.0 4.65625
359.0 1.609375
360.0 8.2578125
361.0 4.4296875
362.0 4.90625
363.0 4.875
364.0 2.328125
365.0 7.375
366.0 4.921875
367.0 4.8984375
368.0 5.0859375
369.0 5.046875
370.0 4.7421875
371.0 4.71875
372.0 4.75
373.0 5.0390625
374.0 4.9921875
375.0 5.0703125
376.0 5.125
377.0 5.0078125
378.0 3.1484375
379.0 7.25
380.0 4.8359375
381.0 4.921875
382.0 4.9921875
383.0 3.3671875
384.0 6.9765625
385.0 5.28125
386.0 5.109375
387.0 5.203125
388.0 4.859375
389.0 5.0546875
390.0 4.8671875
391.0 4.921875
392.0 4.8359375
393.0 4.7265625
394.0 5.109375
395.0 5.2734375
396.0 5.0078125
397.0 0.1015625
398.0 9.484375
399.0 4.6328125
400.0 4.625
401.0 4.90625
402.0 3.5234375
403.0 5.84375
404.0 5.1015625
405.0 4.859375
406.0 4.7578125
407.0 5.25
408.0 4.984375
409.0 5.3046875
410.0 5.0546875
411.0 5.1328125
412.0 4.9453125
413.0 4.9765625
414.0 4.90625
415.0 3.59375
416.0 6.6171875
417.0 5.3046875
418.0 4.8671875
419.0 2.5625
420.0 6.9921875
421.0 4.78125
422.0 5.25
423.0 5.15625
424.0 5.3984375
425.0 5.109375
426.0 5.21875
427.0 4.8046875
428.0 4.546875
429.0 4.484375
430.0 4.828125
431.0 4.71875
432.0 4.3046875
433.0 5.3203125
434.0 4.9765625
435.0 4.65625
436.0 4.84375
437.0 4.84375
438.0 4.625
439.0 0.5078125
440.0 9.1484375
441.0 4.546875
442.0 5.1328125
443.0 4.78125
444.0 4.828125
445.0 4.4296875
446.0 4.90625
447.0 4.71875
448.0 4.796875
449.0 4.6328125
450.0 4.953125
451.0 4.6015625
452.0 5.46875
453.0 5.203125
454.0 5.0234375
455.0 5.1875
456.0 5.15625
457.0 5.453125
458.0 5.1640625
459.0 5.140625
460.0 4.8359375
461.0 5.0703125
462.0 4.8671875
463.0 4.921875
464.0 5.046875
465.0 5.2265625
466.0 4.2421875
467.0 0.875
468.0 0.0
469.0 15.1484375
470.0 4.0
471.0 5.484375
472.0 5.0390625
473.0 5.2734375
474.0 1.28125
475.0 9.1015625
476.0 4.9296875
477.0 4.953125
478.0 4.796875
479.0 5.203125
480.0 5.0859375
481.0 5.1015625
482.0 4.9921875
483.0 5.078125
484.0 5.0859375
485.0 5.0859375
486.0 4.546875
487.0 6.125
488.0 5.0234375
489.0 5.3359375
490.0 5.109375
491.0 5.375
492.0 1.3828125
493.0 9.453125
494.0 5.0703125
495.0 4.9765625
496.0 4.9609375
497.0 5.203125
498.0 5.125
499.0 5.234375
500.0 5.34375
501.0 5.1015625
502.0 5.171875
503.0 5.203125
504.0 5.0078125
505.0 0.4609375
506.0 9.953125
507.0 5.0703125
508.0 5.171875
509.0 5.140625
510.0 1.359375
511.0 8.640625
512.0 5.3984375
513.0 5.171875
514.0 5.21875
515.0 5.2578125
516.0 5.53125
517.0 5.3671875
518.0 5.109375
519.0 5.3515625
520.0 5.421875
521.0 5.0859375
522.0 4.5390625
523.0 5.9765625
524.0 5.234375
525.0 5.171875
526.0 5.140625
527.0 4.59375
528.0 5.5859375
529.0 5.2890625
530.0 5.25
531.0 5.1640625
532.0 5.2578125
533.0 4.8671875
534.0 4.9453125
535.0 5.1953125
536.0 5.0078125
537.0 5.0546875
538.0 1.2890625
539.0 9.1171875
540.0 5.21875
541.0 5.171875
542.0 5.40625
543.0 4.9765625
544.0 4.8984375
545.0 4.8671875
546.0 4.9765625
547.0 4.84375
548.0 5.0078125
549.0 5.15625
550.0 5.1875
551.0 0.546875
552.0 9.5078125
553.0 5.125
554.0 5.0234375
555.0 5.1328125
556.0 2.4453125
557.0 7.78125
558.0 5.1953125
559.0 5.171875
560.0 5.0546875
561.0 5.234375
562.0 5.2890625
563.0 5.203125
564.0 5.1875
565.0 5.0546875
566.0 5.5546875
567.0 5.3203125
568.0 4.984375
569.0 5.0390625
570.0 5.0390625
571.0 4.828125
572.0 5.3828125
573.0 4.65625
574.0 5.484375
575.0 5.2578125
576.0 5.0390625
577.0 4.90625
578.0 4.921875
579.0 5.15625
580.0 5.2578125
581.0 5.0390625
582.0 4.9609375
583.0 5.0859375
584.0 4.875
585.0 4.921875
586.0 5.0078125
587.0 4.296875
588.0 5.9375
589.0 4.9609375
590.0 5.15625
591.0 5.3203125
592.0 4.203125
593.0 6.359375
594.0 5.015625
595.0 5.15625
596.0 5.046875
597.0 5.2578125
598.0 5.2578125
599.0 5.046875
