0.0 4.859375
1.0 4.3203125
2.0 3.828125
3.0 4.578125
4.0 4.3046875
5.0 2.671875
6.0 5.84375
7.0 4.171875
8.0 4.0
9.0 4.515625
10.0 4.46875
11.0 3.7265625
12.0 0.2265625
13.0 7.515625
14.0 4.1015625
15.0 3.53125
16.0 3.4375
17.0 3.2578125
18.0 4.1484375
19.0 4.3203125
20.0 5.1015625
21.0 4.84375
22.0 5.5
23.0 4.828125
24.0 6.3671875
25.0 5.1328125
26.0 4.921875
27.0 4.453125
28.0 3.8046875
29.0 5.6015625
30.0 5.6328125
31.0 4.875
32.0 1.4609375
33.0 7.5078125
34.0 6.203125
35.0 6.203125
36.0 6.1484375
37.0 5.90625
38.0 5.828125
39.0 5.0234375
40.0 5.2734375
41.0 4.9609375
42.0 3.265625
43.0 5.453125
44.0 6.7421875
45.0 5.0703125
46.0 5.1875
47.0 4.984375
48.0 4.859375
49.0 4.984375
50.0 4.0859375
51.0 2.96875
52.0 3.296875
53.0 2.8125
54.0 5.765625
55.0 4.859375
56.0 4.78125
57.0 4.71875
58.0 3.9140625
59.0 3.1796875
60.0 5.5625
61.0 4.3359375
62.0 4.3828125
63.0 4.2734375
64.0 1.984375
65.0 3.0
66.0 4.7109375
67.0 4.1796875
68.0 3.2578125
69.0 2.5234375
70.0 2.7421875
71.0 3.296875
72.0 3.078125
73.0 1.59375
74.0 5.484375
75.0 3.8828125
76.0 4.28125
77.0 3.953125
78.0 3.8828125
79.0 3.9453125
80.0 4.234375
81.0 3.1171875
82.0 5.6953125
83.0 4.75
84.0 4.5390625
85.0 4.5625
86.0 4.796875
87.0 1.71875
88.0 0.5390625
89.0 1.2421875
90.0 3.5625
91.0 3.9765625
92.0 4.4765625
93.0 4.609375
94.0 2.546875
95.0 0.3671875
96.0 0.2890625
97.0 9.3671875
98.0 5.25
99.0 5.3359375
100.0 4.875
101.0 5.0390625
102.0 4.171875
103.0 0.984375
104.0 0.0
105.0 7.15625
106.0 3.375
107.0 1.953125
108.0 4.03125
109.0 5.1640625
110.0 5.2890625
111.0 5.046875
112.0 5.34375
113.0 5.125
114.0 5.1015625
115.0 5.25
116.0 4.2421875
117.0 4.2109375
118.0 0.125
119.0 9.6953125
120.0 5.078125
121.0 5.421875
122.0 5.234375
123.0 5.421875
124.0 5.0234375
125.0 3.0
126.0 7.7578125
127.0 4.125
128.0 2.6328125
129.0 2.9375
130.0 4.6796875
131.0 4.90625
132.0 4.65625
133.0 3.9921875
134.0 4.4140625
135.0 4.3359375
136.0 4.453125
137.0 5.203125
138.0 4.625
139.0 0.7578125
140.0 8.6875
141.0 4.3828125
142.0 4.5390625
143.0 4.46875
144.0 3.84375
145.0 6.5546875
146.0 4.75
147.0 4.859375
148.0 4.328125
149.0 4.484375
150.0 4.4453125
151.0 4.859375
152.0 4.84375
153.0 4.9453125
154.0 5.0234375
155.0 5.1328125
156.0 4.90625
157.0 0.0
158.0 5.3203125
159.0 0.0
160.0 2.375
161.0 0.0
162.0 0.1015625
163.0 0.40625
164.0 0.578125
165.0 0.9296875
166.0 1.34375
167.0 2.65625
168.0 3.890625
169.0 5.1640625
170.0 5.1640625
171.0 4.578125
172.0 4.71875
173.0 3.9140625
174.0 4.1171875
175.0 0.609375
176.0 6.5625
177.0 3.8828125
178.0 5.3046875
179.0 5.078125
180.0 5.0078125
181.0 4.359375
182.0 0.75
183.0 6.6875
184.0 4.3203125
185.0 4.6875
186.0 4.828125
187.0 5.5
188.0 5.578125
189.0 5.84375
190.0 5.6015625
191.0 4.8046875
192.0 5.4296875
193.0 5.2734375
194.0 5.0390625
195.0 4.953125
196.0 5.5
197.0 5.546875
198.0 5.7265625
199.0 4.0390625
200.0 6.7109375
201.0 4.8359375
202.0 4.828125
203.0 4.9921875
204.0 5.3671875
205.0 5.3515625
206.0 5.3203125
207.0 4.6484375
208.0 4.78125
209.0 4.796875
210.0 3.3515625
211.0 3.8828125
212.0 3.609375
213.0 3.9453125
214.0 0.0
215.0 8.921875
216.0 4.8984375
217.0 3.7421875
218.0 0.0
219.0 6.5703125
220.0 1.0625
221.0 4.0546875
222.0 4.6640625
223.0 4.2109375
224.0 4.7109375
225.0 4.7734375
226.0 4.6796875
227.0 4.578125
228.0 4.8671875
229.0 4.609375
230.0 0.734375
231.0 8.859375
232.0 4.421875
233.0 2.7109375
234.0 6.09375
235.0 4.5
236.0 4.828125
237.0 4.3515625
238.0 4.1171875
239.0 4.28125
240.0 3.9765625
241.0 4.9453125
242.0 5.125
243.0 4.6875
244.0 4.9765625
245.0 5.21875
246.0 5.109375
247.0 1.4609375
248.0 8.1171875
249.0 4.578125
250.0 4.3359375
251.0 4.875
252.0 4.5625
253.0 2.1875
254.0 7.046875
255.0 4.15625
256.0 3.703125
257.0 4.1171875
258.0 4.71875
259.0 4.625
260.0 5.1328125
261.0 4.53125
262.0 5.3046875
263.0 2.3125
264.0 0.0
265.0 6.5078125
266.0 1.4765625
267.0 2.8515625
268.0 3.34375
269.0 4.9453125
270.0 5.140625
271.0 4.7265625
272.0 5.046875
273.0 5.703125
274.0 5.5
275.0 4.984375
276.0 1.9453125
277.0 8.46875
278.0 5.828125
279.0 4.625
280.0 7.0078125
281.0 5.453125
282.0 5.7109375
283.0 5.375
284.0 5.203125
285.0 5.4609375
286.0 5.6953125
287.0 5.6171875
288.0 5.0859375
289.0 5.3203125
290.0 5.546875
291.0 4.859375
292.0 5.0234375
293.0 0.7890625
294.0 10.109375
295.0 5.578125
296.0 5.375
297.0 5.703125
298.0 1.0859375
299.0 9.7421875
300.0 5.421875
301.0 5.5546875
302.0 4.7265625
303.0 5.125
304.0 5.4375
305.0 4.6953125
306.0 4.5
307.0 4.546875
308.0 4.4765625
309.0 6.2265625
310.0 6.2421875
311.0 4.8671875
312.0 6.4453125
313.0 5.671875
314.0 5.6171875
315.0 5.3984375
316.0 5.7265625
317.0 5.3671875
318.0 4.921875
319.0 6.0078125
320.0 5.4375
321.0 5.609375
322.0 5.2578125
323.0 3.9765625
324.0 4.421875
325.0 5.796875
326.0 5.875
327.0 3.21875
328.0 6.734375
329.0 5.609375
330.0 6.5
331.0 4.8125
332.0 8.171875
333.0 6.3828125
334.0 5.5625
335.0 3.9140625
336.0 4.3046875
337.0 5.90625
338.0 4.5703125
339.0 3.6953125
340.0 7.125
341.0 5.0546875
342.0 5.2265625
343.0 5.3515625
344.0 5.6171875
345.0 5.3515625
346.0 2.1171875
347.0 9.4296875
348.0 6.453125
349.0 5.9765625
350.0 6.2265625
351.0 4.421875
352.0 3.7109375
353.0 5.5
354.0 5.7890625
355.0 6.15625
356.0 5.40625
357.0 6.0859375
358.0 6.0390625
359.0 5.7109375
360.0 4.234375
361.0 6.265625
362.0 5.765625
363.0 4.8046875
364.0 3.1640625
365.0 8.1640625
366.0 5.5
367.0 4.53125
368.0 5.3203125
369.0 6.2109375
370.0 6.234375
371.0 6.125
372.0 5.6015625
373.0 4.7109375
374.0 5.640625
375.0 5.6796875
376.0 5.53125
377.0 5.0859375
378.0 0.6171875
379.0 8.0546875
380.0 5.15625
381.0 5.15625
382.0 4.3203125
383.0 6.484375
384.0 5.0859375
385.0 5.578125
386.0 5.6171875
387.0 5.3203125
388.0 5.3046875
389.0 5.421875
390.0 5.4296875
391.0 3.4296875
392.0 6.40625
393.0 4.9765625
394.0 5.3203125
395.0 5.125
396.0 5.015625
397.0 4.9453125
398.0 3.5625
399.0 6.9296875
400.0 5.046875
401.0 5.1640625
402.0 5.484375
403.0 5.2734375
404.0 5.6015625
405.0 5.859375
406.0 5.5546875
407.0 5.6953125
408.0 5.1953125
409.0 2.3125
410.0 0.0
411.0 9.3984375
412.0 5.84375
413.0 6.328125
414.0 5.796875
415.0 4.328125
416.0 7.34375
417.0 5.9296875
418.0 5.8828125
419.0 6.0625
420.0 6.4375
421.0 5.9765625
422.0 5.78125
423.0 4.6015625
424.0 8.03125
425.0 6.2890625
426.0 5.6484375
427.0 5.6484375
428.0 1.828125
429.0 2.421875
430.0 4.9453125
431.0 4.8671875
432.0 5.890625
433.0 5.1015625
434.0 5.703125
435.0 5.90625
436.0 5.703125
437.0 5.890625
438.0 4.296875
439.0 7.1875
440.0 5.796875
441.0 5.75
442.0 5.734375
443.0 6.09375
444.0 5.1640625
445.0 2.8984375
446.0 8.0546875
447.0 6.1484375
448.0 4.8359375
449.0 4.7265625
450.0 5.3984375
451.0 5.484375
452.0 5.6953125
453.0 5.9921875
454.0 5.46875
455.0 5.4375
456.0 5.40625
457.0 3.3515625
458.0 6.9765625
459.0 2.3046875
460.0 1.1953125
461.0 2.71875
462.0 5.421875
463.0 5.0859375
464.0 6.6875
465.0 5.890625
466.0 5.6015625
467.0 5.484375
468.0 5.7890625
469.0 6.15625
470.0 5.3046875
471.0 5.2734375
472.0 5.3203125
473.0 5.8828125
474.0 5.84375
475.0 4.78125
476.0 6.203125
477.0 1.765625
478.0 4.0703125
479.0 5.3203125
480.0 5.8125
481.0 6.125
482.0 6.3203125
483.0 5.90625
484.0 6.125
485.0 6.0078125
486.0 5.25
487.0 6.4453125
488.0 5.9609375
489.0 6.0234375
490.0 6.2578125
491.0 6.09375
492.0 5.9375
493.0 5.7109375
494.0 5.546875
495.0 6.4453125
496.0 6.421875
497.0 6.984375
498.0 6.71875
499.0 6.6171875
500.0 6.5
501.0 6.328125
502.0 5.890625
503.0 3.84375
504.0 8.96875
505.0 6.6015625
506.0 7.3671875
507.0 6.8046875
508.0 6.6484375
509.0 6.5859375
510.0 6.4453125
511.0 2.515625
512.0 7.96875
513.0 5.4609375
514.0 5.96875
515.0 5.7578125
516.0 5.234375
517.0 5.375
518.0 5.34375
519.0 5.8515625
520.0 5.6171875
521.0 5.4921875
522.0 4.9921875
523.0 5.1875
524.0 5.203125
525.0 0.2109375
526.0 9.78125
527.0 5.765625
528.0 4.90625
529.0 2.625
530.0 5.9140625
531.0 4.5390625
532.0 4.7109375
533.0 3.515625
534.0 4.171875
535.0 5.40625
536.0 5.578125
537.0 5.640625
538.0 5.3125
539.0 5.15625
540.0 5.171875
541.0 4.953125
542.0 3.9921875
543.0 6.6796875
544.0 5.53125
545.0 3.6796875
546.0 6.4453125
547.0 6.703125
548.0 5.5546875
549.0 4.1015625
550.0 7.21875
551.0 5.28125
552.0 4.9921875
553.0 4.7265625
554.0 4.1328125
555.0 4.6953125
556.0 4.3515625
557.0 4.0390625
558.0 3.9453125
559.0 3.5
560.0 4.484375
561.0 3.640625
562.0 2.6328125
563.0 1.671875
564.0 0.0
565.0 5.640625
566.0 4.0625
567.0 4.09375
568.0 3.34375
569.0 3.25
570.0 3.5625
571.0 5.2578125
572.0 4.6953125
573.0 4.890625
574.0 3.7734375
575.0 2.4609375
576.0 5.3984375
577.0 3.9140625
578.0 2.8359375
579.0 3.53125
580.0 5.4375
581.0 5.46875
582.0 5.15625
583.0 5.0078125
584.0 4.859375
585.0 2.4296875
586.0 0.453125
587.0 5.1328125
588.0 2.1796875
589.0 1.9453125
590.0 4.5
591.0 3.375
592.0 3.59375
593.0 4.75
594.0 4.3828125
595.0 4.1015625
596.0 3.703125
597.0 3.65625
598.0 1.8046875
599.0 0.0
