0.0 5.3671875
1.0 5.234375
2.0 5.2578125
3.0 5.3203125
4.0 5.28125
5.0 5.53125
6.0 5.234375
7.0 5.1875
8.0 5.2578125
9.0 4.234375
10.0 5.2578125
11.0 5.3046875
12.0 5.3515625
13.0 5.34375
14.0 5.2265625
15.0 5.3359375
16.0 5.15625
17.0 5.484375
18.0 5.2734375
19.0 5.34375
20.0 5.3046875
21.0 5.0859375
22.0 4.859375
23.0 4.6484375
24.0 3.046875
25.0 4.484375
26.0 4.59375
27.0 5.2890625
28.0 5.1640625
29.0 5.453125
30.0 0.5546875
31.0 10.59375
32.0 5.34375
33.0 5.46875
34.0 5.484375
35.0 5.1328125
36.0 4.3984375
37.0 5.3359375
38.0 5.46875
39.0 5.46875
40.0 5.6796875
41.0 5.796875
42.0 5.8125
43.0 5.3125
44.0 5.5
45.0 5.6328125
46.0 5.6796875
47.0 1.5625
48.0 9.4921875
49.0 5.578125
50.0 5.578125
51.0 5.3828125
52.0 5.46875
53.0 5.4296875
54.0 5.5625
55.0 5.46875
56.0 5.546875
57.0 5.546875
58.0 5.734375
59.0 5.671875
60.0 5.6171875
61.0 5.6640625
62.0 5.765625
63.0 3.21875
64.0 8.0625
65.0 5.6484375
66.0 5.4609375
67.0 5.421875
68.0 5.2265625
69.0 4.921875
70.0 6.03125
71.0 5.46875
72.0 5.421875
73.0 5.4921875
74.0 5.453125
75.0 5.515625
76.0 5.3125
77.0 5.3359375
78.0 5.515625
79.0 5.5234375
80.0 4.828125
81.0 6.109375
82.0 5.234375
83.0 5.203125
84.0 5.3203125
85.0 5.5234375
86.0 5.609375
87.0 5.765625
88.0 5.546875
89.0 5.53125
90.0 5.5546875
91.0 5.515625
92.0 5.6328125
93.0 5.6640625
94.0 2.578125
95.0 8.5859375
96.0 5.546875
97.0 5.4609375
98.0 5.6328125
99.0 4.84375
100.0 4.9921875
101.0 5.25
102.0 5.3125
103.0 5.7109375
104.0 5.8125
105.0 5.7890625
106.0 5.2890625
107.0 5.453125
108.0 5.1953125
109.0 4.9453125
110.0 0.0
111.0 10.296875
112.0 5.421875
113.0 5.3359375
114.0 1.2421875
115.0 10.140625
116.0 5.765625
117.0 5.46875
118.0 5.1953125
119.0 5.2578125
120.0 5.28125
121.0 5.546875
122.0 5.2890625
123.0 5.546875
124.0 5.4609375
125.0 5.3984375
126.0 4.921875
127.0 0.1328125
128.0 8.953125
129.0 5.203125
130.0 5.234375
131.0 5.015625
132.0 4.921875
133.0 0.7578125
134.0 8.8671875
135.0 4.8984375
136.0 5.0390625
137.0 4.5
138.0 4.171875
139.0 4.921875
140.0 5.2890625
141.0 5.34375
142.0 5.3125
143.0 5.3515625
144.0 5.0078125
145.0 1.203125
146.0 9.078125
147.0 4.8046875
148.0 5.109375
149.0 5.0390625
150.0 2.8046875
151.0 6.109375
152.0 4.171875
153.0 4.7578125
154.0 5.1015625
155.0 4.7421875
156.0 4.8671875
157.0 4.953125
158.0 4.9921875
159.0 5.0859375
160.0 5.171875
161.0 4.953125
162.0 4.7421875
163.0 1.703125
164.0 8.2421875
165.0 4.484375
166.0 4.6796875
167.0 5.015625
168.0 5.3203125
169.0 5.3046875
170.0 0.9453125
171.0 9.703125
172.0 5.375
173.0 5.3515625
174.0 5.2734375
175.0 5.4609375
176.0 5.3203125
177.0 5.1015625
178.0 4.6796875
179.0 5.0390625
180.0 5.46875
181.0 5.421875
182.0 5.453125
183.0 1.2265625
184.0 9.28125
185.0 5.1875
186.0 5.140625
187.0 5.1953125
188.0 4.6953125
189.0 5.28125
190.0 4.25
191.0 4.578125
192.0 4.84375
193.0 4.984375
194.0 5.0078125
195.0 5.2265625
196.0 5.2578125
197.0 5.2890625
198.0 5.2265625
199.0 4.90625
200.0 2.2421875
201.0 0.0
202.0 3.0
203.0 3.6796875
204.0 2.2421875
205.0 5.3671875
206.0 5.53125
207.0 5.2890625
208.0 5.3046875
209.0 3.46875
210.0 7.28125
211.0 5.4375
212.0 5.3828125
213.0 5.4375
214.0 4.921875
215.0 5.171875
216.0 5.3984375
217.0 5.2578125
218.0 5.3515625
219.0 5.3203125
220.0 5.4375
221.0 5.765625
222.0 5.453125
223.0 5.15625
224.0 5.453125
225.0 5.6015625
226.0 0.4296875
227.0 10.6796875
228.0 5.578125
229.0 4.875
230.0 5.890625
231.0 5.2890625
232.0 5.3671875
233.0 5.1953125
234.0 5.203125
235.0 5.2734375
236.0 5.34375
237.0 5.0703125
238.0 4.9921875
239.0 5.046875
240.0 5.078125
241.0 5.0078125
242.0 5.1953125
243.0 5.171875
244.0 4.921875
245.0 2.78125
246.0 7.5859375
247.0 5.046875
248.0 5.0390625
249.0 5.0390625
250.0 3.2890625
251.0 7.0390625
252.0 5.2578125
253.0 5.0859375
254.0 4.46875
255.0 5.515625
256.0 5.0546875
257.0 4.8671875
258.0 5.046875
259.0 4.6640625
260.0 5.2890625
261.0 5.3515625
262.0 5.3125
263.0 5.2578125
264.0 5.5625
265.0 5.3984375
266.0 4.8671875
267.0 4.9765625
268.0 3.7421875
269.0 6.5078125
270.0 0.671875
271.0 7.84375
272.0 4.3359375
273.0 4.78125
274.0 5.25
275.0 5.3046875
276.0 5.4296875
277.0 5.3515625
278.0 5.484375
279.0 5.3828125
280.0 5.4921875
281.0 5.453125
282.0 5.640625
283.0 4.8125
284.0 5.8203125
285.0 5.6015625
286.0 5.515625
287.0 5.28125
288.0 3.34375
289.0 6.890625
290.0 5.25
291.0 5.421875
292.0 5.453125
293.0 5.53125
294.0 5.2890625
295.0 4.7421875
296.0 5.0546875
297.0 5.375
298.0 5.34375
299.0 5.3671875
300.0 5.3828125
301.0 4.21875
302.0 6.59375
303.0 5.2890625
304.0 3.1171875
305.0 7.453125
306.0 5.3984375
307.0 5.234375
308.0 5.2578125
309.0 5.4921875
310.0 5.3984375
311.0 5.5234375
312.0 5.3203125
313.0 5.484375
314.0 5.25
315.0 5.375
316.0 5.3125
317.0 2.34375
318.0 8.671875
319.0 5.6796875
320.0 5.5546875
321.0 5.703125
322.0 5.453125
323.0 3.2890625
324.0 7.8671875
325.0 5.515625
326.0 5.28125
327.0 5.46875
328.0 5.421875
329.0 5.3671875
330.0 5.46875
331.0 5.40625
332.0 5.28125
333.0 5.1328125
334.0 5.3515625
335.0 5.4609375
336.0 5.4296875
337.0 5.5
338.0 5.2265625
339.0 5.453125
340.0 5.3203125
341.0 5.3359375
342.0 4.0859375
343.0 6.4453125
344.0 5.21875
345.0 5.46875
346.0 5.1875
347.0 4.921875
348.0 4.71875
349.0 4.921875
350.0 4.953125
351.0 5.2578125
352.0 5.3046875
353.0 5.3515625
354.0 5.4921875
355.0 5.1640625
356.0 5.140625
357.0 5.3671875
358.0 5.3515625
359.0 5.234375
360.0 5.34375
361.0 5.2578125
362.0 5.40625
363.0 5.2578125
364.0 5.2265625
365.0 5.1953125
366.0 4.609375
367.0 6.0625
368.0 5.3046875
369.0 5.40625
370.0 0.703125
371.0 9.5703125
372.0 5.203125
373.0 5.2890625
374.0 3.171875
375.0 7.734375
376.0 5.1875
377.0 5.15625
378.0 5.234375
379.0 5.1328125
380.0 5.484375
381.0 5.5625
382.0 5.3828125
383.0 5.0859375
384.0 5.1640625
385.0 4.859375
386.0 4.609375
387.0 4.890625
388.0 0.5078125
389.0 9.3046875
390.0 4.953125
391.0 4.890625
392.0 4.84375
393.0 2.625
394.0 7.78125
395.0 5.1328125
396.0 5.2890625
397.0 5.25
398.0 5.0234375
399.0 5.2578125
400.0 5.375
401.0 5.2578125
402.0 4.9453125
403.0 4.84375
404.0 4.609375
405.0 3.640625
406.0 6.46875
407.0 4.9765625
408.0 5.0859375
409.0 5.234375
410.0 5.203125
411.0 5.0390625
412.0 4.9453125
413.0 1.4140625
414.0 8.75
415.0 5.109375
416.0 2.90625
417.0 4.5
418.0 4.828125
419.0 5.0703125
420.0 5.0703125
421.0 4.8671875
422.0 5.21875
423.0 5.234375
424.0 5.1328125
425.0 5.125
426.0 0.765625
427.0 8.828125
428.0 4.9296875
429.0 4.796875
430.0 0.9921875
431.0 8.8046875
432.0 4.9921875
433.0 5.0390625
434.0 5.203125
435.0 5.3125
436.0 5.21875
437.0 4.8671875
438.0 3.5234375
439.0 5.0546875
440.0 5.3359375
441.0 5.4296875
442.0 5.3671875
443.0 3.21875
444.0 7.5859375
445.0 5.28125
446.0 3.7890625
447.0 6.2109375
448.0 5.1875
449.0 5.3125
450.0 4.984375
451.0 4.8984375
452.0 4.6328125
453.0 5.046875
454.0 4.984375
455.0 5.25
456.0 5.2265625
457.0 5.4921875
458.0 5.421875
459.0 5.4375
460.0 5.5625
461.0 5.375
462.0 1.8828125
463.0 9.09375
464.0 5.9296875
465.0 5.75
466.0 5.6015625
467.0 5.640625
468.0 5.96875
469.0 5.5859375
470.0 5.4921875
471.0 5.5234375
472.0 5.4375
473.0 5.578125
474.0 5.28125
475.0 5.3046875
476.0 5.5625
477.0 4.7734375
478.0 4.0625
479.0 5.3515625
480.0 5.203125
481.0 4.796875
482.0 4.875
483.0 5.203125
484.0 5.8203125
485.0 5.4296875
486.0 5.5234375
487.0 5.2578125
488.0 5.3515625
489.0 5.2890625
490.0 5.484375
491.0 5.4921875
492.0 5.5234375
493.0 5.15625
494.0 5.6171875
495.0 5.2578125
496.0 5.4921875
497.0 2.3359375
498.0 8.65625
499.0 5.421875
500.0 5.5625
501.0 5.578125
502.0 5.5625
503.0 5.578125
504.0 5.2578125
505.0 5.4921875
506.0 5.4921875
507.0 5.453125
508.0 5.484375
509.0 5.4921875
510.0 2.78125
511.0 7.9609375
512.0 5.25
513.0 5.25
514.0 5.4921875
515.0 4.421875
516.0 5.890625
517.0 5.3515625
518.0 5.3125
519.0 5.484375
520.0 5.3046875
521.0 5.4296875
522.0 5.3671875
523.0 5.5
524.0 5.421875
525.0 5.453125
526.0 5.375
527.0 2.1328125
528.0 0.0
529.0 9.984375
530.0 5.828125
531.0 5.453125
532.0 5.6796875
533.0 5.5234375
534.0 5.5625
535.0 5.3515625
536.0 4.2734375
537.0 5.796875
538.0 5.21875
539.0 5.6796875
540.0 5.6640625
541.0 5.484375
542.0 5.4921875
543.0 5.6328125
544.0 5.34375
545.0 5.53125
546.0 5.3671875
547.0 5.3046875
548.0 5.671875
549.0 5.4921875
550.0 5.5546875
551.0 5.578125
552.0 5.484375
553.0 5.46875
554.0 5.1875
555.0 5.2578125
556.0 5.4375
557.0 5.3125
558.0 5.3359375
559.0 5.28125
560.0 0.78125
561.0 9.359375
562.0 5.0078125
563.0 5.0234375
564.0 5.3359375
565.0 5.453125
566.0 5.2578125
567.0 5.1875
568.0 5.28125
569.0 5.546875
570.0 5.8828125
571.0 5.46875
572.0 2.4765625
573.0 7.515625
574.0 5.1640625
575.0 5.140625
576.0 5.078125
577.0 5.1328125
578.0 5.28125
579.0 2.5625
580.0 7.984375
581.0 5.2578125
582.0 5.484375
583.0 5.484375
584.0 5.3046875
585.0 4.9765625
586.0 5.0859375
587.0 5.0234375
588.0 5.1328125
589.0 5.546875
590.0 6.0390625
591.0 5.9453125
592.0 4.859375
593.0 7.28125
594.0 6.1796875
595.0 6.109375
596.0 6.3046875
597.0 6.0234375
598.0 6.3359375
599.0 5.9375
