0.0 4.2421875
1.0 1.5234375
2.0 7.5078125
3.0 4.75
4.0 5.0234375
5.0 5.0546875
6.0 5.25
7.0 4.5625
8.0 4.9453125
9.0 1.71875
10.0 7.9609375
11.0 4.8046875
12.0 5.1953125
13.0 4.578125
14.0 5.171875
15.0 4.609375
16.0 4.3203125
17.0 5.046875
18.0 4.53125
19.0 1.7109375
20.0 7.671875
21.0 4.5703125
22.0 4.546875
23.0 4.8046875
24.0 5.0703125
25.0 4.46875
26.0 4.90625
27.0 4.8984375
28.0 5.1953125
29.0 4.6875
30.0 5.0234375
31.0 1.734375
32.0 7.9453125
33.0 4.359375
34.0 4.6796875
35.0 5.1640625
36.0 5.1640625
37.0 4.8359375
38.0 4.390625
39.0 4.0
40.0 4.5078125
41.0 1.7421875
42.0 7.4921875
43.0 4.546875
44.0 4.59375
45.0 5.0078125
46.0 4.46875
47.0 4.5625
48.0 4.6328125
49.0 4.625
50.0 4.296875
51.0 1.6796875
52.0 7.8359375
53.0 3.921875
54.0 5.0234375
55.0 4.59375
56.0 4.0703125
57.0 4.3046875
58.0 4.1171875
59.0 4.5703125
60.0 4.515625
61.0 4.2734375
62.0 4.5078125
63.0 2.6328125
64.0 5.84375
65.0 4.8984375
66.0 4.09375
67.0 4.125
68.0 4.5390625
69.0 4.25
70.0 3.4609375
71.0 0.2265625
72.0 8.0546875
73.0 4.3359375
74.0 4.4296875
75.0 4.25
76.0 4.578125
77.0 3.3125
78.0 4.390625
79.0 4.5625
80.0 4.578125
81.0 4.1484375
82.0 4.3515625
83.0 4.453125
84.0 1.078125
85.0 8.4609375
86.0 4.78125
87.0 5.4375
88.0 5.3046875
89.0 5.453125
90.0 5.375
91.0 5.40625
92.0 2.1953125
93.0 9.015625
94.0 5.375
95.0 5.671875
96.0 5.6328125
97.0 5.1015625
98.0 5.6171875
99.0 1.9140625
100.0 9.4296875
101.0 5.484375
102.0 5.671875
103.0 5.609375
104.0 5.546875
105.0 5.453125
106.0 5.453125
107.0 5.4921875
108.0 5.4921875
109.0 5.40625
110.0 5.53125
111.0 3.5859375
112.0 7.6953125
113.0 5.703125
114.0 5.4921875
115.0 5.609375
116.0 5.6015625
117.0 5.515625
118.0 3.328125
119.0 8.09375
120.0 5.7109375
121.0 5.640625
122.0 5.5859375
123.0 5.3359375
124.0 2.9296875
125.0 3.8828125
126.0 5.734375
127.0 5.890625
128.0 5.5859375
129.0 5.6328125
130.0 5.6015625
131.0 4.8046875
132.0 5.7109375
133.0 3.65625
134.0 5.46875
135.0 5.5546875
136.0 5.6953125
137.0 5.8203125
138.0 5.609375
139.0 0.8984375
140.0 10.4453125
141.0 5.546875
142.0 5.4921875
143.0 5.515625
144.0 5.6953125
145.0 5.53125
146.0 5.3515625
147.0 5.375
148.0 5.546875
149.0 5.546875
150.0 5.40625
151.0 4.0625
152.0 6.6015625
153.0 5.6171875
154.0 5.421875
155.0 4.7109375
156.0 6.5625
157.0 6.03125
158.0 5.28125
159.0 5.34375
160.0 5.734375
161.0 5.765625
162.0 5.4609375
163.0 5.6328125
164.0 5.5625
165.0 5.40625
166.0 5.75
167.0 5.5546875
168.0 4.2109375
169.0 3.640625
170.0 9.1015625
171.0 1.953125
172.0 8.8671875
173.0 5.6171875
174.0 5.3671875
175.0 5.5625
176.0 5.6953125
177.0 5.703125
178.0 5.6328125
179.0 5.671875
180.0 5.6015625
181.0 5.6328125
182.0 5.3984375
183.0 5.6015625
184.0 5.5234375
185.0 1.015625
186.0 10.1640625
187.0 5.5234375
188.0 5.6171875
189.0 5.46875
190.0 5.4375
191.0 5.6484375
192.0 5.4296875
193.0 5.6171875
194.0 5.6328125
195.0 5.40625
196.0 5.5546875
197.0 5.546875
198.0 5.609375
199.0 5.3203125
200.0 5.546875
201.0 5.46875
202.0 5.453125
203.0 5.25
204.0 5.2734375
205.0 1.4140625
206.0 9.328125
207.0 5.3515625
208.0 5.3828125
209.0 3.34375
210.0 7.5859375
211.0 5.2734375
212.0 5.3125
213.0 5.40625
214.0 5.5
215.0 5.4296875
216.0 3.3203125
217.0 7.5703125
218.0 5.4609375
219.0 5.4921875
220.0 5.3359375
221.0 5.34375
222.0 5.34375
223.0 5.546875
224.0 5.25
225.0 5.3203125
226.0 5.46875
227.0 5.375
228.0 5.34375
229.0 5.3984375
230.0 5.171875
231.0 0.765625
232.0 10.0234375
233.0 5.5234375
234.0 5.515625
235.0 5.1875
236.0 2.921875
237.0 7.5078125
238.0 5.2578125
239.0 5.21875
240.0 5.3359375
241.0 5.3515625
242.0 5.46875
243.0 5.15625
244.0 5.234375
245.0 5.3359375
246.0 5.234375
247.0 5.2578125
248.0 5.3046875
249.0 1.2109375
250.0 9.75
251.0 5.484375
252.0 5.640625
253.0 5.78125
254.0 5.1953125
255.0 4.875
256.0 0.421875
257.0 9.65625
258.0 5.1640625
259.0 5.078125
260.0 5.21875
261.0 5.3203125
262.0 5.0234375
263.0 4.8671875
264.0 5.0546875
265.0 5.28125
266.0 5.3125
267.0 1.9765625
268.0 8.5859375
269.0 4.984375
270.0 5.40625
271.0 5.1640625
272.0 5.4609375
273.0 5.34375
274.0 5.34375
275.0 2.015625
276.0 9.0390625
277.0 5.640625
278.0 5.578125
279.0 5.53125
280.0 5.5234375
281.0 1.9375
282.0 8.859375
283.0 5.4375
284.0 5.2890625
285.0 4.9453125
286.0 5.515625
287.0 5.8515625
288.0 5.3359375
289.0 5.578125
290.0 5.6015625
291.0 5.8515625
292.0 5.515625
293.0 5.515625
294.0 5.5
295.0 5.515625
296.0 5.4375
297.0 5.53125
298.0 5.53125
299.0 5.5625
300.0 5.6328125
301.0 5.6015625
302.0 5.46875
303.0 5.3984375
304.0 3.5859375
305.0 6.703125
306.0 5.5546875
307.0 5.3203125
308.0 5.375
309.0 5.7578125
310.0 5.0859375
311.0 3.8046875
312.0 7.2734375
313.0 5.515625
314.0 5.4609375
315.0 5.5234375
316.0 5.2578125
317.0 5.34375
318.0 5.578125
319.0 5.3203125
320.0 5.2578125
321.0 5.1328125
322.0 5.375
323.0 5.2578125
324.0 3.4453125
325.0 7.515625
326.0 5.46875
327.0 5.671875
328.0 5.1875
329.0 5.0859375
330.0 5.671875
331.0 5.5546875
332.0 5.5625
333.0 5.5
334.0 5.515625
335.0 5.734375
336.0 5.703125
337.0 5.6484375
338.0 5.5234375
339.0 5.703125
340.0 5.640625
341.0 4.6484375
342.0 6.3828125
343.0 5.3671875
344.0 5.3828125
345.0 5.25
346.0 5.3828125
347.0 5.5
348.0 4.0078125
349.0 6.8046875
350.0 5.515625
351.0 5.40625
352.0 5.515625
353.0 5.53125
354.0 4.3515625
355.0 6.9765625
356.0 5.609375
357.0 5.6484375
358.0 5.421875
359.0 5.5546875
360.0 5.578125
361.0 5.3828125
362.0 5.7578125
363.0 5.4375
364.0 5.46875
365.0 5.6015625
366.0 5.5
367.0 5.765625
368.0 2.2734375
369.0 9.1328125
370.0 5.6171875
371.0 5.703125
372.0 5.609375
373.0 3.7265625
374.0 7.5859375
375.0 5.640625
376.0 5.6640625
377.0 2.1171875
378.0 8.96875
379.0 5.5234375
380.0 5.6171875
381.0 5.578125
382.0 5.53125
383.0 5.34375
384.0 5.578125
385.0 5.6015625
386.0 5.7578125
387.0 5.640625
388.0 5.578125
389.0 5.6171875
390.0 4.625
391.0 6.6328125
392.0 2.8125
393.0 5.5625
394.0 5.3515625
395.0 5.5546875
396.0 5.671875
397.0 5.6640625
398.0 5.5859375
399.0 5.5859375
400.0 5.6796875
401.0 5.5546875
402.0 5.6484375
403.0 5.6484375
404.0 5.5
405.0 5.5234375
406.0 5.4609375
407.0 5.4375
408.0 5.4609375
409.0 5.609375
410.0 5.4375
411.0 5.6953125
412.0 5.828125
413.0 5.640625
414.0 5.828125
415.0 5.6796875
416.0 5.6484375
417.0 5.484375
418.0 5.6328125
419.0 5.5234375
420.0 5.546875
421.0 2.1328125
422.0 9.375
423.0 5.6015625
424.0 5.5625
425.0 5.421875
426.0 2.1640625
427.0 9.2265625
428.0 5.3828125
429.0 5.671875
430.0 5.3515625
431.0 5.453125
432.0 2.453125
433.0 8.0234375
434.0 5.453125
435.0 5.53125
436.0 5.640625
437.0 5.578125
438.0 5.46875
439.0 5.4609375
440.0 5.609375
441.0 5.5234375
442.0 5.484375
443.0 5.5
444.0 5.3984375
445.0 5.421875
446.0 1.2109375
447.0 9.703125
448.0 5.6328125
449.0 5.3984375
450.0 5.2734375
451.0 1.5859375
452.0 9.1015625
453.0 5.3515625
454.0 5.5
455.0 5.3984375
456.0 5.4609375
457.0 5.1875
458.0 5.234375
459.0 5.5
460.0 5.4375
461.0 5.375
462.0 5.3203125
463.0 5.3125
464.0 4.1015625
465.0 6.3671875
466.0 5.3984375
467.0 5.3125
468.0 5.0234375
469.0 2.5703125
470.0 7.578125
471.0 5.0390625
472.0 5.15625
473.0 5.2265625
474.0 5.25
475.0 5.34375
476.0 5.1953125
477.0 5.2734375
478.0 5.28125
479.0 5.40625
480.0 5.34375
481.0 4.1015625
482.0 6.4375
483.0 1.9765625
484.0 8.6171875
485.0 5.3203125
486.0 5.2265625
487.0 5.3046875
488.0 5.3125
489.0 5.4921875
490.0 5.46875
491.0 5.1875
492.0 5.4375
493.0 5.34375
494.0 5.515625
495.0 5.5
496.0 5.5234375
497.0 5.5546875
498.0 5.515625
499.0 5.5
500.0 5.484375
501.0 5.46875
502.0 5.6171875
503.0 5.5
504.0 5.546875
505.0 5.5546875
506.0 5.4296875
507.0 5.3984375
508.0 5.375
509.0 5.578125
510.0 5.453125
511.0 5.421875
512.0 4.84375
513.0 5.2734375
514.0 5.3671875
515.0 5.5859375
516.0 5.6796875
517.0 5.5234375
518.0 4.953125
519.0 5.125
520.0 5.515625
521.0 5.3046875
522.0 2.3046875
523.0 8.4453125
524.0 5.5625
525.0 5.640625
526.0 5.4921875
527.0 1.625
528.0 9.1953125
529.0 5.6640625
530.0 5.125
531.0 4.9765625
532.0 5.609375
533.0 5.484375
534.0 5.3046875
535.0 5.3984375
536.0 5.6015625
537.0 5.6171875
538.0 5.671875
539.0 5.640625
540.0 4.1484375
541.0 6.9453125
542.0 5.5
543.0 5.28125
544.0 5.0546875
545.0 5.3984375
546.0 5.5859375
547.0 5.4921875
548.0 5.578125
549.0 5.7890625
550.0 5.25
551.0 5.1640625
552.0 4.53125
553.0 4.8046875
554.0 5.3515625
555.0 5.40625
556.0 5.453125
557.0 5.640625
558.0 3.1953125
559.0 8.171875
560.0 2.7109375
561.0 5.609375
562.0 5.4375
563.0 5.6640625
564.0 5.6015625
565.0 5.4609375
566.0 5.53125
567.0 5.515625
568.0 5.53125
569.0 5.5859375
570.0 5.734375
571.0 0.4296875
572.0 10.765625
573.0 5.34375
574.0 2.6875
575.0 8.4765625
576.0 5.7265625
577.0 5.5859375
578.0 5.546875
579.0 5.8203125
580.0 5.6953125
581.0 5.4609375
582.0 5.4296875
583.0 5.515625
584.0 5.703125
585.0 1.890625
586.0 7.40625
587.0 1.2109375
588.0 1.4609375
589.0 3.3515625
590.0 5.7265625
591.0 5.6484375
592.0 5.546875
593.0 5.6640625
594.0 5.4921875
595.0 5.53125
596.0 5.46875
597.0 5.421875
598.0 4.03125
599.0 6.75
