0.0 2.9375
1.0 8.9765625
2.0 6.03125
3.0 5.9375
4.0 6.484375
5.0 5.25
6.0 1.765625
7.0 8.4609375
8.0 6.3515625
9.0 5.8515625
10.0 5.7578125
11.0 6.3046875
12.0 6.0234375
13.0 5.7578125
14.0 6.0859375
15.0 6.0078125
16.0 5.9453125
17.0 5.6796875
18.0 5.9375
19.0 5.0234375
20.0 2.9375
21.0 0.515625
22.0 9.1015625
23.0 4.2109375
24.0 5.0859375
25.0 5.6484375
26.0 4.6484375
27.0 5.1640625
28.0 5.75
29.0 5.6015625
30.0 5.8515625
31.0 6.0234375
32.0 4.875
33.0 5.890625
34.0 5.0078125
35.0 4.3359375
36.0 4.6796875
37.0 4.5703125
38.0 0.0
39.0 5.15625
40.0 0.8984375
41.0 1.0625
42.0 2.28125
43.0 3.5234375
44.0 5.2734375
45.0 4.8046875
46.0 4.453125
47.0 4.4140625
48.0 4.21875
49.0 2.1328125
50.0 1.5390625
51.0 1.09375
52.0 0.640625
53.0 1.03125
54.0 0.6171875
55.0 1.3125
56.0 3.9921875
57.0 4.4140625
58.0 0.8984375
59.0 6.65625
60.0 4.1328125
61.0 2.7265625
62.0 0.5859375
63.0 0.0
64.0 10.65625
65.0 5.96875
66.0 5.25
67.0 3.9453125
68.0 4.484375
69.0 4.890625
70.0 4.5625
71.0 2.640625
72.0 3.640625
73.0 4.7578125
74.0 5.3828125
75.0 4.828125
76.0 0.9609375
77.0 7.609375
78.0 3.28125
79.0 1.7109375
80.0 1.1484375
81.0 1.921875
82.0 1.3203125
83.0 5.734375
84.0 2.7109375
85.0 4.1328125
86.0 4.03125
87.0 1.03125
88.0 0.8828125
89.0 1.5
90.0 1.65625
91.0 2.0078125
92.0 3.9453125
93.0 5.0078125
94.0 2.453125
95.0 5.5546875
96.0 4.8984375
97.0 3.0390625
98.0 4.03125
99.0 4.875
100.0 2.484375
101.0 3.4609375
102.0 4.5703125
103.0 4.6953125
104.0 5.4296875
105.0 4.921875
106.0 2.8203125
107.0 0.0390625
108.0 8.4453125
109.0 3.875
110.0 3.328125
111.0 3.765625
112.0 4.265625
113.0 1.1796875
114.0 0.0
115.0 7.1015625
116.0 6.1484375
117.0 5.5625
118.0 5.21875
119.0 5.9140625
120.0 5.125
121.0 5.859375
122.0 6.2265625
123.0 6.390625
124.0 6.6875
125.0 6.2890625
126.0 6.328125
127.0 5.0546875
128.0 5.84375
129.0 5.1953125
130.0 4.5625
131.0 4.5078125
132.0 3.9921875
133.0 2.8359375
134.0 0.0
135.0 6.421875
136.0 3.21875
137.0 3.3125
138.0 3.21875
139.0 2.7890625
140.0 3.6171875
141.0 3.0703125
142.0 3.7265625
143.0 3.53125
144.0 3.34375
145.0 3.1328125
146.0 2.4765625
147.0 1.5546875
148.0 0.546875
149.0 0.0
150.0 6.0234375
151.0 3.1796875
152.0 3.4921875
153.0 3.1640625
154.0 4.9765625
155.0 4.8984375
156.0 4.5078125
157.0 3.46875
158.0 2.390625
159.0 0.0
160.0 6.8125
161.0 1.765625
162.0 2.125
163.0 3.796875
164.0 2.9921875
165.0 4.3828125
166.0 3.8515625
167.0 2.296875
168.0 2.1796875
169.0 2.03125
170.0 4.7421875
171.0 4.796875
172.0 3.734375
173.0 5.8125
174.0 5.125
175.0 4.8046875
176.0 3.96875
177.0 1.5234375
178.0 0.0
179.0 6.125
180.0 3.2265625
181.0 2.34375
182.0 1.765625
183.0 2.0390625
184.0 2.953125
185.0 4.875
186.0 3.296875
187.0 2.5703125
188.0 2.2109375
189.0 4.59375
190.0 5.15625
191.0 3.5
192.0 0.140625
193.0 6.6015625
194.0 1.3515625
195.0 0.5234375
196.0 2.8125
197.0 3.546875
198.0 5.3671875
199.0 4.0546875
200.0 4.25
201.0 5.9453125
202.0 4.796875
203.0 6.2421875
204.0 3.28125
205.0 3.0390625
206.0 4.203125
207.0 3.1640625
208.0 5.2578125
209.0 5.6328125
210.0 5.5625
211.0 5.28125
212.0 4.03125
213.0 4.09375
214.0 5.21875
215.0 5.3671875
216.0 6.0234375
217.0 2.8203125
218.0 7.015625
219.0 3.9921875
220.0 5.375
221.0 4.7734375
222.0 4.1796875
223.0 4.0078125
224.0 4.8046875
225.0 4.0
226.0 1.2109375
227.0 7.2265625
228.0 4.6484375
229.0 4.09375
230.0 2.953125
231.0 7.2890625
232.0 5.3359375
233.0 4.0390625
234.0 5.46875
235.0 5.6953125
236.0 5.8828125
237.0 5.0390625
238.0 5.203125
239.0 2.3984375
240.0 6.2109375
241.0 3.84375
242.0 4.6328125
243.0 4.9453125
244.0 4.53125
245.0 4.28125
246.0 4.1171875
247.0 4.609375
248.0 4.578125
249.0 4.0390625
250.0 4.3828125
251.0 3.828125
252.0 4.125
253.0 1.8828125
254.0 6.734375
255.0 5.1328125
256.0 5.546875
257.0 5.6484375
258.0 4.7265625
259.0 0.0
260.0 6.9140625
261.0 2.421875
262.0 5.078125
263.0 4.515625
264.0 4.859375
265.0 5.2578125
266.0 4.5390625
267.0 0.375
268.0 8.65625
269.0 5.1953125
270.0 5.140625
271.0 5.7578125
272.0 6.3515625
273.0 5.8828125
274.0 6.234375
275.0 6.03125
276.0 6.078125
277.0 6.109375
278.0 6.3671875
279.0 6.390625
280.0 6.65625
281.0 4.9765625
282.0 6.4375
283.0 6.859375
284.0 6.6171875
285.0 7.0078125
286.0 6.2890625
287.0 6.71875
288.0 6.3515625
289.0 6.2265625
290.0 6.484375
291.0 6.421875
292.0 6.59375
293.0 5.8125
294.0 5.90625
295.0 5.6640625
296.0 6.1796875
297.0 6.484375
298.0 6.3359375
299.0 6.4140625
300.0 6.234375
301.0 6.1796875
302.0 6.2421875
303.0 6.4453125
304.0 6.6484375
305.0 6.65625
306.0 5.9609375
307.0 5.15625
308.0 5.609375
309.0 6.5078125
310.0 6.5390625
311.0 6.2109375
312.0 6.5625
313.0 6.0625
314.0 6.765625
315.0 5.8828125
316.0 5.5234375
317.0 6.40625
318.0 6.6171875
319.0 6.46875
320.0 6.3671875
321.0 6.5078125
322.0 7.1796875
323.0 7.078125
324.0 5.609375
325.0 6.3671875
326.0 5.5859375
327.0 5.9609375
328.0 6.1875
329.0 6.6015625
330.0 6.203125
331.0 2.9921875
332.0 8.4609375
333.0 5.890625
334.0 5.828125
335.0 5.84375
336.0 5.7578125
337.0 5.8203125
338.0 6.0546875
339.0 5.9296875
340.0 5.765625
341.0 5.6953125
342.0 5.75
343.0 4.09375
344.0 7.78125
345.0 6.125
346.0 6.0
347.0 6.3515625
348.0 4.8359375
349.0 1.0625
350.0 6.4140625
351.0 4.8046875
352.0 5.84375
353.0 4.8359375
354.0 4.8984375
355.0 5.2734375
356.0 5.7265625
357.0 4.5390625
358.0 3.2890625
359.0 3.5546875
360.0 4.8984375
361.0 2.7578125
362.0 0.0
363.0 9.1953125
364.0 6.796875
365.0 5.8125
366.0 5.6328125
367.0 5.3359375
368.0 6.0234375
369.0 6.2265625
370.0 6.5078125
371.0 6.4765625
372.0 6.5859375
373.0 6.3671875
374.0 2.1328125
375.0 8.71875
376.0 5.796875
377.0 6.15625
378.0 6.265625
379.0 6.078125
380.0 6.2421875
381.0 6.09375
382.0 3.2578125
383.0 9.1875
384.0 6.15625
385.0 5.9921875
386.0 5.7890625
387.0 6.0859375
388.0 6.8984375
389.0 5.9296875
390.0 6.8984375
391.0 6.5
392.0 4.3515625
393.0 5.203125
394.0 6.0390625
395.0 6.1796875
396.0 6.3359375
397.0 5.7890625
398.0 4.21875
399.0 4.3515625
400.0 6.2421875
401.0 5.703125
402.0 4.78125
403.0 1.2265625
404.0 7.796875
405.0 5.890625
406.0 5.9296875
407.0 5.6484375
408.0 5.125
409.0 5.8515625
410.0 6.6328125
411.0 7.3046875
412.0 6.921875
413.0 7.2265625
414.0 7.0625
415.0 6.796875
416.0 6.734375
417.0 6.7734375
418.0 7.1640625
419.0 6.6015625
420.0 6.84375
421.0 6.9765625
422.0 6.4765625
423.0 6.5625
424.0 4.984375
425.0 5.6015625
426.0 5.578125
427.0 5.6015625
428.0 5.2578125
429.0 5.0859375
430.0 4.78125
431.0 0.8828125
432.0 10.0546875
433.0 4.3984375
434.0 6.4375
435.0 6.5
436.0 3.296875
437.0 8.5546875
438.0 6.8828125
439.0 6.9296875
440.0 4.53125
441.0 3.609375
442.0 4.6953125
443.0 4.6328125
444.0 5.578125
445.0 6.5390625
446.0 6.2890625
447.0 6.765625
448.0 6.6328125
449.0 2.71875
450.0 7.6640625
451.0 3.640625
452.0 6.125
453.0 5.6953125
454.0 3.65625
455.0 0.9921875
456.0 0.0
457.0 6.9609375
458.0 3.4921875
459.0 6.9765625
460.0 6.0859375
461.0 4.1171875
462.0 0.6640625
463.0 9.5703125
464.0 5.078125
465.0 4.3828125
466.0 6.796875
467.0 6.828125
468.0 6.8359375
469.0 6.2890625
470.0 4.890625
471.0 4.546875
472.0 2.9375
473.0 4.6953125
474.0 4.859375
475.0 3.328125
476.0 4.8046875
477.0 6.9140625
478.0 5.890625
479.0 5.9375
480.0 6.859375
481.0 6.2734375
482.0 5.21875
483.0 6.421875
484.0 4.578125
485.0 5.0546875
486.0 3.0
487.0 2.5703125
488.0 2.359375
489.0 4.203125
490.0 3.4375
491.0 5.1015625
492.0 6.0
493.0 5.5625
494.0 5.9453125
495.0 6.59375
496.0 6.0625
497.0 2.3125
498.0 0.6015625
499.0 4.6875
500.0 4.0
501.0 4.78125
502.0 3.7578125
503.0 3.890625
504.0 4.8984375
505.0 3.875
506.0 3.53125
507.0 5.0546875
508.0 4.7734375
509.0 3.625
510.0 2.1171875
511.0 6.890625
512.0 6.6796875
513.0 3.90625
514.0 5.28125
515.0 6.1171875
516.0 6.3046875
517.0 5.5625
518.0 5.5546875
519.0 6.828125
520.0 6.703125
521.0 5.9765625
522.0 6.46875
523.0 6.140625
524.0 0.96875
525.0 9.1015625
526.0 6.65625
527.0 5.4375
528.0 8.34375
529.0 6.203125
530.0 6.234375
531.0 5.8125
532.0 4.515625
533.0 4.28125
534.0 5.890625
535.0 5.96875
536.0 6.9296875
537.0 6.9296875
538.0 6.8125
539.0 6.828125
540.0 6.71875
541.0 5.6015625
542.0 3.9453125
543.0 5.234375
544.0 4.90625
545.0 5.796875
546.0 6.2578125
547.0 6.6171875
548.0 6.765625
549.0 5.765625
550.0 7.15625
551.0 5.6015625
552.0 6.703125
553.0 6.0234375
554.0 6.2265625
555.0 5.4921875
556.0 6.6328125
557.0 6.2578125
558.0 6.4453125
559.0 6.78125
560.0 6.5703125
561.0 6.1796875
562.0 5.109375
563.0 5.3984375
564.0 6.2421875
565.0 5.9765625
566.0 6.03125
567.0 6.125
568.0 6.4140625
569.0 5.84375
570.0 1.5859375
571.0 9.5703125
572.0 5.3515625
573.0 5.703125
574.0 2.75
575.0 8.890625
576.0 5.796875
577.0 5.9296875
578.0 5.5859375
579.0 5.8828125
580.0 5.9140625
581.0 5.5234375
582.0 4.84375
583.0 2.578125
584.0 5.6328125
585.0 5.546875
586.0 5.5859375
587.0 6.2265625
588.0 6.5
589.0 5.84375
590.0 1.3125
591.0 10.90625
592.0 5.8203125
593.0 5.796875
594.0 3.28125
595.0 6.2265625
596.0 4.625
597.0 5.0859375
598.0 4.84375
599.0 5.3515625
