0.0 5.96875
1.0 5.875
2.0 5.9296875
3.0 5.859375
4.0 5.5
5.0 5.4609375
6.0 5.7109375
7.0 5.78125
8.0 5.6953125
9.0 5.859375
10.0 5.765625
11.0 5.7578125
12.0 5.78125
13.0 5.1015625
14.0 6.0625
15.0 5.7265625
16.0 5.453125
17.0 5.6171875
18.0 1.5703125
19.0 10.2890625
20.0 5.78125
21.0 5.5546875
22.0 5.40625
23.0 5.6015625
24.0 5.5625
25.0 5.484375
26.0 5.6171875
27.0 5.7265625
28.0 5.875
29.0 5.859375
30.0 6.0078125
31.0 5.7578125
32.0 5.6953125
33.0 6.0390625
34.0 5.5625
35.0 4.515625
36.0 0.0
37.0 8.7421875
38.0 3.0234375
39.0 2.875
40.0 5.4921875
41.0 5.859375
42.0 5.6796875
43.0 6.078125
44.0 5.875
45.0 5.9921875
46.0 5.6640625
47.0 5.6015625
48.0 5.96875
49.0 4.8125
50.0 6.359375
51.0 5.2578125
52.0 4.71875
53.0 4.2421875
54.0 5.6484375
55.0 5.9765625
56.0 5.6796875
57.0 3.8203125
58.0 8.078125
59.0 5.4609375
60.0 5.859375
61.0 5.859375
62.0 5.8125
63.0 5.703125
64.0 5.7265625
65.0 5.890625
66.0 5.421875
67.0 5.2265625
68.0 3.4453125
69.0 4.1796875
70.0 5.7578125
71.0 4.625
72.0 7.1015625
73.0 5.8515625
74.0 5.7890625
75.0 5.8203125
76.0 5.9765625
77.0 5.796875
78.0 5.671875
79.0 5.34375
80.0 5.640625
81.0 6.0546875
82.0 6.1484375
83.0 5.8515625
84.0 5.734375
85.0 5.9609375
86.0 3.828125
87.0 7.546875
88.0 5.96875
89.0 5.6484375
90.0 5.75
91.0 5.9453125
92.0 5.96875
93.0 5.8828125
94.0 5.1328125
95.0 4.46875
96.0 4.1328125
97.0 5.546875
98.0 5.1328125
99.0 5.9140625
100.0 6.03125
101.0 6.0859375
102.0 5.796875
103.0 6.03125
104.0 4.09375
105.0 7.7578125
106.0 5.671875
107.0 5.5546875
108.0 5.453125
109.0 5.2265625
110.0 5.84375
111.0 5.6015625
112.0 5.6328125
113.0 5.6171875
114.0 5.6328125
115.0 5.4921875
116.0 3.8828125
117.0 7.21875
118.0 5.375
119.0 5.46875
120.0 2.921875
121.0 7.0625
122.0 6.2109375
123.0 5.3828125
124.0 2.96875
125.0 7.5078125
126.0 5.3203125
127.0 4.453125
128.0 5.578125
129.0 5.78125
130.0 5.5
131.0 4.921875
132.0 3.703125
133.0 3.21875
134.0 2.8203125
135.0 3.28125
136.0 3.8203125
137.0 5.25
138.0 3.3984375
139.0 0.0
140.0 8.1484375
141.0 3.4921875
142.0 5.34375
143.0 3.59375
144.0 0.0
145.0 7.9453125
146.0 5.234375
147.0 4.828125
148.0 3.671875
149.0 4.3046875
150.0 3.1328125
151.0 3.765625
152.0 4.796875
153.0 5.1875
154.0 5.515625
155.0 5.125
156.0 4.6796875
157.0 6.5546875
158.0 5.8125
159.0 5.2578125
160.0 5.1953125
161.0 3.9921875
162.0 0.015625
163.0 8.828125
164.0 5.0390625
165.0 6.0078125
166.0 5.3515625
167.0 4.0859375
168.0 5.1875
169.0 5.3359375
170.0 4.25
171.0 4.515625
172.0 3.375
173.0 5.2890625
174.0 4.953125
175.0 5.40625
176.0 5.3515625
177.0 5.3125
178.0 5.4609375
179.0 5.4609375
180.0 5.53125
181.0 5.7265625
182.0 5.453125
183.0 5.6328125
184.0 5.7265625
185.0 5.6484375
186.0 5.578125
187.0 5.1328125
188.0 6.234375
189.0 5.6171875
190.0 5.453125
191.0 5.828125
192.0 5.3828125
193.0 5.6796875
194.0 5.5234375
195.0 5.453125
196.0 5.3984375
197.0 5.6640625
198.0 5.203125
199.0 5.3046875
200.0 5.6015625
201.0 1.8515625
202.0 9.5546875
203.0 3.1953125
204.0 8.421875
205.0 5.6328125
206.0 5.6796875
207.0 5.6484375
208.0 5.8125
209.0 5.875
210.0 5.9453125
211.0 5.3046875
212.0 5.6015625
213.0 5.4921875
214.0 5.3671875
215.0 5.6328125
216.0 5.796875
217.0 1.953125
218.0 9.890625
219.0 5.7578125
220.0 5.8125
221.0 5.796875
222.0 2.484375
223.0 9.0703125
224.0 5.515625
225.0 5.5625
226.0 5.6171875
227.0 5.6484375
228.0 4.09375
229.0 7.578125
230.0 5.7265625
231.0 5.7265625
232.0 5.78125
233.0 5.6953125
234.0 3.96875
235.0 7.609375
236.0 5.6171875
237.0 5.6953125
238.0 5.9765625
239.0 5.640625
240.0 5.9921875
241.0 5.75
242.0 5.84375
243.0 5.4296875
244.0 5.484375
245.0 5.9453125
246.0 5.4296875
247.0 5.2265625
248.0 2.7890625
249.0 8.34375
250.0 6.203125
251.0 5.8203125
252.0 3.1484375
253.0 6.03125
254.0 1.765625
255.0 5.5546875
256.0 4.0859375
257.0 7.4375
258.0 4.125
259.0 7.6328125
260.0 5.7109375
261.0 5.703125
262.0 6.1796875
263.0 5.7265625
264.0 5.6171875
265.0 5.8203125
266.0 5.8828125
267.0 5.7265625
268.0 5.8828125
269.0 4.7734375
270.0 3.90625
271.0 4.3046875
272.0 6.0234375
273.0 2.9296875
274.0 8.5546875
275.0 5.859375
276.0 3.5859375
277.0 0.0
278.0 9.9375
279.0 5.4921875
280.0 6.0
281.0 5.703125
282.0 5.90625
283.0 6.140625
284.0 6.0390625
285.0 5.671875
286.0 4.0703125
287.0 3.765625
288.0 5.6015625
289.0 3.2578125
290.0 5.3828125
291.0 4.578125
292.0 4.6875
293.0 5.25
294.0 4.6796875
295.0 1.640625
296.0 0.484375
297.0 8.8203125
298.0 5.5
299.0 4.7734375
300.0 4.71875
301.0 4.6328125
302.0 4.8125
303.0 5.875
304.0 5.578125
305.0 5.9375
306.0 4.71875
307.0 5.5859375
308.0 5.6484375
309.0 1.8203125
310.0 9.4921875
311.0 2.65625
312.0 5.125
313.0 5.4296875
314.0 4.7265625
315.0 5.125
316.0 5.6953125
317.0 5.90625
318.0 5.8828125
319.0 5.6796875
320.0 5.7265625
321.0 5.6328125
322.0 5.734375
323.0 5.3671875
324.0 5.6328125
325.0 5.7109375
326.0 5.515625
327.0 5.6640625
328.0 2.09375
329.0 9.34375
330.0 5.6171875
331.0 5.8125
332.0 5.828125
333.0 5.6328125
334.0 5.890625
335.0 5.6796875
336.0 5.5234375
337.0 5.6015625
338.0 5.46875
339.0 5.40625
340.0 5.46875
341.0 5.6015625
342.0 5.421875
343.0 5.6328125
344.0 5.6640625
345.0 5.46875
346.0 2.609375
347.0 8.859375
348.0 5.7109375
349.0 5.859375
350.0 5.6484375
351.0 5.8125
352.0 5.4296875
353.0 5.125
354.0 0.5078125
355.0 9.4296875
356.0 5.2578125
357.0 5.3671875
358.0 5.515625
359.0 5.6796875
360.0 3.9765625
361.0 7.46875
362.0 5.453125
363.0 5.53125
364.0 4.1328125
365.0 6.84375
366.0 5.453125
367.0 5.4921875
368.0 5.578125
369.0 5.6015625
370.0 4.03125
371.0 7.703125
372.0 4.0
373.0 7.3671875
374.0 5.9453125
375.0 5.8125
376.0 5.7109375
377.0 5.859375
378.0 5.765625
379.0 5.96875
380.0 5.9375
381.0 5.703125
382.0 5.96875
383.0 6.0390625
384.0 6.0078125
385.0 5.734375
386.0 5.6953125
387.0 5.78125
388.0 5.6484375
389.0 5.6953125
390.0 5.828125
391.0 5.5234375
392.0 4.0234375
393.0 7.4921875
394.0 5.46875
395.0 4.0078125
396.0 3.9375
397.0 2.7421875
398.0 2.8984375
399.0 4.2421875
400.0 5.6640625
401.0 5.5625
402.0 5.9765625
403.0 5.8515625
404.0 5.6484375
405.0 5.609375
406.0 5.7578125
407.0 1.9375
408.0 8.984375
409.0 3.1015625
410.0 2.296875
411.0 0.1953125
412.0 0.0
413.0 5.4296875
414.0 2.9921875
415.0 5.609375
416.0 5.84375
417.0 5.734375
418.0 5.46875
419.0 5.7578125
420.0 5.2734375
421.0 5.015625
422.0 4.5625
423.0 4.7265625
424.0 2.0
425.0 0.0
426.0 5.078125
427.0 5.3984375
428.0 5.84375
429.0 5.453125
430.0 5.9375
431.0 5.6328125
432.0 5.2890625
433.0 2.7578125
434.0 8.2890625
435.0 4.8125
436.0 4.8671875
437.0 4.4453125
438.0 5.0703125
439.0 5.203125
440.0 4.7734375
441.0 4.1875
442.0 5.5
443.0 5.1328125
444.0 4.9453125
445.0 5.171875
446.0 4.234375
447.0 0.0
448.0 9.6875
449.0 5.2890625
450.0 5.1640625
451.0 5.0390625
452.0 3.3515625
453.0 6.15625
454.0 4.8984375
455.0 4.8046875
456.0 4.5703125
457.0 4.6484375
458.0 3.40625
459.0 3.015625
460.0 4.1328125
461.0 2.8203125
462.0 1.8046875
463.0 1.7421875
464.0 2.1796875
465.0 0.25
466.0 4.859375
467.0 2.65625
468.0 4.359375
469.0 5.4296875
470.0 5.3359375
471.0 5.25
472.0 5.5
473.0 5.578125
474.0 5.4296875
475.0 5.6328125
476.0 5.3125
477.0 5.34375
478.0 5.203125
479.0 5.4921875
480.0 5.828125
481.0 5.7109375
482.0 5.703125
483.0 5.28125
484.0 5.4296875
485.0 5.3515625
486.0 5.9140625
487.0 5.78125
488.0 1.078125
489.0 10.890625
490.0 5.7265625
491.0 5.734375
492.0 0.734375
493.0 10.640625
494.0 5.5
495.0 5.546875
496.0 4.65625
497.0 5.1328125
498.0 5.0703125
499.0 4.625
500.0 5.2734375
501.0 5.796875
502.0 3.0859375
503.0 6.6796875
504.0 5.6171875
505.0 5.6328125
506.0 5.640625
507.0 5.8828125
508.0 4.0546875
509.0 7.40625
510.0 5.90625
511.0 6.0078125
512.0 5.90625
513.0 5.796875
514.0 5.9765625
515.0 5.9140625
516.0 5.828125
517.0 5.9609375
518.0 5.5
519.0 5.6171875
520.0 5.8828125
521.0 5.609375
522.0 5.796875
523.0 5.8125
524.0 5.6484375
525.0 5.5
526.0 5.5859375
527.0 5.34375
528.0 5.3984375
529.0 5.34375
530.0 5.2734375
531.0 5.1015625
532.0 5.4921875
533.0 5.609375
534.0 2.15625
535.0 9.09375
536.0 5.4609375
537.0 5.453125
538.0 2.484375
539.0 8.5859375
540.0 5.15625
541.0 5.171875
542.0 5.46875
543.0 5.484375
544.0 5.5625
545.0 5.4921875
546.0 5.421875
547.0 5.34375
548.0 5.3984375
549.0 5.546875
550.0 5.421875
551.0 5.515625
552.0 2.1953125
553.0 8.5078125
554.0 5.5234375
555.0 5.609375
556.0 1.8671875
557.0 9.4921875
558.0 5.34375
559.0 5.609375
560.0 5.46875
561.0 5.2265625
562.0 5.546875
563.0 5.53125
564.0 5.5625
565.0 5.4609375
566.0 5.3359375
567.0 5.6015625
568.0 5.75
569.0 2.75
570.0 8.3828125
571.0 5.75
572.0 5.7265625
573.0 5.78125
574.0 4.4296875
575.0 7.3671875
576.0 5.765625
577.0 6.171875
578.0 5.9140625
579.0 5.6953125
580.0 5.671875
581.0 5.7890625
582.0 5.7890625
583.0 6.171875
584.0 5.8203125
585.0 5.96875
586.0 5.8828125
587.0 5.125
588.0 6.203125
589.0 5.7109375
590.0 5.75
591.0 5.671875
592.0 3.9375
593.0 7.9140625
594.0 6.09375
595.0 6.0
596.0 5.9453125
597.0 5.9140625
598.0 5.9765625
599.0 6.125
