0.0 4.7109375
1.0 3.34375
2.0 3.0234375
3.0 4.3359375
4.0 1.921875
5.0 4.1796875
6.0 5.84375
7.0 3.53125
8.0 7.2109375
9.0 4.21875
10.0 8.3515625
11.0 3.7109375
12.0 4.71875
13.0 5.3515625
14.0 5.2734375
15.0 3.21875
16.0 4.1796875
17.0 4.8046875
18.0 3.265625
19.0 2.1171875
20.0 2.5078125
21.0 4.1015625
22.0 4.8125
23.0 2.59375
24.0 6.359375
25.0 4.25
26.0 0.0
27.0 7.5703125
28.0 5.5625
29.0 4.1015625
30.0 3.2890625
31.0 2.484375
32.0 2.421875
33.0 3.9375
34.0 2.8203125
35.0 3.9765625
36.0 2.6640625
37.0 2.578125
38.0 3.140625
39.0 4.59375
40.0 2.4296875
41.0 7.015625
42.0 5.9921875
43.0 5.2265625
44.0 5.546875
45.0 5.484375
46.0 3.234375
47.0 0.0
48.0 7.25
49.0 4.265625
50.0 5.8515625
51.0 5.828125
52.0 5.9140625
53.0 6.0
54.0 4.5078125
55.0 0.0
56.0 10.0546875
57.0 5.3515625
58.0 6.2109375
59.0 5.2890625
60.0 0.984375
61.0 11.0703125
62.0 6.53125
63.0 5.203125
64.0 4.859375
65.0 5.0546875
66.0 4.9609375
67.0 4.796875
68.0 4.5703125
69.0 3.1796875
70.0 0.4921875
71.0 9.265625
72.0 4.9921875
73.0 2.3125
74.0 8.015625
75.0 5.515625
76.0 5.5234375
77.0 5.4609375
78.0 6.2734375
79.0 4.8046875
80.0 5.2578125
81.0 7.3359375
82.0 6.984375
83.0 6.2890625
84.0 1.6796875
85.0 6.625
86.0 4.328125
87.0 4.453125
88.0 4.59375
89.0 5.5859375
90.0 6.2890625
91.0 6.0859375
92.0 6.765625
93.0 5.1328125
94.0 5.8203125
95.0 4.6953125
96.0 4.359375
97.0 3.671875
98.0 0.6328125
99.0 8.34375
100.0 5.0859375
101.0 4.921875
102.0 4.25
103.0 5.1015625
104.0 5.3671875
105.0 4.296875
106.0 4.8046875
107.0 4.328125
108.0 3.9453125
109.0 3.65625
110.0 1.0859375
111.0 7.1328125
112.0 3.7421875
113.0 2.8671875
114.0 6.203125
115.0 5.7578125
116.0 5.640625
117.0 4.78125
118.0 5.4609375
119.0 4.828125
120.0 3.65625
121.0 4.7109375
122.0 5.3203125
123.0 4.90625
124.0 3.890625
125.0 4.0390625
126.0 4.1484375
127.0 0.4296875
128.0 8.5546875
129.0 5.4921875
130.0 5.203125
131.0 2.4140625
132.0 6.5859375
133.0 3.625
134.0 3.765625
135.0 4.390625
136.0 2.1015625
137.0 2.3046875
138.0 3.8046875
139.0 4.3671875
140.0 4.53125
141.0 3.3125
142.0 1.3828125
143.0 0.6953125
144.0 1.890625
145.0 0.0
146.0 5.8125
147.0 1.8984375
148.0 1.65625
149.0 2.8359375
150.0 4.4765625
151.0 4.1328125
152.0 3.0546875
153.0 0.25
154.0 8.59375
155.0 3.921875
156.0 4.59375
157.0 4.1015625
158.0 3.34375
159.0 4.5703125
160.0 4.46875
161.0 4.0859375
162.0 1.890625
163.0 2.2734375
164.0 4.3359375
165.0 2.984375
166.0 4.7265625
167.0 2.34375
168.0 1.9375
169.0 2.8359375
170.0 1.8515625
171.0 0.671875
172.0 1.2578125
173.0 1.9375
174.0 0.3125
175.0 7.75
176.0 2.2421875
177.0 2.0625
178.0 3.5546875
179.0 4.515625
180.0 4.4140625
181.0 3.6796875
182.0 3.9921875
183.0 2.65625
184.0 2.5625
185.0 2.6640625
186.0 3.875
187.0 1.71875
188.0 0.0
189.0 6.8984375
190.0 5.0078125
191.0 5.0546875
192.0 5.421875
193.0 5.3828125
194.0 1.3515625
195.0 6.125
196.0 4.0546875
197.0 3.6484375
198.0 2.21875
199.0 2.03125
200.0 2.2734375
201.0 4.84375
202.0 5.421875
203.0 3.375
204.0 4.8046875
205.0 5.1015625
206.0 4.15625
207.0 2.5703125
208.0 0.0
209.0 5.8515625
210.0 4.8046875
211.0 3.40625
212.0 3.46875
213.0 2.1953125
214.0 0.421875
215.0 0.0
216.0 0.0
217.0 0.0
218.0 0.0
219.0 6.484375
220.0 4.0234375
221.0 2.84375
222.0 3.296875
223.0 4.453125
224.0 2.4609375
225.0 2.0703125
226.0 3.765625
227.0 5.546875
228.0 5.6953125
229.0 1.0
230.0 9.390625
231.0 3.5625
232.0 4.9453125
233.0 2.578125
234.0 0.8984375
235.0 1.9765625
236.0 0.640625
237.0 0.421875
238.0 0.3359375
239.0 1.203125
240.0 4.265625
241.0 5.578125
242.0 4.9609375
243.0 1.3125
244.0 0.0
245.0 7.65625
246.0 5.15625
247.0 2.7890625
248.0 0.0
249.0 0.0
250.0 6.1171875
251.0 0.3359375
252.0 3.328125
253.0 4.2734375
254.0 8.8984375
255.0 4.46875
256.0 4.9609375
257.0 3.890625
258.0 4.828125
259.0 6.3203125
260.0 6.2734375
261.0 3.875
262.0 7.8984375
263.0 4.0234375
264.0 7.1875
265.0 5.890625
266.0 2.6953125
267.0 1.0625
268.0 0.4609375
269.0 0.5546875
270.0 0.390625
271.0 0.0
272.0 3.9921875
273.0 4.3515625
274.0 4.953125
275.0 5.34375
276.0 5.2265625
277.0 2.3671875
278.0 1.4453125
279.0 1.40625
280.0 3.1171875
281.0 4.421875
282.0 4.46875
283.0 5.109375
284.0 5.5
285.0 4.796875
286.0 4.0078125
287.0 0.3671875
288.0 6.3515625
289.0 4.6484375
290.0 4.6015625
291.0 5.015625
292.0 2.953125
293.0 0.3359375
294.0 8.7421875
295.0 4.203125
296.0 2.7265625
297.0 3.609375
298.0 5.015625
299.0 3.7421875
300.0 4.0703125
301.0 3.234375
302.0 3.296875
303.0 0.5078125
304.0 8.6171875
305.0 5.90625
306.0 5.9140625
307.0 5.5625
308.0 5.703125
309.0 5.28125
310.0 5.0390625
311.0 5.046875
312.0 5.875
313.0 3.4453125
314.0 0.1796875
315.0 7.984375
316.0 3.25
317.0 1.8671875
318.0 1.5859375
319.0 2.21875
320.0 1.8671875
321.0 0.6328125
322.0 0.0
323.0 0.0
324.0 4.3984375
325.0 0.34375
326.0 0.3671875
327.0 0.6171875
328.0 1.234375
329.0 0.0
330.0 0.0
331.0 0.0
332.0 0.515625
333.0 0.703125
334.0 0.8828125
335.0 0.6171875
336.0 1.1328125
337.0 1.359375
338.0 2.65625
339.0 1.5078125
340.0 1.03125
341.0 1.8671875
342.0 1.8671875
343.0 0.3671875
344.0 0.0
345.0 0.0
346.0 0.0
347.0 5.75
348.0 2.0703125
349.0 1.4921875
350.0 1.03125
351.0 0.6015625
352.0 0.9453125
353.0 1.4140625
354.0 1.609375
355.0 1.078125
356.0 0.703125
357.0 1.5234375
358.0 1.8828125
359.0 0.328125
360.0 0.0
361.0 0.0
362.0 0.0
363.0 4.8984375
364.0 1.765625
365.0 1.5
366.0 1.609375
367.0 1.8515625
368.0 1.3515625
369.0 1.09375
370.0 0.1328125
371.0 0.0
372.0 0.0
373.0 6.4375
374.0 2.7421875
375.0 3.0546875
376.0 2.7578125
377.0 2.5625
378.0 2.25
379.0 2.6015625
380.0 2.328125
381.0 2.8515625
382.0 1.1953125
383.0 0.5703125
384.0 1.0234375
385.0 0.6875
386.0 0.0
387.0 4.9453125
388.0 2.015625
389.0 1.609375
390.0 1.6875
391.0 0.90625
392.0 1.1953125
393.0 1.59375
394.0 1.7421875
395.0 0.4296875
396.0 0.0
397.0 0.0
398.0 0.34375
399.0 4.859375
400.0 0.5546875
401.0 0.6640625
402.0 0.640625
403.0 0.3671875
404.0 1.171875
405.0 2.65625
406.0 1.7578125
407.0 2.8515625
408.0 3.046875
409.0 3.765625
410.0 2.9609375
411.0 2.3984375
412.0 3.859375
413.0 3.1640625
414.0 1.4453125
415.0 0.0
416.0 4.859375
417.0 1.671875
418.0 0.9296875
419.0 0.8203125
420.0 1.0
421.0 1.3125
422.0 2.65625
423.0 2.5703125
424.0 2.0625
425.0 1.0625
426.0 0.0
427.0 0.0
428.0 4.453125
429.0 2.0078125
430.0 2.7421875
431.0 2.7109375
432.0 3.328125
433.0 2.953125
434.0 2.3984375
435.0 2.015625
436.0 1.1328125
437.0 1.140625
438.0 1.203125
439.0 1.3515625
440.0 2.03125
441.0 2.125
442.0 0.1875
443.0 0.0
444.0 7.671875
445.0 2.6015625
446.0 2.1796875
447.0 1.9453125
448.0 0.0
449.0 7.6328125
450.0 3.203125
451.0 2.1875
452.0 1.4921875
453.0 1.8515625
454.0 2.4765625
455.0 2.5234375
456.0 2.390625
457.0 3.015625
458.0 2.3984375
459.0 2.0078125
460.0 0.609375
461.0 5.0703125
462.0 2.578125
463.0 1.5234375
464.0 2.0
465.0 2.7109375
466.0 2.9609375
467.0 2.1015625
468.0 0.25
469.0 0.0
470.0 0.0
471.0 6.0234375
472.0 0.4921875
473.0 0.8125
474.0 1.53125
475.0 1.40625
476.0 1.1953125
477.0 2.8515625
478.0 2.8515625
479.0 1.625
480.0 1.5
481.0 2.671875
482.0 1.984375
483.0 0.8046875
484.0 0.0
485.0 0.0
486.0 0.0
487.0 5.046875
488.0 2.0859375
489.0 2.125
490.0 2.6328125
491.0 2.2421875
492.0 2.359375
493.0 1.0234375
494.0 0.0
495.0 5.4375
496.0 2.1796875
497.0 1.7421875
498.0 2.5703125
499.0 2.21875
500.0 2.0703125
501.0 2.03125
502.0 2.0625
503.0 1.34375
504.0 0.8828125
505.0 2.15625
506.0 1.703125
507.0 0.0
508.0 0.0
509.0 7.140625
510.0 3.2578125
511.0 2.3125
512.0 2.5078125
513.0 2.0625
514.0 1.640625
515.0 1.5078125
516.0 0.1796875
517.0 0.0
518.0 5.4921875
519.0 2.4140625
520.0 2.546875
521.0 2.421875
522.0 2.7421875
523.0 2.6328125
524.0 3.25
525.0 2.1953125
526.0 2.9375
527.0 3.28125
528.0 3.1796875
529.0 2.5234375
530.0 0.0
531.0 5.0390625
532.0 3.5
533.0 3.3515625
534.0 2.96875
535.0 2.1484375
536.0 2.2109375
537.0 0.0078125
538.0 0.0
539.0 5.4296875
540.0 1.7421875
541.0 1.46875
542.0 1.984375
543.0 3.203125
544.0 3.328125
545.0 1.2578125
546.0 2.3984375
547.0 2.34375
548.0 2.6015625
549.0 3.546875
550.0 2.8046875
551.0 0.0
552.0 6.84375
553.0 2.3671875
554.0 2.4296875
555.0 0.9453125
556.0 0.8515625
557.0 0.0
558.0 7.5234375
559.0 3.3515625
560.0 2.8046875
561.0 2.4453125
562.0 3.34375
563.0 3.25
564.0 2.8125
565.0 3.3203125
566.0 2.8125
567.0 3.4921875
568.0 3.5
569.0 2.4609375
570.0 0.0
571.0 7.109375
572.0 2.5078125
573.0 2.1328125
574.0 2.515625
575.0 0.5859375
576.0 0.0
577.0 5.484375
578.0 1.359375
579.0 2.015625
580.0 2.359375
581.0 2.7578125
582.0 3.0
583.0 2.34375
584.0 1.5546875
585.0 2.1875
586.0 1.7578125
587.0 1.3125
588.0 0.0
589.0 5.0078125
590.0 1.5703125
591.0 1.921875
592.0 1.2109375
593.0 2.0625
594.0 1.59375
595.0 0.5234375
596.0 0.0
597.0 5.9609375
598.0 2.4453125
599.0 2.890625
