0.0 4.5
1.0 4.515625
2.0 4.5703125
3.0 4.0078125
4.0 3.078125
5.0 7.2578125
6.0 2.0859375
7.0 7.0625
8.0 4.875
9.0 5.1640625
10.0 5.1328125
11.0 5.078125
12.0 4.921875
13.0 4.9453125
14.0 2.1328125
15.0 5.375
16.0 6.5078125
17.0 4.5625
18.0 5.046875
19.0 5.1640625
20.0 5.1640625
21.0 5.15625
22.0 5.140625
23.0 4.9609375
24.0 5.015625
25.0 4.0859375
26.0 3.5546875
27.0 3.078125
28.0 2.71875
29.0 2.75
30.0 2.0703125
31.0 6.4140625
32.0 4.7421875
33.0 4.90625
34.0 4.9609375
35.0 4.71875
36.0 4.4296875
37.0 4.84375
38.0 5.15625
39.0 4.796875
40.0 5.1328125
41.0 5.1640625
42.0 5.25
43.0 5.46875
44.0 5.3125
45.0 5.2890625
46.0 5.2578125
47.0 4.9296875
48.0 4.9453125
49.0 5.1015625
50.0 3.515625
51.0 6.5078125
52.0 2.4609375
53.0 7.8984375
54.0 5.15625
55.0 5.1328125
56.0 5.2578125
57.0 5.15625
58.0 5.3203125
59.0 5.453125
60.0 5.203125
61.0 5.28125
62.0 5.0390625
63.0 5.1875
64.0 5.3203125
65.0 5.3671875
66.0 1.9453125
67.0 8.8515625
68.0 5.1953125
69.0 5.6328125
70.0 5.484375
71.0 4.1875
72.0 6.2578125
73.0 5.046875
74.0 5.125
75.0 5.34375
76.0 5.171875
77.0 5.4296875
78.0 5.34375
79.0 5.1875
80.0 5.25
81.0 5.25
82.0 5.3671875
83.0 5.3203125
84.0 1.8203125
85.0 8.859375
86.0 4.65625
87.0 4.7578125
88.0 4.0
89.0 0.984375
90.0 0.0
91.0 6.1171875
92.0 4.9921875
93.0 4.8984375
94.0 4.75
95.0 2.578125
96.0 4.8359375
97.0 5.453125
98.0 5.453125
99.0 5.109375
100.0 5.203125
101.0 4.984375
102.0 5.0703125
103.0 1.828125
104.0 8.59375
105.0 5.375
106.0 5.21875
107.0 1.2890625
108.0 0.0
109.0 0.0
110.0 0.0
111.0 0.0
112.0 0.0
113.0 0.0
114.0 6.0625
115.0 4.5390625
116.0 2.28125
117.0 6.2734375
118.0 6.265625
119.0 5.0078125
120.0 4.6640625
121.0 4.5703125
122.0 5.078125
123.0 4.609375
124.0 4.828125
125.0 5.1015625
126.0 4.9296875
127.0 5.5234375
128.0 5.3046875
129.0 5.3515625
130.0 5.3828125
131.0 5.3125
132.0 1.3515625
133.0 9.5234375
134.0 5.5234375
135.0 5.5
136.0 1.640625
137.0 8.859375
138.0 2.390625
139.0 7.2734375
140.0 4.71875
141.0 3.40625
142.0 3.1640625
143.0 4.71875
144.0 4.9921875
145.0 5.1328125
146.0 5.078125
147.0 5.0546875
148.0 4.8046875
149.0 3.625
150.0 4.84375
151.0 5.046875
152.0 0.75
153.0 9.1953125
154.0 5.015625
155.0 5.0703125
156.0 4.6875
157.0 2.4453125
158.0 7.8203125
159.0 4.9453125
160.0 5.0859375
161.0 5.2265625
162.0 5.4609375
163.0 5.3046875
164.0 5.4296875
165.0 5.171875
166.0 5.3984375
167.0 5.2578125
168.0 2.375
169.0 8.640625
170.0 5.6015625
171.0 5.3046875
172.0 5.375
173.0 5.1953125
174.0 5.015625
175.0 4.890625
176.0 4.0859375
177.0 4.0546875
178.0 1.0625
179.0 6.0234375
180.0 4.9296875
181.0 5.0546875
182.0 5.421875
183.0 5.2734375
184.0 5.0859375
185.0 5.21875
186.0 5.3515625
187.0 5.34375
188.0 5.25
189.0 5.3359375
190.0 5.2734375
191.0 5.4375
192.0 0.9375
193.0 9.90625
194.0 5.421875
195.0 5.3984375
196.0 5.3046875
197.0 3.9453125
198.0 6.5078125
199.0 5.203125
200.0 5.140625
201.0 5.0078125
202.0 5.21875
203.0 5.078125
204.0 5.1953125
205.0 5.046875
206.0 5.2265625
207.0 5.2265625
208.0 5.1015625
209.0 2.9296875
210.0 7.5546875
211.0 5.1640625
212.0 5.3046875
213.0 5.5
214.0 5.3515625
215.0 5.0859375
216.0 5.546875
217.0 5.0703125
218.0 5.1875
219.0 5.3125
220.0 5.3515625
221.0 5.546875
222.0 5.6328125
223.0 5.2890625
224.0 5.515625
225.0 5.4375
226.0 5.4375
227.0 5.2578125
228.0 1.7109375
229.0 8.375
230.0 4.953125
231.0 5.125
232.0 2.234375
233.0 7.5703125
234.0 4.7265625
235.0 4.921875
236.0 4.625
237.0 4.578125
238.0 4.3984375
239.0 4.84375
240.0 4.9609375
241.0 4.5703125
242.0 4.0390625
243.0 3.3515625
244.0 1.7421875
245.0 0.0
246.0 6.9921875
247.0 0.9140625
248.0 3.578125
249.0 3.34375
250.0 3.28125
251.0 4.15625
252.0 4.2109375
253.0 0.0
254.0 6.390625
255.0 2.8984375
256.0 3.0703125
257.0 2.546875
258.0 0.0
259.0 6.6171875
260.0 4.1171875
261.0 5.2578125
262.0 5.1328125
263.0 5.3671875
264.0 5.140625
265.0 5.25
266.0 5.28125
267.0 4.984375
268.0 4.859375
269.0 3.46875
270.0 3.2265625
271.0 2.25
272.0 0.0
273.0 7.46875
274.0 3.1953125
275.0 3.2578125
276.0 3.0234375
277.0 1.640625
278.0 0.0
279.0 7.3671875
280.0 3.328125
281.0 3.1171875
282.0 4.7578125
283.0 5.34375
284.0 5.25
285.0 5.28125
286.0 5.4296875
287.0 5.421875
288.0 5.1875
289.0 5.3125
290.0 5.3671875
291.0 1.9140625
292.0 8.8515625
293.0 5.4296875
294.0 5.046875
295.0 3.3125
296.0 0.0
297.0 6.8671875
298.0 1.0234375
299.0 2.5625
300.0 3.3125
301.0 3.2890625
302.0 3.671875
303.0 5.1875
304.0 5.40625
305.0 5.3125
306.0 5.1875
307.0 5.125
308.0 5.109375
309.0 5.0703125
310.0 4.7734375
311.0 4.296875
312.0 3.578125
313.0 1.5390625
314.0 0.0
315.0 7.390625
316.0 3.0390625
317.0 3.1328125
318.0 3.171875
319.0 3.5625
320.0 3.8515625
321.0 3.3125
322.0 3.2890625
323.0 3.078125
324.0 3.4609375
325.0 3.609375
326.0 3.578125
327.0 0.0
328.0 8.4609375
329.0 3.65625
330.0 2.890625
331.0 2.875
332.0 4.0078125
333.0 3.5
334.0 1.796875
335.0 5.125
336.0 3.234375
337.0 3.6171875
338.0 3.6484375
339.0 3.1796875
340.0 0.0
341.0 6.75
342.0 2.890625
343.0 3.2890625
344.0 3.1640625
345.0 3.078125
346.0 3.109375
347.0 2.953125
348.0 2.890625
349.0 3.328125
350.0 1.421875
351.0 4.203125
352.0 3.3828125
353.0 3.796875
354.0 5.234375
355.0 5.1640625
356.0 3.3125
357.0 3.9140625
358.0 1.984375
359.0 6.4765625
360.0 2.03125
361.0 7.7265625
362.0 5.015625
363.0 5.1875
364.0 5.171875
365.0 5.375
366.0 5.3515625
367.0 5.28125
368.0 5.1015625
369.0 5.1875
370.0 4.921875
371.0 5.1015625
372.0 4.953125
373.0 4.8671875
374.0 5.015625
375.0 5.3359375
376.0 5.28125
377.0 5.4296875
378.0 3.8203125
379.0 6.6640625
380.0 5.203125
381.0 5.1640625
382.0 4.796875
383.0 1.4453125
384.0 8.359375
385.0 4.7109375
386.0 4.9921875
387.0 5.3828125
388.0 5.375
389.0 5.46875
390.0 5.171875
391.0 5.171875
392.0 5.125
393.0 4.9921875
394.0 5.0390625
395.0 5.109375
396.0 2.5234375
397.0 7.0625
398.0 4.8671875
399.0 5.5234375
400.0 5.40625
401.0 3.5234375
402.0 7.2109375
403.0 5.3046875
404.0 5.3984375
405.0 5.34375
406.0 4.9296875
407.0 1.265625
408.0 8.0
409.0 5.453125
410.0 2.4296875
411.0 8.109375
412.0 5.015625
413.0 5.203125
414.0 5.578125
415.0 5.578125
416.0 4.6640625
417.0 3.671875
418.0 4.71875
419.0 4.3671875
420.0 4.359375
421.0 4.0234375
422.0 3.96875
423.0 4.28125
424.0 2.421875
425.0 6.078125
426.0 4.9453125
427.0 4.9453125
428.0 4.921875
429.0 4.2421875
430.0 5.6953125
431.0 5.2890625
432.0 5.1875
433.0 5.1640625
434.0 5.1875
435.0 4.984375
436.0 4.9609375
437.0 5.0546875
438.0 5.0234375
439.0 4.8359375
440.0 4.90625
441.0 5.0859375
442.0 4.3515625
443.0 6.3046875
444.0 5.3046875
445.0 4.46875
446.0 2.6875
447.0 6.234375
448.0 4.7265625
449.0 4.8984375
450.0 2.6015625
451.0 7.609375
452.0 4.90625
453.0 5.7109375
454.0 5.34375
455.0 5.1953125
456.0 5.1640625
457.0 4.7578125
458.0 4.546875
459.0 4.9921875
460.0 4.828125
461.0 4.890625
462.0 4.9921875
463.0 4.390625
464.0 1.890625
465.0 7.2734375
466.0 4.9921875
467.0 4.6953125
468.0 4.3515625
469.0 5.453125
470.0 4.984375
471.0 5.2734375
472.0 5.0859375
473.0 4.65625
474.0 4.65625
475.0 4.796875
476.0 2.3125
477.0 7.359375
478.0 5.1328125
479.0 4.9765625
480.0 4.84375
481.0 4.7734375
482.0 4.90625
483.0 5.0078125
484.0 5.171875
485.0 5.25
486.0 5.2734375
487.0 5.1875
488.0 5.453125
489.0 5.3515625
490.0 1.109375
491.0 9.25
492.0 2.4765625
493.0 7.8203125
494.0 5.453125
495.0 5.171875
496.0 5.1875
497.0 5.25
498.0 5.0859375
499.0 5.15625
500.0 5.140625
501.0 5.28125
502.0 5.375
503.0 5.3984375
504.0 5.3671875
505.0 5.4296875
506.0 1.5859375
507.0 8.953125
508.0 5.21875
509.0 5.4921875
510.0 5.4609375
511.0 1.9765625
512.0 8.46875
513.0 5.0234375
514.0 5.0234375
515.0 5.28125
516.0 5.1015625
517.0 5.234375
518.0 4.6796875
519.0 5.1015625
520.0 5.140625
521.0 5.109375
522.0 4.8046875
523.0 4.7734375
524.0 0.5390625
525.0 9.6015625
526.0 5.125
527.0 5.0859375
528.0 5.25
529.0 4.3046875
530.0 6.328125
531.0 5.3359375
532.0 5.0390625
533.0 5.5625
534.0 5.3828125
535.0 5.1875
536.0 5.3359375
537.0 5.234375
538.0 4.65625
539.0 4.625
540.0 4.953125
541.0 5.015625
542.0 3.4921875
543.0 6.984375
544.0 5.40625
545.0 5.1328125
546.0 3.828125
547.0 7.4921875
548.0 5.3515625
549.0 5.34375
550.0 5.3125
551.0 5.234375
552.0 5.3046875
553.0 5.3359375
554.0 5.2578125
555.0 5.5
556.0 5.3671875
557.0 5.578125
558.0 2.484375
559.0 7.96875
560.0 5.234375
561.0 5.1328125
562.0 2.5078125
563.0 8.03125
564.0 5.1875
565.0 5.234375
566.0 2.5703125
567.0 7.65625
568.0 2.4765625
569.0 8.078125
570.0 5.21875
571.0 5.4921875
572.0 5.2890625
573.0 5.015625
574.0 5.4375
575.0 5.4296875
576.0 5.3515625
577.0 5.2578125
578.0 2.484375
579.0 7.8984375
580.0 5.3046875
581.0 5.15625
582.0 2.5234375
583.0 7.875
584.0 5.5234375
585.0 5.1640625
586.0 5.2890625
587.0 5.3984375
588.0 5.21875
589.0 5.1015625
590.0 4.84375
591.0 5.1875
592.0 5.1953125
593.0 4.65625
594.0 4.359375
595.0 4.9609375
596.0 5.015625
597.0 0.1796875
598.0 9.875
599.0 4.171875
