0.0 4.6484375
1.0 4.28125
2.0 5.046875
3.0 4.71875
4.0 4.9296875
5.0 5.1875
6.0 5.6796875
7.0 5.4609375
8.0 5.6328125
9.0 4.421875
10.0 6.0625
11.0 5.1953125
12.0 5.5859375
13.0 5.453125
14.0 5.2265625
15.0 0.7578125
16.0 8.921875
17.0 4.8671875
18.0 4.7734375
19.0 4.78125
20.0 4.578125
21.0 4.5
22.0 4.71875
23.0 4.796875
24.0 5.1015625
25.0 4.421875
26.0 3.609375
27.0 5.734375
28.0 4.8046875
29.0 4.75
30.0 4.65625
31.0 4.546875
32.0 1.1484375
33.0 8.3125
34.0 4.53125
35.0 4.390625
36.0 4.53125
37.0 4.890625
38.0 4.890625
39.0 5.2734375
40.0 4.890625
41.0 4.71875
42.0 4.53125
43.0 4.515625
44.0 4.5
45.0 2.9609375
46.0 5.9609375
47.0 4.515625
48.0 4.609375
49.0 4.6953125
50.0 4.4453125
51.0 4.6796875
52.0 3.53125
53.0 5.6015625
54.0 5.015625
55.0 5.046875
56.0 5.2734375
57.0 5.1640625
58.0 5.4375
59.0 5.078125
60.0 5.234375
61.0 5.4921875
62.0 5.1953125
63.0 5.0703125
64.0 5.140625
65.0 5.2734375
66.0 2.1484375
67.0 8.140625
68.0 4.890625
69.0 5.2890625
70.0 5.203125
71.0 1.7578125
72.0 8.65625
73.0 5.4921875
74.0 5.375
75.0 5.40625
76.0 4.8671875
77.0 4.1015625
78.0 5.3359375
79.0 2.328125
80.0 6.859375
81.0 3.640625
82.0 5.171875
83.0 1.890625
84.0 7.109375
85.0 4.5
86.0 4.7265625
87.0 4.8125
88.0 5.1953125
89.0 4.6953125
90.0 3.046875
91.0 3.2578125
92.0 3.1953125
93.0 3.234375
94.0 3.1640625
95.0 2.9609375
96.0 3.140625
97.0 2.5703125
98.0 0.0
99.0 7.6875
100.0 3.375
101.0 3.4609375
102.0 3.25
103.0 1.734375
104.0 6.296875
105.0 5.3125
106.0 5.375
107.0 2.375
108.0 8.109375
109.0 4.0234375
110.0 4.0
111.0 4.78125
112.0 4.1328125
113.0 3.96875
114.0 4.3984375
115.0 3.4453125
116.0 4.2109375
117.0 4.265625
118.0 4.515625
119.0 4.796875
120.0 4.0703125
121.0 0.9453125
122.0 6.984375
123.0 3.65625
124.0 3.8515625
125.0 4.0078125
126.0 3.3828125
127.0 0.2265625
128.0 8.375
129.0 3.4140625
130.0 3.0859375
131.0 3.078125
132.0 3.1328125
133.0 4.6640625
134.0 4.7578125
135.0 5.0546875
136.0 4.2109375
137.0 4.3984375
138.0 5.3046875
139.0 5.3984375
140.0 2.3046875
141.0 8.9140625
142.0 4.71875
143.0 5.734375
144.0 5.78125
145.0 4.9765625
146.0 6.53125
147.0 5.125
148.0 5.25
149.0 5.84375
150.0 5.6484375
151.0 4.1875
152.0 2.59375
153.0 3.015625
154.0 4.421875
155.0 5.1015625
156.0 5.3125
157.0 5.1875
158.0 0.7890625
159.0 9.875
160.0 5.4609375
161.0 5.546875
162.0 3.8203125
163.0 2.5703125
164.0 0.0
165.0 8.859375
166.0 5.140625
167.0 5.2734375
168.0 5.1875
169.0 5.1328125
170.0 5.21875
171.0 4.859375
172.0 4.921875
173.0 4.984375
174.0 5.171875
175.0 5.0390625
176.0 5.0234375
177.0 4.984375
178.0 4.9921875
179.0 5.078125
180.0 5.2578125
181.0 5.3828125
182.0 5.4375
183.0 5.1015625
184.0 5.28125
185.0 5.484375
186.0 0.765625
187.0 9.4453125
188.0 5.3359375
189.0 4.5390625
190.0 3.8828125
191.0 0.0390625
192.0 9.21875
193.0 5.046875
194.0 5.40625
195.0 5.3125
196.0 4.421875
197.0 4.0859375
198.0 3.796875
199.0 5.53125
200.0 5.28125
201.0 5.5234375
202.0 4.9921875
203.0 4.90625
204.0 1.734375
205.0 6.1484375
206.0 8.8359375
207.0 5.90625
208.0 5.6171875
209.0 5.4375
210.0 4.8359375
211.0 2.0703125
212.0 8.0546875
213.0 5.546875
214.0 5.578125
215.0 4.65625
216.0 3.0703125
217.0 1.046875
218.0 3.265625
219.0 3.046875
220.0 5.15625
221.0 5.4375
222.0 5.203125
223.0 4.7734375
224.0 4.359375
225.0 5.015625
226.0 5.5234375
227.0 5.3671875
228.0 4.0
229.0 1.2890625
230.0 9.6015625
231.0 5.4375
232.0 5.375
233.0 5.703125
234.0 3.6796875
235.0 5.5859375
236.0 5.1015625
237.0 4.578125
238.0 4.8984375
239.0 4.46875
240.0 5.4609375
241.0 4.6875
242.0 3.875
243.0 3.828125
244.0 4.0859375
245.0 4.1875
246.0 4.4453125
247.0 0.9921875
248.0 8.1640625
249.0 4.1796875
250.0 4.515625
251.0 4.78125
252.0 4.609375
253.0 0.0
254.0 8.59375
255.0 4.0
256.0 4.421875
257.0 4.609375
258.0 4.59375
259.0 5.1640625
260.0 5.078125
261.0 4.46875
262.0 4.4296875
263.0 4.6640625
264.0 5.21875
265.0 4.0390625
266.0 0.0
267.0 9.15625
268.0 4.2734375
269.0 4.7578125
270.0 4.3515625
271.0 5.0546875
272.0 5.1875
273.0 4.3359375
274.0 3.90625
275.0 4.3203125
276.0 4.234375
277.0 4.3359375
278.0 4.296875
279.0 4.3359375
280.0 4.9296875
281.0 4.546875
282.0 5.515625
283.0 5.9453125
284.0 6.3203125
285.0 6.0078125
286.0 5.5234375
287.0 5.5859375
288.0 5.40625
289.0 0.5390625
290.0 9.0078125
291.0 4.546875
292.0 4.875
293.0 5.4296875
294.0 5.640625
295.0 5.4375
296.0 5.3671875
297.0 5.5
298.0 5.453125
299.0 5.234375
300.0 4.0
301.0 6.125
302.0 4.8671875
303.0 4.8359375
304.0 5.5859375
305.0 5.015625
306.0 5.765625
307.0 2.453125
308.0 8.359375
309.0 2.359375
310.0 7.9609375
311.0 5.1875
312.0 4.6328125
313.0 5.1015625
314.0 5.609375
315.0 4.953125
316.0 3.25
317.0 3.1640625
318.0 3.671875
319.0 4.796875
320.0 5.765625
321.0 5.5234375
322.0 4.46875
323.0 6.4375
324.0 5.5546875
325.0 5.546875
326.0 5.3828125
327.0 5.8515625
328.0 5.8515625
329.0 5.15625
330.0 5.3046875
331.0 5.078125
332.0 4.9921875
333.0 4.9453125
334.0 4.84375
335.0 4.8984375
336.0 4.4453125
337.0 5.1328125
338.0 5.21875
339.0 0.8046875
340.0 10.609375
341.0 6.0859375
342.0 5.96875
343.0 5.2578125
344.0 2.9921875
345.0 0.9140625
346.0 9.3046875
347.0 4.9765625
348.0 3.3828125
349.0 4.3828125
350.0 5.9296875
351.0 6.3046875
352.0 5.5
353.0 5.3671875
354.0 5.5625
355.0 5.4609375
356.0 3.296875
357.0 2.3125
358.0 0.40625
359.0 0.0
360.0 7.46875
361.0 4.3203125
362.0 4.59375
363.0 5.109375
364.0 4.5703125
365.0 4.9453125
366.0 5.1875
367.0 4.9609375
368.0 3.90625
369.0 6.625
370.0 5.2890625
371.0 5.4609375
372.0 5.21875
373.0 5.125
374.0 4.8984375
375.0 4.4296875
376.0 4.796875
377.0 3.7578125
378.0 2.7109375
379.0 4.65625
380.0 5.0546875
381.0 3.765625
382.0 0.0
383.0 8.0234375
384.0 4.953125
385.0 4.90625
386.0 4.65625
387.0 2.3046875
388.0 8.296875
389.0 5.6953125
390.0 5.0390625
391.0 4.2734375
392.0 3.2890625
393.0 3.234375
394.0 4.3984375
395.0 4.5078125
396.0 5.5
397.0 5.6484375
398.0 5.5
399.0 5.375
400.0 2.15625
401.0 8.40625
402.0 5.484375
403.0 5.6328125
404.0 5.7265625
405.0 2.421875
406.0 8.640625
407.0 5.515625
408.0 5.3984375
409.0 5.421875
410.0 5.53125
411.0 5.578125
412.0 5.6484375
413.0 5.890625
414.0 5.8828125
415.0 5.5859375
416.0 5.828125
417.0 5.484375
418.0 3.3203125
419.0 6.9609375
420.0 5.28125
421.0 5.4609375
422.0 1.6484375
423.0 9.1328125
424.0 5.3828125
425.0 5.0234375
426.0 5.015625
427.0 5.453125
428.0 5.84375
429.0 2.71875
430.0 8.296875
431.0 2.5234375
432.0 8.65625
433.0 5.5625
434.0 5.6015625
435.0 5.703125
436.0 5.421875
437.0 5.53125
438.0 5.765625
439.0 5.3125
440.0 5.21875
441.0 5.34375
442.0 5.0234375
443.0 5.1015625
444.0 5.21875
445.0 5.609375
446.0 5.8828125
447.0 5.484375
448.0 5.78125
449.0 5.6640625
450.0 5.4921875
451.0 5.8125
452.0 5.6328125
453.0 5.5546875
454.0 2.4296875
455.0 8.703125
456.0 5.7578125
457.0 5.6484375
458.0 5.8125
459.0 1.6796875
460.0 9.046875
461.0 5.3671875
462.0 5.8125
463.0 5.6328125
464.0 4.3359375
465.0 4.2421875
466.0 5.140625
467.0 5.8515625
468.0 5.7265625
469.0 2.78125
470.0 8.2734375
471.0 5.5
472.0 5.5625
473.0 5.6015625
474.0 4.25
475.0 6.171875
476.0 4.984375
477.0 4.953125
478.0 4.3984375
479.0 4.7578125
480.0 4.78125
481.0 4.875
482.0 5.3828125
483.0 5.3125
484.0 5.0234375
485.0 5.1015625
486.0 5.0859375
487.0 5.0703125
488.0 4.171875
489.0 5.5625
490.0 4.984375
491.0 5.1015625
492.0 5.0390625
493.0 4.9921875
494.0 0.0625
495.0 9.953125
496.0 5.5546875
497.0 5.2734375
498.0 5.1953125
499.0 5.203125
500.0 5.0390625
501.0 5.125
502.0 5.3984375
503.0 5.546875
504.0 5.40625
505.0 5.3828125
506.0 3.109375
507.0 7.6953125
508.0 5.5859375
509.0 5.3046875
510.0 5.2578125
511.0 4.15625
512.0 6.4375
513.0 5.3359375
514.0 5.34375
515.0 5.515625
516.0 5.5234375
517.0 5.21875
518.0 5.1640625
519.0 5.1953125
520.0 5.2890625
521.0 5.1875
522.0 4.328125
523.0 0.1875
524.0 6.2890625
525.0 1.078125
526.0 0.8671875
527.0 2.6953125
528.0 3.53125
529.0 4.3203125
530.0 4.984375
531.0 5.453125
532.0 5.34375
533.0 2.609375
534.0 7.9296875
535.0 5.4296875
536.0 5.375
537.0 5.25
538.0 4.1328125
539.0 6.40625
540.0 5.203125
541.0 5.203125
542.0 5.0078125
543.0 5.1640625
544.0 5.109375
545.0 5.3515625
546.0 5.234375
547.0 5.140625
548.0 5.3046875
549.0 5.2734375
550.0 4.3984375
551.0 5.9453125
552.0 5.2734375
553.0 5.3359375
554.0 5.5859375
555.0 5.2734375
556.0 1.2890625
557.0 9.375
558.0 5.203125
559.0 5.5546875
560.0 5.2734375
561.0 5.40625
562.0 5.4609375
563.0 5.234375
564.0 5.28125
565.0 4.59375
566.0 3.8203125
567.0 4.1328125
568.0 2.1015625
569.0 7.390625
570.0 5.546875
571.0 5.34375
572.0 5.546875
573.0 4.15625
574.0 6.390625
575.0 3.84375
576.0 4.796875
577.0 5.0234375
578.0 5.0546875
579.0 5.53125
580.0 5.5625
581.0 5.4609375
582.0 5.2578125
583.0 5.4296875
584.0 5.40625
585.0 5.2265625
586.0 2.78125
587.0 8.0
588.0 5.5625
589.0 5.46875
590.0 5.0078125
591.0 2.671875
592.0 6.921875
593.0 5.6484375
594.0 5.4296875
595.0 5.6171875
596.0 5.515625
597.0 5.6328125
598.0 5.53125
599.0 5.6796875
