0.0 4.46875
1.0 5.4609375
2.0 5.15625
3.0 3.9140625
4.0 2.7265625
5.0 3.8046875
6.0 0.0
7.0 5.9609375
8.0 3.1015625
9.0 2.21875
10.0 3.015625
11.0 4.53125
12.0 5.109375
13.0 1.34375
14.0 0.0
15.0 5.421875
16.0 1.359375
17.0 5.0390625
18.0 3.40625
19.0 5.234375
20.0 5.1015625
21.0 3.1328125
22.0 5.8125
23.0 5.8203125
24.0 5.9453125
25.0 5.8125
26.0 2.4140625
27.0 7.765625
28.0 5.5859375
29.0 4.6640625
30.0 5.8203125
31.0 5.703125
32.0 5.9453125
33.0 6.296875
34.0 6.2421875
35.0 6.2265625
36.0 3.8046875
37.0 7.390625
38.0 6.0390625
39.0 5.765625
40.0 5.015625
41.0 6.09375
42.0 6.109375
43.0 6.0625
44.0 5.796875
45.0 5.9765625
46.0 5.859375
47.0 5.4375
48.0 6.15625
49.0 6.0078125
50.0 5.703125
51.0 6.2734375
52.0 5.796875
53.0 5.7109375
54.0 5.96875
55.0 6.0234375
56.0 2.1015625
57.0 10.5625
58.0 6.3203125
59.0 4.4296875
60.0 4.6875
61.0 5.5234375
62.0 5.5625
63.0 5.7890625
64.0 5.6484375
65.0 5.6171875
66.0 3.0703125
67.0 1.4921875
68.0 0.0
69.0 8.3203125
70.0 5.46875
71.0 4.7578125
72.0 5.5546875
73.0 4.8984375
74.0 1.46875
75.0 7.90625
76.0 5.96875
77.0 5.8125
78.0 5.25
79.0 5.3984375
80.0 5.84375
81.0 4.71875
82.0 6.0234375
83.0 5.46875
84.0 5.5234375
85.0 5.46875
86.0 5.5234375
87.0 4.4453125
88.0 3.109375
89.0 3.765625
90.0 4.265625
91.0 4.65625
92.0 5.5625
93.0 5.1015625
94.0 5.203125
95.0 4.875
96.0 5.3984375
97.0 5.53125
98.0 6.078125
99.0 6.1171875
100.0 4.0390625
101.0 7.0078125
102.0 5.6484375
103.0 5.3359375
104.0 5.1015625
105.0 5.15625
106.0 5.6796875
107.0 5.6484375
108.0 5.515625
109.0 5.3046875
110.0 4.890625
111.0 3.4609375
112.0 6.296875
113.0 4.265625
114.0 4.3359375
115.0 3.8203125
116.0 4.8984375
117.0 5.703125
118.0 5.6953125
119.0 5.3359375
120.0 2.4140625
121.0 7.7578125
122.0 5.3046875
123.0 5.875
124.0 5.671875
125.0 6.0
126.0 5.9453125
127.0 2.359375
128.0 9.625
129.0 5.78125
130.0 5.6953125
131.0 5.8125
132.0 6.0625
133.0 6.1796875
134.0 5.8125
135.0 5.2890625
136.0 5.703125
137.0 5.9375
138.0 6.0390625
139.0 6.2890625
140.0 6.09375
141.0 5.7578125
142.0 4.875
143.0 0.90625
144.0 5.078125
145.0 4.265625
146.0 5.734375
147.0 5.671875
148.0 5.671875
149.0 5.6171875
150.0 3.6953125
151.0 7.40625
152.0 5.6328125
153.0 5.859375
154.0 5.8125
155.0 5.8828125
156.0 5.609375
157.0 5.6484375
158.0 5.7265625
159.0 4.1015625
160.0 0.8671875
161.0 9.578125
162.0 5.5
163.0 5.859375
164.0 6.140625
165.0 4.28125
166.0 6.8359375
167.0 5.90625
168.0 5.828125
169.0 5.421875
170.0 4.875
171.0 4.234375
172.0 5.578125
173.0 4.890625
174.0 6.390625
175.0 5.5625
176.0 5.578125
177.0 5.515625
178.0 5.5
179.0 5.3515625
180.0 4.8984375
181.0 5.203125
182.0 4.2734375
183.0 4.7734375
184.0 5.8515625
185.0 5.1875
186.0 6.1796875
187.0 5.3984375
188.0 6.4375
189.0 5.109375
190.0 6.0625
191.0 5.875
192.0 5.3203125
193.0 5.5
194.0 5.578125
195.0 3.7890625
196.0 4.3203125
197.0 5.21875
198.0 4.84375
199.0 4.328125
200.0 3.4453125
201.0 4.15625
202.0 5.7109375
203.0 3.0703125
204.0 3.0546875
205.0 4.953125
206.0 4.359375
207.0 4.3203125
208.0 4.265625
209.0 5.6171875
210.0 5.015625
211.0 5.40625
212.0 1.625
213.0 9.8125
214.0 5.453125
215.0 5.4375
216.0 5.484375
217.0 5.53125
218.0 5.6171875
219.0 5.0546875
220.0 6.390625
221.0 5.4921875
222.0 6.2890625
223.0 5.5546875
224.0 6.234375
225.0 4.953125
226.0 3.7578125
227.0 5.734375
228.0 6.40625
229.0 6.0859375
230.0 5.6171875
231.0 5.796875
232.0 5.828125
233.0 6.1484375
234.0 5.90625
235.0 6.0625
236.0 5.9375
237.0 2.0703125
238.0 5.546875
239.0 3.4921875
240.0 3.6484375
241.0 4.6484375
242.0 5.6015625
243.0 5.9375
244.0 5.15625
245.0 4.203125
246.0 6.078125
247.0 5.53125
248.0 5.2734375
249.0 5.28125
250.0 5.4921875
251.0 5.3828125
252.0 4.578125
253.0 5.2890625
254.0 5.234375
255.0 4.1875
256.0 5.3359375
257.0 5.171875
258.0 4.6640625
259.0 0.2109375
260.0 10.21875
261.0 5.3671875
262.0 5.1875
263.0 0.9453125
264.0 10.1328125
265.0 5.484375
266.0 5.3203125
267.0 3.7578125
268.0 3.109375
269.0 4.90625
270.0 2.2109375
271.0 2.625
272.0 3.0859375
273.0 0.4609375
274.0 0.3671875
275.0 0.34375
276.0 0.0
277.0 0.0
278.0 6.765625
279.0 1.7890625
280.0 0.8671875
281.0 0.6953125
282.0 2.1328125
283.0 4.6953125
284.0 3.6484375
285.0 2.546875
286.0 1.4375
287.0 0.0
288.0 6.75
289.0 2.5390625
290.0 1.8671875
291.0 3.765625
292.0 4.5078125
293.0 4.3984375
294.0 3.65625
295.0 0.0
296.0 0.0625
297.0 6.3359375
298.0 2.9609375
299.0 2.2421875
300.0 1.09375
301.0 1.7421875
302.0 2.6953125
303.0 2.0
304.0 1.203125
305.0 2.6640625
306.0 2.4921875
307.0 0.1328125
308.0 7.390625
309.0 4.7109375
310.0 5.078125
311.0 5.46875
312.0 3.4140625
313.0 0.6953125
314.0 0.0
315.0 5.171875
316.0 0.9140625
317.0 1.2421875
318.0 2.609375
319.0 2.921875
320.0 1.765625
321.0 2.921875
322.0 1.0546875
323.0 3.7109375
324.0 2.75
325.0 2.8046875
326.0 3.1015625
327.0 2.984375
328.0 2.953125
329.0 3.046875
330.0 3.4453125
331.0 2.546875
332.0 2.6953125
333.0 1.3515625
334.0 1.65625
335.0 2.671875
336.0 2.84375
337.0 1.4765625
338.0 0.0
339.0 0.0
340.0 6.3359375
341.0 0.8671875
342.0 0.0078125
343.0 1.4609375
344.0 1.53125
345.0 4.609375
346.0 3.921875
347.0 4.0859375
348.0 4.53125
349.0 3.8828125
350.0 1.34375
351.0 8.375
352.0 1.65625
353.0 4.171875
354.0 1.9375
355.0 2.5078125
356.0 4.546875
357.0 2.5078125
358.0 1.5078125
359.0 1.4921875
360.0 1.8046875
361.0 2.265625
362.0 2.15625
363.0 2.890625
364.0 1.40625
365.0 0.0
366.0 5.890625
367.0 3.0859375
368.0 3.078125
369.0 3.5234375
370.0 1.765625
371.0 0.4296875
372.0 7.4375
373.0 4.1484375
374.0 5.25
375.0 5.53125
376.0 5.078125
377.0 5.6640625
378.0 5.21875
379.0 5.8203125
380.0 5.5625
381.0 4.390625
382.0 6.2734375
383.0 5.2578125
384.0 5.109375
385.0 3.53125
386.0 2.90625
387.0 4.0234375
388.0 3.6484375
389.0 3.3125
390.0 3.46875
391.0 4.0703125
392.0 3.7421875
393.0 3.7421875
394.0 0.9140625
395.0 6.9921875
396.0 3.3828125
397.0 4.265625
398.0 4.15625
399.0 0.0
400.0 6.796875
401.0 2.515625
402.0 2.1171875
403.0 0.7890625
404.0 1.296875
405.0 1.46875
406.0 1.40625
407.0 1.1796875
408.0 1.71875
409.0 2.7109375
410.0 2.984375
411.0 1.9375
412.0 0.0
413.0 0.0
414.0 6.515625
415.0 0.90625
416.0 1.421875
417.0 2.4296875
418.0 0.0
419.0 5.421875
420.0 2.515625
421.0 2.546875
422.0 2.4765625
423.0 2.875
424.0 3.015625
425.0 4.5703125
426.0 2.34375
427.0 3.203125
428.0 2.84375
429.0 2.0703125
430.0 2.09375
431.0 1.6171875
432.0 0.8359375
433.0 0.0
434.0 5.4609375
435.0 1.6171875
436.0 2.2734375
437.0 2.6953125
438.0 3.3515625
439.0 2.8671875
440.0 0.4609375
441.0 5.828125
442.0 3.625
443.0 3.5546875
444.0 5.9296875
445.0 5.109375
446.0 4.28125
447.0 3.828125
448.0 4.71875
449.0 3.0
450.0 4.984375
451.0 4.796875
452.0 3.5
453.0 2.640625
454.0 3.828125
455.0 4.71875
456.0 1.5546875
457.0 0.0
458.0 5.9140625
459.0 4.9609375
460.0 3.796875
461.0 3.609375
462.0 4.484375
463.0 3.1484375
464.0 4.65625
465.0 5.2578125
466.0 4.78125
467.0 1.46875
468.0 8.5546875
469.0 4.296875
470.0 4.6015625
471.0 3.1015625
472.0 3.796875
473.0 2.8046875
474.0 2.1328125
475.0 0.6953125
476.0 5.9453125
477.0 4.59375
478.0 3.4921875
479.0 2.4921875
480.0 2.5390625
481.0 4.75
482.0 5.5546875
483.0 5.4921875
484.0 5.640625
485.0 5.578125
486.0 4.7421875
487.0 4.2734375
488.0 3.9765625
489.0 0.0
490.0 7.703125
491.0 1.8828125
492.0 4.59375
493.0 4.9921875
494.0 4.921875
495.0 5.3984375
496.0 5.5
497.0 5.6640625
498.0 5.2734375
499.0 5.2578125
500.0 1.9453125
501.0 6.2890625
502.0 4.6640625
503.0 4.9921875
504.0 5.0390625
505.0 5.078125
506.0 5.0859375
507.0 2.84375
508.0 2.546875
509.0 2.75
510.0 4.0234375
511.0 4.6875
512.0 3.90625
513.0 0.0
514.0 6.5546875
515.0 3.25
516.0 3.625
517.0 3.796875
518.0 4.1796875
519.0 2.234375
520.0 6.1171875
521.0 4.3359375
522.0 3.765625
523.0 4.265625
524.0 3.796875
525.0 4.0078125
526.0 4.0546875
527.0 3.765625
528.0 4.1484375
529.0 4.5
530.0 4.171875
531.0 3.296875
532.0 0.5234375
533.0 8.40625
534.0 4.5390625
535.0 4.484375
536.0 1.7734375
537.0 5.4609375
538.0 3.234375
539.0 2.90625
540.0 4.6328125
541.0 4.921875
542.0 4.6640625
543.0 4.3828125
544.0 3.7265625
545.0 4.09375
546.0 4.234375
547.0 4.09375
548.0 4.9765625
549.0 5.34375
550.0 4.1171875
551.0 5.1640625
552.0 4.6015625
553.0 5.5546875
554.0 4.953125
555.0 4.3828125
556.0 3.640625
557.0 3.921875
558.0 4.484375
559.0 4.3046875
560.0 0.0390625
561.0 7.7265625
562.0 3.078125
563.0 3.0390625
564.0 2.4453125
565.0 1.6484375
566.0 0.4921875
567.0 4.546875
568.0 3.3984375
569.0 2.984375
570.0 3.7734375
571.0 3.9765625
572.0 4.3671875
573.0 3.953125
574.0 4.59375
575.0 5.484375
576.0 5.3515625
577.0 5.5546875
578.0 5.4921875
579.0 2.1484375
580.0 8.0546875
581.0 3.1953125
582.0 2.8046875
583.0 5.21875
584.0 5.34375
585.0 5.734375
586.0 6.109375
587.0 5.640625
588.0 4.46875
589.0 3.8046875
590.0 5.5546875
591.0 5.828125
592.0 5.34375
593.0 5.8203125
594.0 5.90625
595.0 5.7890625
596.0 5.5859375
597.0 5.6796875
598.0 6.0078125
599.0 5.828125
