0.0 7.8359375
1.0 4.7734375
2.0 4.609375
3.0 3.640625
4.0 5.796875
5.0 6.59375
6.0 3.34375
7.0 2.7890625
8.0 1.640625
9.0 0.0
10.0 0.0
11.0 7.9609375
12.0 5.046875
13.0 5.703125
14.0 5.0859375
15.0 3.296875
16.0 3.5625
17.0 8.953125
18.0 3.9453125
19.0 4.9453125
20.0 5.28125
21.0 3.078125
22.0 4.859375
23.0 3.4609375
24.0 1.46875
25.0 1.6484375
26.0 2.0
27.0 0.0
28.0 5.8203125
29.0 5.9453125
30.0 7.78125
31.0 6.9609375
32.0 5.1015625
33.0 5.8515625
34.0 7.5390625
35.0 7.8515625
36.0 7.6328125
37.0 7.90625
38.0 7.46875
39.0 7.5546875
40.0 7.6328125
41.0 8.0
42.0 0.2109375
43.0 7.453125
44.0 5.484375
45.0 6.84375
46.0 2.84375
47.0 8.9453125
48.0 6.171875
49.0 5.2734375
50.0 3.9375
51.0 1.34375
52.0 3.1328125
53.0 6.984375
54.0 6.8671875
55.0 4.59375
56.0 7.984375
57.0 8.40625
58.0 8.1796875
59.0 7.078125
60.0 5.609375
61.0 4.90625
62.0 6.59375
63.0 5.3984375
64.0 5.703125
65.0 6.03125
66.0 2.015625
67.0 6.625
68.0 4.0390625
69.0 6.5390625
70.0 7.3125
71.0 4.8125
72.0 3.1328125
73.0 6.3828125
74.0 3.8515625
75.0 3.765625
76.0 6.0859375
77.0 2.65625
78.0 2.421875
79.0 6.203125
80.0 7.421875
81.0 4.0078125
82.0 8.1484375
83.0 4.6875
84.0 4.8125
85.0 6.9765625
86.0 7.453125
87.0 4.6953125
88.0 6.5703125
89.0 6.0
90.0 5.96875
91.0 8.1640625
92.0 8.1328125
93.0 8.3125
94.0 8.0
95.0 8.171875
96.0 7.7578125
97.0 7.1640625
98.0 5.546875
99.0 5.75
100.0 6.2890625
101.0 7.0625
102.0 6.765625
103.0 6.40625
104.0 4.484375
105.0 5.53125
106.0 3.3515625
107.0 2.328125
108.0 0.3671875
109.0 5.484375
110.0 2.6640625
111.0 2.1171875
112.0 2.515625
113.0 4.65625
114.0 7.0703125
115.0 5.2265625
116.0 8.8359375
117.0 7.4296875
118.0 4.953125
119.0 7.984375
120.0 7.3125
121.0 5.6640625
122.0 4.1484375
123.0 5.5546875
124.0 6.3203125
125.0 4.890625
126.0 3.7265625
127.0 5.171875
128.0 6.453125
129.0 5.640625
130.0 5.046875
131.0 5.15625
132.0 0.671875
133.0 8.9765625
134.0 5.1640625
135.0 5.25
136.0 4.390625
137.0 1.7734375
138.0 7.5859375
139.0 5.5
140.0 1.8515625
141.0 6.53125
142.0 4.0234375
143.0 5.078125
144.0 4.4453125
145.0 3.1640625
146.0 5.1953125
147.0 5.875
148.0 3.828125
149.0 2.8203125
150.0 4.65625
151.0 4.5
152.0 5.5859375
153.0 2.6875
154.0 9.375
155.0 4.0
156.0 2.15625
157.0 0.0
158.0 4.2109375
159.0 0.6953125
160.0 0.7890625
161.0 4.5625
162.0 5.5
163.0 2.3359375
164.0 2.875
165.0 2.328125
166.0 2.453125
167.0 2.6640625
168.0 4.9296875
169.0 6.3046875
170.0 6.4140625
171.0 0.0
172.0 6.0390625
173.0 0.0
174.0 5.171875
175.0 2.6953125
176.0 0.9296875
177.0 0.96875
178.0 1.7109375
179.0 1.296875
180.0 0.0390625
181.0 0.0
182.0 6.8828125
183.0 7.1796875
184.0 2.1796875
185.0 1.640625
186.0 4.8671875
187.0 7.2578125
188.0 8.3515625
189.0 4.1015625
190.0 2.65625
191.0 4.6953125
192.0 8.0
193.0 7.578125
194.0 6.53125
195.0 4.84375
196.0 5.0546875
197.0 7.484375
198.0 7.5390625
199.0 3.4375
200.0 2.4453125
201.0 5.6484375
202.0 6.3203125
203.0 6.125
204.0 5.2734375
205.0 5.765625
206.0 5.671875
207.0 0.1953125
208.0 0.9140625
209.0 4.9296875
210.0 0.40625
211.0 0.484375
212.0 0.4375
213.0 0.6328125
214.0 0.4609375
215.0 0.5703125
216.0 1.71875
217.0 3.84375
218.0 4.234375
219.0 0.5390625
220.0 6.4765625
221.0 5.15625
222.0 5.125
223.0 4.9921875
224.0 3.0234375
225.0 3.90625
226.0 4.953125
227.0 4.90625
228.0 4.0859375
229.0 1.015625
230.0 0.3984375
231.0 0.0
232.0 3.4296875
233.0 7.9296875
234.0 5.2890625
235.0 3.265625
236.0 4.59375
237.0 4.4140625
238.0 2.9375
239.0 2.7109375
240.0 4.1015625
241.0 3.296875
242.0 2.2421875
243.0 2.1015625
244.0 0.7890625
245.0 6.6015625
246.0 5.28125
247.0 5.40625
248.0 2.21875
249.0 6.0390625
250.0 5.90625
251.0 3.8515625
252.0 1.5234375
253.0 1.953125
254.0 4.796875
255.0 4.234375
256.0 3.2890625
257.0 4.46875
258.0 5.78125
259.0 7.0703125
260.0 7.6015625
261.0 5.796875
262.0 6.203125
263.0 6.3515625
264.0 1.953125
265.0 10.6953125
266.0 7.8984375
267.0 7.734375
268.0 7.21875
269.0 7.5234375
270.0 7.6015625
271.0 7.875
272.0 7.9140625
273.0 7.609375
274.0 8.1328125
275.0 7.671875
276.0 5.2890625
277.0 6.8984375
278.0 7.5703125
279.0 7.484375
280.0 7.703125
281.0 7.8359375
282.0 5.1640625
283.0 4.6484375
284.0 2.09375
285.0 0.0
286.0 7.3125
287.0 6.796875
288.0 7.03125
289.0 4.3046875
290.0 6.203125
291.0 7.5234375
292.0 3.0859375
293.0 0.71875
294.0 7.734375
295.0 6.203125
296.0 3.2890625
297.0 1.796875
298.0 3.203125
299.0 4.0546875
300.0 5.1015625
301.0 7.9140625
302.0 7.671875
303.0 7.5078125
304.0 7.765625
305.0 7.6875
306.0 7.4375
307.0 4.515625
308.0 11.2109375
309.0 7.8828125
310.0 7.609375
311.0 7.375
312.0 4.8984375
313.0 6.65625
314.0 7.546875
315.0 6.296875
316.0 6.9453125
317.0 6.859375
318.0 6.2578125
319.0 5.6796875
320.0 5.40625
321.0 5.7265625
322.0 4.21875
323.0 9.2109375
324.0 7.4921875
325.0 6.15625
326.0 3.109375
327.0 5.1953125
328.0 5.34375
329.0 6.3046875
330.0 5.1640625
331.0 7.1875
332.0 5.6015625
333.0 4.9296875
334.0 7.4609375
335.0 7.640625
336.0 7.0078125
337.0 7.375
338.0 5.3046875
339.0 5.7890625
340.0 8.2109375
341.0 8.2421875
342.0 7.453125
343.0 5.9921875
344.0 5.671875
345.0 7.15625
346.0 4.4296875
347.0 12.1875
348.0 8.6484375
349.0 8.53125
350.0 8.75
351.0 8.359375
352.0 8.375
353.0 7.984375
354.0 6.6171875
355.0 5.3125
356.0 5.3984375
357.0 3.0859375
358.0 12.0390625
359.0 6.6875
360.0 7.8125
361.0 8.1484375
362.0 8.1171875
363.0 6.234375
364.0 0.8046875
365.0 0.0
366.0 7.6640625
367.0 5.28125
368.0 2.8984375
369.0 4.0703125
370.0 7.2578125
371.0 7.6875
372.0 6.953125
373.0 7.1640625
374.0 7.3984375
375.0 7.34375
376.0 6.4140625
377.0 6.484375
378.0 4.8359375
379.0 3.203125
380.0 0.4375
381.0 5.53125
382.0 3.2578125
383.0 2.4296875
384.0 2.8125
385.0 3.4296875
386.0 3.8828125
387.0 1.8046875
388.0 2.359375
389.0 1.609375
390.0 2.09375
391.0 2.5234375
392.0 2.6875
393.0 4.9765625
394.0 5.9140625
395.0 6.2734375
396.0 3.6953125
397.0 6.09375
398.0 2.8984375
399.0 3.1640625
400.0 2.84375
401.0 0.1015625
402.0 0.0
403.0 6.703125
404.0 3.1015625
405.0 4.453125
406.0 3.078125
407.0 2.609375
408.0 2.5390625
409.0 3.140625
410.0 5.578125
411.0 5.9296875
412.0 5.875
413.0 5.1875
414.0 3.4921875
415.0 0.15625
416.0 0.0
417.0 0.28125
418.0 6.2890625
419.0 2.578125
420.0 1.96875
421.0 2.3984375
422.0 1.65625
423.0 1.8515625
424.0 1.7421875
425.0 0.0
426.0 4.796875
427.0 1.203125
428.0 2.375
429.0 1.65625
430.0 2.5703125
431.0 2.25
432.0 3.1328125
433.0 4.7421875
434.0 3.6953125
435.0 8.5546875
436.0 3.734375
437.0 3.59375
438.0 3.578125
439.0 6.5546875
440.0 7.578125
441.0 7.578125
442.0 7.671875
443.0 7.6640625
444.0 4.2421875
445.0 5.7578125
446.0 3.859375
447.0 6.0390625
448.0 4.5
449.0 4.59375
450.0 4.53125
451.0 5.2578125
452.0 4.7109375
453.0 3.9140625
454.0 2.28125
455.0 7.0390625
456.0 3.9140625
457.0 3.5546875
458.0 3.234375
459.0 3.0
460.0 3.46875
461.0 4.71875
462.0 6.0625
463.0 5.890625
464.0 4.625
465.0 4.4453125
466.0 4.3515625
467.0 1.65625
468.0 5.453125
469.0 3.6171875
470.0 5.421875
471.0 6.6796875
472.0 6.1171875
473.0 1.5
474.0 6.8984375
475.0 3.3515625
476.0 4.6484375
477.0 3.53125
478.0 4.296875
479.0 6.3359375
480.0 7.09375
481.0 7.09375
482.0 6.359375
483.0 5.109375
484.0 1.1796875
485.0 10.140625
486.0 5.4375
487.0 4.84375
488.0 0.484375
489.0 7.09375
490.0 3.6171875
491.0 5.5625
492.0 4.7578125
493.0 3.9453125
494.0 3.7421875
495.0 5.3359375
496.0 3.8828125
497.0 4.3984375
498.0 4.65625
499.0 1.109375
500.0 6.4765625
501.0 5.515625
502.0 5.84375
503.0 4.984375
504.0 5.15625
505.0 4.0859375
506.0 5.0546875
507.0 5.6796875
508.0 4.171875
509.0 4.1328125
510.0 5.453125
511.0 4.796875
512.0 6.2421875
513.0 5.1875
514.0 5.515625
515.0 5.3359375
516.0 5.2734375
517.0 6.390625
518.0 4.8125
519.0 1.71875
520.0 7.15625
521.0 5.75
522.0 4.953125
523.0 4.8984375
524.0 0.15625
525.0 9.71875
526.0 5.828125
527.0 5.1015625
528.0 4.5703125
529.0 5.5546875
530.0 5.6953125
531.0 3.7734375
532.0 4.8984375
533.0 6.4140625
534.0 3.765625
535.0 8.109375
536.0 2.8203125
537.0 3.5
538.0 4.5
539.0 4.0234375
540.0 3.078125
541.0 3.546875
542.0 0.0
543.0 4.15625
544.0 3.34375
545.0 6.2109375
546.0 5.84375
547.0 5.484375
548.0 3.078125
549.0 3.9140625
550.0 1.5546875
551.0 3.0
552.0 3.4296875
553.0 3.5625
554.0 3.1171875
555.0 3.140625
556.0 4.90625
557.0 5.203125
558.0 4.3828125
559.0 4.3984375
560.0 4.6875
561.0 3.21875
562.0 5.2890625
563.0 6.6328125
564.0 6.4453125
565.0 5.2578125
566.0 4.625
567.0 8.984375
568.0 6.0859375
569.0 3.0234375
570.0 3.4375
571.0 0.3046875
572.0 6.4375
573.0 3.2265625
574.0 2.7421875
575.0 3.109375
576.0 2.328125
577.0 2.4140625
578.0 3.3984375
579.0 2.7265625
580.0 2.34375
581.0 3.328125
582.0 3.59375
583.0 1.859375
584.0 0.0
585.0 6.0625
586.0 1.921875
587.0 2.1875
588.0 2.2421875
589.0 3.171875
590.0 4.7109375
591.0 4.828125
592.0 4.9765625
593.0 5.046875
594.0 4.8046875
595.0 5.0546875
596.0 5.21875
597.0 5.7578125
598.0 5.3125
599.0 6.3046875
