0.0 3.765625
1.0 4.0
2.0 4.6328125
3.0 4.578125
4.0 3.6796875
5.0 5.8828125
6.0 3.6171875
7.0 5.6484375
8.0 4.265625
9.0 4.65625
10.0 4.796875
11.0 4.5703125
12.0 4.3671875
13.0 4.625
14.0 4.5625
15.0 4.5625
16.0 4.6484375
17.0 4.828125
18.0 4.7578125
19.0 4.609375
20.0 2.1171875
21.0 7.546875
22.0 4.5390625
23.0 4.3984375
24.0 4.4453125
25.0 4.421875
26.0 4.515625
27.0 4.453125
28.0 4.484375
29.0 4.28125
30.0 4.234375
31.0 0.328125
32.0 8.2265625
33.0 4.328125
34.0 4.7734375
35.0 4.6640625
36.0 4.2109375
37.0 0.3671875
38.0 8.1171875
39.0 4.71875
40.0 4.609375
41.0 4.53125
42.0 4.546875
43.0 4.6953125
44.0 4.453125
45.0 4.4765625
46.0 4.421875
47.0 4.6015625
48.0 4.25
49.0 3.7265625
50.0 5.5625
51.0 4.484375
52.0 4.46875
53.0 4.53125
54.0 2.6328125
55.0 5.3515625
56.0 4.0234375
57.0 4.171875
58.0 4.65625
59.0 4.6953125
60.0 4.453125
61.0 4.6015625
62.0 4.5390625
63.0 4.578125
64.0 4.3203125
65.0 4.4453125
66.0 4.53125
67.0 4.390625
68.0 0.2109375
69.0 9.15625
70.0 4.7265625
71.0 4.71875
72.0 4.65625
73.0 1.625
74.0 7.78125
75.0 4.7578125
76.0 4.6953125
77.0 4.296875
78.0 4.59375
79.0 4.65625
80.0 4.7109375
81.0 2.6328125
82.0 6.8984375
83.0 4.609375
84.0 4.5703125
85.0 4.71875
86.0 4.71875
87.0 4.4140625
88.0 4.5703125
89.0 4.3984375
90.0 4.296875
91.0 4.2421875
92.0 4.6015625
93.0 4.6484375
94.0 4.6640625
95.0 3.296875
96.0 5.7109375
97.0 4.65625
98.0 4.75
99.0 2.578125
100.0 7.2421875
101.0 5.046875
102.0 4.84375
103.0 4.3515625
104.0 4.328125
105.0 4.484375
106.0 4.5390625
107.0 4.75
108.0 5.0234375
109.0 4.8359375
110.0 4.8359375
111.0 4.84375
112.0 4.4296875
113.0 0.9609375
114.0 7.8671875
115.0 4.828125
116.0 4.234375
117.0 5.5625
118.0 5.0078125
119.0 4.6640625
120.0 3.609375
121.0 4.875
122.0 4.0390625
123.0 4.1328125
124.0 4.6328125
125.0 4.953125
126.0 4.9765625
127.0 4.8046875
128.0 3.6796875
129.0 5.828125
130.0 4.6796875
131.0 4.7578125
132.0 4.9921875
133.0 4.90625
134.0 4.8984375
135.0 5.28125
136.0 4.9921875
137.0 4.890625
138.0 5.171875
139.0 5.0078125
140.0 4.984375
141.0 4.9921875
142.0 4.78125
143.0 0.5859375
144.0 9.609375
145.0 4.6796875
146.0 4.8125
147.0 0.21875
148.0 8.8515625
149.0 4.59375
150.0 4.625
151.0 4.8125
152.0 4.3984375
153.0 4.390625
154.0 4.6640625
155.0 4.7578125
156.0 4.6640625
157.0 4.7109375
158.0 4.484375
159.0 3.1796875
160.0 6.1796875
161.0 4.7734375
162.0 4.6640625
163.0 4.3828125
164.0 5.3359375
165.0 4.859375
166.0 4.7734375
167.0 4.875
168.0 4.78125
169.0 4.890625
170.0 4.59375
171.0 4.984375
172.0 4.953125
173.0 4.546875
174.0 4.65625
175.0 4.65625
176.0 4.390625
177.0 0.3046875
178.0 9.1640625
179.0 4.0546875
180.0 4.4296875
181.0 4.84375
182.0 4.28125
183.0 0.2578125
184.0 8.5546875
185.0 4.3046875
186.0 4.5625
187.0 4.3984375
188.0 4.6953125
189.0 4.7734375
190.0 4.5625
191.0 4.6796875
192.0 4.4453125
193.0 4.328125
194.0 4.21875
195.0 3.5
196.0 0.609375
197.0 8.9765625
198.0 4.8125
199.0 4.0859375
200.0 3.3671875
201.0 0.0
202.0 8.4375
203.0 4.3203125
204.0 3.9765625
205.0 4.21875
206.0 4.2734375
207.0 4.0625
208.0 3.4296875
209.0 3.375
210.0 3.5234375
211.0 3.734375
212.0 3.65625
213.0 3.6484375
214.0 0.8125
215.0 7.3203125
216.0 4.359375
217.0 4.5703125
218.0 4.8359375
219.0 4.7109375
220.0 0.1015625
221.0 8.8046875
222.0 4.3359375
223.0 4.328125
224.0 4.15625
225.0 3.765625
226.0 3.890625
227.0 4.1796875
228.0 4.359375
229.0 4.3203125
230.0 4.203125
231.0 4.203125
232.0 4.3984375
233.0 0.2265625
234.0 7.6875
235.0 3.828125
236.0 3.9921875
237.0 4.0078125
238.0 2.8984375
239.0 5.4375
240.0 4.1484375
241.0 4.1328125
242.0 3.9921875
243.0 4.203125
244.0 3.765625
245.0 3.84375
246.0 4.28125
247.0 3.703125
248.0 3.2265625
249.0 3.4375
250.0 4.3515625
251.0 3.609375
252.0 4.46875
253.0 5.1640625
254.0 3.546875
255.0 5.140625
256.0 4.359375
257.0 4.4765625
258.0 4.2109375
259.0 4.1015625
260.0 3.859375
261.0 4.3359375
262.0 4.1796875
263.0 4.4765625
264.0 4.0234375
265.0 4.5703125
266.0 4.6328125
267.0 4.4765625
268.0 1.4375
269.0 7.390625
270.0 3.6484375
271.0 3.875
272.0 3.1328125
273.0 5.140625
274.0 4.1171875
275.0 4.265625
276.0 4.0703125
277.0 4.390625
278.0 4.296875
279.0 4.3203125
280.0 4.1875
281.0 4.4453125
282.0 4.3203125
283.0 4.21875
284.0 4.2421875
285.0 1.7890625
286.0 7.3046875
287.0 4.3828125
288.0 4.3046875
289.0 4.8125
290.0 4.5078125
291.0 4.546875
292.0 4.6640625
293.0 4.515625
294.0 4.515625
295.0 4.65625
296.0 4.609375
297.0 3.1015625
298.0 6.0859375
299.0 4.6953125
300.0 4.578125
301.0 4.390625
302.0 1.328125
303.0 7.5546875
304.0 4.3515625
305.0 4.21875
306.0 4.3984375
307.0 4.4140625
308.0 4.359375
309.0 4.2734375
310.0 4.1328125
311.0 4.578125
312.0 4.03125
313.0 4.4296875
314.0 4.3828125
315.0 3.046875
316.0 6.03125
317.0 4.3046875
318.0 4.625
319.0 4.15625
320.0 1.0234375
321.0 6.8671875
322.0 3.515625
323.0 4.3671875
324.0 4.59375
325.0 4.6328125
326.0 4.4296875
327.0 4.2109375
328.0 4.09375
329.0 4.3828125
330.0 4.46875
331.0 4.03125
332.0 2.8515625
333.0 5.5546875
334.0 3.609375
335.0 4.2734375
336.0 4.3359375
337.0 4.484375
338.0 4.796875
339.0 4.6015625
340.0 5.421875
341.0 5.109375
342.0 4.9765625
343.0 4.6484375
344.0 4.5078125
345.0 4.6875
346.0 4.28125
347.0 4.28125
348.0 4.6328125
349.0 4.5625
350.0 4.59375
351.0 4.7109375
352.0 4.625
353.0 0.546875
354.0 8.65625
355.0 4.6328125
356.0 4.4296875
357.0 4.3984375
358.0 4.1015625
359.0 0.9140625
360.0 8.1953125
361.0 4.59375
362.0 4.453125
363.0 4.6015625
364.0 4.75
365.0 4.7265625
366.0 4.6328125
367.0 4.7734375
368.0 4.515625
369.0 4.6328125
370.0 4.4453125
371.0 3.25
372.0 0.0
373.0 7.9453125
374.0 4.1328125
375.0 3.796875
376.0 4.1015625
377.0 4.1484375
378.0 3.578125
379.0 6.171875
380.0 5.015625
381.0 4.71875
382.0 4.6015625
383.0 4.7578125
384.0 4.8125
385.0 4.5390625
386.0 3.828125
387.0 5.203125
388.0 3.734375
389.0 4.09375
390.0 4.421875
391.0 1.2265625
392.0 8.140625
393.0 4.5625
394.0 4.46875
395.0 4.484375
396.0 4.625
397.0 4.390625
398.0 1.1328125
399.0 7.9921875
400.0 4.4296875
401.0 4.5
402.0 4.4140625
403.0 4.5078125
404.0 4.5703125
405.0 4.859375
406.0 4.3828125
407.0 4.2109375
408.0 4.1484375
409.0 4.328125
410.0 4.421875
411.0 3.96875
412.0 0.640625
413.0 8.8359375
414.0 4.390625
415.0 4.234375
416.0 1.4375
417.0 6.6328125
418.0 4.125
419.0 3.9140625
420.0 4.53125
421.0 4.8125
422.0 4.5390625
423.0 4.2109375
424.0 4.2734375
425.0 4.3515625
426.0 4.234375
427.0 4.1796875
428.0 4.390625
429.0 4.0703125
430.0 0.0
431.0 8.3203125
432.0 3.609375
433.0 1.5390625
434.0 7.2578125
435.0 4.328125
436.0 4.265625
437.0 3.5234375
438.0 3.7109375
439.0 3.4921875
440.0 3.5546875
441.0 3.7265625
442.0 4.7109375
443.0 4.3046875
444.0 4.6640625
445.0 4.890625
446.0 3.1171875
447.0 0.0
448.0 8.2421875
449.0 1.109375
450.0 3.578125
451.0 3.4453125
452.0 4.359375
453.0 4.1484375
454.0 3.4140625
455.0 5.7265625
456.0 4.578125
457.0 4.5078125
458.0 4.6015625
459.0 3.2578125
460.0 1.703125
461.0 6.7109375
462.0 4.2109375
463.0 3.7265625
464.0 3.796875
465.0 3.625
466.0 3.796875
467.0 4.4453125
468.0 4.578125
469.0 3.640625
470.0 4.7421875
471.0 4.359375
472.0 3.90625
473.0 0.0
474.0 8.6171875
475.0 4.0
476.0 4.59375
477.0 4.5625
478.0 4.515625
479.0 4.6953125
480.0 4.7109375
481.0 4.421875
482.0 0.65625
483.0 8.5078125
484.0 4.3984375
485.0 5.0078125
486.0 4.9921875
487.0 4.65625
488.0 4.53125
489.0 4.5390625
490.0 4.578125
491.0 4.3359375
492.0 4.421875
493.0 4.5078125
494.0 3.40625
495.0 5.640625
496.0 4.5390625
497.0 4.484375
498.0 4.3515625
499.0 4.1171875
500.0 4.4453125
501.0 4.1796875
502.0 3.2890625
503.0 5.2265625
504.0 4.3828125
505.0 4.46875
506.0 4.4453125
507.0 4.609375
508.0 4.390625
509.0 4.1328125
510.0 4.4765625
511.0 4.7421875
512.0 4.5078125
513.0 4.5625
514.0 4.8046875
515.0 4.828125
516.0 0.1953125
517.0 9.7578125
518.0 4.3984375
519.0 2.7890625
520.0 6.4140625
521.0 4.9296875
522.0 4.875
523.0 4.7734375
524.0 4.78125
525.0 4.7421875
526.0 4.796875
527.0 4.7421875
528.0 4.9453125
529.0 4.6796875
530.0 4.7265625
531.0 4.7734375
532.0 3.546875
533.0 5.6328125
534.0 4.3671875
535.0 3.828125
536.0 3.0
537.0 0.8984375
538.0 5.7578125
539.0 5.765625
540.0 4.6796875
541.0 4.4140625
542.0 4.796875
543.0 4.6640625
544.0 3.0234375
545.0 7.09375
546.0 4.7265625
547.0 4.171875
548.0 3.9765625
549.0 4.296875
550.0 4.125
551.0 4.1796875
552.0 4.265625
553.0 3.7578125
554.0 3.8203125
555.0 4.5390625
556.0 4.6796875
557.0 4.6953125
558.0 4.625
559.0 1.7421875
560.0 5.9375
561.0 1.5390625
562.0 1.8359375
563.0 3.4453125
564.0 2.15625
565.0 5.421875
566.0 3.9765625
567.0 3.3125
568.0 1.5
569.0 1.2109375
570.0 3.015625
571.0 4.3984375
572.0 4.3203125
573.0 4.5078125
574.0 3.765625
575.0 4.484375
576.0 4.6796875
577.0 4.7265625
578.0 4.3671875
579.0 4.609375
580.0 4.3046875
581.0 4.484375
582.0 4.7109375
583.0 4.0546875
584.0 3.796875
585.0 2.046875
586.0 7.078125
587.0 3.90625
588.0 4.3359375
589.0 4.359375
590.0 4.1796875
591.0 4.234375
592.0 3.4609375
593.0 0.25
594.0 7.0703125
595.0 4.3203125
596.0 4.4765625
597.0 4.875
598.0 4.453125
599.0 4.421875
