0.0 6.0546875
1.0 6.453125
2.0 5.578125
3.0 4.953125
4.0 5.5859375
5.0 5.828125
6.0 1.953125
7.0 9.078125
8.0 6.1484375
9.0 6.390625
10.0 6.6640625
11.0 6.3359375
12.0 3.1796875
13.0 8.4140625
14.0 6.84375
15.0 6.828125
16.0 6.9453125
17.0 6.828125
18.0 6.3515625
19.0 6.6796875
20.0 6.53125
21.0 6.6875
22.0 6.8828125
23.0 6.0625
24.0 5.484375
25.0 5.6953125
26.0 6.9296875
27.0 6.2734375
28.0 6.953125
29.0 7.0625
30.0 6.65625
31.0 3.578125
32.0 10.046875
33.0 6.53125
34.0 6.9921875
35.0 6.9765625
36.0 6.7109375
37.0 6.6015625
38.0 6.703125
39.0 6.46875
40.0 6.453125
41.0 5.203125
42.0 4.515625
43.0 4.21875
44.0 5.796875
45.0 5.46875
46.0 7.2734375
47.0 7.015625
48.0 5.40625
49.0 5.5625
50.0 5.6796875
51.0 5.9140625
52.0 5.6015625
53.0 6.0546875
54.0 3.5546875
55.0 4.3203125
56.0 5.75
57.0 6.1484375
58.0 6.0078125
59.0 5.859375
60.0 5.8125
61.0 6.03125
62.0 5.9765625
63.0 3.703125
64.0 8.421875
65.0 6.3359375
66.0 5.875
67.0 5.7578125
68.0 1.6171875
69.0 11.1015625
70.0 6.4140625
71.0 5.90625
72.0 6.296875
73.0 6.328125
74.0 6.8828125
75.0 6.6015625
76.0 5.7890625
77.0 5.734375
78.0 5.9453125
79.0 5.8515625
80.0 6.5390625
81.0 3.875
82.0 0.0
83.0 9.9375
84.0 6.453125
85.0 7.0078125
86.0 7.1796875
87.0 6.3046875
88.0 5.234375
89.0 6.78125
90.0 6.2890625
91.0 6.9296875
92.0 5.9296875
93.0 6.2734375
94.0 6.46875
95.0 6.7734375
96.0 6.703125
97.0 6.9140625
98.0 6.9765625
99.0 6.71875
100.0 7.2109375
101.0 6.8828125
102.0 6.7734375
103.0 3.2578125
104.0 9.6875
105.0 6.984375
106.0 7.09375
107.0 6.984375
108.0 7.1953125
109.0 7.09375
110.0 6.7109375
111.0 6.6484375
112.0 6.515625
113.0 6.9765625
114.0 6.8828125
115.0 6.3828125
116.0 6.53125
117.0 2.6015625
118.0 10.4609375
119.0 6.0234375
120.0 2.265625
121.0 6.9921875
122.0 3.7109375
123.0 5.125
124.0 4.421875
125.0 4.3046875
126.0 7.875
127.0 5.3515625
128.0 5.8515625
129.0 5.1875
130.0 5.3828125
131.0 4.625
132.0 5.8828125
133.0 5.3125
134.0 5.9140625
135.0 4.265625
136.0 7.71875
137.0 5.484375
138.0 3.84375
139.0 4.84375
140.0 4.4765625
141.0 4.28125
142.0 7.3046875
143.0 5.6171875
144.0 3.875
145.0 5.3828125
146.0 4.6953125
147.0 3.625
148.0 6.984375
149.0 5.6328125
150.0 5.6015625
151.0 3.7109375
152.0 3.703125
153.0 3.4453125
154.0 3.84375
155.0 5.3046875
156.0 5.546875
157.0 4.984375
158.0 6.078125
159.0 5.1328125
160.0 4.546875
161.0 5.421875
162.0 1.171875
163.0 0.3671875
164.0 7.640625
165.0 2.8984375
166.0 2.4453125
167.0 1.1484375
168.0 0.0
169.0 6.828125
170.0 2.421875
171.0 3.1484375
172.0 4.203125
173.0 4.203125
174.0 3.3671875
175.0 5.859375
176.0 4.8984375
177.0 5.40625
178.0 6.0625
179.0 5.5546875
180.0 4.3203125
181.0 6.0078125
182.0 3.6796875
183.0 4.859375
184.0 5.125
185.0 5.515625
186.0 5.0390625
187.0 5.0546875
188.0 5.15625
189.0 5.703125
190.0 5.4296875
191.0 5.3203125
192.0 7.96875
193.0 5.78125
194.0 6.6484375
195.0 5.375
196.0 5.1328125
197.0 5.234375
198.0 5.578125
199.0 4.6640625
200.0 5.40625
201.0 1.2109375
202.0 1.8203125
203.0 5.0703125
204.0 6.53125
205.0 6.5625
206.0 6.2265625
207.0 6.796875
208.0 5.5234375
209.0 6.5625
210.0 5.96875
211.0 5.2578125
212.0 5.6328125
213.0 6.3359375
214.0 5.5546875
215.0 6.421875
216.0 6.03125
217.0 6.890625
218.0 6.109375
219.0 6.15625
220.0 7.140625
221.0 6.765625
222.0 6.390625
223.0 4.890625
224.0 7.1640625
225.0 6.109375
226.0 6.2734375
227.0 6.40625
228.0 6.5546875
229.0 6.625
230.0 6.9140625
231.0 6.59375
232.0 6.7421875
233.0 6.125
234.0 6.75
235.0 6.4453125
236.0 6.9140625
237.0 6.953125
238.0 7.09375
239.0 6.8828125
240.0 6.5546875
241.0 1.625
242.0 10.875
243.0 6.453125
244.0 6.2421875
245.0 6.078125
246.0 6.8046875
247.0 4.9765625
248.0 7.3203125
249.0 4.265625
250.0 3.5546875
251.0 5.34375
252.0 5.0078125
253.0 1.703125
254.0 1.09375
255.0 2.2734375
256.0 3.8828125
257.0 5.0078125
258.0 4.359375
259.0 5.421875
260.0 6.40625
261.0 6.71875
262.0 0.765625
263.0 11.7265625
264.0 4.4453125
265.0 0.0
266.0 4.9765625
267.0 1.609375
268.0 0.0
269.0 0.640625
270.0 3.578125
271.0 1.203125
272.0 1.203125
273.0 1.4921875
274.0 4.7109375
275.0 4.546875
276.0 7.65625
277.0 6.75
278.0 6.59375
279.0 3.4296875
280.0 4.25
281.0 2.2734375
282.0 2.890625
283.0 3.9921875
284.0 6.6796875
285.0 6.6328125
286.0 4.8125
287.0 5.234375
288.0 5.6171875
289.0 5.2734375
290.0 7.375
291.0 6.6484375
292.0 6.3359375
293.0 5.546875
294.0 1.859375
295.0 10.890625
296.0 6.6796875
297.0 6.9453125
298.0 7.015625
299.0 6.796875
300.0 6.6015625
301.0 6.625
302.0 7.1953125
303.0 6.921875
304.0 6.7734375
305.0 6.75
306.0 7.1796875
307.0 3.578125
308.0 10.5625
309.0 6.921875
310.0 7.046875
311.0 6.3359375
312.0 6.7109375
313.0 5.1875
314.0 6.171875
315.0 6.2734375
316.0 5.8828125
317.0 6.84375
318.0 7.109375
319.0 7.3359375
320.0 6.6171875
321.0 6.5625
322.0 6.59375
323.0 6.8671875
324.0 7.1015625
325.0 7.078125
326.0 6.734375
327.0 7.3125
328.0 6.515625
329.0 6.625
330.0 5.4296875
331.0 6.3203125
332.0 6.8359375
333.0 6.890625
334.0 6.9453125
335.0 6.9765625
336.0 6.921875
337.0 6.5859375
338.0 6.40625
339.0 6.6796875
340.0 6.4140625
341.0 5.703125
342.0 6.109375
343.0 6.484375
344.0 6.0859375
345.0 6.2109375
346.0 6.6875
347.0 6.2578125
348.0 2.8203125
349.0 9.4453125
350.0 5.84375
351.0 6.15625
352.0 6.390625
353.0 3.8203125
354.0 8.7890625
355.0 6.6328125
356.0 6.703125
357.0 5.4375
358.0 6.2578125
359.0 6.625
360.0 5.53125
361.0 6.0546875
362.0 6.6015625
363.0 6.796875
364.0 6.0
365.0 6.2578125
366.0 5.78125
367.0 6.71875
368.0 5.6796875
369.0 3.640625
370.0 3.46875
371.0 2.875
372.0 5.4921875
373.0 4.6328125
374.0 3.171875
375.0 3.4453125
376.0 4.0390625
377.0 4.3359375
378.0 5.5625
379.0 5.96875
380.0 5.859375
381.0 6.1875
382.0 6.0078125
383.0 6.234375
384.0 5.734375
385.0 2.1015625
386.0 8.0
387.0 2.21875
388.0 4.1328125
389.0 1.71875
390.0 9.8515625
391.0 6.890625
392.0 6.8671875
393.0 4.6328125
394.0 7.5234375
395.0 6.6015625
396.0 5.21875
397.0 3.6953125
398.0 8.7109375
399.0 5.0703125
400.0 5.3125
401.0 3.765625
402.0 3.6953125
403.0 4.0390625
404.0 3.9140625
405.0 2.7421875
406.0 2.3984375
407.0 2.875
408.0 2.4765625
409.0 1.46875
410.0 2.1875
411.0 3.8203125
412.0 5.875
413.0 6.5703125
414.0 5.578125
415.0 6.1796875
416.0 6.9453125
417.0 5.125
418.0 7.9921875
419.0 6.4453125
420.0 6.109375
421.0 6.3203125
422.0 6.6484375
423.0 5.578125
424.0 4.6015625
425.0 5.5546875
426.0 7.0078125
427.0 6.7421875
428.0 7.0390625
429.0 6.625
430.0 6.140625
431.0 3.703125
432.0 0.2109375
433.0 7.1796875
434.0 5.21875
435.0 5.28125
436.0 5.140625
437.0 1.8828125
438.0 9.6015625
439.0 6.84375
440.0 7.03125
441.0 7.2734375
442.0 6.75
443.0 6.9140625
444.0 6.59375
445.0 6.421875
446.0 6.46875
447.0 5.9140625
448.0 2.8046875
449.0 2.8125
450.0 0.5703125
451.0 9.5546875
452.0 5.703125
453.0 4.6484375
454.0 6.2421875
455.0 6.796875
456.0 6.953125
457.0 6.515625
458.0 7.046875
459.0 6.734375
460.0 6.7109375
461.0 6.3203125
462.0 6.3203125
463.0 6.7421875
464.0 6.46875
465.0 6.6796875
466.0 7.15625
467.0 6.2890625
468.0 6.328125
469.0 5.0078125
470.0 4.9921875
471.0 5.53125
472.0 0.8046875
473.0 8.5859375
474.0 5.0078125
475.0 6.7421875
476.0 4.2734375
477.0 6.296875
478.0 3.8203125
479.0 4.3828125
480.0 4.3984375
481.0 3.703125
482.0 2.2734375
483.0 4.1875
484.0 5.4921875
485.0 6.09375
486.0 6.3671875
487.0 5.765625
488.0 5.5234375
489.0 6.2578125
490.0 6.6640625
491.0 6.6484375
492.0 3.3828125
493.0 9.3984375
494.0 7.3984375
495.0 6.9453125
496.0 7.15625
497.0 7.21875
498.0 7.0625
499.0 6.8828125
500.0 6.765625
501.0 4.625
502.0 9.296875
503.0 4.6015625
504.0 6.65625
505.0 7.421875
506.0 7.9296875
507.0 8.09375
508.0 7.875
509.0 7.8203125
510.0 8.09375
511.0 8.0
512.0 7.734375
513.0 7.65625
514.0 7.8203125
515.0 7.8125
516.0 7.34375
517.0 5.5859375
518.0 9.078125
519.0 7.1875
520.0 6.9921875
521.0 7.2734375
522.0 6.59375
523.0 6.921875
524.0 6.828125
525.0 7.0078125
526.0 7.21875
527.0 7.1015625
528.0 7.4296875
529.0 7.4921875
530.0 7.21875
531.0 6.3671875
532.0 4.0546875
533.0 3.796875
534.0 1.28125
535.0 10.5546875
536.0 6.984375
537.0 7.34375
538.0 7.7265625
539.0 7.65625
540.0 6.3515625
541.0 6.8671875
542.0 7.4296875
543.0 5.1640625
544.0 9.640625
545.0 7.0078125
546.0 4.546875
547.0 6.203125
548.0 6.3046875
549.0 6.6796875
550.0 7.0390625
551.0 6.8671875
552.0 6.9453125
553.0 7.09375
554.0 7.015625
555.0 6.8359375
556.0 6.484375
557.0 6.9453125
558.0 6.828125
559.0 6.7109375
560.0 6.828125
561.0 6.890625
562.0 6.6484375
563.0 6.84375
564.0 6.8984375
565.0 6.8359375
566.0 6.75
567.0 6.515625
568.0 6.8828125
569.0 7.1328125
570.0 7.0625
571.0 7.125
572.0 6.65625
573.0 6.9921875
574.0 6.9609375
575.0 3.2265625
576.0 11.234375
577.0 6.765625
578.0 6.6796875
579.0 7.1640625
580.0 6.0
581.0 6.0546875
582.0 6.1484375
583.0 6.5
584.0 6.5078125
585.0 5.890625
586.0 6.40625
587.0 6.1171875
588.0 6.1796875
589.0 6.265625
590.0 6.4375
591.0 6.328125
592.0 6.296875
593.0 6.40625
594.0 6.8671875
595.0 6.84375
596.0 6.6796875
597.0 6.5
598.0 6.6484375
599.0 2.5625
