0.0 3.8203125
1.0 6.09375
2.0 4.859375
3.0 2.2734375
4.0 0.40625
5.0 8.046875
6.0 4.890625
7.0 4.90625
8.0 4.1796875
9.0 4.578125
10.0 4.71875
11.0 4.7578125
12.0 4.84375
13.0 5.0078125
14.0 4.828125
15.0 4.8125
16.0 4.78125
17.0 2.921875
18.0 6.734375
19.0 5.2265625
20.0 4.90625
21.0 5.046875
22.0 4.953125
23.0 5.0078125
24.0 5.203125
25.0 4.9296875
26.0 4.8046875
27.0 4.7265625
28.0 4.71875
29.0 4.6953125
30.0 3.4296875
31.0 4.0859375
32.0 4.796875
33.0 2.4296875
34.0 7.5390625
35.0 4.8984375
36.0 4.75
37.0 5.0546875
38.0 4.7265625
39.0 4.953125
40.0 4.875
41.0 4.9765625
42.0 4.890625
43.0 5.1015625
44.0 5.2265625
45.0 5.109375
46.0 5.203125
47.0 4.84375
48.0 5.078125
49.0 4.8046875
50.0 3.0703125
51.0 6.265625
52.0 4.65625
53.0 4.296875
54.0 4.5078125
55.0 4.796875
56.0 1.9375
57.0 7.2734375
58.0 4.84375
59.0 4.7578125
60.0 4.7578125
61.0 4.4453125
62.0 4.625
63.0 4.9921875
64.0 1.7734375
65.0 7.9453125
66.0 4.796875
67.0 4.84375
68.0 4.609375
69.0 4.6328125
70.0 4.5390625
71.0 4.546875
72.0 4.7421875
73.0 4.7421875
74.0 5.0703125
75.0 5.0859375
76.0 5.0859375
77.0 4.7109375
78.0 1.6484375
79.0 8.2578125
80.0 5.015625
81.0 4.75
82.0 4.8359375
83.0 0.8359375
84.0 8.703125
85.0 4.65625
86.0 4.84375
87.0 4.609375
88.0 4.828125
89.0 4.625
90.0 4.5390625
91.0 4.7734375
92.0 1.8359375
93.0 7.9296875
94.0 4.921875
95.0 4.6953125
96.0 4.9765625
97.0 5.0703125
98.0 5.0546875
99.0 4.875
100.0 4.859375
101.0 5.0390625
102.0 5.046875
103.0 5.0234375
104.0 4.9609375
105.0 5.0546875
106.0 0.6953125
107.0 9.546875
108.0 1.8984375
109.0 8.5859375
110.0 5.15625
111.0 4.8125
112.0 4.890625
113.0 4.875
114.0 3.0390625
115.0 3.4921875
116.0 3.671875
117.0 4.46875
118.0 2.7421875
119.0 3.109375
120.0 3.4453125
121.0 1.7421875
122.0 0.0
123.0 4.921875
124.0 4.1875
125.0 5.0234375
126.0 5.375
127.0 5.125
128.0 5.0546875
129.0 4.90625
130.0 4.8359375
131.0 4.9453125
132.0 5.109375
133.0 5.171875
134.0 5.1953125
135.0 3.0859375
136.0 5.90625
137.0 5.109375
138.0 4.984375
139.0 5.0703125
140.0 5.1328125
141.0 4.859375
142.0 4.8359375
143.0 4.84375
144.0 1.6796875
145.0 0.0
146.0 7.7265625
147.0 2.3125
148.0 2.7109375
149.0 3.1640625
150.0 3.3671875
151.0 3.953125
152.0 3.078125
153.0 3.171875
154.0 3.5625
155.0 3.21875
156.0 4.9921875
157.0 5.1875
158.0 5.078125
159.0 0.3671875
160.0 9.7265625
161.0 4.796875
162.0 4.9453125
163.0 4.0859375
164.0 5.7109375
165.0 5.0703125
166.0 5.015625
167.0 4.796875
168.0 4.953125
169.0 4.8359375
170.0 4.8046875
171.0 4.65625
172.0 4.203125
173.0 4.796875
174.0 4.65625
175.0 4.5
176.0 2.390625
177.0 7.046875
178.0 4.7734375
179.0 4.984375
180.0 4.578125
181.0 4.59375
182.0 4.7578125
183.0 4.875
184.0 4.625
185.0 4.8984375
186.0 4.546875
187.0 4.828125
188.0 2.5390625
189.0 6.921875
190.0 4.625
191.0 4.3046875
192.0 4.1328125
193.0 2.5078125
194.0 5.140625
195.0 3.796875
196.0 3.0546875
197.0 4.0234375
198.0 1.7890625
199.0 7.375
200.0 1.703125
201.0 5.1875
202.0 1.46875
203.0 1.3828125
204.0 3.4765625
205.0 4.4765625
206.0 4.8046875
207.0 4.7578125
208.0 4.6953125
209.0 4.9609375
210.0 4.8046875
211.0 4.8125
212.0 4.8046875
213.0 4.5
214.0 4.6953125
215.0 0.1953125
216.0 8.890625
217.0 4.953125
218.0 4.6875
219.0 3.609375
220.0 5.1953125
221.0 3.265625
222.0 4.71875
223.0 5.1328125
224.0 5.0390625
225.0 5.0078125
226.0 5.3125
227.0 5.2734375
228.0 5.140625
229.0 5.3046875
230.0 5.2578125
231.0 3.625
232.0 0.078125
233.0 5.5859375
234.0 3.4609375
235.0 3.4609375
236.0 3.84375
237.0 3.3828125
238.0 1.8984375
239.0 5.796875
240.0 3.9765625
241.0 3.171875
242.0 3.4765625
243.0 4.0703125
244.0 3.046875
245.0 3.671875
246.0 4.8046875
247.0 5.0859375
248.0 5.0703125
249.0 5.3046875
250.0 5.21875
251.0 5.2578125
252.0 3.2265625
253.0 7.7265625
254.0 5.1875
255.0 5.1953125
256.0 5.21875
257.0 1.09375
258.0 9.609375
259.0 4.875
260.0 5.171875
261.0 5.0234375
262.0 5.171875
263.0 5.171875
264.0 5.28125
265.0 5.078125
266.0 5.15625
267.0 5.2265625
268.0 4.859375
269.0 2.4609375
270.0 7.765625
271.0 5.3671875
272.0 5.15625
273.0 4.8125
274.0 5.2890625
275.0 4.890625
276.0 3.6171875
277.0 6.6640625
278.0 5.2890625
279.0 5.1328125
280.0 5.0859375
281.0 5.2578125
282.0 5.15625
283.0 5.0078125
284.0 5.15625
285.0 5.2578125
286.0 5.21875
287.0 5.015625
288.0 5.078125
289.0 1.3515625
290.0 9.09375
291.0 4.828125
292.0 4.828125
293.0 4.6796875
294.0 3.2578125
295.0 6.421875
296.0 4.3828125
297.0 4.6953125
298.0 4.546875
299.0 4.6796875
300.0 4.921875
301.0 4.78125
302.0 4.90625
303.0 5.0078125
304.0 4.6875
305.0 4.84375
306.0 1.8046875
307.0 8.1171875
308.0 5.0078125
309.0 4.0078125
310.0 6.4765625
311.0 5.0546875
312.0 5.109375
313.0 5.15625
314.0 5.0234375
315.0 5.0859375
316.0 4.90625
317.0 5.1015625
318.0 4.609375
319.0 5.0234375
320.0 5.2265625
321.0 5.1328125
322.0 4.953125
323.0 4.953125
324.0 4.9609375
325.0 4.9453125
326.0 4.5625
327.0 4.84375
328.0 3.7734375
329.0 4.3046875
330.0 4.6328125
331.0 4.6328125
332.0 4.6875
333.0 4.8359375
334.0 2.9921875
335.0 2.6015625
336.0 8.34375
337.0 4.953125
338.0 5.0234375
339.0 4.75
340.0 4.4765625
341.0 2.09375
342.0 5.3359375
343.0 4.390625
344.0 4.234375
345.0 4.859375
346.0 5.1640625
347.0 1.234375
348.0 8.65625
349.0 4.7734375
350.0 4.921875
351.0 4.984375
352.0 5.0234375
353.0 5.171875
354.0 1.953125
355.0 8.046875
356.0 5.0234375
357.0 5.078125
358.0 4.890625
359.0 4.8125
360.0 4.8359375
361.0 4.71875
362.0 4.3828125
363.0 4.75
364.0 4.625
365.0 4.4765625
366.0 4.59375
367.0 4.421875
368.0 4.15625
369.0 1.1640625
370.0 7.3671875
371.0 4.65625
372.0 4.6875
373.0 4.5
374.0 2.1484375
375.0 5.078125
376.0 2.421875
377.0 0.25
378.0 1.5859375
379.0 2.4609375
380.0 2.4765625
381.0 2.5390625
382.0 2.578125
383.0 2.484375
384.0 2.5390625
385.0 2.265625
386.0 2.3046875
387.0 1.7421875
388.0 0.3046875
389.0 0.0
390.0 4.578125
391.0 1.7890625
392.0 1.7421875
393.0 1.28125
394.0 0.9921875
395.0 2.34375
396.0 2.71875
397.0 2.7265625
398.0 2.5234375
399.0 2.4921875
400.0 2.28125
401.0 0.7890625
402.0 0.0
403.0 6.6796875
404.0 2.421875
405.0 2.3359375
406.0 2.3984375
407.0 2.2734375
408.0 2.1328125
409.0 1.046875
410.0 6.5625
411.0 4.46875
412.0 4.3984375
413.0 4.6015625
414.0 4.6015625
415.0 4.6640625
416.0 4.59375
417.0 4.828125
418.0 4.875
419.0 4.8046875
420.0 4.8046875
421.0 4.7265625
422.0 3.625
423.0 0.0
424.0 9.5078125
425.0 4.546875
426.0 4.6328125
427.0 4.8671875
428.0 4.828125
429.0 3.40625
430.0 6.3828125
431.0 4.71875
432.0 4.65625
433.0 4.390625
434.0 4.515625
435.0 4.609375
436.0 4.515625
437.0 4.7265625
438.0 1.71875
439.0 7.6328125
440.0 4.9765625
441.0 4.84375
442.0 2.0078125
443.0 5.2578125
444.0 2.0625
445.0 4.421875
446.0 4.6640625
447.0 4.7734375
448.0 4.6875
449.0 3.953125
450.0 3.8203125
451.0 2.8359375
452.0 2.359375
453.0 3.9453125
454.0 4.5
455.0 4.8125
456.0 4.859375
457.0 5.0234375
458.0 5.078125
459.0 5.046875
460.0 4.796875
461.0 4.828125
462.0 4.5625
463.0 4.1171875
464.0 4.5703125
465.0 5.0234375
466.0 4.9921875
467.0 4.9609375
468.0 5.21875
469.0 5.1875
470.0 4.9609375
471.0 3.1328125
472.0 6.8046875
473.0 4.8046875
474.0 5.015625
475.0 4.7265625
476.0 3.515625
477.0 6.5546875
478.0 5.21875
479.0 5.15625
480.0 5.15625
481.0 5.171875
482.0 5.3203125
483.0 5.1328125
484.0 5.0390625
485.0 4.5625
486.0 5.0078125
487.0 4.6953125
488.0 3.828125
489.0 0.6953125
490.0 8.5703125
491.0 4.6328125
492.0 4.6796875
493.0 4.9609375
494.0 1.8046875
495.0 7.6328125
496.0 4.8046875
497.0 4.953125
498.0 4.3671875
499.0 3.96875
500.0 4.1328125
501.0 4.15625
502.0 4.71875
503.0 4.7109375
504.0 4.90625
505.0 4.84375
506.0 5.0078125
507.0 2.1953125
508.0 7.703125
509.0 5.28125
510.0 4.984375
511.0 3.4921875
512.0 4.0703125
513.0 7.09375
514.0 4.28125
515.0 4.3203125
516.0 1.28125
517.0 8.4375
518.0 4.609375
519.0 1.8515625
520.0 2.4609375
521.0 4.984375
522.0 4.828125
523.0 4.515625
524.0 4.6953125
525.0 3.875
526.0 2.6015625
527.0 2.578125
528.0 4.0234375
529.0 4.4140625
530.0 0.703125
531.0 7.8359375
532.0 4.4765625
533.0 3.1171875
534.0 3.4609375
535.0 3.7578125
536.0 5.0703125
537.0 3.8515625
538.0 3.40625
539.0 4.5
540.0 2.0703125
541.0 1.03125
542.0 1.03125
543.0 0.9375
544.0 2.265625
545.0 1.234375
546.0 1.1328125
547.0 0.8125
548.0 0.6875
549.0 0.0
550.0 0.0
551.0 4.4296875
552.0 2.6015625
553.0 4.3515625
554.0 3.4375
555.0 2.8125
556.0 4.46875
557.0 4.6328125
558.0 4.90625
559.0 4.6328125
560.0 4.1484375
561.0 4.3515625
562.0 3.953125
563.0 1.5703125
564.0 7.1953125
565.0 4.4453125
566.0 4.5625
567.0 4.203125
568.0 4.46875
569.0 4.6953125
570.0 1.7890625
571.0 6.625
572.0 4.515625
573.0 4.6484375
574.0 1.7578125
575.0 7.96875
576.0 5.0859375
577.0 4.875
578.0 5.078125
579.0 4.8046875
580.0 4.515625
581.0 4.625
582.0 4.7421875
583.0 4.9296875
584.0 5.015625
585.0 5.0546875
586.0 5.0078125
587.0 5.1953125
588.0 3.4609375
589.0 6.59375
590.0 4.984375
591.0 4.90625
592.0 4.4296875
593.0 0.875
594.0 9.0
595.0 4.7109375
596.0 4.7578125
597.0 5.1015625
598.0 4.9609375
599.0 5.0859375
