0.0 5.9921875
1.0 6.3046875
2.0 6.4375
3.0 6.9296875
4.0 6.2890625
5.0 5.5546875
6.0 0.0
7.0 5.7890625
8.0 3.0859375
9.0 2.953125
10.0 5.5
11.0 5.78125
12.0 2.3125
13.0 9.7734375
14.0 5.4921875
15.0 5.3046875
16.0 4.609375
17.0 3.828125
18.0 4.4765625
19.0 4.15625
20.0 3.671875
21.0 5.1953125
22.0 5.6328125
23.0 4.6953125
24.0 5.6328125
25.0 0.9453125
26.0 10.03125
27.0 4.6015625
28.0 3.375
29.0 1.890625
30.0 7.9140625
31.0 6.1875
32.0 6.3828125
33.0 6.6875
34.0 6.8046875
35.0 6.78125
36.0 6.6640625
37.0 6.765625
38.0 6.15625
39.0 5.125
40.0 5.609375
41.0 6.9296875
42.0 6.6171875
43.0 2.15625
44.0 11.15625
45.0 6.6796875
46.0 6.421875
47.0 6.8125
48.0 2.015625
49.0 10.6171875
50.0 5.6484375
51.0 3.8203125
52.0 5.78125
53.0 6.5859375
54.0 6.3203125
55.0 6.4765625
56.0 2.25
57.0 3.5859375
58.0 6.171875
59.0 6.0859375
60.0 4.0
61.0 6.8671875
62.0 3.4921875
63.0 5.8828125
64.0 5.234375
65.0 6.8828125
66.0 6.359375
67.0 6.5390625
68.0 6.3046875
69.0 5.515625
70.0 2.9296875
71.0 1.53125
72.0 1.0546875
73.0 0.65625
74.0 2.015625
75.0 2.890625
76.0 2.75
77.0 2.875
78.0 5.2265625
79.0 3.7578125
80.0 6.4375
81.0 6.0546875
82.0 4.90625
83.0 0.0
84.0 7.03125
85.0 2.2109375
86.0 5.828125
87.0 5.421875
88.0 4.8046875
89.0 5.171875
90.0 6.921875
91.0 6.59375
92.0 3.734375
93.0 2.359375
94.0 2.640625
95.0 1.4609375
96.0 9.6640625
97.0 4.28125
98.0 4.03125
99.0 5.015625
100.0 6.65625
101.0 6.78125
102.0 6.5390625
103.0 5.75
104.0 0.2578125
105.0 9.640625
106.0 5.484375
107.0 7.46875
108.0 3.671875
109.0 6.6796875
110.0 6.140625
111.0 7.6875
112.0 6.9296875
113.0 6.0859375
114.0 5.890625
115.0 5.96875
116.0 5.9140625
117.0 7.015625
118.0 6.6015625
119.0 6.40625
120.0 6.03125
121.0 6.203125
122.0 6.0234375
123.0 5.5546875
124.0 4.953125
125.0 5.9140625
126.0 1.5859375
127.0 7.40625
128.0 6.109375
129.0 6.09375
130.0 6.2421875
131.0 6.265625
132.0 5.578125
133.0 6.453125
134.0 5.7109375
135.0 5.6328125
136.0 3.953125
137.0 5.3125
138.0 6.3515625
139.0 6.5859375
140.0 6.3515625
141.0 5.9765625
142.0 6.3515625
143.0 7.125
144.0 6.984375
145.0 6.9609375
146.0 3.0546875
147.0 11.84375
148.0 7.2578125
149.0 7.3984375
150.0 6.734375
151.0 4.171875
152.0 10.8828125
153.0 6.109375
154.0 6.453125
155.0 6.765625
156.0 3.8828125
157.0 3.734375
158.0 3.25
159.0 3.8828125
160.0 3.59375
161.0 3.7265625
162.0 3.2890625
163.0 2.4140625
164.0 0.0
165.0 7.8125
166.0 3.671875
167.0 3.171875
168.0 3.4453125
169.0 3.4453125
170.0 2.8671875
171.0 0.0
172.0 7.0703125
173.0 1.390625
174.0 5.5546875
175.0 3.328125
176.0 3.4296875
177.0 3.3203125
178.0 2.0703125
179.0 0.0
180.0 4.5078125
181.0 2.5703125
182.0 2.4140625
183.0 4.6875
184.0 3.4140625
185.0 3.609375
186.0 3.40625
187.0 3.84375
188.0 6.234375
189.0 6.2890625
190.0 5.5234375
191.0 2.265625
192.0 2.875
193.0 3.40625
194.0 2.5234375
195.0 0.0
196.0 7.6015625
197.0 7.6171875
198.0 6.8984375
199.0 6.6640625
200.0 6.71875
201.0 5.6953125
202.0 6.0546875
203.0 5.015625
204.0 4.8359375
205.0 6.3203125
206.0 5.9296875
207.0 6.734375
208.0 6.9140625
209.0 7.09375
210.0 6.5859375
211.0 6.6328125
212.0 6.328125
213.0 6.71875
214.0 6.2890625
215.0 6.71875
216.0 7.0703125
217.0 6.8046875
218.0 6.3828125
219.0 6.9921875
220.0 7.2421875
221.0 7.03125
222.0 6.5
223.0 7.3046875
224.0 7.3359375
225.0 7.359375
226.0 5.796875
227.0 8.4765625
228.0 6.9609375
229.0 7.1953125
230.0 7.421875
231.0 7.2890625
232.0 7.1015625
233.0 6.859375
234.0 7.34375
235.0 4.8359375
236.0 5.3671875
237.0 6.8046875
238.0 7.140625
239.0 5.4296875
240.0 7.5078125
241.0 3.4140625
242.0 4.1875
243.0 6.453125
244.0 6.8671875
245.0 6.625
246.0 6.6015625
247.0 7.1796875
248.0 7.0390625
249.0 7.0390625
250.0 7.03125
251.0 7.1015625
252.0 6.5
253.0 7.3671875
254.0 6.8046875
255.0 7.25
256.0 6.3359375
257.0 5.765625
258.0 6.3828125
259.0 6.4765625
260.0 6.6875
261.0 6.2890625
262.0 4.6875
263.0 5.0078125
264.0 5.671875
265.0 4.78125
266.0 3.515625
267.0 0.0
268.0 7.1015625
269.0 4.4765625
270.0 5.234375
271.0 6.3046875
272.0 5.8515625
273.0 7.71875
274.0 6.9140625
275.0 5.6171875
276.0 3.5
277.0 3.921875
278.0 3.7734375
279.0 4.4453125
280.0 4.0859375
281.0 3.7734375
282.0 3.53125
283.0 3.3984375
284.0 2.6875
285.0 0.0
286.0 7.515625
287.0 4.5390625
288.0 4.1796875
289.0 2.28125
290.0 2.984375
291.0 1.109375
292.0 0.2734375
293.0 0.0
294.0 5.9296875
295.0 3.5859375
296.0 3.671875
297.0 3.9453125
298.0 4.875
299.0 7.3046875
300.0 7.609375
301.0 7.3203125
302.0 7.046875
303.0 6.9609375
304.0 6.7734375
305.0 6.71875
306.0 6.6015625
307.0 2.8046875
308.0 9.3359375
309.0 6.515625
310.0 6.2421875
311.0 6.890625
312.0 7.015625
313.0 5.765625
314.0 1.5234375
315.0 10.9453125
316.0 6.2734375
317.0 6.3515625
318.0 5.8125
319.0 6.796875
320.0 6.9921875
321.0 6.4765625
322.0 6.3515625
323.0 6.6015625
324.0 5.9921875
325.0 7.34375
326.0 6.796875
327.0 6.5703125
328.0 6.484375
329.0 6.7734375
330.0 6.53125
331.0 6.84375
332.0 6.2109375
333.0 6.921875
334.0 6.78125
335.0 6.4375
336.0 7.0390625
337.0 7.1015625
338.0 5.9375
339.0 6.7734375
340.0 6.40625
341.0 6.625
342.0 6.6484375
343.0 1.1640625
344.0 0.421875
345.0 0.0
346.0 7.703125
347.0 1.7109375
348.0 1.265625
349.0 2.0390625
350.0 5.8515625
351.0 5.1328125
352.0 0.9140625
353.0 0.0
354.0 5.3515625
355.0 1.7734375
356.0 0.2578125
357.0 3.6484375
358.0 6.203125
359.0 7.4296875
360.0 6.8125
361.0 6.6796875
362.0 6.8125
363.0 6.6328125
364.0 5.90625
365.0 7.015625
366.0 6.6640625
367.0 4.78125
368.0 3.7421875
369.0 4.3203125
370.0 6.4765625
371.0 6.8046875
372.0 6.4375
373.0 7.90625
374.0 7.421875
375.0 7.1328125
376.0 7.0390625
377.0 7.21875
378.0 7.09375
379.0 7.1640625
380.0 7.3984375
381.0 6.828125
382.0 6.359375
383.0 7.734375
384.0 7.03125
385.0 7.1015625
386.0 6.9453125
387.0 7.0703125
388.0 7.109375
389.0 7.03125
390.0 7.1875
391.0 7.28125
392.0 6.8828125
393.0 6.8671875
394.0 7.078125
395.0 6.8671875
396.0 6.921875
397.0 6.390625
398.0 6.125
399.0 5.7265625
400.0 6.6171875
401.0 6.5546875
402.0 6.453125
403.0 6.171875
404.0 6.1796875
405.0 6.5
406.0 6.84375
407.0 6.8125
408.0 6.796875
409.0 2.515625
410.0 10.9375
411.0 6.6640625
412.0 6.5078125
413.0 2.4296875
414.0 10.8515625
415.0 6.4140625
416.0 6.8828125
417.0 6.796875
418.0 7.25
419.0 6.828125
420.0 6.8828125
421.0 6.6796875
422.0 4.5078125
423.0 9.15625
424.0 6.9296875
425.0 7.140625
426.0 6.796875
427.0 7.015625
428.0 7.125
429.0 7.0703125
430.0 6.9609375
431.0 7.1328125
432.0 7.4609375
433.0 6.7421875
434.0 6.8046875
435.0 6.953125
436.0 5.1953125
437.0 7.3046875
438.0 7.140625
439.0 6.84375
440.0 6.7421875
441.0 6.65625
442.0 4.4296875
443.0 8.734375
444.0 6.65625
445.0 6.796875
446.0 6.7734375
447.0 6.828125
448.0 7.046875
449.0 6.9453125
450.0 6.84375
451.0 6.9140625
452.0 6.0625
453.0 7.4609375
454.0 7.0625
455.0 7.25
456.0 6.84375
457.0 6.625
458.0 6.6640625
459.0 6.78125
460.0 6.65625
461.0 6.2109375
462.0 6.7734375
463.0 6.6484375
464.0 6.8828125
465.0 7.03125
466.0 5.453125
467.0 8.7734375
468.0 6.859375
469.0 6.921875
470.0 6.40625
471.0 6.8671875
472.0 4.6328125
473.0 9.046875
474.0 6.6171875
475.0 6.109375
476.0 6.3671875
477.0 6.2578125
478.0 5.9375
479.0 3.921875
480.0 8.953125
481.0 6.2265625
482.0 6.3671875
483.0 6.03125
484.0 6.171875
485.0 6.3671875
486.0 5.875
487.0 7.1640625
488.0 6.5390625
489.0 6.1796875
490.0 6.75
491.0 6.734375
492.0 6.0
493.0 7.0703125
494.0 7.3984375
495.0 7.140625
496.0 7.09375
497.0 7.3984375
498.0 6.5078125
499.0 8.1328125
500.0 7.2578125
501.0 6.140625
502.0 6.2421875
503.0 6.421875
504.0 6.328125
505.0 6.1875
506.0 5.8203125
507.0 5.3359375
508.0 5.640625
509.0 5.8828125
510.0 5.21875
511.0 3.3984375
512.0 7.2890625
513.0 4.3984375
514.0 6.6171875
515.0 6.859375
516.0 6.796875
517.0 6.5078125
518.0 6.0625
519.0 5.96875
520.0 5.46875
521.0 7.4921875
522.0 6.59375
523.0 7.8671875
524.0 7.046875
525.0 7.0390625
526.0 6.59375
527.0 6.59375
528.0 6.953125
529.0 6.515625
530.0 6.65625
531.0 6.890625
532.0 6.953125
533.0 6.5625
534.0 6.453125
535.0 6.171875
536.0 5.6484375
537.0 1.3125
538.0 9.7421875
539.0 6.234375
540.0 5.6171875
541.0 5.6953125
542.0 2.921875
543.0 10.046875
544.0 6.265625
545.0 6.703125
546.0 6.296875
547.0 6.5703125
548.0 6.7109375
549.0 6.421875
550.0 6.703125
551.0 6.78125
552.0 5.234375
553.0 7.7265625
554.0 7.078125
555.0 6.9609375
556.0 6.2265625
557.0 2.515625
558.0 10.28125
559.0 6.4453125
560.0 7.078125
561.0 7.21875
562.0 6.65625
563.0 6.3828125
564.0 6.5546875
565.0 7.109375
566.0 6.6015625
567.0 6.9765625
568.0 6.625
569.0 6.1171875
570.0 4.390625
571.0 5.2890625
572.0 5.9921875
573.0 5.6640625
574.0 5.46875
575.0 6.15625
576.0 6.46875
577.0 6.484375
578.0 6.734375
579.0 6.46875
580.0 6.953125
581.0 7.078125
582.0 7.25
583.0 7.1640625
584.0 6.9453125
585.0 6.9609375
586.0 5.96875
587.0 6.140625
588.0 6.3046875
589.0 4.78125
590.0 8.5625
591.0 6.4375
592.0 6.296875
593.0 6.2421875
594.0 4.921875
595.0 0.8515625
596.0 6.59375
597.0 1.7890625
598.0 5.7578125
599.0 4.2734375
