0.0 2.84375
1.0 2.59375
2.0 2.4765625
3.0 2.8125
4.0 2.8046875
5.0 2.7421875
6.0 0.7578125
7.0 4.8984375
8.0 2.984375
9.0 5.21875
10.0 5.234375
11.0 5.171875
12.0 6.0
13.0 6.0390625
14.0 5.2578125
15.0 4.6953125
16.0 1.109375
17.0 7.4609375
18.0 3.46875
19.0 3.46875
20.0 3.3515625
21.0 4.2109375
22.0 4.9453125
23.0 5.171875
24.0 5.3515625
25.0 5.3125
26.0 5.203125
27.0 5.4921875
28.0 5.671875
29.0 1.5703125
30.0 10.0234375
31.0 5.640625
32.0 4.828125
33.0 4.3515625
34.0 4.546875
35.0 5.4375
36.0 5.171875
37.0 4.7265625
38.0 5.2890625
39.0 4.6015625
40.0 5.8125
41.0 5.671875
42.0 5.7109375
43.0 5.4375
44.0 4.828125
45.0 5.109375
46.0 5.3671875
47.0 5.453125
48.0 5.75
49.0 6.15625
50.0 6.3203125
51.0 6.0390625
52.0 6.296875
53.0 5.796875
54.0 5.78125
55.0 4.5390625
56.0 6.7421875
57.0 5.46875
58.0 5.2890625
59.0 5.484375
60.0 5.484375
61.0 5.4921875
62.0 5.4921875
63.0 5.21875
64.0 5.3828125
65.0 5.5
66.0 6.2265625
67.0 5.9296875
68.0 6.0625
69.0 1.625
70.0 8.828125
71.0 3.4453125
72.0 5.1640625
73.0 5.6640625
74.0 2.7734375
75.0 8.59375
76.0 5.578125
77.0 4.984375
78.0 4.546875
79.0 4.1328125
80.0 5.1328125
81.0 5.6171875
82.0 5.7578125
83.0 6.3671875
84.0 6.5390625
85.0 5.90625
86.0 5.515625
87.0 1.375
88.0 9.28125
89.0 4.234375
90.0 4.3515625
91.0 5.7578125
92.0 3.96875
93.0 6.7109375
94.0 5.046875
95.0 4.8671875
96.0 4.5703125
97.0 4.546875
98.0 4.0
99.0 4.6484375
100.0 2.4140625
101.0 1.7890625
102.0 4.4453125
103.0 5.890625
104.0 6.2109375
105.0 1.703125
106.0 9.2421875
107.0 5.6953125
108.0 5.78125
109.0 5.7578125
110.0 5.6796875
111.0 3.765625
112.0 7.390625
113.0 5.2890625
114.0 4.234375
115.0 3.5859375
116.0 4.90625
117.0 2.1953125
118.0 5.5859375
119.0 4.59375
120.0 4.6484375
121.0 5.53125
122.0 5.6171875
123.0 6.03125
124.0 6.328125
125.0 6.0546875
126.0 5.5
127.0 6.0
128.0 5.9921875
129.0 5.2265625
130.0 4.578125
131.0 5.8828125
132.0 5.90625
133.0 5.9609375
134.0 5.3203125
135.0 5.546875
136.0 5.40625
137.0 5.484375
138.0 5.3046875
139.0 5.1875
140.0 1.3125
141.0 9.28125
142.0 5.515625
143.0 5.5625
144.0 1.5625
145.0 9.1015625
146.0 5.078125
147.0 5.171875
148.0 5.515625
149.0 4.8359375
150.0 5.0234375
151.0 5.546875
152.0 6.0546875
153.0 5.171875
154.0 5.375
155.0 4.5
156.0 5.421875
157.0 5.640625
158.0 5.453125
159.0 5.546875
160.0 5.34375
161.0 5.53125
162.0 5.703125
163.0 5.46875
164.0 5.21875
165.0 4.1171875
166.0 4.2734375
167.0 4.9609375
168.0 3.0546875
169.0 2.78125
170.0 5.0703125
171.0 5.5625
172.0 5.4921875
173.0 5.2265625
174.0 5.203125
175.0 5.3203125
176.0 2.515625
177.0 7.078125
178.0 5.3203125
179.0 5.5625
180.0 5.1875
181.0 1.296875
182.0 10.21875
183.0 5.6171875
184.0 5.640625
185.0 3.96875
186.0 5.8828125
187.0 5.6953125
188.0 4.1484375
189.0 5.46875
190.0 4.203125
191.0 5.75
192.0 4.5
193.0 3.515625
194.0 3.6484375
195.0 3.859375
196.0 4.8359375
197.0 3.8046875
198.0 2.6875
199.0 0.0703125
200.0 7.1875
201.0 4.6015625
202.0 5.046875
203.0 4.0546875
204.0 4.625
205.0 5.5234375
206.0 5.7265625
207.0 5.7109375
208.0 6.5546875
209.0 5.515625
210.0 4.9765625
211.0 3.0546875
212.0 7.7578125
213.0 5.140625
214.0 5.25
215.0 4.234375
216.0 4.2109375
217.0 3.8046875
218.0 1.4609375
219.0 5.375
220.0 3.296875
221.0 3.3203125
222.0 3.9140625
223.0 4.03125
224.0 3.6796875
225.0 3.3828125
226.0 3.875
227.0 4.171875
228.0 3.828125
229.0 4.1171875
230.0 3.7109375
231.0 3.53125
232.0 0.40625
233.0 5.75
234.0 3.4375
235.0 2.328125
236.0 3.1484375
237.0 4.5390625
238.0 3.9453125
239.0 0.2265625
240.0 6.796875
241.0 3.1171875
242.0 3.046875
243.0 2.75
244.0 2.5625
245.0 2.015625
246.0 2.6953125
247.0 3.1171875
248.0 3.7421875
249.0 5.078125
250.0 1.71875
251.0 6.9921875
252.0 3.46875
253.0 3.8515625
254.0 3.765625
255.0 4.9453125
256.0 4.328125
257.0 3.46875
258.0 1.8671875
259.0 8.4453125
260.0 5.3828125
261.0 5.3046875
262.0 5.3203125
263.0 5.21875
264.0 5.015625
265.0 4.609375
266.0 4.921875
267.0 5.0703125
268.0 3.46875
269.0 6.40625
270.0 5.171875
271.0 4.65625
272.0 3.671875
273.0 3.5625
274.0 4.0625
275.0 3.828125
276.0 2.3984375
277.0 5.6953125
278.0 5.1328125
279.0 4.9765625
280.0 4.1328125
281.0 4.8984375
282.0 4.546875
283.0 4.515625
284.0 4.203125
285.0 4.390625
286.0 4.28125
287.0 4.25
288.0 1.1640625
289.0 1.1953125
290.0 0.9453125
291.0 0.875
292.0 0.90625
293.0 1.953125
294.0 0.0
295.0 7.90625
296.0 4.5078125
297.0 4.546875
298.0 3.546875
299.0 1.4140625
300.0 6.8046875
301.0 3.203125
302.0 4.0390625
303.0 4.3828125
304.0 3.3203125
305.0 2.71875
306.0 2.5703125
307.0 3.890625
308.0 3.9375
309.0 4.59375
310.0 4.9296875
311.0 0.3046875
312.0 6.1796875
313.0 1.0234375
314.0 3.3515625
315.0 3.59375
316.0 3.6796875
317.0 4.6875
318.0 4.03125
319.0 3.703125
320.0 4.484375
321.0 2.7890625
322.0 0.453125
323.0 8.4375
324.0 3.84375
325.0 3.4765625
326.0 0.0
327.0 8.03125
328.0 4.2734375
329.0 3.90625
330.0 3.4296875
331.0 4.46875
332.0 4.78125
333.0 3.7265625
334.0 2.1796875
335.0 2.9296875
336.0 4.0546875
337.0 4.5703125
338.0 2.0
339.0 4.8671875
340.0 2.0625
341.0 2.90625
342.0 2.8671875
343.0 1.640625
344.0 1.4609375
345.0 2.8125
346.0 5.15625
347.0 4.890625
348.0 5.1953125
349.0 5.203125
350.0 4.8671875
351.0 0.734375
352.0 9.03125
353.0 4.859375
354.0 4.953125
355.0 4.9609375
356.0 4.53125
357.0 1.96875
358.0 7.734375
359.0 4.890625
360.0 4.7421875
361.0 5.1640625
362.0 5.0234375
363.0 5.2890625
364.0 5.125
365.0 5.0390625
366.0 4.859375
367.0 3.9921875
368.0 2.546875
369.0 0.0
370.0 8.1953125
371.0 4.1484375
372.0 4.25
373.0 4.546875
374.0 3.640625
375.0 2.03125
376.0 5.5546875
377.0 4.5703125
378.0 4.71875
379.0 4.6484375
380.0 5.140625
381.0 3.84375
382.0 4.8671875
383.0 4.796875
384.0 4.9765625
385.0 4.1328125
386.0 4.0390625
387.0 5.1328125
388.0 4.859375
389.0 0.375
390.0 7.734375
391.0 4.171875
392.0 3.4140625
393.0 0.21875
394.0 8.6484375
395.0 4.0078125
396.0 3.53125
397.0 4.125
398.0 3.21875
399.0 2.2734375
400.0 3.84375
401.0 4.5
402.0 4.828125
403.0 4.03125
404.0 2.8359375
405.0 3.25
406.0 3.3125
407.0 2.2421875
408.0 0.0
409.0 7.3203125
410.0 2.8359375
411.0 2.90625
412.0 4.125
413.0 3.59375
414.0 3.53125
415.0 0.765625
416.0 6.5390625
417.0 4.0234375
418.0 1.34375
419.0 7.3203125
420.0 3.6953125
421.0 4.46875
422.0 5.0546875
423.0 5.6328125
424.0 5.1328125
425.0 5.25
426.0 5.421875
427.0 5.609375
428.0 5.2265625
429.0 5.1640625
430.0 5.25
431.0 3.109375
432.0 0.2109375
433.0 9.7890625
434.0 5.9296875
435.0 5.3984375
436.0 4.890625
437.0 4.5390625
438.0 3.4375
439.0 5.7109375
440.0 4.6875
441.0 5.046875
442.0 4.4453125
443.0 4.3515625
444.0 4.421875
445.0 5.078125
446.0 5.3671875
447.0 5.234375
448.0 4.71875
449.0 4.828125
450.0 5.3359375
451.0 5.0390625
452.0 5.90625
453.0 5.171875
454.0 4.953125
455.0 4.609375
456.0 3.3984375
457.0 6.6640625
458.0 6.1171875
459.0 5.4921875
460.0 5.78125
461.0 5.890625
462.0 5.078125
463.0 5.4375
464.0 5.4609375
465.0 5.3125
466.0 5.5546875
467.0 2.6953125
468.0 0.09375
469.0 7.3203125
470.0 5.4921875
471.0 5.6328125
472.0 4.6875
473.0 4.8125
474.0 5.6015625
475.0 5.734375
476.0 5.375
477.0 5.21875
478.0 5.7109375
479.0 5.3828125
480.0 3.8515625
481.0 5.828125
482.0 3.890625
483.0 4.7421875
484.0 2.2734375
485.0 4.578125
486.0 1.8359375
487.0 0.390625
488.0 0.0
489.0 0.0
490.0 0.546875
491.0 1.4765625
492.0 1.375
493.0 1.1171875
494.0 0.9453125
495.0 2.2734375
496.0 2.75
497.0 2.6640625
498.0 2.7890625
499.0 3.078125
500.0 1.5859375
501.0 0.0
502.0 8.3203125
503.0 3.0234375
504.0 1.1640625
505.0 0.2109375
506.0 0.0
507.0 0.0
508.0 6.1171875
509.0 4.9453125
510.0 3.5625
511.0 3.34375
512.0 3.9140625
513.0 3.953125
514.0 4.59375
515.0 5.234375
516.0 5.0078125
517.0 5.375
518.0 5.421875
519.0 4.7734375
520.0 2.7109375
521.0 5.609375
522.0 4.3828125
523.0 3.8203125
524.0 5.4375
525.0 4.7265625
526.0 3.1171875
527.0 1.1328125
528.0 4.984375
529.0 1.96875
530.0 1.6484375
531.0 3.046875
532.0 4.7265625
533.0 3.875
534.0 3.578125
535.0 3.609375
536.0 4.1328125
537.0 4.3046875
538.0 4.390625
539.0 4.328125
540.0 1.2421875
541.0 8.328125
542.0 1.625
543.0 8.359375
544.0 4.0078125
545.0 4.4453125
546.0 3.734375
547.0 3.234375
548.0 3.046875
549.0 3.1015625
550.0 4.0546875
551.0 3.234375
552.0 2.921875
553.0 3.5234375
554.0 4.203125
555.0 3.28125
556.0 0.0
557.0 8.734375
558.0 4.0390625
559.0 3.3828125
560.0 1.7578125
561.0 6.3359375
562.0 4.265625
563.0 4.5390625
564.0 4.8359375
565.0 4.578125
566.0 5.1015625
567.0 4.484375
568.0 4.9296875
569.0 4.203125
570.0 4.9765625
571.0 2.2734375
572.0 5.5625
573.0 4.296875
574.0 3.9453125
575.0 3.25
576.0 3.1171875
577.0 3.140625
578.0 3.859375
579.0 4.6640625
580.0 4.5390625
581.0 4.390625
582.0 4.8125
583.0 5.1953125
584.0 1.4453125
585.0 5.9921875
586.0 3.40625
587.0 1.859375
588.0 3.0859375
589.0 2.4140625
590.0 2.875
591.0 3.609375
592.0 5.015625
593.0 5.0078125
594.0 4.875
595.0 4.890625
596.0 2.59375
597.0 0.703125
598.0 4.46875
599.0 3.2265625
