0.0 4.390625
1.0 3.9765625
2.0 0.453125
3.0 4.171875
4.0 6.8359375
5.0 4.3828125
6.0 4.625
7.0 4.6015625
8.0 4.5625
9.0 3.515625
10.0 3.3125
11.0 4.0859375
12.0 3.828125
13.0 4.15625
14.0 4.1796875
15.0 2.5078125
16.0 6.3359375
17.0 4.53125
18.0 4.328125
19.0 4.484375
20.0 2.265625
21.0 6.234375
22.0 4.3046875
23.0 4.359375
24.0 4.265625
25.0 4.328125
26.0 4.5
27.0 4.390625
28.0 4.359375
29.0 4.4140625
30.0 4.53125
31.0 4.359375
32.0 4.25
33.0 4.3359375
34.0 4.59375
35.0 3.7265625
36.0 0.0
37.0 9.359375
38.0 4.3203125
39.0 3.234375
40.0 5.4375
41.0 4.1484375
42.0 4.1171875
43.0 4.484375
44.0 4.5078125
45.0 4.328125
46.0 4.2734375
47.0 4.265625
48.0 4.4296875
49.0 3.6796875
50.0 3.7578125
51.0 3.7578125
52.0 3.0703125
53.0 0.6171875
54.0 8.5859375
55.0 4.3828125
56.0 3.59375
57.0 3.640625
58.0 1.2265625
59.0 4.1875
60.0 7.3125
61.0 4.796875
62.0 4.296875
63.0 4.8046875
64.0 4.7109375
65.0 4.296875
66.0 4.421875
67.0 4.609375
68.0 4.7578125
69.0 4.609375
70.0 2.0078125
71.0 5.875
72.0 4.0703125
73.0 4.4296875
74.0 4.203125
75.0 4.0546875
76.0 4.03125
77.0 4.0
78.0 4.234375
79.0 4.0078125
80.0 3.8828125
81.0 4.2421875
82.0 3.8203125
83.0 3.6796875
84.0 3.90625
85.0 3.3828125
86.0 3.8046875
87.0 4.0234375
88.0 3.3203125
89.0 4.21875
90.0 4.28125
91.0 3.6171875
92.0 1.5234375
93.0 6.71875
94.0 3.296875
95.0 4.59375
96.0 4.3359375
97.0 4.265625
98.0 4.15625
99.0 0.765625
100.0 0.0
101.0 9.5703125
102.0 2.59375
103.0 3.265625
104.0 3.7265625
105.0 3.1171875
106.0 3.671875
107.0 4.0859375
108.0 4.1484375
109.0 3.2578125
110.0 3.4296875
111.0 3.921875
112.0 3.5
113.0 1.59375
114.0 6.1875
115.0 3.671875
116.0 3.953125
117.0 4.171875
118.0 2.71875
119.0 6.1484375
120.0 4.390625
121.0 4.421875
122.0 4.2421875
123.0 4.4140625
124.0 4.421875
125.0 4.3984375
126.0 4.4765625
127.0 4.5
128.0 4.609375
129.0 4.65625
130.0 4.84375
131.0 4.328125
132.0 6.3828125
133.0 5.078125
134.0 4.890625
135.0 5.203125
136.0 5.21875
137.0 4.859375
138.0 4.9765625
139.0 5.046875
140.0 5.0234375
141.0 5.0078125
142.0 2.8125
143.0 6.5390625
144.0 4.7421875
145.0 4.3671875
146.0 5.125
147.0 4.6640625
148.0 4.46875
149.0 4.5390625
150.0 0.8515625
151.0 7.9375
152.0 4.1875
153.0 4.3203125
154.0 4.8046875
155.0 4.1328125
156.0 4.1796875
157.0 3.9140625
158.0 3.65625
159.0 4.6953125
160.0 4.6640625
161.0 4.09375
162.0 0.2890625
163.0 8.8046875
164.0 4.6484375
165.0 4.328125
166.0 4.453125
167.0 4.421875
168.0 4.1328125
169.0 3.8046875
170.0 4.2734375
171.0 4.484375
172.0 4.3046875
173.0 4.25
174.0 4.0078125
175.0 4.1484375
176.0 4.234375
177.0 4.5
178.0 4.1484375
179.0 4.4453125
180.0 4.484375
181.0 4.65625
182.0 4.3203125
183.0 2.4609375
184.0 5.671875
185.0 4.5625
186.0 4.3359375
187.0 4.1328125
188.0 4.2734375
189.0 3.8828125
190.0 2.125
191.0 6.0546875
192.0 4.03125
193.0 2.1640625
194.0 2.4140625
195.0 2.9609375
196.0 3.2890625
197.0 1.8671875
198.0 2.59375
199.0 3.265625
200.0 3.875
201.0 4.1015625
202.0 3.0546875
203.0 0.0
204.0 7.671875
205.0 0.671875
206.0 5.28125
207.0 2.640625
208.0 2.984375
209.0 3.171875
210.0 2.609375
211.0 0.5546875
212.0 4.4296875
213.0 3.109375
214.0 3.109375
215.0 3.953125
216.0 2.8984375
217.0 2.5625
218.0 1.984375
219.0 2.3046875
220.0 1.5078125
221.0 1.7109375
222.0 1.1328125
223.0 1.6796875
224.0 1.796875
225.0 1.9375
226.0 2.3125
227.0 0.359375
228.0 0.0
229.0 6.78125
230.0 3.7734375
231.0 4.0078125
232.0 4.234375
233.0 4.1328125
234.0 3.234375
235.0 0.0
236.0 8.5
237.0 3.3125
238.0 1.1484375
239.0 0.703125
240.0 0.65625
241.0 2.1171875
242.0 2.3046875
243.0 2.1171875
244.0 1.890625
245.0 2.28125
246.0 0.90625
247.0 7.359375
248.0 4.2109375
249.0 4.0078125
250.0 3.84375
251.0 2.265625
252.0 2.5078125
253.0 3.7734375
254.0 2.6328125
255.0 5.890625
256.0 4.125
257.0 4.2109375
258.0 4.2109375
259.0 4.203125
260.0 3.9375
261.0 4.125
262.0 4.1171875
263.0 4.1875
264.0 4.2421875
265.0 3.1484375
266.0 2.4296875
267.0 2.875
268.0 3.40625
269.0 4.4765625
270.0 2.28125
271.0 6.2734375
272.0 4.1015625
273.0 4.171875
274.0 2.0
275.0 6.453125
276.0 4.25
277.0 4.3984375
278.0 4.3671875
279.0 4.4765625
280.0 3.828125
281.0 3.875
282.0 3.828125
283.0 4.09375
284.0 4.0234375
285.0 4.0625
286.0 1.71875
287.0 5.421875
288.0 3.953125
289.0 3.1640625
290.0 2.984375
291.0 3.4140625
292.0 3.6484375
293.0 3.5625
294.0 3.7890625
295.0 3.0546875
296.0 3.234375
297.0 1.3515625
298.0 4.6484375
299.0 3.34375
300.0 3.7890625
301.0 3.8046875
302.0 3.3671875
303.0 3.3515625
304.0 2.7890625
305.0 4.0859375
306.0 4.0078125
307.0 3.0859375
308.0 2.7734375
309.0 3.9453125
310.0 2.25
311.0 4.6328125
312.0 3.578125
313.0 3.375
314.0 3.1796875
315.0 4.0703125
316.0 3.546875
317.0 2.9375
318.0 4.0625
319.0 4.234375
320.0 3.578125
321.0 3.9921875
322.0 2.96875
323.0 3.9375
324.0 3.7109375
325.0 3.109375
326.0 0.7578125
327.0 6.4375
328.0 3.8046875
329.0 0.4296875
330.0 5.96875
331.0 3.4140625
332.0 3.2265625
333.0 3.4921875
334.0 3.6171875
335.0 4.171875
336.0 3.828125
337.0 4.1796875
338.0 3.171875
339.0 2.1953125
340.0 3.5859375
341.0 2.234375
342.0 3.140625
343.0 4.3671875
344.0 4.1328125
345.0 1.9375
346.0 5.1640625
347.0 3.890625
348.0 4.1171875
349.0 4.125
350.0 3.1796875
351.0 3.875
352.0 4.2421875
353.0 3.7578125
354.0 3.734375
355.0 4.28125
356.0 4.125
357.0 3.9765625
358.0 4.0703125
359.0 3.5625
360.0 2.2734375
361.0 2.6875
362.0 3.2265625
363.0 3.96875
364.0 4.2109375
365.0 4.4140625
366.0 3.765625
367.0 3.8828125
368.0 4.2734375
369.0 4.328125
370.0 4.53125
371.0 4.3828125
372.0 4.03125
373.0 4.4453125
374.0 3.703125
375.0 4.875
376.0 3.515625
377.0 3.9375
378.0 4.125
379.0 4.328125
380.0 4.421875
381.0 4.484375
382.0 4.59375
383.0 4.4140625
384.0 4.453125
385.0 4.2421875
386.0 4.4453125
387.0 4.3671875
388.0 4.4765625
389.0 4.2421875
390.0 1.1328125
391.0 7.8125
392.0 4.3828125
393.0 4.5078125
394.0 4.1796875
395.0 3.1640625
396.0 5.3828125
397.0 4.4453125
398.0 4.0859375
399.0 4.1484375
400.0 4.3515625
401.0 4.625
402.0 4.1015625
403.0 4.0
404.0 3.8046875
405.0 3.890625
406.0 4.09375
407.0 3.7578125
408.0 3.96875
409.0 4.0546875
410.0 1.3515625
411.0 6.0390625
412.0 3.953125
413.0 4.03125
414.0 4.09375
415.0 4.3046875
416.0 2.5390625
417.0 6.390625
418.0 4.3671875
419.0 4.3203125
420.0 4.171875
421.0 4.390625
422.0 4.53125
423.0 4.234375
424.0 4.390625
425.0 4.484375
426.0 4.1875
427.0 4.3203125
428.0 0.578125
429.0 7.984375
430.0 4.3359375
431.0 4.1796875
432.0 0.9140625
433.0 7.1875
434.0 4.1328125
435.0 4.328125
436.0 4.234375
437.0 4.0859375
438.0 4.2109375
439.0 4.09375
440.0 4.3984375
441.0 4.296875
442.0 4.515625
443.0 4.53125
444.0 4.265625
445.0 4.3046875
446.0 0.046875
447.0 5.015625
448.0 7.484375
449.0 4.25
450.0 4.5390625
451.0 4.4765625
452.0 4.25
453.0 3.90625
454.0 3.953125
455.0 4.0859375
456.0 4.3203125
457.0 3.9921875
458.0 3.96875
459.0 4.0859375
460.0 4.3515625
461.0 4.203125
462.0 2.4921875
463.0 6.7421875
464.0 1.5390625
465.0 7.4375
466.0 4.5
467.0 4.4296875
468.0 4.4765625
469.0 4.4140625
470.0 4.4140625
471.0 4.0234375
472.0 4.1796875
473.0 4.5625
474.0 4.0390625
475.0 4.3359375
476.0 4.4453125
477.0 4.421875
478.0 4.234375
479.0 0.0
480.0 8.8515625
481.0 4.265625
482.0 4.265625
483.0 4.2421875
484.0 1.53125
485.0 6.6640625
486.0 4.1796875
487.0 4.46875
488.0 4.1796875
489.0 1.0625
490.0 7.046875
491.0 3.609375
492.0 4.0
493.0 3.9765625
494.0 4.0234375
495.0 4.203125
496.0 4.265625
497.0 4.0859375
498.0 4.1328125
499.0 4.0625
500.0 4.3671875
501.0 4.265625
502.0 3.140625
503.0 5.1953125
504.0 4.0390625
505.0 4.4296875
506.0 4.3046875
507.0 4.6796875
508.0 4.59375
509.0 1.140625
510.0 7.8828125
511.0 4.5
512.0 4.03125
513.0 4.4453125
514.0 4.4296875
515.0 4.3671875
516.0 4.453125
517.0 4.6015625
518.0 4.515625
519.0 4.4765625
520.0 4.3046875
521.0 4.5390625
522.0 3.7265625
523.0 0.0
524.0 8.8671875
525.0 4.5703125
526.0 4.59375
527.0 3.96875
528.0 0.71875
529.0 8.5
530.0 4.5390625
531.0 4.6015625
532.0 4.921875
533.0 4.625
534.0 4.3984375
535.0 4.5078125
536.0 4.359375
537.0 4.171875
538.0 4.46875
539.0 4.75
540.0 4.609375
541.0 4.8125
542.0 0.4609375
543.0 7.5703125
544.0 5.53125
545.0 3.7734375
546.0 4.0703125
547.0 4.0234375
548.0 4.5390625
549.0 4.515625
550.0 4.3671875
551.0 4.359375
552.0 4.875
553.0 4.4140625
554.0 4.609375
555.0 4.5390625
556.0 4.5390625
557.0 4.328125
558.0 2.09375
559.0 6.6796875
560.0 4.546875
561.0 3.890625
562.0 4.1171875
563.0 4.4296875
564.0 4.390625
565.0 4.265625
566.0 4.3359375
567.0 4.171875
568.0 4.0859375
569.0 4.46875
570.0 4.3359375
571.0 0.5234375
572.0 8.2421875
573.0 4.59375
574.0 4.203125
575.0 4.453125
576.0 4.3515625
577.0 4.203125
578.0 4.3984375
579.0 4.421875
580.0 4.203125
581.0 2.9609375
582.0 5.3359375
583.0 4.328125
584.0 4.171875
585.0 3.9375
586.0 4.4453125
587.0 4.25
588.0 4.234375
589.0 4.6875
590.0 4.3984375
591.0 4.25
592.0 4.515625
593.0 4.5078125
594.0 4.7578125
595.0 4.59375
596.0 0.6328125
597.0 7.2265625
598.0 5.109375
599.0 4.859375
