0.0 5.015625
1.0 4.890625
2.0 4.03125
3.0 4.71875
4.0 4.2109375
5.0 4.25
6.0 4.53125
7.0 5.0390625
8.0 6.3515625
9.0 5.9765625
10.0 6.109375
11.0 2.6875
12.0 8.8671875
13.0 5.2265625
14.0 5.546875
15.0 4.65625
16.0 1.234375
17.0 8.8359375
18.0 4.7578125
19.0 4.46875
20.0 4.7734375
21.0 4.0546875
22.0 4.6640625
23.0 5.1953125
24.0 5.125
25.0 5.2734375
26.0 4.8125
27.0 6.390625
28.0 5.6640625
29.0 6.484375
30.0 4.0703125
31.0 4.203125
32.0 4.7421875
33.0 6.859375
34.0 5.890625
35.0 5.9921875
36.0 6.6171875
37.0 6.78125
38.0 6.890625
39.0 6.6640625
40.0 6.625
41.0 4.2734375
42.0 6.4375
43.0 6.5859375
44.0 6.53125
45.0 6.40625
46.0 6.2421875
47.0 6.984375
48.0 6.2578125
49.0 5.21875
50.0 5.2265625
51.0 6.234375
52.0 6.484375
53.0 4.8125
54.0 8.34375
55.0 6.7421875
56.0 6.5703125
57.0 6.46875
58.0 5.75
59.0 5.609375
60.0 5.703125
61.0 5.9296875
62.0 3.921875
63.0 1.703125
64.0 7.375
65.0 6.078125
66.0 5.6484375
67.0 6.0234375
68.0 5.7578125
69.0 5.9140625
70.0 5.9453125
71.0 6.234375
72.0 6.40625
73.0 5.9765625
74.0 4.578125
75.0 7.03125
76.0 5.703125
77.0 5.796875
78.0 6.1796875
79.0 6.3046875
80.0 4.265625
81.0 5.078125
82.0 2.6953125
83.0 1.03125
84.0 2.3125
85.0 2.3984375
86.0 3.9375
87.0 5.1875
88.0 4.296875
89.0 2.515625
90.0 5.078125
91.0 6.7421875
92.0 6.6484375
93.0 6.109375
94.0 4.9296875
95.0 0.0
96.0 9.0625
97.0 6.7421875
98.0 6.4765625
99.0 6.4375
100.0 6.453125
101.0 1.9765625
102.0 11.0625
103.0 6.8359375
104.0 6.4765625
105.0 5.9140625
106.0 4.6484375
107.0 6.3046875
108.0 6.0234375
109.0 6.3359375
110.0 6.4140625
111.0 6.4453125
112.0 6.078125
113.0 5.6015625
114.0 5.375
115.0 5.578125
116.0 5.90625
117.0 6.0
118.0 6.8828125
119.0 5.96875
120.0 3.859375
121.0 7.25
122.0 6.9921875
123.0 6.2421875
124.0 5.8203125
125.0 5.2265625
126.0 0.421875
127.0 10.0546875
128.0 5.7109375
129.0 7.078125
130.0 5.25
131.0 3.3671875
132.0 2.1953125
133.0 1.8671875
134.0 5.109375
135.0 3.9921875
136.0 3.40625
137.0 6.0859375
138.0 5.3203125
139.0 7.1953125
140.0 6.421875
141.0 6.3828125
142.0 6.859375
143.0 6.828125
144.0 5.5859375
145.0 6.4765625
146.0 5.828125
147.0 4.7421875
148.0 4.234375
149.0 3.765625
150.0 3.875
151.0 3.4765625
152.0 3.0859375
153.0 1.1796875
154.0 6.3671875
155.0 4.09375
156.0 6.59375
157.0 6.5546875
158.0 6.421875
159.0 6.9609375
160.0 6.296875
161.0 2.7109375
162.0 11.1171875
163.0 6.7734375
164.0 7.734375
165.0 7.140625
166.0 7.09375
167.0 7.2578125
168.0 6.7421875
169.0 6.40625
170.0 6.4765625
171.0 6.625
172.0 6.359375
173.0 6.8125
174.0 6.40625
175.0 6.3046875
176.0 6.5703125
177.0 6.0234375
178.0 5.4609375
179.0 2.4765625
180.0 9.640625
181.0 5.9375
182.0 5.5234375
183.0 5.6328125
184.0 6.65625
185.0 6.9453125
186.0 6.7109375
187.0 6.4140625
188.0 7.2109375
189.0 6.3671875
190.0 7.1953125
191.0 6.921875
192.0 5.15625
193.0 8.625
194.0 6.0078125
195.0 3.4375
196.0 1.4765625
197.0 5.4609375
198.0 3.2578125
199.0 3.234375
200.0 3.546875
201.0 3.7890625
202.0 3.328125
203.0 2.8515625
204.0 3.6484375
205.0 3.796875
206.0 3.546875
207.0 3.6171875
208.0 3.65625
209.0 3.7265625
210.0 0.6953125
211.0 0.0
212.0 6.53125
213.0 2.03125
214.0 2.8203125
215.0 3.265625
216.0 3.4453125
217.0 3.34375
218.0 2.21875
219.0 7.1328125
220.0 6.8359375
221.0 6.484375
222.0 6.0
223.0 6.0546875
224.0 5.8828125
225.0 5.5859375
226.0 6.1875
227.0 6.6015625
228.0 5.703125
229.0 6.6171875
230.0 5.9921875
231.0 5.046875
232.0 1.109375
233.0 10.40625
234.0 6.390625
235.0 6.265625
236.0 6.4453125
237.0 6.171875
238.0 1.078125
239.0 11.0234375
240.0 6.5390625
241.0 6.46875
242.0 6.484375
243.0 6.4140625
244.0 6.5390625
245.0 6.0859375
246.0 6.234375
247.0 6.171875
248.0 7.125
249.0 6.390625
250.0 4.8671875
251.0 8.53125
252.0 6.84375
253.0 6.359375
254.0 6.3671875
255.0 6.359375
256.0 6.4140625
257.0 6.0
258.0 2.21875
259.0 10.21875
260.0 6.6640625
261.0 6.3515625
262.0 5.9765625
263.0 6.125
264.0 6.1796875
265.0 6.0546875
266.0 6.0546875
267.0 6.828125
268.0 7.0625
269.0 7.5390625
270.0 6.2578125
271.0 4.25
272.0 9.546875
273.0 6.953125
274.0 7.1796875
275.0 6.0078125
276.0 2.4453125
277.0 10.140625
278.0 5.875
279.0 5.34375
280.0 4.1796875
281.0 4.4765625
282.0 5.3203125
283.0 4.7265625
284.0 4.609375
285.0 4.921875
286.0 5.171875
287.0 5.28125
288.0 4.6484375
289.0 0.2734375
290.0 9.3984375
291.0 5.5234375
292.0 5.1640625
293.0 5.9140625
294.0 6.0390625
295.0 5.53125
296.0 3.34375
297.0 5.609375
298.0 5.5546875
299.0 5.828125
300.0 5.8515625
301.0 5.6953125
302.0 2.96875
303.0 7.796875
304.0 4.984375
305.0 5.0859375
306.0 5.3515625
307.0 4.4296875
308.0 4.328125
309.0 5.0546875
310.0 5.2890625
311.0 5.7109375
312.0 5.734375
313.0 4.3671875
314.0 4.2421875
315.0 4.390625
316.0 3.6796875
317.0 6.203125
318.0 4.984375
319.0 4.59375
320.0 4.4765625
321.0 1.734375
322.0 9.078125
323.0 5.890625
324.0 5.9140625
325.0 6.296875
326.0 5.5
327.0 5.734375
328.0 5.6796875
329.0 5.4609375
330.0 3.3828125
331.0 2.5234375
332.0 2.609375
333.0 7.703125
334.0 6.15625
335.0 5.859375
336.0 6.0078125
337.0 6.078125
338.0 5.7265625
339.0 5.15625
340.0 5.484375
341.0 4.9453125
342.0 5.21875
343.0 0.3359375
344.0 9.65625
345.0 6.0390625
346.0 5.3984375
347.0 5.78125
348.0 5.6953125
349.0 5.6328125
350.0 6.140625
351.0 5.40625
352.0 3.640625
353.0 0.6875
354.0 0.0
355.0 0.0
356.0 4.8046875
357.0 5.125
358.0 5.875
359.0 6.2578125
360.0 5.7890625
361.0 5.7265625
362.0 5.3671875
363.0 5.375
364.0 5.0546875
365.0 5.859375
366.0 5.1953125
367.0 6.296875
368.0 5.3046875
369.0 5.4375
370.0 5.0234375
371.0 6.6015625
372.0 5.78125
373.0 5.6640625
374.0 5.84375
375.0 6.3359375
376.0 6.0859375
377.0 6.2109375
378.0 6.3828125
379.0 6.2890625
380.0 5.84375
381.0 6.0625
382.0 6.2578125
383.0 5.7265625
384.0 4.7734375
385.0 3.25
386.0 6.5625
387.0 6.5
388.0 5.9453125
389.0 6.2421875
390.0 6.1796875
391.0 6.0546875
392.0 5.75
393.0 6.6015625
394.0 6.9765625
395.0 6.71875
396.0 6.40625
397.0 5.3671875
398.0 4.9921875
399.0 4.7265625
400.0 0.2421875
401.0 10.375
402.0 6.9140625
403.0 3.828125
404.0 2.4453125
405.0 0.0
406.0 7.2265625
407.0 1.890625
408.0 2.0078125
409.0 4.25
410.0 5.828125
411.0 4.4765625
412.0 4.09375
413.0 4.28125
414.0 4.5625
415.0 4.6953125
416.0 5.015625
417.0 5.1015625
418.0 3.015625
419.0 6.984375
420.0 4.984375
421.0 5.25
422.0 5.1328125
423.0 2.015625
424.0 7.796875
425.0 4.234375
426.0 4.390625
427.0 4.75
428.0 1.671875
429.0 6.5546875
430.0 3.96875
431.0 3.4765625
432.0 4.4140625
433.0 3.9140625
434.0 4.3828125
435.0 4.0
436.0 3.8046875
437.0 4.3203125
438.0 4.3359375
439.0 4.0859375
440.0 3.84375
441.0 3.1796875
442.0 3.9765625
443.0 1.765625
444.0 10.328125
445.0 6.2265625
446.0 3.2890625
447.0 10.5078125
448.0 7.40625
449.0 7.046875
450.0 6.6875
451.0 6.75
452.0 6.6640625
453.0 5.828125
454.0 6.7421875
455.0 6.71875
456.0 7.640625
457.0 7.8671875
458.0 7.515625
459.0 7.4375
460.0 3.1015625
461.0 11.7109375
462.0 7.5390625
463.0 6.984375
464.0 7.1328125
465.0 6.0859375
466.0 8.734375
467.0 7.5546875
468.0 7.125
469.0 5.5859375
470.0 5.3984375
471.0 5.3671875
472.0 5.1875
473.0 3.6171875
474.0 6.8984375
475.0 5.34375
476.0 5.4921875
477.0 5.609375
478.0 5.421875
479.0 5.125
480.0 4.8984375
481.0 5.109375
482.0 4.828125
483.0 4.4140625
484.0 4.484375
485.0 4.3359375
486.0 3.4140625
487.0 6.3359375
488.0 4.921875
489.0 4.859375
490.0 5.0859375
491.0 5.2578125
492.0 4.5078125
493.0 6.0
494.0 5.4609375
495.0 5.6953125
496.0 5.375
497.0 5.546875
498.0 5.703125
499.0 5.5859375
500.0 5.3671875
501.0 6.3515625
502.0 5.3984375
503.0 5.484375
504.0 5.578125
505.0 5.828125
506.0 5.2265625
507.0 5.9296875
508.0 5.4375
509.0 5.6171875
510.0 4.78125
511.0 5.734375
512.0 4.359375
513.0 5.546875
514.0 5.4296875
515.0 5.0703125
516.0 5.078125
517.0 4.0
518.0 2.5390625
519.0 3.3828125
520.0 5.1953125
521.0 5.15625
522.0 4.6640625
523.0 4.203125
524.0 4.53125
525.0 4.234375
526.0 4.2421875
527.0 3.1953125
528.0 5.7109375
529.0 5.1640625
530.0 4.6875
531.0 4.6796875
532.0 4.859375
533.0 5.703125
534.0 3.9765625
535.0 3.890625
536.0 4.453125
537.0 4.8125
538.0 4.9453125
539.0 5.5859375
540.0 2.28125
541.0 1.46875
542.0 0.734375
543.0 0.328125
544.0 0.484375
545.0 0.6640625
546.0 0.6328125
547.0 0.703125
548.0 0.75
549.0 1.53125
550.0 0.4921875
551.0 0.0
552.0 0.0
553.0 0.0
554.0 9.875
555.0 5.890625
556.0 5.5234375
557.0 5.421875
558.0 5.796875
559.0 4.4765625
560.0 2.3125
561.0 0.421875
562.0 0.0
563.0 0.0
564.0 5.515625
565.0 1.0859375
566.0 3.0
567.0 4.890625
568.0 5.7265625
569.0 6.109375
570.0 5.3671875
571.0 5.53125
572.0 5.3359375
573.0 4.515625
574.0 2.546875
575.0 7.6640625
576.0 5.203125
577.0 5.4921875
578.0 6.5859375
579.0 6.8671875
580.0 6.71875
581.0 6.5390625
582.0 5.84375
583.0 5.9921875
584.0 6.2734375
585.0 5.8125
586.0 5.8515625
587.0 6.1484375
588.0 5.6015625
589.0 5.4375
590.0 4.78125
591.0 4.984375
592.0 0.0
593.0 5.28125
594.0 2.609375
595.0 2.984375
596.0 2.4765625
597.0 1.28125
598.0 2.0390625
599.0 3.3125
