0.0 0.9296875
1.0 4.7578125
2.0 3.1171875
3.0 3.109375
4.0 3.5546875
5.0 4.1171875
6.0 1.09375
7.0 7.9296875
8.0 4.0078125
9.0 3.7109375
10.0 3.6171875
11.0 3.8515625
12.0 3.1640625
13.0 3.21875
14.0 1.7734375
15.0 2.421875
16.0 3.2578125
17.0 3.34375
18.0 3.828125
19.0 4.921875
20.0 4.625
21.0 0.3984375
22.0 8.2890625
23.0 3.2578125
24.0 2.953125
25.0 0.875
26.0 5.0234375
27.0 3.171875
28.0 3.375
29.0 3.4375
30.0 3.2890625
31.0 3.1171875
32.0 2.96875
33.0 2.34375
34.0 1.2109375
35.0 1.671875
36.0 3.5625
37.0 2.8046875
38.0 2.2734375
39.0 0.0
40.0 8.6015625
41.0 3.328125
42.0 3.4765625
43.0 3.875
44.0 3.578125
45.0 0.3984375
46.0 8.140625
47.0 4.3046875
48.0 4.4453125
49.0 4.3046875
50.0 4.3046875
51.0 4.234375
52.0 4.21875
53.0 4.609375
54.0 4.59375
55.0 4.796875
56.0 4.796875
57.0 4.7109375
58.0 4.5390625
59.0 0.0390625
60.0 9.1796875
61.0 4.59375
62.0 4.1015625
63.0 3.59375
64.0 5.3671875
65.0 4.359375
66.0 4.609375
67.0 4.6640625
68.0 3.921875
69.0 4.3359375
70.0 3.3203125
71.0 3.5546875
72.0 3.3203125
73.0 3.765625
74.0 3.8203125
75.0 3.4453125
76.0 4.59375
77.0 4.328125
78.0 3.078125
79.0 3.3984375
80.0 3.796875
81.0 6.3515625
82.0 6.296875
83.0 7.03125
84.0 6.078125
85.0 5.2734375
86.0 5.203125
87.0 4.9765625
88.0 1.390625
89.0 8.9765625
90.0 5.3125
91.0 2.5234375
92.0 2.9609375
93.0 4.890625
94.0 4.46875
95.0 1.640625
96.0 9.9921875
97.0 5.484375
98.0 5.171875
99.0 5.484375
100.0 4.3984375
101.0 4.5390625
102.0 5.9375
103.0 4.6953125
104.0 3.7578125
105.0 4.3203125
106.0 4.484375
107.0 5.3046875
108.0 4.0859375
109.0 0.0
110.0 8.296875
111.0 3.96875
112.0 5.15625
113.0 3.6484375
114.0 5.609375
115.0 3.828125
116.0 4.0234375
117.0 4.0078125
118.0 3.96875
119.0 3.8828125
120.0 3.8828125
121.0 1.671875
122.0 6.6875
123.0 5.0234375
124.0 5.2734375
125.0 5.484375
126.0 5.109375
127.0 3.953125
128.0 3.609375
129.0 3.5859375
130.0 4.125
131.0 3.5625
132.0 3.0859375
133.0 2.640625
134.0 1.3125
135.0 6.0546875
136.0 0.4609375
137.0 6.765625
138.0 3.2578125
139.0 3.765625
140.0 3.7421875
141.0 3.7265625
142.0 5.1953125
143.0 5.078125
144.0 2.5390625
145.0 1.6796875
146.0 1.5703125
147.0 1.9375
148.0 1.859375
149.0 1.234375
150.0 0.0
151.0 7.9296875
152.0 4.0078125
153.0 5.171875
154.0 5.765625
155.0 5.34375
156.0 5.0859375
157.0 3.578125
158.0 3.65625
159.0 3.7890625
160.0 3.8828125
161.0 4.265625
162.0 4.2421875
163.0 5.484375
164.0 5.78125
165.0 1.328125
166.0 10.4609375
167.0 4.9921875
168.0 3.1484375
169.0 5.1015625
170.0 4.1484375
171.0 3.5859375
172.0 3.8828125
173.0 5.6484375
174.0 5.421875
175.0 5.171875
176.0 4.1015625
177.0 4.265625
178.0 4.03125
179.0 3.9453125
180.0 4.1015625
181.0 4.09375
182.0 2.25
183.0 0.8515625
184.0 7.4609375
185.0 4.171875
186.0 5.90625
187.0 5.3515625
188.0 5.21875
189.0 3.265625
190.0 6.1171875
191.0 4.90625
192.0 5.0234375
193.0 4.8359375
194.0 4.90625
195.0 4.5390625
196.0 4.6015625
197.0 4.0078125
198.0 5.5
199.0 4.75
200.0 4.7734375
201.0 5.0546875
202.0 4.8671875
203.0 5.484375
204.0 5.609375
205.0 5.515625
206.0 5.484375
207.0 5.796875
208.0 5.6796875
209.0 5.859375
210.0 5.7265625
211.0 5.890625
212.0 5.84375
213.0 4.828125
214.0 4.4453125
215.0 4.453125
216.0 3.9765625
217.0 0.421875
218.0 6.421875
219.0 4.9921875
220.0 4.7578125
221.0 4.875
222.0 3.265625
223.0 4.0703125
224.0 5.0390625
225.0 4.7578125
226.0 2.046875
227.0 0.0
228.0 5.3671875
229.0 1.265625
230.0 3.9375
231.0 3.4921875
232.0 3.4453125
233.0 3.3203125
234.0 3.515625
235.0 4.1171875
236.0 2.8203125
237.0 2.484375
238.0 3.1171875
239.0 6.0234375
240.0 3.3515625
241.0 8.09375
242.0 6.109375
243.0 5.5625
244.0 2.09375
245.0 10.375
246.0 6.2265625
247.0 6.390625
248.0 5.96875
249.0 5.3515625
250.0 5.6640625
251.0 5.4609375
252.0 4.609375
253.0 5.1640625
254.0 4.953125
255.0 5.1875
256.0 5.125
257.0 2.375
258.0 0.0
259.0 7.2421875
260.0 5.109375
261.0 4.65625
262.0 3.1640625
263.0 0.0
264.0 5.234375
265.0 1.8515625
266.0 0.640625
267.0 2.5390625
268.0 3.890625
269.0 3.53125
270.0 4.75
271.0 4.171875
272.0 3.140625
273.0 4.6484375
274.0 5.2890625
275.0 4.1484375
276.0 4.5
277.0 0.0
278.0 10.234375
279.0 4.7421875
280.0 4.4296875
281.0 4.2109375
282.0 5.9609375
283.0 4.6484375
284.0 4.4765625
285.0 4.8125
286.0 4.7421875
287.0 4.7421875
288.0 4.9296875
289.0 4.9453125
290.0 5.046875
291.0 5.1328125
292.0 5.078125
293.0 5.2890625
294.0 4.78125
295.0 1.2421875
296.0 9.078125
297.0 5.4921875
298.0 5.109375
299.0 5.0703125
300.0 1.2421875
301.0 9.015625
302.0 4.4296875
303.0 5.1328125
304.0 5.1328125
305.0 5.234375
306.0 5.140625
307.0 4.953125
308.0 4.359375
309.0 4.8359375
310.0 1.0234375
311.0 8.7734375
312.0 4.5390625
313.0 4.4453125
314.0 4.8984375
315.0 5.3515625
316.0 4.6015625
317.0 4.6328125
318.0 4.484375
319.0 4.3984375
320.0 4.390625
321.0 4.5625
322.0 5.1328125
323.0 5.109375
324.0 0.3359375
325.0 9.34375
326.0 5.2734375
327.0 5.046875
328.0 5.015625
329.0 3.65625
330.0 0.0078125
331.0 8.8203125
332.0 4.0703125
333.0 0.28125
334.0 6.3046875
335.0 2.6640625
336.0 5.2265625
337.0 5.0546875
338.0 5.1015625
339.0 5.75
340.0 5.140625
341.0 5.078125
342.0 4.3203125
343.0 4.8671875
344.0 5.7578125
345.0 5.3125
346.0 5.2734375
347.0 5.3203125
348.0 5.6328125
349.0 5.1640625
350.0 4.1796875
351.0 4.0546875
352.0 4.265625
353.0 4.2734375
354.0 4.3515625
355.0 4.515625
356.0 3.3828125
357.0 0.4296875
358.0 5.609375
359.0 2.0859375
360.0 2.8984375
361.0 4.6640625
362.0 4.796875
363.0 0.390625
364.0 8.75
365.0 4.75
366.0 4.7265625
367.0 3.7109375
368.0 4.0546875
369.0 4.3359375
370.0 4.21875
371.0 4.6484375
372.0 5.3046875
373.0 2.390625
374.0 2.71875
375.0 4.6953125
376.0 4.28125
377.0 6.1875
378.0 5.2734375
379.0 5.171875
380.0 5.53125
381.0 5.53125
382.0 1.0625
383.0 10.03125
384.0 5.2734375
385.0 5.34375
386.0 5.546875
387.0 3.4140625
388.0 3.40625
389.0 3.25
390.0 0.0
391.0 7.453125
392.0 4.625
393.0 4.9453125
394.0 4.3671875
395.0 4.8671875
396.0 4.8359375
397.0 1.46875
398.0 5.78125
399.0 3.953125
400.0 6.7421875
401.0 4.90625
402.0 4.265625
403.0 3.890625
404.0 4.7734375
405.0 5.3828125
406.0 6.03125
407.0 6.7421875
408.0 6.8125
409.0 5.75
410.0 6.2734375
411.0 6.84375
412.0 6.8359375
413.0 4.1328125
414.0 7.9296875
415.0 6.0390625
416.0 6.1875
417.0 5.3203125
418.0 5.1328125
419.0 3.1328125
420.0 5.578125
421.0 3.1953125
422.0 3.796875
423.0 3.4921875
424.0 3.59375
425.0 3.96875
426.0 3.3203125
427.0 4.6484375
428.0 3.9375
429.0 3.890625
430.0 2.84375
431.0 0.0
432.0 6.9609375
433.0 3.8046875
434.0 3.375
435.0 2.1953125
436.0 1.09375
437.0 2.78125
438.0 1.9453125
439.0 0.484375
440.0 4.78125
441.0 4.5625
442.0 4.2421875
443.0 4.0078125
444.0 4.6953125
445.0 5.0859375
446.0 5.7578125
447.0 6.0625
448.0 5.5
449.0 4.1796875
450.0 3.7109375
451.0 0.3046875
452.0 5.5546875
453.0 1.5078125
454.0 3.578125
455.0 4.9453125
456.0 5.046875
457.0 3.265625
458.0 2.7890625
459.0 3.0546875
460.0 0.7890625
461.0 7.5078125
462.0 5.3125
463.0 5.21875
464.0 4.921875
465.0 4.3671875
466.0 3.7734375
467.0 3.6484375
468.0 3.3671875
469.0 3.59375
470.0 3.953125
471.0 0.28125
472.0 7.671875
473.0 4.265625
474.0 3.4296875
475.0 3.7109375
476.0 3.34375
477.0 2.2421875
478.0 2.1328125
479.0 2.4765625
480.0 3.4609375
481.0 0.3046875
482.0 7.5703125
483.0 4.0390625
484.0 4.1015625
485.0 3.3203125
486.0 4.5703125
487.0 4.46875
488.0 4.4453125
489.0 4.8046875
490.0 4.9453125
491.0 3.46875
492.0 4.265625
493.0 0.375
494.0 6.4140625
495.0 3.078125
496.0 1.4453125
497.0 6.2265625
498.0 3.7734375
499.0 3.1953125
500.0 2.1875
501.0 2.234375
502.0 2.7265625
503.0 2.4296875
504.0 2.7578125
505.0 2.3984375
506.0 1.703125
507.0 2.1875
508.0 2.1875
509.0 2.0625
510.0 3.546875
511.0 4.484375
512.0 3.171875
513.0 5.8125
514.0 2.9375
515.0 4.75
516.0 4.90625
517.0 3.5
518.0 0.0
519.0 8.640625
520.0 4.203125
521.0 4.5625
522.0 4.5078125
523.0 4.9453125
524.0 4.546875
525.0 4.890625
526.0 5.234375
527.0 4.6328125
528.0 4.03125
529.0 4.1328125
530.0 0.0
531.0 6.09375
532.0 3.1953125
533.0 3.9375
534.0 4.4453125
535.0 4.90625
536.0 4.4296875
537.0 4.4140625
538.0 4.15625
539.0 0.984375
540.0 8.4375
541.0 4.6015625
542.0 5.125
543.0 4.9296875
544.0 4.8984375
545.0 5.5234375
546.0 5.0859375
547.0 5.2890625
548.0 5.859375
549.0 5.796875
550.0 5.6640625
551.0 6.203125
552.0 3.859375
553.0 5.9453125
554.0 2.8203125
555.0 5.2734375
556.0 5.46875
557.0 6.0546875
558.0 5.9921875
559.0 6.0859375
560.0 6.1796875
561.0 5.828125
562.0 5.3671875
563.0 2.8359375
564.0 7.0390625
565.0 5.46875
566.0 5.96875
567.0 5.609375
568.0 4.484375
569.0 5.90625
570.0 5.5234375
571.0 5.4296875
572.0 5.6171875
573.0 5.3515625
574.0 4.578125
575.0 5.0078125
576.0 4.6484375
577.0 2.6328125
578.0 4.8359375
579.0 5.0703125
580.0 4.796875
581.0 3.046875
582.0 6.3515625
583.0 4.1015625
584.0 4.1875
585.0 4.234375
586.0 4.0546875
587.0 4.609375
588.0 4.1015625
589.0 5.6796875
590.0 4.4140625
591.0 4.1875
592.0 4.78125
593.0 5.2265625
594.0 4.796875
595.0 4.3984375
596.0 3.90625
597.0 4.828125
598.0 4.9296875
599.0 4.359375
