0.0 5.2578125
1.0 5.6328125
2.0 4.6796875
3.0 5.375
4.0 5.875
5.0 5.5
6.0 5.7265625
7.0 5.5625
8.0 1.0625
9.0 11.171875
10.0 5.703125
11.0 3.6171875
12.0 6.3671875
13.0 5.234375
14.0 4.90625
15.0 5.453125
16.0 5.4296875
17.0 5.28125
18.0 4.875
19.0 4.9609375
20.0 4.796875
21.0 4.984375
22.0 4.78125
23.0 5.3359375
24.0 5.828125
25.0 5.5546875
26.0 5.3125
27.0 5.3203125
28.0 4.5625
29.0 5.9921875
30.0 4.75
31.0 5.109375
32.0 5.4296875
33.0 5.0078125
34.0 6.171875
35.0 5.4921875
36.0 6.2421875
37.0 6.0859375
38.0 6.765625
39.0 5.2734375
40.0 5.1328125
41.0 5.28125
42.0 5.1953125
43.0 4.421875
44.0 4.578125
45.0 4.9765625
46.0 1.765625
47.0 6.796875
48.0 4.28125
49.0 1.4140625
50.0 0.0
51.0 7.8515625
52.0 3.734375
53.0 3.4140625
54.0 3.3984375
55.0 3.9375
56.0 3.515625
57.0 3.640625
58.0 3.5546875
59.0 3.9921875
60.0 4.4453125
61.0 4.546875
62.0 3.671875
63.0 3.0546875
64.0 3.6171875
65.0 2.59375
66.0 1.0859375
67.0 8.75
68.0 0.0
69.0 8.0234375
70.0 4.03125
71.0 3.953125
72.0 3.546875
73.0 3.4765625
74.0 3.546875
75.0 3.28125
76.0 3.53125
77.0 3.5234375
78.0 3.0234375
79.0 3.578125
80.0 3.59375
81.0 2.546875
82.0 0.0
83.0 8.53125
84.0 3.734375
85.0 3.40625
86.0 3.4765625
87.0 0.84375
88.0 6.6875
89.0 3.078125
90.0 3.671875
91.0 3.703125
92.0 3.7890625
93.0 2.90625
94.0 4.328125
95.0 2.4296875
96.0 2.8046875
97.0 2.3359375
98.0 4.1328125
99.0 4.4453125
100.0 1.8203125
101.0 7.2734375
102.0 4.5703125
103.0 4.8671875
104.0 4.7421875
105.0 4.3984375
106.0 4.3984375
107.0 4.390625
108.0 4.7734375
109.0 0.03125
110.0 8.5234375
111.0 4.484375
112.0 4.515625
113.0 3.59375
114.0 0.0
115.0 8.46875
116.0 5.4375
117.0 5.46875
118.0 4.78125
119.0 4.953125
120.0 5.6640625
121.0 5.640625
122.0 4.9296875
123.0 4.3984375
124.0 5.0078125
125.0 5.15625
126.0 5.2890625
127.0 5.046875
128.0 0.90625
129.0 10.34375
130.0 5.4375
131.0 5.5
132.0 3.4140625
133.0 7.984375
134.0 5.40625
135.0 5.171875
136.0 5.2578125
137.0 5.0234375
138.0 4.890625
139.0 4.9609375
140.0 5.2734375
141.0 4.8984375
142.0 5.3125
143.0 5.3203125
144.0 1.5625
145.0 6.453125
146.0 5.0234375
147.0 5.1640625
148.0 4.796875
149.0 2.6640625
150.0 0.71875
151.0 0.15625
152.0 8.96875
153.0 4.3828125
154.0 4.828125
155.0 4.5625
156.0 2.328125
157.0 6.7109375
158.0 4.625
159.0 4.3359375
160.0 2.9375
161.0 3.109375
162.0 4.0078125
163.0 4.390625
164.0 4.3515625
165.0 3.84375
166.0 0.96875
167.0 7.8984375
168.0 4.625
169.0 4.9765625
170.0 4.9609375
171.0 3.046875
172.0 6.484375
173.0 4.8671875
174.0 4.828125
175.0 4.90625
176.0 4.9296875
177.0 4.3046875
178.0 4.359375
179.0 5.1328125
180.0 5.0390625
181.0 4.921875
182.0 5.046875
183.0 4.953125
184.0 4.3671875
185.0 4.75
186.0 3.859375
187.0 6.46875
188.0 5.140625
189.0 4.7421875
190.0 2.8125
191.0 6.4453125
192.0 4.71875
193.0 4.453125
194.0 4.625
195.0 4.5390625
196.0 4.359375
197.0 4.5625
198.0 4.578125
199.0 4.484375
200.0 4.59375
201.0 4.6875
202.0 4.609375
203.0 4.171875
204.0 0.328125
205.0 9.1328125
206.0 4.3671875
207.0 4.609375
208.0 4.828125
209.0 2.1171875
210.0 7.7265625
211.0 4.953125
212.0 5.0234375
213.0 4.625
214.0 3.2578125
215.0 5.421875
216.0 4.6953125
217.0 4.890625
218.0 4.9921875
219.0 4.90625
220.0 4.7109375
221.0 4.6875
222.0 4.6875
223.0 4.1796875
224.0 3.96875
225.0 3.4765625
226.0 4.203125
227.0 4.390625
228.0 4.21875
229.0 4.3984375
230.0 4.15625
231.0 4.5625
232.0 4.6796875
233.0 3.953125
234.0 2.96875
235.0 3.6484375
236.0 2.9609375
237.0 0.2734375
238.0 5.34375
239.0 4.3671875
240.0 4.609375
241.0 4.0859375
242.0 4.5625
243.0 4.9453125
244.0 4.71875
245.0 4.21875
246.0 4.359375
247.0 4.625
248.0 4.828125
249.0 4.8671875
250.0 4.7734375
251.0 4.09375
252.0 5.4921875
253.0 4.859375
254.0 4.8671875
255.0 5.046875
256.0 4.890625
257.0 0.40625
258.0 9.78125
259.0 5.21875
260.0 5.3125
261.0 4.953125
262.0 4.9609375
263.0 4.78125
264.0 4.609375
265.0 4.6328125
266.0 4.2109375
267.0 2.953125
268.0 4.390625
269.0 1.1953125
270.0 8.4140625
271.0 4.9765625
272.0 3.015625
273.0 3.1796875
274.0 2.1171875
275.0 7.71875
276.0 5.1953125
277.0 5.1953125
278.0 5.375
279.0 5.3125
280.0 5.046875
281.0 4.8046875
282.0 4.90625
283.0 4.8046875
284.0 4.59375
285.0 4.4140625
286.0 5.0078125
287.0 4.828125
288.0 1.171875
289.0 7.8125
290.0 4.0078125
291.0 4.3984375
292.0 3.53125
293.0 5.3046875
294.0 1.2109375
295.0 8.078125
296.0 4.796875
297.0 2.90625
298.0 2.421875
299.0 2.59375
300.0 1.265625
301.0 6.140625
302.0 3.609375
303.0 4.484375
304.0 3.8515625
305.0 3.859375
306.0 4.4296875
307.0 4.359375
308.0 3.515625
309.0 4.1171875
310.0 4.3046875
311.0 4.09375
312.0 2.3671875
313.0 1.8359375
314.0 3.7734375
315.0 4.5390625
316.0 0.2578125
317.0 7.2890625
318.0 4.6328125
319.0 4.6484375
320.0 4.9296875
321.0 4.421875
322.0 3.28125
323.0 0.5390625
324.0 8.9453125
325.0 4.3203125
326.0 4.359375
327.0 4.234375
328.0 3.8203125
329.0 3.234375
330.0 3.4375
331.0 4.296875
332.0 4.421875
333.0 4.328125
334.0 3.2265625
335.0 0.3359375
336.0 7.3984375
337.0 3.609375
338.0 4.1328125
339.0 3.6953125
340.0 1.0625
341.0 6.6484375
342.0 4.15625
343.0 4.0078125
344.0 3.921875
345.0 4.2109375
346.0 4.25
347.0 3.8203125
348.0 4.546875
349.0 4.0546875
350.0 2.96875
351.0 3.65625
352.0 3.4609375
353.0 2.4453125
354.0 5.40625
355.0 3.625
356.0 4.0703125
357.0 3.859375
358.0 3.65625
359.0 2.84375
360.0 0.0
361.0 8.5078125
362.0 3.640625
363.0 3.765625
364.0 4.3359375
365.0 4.359375
366.0 3.5546875
367.0 3.5546875
368.0 3.5625
369.0 3.1640625
370.0 4.203125
371.0 3.875
372.0 3.8828125
373.0 1.078125
374.0 6.6875
375.0 3.046875
376.0 3.578125
377.0 3.9921875
378.0 4.484375
379.0 4.2109375
380.0 2.0703125
381.0 2.5390625
382.0 7.6015625
383.0 3.8046875
384.0 3.6171875
385.0 3.1328125
386.0 3.4765625
387.0 3.546875
388.0 3.7734375
389.0 3.34375
390.0 3.5234375
391.0 4.25
392.0 4.15625
393.0 1.7890625
394.0 6.8046875
395.0 3.546875
396.0 4.1015625
397.0 3.90625
398.0 5.0546875
399.0 2.1015625
400.0 4.0625
401.0 3.546875
402.0 4.265625
403.0 4.3046875
404.0 4.0078125
405.0 4.421875
406.0 4.1796875
407.0 4.1171875
408.0 4.390625
409.0 2.6953125
410.0 3.1015625
411.0 7.765625
412.0 4.46875
413.0 4.53125
414.0 4.859375
415.0 4.359375
416.0 4.265625
417.0 4.578125
418.0 4.6484375
419.0 4.8359375
420.0 4.9765625
421.0 4.921875
422.0 4.9453125
423.0 1.28125
424.0 8.53125
425.0 4.8671875
426.0 4.84375
427.0 4.625
428.0 4.8984375
429.0 3.5625
430.0 7.0390625
431.0 3.296875
432.0 7.109375
433.0 4.9921875
434.0 3.96875
435.0 4.578125
436.0 4.7734375
437.0 4.65625
438.0 4.7578125
439.0 4.828125
440.0 4.796875
441.0 4.8671875
442.0 4.6640625
443.0 4.6875
444.0 4.5078125
445.0 0.2734375
446.0 8.703125
447.0 4.8359375
448.0 4.6640625
449.0 4.53125
450.0 0.1953125
451.0 7.4921875
452.0 1.2265625
453.0 4.6015625
454.0 4.7109375
455.0 5.234375
456.0 4.9453125
457.0 4.6328125
458.0 4.28125
459.0 4.5390625
460.0 4.6796875
461.0 4.6640625
462.0 0.75
463.0 8.03125
464.0 4.6484375
465.0 4.4453125
466.0 4.1328125
467.0 3.90625
468.0 3.7265625
469.0 1.296875
470.0 5.7890625
471.0 2.484375
472.0 3.3671875
473.0 3.84375
474.0 2.3046875
475.0 3.765625
476.0 4.28125
477.0 4.6015625
478.0 4.5390625
479.0 4.6875
480.0 4.71875
481.0 5.0390625
482.0 4.0390625
483.0 5.5546875
484.0 4.953125
485.0 4.75
486.0 4.1015625
487.0 0.1015625
488.0 7.796875
489.0 3.7734375
490.0 3.1484375
491.0 2.609375
492.0 3.875
493.0 4.84375
494.0 4.7734375
495.0 4.3828125
496.0 4.953125
497.0 4.578125
498.0 4.453125
499.0 4.5625
500.0 4.8125
501.0 0.3359375
502.0 9.890625
503.0 4.59375
504.0 4.625
505.0 4.4453125
506.0 0.8671875
507.0 7.03125
508.0 2.875
509.0 3.1796875
510.0 4.6875
511.0 4.2734375
512.0 3.953125
513.0 4.578125
514.0 4.265625
515.0 4.1484375
516.0 4.7578125
517.0 4.6015625
518.0 3.328125
519.0 6.3359375
520.0 4.78125
521.0 4.4453125
522.0 4.6484375
523.0 2.875
524.0 5.3515625
525.0 3.875
526.0 4.609375
527.0 4.546875
528.0 5.0078125
529.0 4.859375
530.0 4.65625
531.0 4.25
532.0 4.2734375
533.0 4.234375
534.0 4.2734375
535.0 4.6328125
536.0 4.2421875
537.0 2.2421875
538.0 0.0
539.0 6.921875
540.0 2.7734375
541.0 2.59375
542.0 2.8046875
543.0 2.7421875
544.0 0.5234375
545.0 5.6484375
546.0 4.0
547.0 4.15625
548.0 1.1640625
549.0 7.71875
550.0 4.9453125
551.0 5.1640625
552.0 4.7265625
553.0 5.125
554.0 4.7421875
555.0 4.7734375
556.0 4.71875
557.0 4.7421875
558.0 4.90625
559.0 5.1640625
560.0 5.109375
561.0 4.09375
562.0 4.3984375
563.0 5.0859375
564.0 1.4453125
565.0 7.9921875
566.0 4.8046875
567.0 4.3203125
568.0 2.6875
569.0 6.2421875
570.0 4.953125
571.0 4.453125
572.0 4.65625
573.0 4.7109375
574.0 4.5390625
575.0 5.0703125
576.0 4.9296875
577.0 5.375
578.0 5.25
579.0 4.7734375
580.0 4.5625
581.0 4.7734375
582.0 4.5078125
583.0 4.59375
584.0 3.53125
585.0 5.765625
586.0 4.59375
587.0 4.7421875
588.0 4.875
589.0 4.6953125
590.0 4.71875
591.0 4.6796875
592.0 1.8046875
593.0 7.6953125
594.0 4.7109375
595.0 4.65625
596.0 4.7578125
597.0 4.6328125
598.0 4.84375
599.0 4.65625
