0.0 5.0078125
1.0 4.3359375
2.0 3.765625
3.0 4.2421875
4.0 3.1328125
5.0 0.0
6.0 7.1015625
7.0 4.625
8.0 5.15625
9.0 3.6171875
10.0 8.0234375
11.0 5.140625
12.0 5.3828125
13.0 5.28125
14.0 5.2734375
15.0 5.1875
16.0 5.4609375
17.0 5.578125
18.0 5.25
19.0 5.2890625
20.0 5.578125
21.0 5.7890625
22.0 4.7421875
23.0 6.0390625
24.0 5.671875
25.0 5.4296875
26.0 5.5859375
27.0 5.0546875
28.0 3.96875
29.0 7.078125
30.0 5.1953125
31.0 4.9296875
32.0 4.6875
33.0 3.875
34.0 3.921875
35.0 4.546875
36.0 5.171875
37.0 4.9296875
38.0 4.09375
39.0 5.4609375
40.0 5.40625
41.0 5.2734375
42.0 1.421875
43.0 9.2265625
44.0 4.90625
45.0 4.609375
46.0 1.734375
47.0 0.2109375
48.0 0.0
49.0 5.078125
50.0 4.2421875
51.0 5.4375
52.0 5.34375
53.0 4.921875
54.0 5.046875
55.0 5.0859375
56.0 5.109375
57.0 4.984375
58.0 4.875
59.0 5.3125
60.0 5.2734375
61.0 5.234375
62.0 0.8359375
63.0 9.6640625
64.0 5.4375
65.0 4.9921875
66.0 5.2578125
67.0 5.9453125
68.0 5.5625
69.0 2.7421875
70.0 8.46875
71.0 5.21875
72.0 5.875
73.0 5.78125
74.0 5.671875
75.0 5.2890625
76.0 5.4921875
77.0 3.328125
78.0 7.6171875
79.0 5.609375
80.0 5.53125
81.0 3.234375
82.0 7.9296875
83.0 5.796875
84.0 5.9609375
85.0 3.5625
86.0 7.9296875
87.0 5.9140625
88.0 5.7578125
89.0 5.8515625
90.0 6.0546875
91.0 5.9453125
92.0 6.0859375
93.0 5.75
94.0 5.796875
95.0 5.9921875
96.0 5.6484375
97.0 5.6328125
98.0 6.0546875
99.0 5.8125
100.0 1.1953125
101.0 9.625
102.0 5.5546875
103.0 5.4609375
104.0 5.40625
105.0 4.203125
106.0 6.9453125
107.0 5.8203125
108.0 5.6640625
109.0 5.6640625
110.0 5.4609375
111.0 5.796875
112.0 6.0078125
113.0 5.7890625
114.0 5.75
115.0 5.4609375
116.0 5.2265625
117.0 5.5859375
118.0 1.4453125
119.0 9.8515625
120.0 5.453125
121.0 5.234375
122.0 5.3203125
123.0 5.078125
124.0 4.25
125.0 1.0546875
126.0 7.3671875
127.0 5.34375
128.0 5.3046875
129.0 5.34375
130.0 4.296875
131.0 3.3515625
132.0 3.578125
133.0 3.3828125
134.0 4.6015625
135.0 5.84375
136.0 5.78125
137.0 5.609375
138.0 2.8984375
139.0 7.34375
140.0 5.3984375
141.0 5.1640625
142.0 3.546875
143.0 6.5859375
144.0 5.546875
145.0 3.2890625
146.0 4.21875
147.0 4.546875
148.0 2.8515625
149.0 4.2109375
150.0 4.4453125
151.0 4.4140625
152.0 4.828125
153.0 3.4296875
154.0 4.0546875
155.0 4.6953125
156.0 2.0
157.0 6.8828125
158.0 4.3203125
159.0 5.1875
160.0 6.03125
161.0 6.03125
162.0 4.3984375
163.0 7.6875
164.0 6.0625
165.0 6.1171875
166.0 6.2578125
167.0 6.0625
168.0 6.1171875
169.0 5.90625
170.0 6.5
171.0 6.2890625
172.0 6.1796875
173.0 5.9453125
174.0 6.2734375
175.0 3.4296875
176.0 8.9765625
177.0 6.1484375
178.0 5.578125
179.0 6.2890625
180.0 5.84375
181.0 5.9921875
182.0 5.7890625
183.0 5.734375
184.0 5.84375
185.0 5.9453125
186.0 5.671875
187.0 5.8515625
188.0 5.8125
189.0 5.84375
190.0 5.9140625
191.0 5.9296875
192.0 2.8671875
193.0 6.71875
194.0 5.5
195.0 6.03125
196.0 6.2734375
197.0 6.1875
198.0 2.65625
199.0 7.1875
200.0 9.046875
201.0 5.8203125
202.0 6.0390625
203.0 6.203125
204.0 5.609375
205.0 3.296875
206.0 7.7578125
207.0 6.265625
208.0 5.859375
209.0 3.4765625
210.0 8.140625
211.0 5.7578125
212.0 5.8125
213.0 5.9765625
214.0 5.6328125
215.0 5.6015625
216.0 6.0859375
217.0 6.234375
218.0 6.125
219.0 6.2421875
220.0 6.4140625
221.0 6.5859375
222.0 5.7265625
223.0 5.7109375
224.0 5.9921875
225.0 6.2265625
226.0 6.5703125
227.0 6.1796875
228.0 1.9140625
229.0 8.3515625
230.0 8.5
231.0 6.296875
232.0 5.84375
233.0 5.578125
234.0 5.7265625
235.0 5.7265625
236.0 5.703125
237.0 5.6015625
238.0 5.5625
239.0 5.7890625
240.0 5.78125
241.0 5.3046875
242.0 5.765625
243.0 5.0078125
244.0 6.484375
245.0 5.9296875
246.0 5.703125
247.0 5.9140625
248.0 6.0390625
249.0 1.5234375
250.0 10.4375
251.0 5.453125
252.0 5.578125
253.0 5.8125
254.0 6.203125
255.0 6.234375
256.0 6.3671875
257.0 6.125
258.0 5.5
259.0 4.8671875
260.0 0.6953125
261.0 10.078125
262.0 5.546875
263.0 5.75
264.0 5.578125
265.0 5.2578125
266.0 5.96875
267.0 5.46875
268.0 1.1796875
269.0 8.015625
270.0 8.328125
271.0 5.40625
272.0 5.4375
273.0 5.53125
274.0 5.40625
275.0 5.796875
276.0 5.3828125
277.0 5.6640625
278.0 5.6640625
279.0 5.6171875
280.0 4.9296875
281.0 4.3671875
282.0 5.25
283.0 3.5
284.0 7.3984375
285.0 5.2265625
286.0 5.34375
287.0 5.75
288.0 5.5546875
289.0 5.0390625
290.0 5.078125
291.0 5.6328125
292.0 5.421875
293.0 5.4609375
294.0 5.9140625
295.0 5.3203125
296.0 5.6484375
297.0 5.5234375
298.0 5.734375
299.0 4.3828125
300.0 4.296875
301.0 5.53125
302.0 5.578125
303.0 1.03125
304.0 10.3515625
305.0 4.890625
306.0 1.890625
307.0 0.0078125
308.0 8.828125
309.0 5.8828125
310.0 5.3828125
311.0 3.296875
312.0 8.171875
313.0 5.6015625
314.0 5.4296875
315.0 3.4375
316.0 7.6953125
317.0 3.34375
318.0 8.0234375
319.0 5.5546875
320.0 5.9375
321.0 5.9453125
322.0 5.96875
323.0 5.6640625
324.0 5.765625
325.0 5.2265625
326.0 3.5546875
327.0 5.5859375
328.0 5.9765625
329.0 5.40625
330.0 5.1875
331.0 5.21875
332.0 5.109375
333.0 5.734375
334.0 5.0234375
335.0 4.3515625
336.0 0.0
337.0 8.5
338.0 3.765625
339.0 4.3515625
340.0 4.0234375
341.0 0.09375
342.0 8.0859375
343.0 4.7421875
344.0 5.234375
345.0 5.3515625
346.0 5.6484375
347.0 5.40625
348.0 5.7578125
349.0 5.9296875
350.0 5.7265625
351.0 5.6015625
352.0 5.5859375
353.0 5.6484375
354.0 3.265625
355.0 8.046875
356.0 5.734375
357.0 5.96875
358.0 6.0234375
359.0 5.796875
360.0 5.109375
361.0 0.7578125
362.0 10.375
363.0 5.75
364.0 5.671875
365.0 5.9140625
366.0 5.578125
367.0 5.6953125
368.0 5.7265625
369.0 4.9609375
370.0 5.5859375
371.0 4.9296875
372.0 4.8046875
373.0 0.2421875
374.0 8.9453125
375.0 5.1015625
376.0 5.0703125
377.0 5.1640625
378.0 4.609375
379.0 2.71875
380.0 0.0
381.0 7.671875
382.0 0.9609375
383.0 3.875
384.0 5.34375
385.0 4.9453125
386.0 4.6796875
387.0 4.0546875
388.0 3.265625
389.0 3.0703125
390.0 2.1640625
391.0 6.6328125
392.0 4.7578125
393.0 2.8203125
394.0 7.140625
395.0 5.140625
396.0 5.0859375
397.0 2.546875
398.0 3.859375
399.0 4.6328125
400.0 5.0234375
401.0 4.5078125
402.0 4.78125
403.0 2.6640625
404.0 4.1875
405.0 5.5859375
406.0 5.6796875
407.0 2.5703125
408.0 8.8515625
409.0 5.1328125
410.0 5.15625
411.0 5.5
412.0 5.2265625
413.0 5.078125
414.0 5.171875
415.0 5.34375
416.0 5.234375
417.0 2.8046875
418.0 6.921875
419.0 3.0390625
420.0 7.0390625
421.0 3.234375
422.0 7.109375
423.0 4.65625
424.0 4.5703125
425.0 5.5234375
426.0 5.578125
427.0 5.6484375
428.0 5.3515625
429.0 5.875
430.0 6.0625
431.0 5.4921875
432.0 5.2265625
433.0 5.578125
434.0 5.703125
435.0 5.6484375
436.0 0.3046875
437.0 10.3984375
438.0 5.2265625
439.0 5.828125
440.0 5.8125
441.0 3.4296875
442.0 8.3125
443.0 5.703125
444.0 6.296875
445.0 6.6171875
446.0 6.109375
447.0 3.7265625
448.0 8.4765625
449.0 6.2578125
450.0 6.09375
451.0 5.8125
452.0 5.6484375
453.0 6.125
454.0 5.6328125
455.0 5.78125
456.0 5.8828125
457.0 5.9765625
458.0 6.15625
459.0 6.0859375
460.0 6.0859375
461.0 4.953125
462.0 7.109375
463.0 5.90625
464.0 6.0
465.0 5.9375
466.0 3.0234375
467.0 8.96875
468.0 6.1171875
469.0 5.84375
470.0 5.734375
471.0 5.6171875
472.0 4.8984375
473.0 5.2265625
474.0 5.75
475.0 5.8828125
476.0 5.796875
477.0 5.9375
478.0 6.4375
479.0 6.2734375
480.0 5.7890625
481.0 6.296875
482.0 6.4453125
483.0 6.4453125
484.0 6.765625
485.0 6.0
486.0 5.9765625
487.0 5.96875
488.0 6.1875
489.0 5.859375
490.0 5.8828125
491.0 5.890625
492.0 6.296875
493.0 6.171875
494.0 6.40625
495.0 4.515625
496.0 7.6875
497.0 5.9375
498.0 5.8515625
499.0 6.0234375
500.0 6.09375
501.0 4.21875
502.0 7.8671875
503.0 6.109375
504.0 5.6171875
505.0 6.296875
506.0 6.5078125
507.0 6.2265625
508.0 6.1171875
509.0 5.890625
510.0 5.34375
511.0 6.03125
512.0 6.296875
513.0 6.984375
514.0 6.71875
515.0 3.703125
516.0 8.7109375
517.0 6.4453125
518.0 6.296875
519.0 4.484375
520.0 7.3671875
521.0 5.765625
522.0 6.15625
523.0 6.1796875
524.0 5.96875
525.0 5.9453125
526.0 6.2578125
527.0 6.2421875
528.0 5.9921875
529.0 6.2734375
530.0 6.15625
531.0 6.4140625
532.0 2.78125
533.0 9.8515625
534.0 5.6484375
535.0 5.90625
536.0 6.1796875
537.0 3.703125
538.0 8.6484375
539.0 6.0234375
540.0 5.6484375
541.0 5.6640625
542.0 6.0546875
543.0 5.7109375
544.0 5.859375
545.0 5.6328125
546.0 6.0234375
547.0 5.6171875
548.0 5.78125
549.0 5.8515625
550.0 3.6796875
551.0 7.125
552.0 5.453125
553.0 4.03125
554.0 2.359375
555.0 5.3046875
556.0 3.671875
557.0 3.890625
558.0 4.8359375
559.0 3.40625
560.0 7.765625
561.0 5.546875
562.0 5.1328125
563.0 5.140625
564.0 5.578125
565.0 5.703125
566.0 5.6171875
567.0 6.125
568.0 5.6484375
569.0 5.15625
570.0 5.34375
571.0 5.3359375
572.0 5.28125
573.0 0.90625
574.0 9.921875
575.0 3.4375
576.0 8.2578125
577.0 5.6328125
578.0 5.6796875
579.0 5.34375
580.0 4.90625
581.0 5.40625
582.0 5.6796875
583.0 6.2734375
584.0 5.7265625
585.0 5.9453125
586.0 5.484375
587.0 5.6484375
588.0 5.703125
589.0 3.609375
590.0 8.1953125
591.0 5.4921875
592.0 5.609375
593.0 5.2890625
594.0 2.515625
595.0 8.75
596.0 5.3515625
597.0 5.4296875
598.0 4.78125
599.0 5.46875
