0.0 2.5234375
1.0 8.1796875
2.0 5.421875
3.0 3.8203125
4.0 6.0234375
5.0 5.25
6.0 5.171875
7.0 5.1640625
8.0 5.453125
9.0 5.90625
10.0 5.8828125
11.0 5.8203125
12.0 5.5625
13.0 5.0390625
14.0 4.984375
15.0 5.234375
16.0 4.8359375
17.0 1.4609375
18.0 8.890625
19.0 5.671875
20.0 5.9921875
21.0 6.2421875
22.0 5.7578125
23.0 5.2578125
24.0 5.2890625
25.0 3.3984375
26.0 7.4375
27.0 5.3046875
28.0 5.765625
29.0 6.1875
30.0 6.2421875
31.0 6.4140625
32.0 6.15625
33.0 3.2265625
34.0 8.3515625
35.0 5.7265625
36.0 6.359375
37.0 5.765625
38.0 6.203125
39.0 6.0546875
40.0 5.0546875
41.0 5.8125
42.0 5.5234375
43.0 5.6015625
44.0 5.234375
45.0 5.5625
46.0 5.3125
47.0 3.328125
48.0 8.265625
49.0 4.453125
50.0 4.84375
51.0 4.5
52.0 3.1953125
53.0 6.6171875
54.0 4.8359375
55.0 5.1953125
56.0 4.9609375
57.0 5.1015625
58.0 5.0234375
59.0 5.3125
60.0 5.1953125
61.0 5.578125
62.0 4.9921875
63.0 5.6953125
64.0 2.546875
65.0 0.3984375
66.0 0.0
67.0 9.59375
68.0 5.3203125
69.0 4.09375
70.0 5.3828125
71.0 5.3515625
72.0 5.421875
73.0 5.3359375
74.0 4.6015625
75.0 3.6953125
76.0 4.859375
77.0 3.5
78.0 4.0078125
79.0 5.078125
80.0 5.234375
81.0 5.1953125
82.0 5.046875
83.0 5.1953125
84.0 5.0234375
85.0 4.328125
86.0 4.296875
87.0 4.875
88.0 5.3671875
89.0 6.0546875
90.0 2.359375
91.0 7.9609375
92.0 5.5
93.0 5.1328125
94.0 4.6484375
95.0 0.4921875
96.0 9.8125
97.0 5.078125
98.0 4.7578125
99.0 5.3671875
100.0 5.0859375
101.0 5.0546875
102.0 5.1953125
103.0 5.28125
104.0 4.8046875
105.0 5.1875
106.0 4.8359375
107.0 3.0
108.0 7.0390625
109.0 5.5625
110.0 6.0234375
111.0 5.9453125
112.0 5.5625
113.0 4.890625
114.0 5.046875
115.0 4.5703125
116.0 5.875
117.0 4.8359375
118.0 5.578125
119.0 5.734375
120.0 5.765625
121.0 5.5859375
122.0 5.5
123.0 4.828125
124.0 5.578125
125.0 5.7578125
126.0 5.6171875
127.0 5.671875
128.0 5.6953125
129.0 4.9296875
130.0 7.046875
131.0 6.203125
132.0 6.8046875
133.0 5.7109375
134.0 1.1640625
135.0 9.8671875
136.0 5.4921875
137.0 4.8671875
138.0 4.1484375
139.0 4.2109375
140.0 3.9921875
141.0 4.4765625
142.0 5.8515625
143.0 6.2578125
144.0 5.546875
145.0 4.921875
146.0 5.1640625
147.0 4.3359375
148.0 6.8359375
149.0 5.5546875
150.0 3.7734375
151.0 7.25
152.0 5.5234375
153.0 5.5
154.0 5.2890625
155.0 5.3359375
156.0 4.7421875
157.0 4.9765625
158.0 5.28125
159.0 5.40625
160.0 5.3984375
161.0 5.78125
162.0 5.734375
163.0 5.3671875
164.0 5.25
165.0 5.234375
166.0 4.859375
167.0 4.75
168.0 4.515625
169.0 5.140625
170.0 2.59375
171.0 7.546875
172.0 4.6953125
173.0 4.3984375
174.0 4.0390625
175.0 1.078125
176.0 8.828125
177.0 5.0078125
178.0 4.7109375
179.0 4.9765625
180.0 5.25
181.0 4.7421875
182.0 4.859375
183.0 4.5703125
184.0 3.96875
185.0 4.7109375
186.0 5.28125
187.0 5.2578125
188.0 4.90625
189.0 2.484375
190.0 7.390625
191.0 4.546875
192.0 4.8046875
193.0 4.75
194.0 4.4765625
195.0 4.484375
196.0 1.078125
197.0 9.078125
198.0 4.890625
199.0 5.2578125
200.0 5.203125
201.0 4.84375
202.0 5.3046875
203.0 5.1953125
204.0 4.546875
205.0 4.4765625
206.0 5.0390625
207.0 5.2265625
208.0 4.890625
209.0 4.9609375
210.0 4.328125
211.0 4.0078125
212.0 4.4765625
213.0 0.640625
214.0 9.328125
215.0 5.25
216.0 4.71875
217.0 5.109375
218.0 5.15625
219.0 5.3828125
220.0 5.3515625
221.0 5.5234375
222.0 5.3984375
223.0 4.8984375
224.0 6.8359375
225.0 5.6640625
226.0 6.328125
227.0 5.5625
228.0 6.3046875
229.0 5.875
230.0 5.5234375
231.0 5.9375
232.0 5.2890625
233.0 4.8671875
234.0 8.359375
235.0 4.421875
236.0 4.4140625
237.0 5.6328125
238.0 5.453125
239.0 5.0859375
240.0 5.28125
241.0 5.0703125
242.0 5.9296875
243.0 6.5859375
244.0 6.421875
245.0 6.2890625
246.0 6.203125
247.0 6.109375
248.0 3.4765625
249.0 8.421875
250.0 5.5859375
251.0 2.8359375
252.0 8.203125
253.0 4.65625
254.0 4.9609375
255.0 5.5234375
256.0 5.2734375
257.0 5.3046875
258.0 5.015625
259.0 4.8671875
260.0 5.2734375
261.0 5.46875
262.0 4.2421875
263.0 4.484375
264.0 5.1640625
265.0 2.75
266.0 7.1953125
267.0 4.8984375
268.0 5.1328125
269.0 5.109375
270.0 0.4921875
271.0 8.5859375
272.0 5.2734375
273.0 4.8125
274.0 4.3203125
275.0 4.4453125
276.0 4.609375
277.0 4.3359375
278.0 4.6015625
279.0 4.7265625
280.0 5.890625
281.0 6.328125
282.0 4.5703125
283.0 6.5390625
284.0 5.0703125
285.0 5.15625
286.0 4.6796875
287.0 4.6953125
288.0 4.46875
289.0 2.984375
290.0 5.6015625
291.0 4.578125
292.0 4.3515625
293.0 4.1875
294.0 3.3984375
295.0 4.3984375
296.0 4.4453125
297.0 4.21875
298.0 4.6875
299.0 4.296875
300.0 4.921875
301.0 3.953125
302.0 6.6015625
303.0 5.3125
304.0 4.7578125
305.0 4.4765625
306.0 5.4921875
307.0 5.015625
308.0 4.234375
309.0 5.046875
310.0 4.6328125
311.0 4.4765625
312.0 4.75
313.0 5.171875
314.0 3.1015625
315.0 0.21875
316.0 8.3203125
317.0 5.0546875
318.0 4.390625
319.0 4.71875
320.0 2.0
321.0 5.9609375
322.0 5.609375
323.0 5.234375
324.0 4.796875
325.0 4.75
326.0 3.8046875
327.0 4.65625
328.0 4.3359375
329.0 4.4453125
330.0 4.0703125
331.0 4.9765625
332.0 5.2265625
333.0 5.53125
334.0 4.6875
335.0 5.796875
336.0 4.8359375
337.0 4.53125
338.0 4.8984375
339.0 5.15625
340.0 0.21875
341.0 9.78125
342.0 5.5234375
343.0 5.5234375
344.0 5.78125
345.0 5.515625
346.0 6.2734375
347.0 6.203125
348.0 6.1171875
349.0 6.234375
350.0 5.4375
351.0 5.4375
352.0 3.4296875
353.0 7.4296875
354.0 4.8125
355.0 5.0390625
356.0 4.8671875
357.0 5.046875
358.0 5.15625
359.0 2.640625
360.0 8.765625
361.0 6.09375
362.0 5.7578125
363.0 6.3515625
364.0 6.2421875
365.0 6.1875
366.0 5.4609375
367.0 6.203125
368.0 6.234375
369.0 6.0625
370.0 6.109375
371.0 5.6796875
372.0 6.109375
373.0 1.7578125
374.0 10.7578125
375.0 5.640625
376.0 5.4296875
377.0 5.1640625
378.0 5.5
379.0 5.9140625
380.0 4.828125
381.0 1.5390625
382.0 7.7265625
383.0 5.5546875
384.0 5.6953125
385.0 5.890625
386.0 5.40625
387.0 5.3984375
388.0 5.3515625
389.0 4.7421875
390.0 5.375
391.0 5.796875
392.0 6.03125
393.0 6.8671875
394.0 7.1640625
395.0 3.046875
396.0 10.7265625
397.0 6.203125
398.0 6.2578125
399.0 5.4921875
400.0 5.9609375
401.0 6.8046875
402.0 5.703125
403.0 6.4453125
404.0 6.40625
405.0 6.2265625
406.0 6.3515625
407.0 5.6796875
408.0 5.578125
409.0 5.78125
410.0 6.5390625
411.0 5.9765625
412.0 1.65625
413.0 8.3515625
414.0 6.234375
415.0 5.703125
416.0 5.1953125
417.0 2.5078125
418.0 8.7421875
419.0 5.4921875
420.0 6.140625
421.0 5.6328125
422.0 5.0859375
423.0 5.375
424.0 5.7890625
425.0 4.8984375
426.0 8.1640625
427.0 6.0546875
428.0 5.9765625
429.0 6.3046875
430.0 2.515625
431.0 1.6796875
432.0 2.09375
433.0 1.03125
434.0 2.0625
435.0 5.5625
436.0 5.890625
437.0 5.0859375
438.0 6.0859375
439.0 6.0859375
440.0 6.2890625
441.0 5.3828125
442.0 6.5
443.0 6.0078125
444.0 2.75
445.0 9.1328125
446.0 4.796875
447.0 3.3984375
448.0 4.890625
449.0 3.1015625
450.0 3.1953125
451.0 3.7265625
452.0 5.1328125
453.0 5.3359375
454.0 5.84375
455.0 5.828125
456.0 4.828125
457.0 5.484375
458.0 5.4296875
459.0 5.90625
460.0 5.484375
461.0 5.7109375
462.0 6.421875
463.0 5.6328125
464.0 5.609375
465.0 5.28125
466.0 2.8515625
467.0 8.46875
468.0 5.3203125
469.0 5.3359375
470.0 4.8125
471.0 4.71875
472.0 5.546875
473.0 5.5859375
474.0 5.2265625
475.0 5.453125
476.0 5.6328125
477.0 6.078125
478.0 6.6015625
479.0 5.40625
480.0 5.4609375
481.0 1.6484375
482.0 9.1171875
483.0 6.3203125
484.0 6.0625
485.0 5.9375
486.0 6.3203125
487.0 5.0703125
488.0 5.84375
489.0 5.1328125
490.0 5.421875
491.0 3.96875
492.0 4.1328125
493.0 6.4765625
494.0 5.28125
495.0 5.3359375
496.0 3.96875
497.0 6.5390625
498.0 5.5546875
499.0 6.703125
500.0 6.5
501.0 6.5
502.0 6.359375
503.0 2.8671875
504.0 7.40625
505.0 5.3125
506.0 4.4140625
507.0 6.5703125
508.0 6.6640625
509.0 6.625
510.0 6.3203125
511.0 5.890625
512.0 5.515625
513.0 5.5625
514.0 6.078125
515.0 5.890625
516.0 5.765625
517.0 5.578125
518.0 5.640625
519.0 5.0390625
520.0 6.2734375
521.0 6.078125
522.0 6.0078125
523.0 6.5703125
524.0 6.0390625
525.0 6.1484375
526.0 5.703125
527.0 3.5
528.0 8.6171875
529.0 4.59375
530.0 7.28125
531.0 6.6171875
532.0 5.40625
533.0 5.5859375
534.0 5.53125
535.0 6.2578125
536.0 6.3203125
537.0 6.0
538.0 6.109375
539.0 6.03125
540.0 6.3515625
541.0 6.765625
542.0 6.2265625
543.0 4.15625
544.0 6.2734375
545.0 6.515625
546.0 5.5625
547.0 5.515625
548.0 5.34375
549.0 5.640625
550.0 5.671875
551.0 5.2578125
552.0 5.609375
553.0 3.765625
554.0 2.1640625
555.0 5.1953125
556.0 6.1796875
557.0 5.609375
558.0 4.1875
559.0 6.59375
560.0 5.5546875
561.0 5.234375
562.0 2.96875
563.0 6.2265625
564.0 4.6484375
565.0 3.953125
566.0 4.5703125
567.0 3.7734375
568.0 4.1484375
569.0 3.328125
570.0 3.2578125
571.0 2.59375
572.0 3.109375
573.0 4.5390625
574.0 4.9453125
575.0 6.03125
576.0 4.984375
577.0 2.6953125
578.0 6.328125
579.0 3.171875
580.0 1.9375
581.0 6.0234375
582.0 4.2734375
583.0 4.171875
584.0 5.0390625
585.0 5.1015625
586.0 4.8125
587.0 4.9453125
588.0 6.203125
589.0 6.265625
590.0 5.078125
591.0 5.3203125
592.0 5.1953125
593.0 6.1171875
594.0 3.6171875
595.0 8.1640625
596.0 7.1015625
597.0 6.4765625
598.0 4.9609375
599.0 5.3515625
