0.0 4.921875
1.0 5.21875
2.0 5.171875
3.0 5.3828125
4.0 1.7109375
5.0 8.96875
6.0 5.34375
7.0 5.2265625
8.0 5.3046875
9.0 5.2265625
10.0 5.2890625
11.0 5.1015625
12.0 5.1015625
13.0 5.34375
14.0 5.2578125
15.0 5.203125
16.0 5.25
17.0 4.6484375
18.0 5.7265625
19.0 5.140625
20.0 4.78125
21.0 4.75
22.0 5.2890625
23.0 5.4609375
24.0 5.3359375
25.0 5.2578125
26.0 5.234375
27.0 4.953125
28.0 5.3671875
29.0 5.3671875
30.0 5.0234375
31.0 5.3125
32.0 5.40625
33.0 5.5
34.0 5.3359375
35.0 5.2734375
36.0 0.734375
37.0 7.7890625
38.0 2.8203125
39.0 3.7890625
40.0 4.328125
41.0 4.890625
42.0 4.7734375
43.0 5.0234375
44.0 4.8984375
45.0 5.3828125
46.0 5.3046875
47.0 5.4609375
48.0 5.1953125
49.0 0.640625
50.0 9.8671875
51.0 5.171875
52.0 5.6171875
53.0 5.4609375
54.0 5.3984375
55.0 5.28125
56.0 4.84375
57.0 4.5390625
58.0 5.2265625
59.0 5.0703125
60.0 4.90625
61.0 5.125
62.0 5.1875
63.0 3.84375
64.0 5.859375
65.0 4.5
66.0 4.3828125
67.0 4.328125
68.0 3.8203125
69.0 4.2734375
70.0 4.5078125
71.0 4.5625
72.0 4.0390625
73.0 4.2421875
74.0 4.4453125
75.0 4.6640625
76.0 4.453125
77.0 4.796875
78.0 5.0234375
79.0 4.0625
80.0 6.359375
81.0 4.953125
82.0 5.0859375
83.0 5.2265625
84.0 5.34375
85.0 5.6796875
86.0 5.078125
87.0 5.21875
88.0 5.2890625
89.0 5.375
90.0 5.5546875
91.0 5.2578125
92.0 5.1328125
93.0 5.140625
94.0 5.3125
95.0 5.1640625
96.0 5.1328125
97.0 5.0390625
98.0 5.2265625
99.0 5.3984375
100.0 4.78125
101.0 5.4609375
102.0 5.421875
103.0 5.578125
104.0 5.34375
105.0 5.3828125
106.0 5.3515625
107.0 5.40625
108.0 5.78125
109.0 5.890625
110.0 6.109375
111.0 5.9375
112.0 5.96875
113.0 4.5703125
114.0 6.2734375
115.0 5.4296875
116.0 2.546875
117.0 8.703125
118.0 5.3046875
119.0 5.3515625
120.0 5.6640625
121.0 5.609375
122.0 5.5
123.0 6.75
124.0 5.3984375
125.0 5.828125
126.0 5.609375
127.0 5.5
128.0 4.953125
129.0 5.9140625
130.0 5.0859375
131.0 5.15625
132.0 5.6015625
133.0 5.0234375
134.0 5.609375
135.0 5.21875
136.0 5.609375
137.0 5.8828125
138.0 5.46875
139.0 5.1328125
140.0 5.34375
141.0 5.703125
142.0 5.53125
143.0 3.7265625
144.0 0.0
145.0 10.109375
146.0 5.5234375
147.0 5.5
148.0 5.3984375
149.0 1.5234375
150.0 9.3359375
151.0 5.3828125
152.0 5.0546875
153.0 5.25
154.0 5.1640625
155.0 5.1953125
156.0 5.703125
157.0 5.96875
158.0 5.6953125
159.0 4.21875
160.0 6.3671875
161.0 5.3984375
162.0 5.46875
163.0 5.015625
164.0 5.34375
165.0 5.40625
166.0 5.2265625
167.0 5.421875
168.0 5.421875
169.0 5.3203125
170.0 5.46875
171.0 5.234375
172.0 5.2890625
173.0 5.125
174.0 5.25
175.0 4.296875
176.0 6.0
177.0 5.140625
178.0 5.3359375
179.0 5.3046875
180.0 4.984375
181.0 5.3359375
182.0 5.1015625
183.0 5.1640625
184.0 5.234375
185.0 4.4140625
186.0 5.9140625
187.0 4.78125
188.0 4.8125
189.0 5.203125
190.0 4.59375
191.0 4.9765625
192.0 5.4609375
193.0 5.2734375
194.0 5.3203125
195.0 5.203125
196.0 5.4921875
197.0 5.6640625
198.0 4.921875
199.0 5.28125
200.0 2.0
201.0 8.9765625
202.0 5.109375
203.0 4.1328125
204.0 6.5546875
205.0 5.5625
206.0 5.3125
207.0 5.2890625
208.0 5.6328125
209.0 5.3828125
210.0 5.546875
211.0 5.1640625
212.0 5.2265625
213.0 5.0390625
214.0 5.234375
215.0 5.3125
216.0 5.46875
217.0 3.84375
218.0 7.0390625
219.0 5.4375
220.0 5.6953125
221.0 5.515625
222.0 5.1015625
223.0 6.4453125
224.0 5.578125
225.0 2.6875
226.0 8.109375
227.0 5.125
228.0 5.3828125
229.0 5.5546875
230.0 5.4296875
231.0 5.2890625
232.0 5.5625
233.0 5.1015625
234.0 5.0078125
235.0 5.3984375
236.0 5.203125
237.0 5.6796875
238.0 5.578125
239.0 4.09375
240.0 6.8828125
241.0 5.3046875
242.0 5.015625
243.0 5.3515625
244.0 5.25
245.0 5.2890625
246.0 1.09375
247.0 9.453125
248.0 5.171875
249.0 5.1640625
250.0 5.21875
251.0 4.546875
252.0 2.1953125
253.0 0.0
254.0 8.140625
255.0 5.2734375
256.0 5.15625
257.0 5.2734375
258.0 5.1640625
259.0 4.875
260.0 5.1953125
261.0 5.015625
262.0 4.859375
263.0 5.1640625
264.0 5.1640625
265.0 5.046875
266.0 4.515625
267.0 6.0234375
268.0 5.234375
269.0 5.2890625
270.0 5.0859375
271.0 5.21875
272.0 5.3828125
273.0 4.6328125
274.0 5.3984375
275.0 4.5078125
276.0 4.3203125
277.0 5.171875
278.0 5.21875
279.0 4.84375
280.0 4.9765625
281.0 5.2265625
282.0 5.1640625
283.0 5.53125
284.0 5.25
285.0 5.3125
286.0 5.2578125
287.0 4.9765625
288.0 4.890625
289.0 0.5078125
290.0 9.7421875
291.0 5.125
292.0 5.28125
293.0 5.109375
294.0 0.21875
295.0 10.4453125
296.0 5.15625
297.0 5.0859375
298.0 5.2734375
299.0 5.3671875
300.0 5.46875
301.0 5.109375
302.0 4.84375
303.0 5.140625
304.0 4.984375
305.0 5.171875
306.0 5.234375
307.0 5.0390625
308.0 4.9765625
309.0 1.421875
310.0 8.8046875
311.0 4.7578125
312.0 4.6796875
313.0 4.7109375
314.0 4.3671875
315.0 5.203125
316.0 5.109375
317.0 4.890625
318.0 4.6328125
319.0 4.921875
320.0 4.609375
321.0 4.953125
322.0 5.0390625
323.0 5.3359375
324.0 5.4296875
325.0 4.9765625
326.0 0.2890625
327.0 9.5703125
328.0 4.5078125
329.0 4.9765625
330.0 4.890625
331.0 0.71875
332.0 9.6875
333.0 5.25
334.0 5.3203125
335.0 5.234375
336.0 5.2578125
337.0 5.0234375
338.0 4.7109375
339.0 5.1875
340.0 4.8125
341.0 4.6328125
342.0 0.65625
343.0 8.8359375
344.0 5.2890625
345.0 5.046875
346.0 5.0859375
347.0 4.9609375
348.0 2.2421875
349.0 8.2578125
350.0 5.125
351.0 4.8125
352.0 4.5
353.0 4.484375
354.0 4.46875
355.0 4.53125
356.0 4.546875
357.0 4.46875
358.0 4.390625
359.0 4.8359375
360.0 4.8359375
361.0 3.8828125
362.0 6.171875
363.0 4.6015625
364.0 4.9609375
365.0 5.0078125
366.0 4.7578125
367.0 4.8984375
368.0 4.6953125
369.0 2.671875
370.0 6.796875
371.0 4.5078125
372.0 4.6796875
373.0 4.78125
374.0 5.046875
375.0 5.109375
376.0 5.2265625
377.0 4.7578125
378.0 4.8359375
379.0 4.59375
380.0 5.1328125
381.0 4.8359375
382.0 4.875
383.0 2.03125
384.0 7.5859375
385.0 4.6328125
386.0 4.6953125
387.0 4.90625
388.0 4.4296875
389.0 5.3984375
390.0 5.078125
391.0 4.328125
392.0 6.078125
393.0 4.9453125
394.0 4.8046875
395.0 5.1953125
396.0 5.0078125
397.0 4.5703125
398.0 5.21875
399.0 4.84375
400.0 4.625
401.0 4.6015625
402.0 4.5625
403.0 4.0546875
404.0 2.8359375
405.0 4.4296875
406.0 0.9921875
407.0 7.765625
408.0 4.09375
409.0 4.3671875
410.0 4.296875
411.0 4.7109375
412.0 5.2890625
413.0 4.953125
414.0 5.171875
415.0 4.7265625
416.0 5.0703125
417.0 4.71875
418.0 5.0234375
419.0 5.015625
420.0 4.8125
421.0 4.6953125
422.0 4.875
423.0 4.90625
424.0 4.1796875
425.0 5.6953125
426.0 4.90625
427.0 4.796875
428.0 4.78125
429.0 4.9296875
430.0 4.953125
431.0 4.9765625
432.0 5.21875
433.0 4.875
434.0 4.421875
435.0 4.4453125
436.0 4.28125
437.0 4.859375
438.0 4.9765625
439.0 4.546875
440.0 4.7578125
441.0 3.0859375
442.0 6.8671875
443.0 4.90625
444.0 4.859375
445.0 0.671875
446.0 9.5078125
447.0 5.3203125
448.0 5.4296875
449.0 5.5859375
450.0 5.484375
451.0 4.9453125
452.0 5.0703125
453.0 5.3671875
454.0 5.40625
455.0 5.3828125
456.0 5.203125
457.0 5.0546875
458.0 5.0546875
459.0 4.8984375
460.0 5.1875
461.0 5.34375
462.0 4.8125
463.0 2.71875
464.0 7.375
465.0 4.796875
466.0 4.9921875
467.0 5.15625
468.0 4.8125
469.0 4.421875
470.0 0.2109375
471.0 8.828125
472.0 4.390625
473.0 4.1875
474.0 4.3671875
475.0 4.59375
476.0 4.453125
477.0 4.453125
478.0 4.65625
479.0 4.9609375
480.0 5.0078125
481.0 4.953125
482.0 5.484375
483.0 0.3359375
484.0 9.96875
485.0 5.0703125
486.0 5.0546875
487.0 5.1953125
488.0 5.234375
489.0 3.4375
490.0 7.2265625
491.0 5.40625
492.0 4.984375
493.0 5.1015625
494.0 5.140625
495.0 5.25
496.0 5.0703125
497.0 4.625
498.0 4.59375
499.0 5.1953125
500.0 4.9609375
501.0 4.8984375
502.0 3.875
503.0 5.8125
504.0 4.9296875
505.0 5.375
506.0 5.2734375
507.0 5.4375
508.0 1.734375
509.0 8.40625
510.0 5.0859375
511.0 5.6640625
512.0 5.5
513.0 5.4296875
514.0 5.5
515.0 5.0859375
516.0 5.1640625
517.0 4.875
518.0 4.90625
519.0 4.9453125
520.0 5.1015625
521.0 2.90625
522.0 7.09375
523.0 5.1328125
524.0 4.8046875
525.0 4.6796875
526.0 4.7734375
527.0 4.9765625
528.0 1.0
529.0 8.921875
530.0 5.078125
531.0 5.1640625
532.0 4.9921875
533.0 5.0078125
534.0 4.953125
535.0 5.0859375
536.0 5.1328125
537.0 5.125
538.0 4.90625
539.0 5.1640625
540.0 4.984375
541.0 4.90625
542.0 5.3125
543.0 5.0390625
544.0 2.28125
545.0 7.6875
546.0 4.9609375
547.0 5.109375
548.0 5.0234375
549.0 4.46875
550.0 4.8984375
551.0 5.1875
552.0 4.7734375
553.0 5.0234375
554.0 5.078125
555.0 5.0703125
556.0 5.1953125
557.0 5.109375
558.0 4.984375
559.0 5.015625
560.0 4.953125
561.0 5.1015625
562.0 2.6328125
563.0 7.6328125
564.0 3.640625
565.0 6.765625
566.0 4.9609375
567.0 4.9453125
568.0 4.6328125
569.0 4.390625
570.0 4.609375
571.0 4.6875
572.0 4.78125
573.0 4.875
574.0 4.875
575.0 4.7265625
576.0 5.015625
577.0 4.9609375
578.0 4.6015625
579.0 4.875
580.0 5.0546875
581.0 4.9453125
582.0 4.90625
583.0 5.0078125
584.0 5.15625
585.0 4.9609375
586.0 5.0546875
587.0 4.3203125
588.0 4.9765625
589.0 4.8984375
590.0 5.046875
591.0 4.7578125
592.0 4.65625
593.0 5.0546875
594.0 5.203125
595.0 4.9765625
596.0 5.109375
597.0 1.640625
598.0 8.6484375
599.0 4.984375
