0.0 5.5546875
1.0 4.5390625
2.0 6.6015625
3.0 5.5625
4.0 5.515625
5.0 5.6015625
6.0 5.453125
7.0 5.3828125
8.0 5.453125
9.0 5.640625
10.0 5.421875
11.0 5.5546875
12.0 5.421875
13.0 5.5
14.0 2.0703125
15.0 9.15625
16.0 5.6171875
17.0 5.6171875
18.0 5.5234375
19.0 5.5859375
20.0 5.5
21.0 5.78125
22.0 5.53125
23.0 5.6484375
24.0 5.3359375
25.0 5.4375
26.0 5.6953125
27.0 5.53125
28.0 5.578125
29.0 5.515625
30.0 5.7265625
31.0 5.53125
32.0 2.9296875
33.0 8.375
34.0 5.40625
35.0 2.78125
36.0 8.1484375
37.0 5.578125
38.0 5.7578125
39.0 5.5234375
40.0 5.671875
41.0 5.3203125
42.0 5.7890625
43.0 5.578125
44.0 5.5859375
45.0 5.6171875
46.0 5.515625
47.0 5.5859375
48.0 5.6484375
49.0 5.6171875
50.0 5.578125
51.0 5.40625
52.0 1.9140625
53.0 9.359375
54.0 5.671875
55.0 5.796875
56.0 5.7578125
57.0 2.8515625
58.0 8.421875
59.0 5.765625
60.0 5.3046875
61.0 5.375
62.0 5.609375
63.0 5.765625
64.0 5.578125
65.0 5.7265625
66.0 5.5859375
67.0 2.9921875
68.0 8.2265625
69.0 5.578125
70.0 5.484375
71.0 5.6640625
72.0 5.4609375
73.0 5.4609375
74.0 5.40625
75.0 5.6015625
76.0 5.53125
77.0 1.234375
78.0 10.1171875
79.0 5.5625
80.0 5.515625
81.0 5.6171875
82.0 5.5
83.0 5.2890625
84.0 5.2890625
85.0 5.4609375
86.0 5.578125
87.0 5.6015625
88.0 5.6328125
89.0 5.4921875
90.0 1.8984375
91.0 9.28125
92.0 5.4609375
93.0 5.3828125
94.0 2.21875
95.0 9.1015625
96.0 5.640625
97.0 5.734375
98.0 5.5625
99.0 5.46875
100.0 5.5859375
101.0 5.5546875
102.0 5.3203125
103.0 5.5234375
104.0 5.3828125
105.0 5.515625
106.0 5.453125
107.0 1.984375
108.0 9.2109375
109.0 5.703125
110.0 5.5625
111.0 5.6640625
112.0 5.5859375
113.0 5.4609375
114.0 5.8515625
115.0 5.546875
116.0 5.6328125
117.0 5.734375
118.0 5.671875
119.0 5.5859375
120.0 5.5234375
121.0 5.609375
122.0 5.578125
123.0 5.515625
124.0 5.6328125
125.0 5.8203125
126.0 5.484375
127.0 1.2578125
128.0 9.9609375
129.0 5.6015625
130.0 5.5546875
131.0 5.4375
132.0 2.4140625
133.0 8.6796875
134.0 5.6796875
135.0 5.484375
136.0 5.53125
137.0 5.546875
138.0 5.46875
139.0 5.4921875
140.0 5.5546875
141.0 5.3515625
142.0 5.453125
143.0 5.25
144.0 5.3515625
145.0 4.203125
146.0 6.8828125
147.0 5.2578125
148.0 5.2734375
149.0 5.4296875
150.0 4.3359375
151.0 6.765625
152.0 5.3515625
153.0 5.46875
154.0 5.6484375
155.0 2.6875
156.0 8.109375
157.0 5.484375
158.0 5.4296875
159.0 5.4921875
160.0 5.53125
161.0 2.8046875
162.0 8.3125
163.0 5.5
164.0 5.34375
165.0 5.46875
166.0 5.3203125
167.0 5.453125
168.0 5.5546875
169.0 5.421875
170.0 5.5625
171.0 5.3203125
172.0 5.6796875
173.0 5.1328125
174.0 5.84375
175.0 5.578125
176.0 5.515625
177.0 5.765625
178.0 5.578125
179.0 5.421875
180.0 5.4296875
181.0 5.5
182.0 5.53125
183.0 5.53125
184.0 5.4921875
185.0 5.3046875
186.0 5.453125
187.0 5.4921875
188.0 5.40625
189.0 1.953125
190.0 9.078125
191.0 5.234375
192.0 5.6328125
193.0 5.640625
194.0 3.515625
195.0 7.609375
196.0 5.3046875
197.0 5.5859375
198.0 5.515625
199.0 5.4921875
200.0 5.46875
201.0 5.3671875
202.0 5.609375
203.0 5.5234375
204.0 5.46875
205.0 5.796875
206.0 5.46875
207.0 5.40625
208.0 1.1953125
209.0 10.015625
210.0 5.3828125
211.0 5.3515625
212.0 3.0859375
213.0 7.8515625
214.0 5.515625
215.0 5.421875
216.0 5.3828125
217.0 5.6171875
218.0 5.515625
219.0 5.5
220.0 5.640625
221.0 5.5
222.0 5.4296875
223.0 5.5859375
224.0 5.2265625
225.0 3.203125
226.0 7.9140625
227.0 5.2265625
228.0 5.3671875
229.0 5.46875
230.0 5.5625
231.0 5.5859375
232.0 5.578125
233.0 5.453125
234.0 3.234375
235.0 7.8125
236.0 5.6328125
237.0 5.5
238.0 5.2265625
239.0 5.53125
240.0 5.421875
241.0 5.40625
242.0 5.375
243.0 5.3828125
244.0 5.53125
245.0 5.2265625
246.0 4.4140625
247.0 6.6328125
248.0 5.3046875
249.0 5.6328125
250.0 5.6015625
251.0 5.4609375
252.0 5.46875
253.0 5.6171875
254.0 5.5234375
255.0 5.5625
256.0 5.5
257.0 5.4375
258.0 5.5234375
259.0 4.15625
260.0 6.953125
261.0 5.6640625
262.0 5.6015625
263.0 5.3828125
264.0 5.7265625
265.0 5.6328125
266.0 5.3671875
267.0 5.7265625
268.0 5.6953125
269.0 5.6328125
270.0 5.4921875
271.0 5.5625
272.0 5.6484375
273.0 5.7109375
274.0 5.578125
275.0 5.703125
276.0 5.4609375
277.0 5.0390625
278.0 5.9765625
279.0 5.4921875
280.0 5.6171875
281.0 5.46875
282.0 5.578125
283.0 2.8359375
284.0 8.1484375
285.0 5.515625
286.0 5.4375
287.0 5.6015625
288.0 5.6484375
289.0 5.6171875
290.0 5.53125
291.0 2.921875
292.0 8.1796875
293.0 2.8671875
294.0 8.296875
295.0 5.4921875
296.0 5.578125
297.0 5.5234375
298.0 5.4609375
299.0 5.546875
300.0 5.5234375
301.0 5.484375
302.0 5.5546875
303.0 5.3515625
304.0 5.6484375
305.0 5.546875
306.0 5.5546875
307.0 5.6796875
308.0 0.8046875
309.0 10.2578125
310.0 5.484375
311.0 5.6328125
312.0 5.5234375
313.0 2.1484375
314.0 9.2109375
315.0 5.4609375
316.0 5.5625
317.0 5.5
318.0 5.5234375
319.0 5.2578125
320.0 5.3671875
321.0 5.5625
322.0 5.6171875
323.0 5.4296875
324.0 5.6015625
325.0 1.4375
326.0 10.0234375
327.0 5.53125
328.0 5.6796875
329.0 5.3828125
330.0 5.6796875
331.0 5.484375
332.0 5.40625
333.0 5.6015625
334.0 5.5234375
335.0 5.6484375
336.0 5.5234375
337.0 1.671875
338.0 9.5703125
339.0 5.53125
340.0 5.6484375
341.0 5.3984375
342.0 5.4921875
343.0 1.5546875
344.0 9.90625
345.0 5.5859375
346.0 5.4296875
347.0 5.3515625
348.0 5.46875
349.0 5.546875
350.0 5.7578125
351.0 5.53125
352.0 5.453125
353.0 5.28125
354.0 5.484375
355.0 5.421875
356.0 2.234375
357.0 8.921875
358.0 5.7109375
359.0 5.515625
360.0 5.5546875
361.0 5.4609375
362.0 3.2890625
363.0 7.7890625
364.0 5.5546875
365.0 5.5625
366.0 5.5859375
367.0 5.6796875
368.0 5.46875
369.0 4.28125
370.0 7.1796875
371.0 5.375
372.0 5.3828125
373.0 5.6171875
374.0 5.515625
375.0 5.484375
376.0 5.578125
377.0 5.375
378.0 5.734375
379.0 5.5625
380.0 5.5
381.0 5.6640625
382.0 5.421875
383.0 1.6171875
384.0 9.8203125
385.0 5.671875
386.0 5.6484375
387.0 5.671875
388.0 5.578125
389.0 0.765625
390.0 10.2890625
391.0 5.546875
392.0 5.734375
393.0 5.5234375
394.0 5.46875
395.0 5.5859375
396.0 5.34375
397.0 5.6171875
398.0 5.6328125
399.0 5.453125
400.0 5.53125
401.0 5.6953125
402.0 3.5234375
403.0 7.9296875
404.0 5.4375
405.0 5.640625
406.0 5.4375
407.0 5.46875
408.0 2.453125
409.0 6.4453125
410.0 8.3515625
411.0 5.5234375
412.0 5.6015625
413.0 5.5
414.0 4.9765625
415.0 5.53125
416.0 5.46875
417.0 5.5625
418.0 3.671875
419.0 5.40625
420.0 5.4375
421.0 5.484375
422.0 5.4609375
423.0 5.4296875
424.0 5.6640625
425.0 5.4296875
426.0 5.4375
427.0 5.3359375
428.0 5.453125
429.0 5.3828125
430.0 5.453125
431.0 5.4609375
432.0 1.7890625
433.0 9.390625
434.0 5.4296875
435.0 5.5234375
436.0 3.765625
437.0 7.5078125
438.0 5.578125
439.0 5.5546875
440.0 5.9609375
441.0 5.6015625
442.0 5.5625
443.0 5.4375
444.0 5.6484375
445.0 5.6171875
446.0 5.4375
447.0 5.5
448.0 5.546875
449.0 4.3203125
450.0 6.65625
451.0 5.2890625
452.0 5.5
453.0 5.4296875
454.0 5.3125
455.0 3.2578125
456.0 7.671875
457.0 5.46875
458.0 5.3984375
459.0 5.5859375
460.0 5.53125
461.0 5.484375
462.0 5.3046875
463.0 5.34375
464.0 5.421875
465.0 5.4609375
466.0 5.453125
467.0 5.5546875
468.0 5.578125
469.0 0.984375
470.0 9.9609375
471.0 5.453125
472.0 5.453125
473.0 5.484375
474.0 4.515625
475.0 6.5390625
476.0 5.421875
477.0 5.25
478.0 5.703125
479.0 5.3203125
480.0 5.40625
481.0 5.6171875
482.0 5.5625
483.0 5.5859375
484.0 5.609375
485.0 5.5234375
486.0 5.375
487.0 1.203125
488.0 9.703125
489.0 5.609375
490.0 5.6796875
491.0 5.3203125
492.0 5.3671875
493.0 0.9140625
494.0 9.6953125
495.0 5.2734375
496.0 5.375
497.0 5.484375
498.0 1.609375
499.0 9.1640625
500.0 5.2734375
501.0 5.3203125
502.0 5.25
503.0 5.28125
504.0 5.3515625
505.0 5.25
506.0 5.203125
507.0 5.1875
508.0 5.109375
509.0 5.4296875
510.0 5.3359375
511.0 5.21875
512.0 1.265625
513.0 9.4921875
514.0 5.421875
515.0 5.546875
516.0 5.484375
517.0 5.3359375
518.0 1.0625
519.0 9.640625
520.0 5.3828125
521.0 5.484375
522.0 5.3203125
523.0 5.3046875
524.0 5.3359375
525.0 5.1328125
526.0 5.3203125
527.0 5.2265625
528.0 5.1328125
529.0 2.7421875
530.0 7.9140625
531.0 5.28125
532.0 5.515625
533.0 5.4921875
534.0 5.4609375
535.0 5.484375
536.0 5.3359375
537.0 5.3671875
538.0 5.3984375
539.0 2.9921875
540.0 8.0
541.0 2.1953125
542.0 8.6875
543.0 5.453125
544.0 5.4375
545.0 5.3359375
546.0 5.421875
547.0 5.4609375
548.0 5.4375
549.0 5.5859375
550.0 5.46875
551.0 5.546875
552.0 5.453125
553.0 2.875
554.0 8.0546875
555.0 5.375
556.0 5.46875
557.0 5.4296875
558.0 5.4375
559.0 5.171875
560.0 5.2578125
561.0 5.21875
562.0 5.15625
563.0 5.34375
564.0 5.1328125
565.0 5.171875
566.0 5.125
567.0 5.2890625
568.0 5.21875
569.0 5.4296875
570.0 3.5625
571.0 7.15625
572.0 5.1953125
573.0 5.234375
574.0 5.28125
575.0 4.09375
576.0 6.234375
577.0 5.125
578.0 5.1328125
579.0 5.234375
580.0 5.0234375
581.0 5.0859375
582.0 5.0546875
583.0 5.140625
584.0 5.1015625
585.0 5.1328125
586.0 5.234375
587.0 5.1875
588.0 3.375
589.0 7.3984375
590.0 5.3359375
591.0 5.234375
592.0 5.3125
593.0 5.3515625
594.0 5.3671875
595.0 2.8046875
596.0 7.796875
597.0 5.40625
598.0 5.25
599.0 5.125
