0.0 4.5078125
1.0 4.8046875
2.0 4.6015625
3.0 4.4296875
4.0 4.53125
5.0 4.578125
6.0 4.6640625
7.0 4.6484375
8.0 4.1171875
9.0 4.3515625
10.0 2.2109375
11.0 7.125
12.0 4.6484375
13.0 4.71875
14.0 4.6796875
15.0 4.6640625
16.0 3.2890625
17.0 5.4921875
18.0 4.6484375
19.0 4.4296875
20.0 4.6328125
21.0 4.5390625
22.0 4.7421875
23.0 4.875
24.0 4.7109375
25.0 4.609375
26.0 4.9921875
27.0 4.796875
28.0 4.7109375
29.0 4.515625
30.0 1.859375
31.0 7.6875
32.0 4.5390625
33.0 4.546875
34.0 4.359375
35.0 4.3828125
36.0 4.4765625
37.0 3.4765625
38.0 5.796875
39.0 4.421875
40.0 4.59375
41.0 4.53125
42.0 4.5078125
43.0 4.6953125
44.0 4.625
45.0 4.6640625
46.0 4.5625
47.0 4.71875
48.0 4.5703125
49.0 4.453125
50.0 4.3359375
51.0 2.6640625
52.0 5.8125
53.0 4.65625
54.0 4.625
55.0 4.609375
56.0 4.3828125
57.0 1.8671875
58.0 7.109375
59.0 4.6875
60.0 3.1328125
61.0 6.5
62.0 4.828125
63.0 4.59375
64.0 4.7578125
65.0 4.6484375
66.0 4.7734375
67.0 4.78125
68.0 4.7265625
69.0 4.71875
70.0 4.6953125
71.0 4.296875
72.0 4.875
73.0 4.6484375
74.0 4.7421875
75.0 4.78125
76.0 4.8984375
77.0 4.796875
78.0 4.7421875
79.0 4.890625
80.0 4.6484375
81.0 4.4296875
82.0 4.4453125
83.0 3.8828125
84.0 0.84375
85.0 7.1953125
86.0 1.9140625
87.0 2.484375
88.0 4.0703125
89.0 3.765625
90.0 2.8046875
91.0 5.3203125
92.0 4.1015625
93.0 3.90625
94.0 3.8203125
95.0 3.6171875
96.0 2.8203125
97.0 3.953125
98.0 4.1875
99.0 4.203125
100.0 4.5
101.0 4.203125
102.0 4.3046875
103.0 4.21875
104.0 2.6875
105.0 4.125
106.0 2.0703125
107.0 8.75
108.0 4.5
109.0 4.6953125
110.0 4.28125
111.0 4.25
112.0 4.234375
113.0 4.4765625
114.0 4.3828125
115.0 4.59375
116.0 4.25
117.0 4.59375
118.0 4.453125
119.0 4.390625
120.0 1.234375
121.0 7.6328125
122.0 4.0
123.0 4.2734375
124.0 4.390625
125.0 4.0703125
126.0 0.09375
127.0 8.8203125
128.0 4.5078125
129.0 3.8203125
130.0 0.7578125
131.0 6.6171875
132.0 4.359375
133.0 4.484375
134.0 4.59375
135.0 4.6328125
136.0 4.3046875
137.0 4.5078125
138.0 4.6640625
139.0 2.59375
140.0 6.8671875
141.0 4.6640625
142.0 4.625
143.0 4.328125
144.0 4.2421875
145.0 4.484375
146.0 4.3203125
147.0 4.59375
148.0 4.4296875
149.0 4.7734375
150.0 4.53125
151.0 4.6875
152.0 4.46875
153.0 4.484375
154.0 2.7421875
155.0 6.40625
156.0 2.9296875
157.0 6.3046875
158.0 1.859375
159.0 5.8125
160.0 3.8828125
161.0 2.515625
162.0 1.8203125
163.0 1.890625
164.0 4.0078125
165.0 4.546875
166.0 2.609375
167.0 4.6328125
168.0 4.3671875
169.0 4.890625
170.0 4.5
171.0 3.9453125
172.0 4.1875
173.0 4.4140625
174.0 4.546875
175.0 4.3671875
176.0 3.90625
177.0 4.3203125
178.0 5.25
179.0 4.75
180.0 4.25
181.0 4.921875
182.0 4.65625
183.0 4.9921875
184.0 5.2578125
185.0 5.421875
186.0 5.2890625
187.0 5.25
188.0 2.9296875
189.0 7.71875
190.0 5.1953125
191.0 5.140625
192.0 5.21875
193.0 5.1640625
194.0 2.671875
195.0 7.9296875
196.0 4.875
197.0 4.8046875
198.0 4.578125
199.0 5.109375
200.0 5.0546875
201.0 4.625
202.0 4.6953125
203.0 4.90625
204.0 4.828125
205.0 4.984375
206.0 4.71875
207.0 4.5390625
208.0 0.484375
209.0 8.359375
210.0 4.4140625
211.0 4.59375
212.0 4.3828125
213.0 0.5390625
214.0 6.6875
215.0 4.609375
216.0 4.5
217.0 4.3046875
218.0 4.4453125
219.0 4.6015625
220.0 4.15625
221.0 4.28125
222.0 4.6875
223.0 4.6796875
224.0 4.6328125
225.0 4.859375
226.0 4.1875
227.0 1.140625
228.0 7.46875
229.0 4.1796875
230.0 4.578125
231.0 4.75
232.0 4.8984375
233.0 4.8125
234.0 0.390625
235.0 8.65625
236.0 4.296875
237.0 4.328125
238.0 2.65625
239.0 5.5625
240.0 3.734375
241.0 3.890625
242.0 3.90625
243.0 4.265625
244.0 4.2421875
245.0 4.1328125
246.0 4.296875
247.0 4.359375
248.0 4.75
249.0 4.484375
250.0 4.1484375
251.0 4.4765625
252.0 4.3359375
253.0 0.1796875
254.0 8.8828125
255.0 3.0859375
256.0 5.875
257.0 4.515625
258.0 4.265625
259.0 4.296875
260.0 4.3359375
261.0 4.546875
262.0 4.578125
263.0 4.6875
264.0 4.515625
265.0 4.7421875
266.0 4.59375
267.0 4.421875
268.0 4.5078125
269.0 4.5078125
270.0 0.3046875
271.0 8.71875
272.0 4.6484375
273.0 4.6640625
274.0 4.7265625
275.0 4.3671875
276.0 4.3203125
277.0 0.2734375
278.0 8.1171875
279.0 4.59375
280.0 4.21875
281.0 4.3359375
282.0 4.5625
283.0 3.96875
284.0 4.21875
285.0 4.296875
286.0 4.1171875
287.0 4.0703125
288.0 4.359375
289.0 4.25
290.0 2.953125
291.0 5.4375
292.0 2.96875
293.0 5.9765625
294.0 2.5390625
295.0 4.921875
296.0 4.1796875
297.0 4.1015625
298.0 4.03125
299.0 4.2109375
300.0 3.703125
301.0 3.703125
302.0 2.4609375
303.0 5.421875
304.0 3.9921875
305.0 3.65625
306.0 4.203125
307.0 4.3828125
308.0 4.2421875
309.0 4.125
310.0 3.796875
311.0 3.9375
312.0 3.578125
313.0 3.671875
314.0 4.25
315.0 4.1171875
316.0 3.5625
317.0 3.734375
318.0 2.6640625
319.0 4.453125
320.0 3.7421875
321.0 4.0390625
322.0 4.1484375
323.0 4.5078125
324.0 4.203125
325.0 4.09375
326.0 4.1875
327.0 4.21875
328.0 4.0546875
329.0 3.5546875
330.0 3.703125
331.0 4.03125
332.0 4.484375
333.0 4.3359375
334.0 1.7109375
335.0 7.734375
336.0 4.5390625
337.0 4.5625
338.0 4.8125
339.0 4.421875
340.0 1.5078125
341.0 7.9453125
342.0 4.5625
343.0 4.203125
344.0 4.6796875
345.0 4.859375
346.0 4.7421875
347.0 4.5078125
348.0 4.421875
349.0 4.1796875
350.0 4.359375
351.0 0.359375
352.0 8.2578125
353.0 4.3203125
354.0 4.4453125
355.0 0.6953125
356.0 8.015625
357.0 4.234375
358.0 2.90625
359.0 5.484375
360.0 4.234375
361.0 4.421875
362.0 2.8125
363.0 5.109375
364.0 4.25
365.0 4.578125
366.0 4.0859375
367.0 3.8515625
368.0 3.7265625
369.0 4.1171875
370.0 4.7109375
371.0 4.515625
372.0 4.3828125
373.0 4.0859375
374.0 4.3203125
375.0 4.2734375
376.0 4.4140625
377.0 4.265625
378.0 0.2734375
379.0 9.453125
380.0 4.4765625
381.0 4.890625
382.0 0.2578125
383.0 9.25
384.0 4.6328125
385.0 4.6875
386.0 4.9765625
387.0 4.625
388.0 4.59375
389.0 4.5078125
390.0 4.421875
391.0 4.390625
392.0 4.3828125
393.0 4.5078125
394.0 4.1484375
395.0 0.5703125
396.0 7.6640625
397.0 4.1328125
398.0 4.2734375
399.0 4.53125
400.0 4.5703125
401.0 4.3828125
402.0 4.578125
403.0 0.4921875
404.0 8.9140625
405.0 4.5390625
406.0 4.796875
407.0 4.4296875
408.0 4.296875
409.0 4.03125
410.0 3.953125
411.0 3.6171875
412.0 3.84375
413.0 3.765625
414.0 3.5234375
415.0 3.6953125
416.0 0.15625
417.0 7.703125
418.0 4.28125
419.0 4.8046875
420.0 2.9609375
421.0 6.1875
422.0 4.78125
423.0 4.5703125
424.0 4.5078125
425.0 4.6640625
426.0 4.7734375
427.0 4.796875
428.0 4.7109375
429.0 4.5390625
430.0 4.3046875
431.0 3.578125
432.0 3.5625
433.0 3.578125
434.0 1.109375
435.0 6.09375
436.0 4.265625
437.0 4.8125
438.0 4.4140625
439.0 4.3671875
440.0 4.5390625
441.0 4.390625
442.0 4.28125
443.0 4.8359375
444.0 4.859375
445.0 4.7578125
446.0 4.171875
447.0 0.1640625
448.0 6.3671875
449.0 7.2421875
450.0 4.234375
451.0 4.296875
452.0 4.4140625
453.0 4.3046875
454.0 4.53125
455.0 4.171875
456.0 4.3203125
457.0 4.3046875
458.0 4.3828125
459.0 4.1875
460.0 4.328125
461.0 4.3828125
462.0 4.421875
463.0 0.1328125
464.0 9.046875
465.0 4.5703125
466.0 4.2734375
467.0 4.7109375
468.0 4.609375
469.0 4.2421875
470.0 0.4296875
471.0 5.0546875
472.0 8.078125
473.0 4.1875
474.0 4.6328125
475.0 4.3515625
476.0 4.3359375
477.0 4.75
478.0 4.625
479.0 4.6875
480.0 4.4765625
481.0 4.3203125
482.0 4.5
483.0 4.28125
484.0 4.75
485.0 4.3046875
486.0 0.4375
487.0 9.3046875
488.0 4.5390625
489.0 3.7109375
490.0 0.1015625
491.0 8.5703125
492.0 4.65625
493.0 4.6796875
494.0 4.5625
495.0 4.4765625
496.0 4.6328125
497.0 4.3203125
498.0 4.5703125
499.0 4.421875
500.0 4.4765625
501.0 4.7734375
502.0 4.546875
503.0 4.9609375
504.0 5.0546875
505.0 1.4921875
506.0 8.0546875
507.0 4.5703125
508.0 4.890625
509.0 2.390625
510.0 7.09375
511.0 4.578125
512.0 4.875
513.0 4.921875
514.0 4.6328125
515.0 4.515625
516.0 4.6796875
517.0 4.28125
518.0 4.4765625
519.0 4.7578125
520.0 4.296875
521.0 4.3203125
522.0 4.1171875
523.0 0.2109375
524.0 9.1875
525.0 4.21875
526.0 4.1875
527.0 4.453125
528.0 4.875
529.0 0.484375
530.0 8.640625
531.0 4.4140625
532.0 4.359375
533.0 3.7890625
534.0 3.875
535.0 3.84375
536.0 4.265625
537.0 4.71875
538.0 4.453125
539.0 4.625
540.0 4.984375
541.0 2.1796875
542.0 7.21875
543.0 4.5
544.0 4.7734375
545.0 4.4140625
546.0 4.5625
547.0 4.5625
548.0 4.5703125
549.0 4.5703125
550.0 4.7578125
551.0 4.453125
552.0 1.359375
553.0 7.3125
554.0 3.7265625
555.0 4.6953125
556.0 4.3828125
557.0 4.421875
558.0 4.4453125
559.0 3.9375
560.0 1.5546875
561.0 7.2421875
562.0 4.0078125
563.0 4.0625
564.0 4.3828125
565.0 4.2421875
566.0 4.28125
567.0 4.2421875
568.0 5.203125
569.0 4.46875
570.0 4.6640625
571.0 4.3359375
572.0 4.3203125
573.0 4.4140625
574.0 2.75
575.0 6.5859375
576.0 3.0234375
577.0 3.765625
578.0 6.4765625
579.0 3.5234375
580.0 3.4609375
581.0 3.84375
582.0 3.859375
583.0 4.03125
584.0 4.234375
585.0 4.0
586.0 2.890625
587.0 4.328125
588.0 3.578125
589.0 3.1328125
590.0 3.265625
591.0 3.4296875
592.0 4.0234375
593.0 3.296875
594.0 2.7421875
595.0 3.546875
596.0 3.078125
597.0 3.59375
598.0 3.5
599.0 4.1875
