0.0 5.1640625
1.0 4.3671875
2.0 3.7265625
3.0 3.3984375
4.0 0.8203125
5.0 0.0
6.0 0.0
7.0 5.6796875
8.0 1.4453125
9.0 0.0
10.0 1.890625
11.0 1.359375
12.0 0.4609375
13.0 0.40625
14.0 0.5703125
15.0 0.9296875
16.0 1.7734375
17.0 0.90625
18.0 0.5859375
19.0 0.2265625
20.0 0.0
21.0 0.0
22.0 0.0
23.0 0.0
24.0 0.0
25.0 0.0625
26.0 6.109375
27.0 0.75
28.0 3.8515625
29.0 2.625
30.0 2.375
31.0 2.609375
32.0 2.71875
33.0 2.8515625
34.0 2.984375
35.0 2.78125
36.0 1.265625
37.0 0.0
38.0 8.8203125
39.0 3.703125
40.0 2.6640625
41.0 5.8828125
42.0 5.8203125
43.0 3.1953125
44.0 2.5234375
45.0 3.875
46.0 4.578125
47.0 6.0859375
48.0 6.03125
49.0 6.1875
50.0 5.90625
51.0 5.78125
52.0 5.6015625
53.0 5.3046875
54.0 1.9453125
55.0 8.921875
56.0 5.109375
57.0 2.671875
58.0 4.90625
59.0 6.0625
60.0 5.9375
61.0 6.078125
62.0 6.1484375
63.0 6.140625
64.0 6.234375
65.0 6.125
66.0 6.0859375
67.0 5.9921875
68.0 6.0390625
69.0 5.96875
70.0 6.03125
71.0 6.0390625
72.0 5.7578125
73.0 5.6953125
74.0 5.8125
75.0 4.890625
76.0 5.421875
77.0 6.0390625
78.0 3.7109375
79.0 7.984375
80.0 5.515625
81.0 1.953125
82.0 9.28125
83.0 5.875
84.0 5.7109375
85.0 6.1796875
86.0 6.125
87.0 5.828125
88.0 5.1875
89.0 5.4375
90.0 2.8984375
91.0 2.90625
92.0 3.109375
93.0 1.09375
94.0 8.921875
95.0 5.6484375
96.0 4.6484375
97.0 4.859375
98.0 3.546875
99.0 3.921875
100.0 4.59375
101.0 5.015625
102.0 5.2578125
103.0 6.2421875
104.0 6.203125
105.0 6.2578125
106.0 5.9375
107.0 1.4375
108.0 11.09375
109.0 2.1484375
110.0 10.4765625
111.0 5.84375
112.0 6.3046875
113.0 6.3828125
114.0 6.328125
115.0 6.03125
116.0 5.8125
117.0 5.9375
118.0 5.6640625
119.0 5.3515625
120.0 5.2578125
121.0 5.4609375
122.0 5.765625
123.0 1.40625
124.0 9.125
125.0 5.9921875
126.0 5.9765625
127.0 5.765625
128.0 2.7578125
129.0 9.3046875
130.0 6.0078125
131.0 6.46875
132.0 6.140625
133.0 5.6328125
134.0 5.75
135.0 6.296875
136.0 6.1171875
137.0 6.140625
138.0 6.296875
139.0 6.3828125
140.0 4.21875
141.0 8.6875
142.0 6.2578125
143.0 6.2265625
144.0 6.4375
145.0 6.5390625
146.0 6.53125
147.0 5.8203125
148.0 7.2109375
149.0 6.4375
150.0 5.8828125
151.0 6.265625
152.0 6.2109375
153.0 6.125
154.0 6.3359375
155.0 4.0234375
156.0 8.9765625
157.0 6.0078125
158.0 6.203125
159.0 5.8125
160.0 5.9140625
161.0 6.3359375
162.0 6.3359375
163.0 6.6875
164.0 6.390625
165.0 6.2578125
166.0 6.78125
167.0 6.421875
168.0 4.09375
169.0 9.078125
170.0 6.5546875
171.0 6.6640625
172.0 6.4375
173.0 5.84375
174.0 3.953125
175.0 8.6875
176.0 6.703125
177.0 5.9921875
178.0 4.234375
179.0 5.9609375
180.0 4.890625
181.0 5.7890625
182.0 6.15625
183.0 5.5234375
184.0 4.59375
185.0 5.0546875
186.0 5.6484375
187.0 5.796875
188.0 6.390625
189.0 6.2265625
190.0 7.015625
191.0 6.5078125
192.0 5.9453125
193.0 6.078125
194.0 6.1484375
195.0 6.4765625
196.0 6.0078125
197.0 2.0390625
198.0 10.5078125
199.0 6.359375
200.0 6.0546875
201.0 6.3359375
202.0 6.3671875
203.0 6.171875
204.0 5.8828125
205.0 6.46875
206.0 6.2265625
207.0 6.2890625
208.0 6.40625
209.0 6.3046875
210.0 6.3515625
211.0 6.765625
212.0 6.2890625
213.0 6.265625
214.0 6.40625
215.0 4.8984375
216.0 7.703125
217.0 6.0859375
218.0 5.765625
219.0 5.84375
220.0 5.875
221.0 5.96875
222.0 6.171875
223.0 5.7890625
224.0 5.7109375
225.0 6.1875
226.0 6.3515625
227.0 2.8203125
228.0 9.4609375
229.0 5.21875
230.0 3.546875
231.0 5.7890625
232.0 6.328125
233.0 5.78125
234.0 6.0
235.0 5.9296875
236.0 5.7109375
237.0 2.28125
238.0 9.078125
239.0 6.125
240.0 6.125
241.0 6.09375
242.0 5.9296875
243.0 1.7421875
244.0 9.2265625
245.0 6.109375
246.0 6.09375
247.0 5.9609375
248.0 5.8203125
249.0 6.09375
250.0 5.78125
251.0 6.234375
252.0 6.1171875
253.0 6.1171875
254.0 6.5390625
255.0 2.265625
256.0 10.4140625
257.0 6.4765625
258.0 6.3359375
259.0 6.203125
260.0 6.2578125
261.0 6.1171875
262.0 6.0625
263.0 2.7890625
264.0 9.484375
265.0 6.5859375
266.0 6.6640625
267.0 6.0546875
268.0 6.3046875
269.0 6.6328125
270.0 6.515625
271.0 6.7734375
272.0 6.703125
273.0 6.890625
274.0 6.7734375
275.0 6.9140625
276.0 6.5
277.0 6.5
278.0 6.53125
279.0 6.53125
280.0 5.9453125
281.0 4.5625
282.0 8.734375
283.0 6.2734375
284.0 6.3515625
285.0 6.6875
286.0 6.796875
287.0 6.9140625
288.0 6.765625
289.0 6.4765625
290.0 6.8984375
291.0 6.7421875
292.0 4.6484375
293.0 9.359375
294.0 7.09375
295.0 6.9609375
296.0 6.6796875
297.0 6.78125
298.0 6.6875
299.0 6.78125
300.0 6.796875
301.0 7.1640625
302.0 6.9765625
303.0 6.9609375
304.0 7.0078125
305.0 6.390625
306.0 2.1171875
307.0 11.3828125
308.0 6.8359375
309.0 2.375
310.0 10.3203125
311.0 6.4453125
312.0 6.6875
313.0 6.953125
314.0 6.953125
315.0 6.7109375
316.0 6.984375
317.0 6.9296875
318.0 6.6796875
319.0 6.75
320.0 6.9140625
321.0 6.9296875
322.0 7.0625
323.0 7.078125
324.0 7.0390625
325.0 6.734375
326.0 6.7734375
327.0 2.046875
328.0 11.65625
329.0 6.7421875
330.0 6.6015625
331.0 6.40625
332.0 6.84375
333.0 6.84375
334.0 6.6796875
335.0 6.9140625
336.0 6.453125
337.0 6.3359375
338.0 6.53125
339.0 6.234375
340.0 6.1796875
341.0 6.3046875
342.0 6.5078125
343.0 6.6015625
344.0 6.6796875
345.0 6.53125
346.0 6.3046875
347.0 6.5390625
348.0 6.78125
349.0 7.1796875
350.0 7.0703125
351.0 7.03125
352.0 7.1953125
353.0 6.9609375
354.0 6.7734375
355.0 6.8984375
356.0 6.421875
357.0 4.0390625
358.0 9.296875
359.0 6.0
360.0 6.390625
361.0 6.3359375
362.0 6.40625
363.0 5.671875
364.0 6.2734375
365.0 6.4375
366.0 6.2109375
367.0 6.59375
368.0 6.78125
369.0 7.0078125
370.0 6.1796875
371.0 6.6875
372.0 6.3515625
373.0 6.421875
374.0 6.140625
375.0 6.484375
376.0 6.9453125
377.0 6.890625
378.0 6.9296875
379.0 6.625
380.0 6.1484375
381.0 6.8125
382.0 7.03125
383.0 5.4921875
384.0 4.15625
385.0 2.4140625
386.0 9.2109375
387.0 6.2421875
388.0 6.3828125
389.0 6.4453125
390.0 6.265625
391.0 6.2734375
392.0 6.4765625
393.0 6.0078125
394.0 6.15625
395.0 5.5625
396.0 6.453125
397.0 6.4140625
398.0 6.6875
399.0 6.59375
400.0 5.2734375
401.0 8.1484375
402.0 6.7421875
403.0 6.5390625
404.0 6.734375
405.0 4.8671875
406.0 8.71875
407.0 6.6171875
408.0 6.0
409.0 6.15625
410.0 5.8203125
411.0 6.3515625
412.0 6.3828125
413.0 6.7734375
414.0 7.0703125
415.0 6.5625
416.0 6.5859375
417.0 6.53125
418.0 3.0234375
419.0 10.1484375
420.0 6.0390625
421.0 6.40625
422.0 6.421875
423.0 2.328125
424.0 10.546875
425.0 6.453125
426.0 6.71875
427.0 6.0390625
428.0 6.5625
429.0 6.390625
430.0 6.3515625
431.0 6.3359375
432.0 6.2109375
433.0 5.96875
434.0 6.5078125
435.0 6.03125
436.0 6.03125
437.0 6.03125
438.0 6.4375
439.0 6.4375
440.0 6.3671875
441.0 6.421875
442.0 6.6640625
443.0 6.390625
444.0 6.6484375
445.0 6.359375
446.0 6.421875
447.0 6.828125
448.0 6.2890625
449.0 6.484375
450.0 5.3046875
451.0 7.40625
452.0 6.421875
453.0 6.625
454.0 6.40625
455.0 6.5
456.0 6.6171875
457.0 6.65625
458.0 6.2421875
459.0 6.390625
460.0 6.3828125
461.0 6.359375
462.0 6.3828125
463.0 6.6171875
464.0 6.390625
465.0 2.3125
466.0 10.0234375
467.0 6.453125
468.0 3.515625
469.0 9.5390625
470.0 6.0625
471.0 6.65625
472.0 6.9453125
473.0 6.5859375
474.0 6.5078125
475.0 6.3515625
476.0 6.6171875
477.0 6.1796875
478.0 6.3671875
479.0 6.3203125
480.0 6.2578125
481.0 6.3515625
482.0 6.59375
483.0 6.40625
484.0 5.7109375
485.0 7.4921875
486.0 4.796875
487.0 3.7734375
488.0 6.0390625
489.0 6.9765625
490.0 6.5625
491.0 5.9453125
492.0 2.265625
493.0 9.484375
494.0 6.1796875
495.0 6.5390625
496.0 6.3203125
497.0 6.3359375
498.0 6.0234375
499.0 6.5703125
500.0 6.53125
501.0 6.5859375
502.0 6.5078125
503.0 6.484375
504.0 6.328125
505.0 6.71875
506.0 6.78125
507.0 6.71875
508.0 6.6015625
509.0 6.5390625
510.0 6.3359375
511.0 2.9375
512.0 10.296875
513.0 6.46875
514.0 6.09375
515.0 5.90625
516.0 6.5546875
517.0 7.078125
518.0 6.84375
519.0 6.6484375
520.0 6.6484375
521.0 6.7421875
522.0 6.71875
523.0 2.609375
524.0 11.3125
525.0 6.8359375
526.0 6.65625
527.0 6.484375
528.0 4.578125
529.0 9.015625
530.0 7.2890625
531.0 6.78125
532.0 6.8359375
533.0 6.796875
534.0 6.1796875
535.0 6.2578125
536.0 6.8125
537.0 6.328125
538.0 6.328125
539.0 6.59375
540.0 5.7890625
541.0 7.453125
542.0 6.625
543.0 6.5703125
544.0 6.859375
545.0 6.6015625
546.0 6.40625
547.0 6.8046875
548.0 6.296875
549.0 3.46875
550.0 9.7890625
551.0 6.625
552.0 6.8671875
553.0 6.6328125
554.0 6.6171875
555.0 6.6640625
556.0 6.5625
557.0 6.625
558.0 6.328125
559.0 6.59375
560.0 6.6640625
561.0 6.5
562.0 6.4140625
563.0 6.390625
564.0 6.6484375
565.0 6.234375
566.0 6.6875
567.0 5.7109375
568.0 6.3203125
569.0 5.5859375
570.0 5.6953125
571.0 5.1953125
572.0 5.421875
573.0 5.828125
574.0 5.9609375
575.0 5.3203125
576.0 5.9140625
577.0 6.109375
578.0 6.1171875
579.0 6.078125
580.0 6.390625
581.0 3.3125
582.0 8.8828125
583.0 6.125
584.0 6.0234375
585.0 6.3046875
586.0 1.3828125
587.0 10.3828125
588.0 6.5546875
589.0 6.140625
590.0 5.84375
591.0 5.6171875
592.0 5.546875
593.0 6.171875
594.0 6.234375
595.0 6.109375
596.0 6.234375
597.0 6.3359375
598.0 5.828125
599.0 2.34375
