0.0 5.046875
1.0 5.3515625
2.0 5.046875
3.0 4.71875
4.0 5.1015625
5.0 5.2734375
6.0 5.1328125
7.0 3.0
8.0 6.0078125
9.0 4.8671875
10.0 4.359375
11.0 2.296875
12.0 5.2734375
13.0 4.5390625
14.0 4.8046875
15.0 5.0859375
16.0 4.0546875
17.0 4.28125
18.0 6.1875
19.0 4.875
20.0 4.46875
21.0 5.078125
22.0 4.9609375
23.0 5.015625
24.0 3.4296875
25.0 2.8203125
26.0 7.3046875
27.0 5.234375
28.0 5.0234375
29.0 4.890625
30.0 5.3671875
31.0 4.7265625
32.0 4.75
33.0 5.0703125
34.0 5.0703125
35.0 4.7734375
36.0 5.1953125
37.0 5.4296875
38.0 4.828125
39.0 3.0
40.0 6.765625
41.0 4.984375
42.0 5.0078125
43.0 4.9765625
44.0 5.484375
45.0 4.3046875
46.0 5.578125
47.0 5.0390625
48.0 5.078125
49.0 4.8671875
50.0 3.265625
51.0 5.109375
52.0 5.234375
53.0 4.5390625
54.0 5.4375
55.0 2.9609375
56.0 5.484375
57.0 4.859375
58.0 5.125
59.0 4.3828125
60.0 4.7109375
61.0 4.9453125
62.0 5.421875
63.0 4.8046875
64.0 3.65625
65.0 3.84375
66.0 4.1875
67.0 4.1328125
68.0 4.6484375
69.0 3.609375
70.0 4.0703125
71.0 4.2734375
72.0 4.2734375
73.0 3.203125
74.0 0.96875
75.0 0.0
76.0 6.7421875
77.0 0.375
78.0 2.4609375
79.0 2.0625
80.0 1.734375
81.0 2.453125
82.0 2.453125
83.0 2.5078125
84.0 4.421875
85.0 5.1875
86.0 5.0859375
87.0 1.5859375
88.0 8.171875
89.0 4.7734375
90.0 5.1015625
91.0 5.2734375
92.0 1.0234375
93.0 9.4453125
94.0 5.171875
95.0 5.1953125
96.0 5.1953125
97.0 5.40625
98.0 5.3671875
99.0 5.28125
100.0 5.34375
101.0 5.3359375
102.0 5.078125
103.0 5.234375
104.0 4.8359375
105.0 1.0
106.0 9.2265625
107.0 4.9296875
108.0 4.9765625
109.0 4.890625
110.0 2.296875
111.0 7.9296875
112.0 4.9609375
113.0 4.9921875
114.0 4.84375
115.0 5.15625
116.0 5.2578125
117.0 4.9296875
118.0 5.0390625
119.0 5.125
120.0 4.84375
121.0 4.625
122.0 4.7734375
123.0 2.75
124.0 7.359375
125.0 5.21875
126.0 5.125
127.0 4.7578125
128.0 2.6015625
129.0 7.5546875
130.0 4.890625
131.0 4.9453125
132.0 4.2109375
133.0 6.265625
134.0 4.6328125
135.0 4.4453125
136.0 4.2421875
137.0 4.5
138.0 4.5390625
139.0 4.3046875
140.0 4.3359375
141.0 4.7265625
142.0 4.609375
143.0 4.9921875
144.0 4.3046875
145.0 3.640625
146.0 0.1640625
147.0 7.140625
148.0 4.0703125
149.0 5.2734375
150.0 5.0390625
151.0 5.0390625
152.0 0.5390625
153.0 8.9375
154.0 4.828125
155.0 5.078125
156.0 4.8671875
157.0 4.9609375
158.0 4.3671875
159.0 3.3671875
160.0 4.5078125
161.0 3.34375
162.0 4.78125
163.0 4.578125
164.0 3.25
165.0 6.8046875
166.0 4.9765625
167.0 4.9921875
168.0 4.890625
169.0 4.9765625
170.0 2.3984375
171.0 7.2265625
172.0 4.7734375
173.0 4.9453125
174.0 4.1328125
175.0 4.484375
176.0 4.8984375
177.0 4.875
178.0 4.9609375
179.0 5.0390625
180.0 4.9921875
181.0 4.7109375
182.0 0.546875
183.0 8.2578125
184.0 4.3828125
185.0 4.0625
186.0 4.6328125
187.0 3.640625
188.0 4.6484375
189.0 4.6953125
190.0 4.9609375
191.0 5.0546875
192.0 4.5
193.0 5.671875
194.0 5.0078125
195.0 4.953125
196.0 4.9609375
197.0 5.0390625
198.0 4.8984375
199.0 4.8125
200.0 4.515625
201.0 4.359375
202.0 5.3671875
203.0 4.8359375
204.0 5.0078125
205.0 4.6796875
206.0 4.9453125
207.0 5.078125
208.0 5.1328125
209.0 4.6328125
210.0 4.9453125
211.0 4.6015625
212.0 4.78125
213.0 4.4296875
214.0 4.0703125
215.0 4.296875
216.0 1.8203125
217.0 7.71875
218.0 4.78125
219.0 5.0546875
220.0 4.8671875
221.0 0.453125
222.0 9.1328125
223.0 4.21875
224.0 4.7265625
225.0 4.421875
226.0 4.828125
227.0 4.6875
228.0 3.796875
229.0 3.7109375
230.0 3.921875
231.0 4.234375
232.0 4.6015625
233.0 4.5
234.0 1.4453125
235.0 8.046875
236.0 4.8125
237.0 5.0078125
238.0 5.0234375
239.0 4.421875
240.0 5.6953125
241.0 5.125
242.0 3.7265625
243.0 4.625
244.0 4.828125
245.0 5.1875
246.0 5.421875
247.0 5.0390625
248.0 4.53125
249.0 4.875
250.0 4.6796875
251.0 4.1015625
252.0 5.6171875
253.0 5.2734375
254.0 5.1640625
255.0 5.4296875
256.0 5.28125
257.0 5.3515625
258.0 5.234375
259.0 5.140625
260.0 0.8203125
261.0 9.34375
262.0 4.953125
263.0 4.9609375
264.0 5.046875
265.0 4.796875
266.0 4.6953125
267.0 4.90625
268.0 4.8984375
269.0 4.6640625
270.0 4.9296875
271.0 4.9453125
272.0 4.8125
273.0 0.671875
274.0 9.1328125
275.0 4.8984375
276.0 5.0703125
277.0 4.921875
278.0 4.796875
279.0 4.9765625
280.0 4.7109375
281.0 5.25
282.0 4.265625
283.0 1.390625
284.0 7.6953125
285.0 4.0859375
286.0 1.984375
287.0 1.71875
288.0 0.125
289.0 8.4609375
290.0 3.1015625
291.0 3.609375
292.0 5.2265625
293.0 5.109375
294.0 5.0078125
295.0 4.6640625
296.0 5.1015625
297.0 4.890625
298.0 4.46875
299.0 4.3203125
300.0 4.8125
301.0 4.7109375
302.0 0.0
303.0 8.046875
304.0 4.484375
305.0 4.9609375
306.0 4.6484375
307.0 3.9375
308.0 5.578125
309.0 4.7578125
310.0 5.140625
311.0 5.046875
312.0 4.4296875
313.0 4.6015625
314.0 4.828125
315.0 5.0234375
316.0 4.9296875
317.0 4.09375
318.0 4.328125
319.0 3.796875
320.0 3.9921875
321.0 3.2265625
322.0 4.3046875
323.0 4.921875
324.0 4.78125
325.0 4.0234375
326.0 5.171875
327.0 4.546875
328.0 4.546875
329.0 4.4453125
330.0 4.21875
331.0 3.90625
332.0 4.265625
333.0 4.1328125
334.0 4.9921875
335.0 4.7734375
336.0 4.25
337.0 3.890625
338.0 4.453125
339.0 4.2421875
340.0 2.9375
341.0 3.0546875
342.0 4.421875
343.0 5.0546875
344.0 5.0390625
345.0 5.1328125
346.0 4.3671875
347.0 4.1484375
348.0 3.3515625
349.0 0.0
350.0 9.4453125
351.0 5.1640625
352.0 5.125
353.0 4.8984375
354.0 1.65625
355.0 8.4375
356.0 5.140625
357.0 4.8984375
358.0 5.4921875
359.0 5.2734375
360.0 5.2890625
361.0 5.3046875
362.0 5.203125
363.0 5.4296875
364.0 5.1953125
365.0 5.1640625
366.0 5.0859375
367.0 4.984375
368.0 0.578125
369.0 10.0546875
370.0 5.1640625
371.0 5.046875
372.0 5.3515625
373.0 1.296875
374.0 9.03125
375.0 5.125
376.0 4.9765625
377.0 4.9296875
378.0 4.9296875
379.0 4.84375
380.0 5.015625
381.0 4.9296875
382.0 5.203125
383.0 4.984375
384.0 5.3203125
385.0 5.375
386.0 3.671875
387.0 6.484375
388.0 5.3125
389.0 5.3515625
390.0 5.2265625
391.0 5.171875
392.0 2.75
393.0 7.25
394.0 5.15625
395.0 4.9921875
396.0 5.078125
397.0 5.078125
398.0 4.90625
399.0 4.9765625
400.0 4.8359375
401.0 4.9765625
402.0 4.7578125
403.0 4.9296875
404.0 5.140625
405.0 2.84375
406.0 7.3671875
407.0 4.8359375
408.0 4.921875
409.0 5.25
410.0 5.140625
411.0 2.1484375
412.0 8.2421875
413.0 5.203125
414.0 5.28125
415.0 5.171875
416.0 5.0546875
417.0 4.78125
418.0 4.8125
419.0 4.953125
420.0 5.21875
421.0 5.21875
422.0 5.21875
423.0 2.3984375
424.0 8.2265625
425.0 5.25
426.0 5.171875
427.0 5.0546875
428.0 5.4375
429.0 1.1640625
430.0 9.890625
431.0 5.3359375
432.0 5.28125
433.0 5.0859375
434.0 5.375
435.0 5.15625
436.0 5.6171875
437.0 5.5546875
438.0 5.078125
439.0 4.8671875
440.0 5.84375
441.0 5.46875
442.0 5.3671875
443.0 4.9609375
444.0 5.9609375
445.0 5.484375
446.0 5.453125
447.0 5.125
448.0 5.0703125
449.0 5.28125
450.0 5.0859375
451.0 5.375
452.0 5.3515625
453.0 5.3203125
454.0 5.4296875
455.0 5.234375
456.0 5.203125
457.0 4.84375
458.0 5.5546875
459.0 5.3125
460.0 5.203125
461.0 4.9921875
462.0 5.21875
463.0 5.203125
464.0 2.2421875
465.0 7.640625
466.0 5.6484375
467.0 5.171875
468.0 5.046875
469.0 2.546875
470.0 7.6640625
471.0 5.0546875
472.0 4.7734375
473.0 3.2890625
474.0 7.046875
475.0 5.015625
476.0 5.171875
477.0 4.9921875
478.0 5.0859375
479.0 4.84375
480.0 4.7578125
481.0 5.078125
482.0 5.0234375
483.0 5.171875
484.0 5.171875
485.0 5.1640625
486.0 4.65625
487.0 2.6328125
488.0 7.2265625
489.0 4.9921875
490.0 5.140625
491.0 5.109375
492.0 5.484375
493.0 5.2734375
494.0 4.8984375
495.0 5.0234375
496.0 5.375
497.0 4.9609375
498.0 5.234375
499.0 5.25
500.0 5.21875
501.0 5.28125
502.0 5.0390625
503.0 5.1328125
504.0 5.140625
505.0 5.34375
506.0 5.1015625
507.0 5.21875
508.0 5.203125
509.0 4.9765625
510.0 1.5078125
511.0 9.0625
512.0 5.109375
513.0 5.140625
514.0 5.015625
515.0 5.2578125
516.0 4.9296875
517.0 5.0703125
518.0 2.8125
519.0 7.078125
520.0 5.109375
521.0 4.875
522.0 4.7578125
523.0 4.8125
524.0 4.8984375
525.0 4.84375
526.0 4.8984375
527.0 4.984375
528.0 5.1640625
529.0 4.9765625
530.0 4.859375
531.0 2.1640625
532.0 7.484375
533.0 4.8046875
534.0 4.984375
535.0 4.984375
536.0 5.0390625
537.0 1.5546875
538.0 8.8984375
539.0 5.2890625
540.0 5.1640625
541.0 5.46875
542.0 5.4375
543.0 5.546875
544.0 5.546875
545.0 5.25
546.0 5.3359375
547.0 5.2734375
548.0 5.2265625
549.0 1.0546875
550.0 9.4921875
551.0 5.0546875
552.0 4.875
553.0 5.140625
554.0 5.0703125
555.0 5.1328125
556.0 5.0859375
557.0 5.046875
558.0 5.2890625
559.0 5.375
560.0 5.2578125
561.0 5.1953125
562.0 0.4609375
563.0 9.8515625
564.0 5.140625
565.0 5.1015625
566.0 5.1015625
567.0 3.4140625
568.0 7.2109375
569.0 4.6328125
570.0 4.8046875
571.0 4.75
572.0 4.953125
573.0 4.921875
574.0 5.90625
575.0 4.859375
576.0 5.765625
577.0 5.4375
578.0 5.3515625
579.0 5.3359375
580.0 5.0546875
581.0 5.4609375
582.0 5.3046875
583.0 5.4296875
584.0 5.234375
585.0 5.2265625
586.0 5.1953125
587.0 5.109375
588.0 5.046875
589.0 5.25
590.0 0.7578125
591.0 9.625
592.0 5.0859375
593.0 5.0390625
594.0 1.8671875
595.0 7.765625
596.0 4.7734375
597.0 4.921875
598.0 4.8125
599.0 4.9921875
