0.0 6.8671875
1.0 5.2578125
2.0 5.375
3.0 6.265625
4.0 6.2421875
5.0 6.0390625
6.0 6.1796875
7.0 6.0078125
8.0 6.140625
9.0 0.984375
10.0 7.2578125
11.0 5.3671875
12.0 3.90625
13.0 2.390625
14.0 5.25
15.0 4.8046875
16.0 3.0390625
17.0 2.9296875
18.0 4.5703125
19.0 4.1171875
20.0 4.84375
21.0 6.3671875
22.0 7.03125
23.0 5.6484375
24.0 5.875
25.0 6.7734375
26.0 6.6640625
27.0 5.640625
28.0 7.2578125
29.0 6.6171875
30.0 6.328125
31.0 7.078125
32.0 6.296875
33.0 3.25
34.0 8.40625
35.0 5.515625
36.0 6.2109375
37.0 5.5234375
38.0 5.25
39.0 5.8515625
40.0 5.78125
41.0 5.875
42.0 5.84375
43.0 4.21875
44.0 1.0625
45.0 5.8515625
46.0 3.59375
47.0 3.9921875
48.0 4.1015625
49.0 5.4921875
50.0 4.84375
51.0 0.2578125
52.0 9.4140625
53.0 4.578125
54.0 4.5
55.0 4.8984375
56.0 4.875
57.0 4.4140625
58.0 4.890625
59.0 2.625
60.0 2.625
61.0 4.4453125
62.0 6.78125
63.0 7.0078125
64.0 6.8828125
65.0 1.390625
66.0 10.40625
67.0 4.265625
68.0 0.421875
69.0 7.0078125
70.0 5.828125
71.0 5.453125
72.0 5.2734375
73.0 5.3984375
74.0 5.3828125
75.0 5.421875
76.0 5.546875
77.0 3.921875
78.0 3.046875
79.0 3.0234375
80.0 4.09375
81.0 4.609375
82.0 6.6875
83.0 4.09375
84.0 7.1015625
85.0 3.5234375
86.0 4.5
87.0 1.5546875
88.0 2.3359375
89.0 4.359375
90.0 3.4609375
91.0 3.8515625
92.0 2.9375
93.0 1.7578125
94.0 1.109375
95.0 2.1328125
96.0 2.015625
97.0 1.625
98.0 4.359375
99.0 2.6640625
100.0 5.7265625
101.0 4.890625
102.0 4.3046875
103.0 5.0546875
104.0 6.5703125
105.0 4.5390625
106.0 0.0
107.0 0.0
108.0 5.6640625
109.0 3.0234375
110.0 4.125
111.0 4.65625
112.0 2.5234375
113.0 3.1796875
114.0 3.0546875
115.0 3.6796875
116.0 4.3515625
117.0 5.8125
118.0 5.40625
119.0 6.1171875
120.0 3.9921875
121.0 5.0703125
122.0 4.546875
123.0 5.7578125
124.0 6.9609375
125.0 7.2421875
126.0 6.953125
127.0 5.1953125
128.0 7.46875
129.0 6.1796875
130.0 5.9765625
131.0 7.1328125
132.0 6.6875
133.0 6.3828125
134.0 6.5625
135.0 6.4765625
136.0 6.6171875
137.0 6.6015625
138.0 6.4453125
139.0 6.4375
140.0 6.0390625
141.0 1.8046875
142.0 11.1171875
143.0 6.65625
144.0 6.6171875
145.0 6.7734375
146.0 7.15625
147.0 7.09375
148.0 6.734375
149.0 8.4609375
150.0 7.8125
151.0 7.390625
152.0 7.421875
153.0 7.2421875
154.0 6.9453125
155.0 7.015625
156.0 4.9453125
157.0 3.8203125
158.0 0.0
159.0 8.953125
160.0 5.1953125
161.0 5.8125
162.0 3.953125
163.0 5.1953125
164.0 5.1953125
165.0 6.109375
166.0 1.96875
167.0 0.0
168.0 10.984375
169.0 6.296875
170.0 6.5078125
171.0 6.2890625
172.0 5.8125
173.0 5.6640625
174.0 5.7890625
175.0 6.3046875
176.0 6.5625
177.0 6.3046875
178.0 6.0
179.0 2.2421875
180.0 1.1328125
181.0 0.8125
182.0 2.9296875
183.0 3.4765625
184.0 9.5078125
185.0 6.59375
186.0 6.109375
187.0 5.8515625
188.0 5.6640625
189.0 5.8125
190.0 4.25
191.0 4.546875
192.0 4.7578125
193.0 5.859375
194.0 5.40625
195.0 4.9765625
196.0 4.9296875
197.0 5.15625
198.0 5.1875
199.0 5.2890625
200.0 5.15625
201.0 5.0703125
202.0 4.953125
203.0 5.40625
204.0 5.0859375
205.0 3.3984375
206.0 7.5703125
207.0 3.6953125
208.0 2.0625
209.0 1.65625
210.0 6.921875
211.0 2.9609375
212.0 7.78125
213.0 4.0078125
214.0 4.8359375
215.0 5.15625
216.0 4.3203125
217.0 4.7265625
218.0 4.3515625
219.0 4.828125
220.0 4.84375
221.0 4.71875
222.0 4.4453125
223.0 5.40625
224.0 4.59375
225.0 3.5
226.0 0.0
227.0 9.09375
228.0 4.6875
229.0 4.59375
230.0 4.2734375
231.0 3.1328125
232.0 5.890625
233.0 4.3203125
234.0 4.3203125
235.0 4.484375
236.0 4.546875
237.0 4.609375
238.0 4.6328125
239.0 4.5078125
240.0 4.1328125
241.0 4.1796875
242.0 4.234375
243.0 4.2734375
244.0 2.1484375
245.0 5.6484375
246.0 2.296875
247.0 1.96875
248.0 4.78125
249.0 4.90625
250.0 4.9453125
251.0 4.875
252.0 4.8046875
253.0 4.65625
254.0 5.21875
255.0 5.21875
256.0 5.203125
257.0 2.265625
258.0 7.7265625
259.0 4.65625
260.0 4.8359375
261.0 5.171875
262.0 3.859375
263.0 6.1875
264.0 5.21875
265.0 5.828125
266.0 4.53125
267.0 4.3828125
268.0 5.171875
269.0 5.078125
270.0 5.0859375
271.0 5.109375
272.0 5.1875
273.0 5.3203125
274.0 5.1953125
275.0 4.875
276.0 0.484375
277.0 10.765625
278.0 5.9921875
279.0 2.8984375
280.0 8.7109375
281.0 4.921875
282.0 5.671875
283.0 4.9453125
284.0 5.1953125
285.0 6.234375
286.0 5.3203125
287.0 5.734375
288.0 5.7109375
289.0 4.953125
290.0 5.703125
291.0 5.8203125
292.0 5.140625
293.0 0.6640625
294.0 9.546875
295.0 3.4765625
296.0 5.859375
297.0 6.2109375
298.0 5.7109375
299.0 4.5625
300.0 4.828125
301.0 5.5234375
302.0 4.921875
303.0 5.2734375
304.0 5.25
305.0 3.4296875
306.0 4.0703125
307.0 4.7109375
308.0 4.484375
309.0 4.171875
310.0 7.71875
311.0 3.296875
312.0 7.90625
313.0 5.765625
314.0 5.3203125
315.0 5.3984375
316.0 5.2890625
317.0 5.78125
318.0 6.078125
319.0 5.46875
320.0 5.875
321.0 4.0546875
322.0 8.390625
323.0 5.5
324.0 5.515625
325.0 5.453125
326.0 5.640625
327.0 5.9453125
328.0 5.46875
329.0 5.28125
330.0 5.078125
331.0 4.84375
332.0 5.578125
333.0 5.015625
334.0 3.734375
335.0 1.5234375
336.0 6.078125
337.0 3.4921875
338.0 4.796875
339.0 4.515625
340.0 4.8046875
341.0 4.5625
342.0 4.265625
343.0 4.6953125
344.0 4.234375
345.0 4.7265625
346.0 4.6875
347.0 1.4375
348.0 8.109375
349.0 4.65625
350.0 5.1640625
351.0 5.046875
352.0 4.125
353.0 3.765625
354.0 4.234375
355.0 3.3984375
356.0 4.2734375
357.0 4.890625
358.0 5.4609375
359.0 5.9453125
360.0 5.4609375
361.0 5.8125
362.0 6.2109375
363.0 5.9765625
364.0 5.5234375
365.0 4.6015625
366.0 4.6640625
367.0 5.734375
368.0 6.65625
369.0 6.65625
370.0 6.09375
371.0 5.0234375
372.0 1.0234375
373.0 8.734375
374.0 5.6796875
375.0 5.8828125
376.0 5.6484375
377.0 5.578125
378.0 6.0234375
379.0 3.578125
380.0 2.296875
381.0 4.3515625
382.0 4.296875
383.0 4.234375
384.0 5.3515625
385.0 4.3984375
386.0 2.7890625
387.0 4.484375
388.0 3.9375
389.0 3.0390625
390.0 3.6171875
391.0 4.0390625
392.0 4.0546875
393.0 3.015625
394.0 2.4453125
395.0 4.6953125
396.0 3.96875
397.0 3.8046875
398.0 5.015625
399.0 3.6484375
400.0 0.0
401.0 6.9921875
402.0 3.921875
403.0 1.2109375
404.0 6.2890625
405.0 5.734375
406.0 5.34375
407.0 6.2265625
408.0 5.75
409.0 3.609375
410.0 2.6953125
411.0 1.8984375
412.0 2.484375
413.0 0.375
414.0 9.625
415.0 4.65625
416.0 4.5625
417.0 4.9296875
418.0 4.3515625
419.0 3.734375
420.0 4.4140625
421.0 4.3671875
422.0 0.9140625
423.0 9.4609375
424.0 5.578125
425.0 4.890625
426.0 4.953125
427.0 4.3515625
428.0 3.640625
429.0 6.734375
430.0 4.8125
431.0 4.25
432.0 3.234375
433.0 4.0625
434.0 4.84375
435.0 3.4140625
436.0 5.3671875
437.0 4.1484375
438.0 5.2890625
439.0 6.0390625
440.0 6.3671875
441.0 5.34375
442.0 5.171875
443.0 0.9296875
444.0 6.125
445.0 5.8828125
446.0 5.546875
447.0 5.703125
448.0 4.7578125
449.0 1.984375
450.0 8.1796875
451.0 4.7421875
452.0 4.6015625
453.0 4.421875
454.0 3.90625
455.0 4.90625
456.0 5.171875
457.0 5.1640625
458.0 5.3203125
459.0 2.9921875
460.0 7.8125
461.0 6.171875
462.0 4.59375
463.0 6.2421875
464.0 5.125
465.0 5.9296875
466.0 6.171875
467.0 6.484375
468.0 6.2109375
469.0 5.5234375
470.0 5.546875
471.0 5.875
472.0 0.5546875
473.0 9.6953125
474.0 5.171875
475.0 4.7109375
476.0 3.90625
477.0 3.1796875
478.0 4.625
479.0 4.859375
480.0 3.8828125
481.0 3.4140625
482.0 4.7578125
483.0 6.6875
484.0 6.5859375
485.0 6.2265625
486.0 6.2890625
487.0 6.078125
488.0 3.3203125
489.0 8.703125
490.0 5.2734375
491.0 5.1328125
492.0 5.703125
493.0 6.0859375
494.0 5.0390625
495.0 5.0703125
496.0 3.6796875
497.0 4.3359375
498.0 4.8359375
499.0 3.953125
500.0 5.0546875
501.0 5.46875
502.0 5.0078125
503.0 3.28125
504.0 5.3203125
505.0 4.2421875
506.0 4.328125
507.0 2.5703125
508.0 2.7578125
509.0 4.1875
510.0 4.9453125
511.0 4.796875
512.0 4.5078125
513.0 4.75
514.0 4.9453125
515.0 5.0859375
516.0 5.1640625
517.0 5.3515625
518.0 5.421875
519.0 5.609375
520.0 4.890625
521.0 2.625
522.0 0.0
523.0 8.3203125
524.0 4.3359375
525.0 2.7265625
526.0 4.328125
527.0 5.109375
528.0 5.28125
529.0 4.46875
530.0 3.671875
531.0 2.359375
532.0 1.6171875
533.0 3.1328125
534.0 4.625
535.0 3.25
536.0 0.09375
537.0 10.0
538.0 5.15625
539.0 4.8046875
540.0 1.171875
541.0 7.2890625
542.0 5.6640625
543.0 4.9609375
544.0 4.3515625
545.0 4.8046875
546.0 5.0703125
547.0 4.984375
548.0 5.421875
549.0 4.859375
550.0 4.3828125
551.0 3.4296875
552.0 1.5078125
553.0 4.390625
554.0 6.5546875
555.0 5.2578125
556.0 4.7421875
557.0 5.0234375
558.0 3.1015625
559.0 3.890625
560.0 4.1015625
561.0 5.203125
562.0 1.828125
563.0 1.703125
564.0 2.09375
565.0 3.171875
566.0 3.96875
567.0 2.7421875
568.0 0.0
569.0 6.3359375
570.0 5.375
571.0 3.2265625
572.0 6.40625
573.0 4.90625
574.0 4.921875
575.0 3.3203125
576.0 6.109375
577.0 4.5625
578.0 5.3359375
579.0 3.578125
580.0 7.6875
581.0 2.7734375
582.0 2.59375
583.0 3.8515625
584.0 5.1875
585.0 4.03125
586.0 5.5234375
587.0 6.2578125
588.0 5.6640625
589.0 5.90625
590.0 6.2421875
591.0 6.15625
592.0 5.7265625
593.0 5.9609375
594.0 2.1015625
595.0 7.8203125
596.0 6.2109375
597.0 4.6640625
598.0 3.6953125
599.0 4.515625
