0.0 3.5625
1.0 2.2734375
2.0 4.921875
3.0 3.828125
4.0 3.53125
5.0 3.4921875
6.0 3.515625
7.0 3.4375
8.0 3.8515625
9.0 4.0
10.0 3.59375
11.0 3.1171875
12.0 3.4140625
13.0 2.5625
14.0 5.53125
15.0 3.953125
16.0 3.7421875
17.0 4.0859375
18.0 4.4140625
19.0 4.1875
20.0 4.2109375
21.0 0.6171875
22.0 7.8125
23.0 4.0390625
24.0 2.4765625
25.0 2.328125
26.0 3.1015625
27.0 3.375
28.0 2.0078125
29.0 3.0859375
30.0 4.0
31.0 2.2421875
32.0 4.9296875
33.0 3.875
34.0 3.8515625
35.0 3.5625
36.0 2.0703125
37.0 2.1171875
38.0 2.15625
39.0 2.046875
40.0 2.6953125
41.0 2.1328125
42.0 2.34375
43.0 1.703125
44.0 1.2421875
45.0 0.0
46.0 7.984375
47.0 3.84375
48.0 4.1015625
49.0 4.1171875
50.0 1.03125
51.0 6.6640625
52.0 3.7421875
53.0 3.921875
54.0 4.0
55.0 3.8828125
56.0 3.7109375
57.0 3.640625
58.0 3.5546875
59.0 3.640625
60.0 3.9140625
61.0 3.9765625
62.0 4.3203125
63.0 4.0625
64.0 3.375
65.0 0.0
66.0 8.2421875
67.0 3.90625
68.0 4.0859375
69.0 4.3046875
70.0 4.1875
71.0 0.2265625
72.0 7.8515625
73.0 3.7578125
74.0 4.296875
75.0 3.703125
76.0 4.1171875
77.0 4.25
78.0 4.0546875
79.0 4.1015625
80.0 3.9140625
81.0 4.1875
82.0 3.546875
83.0 3.1640625
84.0 0.0
85.0 6.4140625
86.0 3.796875
87.0 3.5625
88.0 3.4921875
89.0 3.25
90.0 4.7421875
91.0 4.0703125
92.0 4.203125
93.0 4.125
94.0 3.734375
95.0 3.5625
96.0 3.9921875
97.0 3.65625
98.0 3.828125
99.0 3.9921875
100.0 4.1875
101.0 3.9765625
102.0 3.5859375
103.0 2.59375
104.0 2.65625
105.0 5.9609375
106.0 3.40625
107.0 2.4140625
108.0 0.0
109.0 6.9765625
110.0 2.2109375
111.0 5.3984375
112.0 3.5859375
113.0 2.5234375
114.0 5.015625
115.0 4.0546875
116.0 3.84375
117.0 3.828125
118.0 4.28125
119.0 4.0390625
120.0 4.21875
121.0 4.453125
122.0 4.3359375
123.0 3.765625
124.0 4.1328125
125.0 4.09375
126.0 4.15625
127.0 4.25
128.0 3.7265625
129.0 0.0
130.0 5.0546875
131.0 4.6484375
132.0 6.484375
133.0 4.0859375
134.0 4.328125
135.0 4.25
136.0 4.25
137.0 4.03125
138.0 3.96875
139.0 4.0390625
140.0 3.84375
141.0 3.9765625
142.0 4.234375
143.0 0.703125
144.0 6.890625
145.0 4.1328125
146.0 4.3359375
147.0 4.125
148.0 4.3828125
149.0 3.9765625
150.0 3.8515625
151.0 3.4765625
152.0 3.703125
153.0 2.6875
154.0 4.7421875
155.0 4.0546875
156.0 2.5703125
157.0 1.421875
158.0 1.1484375
159.0 1.6484375
160.0 3.1796875
161.0 3.265625
162.0 3.21875
163.0 3.6796875
164.0 3.1171875
165.0 3.859375
166.0 3.4453125
167.0 3.65625
168.0 3.734375
169.0 2.7578125
170.0 4.59375
171.0 3.1171875
172.0 3.7265625
173.0 3.6171875
174.0 3.59375
175.0 3.6796875
176.0 3.6171875
177.0 3.2265625
178.0 3.296875
179.0 3.5859375
180.0 3.890625
181.0 3.546875
182.0 2.7734375
183.0 3.7734375
184.0 3.84375
185.0 0.2734375
186.0 0.0
187.0 5.90625
188.0 3.546875
189.0 4.1484375
190.0 4.0
191.0 3.859375
192.0 3.90625
193.0 0.03125
194.0 7.6953125
195.0 3.8203125
196.0 3.734375
197.0 4.125
198.0 4.1015625
199.0 4.0078125
200.0 4.1015625
201.0 3.28125
202.0 3.4609375
203.0 2.0078125
204.0 2.03125
205.0 1.625
206.0 0.109375
207.0 0.0
208.0 5.828125
209.0 2.1171875
210.0 1.921875
211.0 1.7109375
212.0 2.21875
213.0 2.1953125
214.0 1.7578125
215.0 1.625
216.0 0.0
217.0 4.359375
218.0 2.4765625
219.0 2.4296875
220.0 2.7890625
221.0 2.921875
222.0 2.34375
223.0 1.5
224.0 0.0
225.0 5.609375
226.0 2.296875
227.0 2.21875
228.0 1.8984375
229.0 2.1171875
230.0 2.3125
231.0 2.7890625
232.0 2.1796875
233.0 2.15625
234.0 2.1328125
235.0 2.1640625
236.0 2.453125
237.0 3.546875
238.0 3.6484375
239.0 0.0
240.0 7.15625
241.0 4.0703125
242.0 4.0390625
243.0 3.4921875
244.0 2.125
245.0 4.78125
246.0 3.4609375
247.0 3.640625
248.0 2.515625
249.0 4.59375
250.0 3.8828125
251.0 3.96875
252.0 3.3828125
253.0 3.34375
254.0 3.765625
255.0 0.1875
256.0 0.0
257.0 0.0
258.0 4.546875
259.0 1.078125
260.0 2.296875
261.0 3.171875
262.0 4.0078125
263.0 3.7421875
264.0 3.640625
265.0 3.8203125
266.0 3.515625
267.0 2.9375
268.0 3.46875
269.0 3.5859375
270.0 0.0
271.0 8.46875
272.0 3.875
273.0 4.453125
274.0 4.4453125
275.0 4.2421875
276.0 2.0390625
277.0 6.734375
278.0 4.0703125
279.0 2.546875
280.0 4.9765625
281.0 2.59375
282.0 5.1328125
283.0 2.546875
284.0 4.8046875
285.0 3.515625
286.0 3.7890625
287.0 3.921875
288.0 3.9765625
289.0 3.625
290.0 3.7890625
291.0 3.828125
292.0 3.9375
293.0 4.0625
294.0 3.8828125
295.0 3.7890625
296.0 3.7265625
297.0 3.90625
298.0 1.1796875
299.0 6.65625
300.0 3.8828125
301.0 4.0703125
302.0 3.8203125
303.0 3.640625
304.0 2.625
305.0 5.1640625
306.0 4.203125
307.0 4.0625
308.0 4.0625
309.0 4.0234375
310.0 4.125
311.0 4.171875
312.0 4.296875
313.0 4.0078125
314.0 4.0859375
315.0 4.125
316.0 3.609375
317.0 4.0390625
318.0 4.1015625
319.0 2.7421875
320.0 5.5
321.0 3.796875
322.0 4.0703125
323.0 2.8359375
324.0 1.015625
325.0 0.5703125
326.0 8.5546875
327.0 4.453125
328.0 4.3046875
329.0 4.390625
330.0 4.1484375
331.0 4.0234375
332.0 4.2109375
333.0 4.2109375
334.0 4.234375
335.0 3.4296875
336.0 3.7890625
337.0 4.3203125
338.0 3.1484375
339.0 0.03125
340.0 7.9609375
341.0 1.953125
342.0 3.46875
343.0 4.125
344.0 2.78125
345.0 5.734375
346.0 4.203125
347.0 4.265625
348.0 3.96875
349.0 3.890625
350.0 3.625
351.0 1.921875
352.0 0.6328125
353.0 0.8984375
354.0 2.015625
355.0 1.984375
356.0 2.1875
357.0 0.6875
358.0 5.6953125
359.0 4.203125
360.0 3.3984375
361.0 3.4296875
362.0 4.1171875
363.0 4.2421875
364.0 4.3671875
365.0 4.3984375
366.0 4.5703125
367.0 0.7578125
368.0 7.734375
369.0 4.4296875
370.0 4.234375
371.0 4.1484375
372.0 4.0390625
373.0 4.15625
374.0 4.3671875
375.0 4.125
376.0 4.53125
377.0 4.6953125
378.0 4.828125
379.0 4.984375
380.0 4.515625
381.0 0.734375
382.0 7.8203125
383.0 4.0859375
384.0 3.8203125
385.0 3.5
386.0 2.5625
387.0 0.0
388.0 7.875
389.0 3.796875
390.0 3.6796875
391.0 3.65625
392.0 3.5859375
393.0 4.0625
394.0 4.0703125
395.0 3.9453125
396.0 3.9453125
397.0 3.859375
398.0 3.8046875
399.0 0.96875
400.0 7.4921875
401.0 4.1796875
402.0 3.7890625
403.0 3.859375
404.0 3.703125
405.0 3.796875
406.0 4.1015625
407.0 4.0859375
408.0 4.0625
409.0 3.921875
410.0 3.625
411.0 3.140625
412.0 0.0
413.0 4.828125
414.0 6.1171875
415.0 3.59375
416.0 4.1328125
417.0 4.3046875
418.0 4.1484375
419.0 4.3671875
420.0 4.234375
421.0 4.0390625
422.0 4.03125
423.0 3.875
424.0 3.9375
425.0 4.125
426.0 3.625
427.0 1.6875
428.0 0.0
429.0 0.0
430.0 0.0
431.0 5.453125
432.0 0.7890625
433.0 0.0
434.0 0.0
435.0 0.0
436.0 3.1328125
437.0 1.0625
438.0 0.8515625
439.0 0.8828125
440.0 2.7734375
441.0 4.1171875
442.0 3.890625
443.0 3.890625
444.0 3.828125
445.0 3.8515625
446.0 4.0078125
447.0 1.890625
448.0 1.2109375
449.0 0.875
450.0 0.6875
451.0 2.0703125
452.0 4.0703125
453.0 0.5390625
454.0 8.046875
455.0 4.0078125
456.0 4.171875
457.0 0.25
458.0 7.9453125
459.0 4.0546875
460.0 4.0
461.0 3.875
462.0 2.484375
463.0 5.515625
464.0 3.953125
465.0 3.640625
466.0 3.828125
467.0 3.3984375
468.0 3.265625
469.0 3.4765625
470.0 3.625
471.0 2.3046875
472.0 2.421875
473.0 3.109375
474.0 3.859375
475.0 3.890625
476.0 3.7421875
477.0 2.1328125
478.0 5.6171875
479.0 3.6953125
480.0 3.7734375
481.0 3.890625
482.0 3.7421875
483.0 3.8046875
484.0 4.0390625
485.0 4.0859375
486.0 2.34375
487.0 5.6640625
488.0 3.5546875
489.0 3.25
490.0 3.34375
491.0 2.4609375
492.0 5.2890625
493.0 3.8828125
494.0 4.0234375
495.0 3.7890625
496.0 3.9921875
497.0 3.8828125
498.0 3.796875
499.0 3.7421875
500.0 3.9921875
501.0 4.265625
502.0 4.234375
503.0 4.09375
504.0 4.0546875
505.0 3.6796875
506.0 0.15625
507.0 7.375
508.0 3.53125
509.0 3.8203125
510.0 4.0546875
511.0 4.0078125
512.0 3.7109375
513.0 0.9921875
514.0 6.2890625
515.0 3.953125
516.0 3.9375
517.0 3.65625
518.0 1.6484375
519.0 5.375
520.0 3.7734375
521.0 3.875
522.0 3.9765625
523.0 3.96875
524.0 3.8203125
525.0 3.8828125
526.0 3.921875
527.0 3.7265625
528.0 3.96875
529.0 3.7890625
530.0 3.7734375
531.0 3.5859375
532.0 3.5546875
533.0 3.546875
534.0 0.0
535.0 0.3046875
536.0 0.0
537.0 0.0
538.0 18.4453125
539.0 3.7421875
540.0 3.921875
541.0 3.921875
542.0 3.703125
543.0 3.2578125
544.0 0.0
545.0 8.265625
546.0 3.953125
547.0 4.25
548.0 4.0703125
549.0 4.15625
550.0 4.09375
551.0 4.234375
552.0 3.9765625
553.0 4.0390625
554.0 4.0703125
555.0 4.0625
556.0 0.3984375
557.0 7.96875
558.0 4.15625
559.0 4.0078125
560.0 4.0078125
561.0 3.859375
562.0 3.6953125
563.0 1.265625
564.0 5.0859375
565.0 5.4921875
566.0 4.0078125
567.0 3.90625
568.0 3.96875
569.0 3.7265625
570.0 3.7421875
571.0 3.9453125
572.0 3.875
573.0 4.0546875
574.0 3.7578125
575.0 3.90625
576.0 3.890625
577.0 4.125
578.0 4.0703125
579.0 1.3515625
580.0 6.625
581.0 4.09375
582.0 3.890625
583.0 3.7265625
584.0 3.6953125
585.0 3.921875
586.0 3.921875
587.0 2.5078125
588.0 5.5
589.0 4.2109375
590.0 3.9453125
591.0 3.90625
592.0 3.875
593.0 4.0703125
594.0 4.0703125
595.0 4.1875
596.0 4.1796875
597.0 4.265625
598.0 4.09375
599.0 3.6953125
