0.0 7.15625
1.0 4.328125
2.0 4.0078125
3.0 4.421875
4.0 2.6640625
5.0 6.5703125
6.0 5.0546875
7.0 5.3203125
8.0 4.7734375
9.0 4.609375
10.0 4.3359375
11.0 3.3515625
12.0 5.0078125
13.0 4.9296875
14.0 4.6484375
15.0 4.546875
16.0 3.9921875
17.0 4.9453125
18.0 4.609375
19.0 4.6015625
20.0 4.875
21.0 3.6796875
22.0 0.0
23.0 8.6171875
24.0 4.6328125
25.0 4.515625
26.0 4.5625
27.0 1.3828125
28.0 7.9609375
29.0 3.4921875
30.0 3.3984375
31.0 4.859375
32.0 4.6796875
33.0 4.625
34.0 4.796875
35.0 4.3359375
36.0 4.6484375
37.0 4.2421875
38.0 4.2109375
39.0 3.203125
40.0 5.6796875
41.0 2.5703125
42.0 2.7578125
43.0 3.546875
44.0 2.453125
45.0 3.265625
46.0 2.4140625
47.0 5.2578125
48.0 3.625
49.0 1.0546875
50.0 1.1484375
51.0 4.03125
52.0 5.21875
53.0 5.046875
54.0 5.015625
55.0 5.25
56.0 5.109375
57.0 5.21875
58.0 4.921875
59.0 3.046875
60.0 6.625
61.0 5.078125
62.0 5.2734375
63.0 4.9921875
64.0 2.7421875
65.0 7.1875
66.0 5.15625
67.0 5.3359375
68.0 4.9921875
69.0 5.21875
70.0 5.453125
71.0 5.4921875
72.0 5.484375
73.0 5.3828125
74.0 5.15625
75.0 5.5234375
76.0 5.4296875
77.0 3.5625
78.0 0.8671875
79.0 7.3203125
80.0 4.9921875
81.0 4.875
82.0 4.8984375
83.0 5.203125
84.0 5.484375
85.0 5.3046875
86.0 5.3984375
87.0 5.6328125
88.0 4.8125
89.0 2.7421875
90.0 6.6875
91.0 4.8359375
92.0 5.0078125
93.0 4.8671875
94.0 5.1328125
95.0 5.0703125
96.0 4.984375
97.0 5.15625
98.0 5.046875
99.0 5.015625
100.0 3.8828125
101.0 4.8359375
102.0 4.984375
103.0 3.1171875
104.0 6.2421875
105.0 5.1953125
106.0 5.25
107.0 5.046875
108.0 5.1640625
109.0 5.3046875
110.0 0.75
111.0 9.8984375
112.0 5.6484375
113.0 5.2890625
114.0 5.375
115.0 5.40625
116.0 5.515625
117.0 4.609375
118.0 4.6875
119.0 4.6875
120.0 4.1796875
121.0 3.671875
122.0 1.953125
123.0 5.5625
124.0 4.0078125
125.0 4.15625
126.0 3.9765625
127.0 4.5625
128.0 4.9921875
129.0 4.1875
130.0 1.71875
131.0 7.390625
132.0 4.5078125
133.0 4.1328125
134.0 4.3828125
135.0 5.015625
136.0 5.1328125
137.0 5.21875
138.0 5.125
139.0 4.7265625
140.0 4.3203125
141.0 3.953125
142.0 1.015625
143.0 6.9765625
144.0 5.0546875
145.0 5.203125
146.0 5.3203125
147.0 4.9453125
148.0 5.1875
149.0 5.1953125
150.0 4.421875
151.0 0.90625
152.0 7.71875
153.0 3.65625
154.0 4.953125
155.0 5.21875
156.0 4.90625
157.0 5.0546875
158.0 5.1640625
159.0 4.859375
160.0 4.7421875
161.0 4.578125
162.0 0.9375
163.0 0.4296875
164.0 8.6875
165.0 3.21875
166.0 4.6328125
167.0 4.5078125
168.0 2.7265625
169.0 0.0
170.0 6.5078125
171.0 0.6015625
172.0 2.0
173.0 3.28125
174.0 3.4296875
175.0 4.6953125
176.0 3.3671875
177.0 2.9921875
178.0 4.7421875
179.0 5.4921875
180.0 3.828125
181.0 3.0859375
182.0 0.0703125
183.0 9.3359375
184.0 3.6796875
185.0 4.59375
186.0 5.2265625
187.0 5.484375
188.0 4.921875
189.0 5.1875
190.0 5.3125
191.0 5.1015625
192.0 5.1953125
193.0 0.5078125
194.0 9.296875
195.0 5.3359375
196.0 5.109375
197.0 5.15625
198.0 5.5546875
199.0 3.6171875
200.0 0.328125
201.0 5.9140625
202.0 5.640625
203.0 5.140625
204.0 4.71875
205.0 5.28125
206.0 5.6171875
207.0 5.78125
208.0 5.6640625
209.0 5.6953125
210.0 5.8203125
211.0 5.7109375
212.0 1.8828125
213.0 9.453125
214.0 5.484375
215.0 6.3828125
216.0 5.7265625
217.0 5.546875
218.0 5.7265625
219.0 5.7578125
220.0 5.6796875
221.0 5.8828125
222.0 5.796875
223.0 5.875
224.0 5.90625
225.0 5.859375
226.0 5.640625
227.0 6.0234375
228.0 5.8203125
229.0 6.3046875
230.0 6.0390625
231.0 5.90625
232.0 6.1171875
233.0 6.0078125
234.0 6.4375
235.0 6.234375
236.0 4.0078125
237.0 7.75
238.0 5.609375
239.0 5.8515625
240.0 5.203125
241.0 5.2265625
242.0 5.6171875
243.0 5.609375
244.0 5.515625
245.0 5.75
246.0 5.421875
247.0 5.671875
248.0 5.5234375
249.0 5.5
250.0 5.703125
251.0 5.6484375
252.0 4.984375
253.0 5.15625
254.0 0.6015625
255.0 9.6640625
256.0 5.6484375
257.0 5.6484375
258.0 3.1328125
259.0 8.6875
260.0 5.6484375
261.0 5.546875
262.0 4.859375
263.0 5.1953125
264.0 5.5625
265.0 5.609375
266.0 5.6171875
267.0 5.140625
268.0 5.0703125
269.0 5.21875
270.0 4.9453125
271.0 4.515625
272.0 5.234375
273.0 5.21875
274.0 4.78125
275.0 4.421875
276.0 4.71875
277.0 4.9296875
278.0 5.015625
279.0 4.390625
280.0 4.359375
281.0 3.0
282.0 6.71875
283.0 5.1015625
284.0 4.09375
285.0 5.890625
286.0 4.6953125
287.0 4.4453125
288.0 3.7421875
289.0 3.8828125
290.0 3.234375
291.0 4.9609375
292.0 4.6484375
293.0 4.9453125
294.0 4.875
295.0 5.21875
296.0 5.25
297.0 5.484375
298.0 0.6640625
299.0 10.3984375
300.0 5.28125
301.0 2.15625
302.0 7.40625
303.0 3.875
304.0 4.1328125
305.0 4.8984375
306.0 4.953125
307.0 4.15625
308.0 3.3203125
309.0 2.9921875
310.0 5.125
311.0 4.9921875
312.0 5.0859375
313.0 5.3046875
314.0 3.015625
315.0 7.1640625
316.0 3.6953125
317.0 4.484375
318.0 3.734375
319.0 0.9140625
320.0 0.0
321.0 8.2265625
322.0 2.578125
323.0 1.640625
324.0 1.4609375
325.0 3.3671875
326.0 4.0703125
327.0 3.9375
328.0 4.8125
329.0 4.6015625
330.0 2.9609375
331.0 2.7421875
332.0 1.5546875
333.0 5.890625
334.0 3.953125
335.0 5.0234375
336.0 4.9921875
337.0 4.6484375
338.0 4.265625
339.0 3.4921875
340.0 5.046875
341.0 5.0859375
342.0 5.1953125
343.0 5.171875
344.0 4.625
345.0 4.828125
346.0 5.3125
347.0 5.3671875
348.0 5.3125
349.0 5.5625
350.0 5.4296875
351.0 5.2734375
352.0 1.6484375
353.0 9.4609375
354.0 5.234375
355.0 5.3203125
356.0 5.28125
357.0 5.4921875
358.0 5.453125
359.0 5.078125
360.0 5.1328125
361.0 5.140625
362.0 5.34375
363.0 5.4296875
364.0 4.609375
365.0 3.1171875
366.0 3.953125
367.0 2.7109375
368.0 4.921875
369.0 3.4140625
370.0 4.6484375
371.0 4.609375
372.0 4.78125
373.0 5.6015625
374.0 5.40625
375.0 5.6171875
376.0 5.421875
377.0 5.1328125
378.0 5.2265625
379.0 5.0859375
380.0 4.890625
381.0 0.34375
382.0 9.2734375
383.0 5.375
384.0 4.90625
385.0 4.7734375
386.0 5.1328125
387.0 5.0390625
388.0 5.046875
389.0 5.34375
390.0 5.8125
391.0 4.9765625
392.0 4.9609375
393.0 5.0078125
394.0 4.875
395.0 5.125
396.0 5.3671875
397.0 5.4609375
398.0 5.4609375
399.0 4.546875
400.0 3.9765625
401.0 5.1328125
402.0 5.234375
403.0 5.0390625
404.0 0.6875
405.0 9.65625
406.0 4.46875
407.0 4.59375
408.0 2.453125
409.0 7.5703125
410.0 5.1328125
411.0 5.3359375
412.0 5.046875
413.0 4.3359375
414.0 4.6953125
415.0 5.5
416.0 4.6796875
417.0 5.40625
418.0 4.578125
419.0 4.4453125
420.0 5.2734375
421.0 3.625
422.0 6.296875
423.0 5.21875
424.0 5.0546875
425.0 4.6640625
426.0 4.8046875
427.0 4.9921875
428.0 4.9765625
429.0 4.6484375
430.0 5.28125
431.0 4.7421875
432.0 4.6796875
433.0 4.0390625
434.0 4.28125
435.0 4.5703125
436.0 4.8359375
437.0 5.0703125
438.0 3.078125
439.0 6.8359375
440.0 4.578125
441.0 4.7421875
442.0 4.875
443.0 3.9921875
444.0 5.703125
445.0 4.8125
446.0 5.1015625
447.0 5.1328125
448.0 4.03125
449.0 4.4140625
450.0 5.0078125
451.0 4.921875
452.0 4.9296875
453.0 2.7734375
454.0 1.2109375
455.0 4.6953125
456.0 2.875
457.0 4.0546875
458.0 3.890625
459.0 4.25
460.0 4.46875
461.0 3.8828125
462.0 3.5859375
463.0 0.1640625
464.0 5.4921875
465.0 3.53125
466.0 4.25
467.0 4.84375
468.0 3.3828125
469.0 1.9140625
470.0 0.0
471.0 8.375
472.0 3.1640625
473.0 4.546875
474.0 4.859375
475.0 4.3046875
476.0 3.28125
477.0 3.734375
478.0 4.828125
479.0 2.7109375
480.0 3.3671875
481.0 3.625
482.0 0.5703125
483.0 5.6328125
484.0 1.4140625
485.0 0.0
486.0 2.8984375
487.0 5.28125
488.0 4.9453125
489.0 5.203125
490.0 4.875
491.0 4.0
492.0 3.7109375
493.0 4.71875
494.0 4.1328125
495.0 1.1640625
496.0 7.84375
497.0 4.515625
498.0 4.7734375
499.0 3.6953125
500.0 1.4765625
501.0 7.5078125
502.0 5.2578125
503.0 5.1875
504.0 4.8984375
505.0 3.9921875
506.0 5.0703125
507.0 4.7421875
508.0 4.65625
509.0 4.8046875
510.0 5.4375
511.0 5.21875
512.0 5.484375
513.0 5.453125
514.0 1.1171875
515.0 7.8671875
516.0 1.8828125
517.0 4.3984375
518.0 4.453125
519.0 4.2109375
520.0 4.203125
521.0 4.546875
522.0 4.3046875
523.0 4.1171875
524.0 4.203125
525.0 3.4140625
526.0 0.0
527.0 8.109375
528.0 2.453125
529.0 1.34375
530.0 0.0
531.0 4.9609375
532.0 4.0390625
533.0 3.5859375
534.0 3.2578125
535.0 4.2109375
536.0 4.3046875
537.0 4.25
538.0 4.8984375
539.0 4.921875
540.0 4.2109375
541.0 4.0859375
542.0 4.359375
543.0 4.421875
544.0 1.0
545.0 7.140625
546.0 4.0
547.0 4.296875
548.0 4.9609375
549.0 4.90625
550.0 4.8046875
551.0 0.5390625
552.0 9.5546875
553.0 5.421875
554.0 5.640625
555.0 5.15625
556.0 5.3046875
557.0 5.3359375
558.0 5.453125
559.0 3.578125
560.0 6.53125
561.0 5.515625
562.0 5.2265625
563.0 5.171875
564.0 5.0546875
565.0 5.1015625
566.0 5.125
567.0 4.890625
568.0 4.546875
569.0 4.6015625
570.0 4.6640625
571.0 4.953125
572.0 5.1015625
573.0 2.1328125
574.0 6.859375
575.0 4.6328125
576.0 5.25
577.0 5.2578125
578.0 4.515625
579.0 1.96875
580.0 6.984375
581.0 5.5859375
582.0 5.015625
583.0 5.25
584.0 5.3359375
585.0 5.3046875
586.0 5.6171875
587.0 4.15625
588.0 3.890625
589.0 3.9375
590.0 5.34375
591.0 5.9140625
592.0 4.625
593.0 6.75
594.0 5.3203125
595.0 5.609375
596.0 5.515625
597.0 2.6875
598.0 7.2734375
599.0 4.6875
