0.0 4.4296875
1.0 4.53125
2.0 4.3984375
3.0 3.28125
4.0 6.734375
5.0 6.09375
6.0 6.7109375
7.0 6.484375
8.0 6.1484375
9.0 5.4375
10.0 5.9609375
11.0 5.9453125
12.0 6.2578125
13.0 6.0390625
14.0 6.125
15.0 6.3359375
16.0 7.015625
17.0 6.8671875
18.0 5.3984375
19.0 6.984375
20.0 6.65625
21.0 6.296875
22.0 6.265625
23.0 5.4375
24.0 5.890625
25.0 6.3359375
26.0 6.75
27.0 6.921875
28.0 6.6328125
29.0 6.5
30.0 6.4140625
31.0 6.4453125
32.0 5.234375
33.0 5.453125
34.0 5.5234375
35.0 3.515625
36.0 9.4140625
37.0 6.4453125
38.0 6.0234375
39.0 5.9453125
40.0 5.4609375
41.0 5.171875
42.0 3.875
43.0 6.15625
44.0 5.15625
45.0 4.984375
46.0 5.9921875
47.0 6.1796875
48.0 5.484375
49.0 5.578125
50.0 5.609375
51.0 5.15625
52.0 5.6796875
53.0 5.484375
54.0 5.875
55.0 5.765625
56.0 6.15625
57.0 4.6484375
58.0 5.4921875
59.0 4.9453125
60.0 6.59375
61.0 3.0390625
62.0 9.8203125
63.0 6.828125
64.0 2.7734375
65.0 8.328125
66.0 7.2265625
67.0 7.078125
68.0 6.75
69.0 2.125
70.0 9.265625
71.0 6.8984375
72.0 5.640625
73.0 4.8046875
74.0 6.59375
75.0 6.6796875
76.0 6.734375
77.0 6.03125
78.0 4.5078125
79.0 4.0859375
80.0 5.5
81.0 6.0625
82.0 6.390625
83.0 2.625
84.0 11.4765625
85.0 6.859375
86.0 7.0390625
87.0 2.1953125
88.0 10.265625
89.0 5.0546875
90.0 4.46875
91.0 0.9609375
92.0 7.125
93.0 5.9765625
94.0 6.0390625
95.0 5.84375
96.0 5.6796875
97.0 5.9140625
98.0 5.78125
99.0 6.140625
100.0 3.0234375
101.0 9.9609375
102.0 6.1171875
103.0 4.859375
104.0 4.6328125
105.0 4.3046875
106.0 4.0
107.0 3.5625
108.0 4.125
109.0 4.75
110.0 5.0390625
111.0 4.6875
112.0 4.875
113.0 5.578125
114.0 5.6328125
115.0 3.1015625
116.0 7.6875
117.0 1.921875
118.0 9.4609375
119.0 5.3046875
120.0 6.828125
121.0 6.421875
122.0 5.2265625
123.0 7.40625
124.0 6.3828125
125.0 5.859375
126.0 6.3515625
127.0 6.0078125
128.0 7.7265625
129.0 7.2109375
130.0 4.828125
131.0 9.1484375
132.0 6.6328125
133.0 6.8046875
134.0 6.4375
135.0 6.6484375
136.0 6.984375
137.0 7.71875
138.0 6.8046875
139.0 6.8125
140.0 7.359375
141.0 7.3359375
142.0 7.078125
143.0 7.140625
144.0 6.9921875
145.0 1.734375
146.0 2.1953125
147.0 4.2421875
148.0 6.8984375
149.0 4.03125
150.0 2.4921875
151.0 6.328125
152.0 8.5
153.0 7.7265625
154.0 8.796875
155.0 7.6640625
156.0 7.5546875
157.0 7.71875
158.0 6.7734375
159.0 4.6640625
160.0 1.4140625
161.0 9.1015625
162.0 4.78125
163.0 4.984375
164.0 6.0
165.0 7.671875
166.0 7.109375
167.0 7.40625
168.0 7.875
169.0 7.6171875
170.0 7.28125
171.0 5.9140625
172.0 2.78125
173.0 10.578125
174.0 7.03125
175.0 5.609375
176.0 6.296875
177.0 6.0546875
178.0 6.859375
179.0 6.703125
180.0 7.421875
181.0 7.8671875
182.0 7.0390625
183.0 7.2890625
184.0 7.2421875
185.0 7.109375
186.0 7.546875
187.0 6.5859375
188.0 4.0859375
189.0 0.0
190.0 0.0
191.0 6.1796875
192.0 5.3828125
193.0 7.1328125
194.0 6.734375
195.0 6.296875
196.0 4.3671875
197.0 0.0078125
198.0 8.2734375
199.0 6.109375
200.0 7.1875
201.0 6.9609375
202.0 6.6875
203.0 5.1875
204.0 3.953125
205.0 3.9140625
206.0 6.2734375
207.0 6.5
208.0 7.5078125
209.0 7.1953125
210.0 7.5859375
211.0 5.6953125
212.0 3.1484375
213.0 5.015625
214.0 5.8828125
215.0 3.5859375
216.0 6.703125
217.0 6.2265625
218.0 5.25
219.0 4.5
220.0 5.21875
221.0 5.7890625
222.0 6.4375
223.0 6.765625
224.0 7.4296875
225.0 7.09375
226.0 7.3125
227.0 2.0703125
228.0 0.328125
229.0 0.8203125
230.0 9.8203125
231.0 6.09375
232.0 6.390625
233.0 5.9140625
234.0 6.234375
235.0 2.625
236.0 2.3359375
237.0 3.1328125
238.0 4.5
239.0 6.71875
240.0 7.390625
241.0 6.125
242.0 5.6015625
243.0 6.5546875
244.0 5.3046875
245.0 2.359375
246.0 7.46875
247.0 4.890625
248.0 1.609375
249.0 1.4453125
250.0 3.609375
251.0 6.8671875
252.0 6.09375
253.0 4.9296875
254.0 5.3125
255.0 5.3203125
256.0 5.140625
257.0 5.0234375
258.0 5.3359375
259.0 6.7109375
260.0 7.3046875
261.0 7.25
262.0 7.734375
263.0 4.859375
264.0 0.5390625
265.0 8.5
266.0 7.2734375
267.0 3.5546875
268.0 4.3828125
269.0 2.9609375
270.0 8.7109375
271.0 5.90625
272.0 2.3046875
273.0 2.7421875
274.0 7.2265625
275.0 8.421875
276.0 7.78125
277.0 7.421875
278.0 7.15625
279.0 7.3984375
280.0 7.5546875
281.0 5.640625
282.0 8.6171875
283.0 7.2734375
284.0 6.15625
285.0 4.0859375
286.0 6.8671875
287.0 7.390625
288.0 7.1796875
289.0 7.5390625
290.0 7.078125
291.0 5.3203125
292.0 7.3359375
293.0 4.6328125
294.0 6.6875
295.0 6.109375
296.0 6.78125
297.0 6.1875
298.0 4.3359375
299.0 6.0546875
300.0 4.9453125
301.0 6.1171875
302.0 7.1796875
303.0 5.90625
304.0 1.28125
305.0 12.6640625
306.0 6.703125
307.0 6.203125
308.0 5.734375
309.0 1.8671875
310.0 7.96875
311.0 5.6484375
312.0 5.6015625
313.0 5.453125
314.0 5.453125
315.0 5.9453125
316.0 6.2734375
317.0 6.2734375
318.0 5.9453125
319.0 6.1484375
320.0 6.0546875
321.0 5.84375
322.0 4.0703125
323.0 6.09375
324.0 5.9375
325.0 5.9375
326.0 5.734375
327.0 6.4765625
328.0 6.453125
329.0 5.765625
330.0 5.9296875
331.0 6.140625
332.0 5.3828125
333.0 6.1171875
334.0 5.7578125
335.0 6.0078125
336.0 6.0859375
337.0 5.5625
338.0 4.8125
339.0 4.15625
340.0 0.0
341.0 7.703125
342.0 2.0
343.0 4.6796875
344.0 4.234375
345.0 3.671875
346.0 3.5546875
347.0 3.3984375
348.0 3.3828125
349.0 0.703125
350.0 6.0234375
351.0 5.3046875
352.0 4.796875
353.0 4.3046875
354.0 5.9453125
355.0 5.4921875
356.0 5.4921875
357.0 5.3203125
358.0 4.3671875
359.0 5.3125
360.0 4.9296875
361.0 3.21875
362.0 2.984375
363.0 3.921875
364.0 2.9296875
365.0 1.4765625
366.0 4.984375
367.0 4.5625
368.0 3.5625
369.0 2.296875
370.0 3.1640625
371.0 3.1015625
372.0 3.21875
373.0 3.4609375
374.0 4.1796875
375.0 4.78125
376.0 4.625
377.0 4.7578125
378.0 3.9453125
379.0 2.96875
380.0 3.7734375
381.0 3.4375
382.0 3.921875
383.0 5.2578125
384.0 5.421875
385.0 5.28125
386.0 4.1015625
387.0 1.7890625
388.0 6.6171875
389.0 3.0546875
390.0 4.328125
391.0 4.359375
392.0 4.0546875
393.0 4.9296875
394.0 4.46875
395.0 3.4453125
396.0 5.9375
397.0 4.7421875
398.0 4.7421875
399.0 4.2734375
400.0 4.7578125
401.0 3.1015625
402.0 2.984375
403.0 3.375
404.0 3.609375
405.0 3.5
406.0 3.5234375
407.0 3.5859375
408.0 3.90625
409.0 4.453125
410.0 4.984375
411.0 5.109375
412.0 5.0234375
413.0 0.8046875
414.0 9.59375
415.0 4.7109375
416.0 2.8125
417.0 1.7890625
418.0 0.109375
419.0 7.25
420.0 4.1015625
421.0 5.453125
422.0 4.6953125
423.0 4.859375
424.0 4.9609375
425.0 1.765625
426.0 7.671875
427.0 4.0625
428.0 3.609375
429.0 2.671875
430.0 2.0703125
431.0 3.1640625
432.0 2.84375
433.0 2.59375
434.0 2.3359375
435.0 2.7109375
436.0 3.3671875
437.0 4.0546875
438.0 3.640625
439.0 1.2578125
440.0 6.53125
441.0 1.3125
442.0 6.65625
443.0 3.6484375
444.0 3.5625
445.0 0.984375
446.0 7.6640625
447.0 4.6015625
448.0 4.1328125
449.0 4.203125
450.0 3.3984375
451.0 3.65625
452.0 5.0390625
453.0 5.671875
454.0 6.03125
455.0 5.3671875
456.0 4.546875
457.0 4.6484375
458.0 5.078125
459.0 4.15625
460.0 0.0
461.0 7.671875
462.0 2.59375
463.0 3.109375
464.0 2.625
465.0 0.0
466.0 6.6796875
467.0 1.71875
468.0 1.1328125
469.0 1.4765625
470.0 1.4921875
471.0 1.40625
472.0 1.6171875
473.0 1.828125
474.0 2.015625
475.0 2.0859375
476.0 1.765625
477.0 1.7109375
478.0 0.046875
479.0 0.0
480.0 4.8984375
481.0 1.796875
482.0 1.984375
483.0 2.0078125
484.0 2.265625
485.0 2.21875
486.0 2.390625
487.0 2.5625
488.0 2.78125
489.0 2.484375
490.0 0.4609375
491.0 5.6640625
492.0 2.09375
493.0 2.1953125
494.0 3.1171875
495.0 2.875
496.0 2.3125
497.0 2.625
498.0 1.8671875
499.0 2.4609375
500.0 3.7578125
501.0 3.7421875
502.0 3.890625
503.0 3.1640625
504.0 2.2109375
505.0 7.03125
506.0 3.640625
507.0 3.1171875
508.0 3.2890625
509.0 0.015625
510.0 7.2109375
511.0 3.265625
512.0 2.9375
513.0 2.9921875
514.0 3.375
515.0 1.8515625
516.0 1.4765625
517.0 1.234375
518.0 1.921875
519.0 4.5078125
520.0 4.0390625
521.0 4.9765625
522.0 4.75
523.0 4.9921875
524.0 4.875
525.0 4.8671875
526.0 5.34375
527.0 5.484375
528.0 4.0859375
529.0 5.9765625
530.0 5.7265625
531.0 5.1640625
532.0 2.953125
533.0 6.2734375
534.0 4.0390625
535.0 3.25
536.0 1.984375
537.0 0.6953125
538.0 0.0
539.0 6.65625
540.0 4.1796875
541.0 4.0625
542.0 3.4375
543.0 4.0859375
544.0 4.0078125
545.0 3.7421875
546.0 3.2890625
547.0 2.9921875
548.0 3.265625
549.0 3.34375
550.0 2.8046875
551.0 1.0
552.0 6.203125
553.0 1.203125
554.0 4.9921875
555.0 1.1171875
556.0 1.9453125
557.0 3.1796875
558.0 4.46875
559.0 4.5
560.0 4.625
561.0 5.46875
562.0 5.6796875
563.0 5.21875
564.0 2.5078125
565.0 7.3125
566.0 4.1015625
567.0 3.5859375
568.0 3.109375
569.0 2.421875
570.0 5.2578125
571.0 4.265625
572.0 4.53125
573.0 4.59375
574.0 4.71875
575.0 4.5703125
576.0 4.953125
577.0 4.6015625
578.0 4.5078125
579.0 1.2578125
580.0 7.1953125
581.0 4.2734375
582.0 4.296875
583.0 3.96875
584.0 2.28125
585.0 4.2109375
586.0 4.0
587.0 4.0
588.0 3.7734375
589.0 4.3046875
590.0 4.796875
591.0 1.53125
592.0 6.625
593.0 3.9453125
594.0 4.1171875
595.0 3.96875
596.0 3.7421875
597.0 3.5625
598.0 4.875
599.0 4.2109375
