0.0 4.9765625
1.0 5.453125
2.0 5.3984375
3.0 2.3359375
4.0 8.078125
5.0 5.2265625
6.0 5.375
7.0 4.6328125
8.0 5.4609375
9.0 5.3984375
10.0 5.21875
11.0 5.15625
12.0 5.1875
13.0 4.7421875
14.0 5.3984375
15.0 5.3359375
16.0 5.1953125
17.0 5.0546875
18.0 5.15625
19.0 5.0390625
20.0 3.2265625
21.0 6.7109375
22.0 4.8359375
23.0 4.90625
24.0 4.8359375
25.0 5.546875
26.0 5.140625
27.0 5.3515625
28.0 5.0234375
29.0 5.140625
30.0 4.84375
31.0 4.9921875
32.0 4.6953125
33.0 4.890625
34.0 5.046875
35.0 5.2734375
36.0 5.1640625
37.0 4.5625
38.0 5.9609375
39.0 5.0390625
40.0 5.2734375
41.0 5.1328125
42.0 4.53125
43.0 3.4296875
44.0 0.34375
45.0 0.0
46.0 6.5546875
47.0 5.234375
48.0 4.609375
49.0 4.53125
50.0 4.2421875
51.0 4.890625
52.0 5.140625
53.0 5.3359375
54.0 5.2578125
55.0 5.453125
56.0 5.3125
57.0 5.421875
58.0 5.2890625
59.0 3.140625
60.0 7.4375
61.0 4.9609375
62.0 4.984375
63.0 4.578125
64.0 4.78125
65.0 3.0546875
66.0 7.46875
67.0 5.125
68.0 5.28125
69.0 5.2890625
70.0 5.1328125
71.0 5.3828125
72.0 5.421875
73.0 5.125
74.0 5.1015625
75.0 5.15625
76.0 5.0078125
77.0 5.0546875
78.0 5.1875
79.0 5.2734375
80.0 5.1875
81.0 5.140625
82.0 5.109375
83.0 5.125
84.0 5.2578125
85.0 5.0859375
86.0 2.6328125
87.0 7.2421875
88.0 5.125
89.0 4.8671875
90.0 5.421875
91.0 5.3515625
92.0 5.1953125
93.0 5.3984375
94.0 4.8671875
95.0 5.0859375
96.0 5.3671875
97.0 5.21875
98.0 5.375
99.0 5.046875
100.0 5.3984375
101.0 5.6015625
102.0 5.140625
103.0 5.734375
104.0 5.3828125
105.0 5.140625
106.0 5.453125
107.0 5.5234375
108.0 5.5859375
109.0 5.484375
110.0 5.5546875
111.0 5.609375
112.0 5.5
113.0 5.25
114.0 5.5234375
115.0 5.484375
116.0 5.1328125
117.0 5.3359375
118.0 5.640625
119.0 1.203125
120.0 10.1171875
121.0 5.53125
122.0 5.2890625
123.0 1.109375
124.0 9.484375
125.0 5.2265625
126.0 5.0234375
127.0 5.2265625
128.0 5.1875
129.0 5.34375
130.0 5.3125
131.0 5.3671875
132.0 5.2734375
133.0 5.4375
134.0 5.640625
135.0 5.40625
136.0 1.8828125
137.0 9.03125
138.0 5.5234375
139.0 5.1953125
140.0 5.234375
141.0 3.546875
142.0 7.015625
143.0 5.1953125
144.0 5.1015625
145.0 5.2578125
146.0 5.2265625
147.0 5.1328125
148.0 5.203125
149.0 5.015625
150.0 5.0390625
151.0 5.2265625
152.0 4.9609375
153.0 5.015625
154.0 1.4921875
155.0 8.9453125
156.0 4.9296875
157.0 4.8671875
158.0 4.9609375
159.0 5.078125
160.0 5.0859375
161.0 5.0703125
162.0 5.140625
163.0 5.109375
164.0 5.3515625
165.0 5.453125
166.0 5.4921875
167.0 1.640625
168.0 9.09375
169.0 4.8125
170.0 4.6953125
171.0 6.515625
172.0 5.6328125
173.0 5.75
174.0 5.734375
175.0 5.3828125
176.0 5.7109375
177.0 5.75
178.0 5.4296875
179.0 5.3125
180.0 5.703125
181.0 5.828125
182.0 6.1484375
183.0 5.7109375
184.0 5.28125
185.0 6.0
186.0 6.3671875
187.0 5.8203125
188.0 6.2265625
189.0 5.9375
190.0 6.0625
191.0 6.1484375
192.0 5.6015625
193.0 5.84375
194.0 5.9375
195.0 5.734375
196.0 5.75
197.0 5.8828125
198.0 5.9609375
199.0 6.0078125
200.0 6.09375
201.0 5.90625
202.0 6.0234375
203.0 5.796875
204.0 4.203125
205.0 3.5546875
206.0 8.375
207.0 5.609375
208.0 5.4921875
209.0 5.078125
210.0 5.34375
211.0 0.2421875
212.0 7.6875
213.0 7.28125
214.0 5.0546875
215.0 5.2890625
216.0 5.4921875
217.0 5.28125
218.0 5.375
219.0 5.6015625
220.0 5.8125
221.0 3.203125
222.0 7.4921875
223.0 4.984375
224.0 5.171875
225.0 5.4296875
226.0 5.2578125
227.0 4.5625
228.0 6.09375
229.0 5.34375
230.0 5.5234375
231.0 5.3203125
232.0 4.890625
233.0 5.578125
234.0 5.609375
235.0 5.109375
236.0 4.5703125
237.0 5.4609375
238.0 5.671875
239.0 5.6015625
240.0 5.609375
241.0 5.515625
242.0 5.3046875
243.0 1.390625
244.0 9.4609375
245.0 4.1484375
246.0 5.875
247.0 5.6640625
248.0 3.609375
249.0 3.171875
250.0 5.1328125
251.0 5.6484375
252.0 5.578125
253.0 5.6484375
254.0 5.703125
255.0 5.734375
256.0 5.5546875
257.0 5.5
258.0 5.5546875
259.0 1.4375
260.0 9.90625
261.0 4.421875
262.0 4.6015625
263.0 5.3515625
264.0 5.2265625
265.0 5.421875
266.0 5.6953125
267.0 5.734375
268.0 5.734375
269.0 5.546875
270.0 5.078125
271.0 6.140625
272.0 5.21875
273.0 5.4609375
274.0 5.109375
275.0 5.2578125
276.0 5.5234375
277.0 5.21875
278.0 5.34375
279.0 5.5234375
280.0 5.3984375
281.0 5.46875
282.0 5.375
283.0 5.4609375
284.0 0.75
285.0 9.8359375
286.0 5.46875
287.0 5.140625
288.0 5.3515625
289.0 5.3671875
290.0 0.8046875
291.0 9.609375
292.0 5.4609375
293.0 5.3046875
294.0 5.25
295.0 5.546875
296.0 5.171875
297.0 5.078125
298.0 5.1875
299.0 5.234375
300.0 5.2734375
301.0 5.34375
302.0 5.3359375
303.0 5.2734375
304.0 5.234375
305.0 5.15625
306.0 4.90625
307.0 5.1015625
308.0 5.0078125
309.0 5.2578125
310.0 5.0703125
311.0 5.046875
312.0 5.109375
313.0 5.0859375
314.0 5.3359375
315.0 5.3046875
316.0 5.3203125
317.0 5.484375
318.0 5.140625
319.0 4.8984375
320.0 5.3046875
321.0 4.90625
322.0 5.1015625
323.0 5.0078125
324.0 4.921875
325.0 4.8359375
326.0 5.0078125
327.0 2.9609375
328.0 7.2578125
329.0 5.21875
330.0 5.21875
331.0 5.1953125
332.0 5.1875
333.0 4.8671875
334.0 5.1953125
335.0 5.1640625
336.0 5.2890625
337.0 3.65625
338.0 2.6875
339.0 3.921875
340.0 4.7265625
341.0 2.96875
342.0 0.0
343.0 8.765625
344.0 5.28125
345.0 5.1328125
346.0 5.078125
347.0 4.984375
348.0 5.2890625
349.0 4.9921875
350.0 5.2265625
351.0 5.1875
352.0 5.21875
353.0 5.078125
354.0 4.90625
355.0 4.890625
356.0 0.5859375
357.0 9.6328125
358.0 5.3046875
359.0 5.0546875
360.0 5.28125
361.0 5.28125
362.0 5.25
363.0 5.046875
364.0 5.1328125
365.0 4.8984375
366.0 4.7109375
367.0 4.8671875
368.0 5.046875
369.0 5.0078125
370.0 4.9921875
371.0 4.6875
372.0 4.84375
373.0 5.125
374.0 5.0234375
375.0 2.1953125
376.0 7.6171875
377.0 5.28125
378.0 5.15625
379.0 4.9453125
380.0 4.9609375
381.0 2.4296875
382.0 6.9140625
383.0 5.015625
384.0 5.1015625
385.0 5.171875
386.0 5.0859375
387.0 4.4140625
388.0 4.53125
389.0 5.34375
390.0 5.0859375
391.0 5.3203125
392.0 5.3046875
393.0 0.875
394.0 8.109375
395.0 2.65625
396.0 2.1328125
397.0 4.5390625
398.0 5.1328125
399.0 4.6328125
400.0 5.0234375
401.0 5.1015625
402.0 3.2578125
403.0 6.2578125
404.0 5.1953125
405.0 5.0078125
406.0 5.28125
407.0 5.21875
408.0 5.234375
409.0 5.1015625
410.0 4.7109375
411.0 4.78125
412.0 4.9921875
413.0 4.53125
414.0 4.3984375
415.0 5.21875
416.0 3.6953125
417.0 5.21875
418.0 5.046875
419.0 5.21875
420.0 5.0234375
421.0 4.7578125
422.0 4.7578125
423.0 4.515625
424.0 5.046875
425.0 4.6640625
426.0 4.859375
427.0 4.359375
428.0 4.65625
429.0 3.9765625
430.0 5.140625
431.0 4.3515625
432.0 5.046875
433.0 4.9453125
434.0 4.84375
435.0 5.0234375
436.0 5.5
437.0 5.1875
438.0 5.125
439.0 4.8984375
440.0 5.28125
441.0 4.84375
442.0 5.3203125
443.0 5.28125
444.0 5.21875
445.0 4.78125
446.0 4.890625
447.0 5.53125
448.0 5.4921875
449.0 5.34375
450.0 5.5546875
451.0 5.7109375
452.0 5.9921875
453.0 4.7734375
454.0 5.34375
455.0 5.3984375
456.0 5.2734375
457.0 4.984375
458.0 4.0625
459.0 4.8671875
460.0 5.2890625
461.0 4.8984375
462.0 4.3671875
463.0 5.1953125
464.0 5.140625
465.0 4.7109375
466.0 2.3046875
467.0 2.6015625
468.0 2.9921875
469.0 4.453125
470.0 5.234375
471.0 5.1640625
472.0 5.2890625
473.0 4.3515625
474.0 0.421875
475.0 8.53125
476.0 0.0
477.0 10.265625
478.0 5.5625
479.0 5.015625
480.0 5.6171875
481.0 5.3828125
482.0 5.078125
483.0 5.484375
484.0 5.5
485.0 5.28125
486.0 5.375
487.0 5.3515625
488.0 5.578125
489.0 1.2578125
490.0 9.8671875
491.0 5.15625
492.0 5.2734375
493.0 5.0546875
494.0 4.7734375
495.0 4.9609375
496.0 5.078125
497.0 1.0625
498.0 9.1875
499.0 5.171875
500.0 5.2734375
501.0 5.2734375
502.0 5.34375
503.0 5.2890625
504.0 5.125
505.0 5.375
506.0 5.3984375
507.0 5.5546875
508.0 5.3046875
509.0 5.5546875
510.0 5.1640625
511.0 5.609375
512.0 5.2265625
513.0 5.15625
514.0 4.875
515.0 3.0
516.0 7.1796875
517.0 5.3984375
518.0 5.3515625
519.0 5.34375
520.0 5.234375
521.0 5.2890625
522.0 5.109375
523.0 5.1328125
524.0 5.4921875
525.0 5.0546875
526.0 1.046875
527.0 9.546875
528.0 5.4609375
529.0 4.90625
530.0 5.2578125
531.0 5.0546875
532.0 4.8984375
533.0 4.953125
534.0 1.8046875
535.0 8.375
536.0 5.2734375
537.0 5.3515625
538.0 5.078125
539.0 5.3671875
540.0 5.40625
541.0 5.1953125
542.0 5.109375
543.0 3.3828125
544.0 3.234375
545.0 4.953125
546.0 4.6953125
547.0 0.9453125
548.0 9.265625
549.0 4.8984375
550.0 4.7109375
551.0 5.1875
552.0 2.046875
553.0 8.6875
554.0 4.9765625
555.0 5.21875
556.0 5.3984375
557.0 5.53125
558.0 5.546875
559.0 5.578125
560.0 5.46875
561.0 5.3359375
562.0 5.234375
563.0 5.203125
564.0 5.53125
565.0 5.1328125
566.0 5.140625
567.0 4.7734375
568.0 4.59375
569.0 4.6328125
570.0 5.109375
571.0 4.9921875
572.0 4.953125
573.0 4.9609375
574.0 4.84375
575.0 4.9609375
576.0 5.203125
577.0 5.1640625
578.0 4.9765625
579.0 5.203125
580.0 5.15625
581.0 5.015625
582.0 5.078125
583.0 5.0546875
584.0 4.8984375
585.0 5.078125
586.0 5.2265625
587.0 5.0546875
588.0 4.84375
589.0 5.0078125
590.0 5.1328125
591.0 5.078125
592.0 4.890625
593.0 4.9453125
594.0 5.1015625
595.0 5.171875
596.0 5.046875
597.0 5.203125
598.0 3.265625
599.0 6.8046875
