0.0 5.0390625
1.0 5.0546875
2.0 5.1015625
3.0 5.5625
4.0 5.0234375
5.0 2.8515625
6.0 6.9140625
7.0 4.6015625
8.0 4.359375
9.0 4.25
10.0 4.9921875
11.0 4.6015625
12.0 4.1015625
13.0 4.6875
14.0 4.828125
15.0 4.6953125
16.0 4.296875
17.0 3.9375
18.0 5.234375
19.0 5.1875
20.0 5.0859375
21.0 5.3125
22.0 4.9921875
23.0 4.65625
24.0 1.1328125
25.0 7.015625
26.0 4.0078125
27.0 3.84375
28.0 3.796875
29.0 3.28125
30.0 3.234375
31.0 3.203125
32.0 4.875
33.0 4.6328125
34.0 3.6171875
35.0 4.2734375
36.0 0.3359375
37.0 6.625
38.0 1.46875
39.0 4.15625
40.0 4.2109375
41.0 4.03125
42.0 4.1015625
43.0 4.09375
44.0 4.53125
45.0 4.4453125
46.0 4.6953125
47.0 4.65625
48.0 4.3359375
49.0 5.34375
50.0 5.0703125
51.0 5.0703125
52.0 4.296875
53.0 2.2421875
54.0 6.6796875
55.0 4.8671875
56.0 2.046875
57.0 8.4921875
58.0 5.8828125
59.0 5.8203125
60.0 5.515625
61.0 5.421875
62.0 5.078125
63.0 5.5234375
64.0 5.609375
65.0 5.484375
66.0 2.234375
67.0 9.7734375
68.0 5.890625
69.0 5.8515625
70.0 5.7578125
71.0 5.8828125
72.0 5.90625
73.0 5.3671875
74.0 5.890625
75.0 5.578125
76.0 5.9453125
77.0 5.765625
78.0 5.796875
79.0 5.3359375
80.0 3.375
81.0 7.640625
82.0 5.7890625
83.0 5.859375
84.0 5.765625
85.0 5.6015625
86.0 4.6875
87.0 6.2109375
88.0 5.25
89.0 5.2265625
90.0 4.75
91.0 5.15625
92.0 5.796875
93.0 5.3828125
94.0 4.8984375
95.0 5.2890625
96.0 5.1640625
97.0 5.421875
98.0 2.296875
99.0 7.9375
100.0 5.515625
101.0 5.3359375
102.0 5.28125
103.0 5.6328125
104.0 5.1953125
105.0 4.921875
106.0 4.9765625
107.0 5.125
108.0 5.3125
109.0 5.0859375
110.0 3.890625
111.0 6.3359375
112.0 5.15625
113.0 4.9453125
114.0 4.390625
115.0 4.9765625
116.0 5.5
117.0 5.5859375
118.0 5.3125
119.0 5.2734375
120.0 5.3046875
121.0 5.2265625
122.0 4.625
123.0 6.03125
124.0 5.3046875
125.0 5.3359375
126.0 5.25
127.0 5.234375
128.0 0.9921875
129.0 9.5234375
130.0 5.6953125
131.0 5.484375
132.0 5.1875
133.0 4.1875
134.0 4.3984375
135.0 4.953125
136.0 4.6875
137.0 4.8046875
138.0 5.0546875
139.0 5.3125
140.0 5.5625
141.0 2.71875
142.0 7.9296875
143.0 4.859375
144.0 4.75
145.0 4.6875
146.0 1.796875
147.0 8.03125
148.0 5.0078125
149.0 4.8125
150.0 4.78125
151.0 4.75
152.0 4.3671875
153.0 4.6796875
154.0 4.5625
155.0 4.9296875
156.0 5.15625
157.0 4.859375
158.0 2.546875
159.0 7.453125
160.0 4.890625
161.0 4.8359375
162.0 5.0703125
163.0 5.0078125
164.0 5.0546875
165.0 3.7734375
166.0 5.890625
167.0 4.71875
168.0 4.3046875
169.0 4.6953125
170.0 4.6875
171.0 4.3515625
172.0 3.953125
173.0 4.7578125
174.0 4.2109375
175.0 3.578125
176.0 3.890625
177.0 3.859375
178.0 2.6328125
179.0 0.0
180.0 8.40625
181.0 5.015625
182.0 2.046875
183.0 8.296875
184.0 4.3046875
185.0 4.03125
186.0 3.8203125
187.0 4.421875
188.0 4.9609375
189.0 5.046875
190.0 5.1640625
191.0 5.0703125
192.0 4.796875
193.0 4.90625
194.0 5.0078125
195.0 5.34375
196.0 2.265625
197.0 7.6640625
198.0 4.828125
199.0 4.8984375
200.0 1.859375
201.0 8.046875
202.0 5.0859375
203.0 5.0703125
204.0 2.09375
205.0 7.6015625
206.0 5.1640625
207.0 5.203125
208.0 5.28125
209.0 5.28125
210.0 5.1875
211.0 5.125
212.0 5.125
213.0 4.7734375
214.0 5.0859375
215.0 4.796875
216.0 4.8984375
217.0 4.8359375
218.0 5.15625
219.0 5.53125
220.0 4.1328125
221.0 6.2109375
222.0 5.0078125
223.0 5.3203125
224.0 5.2578125
225.0 1.96875
226.0 9.03125
227.0 4.921875
228.0 4.7734375
229.0 5.4609375
230.0 2.5234375
231.0 10.015625
232.0 5.8125
233.0 5.3515625
234.0 5.4609375
235.0 5.171875
236.0 5.140625
237.0 5.6640625
238.0 5.125
239.0 5.2890625
240.0 5.15625
241.0 5.15625
242.0 5.2890625
243.0 4.2421875
244.0 4.1796875
245.0 4.9765625
246.0 4.875
247.0 5.0078125
248.0 4.953125
249.0 0.2109375
250.0 9.8515625
251.0 4.65625
252.0 4.890625
253.0 4.484375
254.0 1.9140625
255.0 8.40625
256.0 4.984375
257.0 4.59375
258.0 4.1875
259.0 5.0390625
260.0 5.015625
261.0 4.8671875
262.0 4.484375
263.0 4.25
264.0 5.0703125
265.0 5.140625
266.0 4.609375
267.0 2.2109375
268.0 7.140625
269.0 5.015625
270.0 5.1015625
271.0 4.9765625
272.0 4.359375
273.0 3.1171875
274.0 5.3671875
275.0 4.9453125
276.0 4.859375
277.0 4.4765625
278.0 4.921875
279.0 4.9453125
280.0 4.5078125
281.0 3.875
282.0 4.0703125
283.0 3.796875
284.0 4.0
285.0 3.8203125
286.0 3.140625
287.0 0.0
288.0 8.734375
289.0 4.6796875
290.0 4.7265625
291.0 4.609375
292.0 4.65625
293.0 4.8984375
294.0 4.828125
295.0 4.7109375
296.0 4.4140625
297.0 1.4453125
298.0 6.9921875
299.0 3.8203125
300.0 3.9921875
301.0 4.796875
302.0 4.7265625
303.0 4.5390625
304.0 4.484375
305.0 4.4765625
306.0 4.3359375
307.0 4.1484375
308.0 4.1171875
309.0 3.3671875
310.0 5.4296875
311.0 4.6328125
312.0 3.8046875
313.0 4.0859375
314.0 1.65625
315.0 3.8515625
316.0 6.484375
317.0 3.890625
318.0 4.3359375
319.0 4.3828125
320.0 4.8046875
321.0 5.046875
322.0 2.0
323.0 8.0625
324.0 4.65625
325.0 4.625
326.0 5.0390625
327.0 5.171875
328.0 5.046875
329.0 4.59375
330.0 3.9765625
331.0 4.1328125
332.0 4.21875
333.0 4.53125
334.0 4.65625
335.0 3.8515625
336.0 0.765625
337.0 8.7890625
338.0 4.6640625
339.0 4.6953125
340.0 4.296875
341.0 3.609375
342.0 5.546875
343.0 4.828125
344.0 5.046875
345.0 1.984375
346.0 7.765625
347.0 5.125
348.0 4.7578125
349.0 4.78125
350.0 4.84375
351.0 4.625
352.0 4.609375
353.0 4.6640625
354.0 4.9453125
355.0 4.7734375
356.0 4.75
357.0 4.859375
358.0 4.859375
359.0 0.6640625
360.0 9.65625
361.0 4.8125
362.0 4.7734375
363.0 4.90625
364.0 4.546875
365.0 3.8828125
366.0 0.453125
367.0 9.015625
368.0 4.53125
369.0 4.59375
370.0 4.78125
371.0 4.75
372.0 4.53125
373.0 4.6796875
374.0 4.75
375.0 4.8125
376.0 4.75
377.0 4.75
378.0 3.671875
379.0 5.90625
380.0 4.796875
381.0 4.53125
382.0 4.875
383.0 4.5703125
384.0 4.8125
385.0 5.1875
386.0 4.953125
387.0 3.828125
388.0 5.8515625
389.0 4.6015625
390.0 4.6875
391.0 4.5625
392.0 4.6015625
393.0 4.6875
394.0 4.0
395.0 4.15625
396.0 4.546875
397.0 3.1953125
398.0 2.8359375
399.0 1.6484375
400.0 0.0
401.0 8.015625
402.0 3.9375
403.0 4.1875
404.0 4.09375
405.0 3.328125
406.0 2.21875
407.0 5.453125
408.0 4.203125
409.0 4.8359375
410.0 4.6640625
411.0 4.3984375
412.0 4.5625
413.0 4.1171875
414.0 4.1875
415.0 3.9921875
416.0 3.5
417.0 2.71875
418.0 2.7578125
419.0 3.6171875
420.0 1.65625
421.0 5.9609375
422.0 3.9453125
423.0 3.671875
424.0 3.578125
425.0 3.1953125
426.0 0.0
427.0 7.109375
428.0 3.6953125
429.0 4.453125
430.0 4.0
431.0 3.578125
432.0 3.609375
433.0 3.625
434.0 1.6171875
435.0 6.234375
436.0 1.8515625
437.0 6.6640625
438.0 4.1328125
439.0 4.0625
440.0 4.09375
441.0 4.1484375
442.0 4.1796875
443.0 3.265625
444.0 3.4609375
445.0 4.2734375
446.0 4.2109375
447.0 4.2109375
448.0 4.296875
449.0 4.2734375
450.0 2.546875
451.0 6.59375
452.0 4.390625
453.0 4.6875
454.0 4.7265625
455.0 4.15625
456.0 2.8046875
457.0 5.9921875
458.0 4.46875
459.0 4.546875
460.0 4.6953125
461.0 4.7578125
462.0 1.96875
463.0 7.3359375
464.0 4.171875
465.0 4.578125
466.0 4.71875
467.0 5.0390625
468.0 2.1484375
469.0 7.5703125
470.0 5.0234375
471.0 4.578125
472.0 2.1015625
473.0 7.3203125
474.0 4.4296875
475.0 4.8671875
476.0 4.609375
477.0 4.7421875
478.0 4.8671875
479.0 4.3203125
480.0 4.6484375
481.0 4.546875
482.0 4.6484375
483.0 4.6640625
484.0 4.6328125
485.0 4.3984375
486.0 4.78125
487.0 4.875
488.0 4.0625
489.0 3.8828125
490.0 4.4140625
491.0 4.6875
492.0 4.5625
493.0 4.6953125
494.0 4.578125
495.0 4.578125
496.0 4.3359375
497.0 4.6484375
498.0 4.3359375
499.0 4.265625
500.0 4.3203125
501.0 4.6953125
502.0 4.6015625
503.0 4.234375
504.0 4.5
505.0 4.4765625
506.0 4.4140625
507.0 0.1796875
508.0 8.6796875
509.0 4.1875
510.0 3.6796875
511.0 0.2109375
512.0 7.6953125
513.0 3.921875
514.0 4.4296875
515.0 4.3359375
516.0 4.515625
517.0 4.46875
518.0 4.6640625
519.0 4.59375
520.0 4.265625
521.0 4.203125
522.0 4.125
523.0 4.3203125
524.0 3.203125
525.0 5.859375
526.0 4.6640625
527.0 4.6484375
528.0 4.359375
529.0 3.96875
530.0 1.796875
531.0 6.3671875
532.0 4.4765625
533.0 4.6484375
534.0 4.359375
535.0 4.3828125
536.0 4.1875
537.0 4.03125
538.0 3.84375
539.0 3.9453125
540.0 4.28125
541.0 5.203125
542.0 4.234375
543.0 5.28125
544.0 4.5078125
545.0 4.09375
546.0 4.53125
547.0 4.6796875
548.0 4.359375
549.0 4.53125
550.0 1.2265625
551.0 7.484375
552.0 6.8984375
553.0 5.0546875
554.0 4.3359375
555.0 4.3828125
556.0 3.9453125
557.0 5.4296875
558.0 5.25
559.0 5.21875
560.0 5.0234375
561.0 5.140625
562.0 4.9296875
563.0 4.7265625
564.0 4.9453125
565.0 4.796875
566.0 4.921875
567.0 4.7578125
568.0 4.78125
569.0 4.9296875
570.0 4.5078125
571.0 0.984375
572.0 8.6171875
573.0 4.9453125
574.0 5.2578125
575.0 4.828125
576.0 3.3125
577.0 7.1328125
578.0 5.0234375
579.0 4.921875
580.0 4.796875
581.0 4.8984375
582.0 5.0703125
583.0 5.0546875
584.0 2.0859375
585.0 8.8515625
586.0 5.828125
587.0 4.9296875
588.0 5.109375
589.0 4.8984375
590.0 5.0390625
591.0 5.171875
592.0 5.1953125
593.0 4.9765625
594.0 5.140625
595.0 5.0078125
596.0 2.28125
597.0 8.109375
598.0 4.9453125
599.0 2.7890625
