0.0 3.25
1.0 3.1484375
2.0 3.0546875
3.0 0.0
4.0 5.203125
5.0 5.640625
6.0 3.3984375
7.0 3.734375
8.0 3.5859375
9.0 3.515625
10.0 3.3671875
11.0 3.4140625
12.0 3.609375
13.0 3.5
14.0 3.609375
15.0 3.84375
16.0 3.2890625
17.0 3.234375
18.0 3.515625
19.0 3.328125
20.0 3.546875
21.0 3.34375
22.0 3.4453125
23.0 3.5
24.0 2.9921875
25.0 3.0390625
26.0 3.3125
27.0 3.1484375
28.0 3.328125
29.0 2.7421875
30.0 3.1171875
31.0 3.140625
32.0 2.9609375
33.0 3.046875
34.0 3.1328125
35.0 2.96875
36.0 3.1640625
37.0 3.28125
38.0 2.84375
39.0 3.4921875
40.0 3.3828125
41.0 3.6484375
42.0 3.015625
43.0 3.3515625
44.0 3.4453125
45.0 3.515625
46.0 3.4453125
47.0 3.5234375
48.0 3.3203125
49.0 3.28125
50.0 2.96875
51.0 1.40625
52.0 0.8046875
53.0 7.515625
54.0 3.2890625
55.0 3.1953125
56.0 2.046875
57.0 0.1953125
58.0 7.3203125
59.0 2.7421875
60.0 2.7421875
61.0 2.7734375
62.0 3.140625
63.0 3.2578125
64.0 3.265625
65.0 3.4921875
66.0 3.2890625
67.0 3.3203125
68.0 2.7578125
69.0 0.609375
70.0 5.1328125
71.0 2.5703125
72.0 3.0
73.0 3.203125
74.0 2.7109375
75.0 3.40625
76.0 3.1640625
77.0 3.234375
78.0 3.4765625
79.0 3.4921875
80.0 3.5859375
81.0 3.3125
82.0 3.4296875
83.0 2.90625
84.0 0.0
85.0 7.453125
86.0 3.6171875
87.0 3.3984375
88.0 0.078125
89.0 6.6640625
90.0 3.734375
91.0 3.2890625
92.0 3.4296875
93.0 3.671875
94.0 2.1484375
95.0 4.9296875
96.0 3.609375
97.0 3.6796875
98.0 3.28125
99.0 2.421875
100.0 3.28125
101.0 3.546875
102.0 3.296875
103.0 3.109375
104.0 2.21875
105.0 3.640625
106.0 5.0859375
107.0 2.4609375
108.0 2.96875
109.0 5.7578125
110.0 4.3515625
111.0 3.3828125
112.0 4.9296875
113.0 4.8359375
114.0 4.84375
115.0 4.78125
116.0 3.515625
117.0 0.640625
118.0 5.1640625
119.0 2.125
120.0 2.3359375
121.0 3.7578125
122.0 3.5
123.0 3.578125
124.0 3.140625
125.0 3.5859375
126.0 3.65625
127.0 3.1796875
128.0 3.3671875
129.0 2.953125
130.0 2.5234375
131.0 0.0
132.0 7.3671875
133.0 4.4765625
134.0 3.171875
135.0 3.0703125
136.0 3.703125
137.0 3.875
138.0 3.8203125
139.0 3.953125
140.0 4.0625
141.0 3.7734375
142.0 3.875
143.0 3.625
144.0 3.5625
145.0 3.7265625
146.0 3.65625
147.0 3.7421875
148.0 3.796875
149.0 3.53125
150.0 3.625
151.0 3.46875
152.0 3.703125
153.0 3.4296875
154.0 3.3125
155.0 2.015625
156.0 2.78125
157.0 2.875
158.0 2.78125
159.0 3.921875
160.0 4.203125
161.0 4.0625
162.0 4.9296875
163.0 4.3046875
164.0 2.296875
165.0 2.328125
166.0 3.25
167.0 4.3515625
168.0 4.6328125
169.0 1.8671875
170.0 7.2578125
171.0 5.0078125
172.0 4.9765625
173.0 4.8125
174.0 4.8046875
175.0 3.671875
176.0 5.0078125
177.0 4.6484375
178.0 4.65625
179.0 4.6640625
180.0 4.8125
181.0 4.7109375
182.0 4.7578125
183.0 4.84375
184.0 5.078125
185.0 4.8046875
186.0 5.015625
187.0 3.5859375
188.0 5.9921875
189.0 4.8125
190.0 4.875
191.0 1.359375
192.0 8.6875
193.0 5.15625
194.0 4.859375
195.0 4.9609375
196.0 4.890625
197.0 5.046875
198.0 5.015625
199.0 5.078125
200.0 5.140625
201.0 5.140625
202.0 5.125
203.0 5.046875
204.0 5.25
205.0 4.953125
206.0 4.9921875
207.0 5.0546875
208.0 5.1640625
209.0 5.15625
210.0 5.15625
211.0 5.2265625
212.0 5.15625
213.0 5.015625
214.0 5.109375
215.0 4.9765625
216.0 4.9921875
217.0 5.15625
218.0 5.171875
219.0 4.7265625
220.0 0.5390625
221.0 8.421875
222.0 5.234375
223.0 5.1328125
224.0 5.1640625
225.0 4.6484375
226.0 4.953125
227.0 4.328125
228.0 4.6875
229.0 4.7421875
230.0 4.7109375
231.0 4.6640625
232.0 5.0390625
233.0 4.7734375
234.0 0.9609375
235.0 7.7578125
236.0 6.2578125
237.0 5.015625
238.0 4.296875
239.0 4.609375
240.0 4.53125
241.0 4.65625
242.0 4.78125
243.0 4.6796875
244.0 4.90625
245.0 4.6484375
246.0 4.921875
247.0 4.9609375
248.0 2.5703125
249.0 6.9453125
250.0 4.3359375
251.0 4.9453125
252.0 4.7265625
253.0 4.7109375
254.0 4.6953125
255.0 4.71875
256.0 4.8046875
257.0 4.265625
258.0 4.6015625
259.0 4.4453125
260.0 4.6640625
261.0 4.7734375
262.0 4.6640625
263.0 1.3828125
264.0 8.015625
265.0 3.96875
266.0 3.859375
267.0 4.265625
268.0 4.46875
269.0 0.984375
270.0 7.765625
271.0 4.1015625
272.0 4.171875
273.0 4.4765625
274.0 4.890625
275.0 4.4296875
276.0 3.9140625
277.0 4.3515625
278.0 4.7265625
279.0 5.0078125
280.0 4.90625
281.0 3.0859375
282.0 6.3203125
283.0 4.7578125
284.0 4.7734375
285.0 4.7109375
286.0 4.203125
287.0 4.5390625
288.0 4.921875
289.0 4.265625
290.0 4.4296875
291.0 4.7578125
292.0 4.7109375
293.0 4.90625
294.0 4.2734375
295.0 3.8203125
296.0 3.203125
297.0 3.5546875
298.0 3.1953125
299.0 3.7421875
300.0 4.21875
301.0 3.921875
302.0 2.0078125
303.0 2.6015625
304.0 2.34375
305.0 2.3984375
306.0 2.515625
307.0 2.640625
308.0 2.625
309.0 2.546875
310.0 0.3046875
311.0 4.6640625
312.0 2.8046875
313.0 4.890625
314.0 5.46875
315.0 5.3203125
316.0 5.3203125
317.0 4.7421875
318.0 4.453125
319.0 4.65625
320.0 3.5546875
321.0 4.890625
322.0 5.453125
323.0 5.6953125
324.0 5.375
325.0 5.3671875
326.0 4.7265625
327.0 4.828125
328.0 4.8359375
329.0 5.25
330.0 5.1953125
331.0 5.078125
332.0 5.28125
333.0 4.9921875
334.0 3.953125
335.0 5.796875
336.0 5.1328125
337.0 5.0390625
338.0 5.125
339.0 5.0078125
340.0 5.421875
341.0 5.171875
342.0 5.46875
343.0 5.0703125
344.0 5.0859375
345.0 5.2578125
346.0 5.15625
347.0 5.15625
348.0 5.078125
349.0 5.3125
350.0 5.171875
351.0 5.0234375
352.0 5.1015625
353.0 5.3515625
354.0 3.2890625
355.0 7.0390625
356.0 5.140625
357.0 5.0859375
358.0 4.5078125
359.0 5.890625
360.0 4.9765625
361.0 4.453125
362.0 3.34375
363.0 4.390625
364.0 2.3046875
365.0 7.765625
366.0 4.75
367.0 5.046875
368.0 4.90625
369.0 5.1015625
370.0 5.078125
371.0 4.6640625
372.0 5.0234375
373.0 5.2734375
374.0 5.4609375
375.0 5.0703125
376.0 5.1328125
377.0 5.078125
378.0 4.9609375
379.0 1.359375
380.0 8.4609375
381.0 4.8671875
382.0 5.4609375
383.0 5.0390625
384.0 1.4140625
385.0 8.921875
386.0 5.3046875
387.0 5.1953125
388.0 2.6640625
389.0 4.171875
390.0 4.3984375
391.0 4.578125
392.0 4.7265625
393.0 5.4375
394.0 4.9296875
395.0 5.3671875
396.0 5.125
397.0 4.90625
398.0 4.984375
399.0 4.3671875
400.0 0.046875
401.0 9.609375
402.0 4.7578125
403.0 3.9921875
404.0 6.9921875
405.0 5.3515625
406.0 5.2265625
407.0 5.203125
408.0 5.0078125
409.0 5.34375
410.0 5.0703125
411.0 5.25
412.0 4.8125
413.0 5.3125
414.0 5.0078125
415.0 5.46875
416.0 5.015625
417.0 0.984375
418.0 9.515625
419.0 5.4296875
420.0 5.203125
421.0 5.28125
422.0 2.015625
423.0 7.8515625
424.0 4.8046875
425.0 5.0859375
426.0 4.796875
427.0 5.140625
428.0 5.2890625
429.0 5.1015625
430.0 5.1640625
431.0 5.21875
432.0 5.1953125
433.0 5.15625
434.0 5.2734375
435.0 5.171875
436.0 5.0703125
437.0 4.9765625
438.0 4.9921875
439.0 0.6015625
440.0 9.265625
441.0 4.625
442.0 4.7265625
443.0 4.8125
444.0 4.234375
445.0 4.8046875
446.0 4.984375
447.0 5.28125
448.0 4.9296875
449.0 4.3828125
450.0 4.0859375
451.0 1.421875
452.0 7.9375
453.0 5.34375
454.0 5.3671875
455.0 5.2890625
456.0 5.109375
457.0 5.1015625
458.0 5.2578125
459.0 5.2890625
460.0 5.15625
461.0 5.2734375
462.0 5.2734375
463.0 5.515625
464.0 5.2578125
465.0 5.0078125
466.0 5.3203125
467.0 4.71875
468.0 0.078125
469.0 9.5234375
470.0 5.1953125
471.0 4.0390625
472.0 4.71875
473.0 4.59375
474.0 5.203125
475.0 5.1015625
476.0 4.8984375
477.0 5.140625
478.0 5.109375
479.0 5.0703125
480.0 5.25
481.0 5.171875
482.0 4.9296875
483.0 4.921875
484.0 3.796875
485.0 6.8046875
486.0 4.8359375
487.0 4.9765625
488.0 5.25
489.0 5.1015625
490.0 5.1953125
491.0 1.3203125
492.0 9.2109375
493.0 4.9453125
494.0 5.203125
495.0 5.2265625
496.0 5.2265625
497.0 4.9453125
498.0 5.078125
499.0 4.890625
500.0 5.078125
501.0 5.109375
502.0 5.2890625
503.0 5.0078125
504.0 3.0546875
505.0 7.609375
506.0 5.1328125
507.0 5.53125
508.0 5.3359375
509.0 5.4921875
510.0 5.421875
511.0 4.21875
512.0 6.828125
513.0 5.0078125
514.0 4.625
515.0 5.0546875
516.0 5.640625
517.0 5.25
518.0 5.4296875
519.0 5.46875
520.0 5.4375
521.0 5.3046875
522.0 4.84375
523.0 5.1015625
524.0 5.21875
525.0 4.9609375
526.0 5.171875
527.0 1.4140625
528.0 9.1875
529.0 5.375
530.0 5.578125
531.0 5.140625
532.0 5.3984375
533.0 5.25
534.0 5.1328125
535.0 3.1484375
536.0 7.3984375
537.0 5.0703125
538.0 5.015625
539.0 4.5
540.0 5.2734375
541.0 5.0234375
542.0 4.265625
543.0 4.8671875
544.0 4.9609375
545.0 0.8203125
546.0 9.515625
547.0 5.1015625
548.0 4.921875
549.0 4.9609375
550.0 4.875
551.0 4.9453125
552.0 4.828125
553.0 5.015625
554.0 5.2890625
555.0 5.0859375
556.0 4.9609375
557.0 4.6953125
558.0 2.1015625
559.0 7.4375
560.0 5.2265625
561.0 5.1328125
562.0 4.4765625
563.0 4.9921875
564.0 5.0390625
565.0 5.3203125
566.0 5.53125
567.0 5.4375
568.0 5.46875
569.0 5.0078125
570.0 5.4375
571.0 4.65625
572.0 5.609375
573.0 5.0546875
574.0 5.421875
575.0 5.109375
576.0 5.2265625
577.0 5.2890625
578.0 5.2734375
579.0 5.2265625
580.0 4.7421875
581.0 4.1875
582.0 6.0625
583.0 5.453125
584.0 4.875
585.0 4.78125
586.0 4.7265625
587.0 4.75
588.0 4.5390625
589.0 5.0859375
590.0 5.015625
591.0 4.953125
592.0 4.796875
593.0 5.1328125
594.0 5.25
595.0 5.0078125
596.0 1.7109375
597.0 7.4609375
598.0 5.40625
599.0 5.2265625
