0.0 3.8828125
1.0 5.0078125
2.0 4.6015625
3.0 6.7109375
4.0 6.2109375
5.0 6.46875
6.0 6.2734375
7.0 6.0390625
8.0 4.6328125
9.0 4.6015625
10.0 2.984375
11.0 4.4453125
12.0 6.2734375
13.0 6.890625
14.0 6.71875
15.0 6.0546875
16.0 0.421875
17.0 9.25
18.0 4.484375
19.0 4.890625
20.0 5.703125
21.0 5.421875
22.0 1.234375
23.0 9.9921875
24.0 4.921875
25.0 4.9921875
26.0 2.125
27.0 1.2890625
28.0 2.1953125
29.0 2.4609375
30.0 2.5234375
31.0 1.015625
32.0 0.0
33.0 5.4375
34.0 1.2578125
35.0 1.765625
36.0 1.3515625
37.0 1.9765625
38.0 4.6640625
39.0 4.6328125
40.0 4.8671875
41.0 5.0390625
42.0 1.734375
43.0 6.3359375
44.0 4.515625
45.0 4.9453125
46.0 4.78125
47.0 3.46875
48.0 2.7890625
49.0 3.5234375
50.0 3.9453125
51.0 0.8671875
52.0 0.0
53.0 6.2734375
54.0 0.8359375
55.0 1.7890625
56.0 2.625
57.0 2.71875
58.0 3.5859375
59.0 1.4765625
60.0 1.28125
61.0 2.0
62.0 1.890625
63.0 3.9921875
64.0 2.875
65.0 0.0
66.0 0.0
67.0 0.0
68.0 0.0
69.0 0.0
70.0 0.0
71.0 0.0
72.0 0.0
73.0 0.0
74.0 0.0
75.0 0.0
76.0 0.0
77.0 0.0
78.0 1.09375
79.0 3.0390625
80.0 4.1875
81.0 4.6640625
82.0 5.78125
83.0 2.1953125
84.0 0.4296875
85.0 0.0
86.0 5.6484375
87.0 1.5546875
88.0 4.828125
89.0 6.8671875
90.0 5.78125
91.0 2.1015625
92.0 10.25
93.0 6.5546875
94.0 5.9609375
95.0 7.46875
96.0 6.40625
97.0 6.7734375
98.0 4.90625
99.0 3.4453125
100.0 3.875
101.0 2.921875
102.0 3.546875
103.0 2.359375
104.0 2.484375
105.0 2.25
106.0 2.6640625
107.0 2.484375
108.0 1.140625
109.0 0.0
110.0 7.515625
111.0 2.8203125
112.0 2.8359375
113.0 3.5546875
114.0 3.4609375
115.0 3.0703125
116.0 0.0
117.0 6.453125
118.0 3.375
119.0 3.625
120.0 3.0234375
121.0 3.4453125
122.0 3.1796875
123.0 2.671875
124.0 2.8203125
125.0 2.9921875
126.0 2.8515625
127.0 3.4453125
128.0 2.015625
129.0 0.1640625
130.0 0.0
131.0 7.8359375
132.0 5.203125
133.0 5.5859375
134.0 5.78125
135.0 5.2734375
136.0 4.609375
137.0 0.0
138.0 5.3125
139.0 7.1953125
140.0 5.6640625
141.0 5.6796875
142.0 6.1875
143.0 5.234375
144.0 4.25
145.0 5.734375
146.0 2.984375
147.0 7.3046875
148.0 2.6640625
149.0 9.640625
150.0 6.796875
151.0 5.671875
152.0 3.5546875
153.0 3.7265625
154.0 4.796875
155.0 4.7109375
156.0 1.8359375
157.0 1.140625
158.0 1.6484375
159.0 2.2734375
160.0 2.9921875
161.0 6.5625
162.0 3.34375
163.0 7.5546875
164.0 4.421875
165.0 1.859375
166.0 5.734375
167.0 5.2734375
168.0 4.7734375
169.0 3.84375
170.0 5.484375
171.0 6.1484375
172.0 5.109375
173.0 4.953125
174.0 5.6796875
175.0 5.3046875
176.0 1.265625
177.0 4.484375
178.0 1.1796875
179.0 1.5703125
180.0 2.0703125
181.0 3.7421875
182.0 2.3984375
183.0 2.4609375
184.0 4.828125
185.0 5.46875
186.0 4.7421875
187.0 5.0546875
188.0 3.1953125
189.0 7.5390625
190.0 6.109375
191.0 4.6796875
192.0 2.1640625
193.0 4.546875
194.0 1.015625
195.0 1.5625
196.0 3.8046875
197.0 4.59375
198.0 4.3203125
199.0 1.390625
200.0 1.234375
201.0 1.28125
202.0 2.265625
203.0 1.328125
204.0 1.7109375
205.0 2.0703125
206.0 1.96875
207.0 0.109375
208.0 6.953125
209.0 4.515625
210.0 1.8515625
211.0 1.5625
212.0 3.0390625
213.0 4.2109375
214.0 5.6796875
215.0 5.2265625
216.0 5.0390625
217.0 4.8984375
218.0 5.5234375
219.0 4.0546875
220.0 1.640625
221.0 0.0
222.0 0.0
223.0 0.4609375
224.0 5.2734375
225.0 0.9375
226.0 0.0
227.0 0.4921875
228.0 1.2109375
229.0 3.5546875
230.0 4.265625
231.0 2.6953125
232.0 1.34375
233.0 2.8515625
234.0 2.625
235.0 1.28125
236.0 5.109375
237.0 2.75
238.0 2.578125
239.0 2.9296875
240.0 5.609375
241.0 3.7109375
242.0 1.7421875
243.0 8.2890625
244.0 6.984375
245.0 5.171875
246.0 5.484375
247.0 3.625
248.0 3.1640625
249.0 2.5078125
250.0 4.3359375
251.0 3.296875
252.0 1.953125
253.0 1.1171875
254.0 1.1484375
255.0 0.1015625
256.0 0.0
257.0 6.5703125
258.0 3.6171875
259.0 4.59375
260.0 5.375
261.0 4.4140625
262.0 1.2578125
263.0 0.0
264.0 0.0
265.0 6.8984375
266.0 2.3359375
267.0 4.0078125
268.0 2.578125
269.0 6.1171875
270.0 4.0703125
271.0 4.21875
272.0 4.2421875
273.0 4.3828125
274.0 5.75
275.0 4.0390625
276.0 4.1015625
277.0 3.7265625
278.0 2.890625
279.0 3.59375
280.0 4.546875
281.0 2.1015625
282.0 0.15625
283.0 7.5234375
284.0 5.640625
285.0 5.3828125
286.0 4.3359375
287.0 4.125
288.0 2.0
289.0 0.0
290.0 6.09375
291.0 3.9765625
292.0 2.6015625
293.0 2.8359375
294.0 3.4453125
295.0 5.4296875
296.0 3.1015625
297.0 8.9453125
298.0 5.2890625
299.0 6.0625
300.0 2.78125
301.0 6.8828125
302.0 0.8515625
303.0 1.0
304.0 0.78125
305.0 0.734375
306.0 1.2265625
307.0 2.2734375
308.0 5.8515625
309.0 5.828125
310.0 6.0
311.0 5.859375
312.0 4.65625
313.0 1.0
314.0 7.2421875
315.0 6.328125
316.0 5.7890625
317.0 4.8125
318.0 3.796875
319.0 5.3359375
320.0 4.7265625
321.0 2.4921875
322.0 6.390625
323.0 3.4453125
324.0 3.734375
325.0 3.9140625
326.0 4.7265625
327.0 4.890625
328.0 6.421875
329.0 6.2890625
330.0 4.9296875
331.0 6.4765625
332.0 6.296875
333.0 4.203125
334.0 7.8515625
335.0 6.265625
336.0 3.3984375
337.0 10.0234375
338.0 6.390625
339.0 6.3515625
340.0 5.9765625
341.0 5.2265625
342.0 6.2890625
343.0 6.40625
344.0 6.109375
345.0 6.9609375
346.0 6.296875
347.0 6.1171875
348.0 4.1171875
349.0 6.8125
350.0 5.046875
351.0 5.515625
352.0 5.5
353.0 4.78125
354.0 2.9375
355.0 7.90625
356.0 5.453125
357.0 5.9296875
358.0 5.828125
359.0 6.0546875
360.0 5.15625
361.0 4.578125
362.0 6.2109375
363.0 5.5546875
364.0 5.890625
365.0 5.765625
366.0 3.921875
367.0 4.6953125
368.0 6.0859375
369.0 4.4765625
370.0 5.234375
371.0 2.875
372.0 5.125
373.0 5.8203125
374.0 5.875
375.0 5.828125
376.0 5.671875
377.0 6.1171875
378.0 5.734375
379.0 4.828125
380.0 4.984375
381.0 5.875
382.0 6.8125
383.0 6.859375
384.0 5.703125
385.0 5.9140625
386.0 6.359375
387.0 6.1171875
388.0 2.609375
389.0 9.125
390.0 5.2734375
391.0 6.0546875
392.0 6.0625
393.0 5.5546875
394.0 5.671875
395.0 5.1015625
396.0 5.671875
397.0 6.09375
398.0 3.0859375
399.0 8.703125
400.0 5.53125
401.0 3.203125
402.0 1.9453125
403.0 3.1171875
404.0 2.3046875
405.0 7.140625
406.0 2.5390625
407.0 6.6875
408.0 4.1328125
409.0 3.859375
410.0 3.90625
411.0 3.0390625
412.0 1.765625
413.0 2.1328125
414.0 1.828125
415.0 4.0078125
416.0 3.2265625
417.0 4.953125
418.0 4.3828125
419.0 4.6875
420.0 4.6328125
421.0 4.171875
422.0 2.5234375
423.0 6.3828125
424.0 4.75
425.0 5.578125
426.0 3.828125
427.0 4.4140625
428.0 2.984375
429.0 3.25
430.0 5.5859375
431.0 4.15625
432.0 4.9609375
433.0 5.0859375
434.0 4.6015625
435.0 5.1328125
436.0 6.109375
437.0 5.78125
438.0 4.3046875
439.0 4.3046875
440.0 2.8984375
441.0 6.6484375
442.0 3.9375
443.0 5.25
444.0 4.7578125
445.0 5.75
446.0 4.6953125
447.0 4.6328125
448.0 4.3828125
449.0 4.359375
450.0 5.0234375
451.0 5.875
452.0 5.1953125
453.0 4.9609375
454.0 5.890625
455.0 1.6484375
456.0 8.40625
457.0 5.2578125
458.0 5.515625
459.0 6.359375
460.0 4.875
461.0 6.3828125
462.0 5.515625
463.0 4.7421875
464.0 5.6328125
465.0 5.1015625
466.0 5.203125
467.0 5.2890625
468.0 4.8671875
469.0 5.203125
470.0 5.40625
471.0 3.6953125
472.0 6.09375
473.0 5.3203125
474.0 5.90625
475.0 3.640625
476.0 5.6484375
477.0 4.59375
478.0 3.953125
479.0 4.53125
480.0 4.578125
481.0 3.40625
482.0 5.171875
483.0 5.1953125
484.0 5.9296875
485.0 5.28125
486.0 5.90625
487.0 4.53125
488.0 0.78125
489.0 9.671875
490.0 5.6171875
491.0 5.6953125
492.0 5.4609375
493.0 5.8125
494.0 6.234375
495.0 5.9609375
496.0 6.0625
497.0 6.0859375
498.0 6.3203125
499.0 5.234375
500.0 5.6171875
501.0 6.2109375
502.0 6.625
503.0 6.171875
504.0 6.3046875
505.0 6.421875
506.0 6.4375
507.0 6.5703125
508.0 6.296875
509.0 1.828125
510.0 7.2890625
511.0 5.6015625
512.0 5.2734375
513.0 6.2734375
514.0 6.1875
515.0 2.2421875
516.0 0.8515625
517.0 9.328125
518.0 4.609375
519.0 4.3828125
520.0 4.71875
521.0 4.9921875
522.0 5.75
523.0 4.6796875
524.0 6.2265625
525.0 6.1875
526.0 3.1171875
527.0 9.3125
528.0 6.3203125
529.0 6.2109375
530.0 6.390625
531.0 6.484375
532.0 6.0546875
533.0 6.234375
534.0 5.796875
535.0 6.078125
536.0 6.1171875
537.0 5.484375
538.0 5.7109375
539.0 6.53125
540.0 6.5625
541.0 6.328125
542.0 6.7109375
543.0 5.5234375
544.0 3.4921875
545.0 7.671875
546.0 5.3125
547.0 4.9765625
548.0 6.09375
549.0 5.90625
550.0 5.9609375
551.0 6.359375
552.0 6.953125
553.0 6.078125
554.0 6.984375
555.0 7.1875
556.0 6.9609375
557.0 3.921875
558.0 4.609375
559.0 6.328125
560.0 6.1875
561.0 0.6015625
562.0 8.703125
563.0 4.296875
564.0 6.421875
565.0 6.453125
566.0 4.46875
567.0 7.5546875
568.0 5.828125
569.0 6.40625
570.0 6.515625
571.0 6.3828125
572.0 6.46875
573.0 6.828125
574.0 6.6171875
575.0 6.453125
576.0 7.046875
577.0 7.109375
578.0 6.6875
579.0 6.703125
580.0 6.71875
581.0 6.828125
582.0 6.859375
583.0 6.3828125
584.0 6.953125
585.0 6.6328125
586.0 6.4765625
587.0 1.7578125
588.0 5.96875
589.0 4.7109375
590.0 3.953125
591.0 6.15625
592.0 6.6796875
593.0 4.1484375
594.0 7.9296875
595.0 6.0234375
596.0 5.875
597.0 6.140625
598.0 6.3203125
599.0 6.7109375
