0.0 5.703125
1.0 6.09375
2.0 5.9140625
3.0 5.9765625
4.0 5.8828125
5.0 5.7578125
6.0 6.0625
7.0 5.8515625
8.0 5.9453125
9.0 5.765625
10.0 5.7890625
11.0 5.9375
12.0 5.828125
13.0 5.84375
14.0 6.078125
15.0 5.484375
16.0 5.8125
17.0 5.9375
18.0 6.03125
19.0 6.0625
20.0 0.7265625
21.0 11.5
22.0 6.328125
23.0 5.4921875
24.0 6.84375
25.0 5.9765625
26.0 6.265625
27.0 6.078125
28.0 5.8125
29.0 6.171875
30.0 6.078125
31.0 6.125
32.0 5.9453125
33.0 6.203125
34.0 6.03125
35.0 5.9140625
36.0 3.0703125
37.0 8.2421875
38.0 5.4296875
39.0 4.5703125
40.0 4.6015625
41.0 3.1328125
42.0 5.9296875
43.0 4.515625
44.0 4.7734375
45.0 4.7109375
46.0 4.71875
47.0 4.578125
48.0 3.9921875
49.0 3.046875
50.0 7.2109375
51.0 5.5234375
52.0 5.859375
53.0 5.9765625
54.0 6.109375
55.0 6.1484375
56.0 6.0078125
57.0 5.6015625
58.0 5.8203125
59.0 5.46875
60.0 4.484375
61.0 4.84375
62.0 5.015625
63.0 5.34375
64.0 5.53125
65.0 4.515625
66.0 2.09375
67.0 8.34375
68.0 5.5625
69.0 4.203125
70.0 5.1015625
71.0 5.765625
72.0 5.78125
73.0 5.9296875
74.0 5.84375
75.0 5.9140625
76.0 5.75
77.0 5.9375
78.0 5.6953125
79.0 5.890625
80.0 0.3125
81.0 10.4453125
82.0 2.8515625
83.0 7.984375
84.0 5.4609375
85.0 5.6171875
86.0 2.9296875
87.0 8.2109375
88.0 5.21875
89.0 5.3984375
90.0 3.1484375
91.0 7.9375
92.0 4.171875
93.0 4.5078125
94.0 5.28125
95.0 5.7109375
96.0 5.9375
97.0 5.9140625
98.0 5.6484375
99.0 5.9375
100.0 5.9453125
101.0 4.9765625
102.0 5.4296875
103.0 4.453125
104.0 4.6953125
105.0 4.5390625
106.0 4.3203125
107.0 4.0625
108.0 2.96875
109.0 3.0390625
110.0 1.1171875
111.0 1.046875
112.0 3.515625
113.0 4.3515625
114.0 4.921875
115.0 0.1796875
116.0 10.1640625
117.0 5.046875
118.0 3.0546875
119.0 8.171875
120.0 5.640625
121.0 5.5
122.0 5.2890625
123.0 5.046875
124.0 5.125
125.0 5.078125
126.0 3.0859375
127.0 6.9921875
128.0 5.0390625
129.0 5.2578125
130.0 5.2578125
131.0 5.609375
132.0 5.4296875
133.0 5.3515625
134.0 5.40625
135.0 5.234375
136.0 5.40625
137.0 6.0
138.0 5.875
139.0 5.859375
140.0 5.9296875
141.0 5.6328125
142.0 6.2578125
143.0 6.0390625
144.0 5.8828125
145.0 6.2890625
146.0 6.0546875
147.0 6.2421875
148.0 5.609375
149.0 6.0546875
150.0 5.7109375
151.0 5.15625
152.0 5.640625
153.0 4.8359375
154.0 4.9765625
155.0 5.0078125
156.0 4.890625
157.0 4.921875
158.0 4.828125
159.0 0.7578125
160.0 9.2265625
161.0 5.1875
162.0 5.6640625
163.0 6.09375
164.0 6.2578125
165.0 5.75
166.0 5.8828125
167.0 5.9921875
168.0 5.9375
169.0 6.09375
170.0 6.0234375
171.0 1.4140625
172.0 7.9375
173.0 8.59375
174.0 5.9375
175.0 6.0234375
176.0 6.125
177.0 5.9140625
178.0 6.0859375
179.0 6.5625
180.0 6.1484375
181.0 5.96875
182.0 6.09375
183.0 6.03125
184.0 5.9921875
185.0 6.0390625
186.0 2.8515625
187.0 9.390625
188.0 5.6796875
189.0 5.796875
190.0 5.8515625
191.0 5.734375
192.0 1.8359375
193.0 10.734375
194.0 5.890625
195.0 6.03125
196.0 6.0390625
197.0 6.03125
198.0 5.796875
199.0 5.9453125
200.0 5.9140625
201.0 5.890625
202.0 3.171875
203.0 8.796875
204.0 3.28125
205.0 8.734375
206.0 5.890625
207.0 5.7578125
208.0 6.09375
209.0 5.84375
210.0 5.859375
211.0 6.0078125
212.0 3.2890625
213.0 8.65625
214.0 5.8515625
215.0 5.9375
216.0 5.734375
217.0 5.9453125
218.0 5.7890625
219.0 5.84375
220.0 3.015625
221.0 7.8359375
222.0 3.0234375
223.0 7.703125
224.0 5.28125
225.0 5.7265625
226.0 5.609375
227.0 6.1171875
228.0 5.9453125
229.0 5.828125
230.0 5.734375
231.0 5.6015625
232.0 5.5
233.0 5.6796875
234.0 5.3203125
235.0 5.5
236.0 5.6015625
237.0 5.734375
238.0 5.6015625
239.0 5.6796875
240.0 5.7578125
241.0 5.4921875
242.0 5.484375
243.0 5.7578125
244.0 5.6796875
245.0 5.7578125
246.0 5.9609375
247.0 0.71875
248.0 10.8828125
249.0 5.9453125
250.0 5.9609375
251.0 5.703125
252.0 5.828125
253.0 5.890625
254.0 5.8515625
255.0 5.78125
256.0 5.140625
257.0 4.9765625
258.0 4.46875
259.0 4.65625
260.0 5.765625
261.0 5.8203125
262.0 5.828125
263.0 2.2421875
264.0 9.1171875
265.0 5.7890625
266.0 5.75
267.0 5.6953125
268.0 5.75
269.0 5.9921875
270.0 5.890625
271.0 5.75
272.0 5.78125
273.0 5.6953125
274.0 4.6640625
275.0 7.0625
276.0 5.7265625
277.0 5.9296875
278.0 5.6953125
279.0 4.8046875
280.0 6.71875
281.0 5.9140625
282.0 5.7578125
283.0 5.96875
284.0 6.1171875
285.0 5.6171875
286.0 5.6015625
287.0 5.5234375
288.0 5.7265625
289.0 5.796875
290.0 5.4296875
291.0 5.609375
292.0 5.8125
293.0 1.171875
294.0 10.9375
295.0 5.9453125
296.0 4.6953125
297.0 2.921875
298.0 7.0625
299.0 5.8828125
300.0 5.828125
301.0 4.4296875
302.0 2.015625
303.0 3.7265625
304.0 2.78125
305.0 2.8671875
306.0 4.21875
307.0 5.78125
308.0 5.875
309.0 6.09375
310.0 5.9375
311.0 5.828125
312.0 5.9140625
313.0 5.6171875
314.0 6.0234375
315.0 5.9140625
316.0 6.0234375
317.0 5.96875
318.0 3.34375
319.0 8.703125
320.0 5.75
321.0 5.78125
322.0 2.9296875
323.0 7.90625
324.0 5.734375
325.0 5.796875
326.0 5.7578125
327.0 5.2265625
328.0 5.6640625
329.0 4.6875
330.0 4.359375
331.0 4.7578125
332.0 5.5234375
333.0 6.03125
334.0 6.0234375
335.0 6.09375
336.0 0.9609375
337.0 10.96875
338.0 5.8203125
339.0 5.28125
340.0 4.5
341.0 4.578125
342.0 0.5078125
343.0 9.296875
344.0 5.640625
345.0 5.96875
346.0 3.4296875
347.0 8.2734375
348.0 5.6640625
349.0 5.6015625
350.0 5.171875
351.0 5.2734375
352.0 5.90625
353.0 6.125
354.0 5.9375
355.0 5.765625
356.0 5.796875
357.0 6.1796875
358.0 5.9140625
359.0 4.8359375
360.0 7.125
361.0 5.9296875
362.0 6.3515625
363.0 5.7578125
364.0 5.484375
365.0 0.6015625
366.0 9.4765625
367.0 5.0078125
368.0 5.0234375
369.0 4.4140625
370.0 5.0859375
371.0 5.3125
372.0 5.546875
373.0 5.875
374.0 5.765625
375.0 5.859375
376.0 6.203125
377.0 5.5859375
378.0 5.6796875
379.0 5.6640625
380.0 5.78125
381.0 5.421875
382.0 5.6796875
383.0 5.6640625
384.0 3.640625
385.0 6.8671875
386.0 5.8515625
387.0 4.1171875
388.0 7.3984375
389.0 5.8828125
390.0 5.78125
391.0 2.7109375
392.0 9.1796875
393.0 5.4375
394.0 3.90625
395.0 4.46875
396.0 4.625
397.0 3.953125
398.0 3.59375
399.0 4.484375
400.0 4.59375
401.0 3.8828125
402.0 3.90625
403.0 4.7578125
404.0 5.125
405.0 5.140625
406.0 6.15625
407.0 5.7265625
408.0 5.7109375
409.0 4.21875
410.0 7.15625
411.0 5.6640625
412.0 5.84375
413.0 5.765625
414.0 5.375
415.0 5.2734375
416.0 5.3203125
417.0 5.578125
418.0 2.0078125
419.0 7.75
420.0 2.421875
421.0 6.6328125
422.0 5.7265625
423.0 5.3984375
424.0 5.375
425.0 5.3125
426.0 3.171875
427.0 7.65625
428.0 5.4609375
429.0 5.140625
430.0 5.3203125
431.0 4.90625
432.0 5.375
433.0 5.640625
434.0 2.984375
435.0 6.2890625
436.0 4.4765625
437.0 4.4453125
438.0 5.15625
439.0 5.6328125
440.0 5.78125
441.0 5.765625
442.0 5.84375
443.0 5.8203125
444.0 5.3359375
445.0 5.3359375
446.0 5.3828125
447.0 5.1328125
448.0 5.1328125
449.0 3.4296875
450.0 6.15625
451.0 5.46875
452.0 5.5859375
453.0 6.109375
454.0 5.828125
455.0 5.53125
456.0 2.046875
457.0 8.9140625
458.0 4.9453125
459.0 4.421875
460.0 4.3046875
461.0 5.2890625
462.0 5.46875
463.0 5.1875
464.0 3.0546875
465.0 7.2265625
466.0 4.71875
467.0 5.4296875
468.0 4.984375
469.0 5.1953125
470.0 3.515625
471.0 4.6640625
472.0 4.71875
473.0 4.0
474.0 3.2890625
475.0 3.90625
476.0 4.3828125
477.0 1.8671875
478.0 9.2734375
479.0 5.734375
480.0 5.890625
481.0 5.9453125
482.0 5.9921875
483.0 5.859375
484.0 5.765625
485.0 5.84375
486.0 5.7890625
487.0 5.609375
488.0 6.0390625
489.0 5.90625
490.0 1.9453125
491.0 10.0
492.0 5.84375
493.0 5.7890625
494.0 5.6015625
495.0 2.625
496.0 8.3203125
497.0 5.875
498.0 5.6015625
499.0 5.8203125
500.0 5.828125
501.0 5.78125
502.0 5.6796875
503.0 5.640625
504.0 5.6953125
505.0 5.734375
506.0 5.796875
507.0 5.4921875
508.0 6.46875
509.0 6.0625
510.0 5.671875
511.0 5.8203125
512.0 5.796875
513.0 5.1640625
514.0 6.359375
515.0 5.5234375
516.0 5.5234375
517.0 5.4921875
518.0 5.3828125
519.0 4.921875
520.0 4.8984375
521.0 4.0625
522.0 2.1171875
523.0 4.0546875
524.0 4.4765625
525.0 4.359375
526.0 5.34375
527.0 5.3203125
528.0 3.0390625
529.0 7.5859375
530.0 5.3671875
531.0 5.6328125
532.0 5.75
533.0 5.9375
534.0 6.0234375
535.0 6.0234375
536.0 5.7890625
537.0 5.828125
538.0 5.8203125
539.0 5.9765625
540.0 2.4765625
541.0 8.203125
542.0 3.171875
543.0 8.140625
544.0 3.4765625
545.0 7.9453125
546.0 4.203125
547.0 4.5
548.0 5.421875
549.0 5.53125
550.0 2.9296875
551.0 6.203125
552.0 4.90625
553.0 5.6328125
554.0 5.6796875
555.0 5.5
556.0 5.5859375
557.0 5.6953125
558.0 5.875
559.0 5.25
560.0 5.46875
561.0 5.4609375
562.0 4.90625
563.0 5.6171875
564.0 5.7578125
565.0 5.3515625
566.0 5.890625
567.0 5.9296875
568.0 3.4375
569.0 7.9296875
570.0 5.75
571.0 5.8515625
572.0 5.96875
573.0 1.9453125
574.0 8.140625
575.0 2.6953125
576.0 5.21875
577.0 5.6015625
578.0 5.8828125
579.0 5.6171875
580.0 5.78125
581.0 5.9453125
582.0 5.828125
583.0 5.7578125
584.0 3.1171875
585.0 7.8515625
586.0 5.640625
587.0 5.3359375
588.0 5.8125
589.0 5.8125
590.0 5.8203125
591.0 5.9453125
592.0 5.6796875
593.0 5.6484375
594.0 5.3984375
595.0 5.578125
596.0 5.7578125
597.0 6.0234375
598.0 2.515625
599.0 9.2265625
