0.0 3.7109375
1.0 6.953125
2.0 5.5234375
3.0 5.75
4.0 5.3828125
5.0 4.578125
6.0 5.125
7.0 5.609375
8.0 5.25
9.0 4.9609375
10.0 3.46875
11.0 4.84375
12.0 5.1015625
13.0 6.3046875
14.0 4.4296875
15.0 0.546875
16.0 10.4453125
17.0 6.3671875
18.0 6.6640625
19.0 6.1484375
20.0 4.953125
21.0 6.734375
22.0 6.203125
23.0 6.421875
24.0 6.5625
25.0 6.109375
26.0 3.7734375
27.0 0.1875
28.0 9.0390625
29.0 4.234375
30.0 3.4765625
31.0 5.8515625
32.0 5.015625
33.0 3.6171875
34.0 4.03125
35.0 5.671875
36.0 5.578125
37.0 6.0390625
38.0 4.46875
39.0 6.1484375
40.0 5.5546875
41.0 5.609375
42.0 4.9765625
43.0 5.3984375
44.0 4.6875
45.0 5.46875
46.0 4.53125
47.0 5.234375
48.0 5.0078125
49.0 5.4375
50.0 4.7734375
51.0 5.2578125
52.0 4.953125
53.0 5.4375
54.0 4.25
55.0 5.1328125
56.0 4.71875
57.0 6.0625
58.0 6.265625
59.0 6.109375
60.0 6.0625
61.0 2.2734375
62.0 10.3828125
63.0 6.390625
64.0 5.734375
65.0 5.6015625
66.0 6.109375
67.0 6.2265625
68.0 5.765625
69.0 5.1015625
70.0 5.015625
71.0 4.484375
72.0 4.03125
73.0 3.5546875
74.0 3.7109375
75.0 5.171875
76.0 4.359375
77.0 4.65625
78.0 4.84375
79.0 3.828125
80.0 0.0
81.0 8.4140625
82.0 3.765625
83.0 3.875
84.0 1.2421875
85.0 8.3203125
86.0 4.90625
87.0 4.953125
88.0 5.1875
89.0 5.3046875
90.0 4.03125
91.0 5.1328125
92.0 6.421875
93.0 6.8046875
94.0 7.2578125
95.0 6.2734375
96.0 3.171875
97.0 6.1796875
98.0 3.5859375
99.0 4.6328125
100.0 5.1953125
101.0 4.828125
102.0 4.2421875
103.0 3.953125
104.0 1.1953125
105.0 9.4296875
106.0 5.375
107.0 5.78125
108.0 5.9375
109.0 5.546875
110.0 6.453125
111.0 6.1171875
112.0 6.0078125
113.0 6.03125
114.0 6.390625
115.0 6.2734375
116.0 6.2890625
117.0 4.3984375
118.0 6.3671875
119.0 5.609375
120.0 7.3203125
121.0 6.1484375
122.0 4.6875
123.0 7.9375
124.0 6.6015625
125.0 6.6015625
126.0 6.296875
127.0 6.125
128.0 6.5703125
129.0 6.59375
130.0 6.140625
131.0 5.609375
132.0 6.4375
133.0 6.390625
134.0 6.3046875
135.0 6.2578125
136.0 2.65625
137.0 10.0859375
138.0 6.3046875
139.0 6.2265625
140.0 6.4453125
141.0 6.2265625
142.0 6.515625
143.0 5.9375
144.0 5.8515625
145.0 5.421875
146.0 5.3125
147.0 5.1953125
148.0 5.3828125
149.0 5.21875
150.0 5.6640625
151.0 6.4375
152.0 6.3203125
153.0 6.2734375
154.0 6.09375
155.0 6.203125
156.0 5.6796875
157.0 5.7109375
158.0 5.9765625
159.0 5.9765625
160.0 5.8203125
161.0 5.7890625
162.0 5.84375
163.0 5.0703125
164.0 4.9609375
165.0 5.765625
166.0 6.8984375
167.0 6.3515625
168.0 6.6875
169.0 6.6171875
170.0 6.8828125
171.0 6.6171875
172.0 6.765625
173.0 6.6328125
174.0 6.3046875
175.0 6.2109375
176.0 6.796875
177.0 6.8359375
178.0 7.3671875
179.0 7.3359375
180.0 6.828125
181.0 6.3828125
182.0 6.5703125
183.0 5.90625
184.0 6.3515625
185.0 5.9375
186.0 0.734375
187.0 9.4140625
188.0 4.953125
189.0 5.7578125
190.0 5.640625
191.0 5.8828125
192.0 4.625
193.0 4.9453125
194.0 6.0859375
195.0 6.328125
196.0 5.6640625
197.0 5.2578125
198.0 4.5703125
199.0 5.671875
200.0 5.4375
201.0 5.53125
202.0 5.9375
203.0 5.875
204.0 5.859375
205.0 5.453125
206.0 3.234375
207.0 6.3203125
208.0 3.765625
209.0 4.0859375
210.0 4.0703125
211.0 4.875
212.0 4.5078125
213.0 3.671875
214.0 3.203125
215.0 4.15625
216.0 2.609375
217.0 3.1328125
218.0 5.6171875
219.0 5.875
220.0 4.3203125
221.0 5.46875
222.0 5.7890625
223.0 6.59375
224.0 6.078125
225.0 1.265625
226.0 10.625
227.0 6.171875
228.0 6.2265625
229.0 5.7890625
230.0 6.6875
231.0 5.8203125
232.0 6.2421875
233.0 6.140625
234.0 6.453125
235.0 2.890625
236.0 8.5546875
237.0 5.5
238.0 5.828125
239.0 5.53125
240.0 5.4296875
241.0 6.09375
242.0 6.40625
243.0 6.40625
244.0 6.234375
245.0 6.3515625
246.0 6.0078125
247.0 5.9921875
248.0 6.6484375
249.0 6.3671875
250.0 1.3515625
251.0 10.6953125
252.0 5.796875
253.0 6.09375
254.0 5.765625
255.0 2.25
256.0 8.2734375
257.0 5.859375
258.0 5.765625
259.0 5.734375
260.0 5.9296875
261.0 5.9921875
262.0 5.6484375
263.0 5.6171875
264.0 5.3203125
265.0 5.84375
266.0 5.578125
267.0 2.3125
268.0 7.7578125
269.0 5.4609375
270.0 5.6171875
271.0 5.1875
272.0 6.5
273.0 5.5234375
274.0 6.390625
275.0 4.1796875
276.0 5.5546875
277.0 5.40625
278.0 5.703125
279.0 5.3125
280.0 4.953125
281.0 5.9765625
282.0 6.171875
283.0 5.6328125
284.0 4.46875
285.0 0.7578125
286.0 10.703125
287.0 5.34375
288.0 3.3671875
289.0 4.3671875
290.0 5.34375
291.0 1.9453125
292.0 6.3828125
293.0 5.7890625
294.0 5.2578125
295.0 6.0078125
296.0 5.8828125
297.0 5.375
298.0 5.875
299.0 6.0
300.0 5.5
301.0 4.71875
302.0 5.8828125
303.0 5.765625
304.0 5.8515625
305.0 4.15625
306.0 7.4609375
307.0 5.859375
308.0 6.15625
309.0 4.7109375
310.0 6.796875
311.0 3.6953125
312.0 0.96875
313.0 1.5546875
314.0 3.8203125
315.0 4.5390625
316.0 5.0546875
317.0 5.109375
318.0 4.7734375
319.0 0.34375
320.0 6.2421875
321.0 2.453125
322.0 4.390625
323.0 5.5
324.0 5.21875
325.0 4.859375
326.0 5.8203125
327.0 5.6640625
328.0 5.3203125
329.0 3.65625
330.0 6.2890625
331.0 5.703125
332.0 5.375
333.0 4.46875
334.0 5.890625
335.0 5.5859375
336.0 5.6484375
337.0 5.7578125
338.0 5.9609375
339.0 5.75
340.0 5.4609375
341.0 5.2265625
342.0 5.5859375
343.0 5.515625
344.0 5.703125
345.0 5.8828125
346.0 5.8828125
347.0 5.7109375
348.0 2.5078125
349.0 8.1171875
350.0 5.1953125
351.0 6.4375
352.0 5.84375
353.0 5.078125
354.0 5.3828125
355.0 5.3671875
356.0 5.3125
357.0 5.40625
358.0 6.0
359.0 5.1875
360.0 5.546875
361.0 5.765625
362.0 6.0546875
363.0 6.078125
364.0 6.109375
365.0 2.0703125
366.0 10.0859375
367.0 5.609375
368.0 5.015625
369.0 1.109375
370.0 5.7265625
371.0 3.328125
372.0 3.578125
373.0 3.078125
374.0 2.984375
375.0 3.6484375
376.0 3.7734375
377.0 3.0234375
378.0 3.3203125
379.0 4.6796875
380.0 5.3359375
381.0 4.6875
382.0 6.5859375
383.0 3.46875
384.0 3.4453125
385.0 5.28125
386.0 6.1796875
387.0 6.0234375
388.0 5.9296875
389.0 5.7109375
390.0 5.53125
391.0 5.6796875
392.0 6.0546875
393.0 4.5
394.0 5.53125
395.0 5.90625
396.0 5.859375
397.0 5.8125
398.0 6.171875
399.0 6.2421875
400.0 5.6796875
401.0 1.9765625
402.0 9.03125
403.0 5.9140625
404.0 5.8515625
405.0 6.2734375
406.0 6.53125
407.0 6.5703125
408.0 6.9609375
409.0 6.6171875
410.0 6.125
411.0 6.5703125
412.0 5.6953125
413.0 5.5234375
414.0 4.8046875
415.0 6.75
416.0 5.9453125
417.0 6.140625
418.0 5.9140625
419.0 6.078125
420.0 4.1171875
421.0 9.4453125
422.0 6.59375
423.0 6.7421875
424.0 7.0078125
425.0 6.484375
426.0 6.421875
427.0 6.4140625
428.0 4.1875
429.0 7.8203125
430.0 6.0625
431.0 6.6328125
432.0 5.578125
433.0 3.546875
434.0 2.609375
435.0 5.3359375
436.0 5.765625
437.0 5.7578125
438.0 6.5078125
439.0 6.6640625
440.0 6.84375
441.0 6.3515625
442.0 5.6484375
443.0 6.71875
444.0 6.3046875
445.0 6.4765625
446.0 6.5
447.0 6.2265625
448.0 7.3046875
449.0 6.3359375
450.0 5.3359375
451.0 5.7578125
452.0 5.9453125
453.0 3.46875
454.0 4.546875
455.0 6.03125
456.0 6.2734375
457.0 5.96875
458.0 5.3203125
459.0 4.21875
460.0 3.7265625
461.0 4.1171875
462.0 4.3515625
463.0 4.546875
464.0 4.484375
465.0 4.5
466.0 4.6875
467.0 4.796875
468.0 4.3359375
469.0 0.9140625
470.0 9.3671875
471.0 4.828125
472.0 4.875
473.0 3.3984375
474.0 7.2265625
475.0 4.5703125
476.0 4.6328125
477.0 4.7421875
478.0 4.6953125
479.0 5.3203125
480.0 6.3359375
481.0 6.4453125
482.0 6.1171875
483.0 5.453125
484.0 5.734375
485.0 5.5
486.0 5.171875
487.0 4.8984375
488.0 5.0859375
489.0 5.1953125
490.0 5.171875
491.0 5.0859375
492.0 5.0859375
493.0 4.421875
494.0 6.2265625
495.0 5.109375
496.0 5.0078125
497.0 5.3359375
498.0 5.40625
499.0 1.0625
500.0 9.7734375
501.0 5.4609375
502.0 5.4375
503.0 5.2578125
504.0 5.15625
505.0 5.046875
506.0 4.6015625
507.0 4.7734375
508.0 5.890625
509.0 5.53125
510.0 5.5
511.0 5.703125
512.0 5.4609375
513.0 2.1953125
514.0 8.3515625
515.0 5.9453125
516.0 5.1015625
517.0 4.8984375
518.0 5.109375
519.0 5.1875
520.0 5.0234375
521.0 5.0390625
522.0 5.1953125
523.0 4.890625
524.0 4.6875
525.0 5.125
526.0 5.2734375
527.0 5.15625
528.0 4.875
529.0 5.3984375
530.0 5.578125
531.0 5.6015625
532.0 5.546875
533.0 5.578125
534.0 5.9765625
535.0 5.9765625
536.0 3.5859375
537.0 7.640625
538.0 6.2109375
539.0 6.1484375
540.0 7.015625
541.0 7.28125
542.0 7.3203125
543.0 1.8671875
544.0 10.234375
545.0 5.0078125
546.0 5.2265625
547.0 5.6484375
548.0 6.5546875
549.0 6.0546875
550.0 5.546875
551.0 5.4296875
552.0 5.15625
553.0 5.53125
554.0 5.109375
555.0 3.7265625
556.0 4.2421875
557.0 5.515625
558.0 6.0078125
559.0 2.875
560.0 7.9921875
561.0 5.4609375
562.0 1.7578125
563.0 9.0703125
564.0 5.609375
565.0 5.5859375
566.0 5.4296875
567.0 5.3125
568.0 5.640625
569.0 4.6640625
570.0 2.96875
571.0 3.078125
572.0 2.75
573.0 3.28125
574.0 4.8359375
575.0 3.0703125
576.0 2.9921875
577.0 3.609375
578.0 4.203125
579.0 5.1640625
580.0 3.609375
581.0 4.09375
582.0 5.4609375
583.0 4.6875
584.0 3.7890625
585.0 3.7265625
586.0 3.828125
587.0 2.8359375
588.0 3.7265625
589.0 5.0703125
590.0 5.0078125
591.0 4.171875
592.0 2.9375
593.0 0.9609375
594.0 0.0
595.0 8.7421875
596.0 5.3828125
597.0 5.53125
598.0 5.40625
599.0 5.1015625
