0.0 3.4140625
1.0 3.1484375
2.0 3.171875
3.0 3.203125
4.0 3.1328125
5.0 3.3203125
6.0 2.015625
7.0 0.3359375
8.0 0.0
9.0 6.0
10.0 3.4453125
11.0 1.734375
12.0 1.046875
13.0 1.203125
14.0 1.0625
15.0 1.140625
16.0 1.765625
17.0 3.2578125
18.0 3.6484375
19.0 1.046875
20.0 5.3203125
21.0 3.46875
22.0 3.546875
23.0 3.5625
24.0 1.03125
25.0 4.921875
26.0 2.4453125
27.0 2.125
28.0 3.234375
29.0 3.3671875
30.0 2.1328125
31.0 3.7578125
32.0 2.1171875
33.0 4.28125
34.0 3.3984375
35.0 3.3203125
36.0 3.1640625
37.0 2.921875
38.0 3.1015625
39.0 3.40625
40.0 2.1171875
41.0 4.3828125
42.0 3.1015625
43.0 2.1875
44.0 1.5234375
45.0 2.1484375
46.0 2.625
47.0 3.2890625
48.0 3.3984375
49.0 3.8203125
50.0 2.421875
51.0 5.5234375
52.0 2.90625
53.0 2.7109375
54.0 3.0703125
55.0 2.5625
56.0 2.8671875
57.0 3.7421875
58.0 3.4765625
59.0 3.53125
60.0 3.59375
61.0 3.515625
62.0 3.703125
63.0 3.734375
64.0 3.828125
65.0 2.8515625
66.0 0.0
67.0 0.0
68.0 7.5234375
69.0 3.4765625
70.0 2.5234375
71.0 5.0390625
72.0 4.0546875
73.0 3.9921875
74.0 3.859375
75.0 3.46875
76.0 3.625
77.0 3.671875
78.0 3.65625
79.0 3.4140625
80.0 2.6640625
81.0 2.953125
82.0 3.015625
83.0 0.5234375
84.0 5.078125
85.0 2.1640625
86.0 1.5625
87.0 2.578125
88.0 1.234375
89.0 1.109375
90.0 0.6171875
91.0 1.5
92.0 1.984375
93.0 1.71875
94.0 1.8046875
95.0 1.375
96.0 1.3125
97.0 0.1640625
98.0 0.0
99.0 0.0
100.0 0.0
101.0 5.46875
102.0 1.203125
103.0 1.390625
104.0 1.671875
105.0 1.2109375
106.0 1.34375
107.0 1.4921875
108.0 0.78125
109.0 0.7265625
110.0 1.0546875
111.0 1.2578125
112.0 1.9140625
113.0 0.0
114.0 0.0
115.0 4.78125
116.0 1.2890625
117.0 1.4140625
118.0 1.40625
119.0 1.3203125
120.0 1.03125
121.0 1.2109375
122.0 2.890625
123.0 3.703125
124.0 2.84375
125.0 2.90625
126.0 3.078125
127.0 0.046875
128.0 6.3203125
129.0 2.8515625
130.0 2.96875
131.0 3.0546875
132.0 2.953125
133.0 3.046875
134.0 0.9140625
135.0 0.0
136.0 5.75
137.0 2.96875
138.0 2.84375
139.0 1.4609375
140.0 1.171875
141.0 1.28125
142.0 1.59375
143.0 3.3125
144.0 3.9375
145.0 3.9921875
146.0 4.03125
147.0 3.84375
148.0 3.6484375
149.0 2.1015625
150.0 0.0
151.0 0.0
152.0 6.53125
153.0 2.890625
154.0 2.984375
155.0 2.96875
156.0 1.921875
157.0 0.0
158.0 5.1953125
159.0 3.1640625
160.0 3.203125
161.0 3.234375
162.0 3.015625
163.0 3.1171875
164.0 3.078125
165.0 3.0859375
166.0 3.265625
167.0 3.3125
168.0 3.1796875
169.0 3.078125
170.0 2.5390625
171.0 0.0
172.0 6.9609375
173.0 3.3515625
174.0 3.3515625
175.0 3.2265625
176.0 2.125
177.0 0.125
178.0 7.6953125
179.0 3.234375
180.0 3.2578125
181.0 3.171875
182.0 2.03125
183.0 4.3828125
184.0 2.4765625
185.0 5.078125
186.0 4.03125
187.0 3.9765625
188.0 3.8046875
189.0 4.0546875
190.0 4.0546875
191.0 4.0390625
192.0 3.875
193.0 3.9453125
194.0 3.796875
195.0 3.65625
196.0 3.7265625
197.0 3.796875
198.0 3.3671875
199.0 0.0
200.0 8.5078125
201.0 3.0
202.0 1.625
203.0 6.03125
204.0 3.609375
205.0 3.765625
206.0 3.7421875
207.0 3.8828125
208.0 4.0078125
209.0 4.1171875
210.0 4.0625
211.0 3.7734375
212.0 3.546875
213.0 3.828125
214.0 4.0
215.0 3.609375
216.0 0.0
217.0 8.234375
218.0 4.296875
219.0 4.0078125
220.0 3.9140625
221.0 0.0
222.0 8.4609375
223.0 4.09375
224.0 4.3828125
225.0 4.28125
226.0 4.21875
227.0 4.1875
228.0 4.234375
229.0 4.0
230.0 3.875
231.0 3.828125
232.0 2.2109375
233.0 2.9609375
234.0 7.0390625
235.0 4.2109375
236.0 4.1328125
237.0 3.9921875
238.0 4.0390625
239.0 4.0546875
240.0 4.03125
241.0 4.0390625
242.0 4.1328125
243.0 4.3515625
244.0 4.0234375
245.0 4.0859375
246.0 3.4140625
247.0 0.0
248.0 7.21875
249.0 1.109375
250.0 3.8203125
251.0 3.765625
252.0 3.84375
253.0 3.90625
254.0 3.796875
255.0 3.953125
256.0 4.1015625
257.0 3.9140625
258.0 3.203125
259.0 4.8359375
260.0 3.8515625
261.0 3.84375
262.0 3.7421875
263.0 3.0703125
264.0 4.7109375
265.0 3.6953125
266.0 4.0078125
267.0 3.9140625
268.0 3.9921875
269.0 3.546875
270.0 3.0390625
271.0 3.515625
272.0 3.875
273.0 4.125
274.0 4.0234375
275.0 3.921875
276.0 0.328125
277.0 7.8359375
278.0 4.0859375
279.0 3.875
280.0 3.6171875
281.0 3.4140625
282.0 3.25
283.0 3.25
284.0 3.2578125
285.0 3.203125
286.0 3.1328125
287.0 3.21875
288.0 3.1796875
289.0 0.28125
290.0 6.3046875
291.0 3.25
292.0 3.375
293.0 3.0
294.0 2.421875
295.0 0.0
296.0 6.8984375
297.0 3.2578125
298.0 3.53125
299.0 3.546875
300.0 3.8203125
301.0 4.0078125
302.0 2.3671875
303.0 5.25
304.0 3.921875
305.0 3.6953125
306.0 2.984375
307.0 5.0078125
308.0 3.609375
309.0 3.65625
310.0 3.84375
311.0 4.0
312.0 3.96875
313.0 4.0390625
314.0 3.8046875
315.0 3.9453125
316.0 3.953125
317.0 3.9375
318.0 3.7890625
319.0 3.828125
320.0 1.0546875
321.0 6.40625
322.0 3.40625
323.0 3.703125
324.0 1.765625
325.0 4.8046875
326.0 3.5234375
327.0 3.515625
328.0 1.9375
329.0 1.9765625
330.0 3.4375
331.0 3.65625
332.0 3.7109375
333.0 3.59375
334.0 3.1171875
335.0 3.4609375
336.0 2.65625
337.0 0.0
338.0 7.34375
339.0 4.0859375
340.0 2.5703125
341.0 2.1875
342.0 3.671875
343.0 4.296875
344.0 4.0625
345.0 2.7265625
346.0 1.4453125
347.0 0.0
348.0 5.3671875
349.0 1.9453125
350.0 2.28125
351.0 1.7421875
352.0 1.421875
353.0 3.59375
354.0 4.28125
355.0 4.2421875
356.0 4.03125
357.0 4.21875
358.0 1.9375
359.0 1.828125
360.0 0.0
361.0 0.0
362.0 0.0
363.0 6.2421875
364.0 1.984375
365.0 2.4140625
366.0 3.1796875
367.0 1.984375
368.0 1.5546875
369.0 0.0
370.0 6.453125
371.0 2.7421875
372.0 2.3984375
373.0 2.4609375
374.0 3.96875
375.0 3.9765625
376.0 4.15625
377.0 2.296875
378.0 2.2734375
379.0 2.28125
380.0 2.515625
381.0 1.8515625
382.0 1.015625
383.0 0.0
384.0 6.125
385.0 2.515625
386.0 2.359375
387.0 1.9375
388.0 1.9140625
389.0 3.703125
390.0 3.4296875
391.0 0.9296875
392.0 5.40625
393.0 3.53125
394.0 3.671875
395.0 1.953125
396.0 2.1796875
397.0 3.4765625
398.0 1.5546875
399.0 0.0
400.0 6.515625
401.0 1.0859375
402.0 3.765625
403.0 3.4453125
404.0 3.5859375
405.0 3.2265625
406.0 3.671875
407.0 3.5234375
408.0 3.640625
409.0 3.65625
410.0 2.421875
411.0 4.921875
412.0 3.7265625
413.0 3.65625
414.0 3.7578125
415.0 3.5625
416.0 3.625
417.0 3.640625
418.0 3.4921875
419.0 3.5859375
420.0 3.578125
421.0 3.6171875
422.0 2.65625
423.0 0.2578125
424.0 8.1796875
425.0 3.6953125
426.0 3.40625
427.0 3.3828125
428.0 3.9921875
429.0 4.21875
430.0 3.109375
431.0 5.578125
432.0 4.1484375
433.0 4.1171875
434.0 2.890625
435.0 5.53125
436.0 2.8515625
437.0 5.453125
438.0 4.3984375
439.0 4.296875
440.0 3.9921875
441.0 3.859375
442.0 2.65625
443.0 4.859375
444.0 3.9453125
445.0 4.0703125
446.0 3.9375
447.0 3.953125
448.0 3.8046875
449.0 3.796875
450.0 3.8046875
451.0 3.90625
452.0 3.9765625
453.0 3.796875
454.0 3.859375
455.0 3.4375
456.0 3.671875
457.0 3.578125
458.0 0.0
459.0 7.5546875
460.0 3.4296875
461.0 2.8203125
462.0 0.0
463.0 7.640625
464.0 3.65625
465.0 3.6171875
466.0 3.625
467.0 3.6953125
468.0 3.875
469.0 3.65625
470.0 3.296875
471.0 3.28125
472.0 3.28125
473.0 3.4140625
474.0 2.6953125
475.0 4.84375
476.0 3.6796875
477.0 3.2890625
478.0 2.8203125
479.0 2.625
480.0 0.015625
481.0 5.1640625
482.0 3.8203125
483.0 1.703125
484.0 6.515625
485.0 3.796875
486.0 3.921875
487.0 4.171875
488.0 4.3046875
489.0 4.125
490.0 4.171875
491.0 4.0546875
492.0 4.1796875
493.0 4.1796875
494.0 4.3671875
495.0 4.2734375
496.0 4.1015625
497.0 2.2109375
498.0 6.234375
499.0 4.21875
500.0 3.890625
501.0 0.2734375
502.0 7.4609375
503.0 4.0390625
504.0 3.9375
505.0 3.765625
506.0 3.2578125
507.0 3.046875
508.0 3.46875
509.0 3.171875
510.0 3.3828125
511.0 3.9140625
512.0 4.1875
513.0 4.296875
514.0 1.4765625
515.0 6.3671875
516.0 4.0859375
517.0 4.1015625
518.0 3.9453125
519.0 3.953125
520.0 2.3125
521.0 5.9921875
522.0 4.1796875
523.0 4.1015625
524.0 4.3359375
525.0 4.15625
526.0 4.0546875
527.0 4.1796875
528.0 4.0078125
529.0 4.09375
530.0 4.2734375
531.0 4.03125
532.0 2.4921875
533.0 5.609375
534.0 4.0078125
535.0 3.953125
536.0 4.0234375
537.0 4.328125
538.0 4.1171875
539.0 4.09375
540.0 4.0
541.0 4.0546875
542.0 4.0625
543.0 3.96875
544.0 0.0
545.0 8.2890625
546.0 3.859375
547.0 3.875
548.0 3.578125
549.0 2.234375
550.0 5.453125
551.0 3.921875
552.0 3.890625
553.0 3.9375
554.0 3.9140625
555.0 4.171875
556.0 4.0234375
557.0 3.96875
558.0 4.0546875
559.0 3.953125
560.0 4.21875
561.0 4.1328125
562.0 4.1875
563.0 0.3984375
564.0 7.515625
565.0 3.9140625
566.0 2.2109375
567.0 5.453125
568.0 2.71875
569.0 5.2578125
570.0 4.0703125
571.0 4.171875
572.0 3.890625
573.0 3.5859375
574.0 3.4609375
575.0 3.7109375
576.0 3.8203125
577.0 3.953125
578.0 3.8828125
579.0 3.9453125
580.0 3.8515625
581.0 3.796875
582.0 3.9453125
583.0 0.046875
584.0 6.5703125
585.0 4.9921875
586.0 3.8828125
587.0 3.9375
588.0 3.84375
589.0 3.890625
590.0 3.875
591.0 3.6171875
592.0 3.8515625
593.0 3.8515625
594.0 3.875
595.0 4.0078125
596.0 3.9375
597.0 3.9140625
598.0 1.296875
599.0 6.625
