0.0 3.7109375
1.0 4.125
2.0 2.8359375
3.0 4.953125
4.0 7.140625
5.0 6.953125
6.0 6.859375
7.0 6.8046875
8.0 6.9765625
9.0 6.5546875
10.0 3.4765625
11.0 7.984375
12.0 7.140625
13.0 6.7734375
14.0 6.59375
15.0 6.2734375
16.0 5.578125
17.0 5.8515625
18.0 6.5546875
19.0 6.5625
20.0 6.65625
21.0 6.53125
22.0 6.5859375
23.0 6.9140625
24.0 6.7734375
25.0 6.8671875
26.0 7.3359375
27.0 7.1640625
28.0 6.953125
29.0 7.2265625
30.0 7.1875
31.0 7.4609375
32.0 6.8984375
33.0 6.453125
34.0 6.4375
35.0 7.2265625
36.0 6.515625
37.0 7.1953125
38.0 7.4375
39.0 7.3671875
40.0 6.71875
41.0 2.25
42.0 10.609375
43.0 6.40625
44.0 6.8671875
45.0 6.3359375
46.0 6.2578125
47.0 6.3203125
48.0 6.4140625
49.0 6.0625
50.0 6.09375
51.0 5.6796875
52.0 5.7890625
53.0 6.453125
54.0 6.171875
55.0 1.4765625
56.0 11.1171875
57.0 6.5859375
58.0 6.65625
59.0 1.5546875
60.0 11.0078125
61.0 5.9609375
62.0 6.4765625
63.0 6.5703125
64.0 6.796875
65.0 6.8125
66.0 6.3203125
67.0 6.453125
68.0 6.3359375
69.0 6.7421875
70.0 6.703125
71.0 6.125
72.0 8.203125
73.0 7.1953125
74.0 6.15625
75.0 5.640625
76.0 5.3515625
77.0 1.65625
78.0 10.4609375
79.0 7.4609375
80.0 7.0703125
81.0 7.1953125
82.0 6.8125
83.0 6.8359375
84.0 6.6015625
85.0 6.703125
86.0 6.484375
87.0 6.1171875
88.0 5.5546875
89.0 5.7109375
90.0 5.2734375
91.0 5.9921875
92.0 6.84375
93.0 6.9765625
94.0 6.6875
95.0 5.1640625
96.0 9.4453125
97.0 7.4609375
98.0 6.8671875
99.0 6.8828125
100.0 7.25
101.0 7.109375
102.0 7.1015625
103.0 6.8359375
104.0 6.3671875
105.0 3.375
106.0 2.59375
107.0 4.84375
108.0 6.2578125
109.0 7.2578125
110.0 6.65625
111.0 6.09375
112.0 6.0234375
113.0 7.1640625
114.0 5.734375
115.0 1.4765625
116.0 10.9453125
117.0 6.734375
118.0 6.9921875
119.0 7.21875
120.0 7.046875
121.0 7.34375
122.0 7.1640625
123.0 2.2734375
124.0 12.0390625
125.0 6.9609375
126.0 7.140625
127.0 5.6484375
128.0 5.3359375
129.0 7.5234375
130.0 6.921875
131.0 7.09375
132.0 6.1875
133.0 6.2734375
134.0 6.6640625
135.0 6.9921875
136.0 6.171875
137.0 5.6953125
138.0 4.59375
139.0 4.0859375
140.0 2.3984375
141.0 6.2578125
142.0 5.015625
143.0 6.453125
144.0 4.6328125
145.0 5.0546875
146.0 6.625
147.0 6.4140625
148.0 6.6015625
149.0 6.890625
150.0 7.015625
151.0 6.7109375
152.0 6.484375
153.0 6.6328125
154.0 7.2421875
155.0 5.78125
156.0 6.0859375
157.0 5.1328125
158.0 1.359375
159.0 9.2109375
160.0 6.3515625
161.0 2.15625
162.0 6.8046875
163.0 5.3203125
164.0 5.1015625
165.0 2.34375
166.0 2.8125
167.0 4.203125
168.0 3.5625
169.0 4.03125
170.0 4.2109375
171.0 5.0078125
172.0 6.796875
173.0 7.09375
174.0 6.1796875
175.0 3.296875
176.0 6.171875
177.0 5.6171875
178.0 6.234375
179.0 4.6875
180.0 3.21875
181.0 9.5078125
182.0 6.859375
183.0 6.765625
184.0 6.421875
185.0 5.6640625
186.0 4.359375
187.0 4.6796875
188.0 6.390625
189.0 6.203125
190.0 4.390625
191.0 4.875
192.0 0.5390625
193.0 9.0390625
194.0 5.8515625
195.0 5.4609375
196.0 4.609375
197.0 4.515625
198.0 4.46875
199.0 4.203125
200.0 4.21875
201.0 4.3828125
202.0 4.828125
203.0 4.3671875
204.0 2.84375
205.0 6.515625
206.0 4.9453125
207.0 5.0546875
208.0 4.390625
209.0 6.7421875
210.0 5.6953125
211.0 6.0390625
212.0 5.5
213.0 5.875
214.0 5.828125
215.0 5.3671875
216.0 4.4765625
217.0 4.2109375
218.0 4.15625
219.0 4.234375
220.0 4.28125
221.0 2.265625
222.0 8.0625
223.0 5.078125
224.0 5.1875
225.0 6.1171875
226.0 7.1328125
227.0 4.5078125
228.0 3.7421875
229.0 0.2265625
230.0 10.96875
231.0 6.6015625
232.0 6.71875
233.0 6.5859375
234.0 6.3828125
235.0 5.734375
236.0 5.453125
237.0 6.0390625
238.0 2.5625
239.0 2.8359375
240.0 5.78125
241.0 6.703125
242.0 1.7890625
243.0 10.1171875
244.0 4.8046875
245.0 1.765625
246.0 9.609375
247.0 6.03125
248.0 5.203125
249.0 4.0625
250.0 5.703125
251.0 6.125
252.0 6.078125
253.0 5.890625
254.0 5.4921875
255.0 2.890625
256.0 2.890625
257.0 4.265625
258.0 2.84375
259.0 0.0
260.0 7.2109375
261.0 5.0390625
262.0 4.75
263.0 5.546875
264.0 6.421875
265.0 6.4375
266.0 4.9921875
267.0 7.9453125
268.0 5.5234375
269.0 6.3515625
270.0 6.0390625
271.0 2.296875
272.0 9.8359375
273.0 3.84375
274.0 5.3828125
275.0 5.7578125
276.0 4.6796875
277.0 4.21875
278.0 5.7265625
279.0 2.3125
280.0 10.7421875
281.0 6.515625
282.0 6.140625
283.0 5.9296875
284.0 6.4375
285.0 2.3984375
286.0 10.3828125
287.0 5.375
288.0 5.6796875
289.0 6.0234375
290.0 6.03125
291.0 6.2578125
292.0 6.2265625
293.0 5.9453125
294.0 5.890625
295.0 6.3203125
296.0 6.0234375
297.0 6.2265625
298.0 6.1171875
299.0 6.5703125
300.0 6.09375
301.0 6.171875
302.0 2.0078125
303.0 5.1875
304.0 5.9609375
305.0 5.8203125
306.0 5.53125
307.0 4.8671875
308.0 5.2265625
309.0 6.0078125
310.0 6.484375
311.0 6.40625
312.0 5.53125
313.0 3.7578125
314.0 2.1640625
315.0 1.8828125
316.0 2.6875
317.0 0.578125
318.0 0.0
319.0 6.1171875
320.0 3.4609375
321.0 1.1484375
322.0 9.09375
323.0 5.25
324.0 5.9140625
325.0 6.4765625
326.0 6.6171875
327.0 6.5625
328.0 5.9375
329.0 6.125
330.0 6.3515625
331.0 6.765625
332.0 6.2890625
333.0 6.6015625
334.0 6.46875
335.0 2.390625
336.0 11.5703125
337.0 5.75
338.0 6.515625
339.0 6.2578125
340.0 4.75
341.0 7.6640625
342.0 6.4765625
343.0 6.3046875
344.0 6.84375
345.0 6.5703125
346.0 6.3828125
347.0 6.234375
348.0 2.4609375
349.0 0.703125
350.0 0.0
351.0 0.0
352.0 0.1640625
353.0 8.8359375
354.0 5.9296875
355.0 3.140625
356.0 5.171875
357.0 6.2421875
358.0 6.625
359.0 6.3828125
360.0 4.515625
361.0 7.453125
362.0 5.9921875
363.0 6.5625
364.0 6.2890625
365.0 2.328125
366.0 10.3515625
367.0 6.515625
368.0 6.84375
369.0 6.484375
370.0 6.296875
371.0 6.40625
372.0 6.4140625
373.0 6.359375
374.0 6.6875
375.0 6.5625
376.0 6.5078125
377.0 6.6015625
378.0 6.0390625
379.0 6.328125
380.0 6.46875
381.0 5.0078125
382.0 4.03125
383.0 5.9765625
384.0 6.2890625
385.0 6.2109375
386.0 5.3203125
387.0 2.5703125
388.0 2.4140625
389.0 3.953125
390.0 6.2421875
391.0 4.421875
392.0 3.765625
393.0 4.8671875
394.0 6.296875
395.0 6.390625
396.0 6.359375
397.0 4.53125
398.0 8.5
399.0 5.6328125
400.0 5.8203125
401.0 5.75
402.0 4.4765625
403.0 2.640625
404.0 3.2890625
405.0 5.4375
406.0 7.4296875
407.0 7.2265625
408.0 7.25
409.0 5.96875
410.0 4.21875
411.0 3.90625
412.0 5.9375
413.0 5.8828125
414.0 7.015625
415.0 3.7421875
416.0 2.359375
417.0 4.1328125
418.0 3.1953125
419.0 5.0390625
420.0 4.71875
421.0 3.7109375
422.0 3.40625
423.0 3.515625
424.0 3.8515625
425.0 4.0234375
426.0 4.03125
427.0 3.703125
428.0 3.9375
429.0 4.25
430.0 6.3359375
431.0 7.1640625
432.0 6.5078125
433.0 6.6484375
434.0 6.078125
435.0 3.8828125
436.0 4.90625
437.0 4.125
438.0 5.25
439.0 5.453125
440.0 3.203125
441.0 2.453125
442.0 2.65625
443.0 3.1953125
444.0 3.7265625
445.0 3.3671875
446.0 3.859375
447.0 6.84375
448.0 7.046875
449.0 1.859375
450.0 7.5859375
451.0 6.8828125
452.0 7.1328125
453.0 5.90625
454.0 2.0390625
455.0 6.9765625
456.0 6.484375
457.0 7.0390625
458.0 6.3828125
459.0 5.1875
460.0 3.875
461.0 4.78125
462.0 6.7109375
463.0 6.5703125
464.0 7.015625
465.0 7.25
466.0 6.6875
467.0 6.3671875
468.0 1.7578125
469.0 11.3125
470.0 6.5078125
471.0 6.5546875
472.0 6.5546875
473.0 0.03125
474.0 7.640625
475.0 1.046875
476.0 3.921875
477.0 1.6484375
478.0 6.78125
479.0 1.9765625
480.0 2.984375
481.0 2.4609375
482.0 2.4296875
483.0 5.609375
484.0 7.125
485.0 6.7734375
486.0 6.5625
487.0 5.203125
488.0 4.0234375
489.0 3.7421875
490.0 4.8125
491.0 5.96875
492.0 6.0234375
493.0 6.3046875
494.0 6.59375
495.0 6.734375
496.0 6.46875
497.0 2.0078125
498.0 9.421875
499.0 6.7421875
500.0 6.8671875
501.0 6.9453125
502.0 6.8125
503.0 7.046875
504.0 6.921875
505.0 7.03125
506.0 7.2421875
507.0 6.5
508.0 7.15625
509.0 6.5546875
510.0 7.0625
511.0 6.9140625
512.0 7.21875
513.0 6.78125
514.0 7.125
515.0 7.6640625
516.0 7.109375
517.0 7.375
518.0 7.125
519.0 7.359375
520.0 6.78125
521.0 7.109375
522.0 6.5703125
523.0 6.4140625
524.0 6.0078125
525.0 4.984375
526.0 2.5390625
527.0 2.71875
528.0 3.234375
529.0 2.0859375
530.0 2.15625
531.0 1.9453125
532.0 8.375
533.0 5.765625
534.0 8.0234375
535.0 6.984375
536.0 6.2890625
537.0 5.1953125
538.0 3.4765625
539.0 0.640625
540.0 9.1796875
541.0 5.140625
542.0 4.6875
543.0 2.953125
544.0 1.078125
545.0 1.7734375
546.0 4.6953125
547.0 6.140625
548.0 6.296875
549.0 5.96875
550.0 6.3046875
551.0 5.796875
552.0 1.8828125
553.0 10.65625
554.0 5.3359375
555.0 2.953125
556.0 2.03125
557.0 7.3203125
558.0 4.71875
559.0 3.25
560.0 1.2421875
561.0 1.921875
562.0 5.1328125
563.0 6.203125
564.0 6.0625
565.0 4.8984375
566.0 6.0390625
567.0 5.9453125
568.0 6.328125
569.0 6.2890625
570.0 2.09375
571.0 6.4453125
572.0 3.0390625
573.0 6.3515625
574.0 6.1796875
575.0 6.453125
576.0 4.8359375
577.0 1.265625
578.0 9.9921875
579.0 5.5625
580.0 5.9765625
581.0 6.203125
582.0 6.1484375
583.0 6.0859375
584.0 6.0546875
585.0 4.7265625
586.0 5.0234375
587.0 6.625
588.0 5.90625
589.0 6.5
590.0 6.46875
591.0 6.2578125
592.0 6.2578125
593.0 5.734375
594.0 4.9609375
595.0 1.34375
596.0 10.0
597.0 6.125
598.0 5.90625
599.0 4.0546875
