0.0 5.203125
1.0 5.2265625
2.0 5.0390625
3.0 5.2265625
4.0 4.65625
5.0 1.3828125
6.0 8.65625
7.0 5.0546875
8.0 4.8984375
9.0 4.953125
10.0 4.7265625
11.0 5.203125
12.0 5.1640625
13.0 5.1953125
14.0 5.0703125
15.0 4.9609375
16.0 4.9921875
17.0 4.8984375
18.0 1.8515625
19.0 7.8984375
20.0 4.9609375
21.0 3.4609375
22.0 2.5234375
23.0 6.5078125
24.0 4.8125
25.0 4.8984375
26.0 4.796875
27.0 4.6484375
28.0 4.6953125
29.0 4.828125
30.0 4.78125
31.0 4.78125
32.0 4.6875
33.0 4.9296875
34.0 4.8125
35.0 4.71875
36.0 0.3984375
37.0 9.6328125
38.0 5.1640625
39.0 4.9453125
40.0 5.0234375
41.0 1.625
42.0 7.84375
43.0 4.84375
44.0 4.7421875
45.0 4.90625
46.0 4.9921875
47.0 5.2265625
48.0 5.140625
49.0 5.0390625
50.0 4.7578125
51.0 5.140625
52.0 4.7265625
53.0 3.5
54.0 5.9609375
55.0 5.125
56.0 5.1015625
57.0 5.046875
58.0 5.3828125
59.0 5.40625
60.0 5.15625
61.0 5.015625
62.0 4.890625
63.0 2.8515625
64.0 7.2265625
65.0 4.9921875
66.0 5.078125
67.0 4.828125
68.0 4.84375
69.0 4.8046875
70.0 5.2890625
71.0 5.3203125
72.0 5.140625
73.0 5.0703125
74.0 5.1953125
75.0 5.1328125
76.0 5.3046875
77.0 0.9140625
78.0 9.4453125
79.0 5.0703125
80.0 5.125
81.0 4.3828125
82.0 5.8203125
83.0 4.8125
84.0 4.6875
85.0 5.109375
86.0 5.3828125
87.0 4.953125
88.0 5.28125
89.0 5.125
90.0 4.984375
91.0 5.2265625
92.0 5.5234375
93.0 4.9921875
94.0 5.421875
95.0 4.625
96.0 6.0859375
97.0 4.9609375
98.0 5.21875
99.0 4.875
100.0 5.453125
101.0 4.46875
102.0 4.3984375
103.0 4.9765625
104.0 4.6484375
105.0 4.21875
106.0 5.25
107.0 5.3359375
108.0 5.015625
109.0 5.0703125
110.0 0.390625
111.0 9.5234375
112.0 5.3046875
113.0 5.28125
114.0 5.3359375
115.0 3.7890625
116.0 6.5859375
117.0 5.140625
118.0 5.2578125
119.0 5.2578125
120.0 5.0859375
121.0 4.953125
122.0 5.171875
123.0 5.2734375
124.0 5.0078125
125.0 4.3828125
126.0 4.9609375
127.0 3.8203125
128.0 2.1328125
129.0 7.28125
130.0 5.34375
131.0 5.4296875
132.0 5.3828125
133.0 5.40625
134.0 5.21875
135.0 4.9453125
136.0 0.515625
137.0 9.703125
138.0 5.421875
139.0 5.125
140.0 5.109375
141.0 5.1328125
142.0 5.3984375
143.0 5.4609375
144.0 4.84375
145.0 5.078125
146.0 5.484375
147.0 5.3984375
148.0 2.984375
149.0 6.7421875
150.0 5.3828125
151.0 5.2734375
152.0 5.5546875
153.0 5.546875
154.0 5.125
155.0 5.2890625
156.0 1.4921875
157.0 9.046875
158.0 5.171875
159.0 5.1953125
160.0 5.1328125
161.0 5.3671875
162.0 5.3203125
163.0 5.40625
164.0 5.0390625
165.0 5.1953125
166.0 5.078125
167.0 4.78125
168.0 4.3046875
169.0 5.53125
170.0 4.921875
171.0 5.125
172.0 5.140625
173.0 4.7734375
174.0 4.78125
175.0 4.7734375
176.0 4.90625
177.0 4.8671875
178.0 5.0390625
179.0 4.9609375
180.0 2.15625
181.0 6.0078125
182.0 4.953125
183.0 4.2109375
184.0 4.6640625
185.0 4.5078125
186.0 4.7734375
187.0 0.0
188.0 8.3203125
189.0 4.4296875
190.0 4.25
191.0 3.6953125
192.0 4.2109375
193.0 4.296875
194.0 4.3828125
195.0 4.8046875
196.0 4.984375
197.0 4.9765625
198.0 5.0703125
199.0 5.0546875
200.0 5.125
201.0 5.125
202.0 5.015625
203.0 5.234375
204.0 5.6015625
205.0 5.46875
206.0 5.3984375
207.0 5.421875
208.0 5.2734375
209.0 5.21875
210.0 5.5625
211.0 5.515625
212.0 3.2265625
213.0 7.90625
214.0 5.421875
215.0 5.109375
216.0 5.6484375
217.0 5.609375
218.0 5.515625
219.0 5.5234375
220.0 5.25
221.0 4.6875
222.0 5.0078125
223.0 5.171875
224.0 4.8671875
225.0 5.2890625
226.0 5.515625
227.0 5.4921875
228.0 5.5546875
229.0 5.171875
230.0 5.1328125
231.0 5.5234375
232.0 5.5625
233.0 5.375
234.0 5.421875
235.0 5.171875
236.0 5.3984375
237.0 5.34375
238.0 5.4296875
239.0 5.28125
240.0 0.8515625
241.0 9.7734375
242.0 4.6328125
243.0 4.8046875
244.0 4.8359375
245.0 5.0859375
246.0 0.484375
247.0 9.390625
248.0 5.2265625
249.0 4.1015625
250.0 4.7421875
251.0 5.0078125
252.0 5.109375
253.0 5.1015625
254.0 4.953125
255.0 4.921875
256.0 4.3828125
257.0 4.59375
258.0 4.625
259.0 1.5390625
260.0 8.203125
261.0 5.0859375
262.0 5.3046875
263.0 4.2734375
264.0 5.109375
265.0 5.34375
266.0 5.3515625
267.0 5.25
268.0 5.234375
269.0 5.078125
270.0 5.0703125
271.0 4.875
272.0 5.0390625
273.0 4.359375
274.0 3.609375
275.0 3.8203125
276.0 1.7734375
277.0 8.8984375
278.0 4.6640625
279.0 3.90625
280.0 3.765625
281.0 3.5546875
282.0 1.234375
283.0 8.8046875
284.0 5.4921875
285.0 5.2265625
286.0 5.3984375
287.0 5.4609375
288.0 5.6171875
289.0 5.109375
290.0 5.0234375
291.0 5.6015625
292.0 5.5625
293.0 5.578125
294.0 5.3359375
295.0 2.5625
296.0 8.2421875
297.0 5.3203125
298.0 5.765625
299.0 5.484375
300.0 5.6484375
301.0 5.5625
302.0 2.671875
303.0 8.4140625
304.0 5.546875
305.0 5.84375
306.0 5.703125
307.0 5.640625
308.0 5.90625
309.0 5.7890625
310.0 5.9296875
311.0 5.9375
312.0 5.828125
313.0 5.859375
314.0 5.640625
315.0 5.5546875
316.0 5.703125
317.0 5.671875
318.0 5.5859375
319.0 5.3984375
320.0 5.46875
321.0 5.3671875
322.0 5.4921875
323.0 5.4375
324.0 5.53125
325.0 5.46875
326.0 5.515625
327.0 5.6015625
328.0 5.421875
329.0 5.15625
330.0 5.9921875
331.0 5.484375
332.0 5.46875
333.0 5.515625
334.0 5.421875
335.0 5.6640625
336.0 0.8125
337.0 10.6796875
338.0 6.0
339.0 5.6328125
340.0 5.671875
341.0 5.671875
342.0 5.375
343.0 5.890625
344.0 5.5546875
345.0 5.6640625
346.0 5.546875
347.0 5.7265625
348.0 5.6328125
349.0 5.859375
350.0 5.609375
351.0 5.6796875
352.0 5.5
353.0 5.765625
354.0 5.546875
355.0 5.828125
356.0 5.90625
357.0 5.6171875
358.0 5.484375
359.0 5.6171875
360.0 5.703125
361.0 5.6484375
362.0 5.3359375
363.0 5.6328125
364.0 3.1484375
365.0 7.90625
366.0 5.53125
367.0 5.5
368.0 4.1484375
369.0 7.1015625
370.0 5.453125
371.0 5.6484375
372.0 5.4375
373.0 5.46875
374.0 5.46875
375.0 4.8984375
376.0 4.8671875
377.0 3.5859375
378.0 2.3671875
379.0 0.8125
380.0 8.0
381.0 5.140625
382.0 5.0703125
383.0 5.546875
384.0 5.546875
385.0 5.5625
386.0 5.25
387.0 5.453125
388.0 5.2890625
389.0 5.5546875
390.0 5.515625
391.0 5.1640625
392.0 4.6484375
393.0 6.328125
394.0 5.515625
395.0 5.4375
396.0 5.15625
397.0 4.7109375
398.0 5.9453125
399.0 5.3046875
400.0 5.5625
401.0 5.3984375
402.0 5.421875
403.0 5.671875
404.0 5.2734375
405.0 5.125
406.0 4.7734375
407.0 5.375
408.0 5.4609375
409.0 5.3125
410.0 2.2109375
411.0 9.296875
412.0 5.78125
413.0 5.796875
414.0 5.3203125
415.0 5.171875
416.0 5.3046875
417.0 5.640625
418.0 5.3828125
419.0 5.3203125
420.0 5.125
421.0 5.171875
422.0 0.7578125
423.0 9.671875
424.0 5.203125
425.0 5.4296875
426.0 5.21875
427.0 5.6484375
428.0 5.3984375
429.0 5.015625
430.0 5.8515625
431.0 5.3515625
432.0 5.4296875
433.0 5.0859375
434.0 4.7421875
435.0 5.8828125
436.0 5.3046875
437.0 5.2734375
438.0 5.3984375
439.0 5.5234375
440.0 5.3203125
441.0 5.4609375
442.0 5.203125
443.0 5.109375
444.0 5.1953125
445.0 5.203125
446.0 4.953125
447.0 4.9453125
448.0 4.953125
449.0 5.140625
450.0 5.046875
451.0 4.9609375
452.0 4.90625
453.0 4.953125
454.0 4.875
455.0 4.7109375
456.0 4.6328125
457.0 4.890625
458.0 3.7109375
459.0 6.15625
460.0 4.9296875
461.0 4.84375
462.0 5.125
463.0 5.1015625
464.0 0.34375
465.0 9.390625
466.0 5.140625
467.0 5.0546875
468.0 5.3828125
469.0 5.21875
470.0 5.25
471.0 3.7578125
472.0 6.5546875
473.0 5.203125
474.0 3.140625
475.0 3.53125
476.0 4.9921875
477.0 5.015625
478.0 5.078125
479.0 4.953125
480.0 5.0078125
481.0 5.203125
482.0 5.21875
483.0 5.2265625
484.0 5.484375
485.0 5.140625
486.0 0.8828125
487.0 9.515625
488.0 5.3046875
489.0 5.1953125
490.0 5.21875
491.0 5.421875
492.0 5.0390625
493.0 3.34375
494.0 7.15625
495.0 4.4140625
496.0 3.3203125
497.0 3.90625
498.0 2.640625
499.0 3.828125
500.0 4.4453125
501.0 4.8359375
502.0 4.53125
503.0 4.9921875
504.0 5.3359375
505.0 5.40625
506.0 0.6953125
507.0 9.984375
508.0 5.5234375
509.0 5.5
510.0 5.3828125
511.0 5.125
512.0 4.9765625
513.0 1.1328125
514.0 8.7109375
515.0 4.3828125
516.0 5.0078125
517.0 4.7421875
518.0 4.6484375
519.0 4.90625
520.0 5.109375
521.0 5.0859375
522.0 4.859375
523.0 4.8046875
524.0 5.046875
525.0 4.6796875
526.0 2.1171875
527.0 7.8203125
528.0 4.7421875
529.0 4.6015625
530.0 4.8984375
531.0 5.125
532.0 1.921875
533.0 8.4921875
534.0 5.2265625
535.0 4.984375
536.0 4.8125
537.0 4.8671875
538.0 5.203125
539.0 5.3828125
540.0 5.515625
541.0 5.453125
542.0 5.484375
543.0 5.515625
544.0 4.4140625
545.0 2.484375
546.0 6.5546875
547.0 0.0
548.0 0.0
549.0 0.0
550.0 0.0
551.0 0.0
552.0 1.265625
553.0 4.3828125
554.0 5.3046875
555.0 5.1953125
556.0 5.34375
557.0 5.15625
558.0 5.46875
559.0 5.2890625
560.0 5.078125
561.0 5.3203125
562.0 5.1875
563.0 4.609375
564.0 0.6328125
565.0 9.7265625
566.0 4.921875
567.0 2.1171875
568.0 7.6171875
569.0 4.828125
570.0 5.1875
571.0 5.1015625
572.0 5.0078125
573.0 4.796875
574.0 5.1015625
575.0 5.2578125
576.0 5.125
577.0 4.921875
578.0 4.9453125
579.0 5.515625
580.0 5.5
581.0 0.8203125
582.0 10.3515625
583.0 5.7265625
584.0 5.6328125
585.0 5.609375
586.0 3.828125
587.0 7.4375
588.0 5.5234375
589.0 5.6015625
590.0 5.2890625
591.0 5.140625
592.0 5.6640625
593.0 5.3671875
594.0 5.5234375
595.0 5.578125
596.0 5.4375
597.0 5.75
598.0 5.515625
599.0 5.546875
