0.0 4.328125
1.0 3.625
2.0 4.28125
3.0 3.4921875
4.0 0.0
5.0 0.0
6.0 4.796875
7.0 4.0859375
8.0 3.296875
9.0 3.0703125
10.0 1.734375
11.0 0.6640625
12.0 3.3671875
13.0 3.578125
14.0 2.9375
15.0 0.0
16.0 6.2109375
17.0 3.4140625
18.0 2.9609375
19.0 0.8828125
20.0 3.25
21.0 4.1484375
22.0 3.0
23.0 0.4921875
24.0 3.578125
25.0 3.515625
26.0 0.609375
27.0 3.59375
28.0 2.015625
29.0 1.5
30.0 2.234375
31.0 0.65625
32.0 7.9921875
33.0 2.5703125
34.0 2.6875
35.0 0.078125
36.0 4.75
37.0 0.03125
38.0 0.0
39.0 0.0
40.0 0.0
41.0 0.0
42.0 1.234375
43.0 2.71875
44.0 0.6015625
45.0 3.5625
46.0 3.765625
47.0 4.28125
48.0 0.0
49.0 2.015625
50.0 3.9921875
51.0 2.4453125
52.0 4.0390625
53.0 1.9453125
54.0 0.1875
55.0 0.0390625
56.0 0.75
57.0 1.7109375
58.0 0.9453125
59.0 8.296875
60.0 4.328125
61.0 4.2109375
62.0 1.53125
63.0 0.1953125
64.0 4.0390625
65.0 0.765625
66.0 7.640625
67.0 0.2578125
68.0 1.96875
69.0 0.9375
70.0 1.796875
71.0 2.4296875
72.0 0.2109375
73.0 4.7265625
74.0 0.03125
75.0 0.484375
76.0 0.03125
77.0 2.953125
78.0 2.453125
79.0 0.0703125
80.0 1.1796875
81.0 0.65625
82.0 2.6015625
83.0 4.3203125
84.0 3.4609375
85.0 3.34375
86.0 3.890625
87.0 3.4765625
88.0 1.625
89.0 0.25
90.0 4.09375
91.0 4.25
92.0 0.6015625
93.0 4.203125
94.0 4.6328125
95.0 0.0
96.0 1.0
97.0 3.7890625
98.0 3.7109375
99.0 0.0
100.0 7.96875
101.0 3.8203125
102.0 4.296875
103.0 3.9921875
104.0 3.921875
105.0 3.8828125
106.0 4.2109375
107.0 3.7890625
108.0 3.2265625
109.0 3.890625
110.0 4.2421875
111.0 4.5625
112.0 1.859375
113.0 6.453125
114.0 3.9140625
115.0 3.8203125
116.0 3.640625
117.0 3.609375
118.0 0.5859375
119.0 5.9765625
120.0 0.328125
121.0 0.0
122.0 3.0703125
123.0 4.796875
124.0 4.1796875
125.0 2.359375
126.0 0.75
127.0 0.5390625
128.0 0.7265625
129.0 0.9921875
130.0 0.2578125
131.0 1.7109375
132.0 3.7421875
133.0 3.796875
134.0 3.5
135.0 3.7734375
136.0 3.734375
137.0 0.0625
138.0 7.515625
139.0 3.90625
140.0 4.0546875
141.0 3.9921875
142.0 2.0703125
143.0 5.3046875
144.0 3.7109375
145.0 3.5234375
146.0 3.6484375
147.0 3.6171875
148.0 1.4609375
149.0 4.328125
150.0 3.7109375
151.0 3.1484375
152.0 4.6484375
153.0 4.0703125
154.0 3.953125
155.0 2.7421875
156.0 2.75
157.0 2.578125
158.0 3.5625
159.0 4.125
160.0 4.0234375
161.0 4.2734375
162.0 4.2734375
163.0 4.0390625
164.0 4.0703125
165.0 4.203125
166.0 3.7734375
167.0 4.25
168.0 3.921875
169.0 3.640625
170.0 4.1015625
171.0 1.3828125
172.0 6.484375
173.0 4.0546875
174.0 2.84375
175.0 0.0
176.0 0.0
177.0 4.515625
178.0 1.53125
179.0 4.125
180.0 4.171875
181.0 3.328125
182.0 3.9453125
183.0 4.0546875
184.0 3.96875
185.0 2.8984375
186.0 0.6875
187.0 4.1015625
188.0 1.0859375
189.0 1.3125
190.0 2.625
191.0 0.0390625
192.0 0.0
193.0 0.0
194.0 0.0
195.0 6.859375
196.0 0.6015625
197.0 0.34375
198.0 3.34375
199.0 2.359375
200.0 0.1953125
201.0 0.9296875
202.0 5.203125
203.0 1.765625
204.0 3.5546875
205.0 3.609375
206.0 3.9375
207.0 4.0234375
208.0 4.1015625
209.0 3.8203125
210.0 3.703125
211.0 3.4296875
212.0 3.546875
213.0 3.5859375
214.0 3.4140625
215.0 2.6328125
216.0 0.75
217.0 4.5703125
218.0 3.7109375
219.0 2.8984375
220.0 3.3671875
221.0 0.3671875
222.0 0.3125
223.0 2.6015625
224.0 3.3828125
225.0 1.703125
226.0 2.4140625
227.0 2.21875
228.0 2.671875
229.0 3.84375
230.0 2.921875
231.0 3.7265625
232.0 3.65625
233.0 3.609375
234.0 3.6484375
235.0 3.6171875
236.0 3.7265625
237.0 3.4921875
238.0 3.7265625
239.0 4.0625
240.0 4.09375
241.0 4.265625
242.0 4.15625
243.0 4.09375
244.0 3.25
245.0 0.0
246.0 6.234375
247.0 3.140625
248.0 3.4609375
249.0 4.0
250.0 4.0859375
251.0 3.890625
252.0 3.0390625
253.0 0.0
254.0 7.5703125
255.0 3.8515625
256.0 3.59375
257.0 3.625
258.0 3.625
259.0 3.6796875
260.0 3.7265625
261.0 3.671875
262.0 3.53125
263.0 3.828125
264.0 3.890625
265.0 4.0625
266.0 1.2109375
267.0 7.21875
268.0 3.9140625
269.0 3.7109375
270.0 4.0078125
271.0 3.8828125
272.0 3.2890625
273.0 0.0
274.0 7.671875
275.0 2.984375
276.0 3.5859375
277.0 1.71875
278.0 2.90625
279.0 3.796875
280.0 0.4375
281.0 2.1328125
282.0 3.953125
283.0 3.8515625
284.0 3.84375
285.0 2.7734375
286.0 0.5390625
287.0 7.7890625
288.0 3.4140625
289.0 2.9296875
290.0 3.6796875
291.0 1.796875
292.0 0.359375
293.0 1.4921875
294.0 0.0
295.0 4.546875
296.0 0.1953125
297.0 0.0
298.0 1.8671875
299.0 2.375
300.0 3.90625
301.0 1.65625
302.0 0.1015625
303.0 1.109375
304.0 2.2734375
305.0 3.96875
306.0 4.125
307.0 3.7109375
308.0 1.6875
309.0 3.21875
310.0 4.0625
311.0 1.1328125
312.0 5.7109375
313.0 0.5703125
314.0 0.0
315.0 0.1640625
316.0 0.3125
317.0 3.171875
318.0 2.1875
319.0 1.1953125
320.0 0.078125
321.0 4.4453125
322.0 1.4921875
323.0 0.328125
324.0 1.5078125
325.0 2.78125
326.0 0.0
327.0 6.5078125
328.0 3.5859375
329.0 3.9140625
330.0 3.9765625
331.0 3.59375
332.0 4.03125
333.0 3.84375
334.0 3.7421875
335.0 3.59375
336.0 2.6640625
337.0 3.921875
338.0 1.5625
339.0 6.2109375
340.0 4.46875
341.0 1.7890625
342.0 3.4765625
343.0 0.140625
344.0 3.7734375
345.0 1.2265625
346.0 0.4296875
347.0 0.21875
348.0 2.234375
349.0 2.609375
350.0 0.515625
351.0 2.71875
352.0 4.2421875
353.0 4.2734375
354.0 3.65625
355.0 0.5234375
356.0 9.03125
357.0 4.0390625
358.0 4.03125
359.0 1.1171875
360.0 0.0
361.0 1.6796875
362.0 3.625
363.0 1.8671875
364.0 0.7890625
365.0 0.765625
366.0 0.2890625
367.0 2.4453125
368.0 0.0
369.0 4.1171875
370.0 1.6796875
371.0 0.015625
372.0 3.703125
373.0 0.46875
374.0 0.328125
375.0 0.9375
376.0 2.9375
377.0 3.625
378.0 4.15625
379.0 4.453125
380.0 4.3046875
381.0 2.78125
382.0 3.0
383.0 4.15625
384.0 1.5703125
385.0 0.3125
386.0 4.5
387.0 0.0
388.0 0.0
389.0 0.0
390.0 0.0
391.0 3.8203125
392.0 2.265625
393.0 4.3515625
394.0 4.3046875
395.0 3.1953125
396.0 5.0078125
397.0 3.875
398.0 4.0859375
399.0 3.9375
400.0 3.875
401.0 2.9609375
402.0 4.125
403.0 1.328125
404.0 0.125
405.0 2.8125
406.0 3.7578125
407.0 3.546875
408.0 1.796875
409.0 3.96875
410.0 2.3359375
411.0 0.2421875
412.0 0.3125
413.0 0.0
414.0 0.0
415.0 0.0
416.0 7.4609375
417.0 2.625
418.0 2.125
419.0 3.0234375
420.0 0.0
421.0 0.0
422.0 0.0
423.0 0.0
424.0 0.0
425.0 0.0
426.0 5.515625
427.0 1.59375
428.0 0.0390625
429.0 0.09375
430.0 0.984375
431.0 1.4453125
432.0 1.3828125
433.0 0.8515625
434.0 2.78125
435.0 3.078125
436.0 2.046875
437.0 0.1328125
438.0 1.765625
439.0 3.8203125
440.0 1.6875
441.0 0.046875
442.0 1.34375
443.0 3.875
444.0 2.1484375
445.0 0.2578125
446.0 0.6875
447.0 0.25
448.0 7.2578125
449.0 2.0859375
450.0 5.4375
451.0 3.8515625
452.0 4.3203125
453.0 4.125
454.0 3.890625
455.0 4.0
456.0 4.1015625
457.0 3.7734375
458.0 3.84375
459.0 3.9453125
460.0 2.7734375
461.0 0.0
462.0 5.90625
463.0 3.1640625
464.0 0.6640625
465.0 5.8203125
466.0 3.4453125
467.0 3.171875
468.0 3.3125
469.0 3.4921875
470.0 3.4140625
471.0 3.53125
472.0 3.3125
473.0 3.203125
474.0 3.3984375
475.0 3.4140625
476.0 2.9375
477.0 3.046875
478.0 3.046875
479.0 2.25
480.0 0.0
481.0 6.890625
482.0 3.1484375
483.0 3.1484375
484.0 2.515625
485.0 0.0
486.0 7.7890625
487.0 3.3671875
488.0 3.21875
489.0 2.890625
490.0 2.875
491.0 2.953125
492.0 2.953125
493.0 3.0703125
494.0 3.0390625
495.0 3.1640625
496.0 3.0234375
497.0 3.0234375
498.0 0.9453125
499.0 5.484375
500.0 3.1953125
501.0 3.328125
502.0 2.890625
503.0 2.03125
504.0 4.484375
505.0 3.078125
506.0 3.1328125
507.0 2.9296875
508.0 2.90625
509.0 2.90625
510.0 2.5078125
511.0 2.7265625
512.0 2.890625
513.0 3.078125
514.0 2.71875
515.0 3.0859375
516.0 3.1015625
517.0 3.1953125
518.0 0.4921875
519.0 5.25
520.0 2.546875
521.0 2.8359375
522.0 2.9609375
523.0 1.2421875
524.0 0.015625
525.0 7.0078125
526.0 2.8984375
527.0 2.7890625
528.0 3.8203125
529.0 3.6953125
530.0 3.8203125
531.0 3.7265625
532.0 3.7578125
533.0 3.4296875
534.0 2.8671875
535.0 0.875
536.0 4.859375
537.0 3.25
538.0 3.1015625
539.0 3.0390625
540.0 2.546875
541.0 2.546875
542.0 2.8046875
543.0 2.8515625
544.0 2.96875
545.0 2.75
546.0 2.3671875
547.0 2.1484375
548.0 1.7734375
549.0 0.0
550.0 0.0
551.0 7.4921875
552.0 5.9296875
553.0 2.6875
554.0 3.1640625
555.0 5.1875
556.0 6.65625
557.0 6.2890625
558.0 6.71875
559.0 7.2109375
560.0 5.9375
561.0 5.609375
562.0 6.1796875
563.0 5.1640625
564.0 7.2890625
565.0 5.7890625
566.0 5.703125
567.0 5.46875
568.0 5.5
569.0 5.90625
570.0 5.546875
571.0 6.0859375
572.0 6.2421875
573.0 6.1875
574.0 5.9765625
575.0 5.1640625
576.0 4.8359375
577.0 4.15625
578.0 6.9609375
579.0 5.015625
580.0 5.2578125
581.0 6.2421875
582.0 6.328125
583.0 5.6484375
584.0 2.1640625
585.0 8.4453125
586.0 6.7734375
587.0 6.2890625
588.0 5.9609375
589.0 6.03125
590.0 6.0234375
591.0 6.5
592.0 5.8515625
593.0 5.515625
594.0 5.78125
595.0 6.65625
596.0 6.03125
597.0 6.15625
598.0 5.7578125
599.0 5.6796875
