0.0 4.203125
1.0 4.71875
2.0 5.3671875
3.0 5.234375
4.0 4.875
5.0 5.2265625
6.0 4.84375
7.0 5.109375
8.0 5.1015625
9.0 4.9453125
10.0 1.234375
11.0 8.9453125
12.0 5.0078125
13.0 4.9453125
14.0 5.1953125
15.0 5.0703125
16.0 3.328125
17.0 6.5
18.0 5.0390625
19.0 5.078125
20.0 4.9609375
21.0 4.71875
22.0 5.046875
23.0 4.953125
24.0 5.1015625
25.0 5.1640625
26.0 4.8671875
27.0 4.8671875
28.0 5.0390625
29.0 0.6015625
30.0 9.3671875
31.0 4.875
32.0 4.9609375
33.0 4.9453125
34.0 4.8984375
35.0 4.8671875
36.0 4.9609375
37.0 5.2265625
38.0 5.15625
39.0 5.1328125
40.0 5.1640625
41.0 5.203125
42.0 5.078125
43.0 5.1640625
44.0 5.1640625
45.0 5.0703125
46.0 5.125
47.0 5.015625
48.0 5.171875
49.0 5.2265625
50.0 2.1171875
51.0 8.1171875
52.0 5.2734375
53.0 5.1640625
54.0 5.1953125
55.0 2.1171875
56.0 8.4453125
57.0 5.3125
58.0 5.3125
59.0 5.203125
60.0 5.234375
61.0 5.1640625
62.0 5.3203125
63.0 5.171875
64.0 5.1328125
65.0 5.1640625
66.0 5.25
67.0 5.3125
68.0 2.484375
69.0 7.8203125
70.0 5.0234375
71.0 1.3203125
72.0 8.734375
73.0 4.9921875
74.0 5.109375
75.0 5.1328125
76.0 5.1875
77.0 5.21875
78.0 4.9609375
79.0 4.9921875
80.0 4.984375
81.0 5.1640625
82.0 5.0390625
83.0 5.015625
84.0 2.71875
85.0 7.4296875
86.0 4.984375
87.0 5.0546875
88.0 5.1328125
89.0 4.875
90.0 4.90625
91.0 4.9765625
92.0 4.9609375
93.0 4.8984375
94.0 4.921875
95.0 4.875
96.0 4.984375
97.0 4.859375
98.0 5.046875
99.0 5.1328125
100.0 5.2265625
101.0 4.9921875
102.0 5.0703125
103.0 5.171875
104.0 5.0390625
105.0 5.046875
106.0 5.015625
107.0 5.3046875
108.0 5.1640625
109.0 5.140625
110.0 5.2265625
111.0 5.171875
112.0 4.828125
113.0 1.046875
114.0 9.1875
115.0 5.0234375
116.0 5.1640625
117.0 5.25
118.0 1.0234375
119.0 9.28125
120.0 5.3671875
121.0 5.2578125
122.0 5.2734375
123.0 5.15625
124.0 5.15625
125.0 2.2734375
126.0 8.265625
127.0 4.890625
128.0 5.2890625
129.0 5.25
130.0 5.2890625
131.0 5.2734375
132.0 5.1640625
133.0 5.078125
134.0 4.921875
135.0 5.078125
136.0 4.9765625
137.0 5.15625
138.0 5.078125
139.0 1.1640625
140.0 9.0390625
141.0 4.796875
142.0 5.0859375
143.0 5.140625
144.0 5.046875
145.0 2.234375
146.0 7.8984375
147.0 5.0546875
148.0 5.0234375
149.0 5.0390625
150.0 4.609375
151.0 4.8984375
152.0 4.8984375
153.0 4.890625
154.0 4.8125
155.0 5.078125
156.0 4.8125
157.0 4.796875
158.0 5.3125
159.0 5.0703125
160.0 4.84375
161.0 5.046875
162.0 3.9375
163.0 6.3046875
164.0 5.109375
165.0 5.2265625
166.0 5.0546875
167.0 5.140625
168.0 4.9453125
169.0 5.1953125
170.0 5.0078125
171.0 5.3125
172.0 5.0234375
173.0 4.921875
174.0 5.0546875
175.0 5.2578125
176.0 0.9453125
177.0 9.3359375
178.0 5.0859375
179.0 5.1953125
180.0 5.234375
181.0 4.6640625
182.0 1.9375
183.0 8.7421875
184.0 5.0703125
185.0 4.9765625
186.0 5.171875
187.0 5.171875
188.0 5.21875
189.0 5.203125
190.0 4.984375
191.0 5.1640625
192.0 5.0859375
193.0 4.953125
194.0 4.9765625
195.0 5.0234375
196.0 4.9921875
197.0 5.078125
198.0 5.0859375
199.0 4.8671875
200.0 3.0
201.0 6.953125
202.0 4.9453125
203.0 4.90625
204.0 5.1015625
205.0 4.9609375
206.0 5.078125
207.0 1.4765625
208.0 7.9453125
209.0 5.0234375
210.0 4.9296875
211.0 5.046875
212.0 4.9765625
213.0 4.78125
214.0 4.625
215.0 5.140625
216.0 5.1953125
217.0 4.8046875
218.0 4.890625
219.0 4.8125
220.0 4.953125
221.0 4.90625
222.0 4.8984375
223.0 5.0234375
224.0 5.1015625
225.0 5.140625
226.0 5.171875
227.0 5.1875
228.0 5.078125
229.0 5.0546875
230.0 5.15625
231.0 5.0859375
232.0 5.0390625
233.0 4.9765625
234.0 5.3046875
235.0 5.171875
236.0 5.015625
237.0 4.0
238.0 6.2890625
239.0 5.28125
240.0 5.1328125
241.0 5.1875
242.0 4.921875
243.0 3.1171875
244.0 6.15625
245.0 1.5625
246.0 4.1015625
247.0 4.9609375
248.0 5.0703125
249.0 5.2734375
250.0 5.46875
251.0 5.234375
252.0 0.1796875
253.0 10.078125
254.0 5.0078125
255.0 5.109375
256.0 5.171875
257.0 0.703125
258.0 9.484375
259.0 5.015625
260.0 5.0234375
261.0 5.171875
262.0 4.8671875
263.0 5.125
264.0 4.984375
265.0 4.921875
266.0 5.1640625
267.0 5.0078125
268.0 4.9453125
269.0 3.015625
270.0 6.859375
271.0 4.921875
272.0 4.03125
273.0 5.5859375
274.0 4.8125
275.0 4.8125
276.0 4.828125
277.0 4.828125
278.0 4.90625
279.0 4.8046875
280.0 4.9296875
281.0 4.9765625
282.0 5.0703125
283.0 4.9453125
284.0 4.8671875
285.0 4.8671875
286.0 0.3984375
287.0 9.875
288.0 5.1328125
289.0 5.140625
290.0 0.75
291.0 9.484375
292.0 5.1875
293.0 4.9296875
294.0 4.9921875
295.0 4.8984375
296.0 4.875
297.0 5.140625
298.0 5.1328125
299.0 5.0859375
300.0 4.6953125
301.0 4.9296875
302.0 1.109375
303.0 9.1328125
304.0 5.203125
305.0 4.8125
306.0 4.984375
307.0 4.984375
308.0 5.0546875
309.0 0.515625
310.0 9.4921875
311.0 5.0546875
312.0 5.0546875
313.0 5.140625
314.0 5.203125
315.0 5.078125
316.0 5.078125
317.0 5.1875
318.0 5.25
319.0 4.9921875
320.0 5.046875
321.0 3.734375
322.0 6.390625
323.0 5.1015625
324.0 5.0390625
325.0 5.1875
326.0 1.421875
327.0 8.796875
328.0 5.1328125
329.0 4.875
330.0 4.9765625
331.0 5.015625
332.0 4.984375
333.0 4.828125
334.0 4.859375
335.0 4.859375
336.0 4.8359375
337.0 4.890625
338.0 4.9609375
339.0 4.8125
340.0 5.1015625
341.0 4.9453125
342.0 5.1328125
343.0 4.9921875
344.0 2.9375
345.0 7.125
346.0 4.84375
347.0 5.2890625
348.0 4.953125
349.0 4.8984375
350.0 4.1875
351.0 5.6015625
352.0 4.859375
353.0 4.9765625
354.0 4.859375
355.0 4.859375
356.0 5.0234375
357.0 4.8984375
358.0 5.25
359.0 5.125
360.0 5.046875
361.0 5.1015625
362.0 5.140625
363.0 1.9765625
364.0 8.4140625
365.0 5.046875
366.0 5.2265625
367.0 5.2265625
368.0 1.8828125
369.0 8.4765625
370.0 5.25
371.0 5.0703125
372.0 5.234375
373.0 5.3046875
374.0 4.9921875
375.0 5.2578125
376.0 5.3984375
377.0 5.375
378.0 5.1875
379.0 5.3125
380.0 5.0859375
381.0 1.8984375
382.0 8.3125
383.0 5.2734375
384.0 5.25
385.0 0.453125
386.0 9.5078125
387.0 5.25
388.0 5.140625
389.0 1.703125
390.0 0.0
391.0 0.0
392.0 0.0
393.0 0.0
394.0 0.0
395.0 5.8203125
396.0 5.0078125
397.0 4.9921875
398.0 5.0078125
399.0 4.984375
400.0 5.046875
401.0 4.9453125
402.0 5.015625
403.0 5.0234375
404.0 5.0390625
405.0 0.609375
406.0 9.59375
407.0 4.875
408.0 5.046875
409.0 5.125
410.0 1.2421875
411.0 8.5859375
412.0 4.75
413.0 5.1328125
414.0 4.875
415.0 4.9609375
416.0 5.0078125
417.0 4.90625
418.0 5.3046875
419.0 5.1953125
420.0 5.0390625
421.0 4.921875
422.0 5.0703125
423.0 4.984375
424.0 5.28125
425.0 5.1015625
426.0 2.625
427.0 7.9140625
428.0 5.203125
429.0 5.0390625
430.0 5.3359375
431.0 5.3359375
432.0 5.203125
433.0 5.1875
434.0 5.1640625
435.0 5.2890625
436.0 5.2890625
437.0 5.21875
438.0 5.3984375
439.0 5.1953125
440.0 5.2890625
441.0 5.2265625
442.0 5.125
443.0 5.2578125
444.0 5.2265625
445.0 5.1640625
446.0 3.890625
447.0 6.2578125
448.0 5.234375
449.0 5.3359375
450.0 5.25
451.0 5.2578125
452.0 1.6875
453.0 8.5703125
454.0 5.1875
455.0 5.171875
456.0 5.0234375
457.0 5.1953125
458.0 5.0859375
459.0 4.9609375
460.0 1.1796875
461.0 8.5
462.0 5.1015625
463.0 4.9453125
464.0 4.828125
465.0 4.875
466.0 4.9921875
467.0 5.25
468.0 5.0703125
469.0 4.9921875
470.0 4.984375
471.0 5.0703125
472.0 4.953125
473.0 2.90625
474.0 7.03125
475.0 5.1328125
476.0 5.015625
477.0 5.015625
478.0 4.875
479.0 5.015625
480.0 4.8125
481.0 4.8046875
482.0 4.859375
483.0 4.9765625
484.0 4.9921875
485.0 5.0859375
486.0 5.015625
487.0 5.234375
488.0 5.171875
489.0 5.0234375
490.0 3.5546875
491.0 6.6015625
492.0 5.0703125
493.0 5.203125
494.0 5.140625
495.0 2.4921875
496.0 7.765625
497.0 5.2890625
498.0 5.21875
499.0 5.171875
500.0 5.3046875
501.0 5.234375
502.0 5.1640625
503.0 5.1328125
504.0 5.171875
505.0 5.3828125
506.0 5.3203125
507.0 5.125
508.0 0.6640625
509.0 9.7421875
510.0 4.9765625
511.0 5.28125
512.0 5.171875
513.0 3.3671875
514.0 7.0078125
515.0 5.28125
516.0 5.078125
517.0 5.125
518.0 5.0078125
519.0 5.0078125
520.0 4.9453125
521.0 4.9609375
522.0 5.015625
523.0 5.140625
524.0 5.1875
525.0 5.1015625
526.0 5.109375
527.0 5.15625
528.0 5.21875
529.0 5.0859375
530.0 5.1328125
531.0 0.96875
532.0 9.3125
533.0 4.7421875
534.0 4.9921875
535.0 4.890625
536.0 4.796875
537.0 5.1015625
538.0 4.8125
539.0 5.0703125
540.0 4.8984375
541.0 4.9453125
542.0 5.0078125
543.0 5.15625
544.0 1.65625
545.0 8.2734375
546.0 4.9921875
547.0 0.78125
548.0 9.1484375
549.0 5.109375
550.0 5.1953125
551.0 5.0078125
552.0 5.109375
553.0 5.015625
554.0 5.0546875
555.0 5.0546875
556.0 5.0703125
557.0 5.1953125
558.0 5.0703125
559.0 5.0078125
560.0 5.203125
561.0 5.15625
562.0 5.203125
563.0 5.1953125
564.0 5.2890625
565.0 2.21875
566.0 8.3125
567.0 5.2265625
568.0 4.828125
569.0 5.765625
570.0 5.4296875
571.0 5.203125
572.0 5.0703125
573.0 5.140625
574.0 5.140625
575.0 5.171875
576.0 5.0546875
577.0 5.2734375
578.0 5.25
579.0 5.078125
580.0 5.171875
581.0 5.0390625
582.0 5.34375
583.0 5.15625
584.0 5.1328125
585.0 5.1875
586.0 5.203125
587.0 2.8203125
588.0 7.3671875
589.0 5.140625
590.0 5.1640625
591.0 5.0546875
592.0 4.984375
593.0 4.921875
594.0 5.109375
595.0 4.890625
596.0 5.046875
597.0 4.953125
598.0 4.890625
599.0 2.28125
