0.0 4.546875
1.0 4.3359375
2.0 3.8046875
3.0 4.15625
4.0 4.5078125
5.0 4.4140625
6.0 4.3515625
7.0 3.8203125
8.0 4.2109375
9.0 4.4453125
10.0 4.78125
11.0 4.21875
12.0 3.9453125
13.0 3.796875
14.0 4.4765625
15.0 4.8359375
16.0 0.484375
17.0 8.359375
18.0 4.4296875
19.0 2.0078125
20.0 7.1875
21.0 4.7421875
22.0 3.3828125
23.0 2.5703125
24.0 2.5078125
25.0 2.71875
26.0 2.96875
27.0 3.0703125
28.0 3.1796875
29.0 2.9609375
30.0 2.84375
31.0 2.90625
32.0 2.5625
33.0 0.453125
34.0 0.34375
35.0 6.9921875
36.0 2.6015625
37.0 2.8359375
38.0 2.8125
39.0 2.5703125
40.0 0.8125
41.0 0.0
42.0 6.9765625
43.0 2.90625
44.0 3.1328125
45.0 3.84375
46.0 3.4140625
47.0 3.28125
48.0 3.2578125
49.0 3.3828125
50.0 3.515625
51.0 3.3515625
52.0 3.3984375
53.0 3.2265625
54.0 3.171875
55.0 0.9140625
56.0 5.2578125
57.0 3.078125
58.0 3.234375
59.0 2.984375
60.0 2.8984375
61.0 0.0
62.0 5.609375
63.0 2.9296875
64.0 3.7578125
65.0 4.1171875
66.0 4.3671875
67.0 4.7421875
68.0 4.5
69.0 4.546875
70.0 4.21875
71.0 1.0234375
72.0 6.3828125
73.0 4.234375
74.0 4.171875
75.0 4.09375
76.0 4.125
77.0 3.765625
78.0 3.953125
79.0 3.546875
80.0 3.4296875
81.0 4.0
82.0 3.203125
83.0 4.7265625
84.0 4.1796875
85.0 2.390625
86.0 4.125
87.0 4.3359375
88.0 4.328125
89.0 4.4140625
90.0 3.8046875
91.0 3.7890625
92.0 4.0078125
93.0 4.328125
94.0 4.328125
95.0 4.2734375
96.0 4.265625
97.0 4.7421875
98.0 4.3203125
99.0 2.7265625
100.0 2.78125
101.0 2.59375
102.0 2.8359375
103.0 3.1171875
104.0 1.3203125
105.0 4.9765625
106.0 2.875
107.0 3.3671875
108.0 2.046875
109.0 1.0234375
110.0 0.8984375
111.0 0.8671875
112.0 0.8515625
113.0 0.8515625
114.0 0.8046875
115.0 0.8046875
116.0 0.7890625
117.0 0.78125
118.0 0.75
119.0 1.03125
120.0 0.84375
121.0 1.0859375
122.0 1.0234375
123.0 1.2109375
124.0 1.0234375
125.0 0.9296875
126.0 0.984375
127.0 0.84375
128.0 1.0546875
129.0 1.0859375
130.0 0.8046875
131.0 0.984375
132.0 0.9921875
133.0 1.1328125
134.0 0.7578125
135.0 1.015625
136.0 0.9609375
137.0 0.875
138.0 0.8984375
139.0 0.8515625
140.0 0.6640625
141.0 0.9921875
142.0 0.9921875
143.0 0.9296875
144.0 0.8828125
145.0 0.9609375
146.0 0.984375
147.0 0.6953125
148.0 1.328125
149.0 0.75
150.0 1.078125
151.0 0.9921875
152.0 1.1484375
153.0 1.0
154.0 0.8984375
155.0 0.8984375
156.0 0.8671875
157.0 0.9609375
158.0 1.078125
159.0 0.8515625
160.0 0.7890625
161.0 0.8828125
162.0 1.1171875
163.0 0.875
164.0 0.9921875
165.0 1.015625
166.0 0.6640625
167.0 0.9453125
168.0 0.9296875
169.0 0.8046875
170.0 1.09375
171.0 0.90625
172.0 0.765625
173.0 1.0234375
174.0 0.7890625
175.0 1.1796875
176.0 0.8828125
177.0 1.03125
178.0 0.84375
179.0 0.96875
180.0 0.8203125
181.0 1.0234375
182.0 0.8515625
183.0 0.9375
184.0 0.9921875
185.0 0.9453125
186.0 0.9296875
187.0 1.0234375
188.0 0.9375
189.0 0.65625
190.0 1.1640625
191.0 0.8125
192.0 0.8984375
193.0 0.8125
194.0 1.0
195.0 1.1171875
196.0 0.7578125
197.0 0.984375
198.0 0.609375
199.0 0.78125
200.0 1.0859375
201.0 1.2578125
202.0 0.6953125
203.0 1.078125
204.0 0.0
205.0 0.0
206.0 2.0703125
207.0 0.0078125
208.0 0.0
209.0 0.0
210.0 0.0
211.0 0.0
212.0 0.0
213.0 0.0
214.0 0.03125
215.0 3.265625
216.0 20.8046875
217.0 3.328125
218.0 3.40625
219.0 3.609375
220.0 1.28125
221.0 2.03125
222.0 7.609375
223.0 3.1328125
224.0 4.6953125
225.0 3.7265625
226.0 3.7578125
227.0 3.828125
228.0 3.078125
229.0 4.8125
230.0 3.671875
231.0 3.1953125
232.0 2.1953125
233.0 2.1640625
234.0 2.578125
235.0 0.46875
236.0 6.265625
237.0 4.0234375
238.0 4.15625
239.0 4.0703125
240.0 3.828125
241.0 4.03125
242.0 3.6171875
243.0 3.5625
244.0 3.65625
245.0 3.5234375
246.0 3.3671875
247.0 3.4921875
248.0 3.59375
249.0 3.2578125
250.0 3.1484375
251.0 4.0078125
252.0 3.046875
253.0 3.171875
254.0 3.3203125
255.0 0.0
256.0 6.734375
257.0 3.6484375
258.0 0.390625
259.0 6.3046875
260.0 3.1328125
261.0 3.28125
262.0 3.234375
263.0 3.546875
264.0 3.171875
265.0 3.0859375
266.0 3.078125
267.0 2.875
268.0 2.8359375
269.0 3.015625
270.0 2.625
271.0 1.09375
272.0 0.2890625
273.0 0.0
274.0 5.8125
275.0 2.9921875
276.0 2.8515625
277.0 2.1640625
278.0 2.5234375
279.0 4.609375
280.0 4.1015625
281.0 3.5
282.0 3.5
283.0 3.2265625
284.0 3.1640625
285.0 3.1484375
286.0 3.3203125
287.0 1.65625
288.0 0.03125
289.0 7.8984375
290.0 3.5
291.0 3.3828125
292.0 2.8359375
293.0 1.1953125
294.0 0.0
295.0 5.9609375
296.0 1.59375
297.0 1.7890625
298.0 2.8125
299.0 2.921875
300.0 2.7734375
301.0 2.9296875
302.0 2.9296875
303.0 2.84375
304.0 0.1953125
305.0 6.234375
306.0 3.28125
307.0 3.0859375
308.0 3.46875
309.0 2.7890625
310.0 2.671875
311.0 2.890625
312.0 2.7265625
313.0 2.9296875
314.0 3.078125
315.0 3.1328125
316.0 2.890625
317.0 2.84375
318.0 2.3671875
319.0 2.671875
320.0 2.234375
321.0 2.328125
322.0 1.5859375
323.0 0.0
324.0 6.2890625
325.0 0.984375
326.0 3.640625
327.0 2.1328125
328.0 1.9140625
329.0 0.0
330.0 4.8125
331.0 4.6875
332.0 4.890625
333.0 4.875
334.0 4.5078125
335.0 4.609375
336.0 4.546875
337.0 4.59375
338.0 4.84375
339.0 4.65625
340.0 4.25
341.0 4.7421875
342.0 4.3515625
343.0 3.34375
344.0 3.671875
345.0 4.5703125
346.0 4.1875
347.0 3.7890625
348.0 4.2734375
349.0 3.796875
350.0 2.8203125
351.0 4.28125
352.0 4.5390625
353.0 3.875
354.0 3.890625
355.0 3.4140625
356.0 3.1953125
357.0 4.3203125
358.0 4.59375
359.0 4.9453125
360.0 0.0703125
361.0 8.1328125
362.0 4.53125
363.0 4.7109375
364.0 4.9765625
365.0 4.421875
366.0 3.5234375
367.0 3.890625
368.0 6.828125
369.0 3.0703125
370.0 4.6484375
371.0 4.8671875
372.0 3.765625
373.0 3.1640625
374.0 2.4453125
375.0 2.8359375
376.0 2.5078125
377.0 1.5234375
378.0 2.8125
379.0 4.46875
380.0 2.65625
381.0 6.46875
382.0 4.59375
383.0 4.4140625
384.0 4.515625
385.0 4.4296875
386.0 4.5390625
387.0 0.6015625
388.0 8.421875
389.0 4.75
390.0 5.0234375
391.0 5.140625
392.0 4.8125
393.0 4.953125
394.0 5.0234375
395.0 5.2890625
396.0 5.3046875
397.0 5.7109375
398.0 4.3828125
399.0 4.265625
400.0 2.875
401.0 0.2421875
402.0 6.828125
403.0 2.6875
404.0 2.8203125
405.0 3.1484375
406.0 3.1796875
407.0 0.8828125
408.0 5.3984375
409.0 2.8515625
410.0 3.328125
411.0 3.6484375
412.0 3.828125
413.0 2.8984375
414.0 2.9296875
415.0 2.84375
416.0 2.9609375
417.0 3.6484375
418.0 3.1640625
419.0 3.4921875
420.0 3.1640625
421.0 0.40625
422.0 5.6953125
423.0 2.2421875
424.0 3.2578125
425.0 2.7578125
426.0 2.1875
427.0 0.0
428.0 7.453125
429.0 3.015625
430.0 2.8046875
431.0 2.984375
432.0 2.9609375
433.0 3.0859375
434.0 3.015625
435.0 2.9609375
436.0 2.75
437.0 2.7578125
438.0 3.234375
439.0 3.3125
440.0 2.8125
441.0 0.0
442.0 5.9609375
443.0 3.046875
444.0 1.9765625
445.0 3.671875
446.0 2.8515625
447.0 2.5625
448.0 2.953125
449.0 4.8125
450.0 4.7109375
451.0 3.8046875
452.0 3.515625
453.0 3.1953125
454.0 2.8984375
455.0 2.9296875
456.0 2.7890625
457.0 2.484375
458.0 2.0625
459.0 0.6875
460.0 0.0
461.0 4.84375
462.0 1.7109375
463.0 2.5234375
464.0 2.34375
465.0 2.421875
466.0 2.5234375
467.0 0.9140625
468.0 0.0
469.0 3.796875
470.0 3.46875
471.0 2.34375
472.0 3.8203125
473.0 2.6640625
474.0 2.578125
475.0 3.375
476.0 4.125
477.0 3.0703125
478.0 3.25
479.0 3.046875
480.0 4.0078125
481.0 3.578125
482.0 3.375
483.0 0.734375
484.0 6.7109375
485.0 3.546875
486.0 3.4140625
487.0 3.5546875
488.0 1.8984375
489.0 0.0
490.0 4.8125
491.0 0.6640625
492.0 3.6484375
493.0 2.15625
494.0 2.65625
495.0 2.5078125
496.0 2.234375
497.0 2.4609375
498.0 2.34375
499.0 2.484375
500.0 2.7578125
501.0 2.453125
502.0 2.1015625
503.0 2.125
504.0 2.6640625
505.0 2.0703125
506.0 0.0
507.0 7.15625
508.0 2.28125
509.0 1.7421875
510.0 1.5703125
511.0 2.1328125
512.0 2.71875
513.0 2.921875
514.0 1.8984375
515.0 0.0
516.0 0.0
517.0 6.40625
518.0 3.1015625
519.0 4.7578125
520.0 4.578125
521.0 3.140625
522.0 5.109375
523.0 4.7109375
524.0 4.484375
525.0 4.3203125
526.0 4.6953125
527.0 4.5703125
528.0 4.7421875
529.0 4.921875
530.0 4.7421875
531.0 4.515625
532.0 4.4140625
533.0 4.4296875
534.0 4.5703125
535.0 4.75
536.0 4.75
537.0 4.953125
538.0 4.78125
539.0 4.890625
540.0 4.4765625
541.0 4.453125
542.0 4.28125
543.0 4.609375
544.0 4.53125
545.0 4.4140625
546.0 3.8828125
547.0 4.59375
548.0 3.7734375
549.0 3.3203125
550.0 4.296875
551.0 4.3046875
552.0 4.8125
553.0 4.6875
554.0 3.8046875
555.0 5.4296875
556.0 4.84375
557.0 5.0078125
558.0 4.6328125
559.0 4.2734375
560.0 4.796875
561.0 4.515625
562.0 4.546875
563.0 4.609375
564.0 4.421875
565.0 4.6328125
566.0 4.3828125
567.0 4.609375
568.0 4.5625
569.0 4.6953125
570.0 4.6015625
571.0 4.5390625
572.0 4.1796875
573.0 1.375
574.0 7.3359375
575.0 4.4296875
576.0 4.1796875
577.0 3.9453125
578.0 4.515625
579.0 3.7421875
580.0 4.7421875
581.0 0.109375
582.0 0.6953125
583.0 8.359375
584.0 3.703125
585.0 2.375
586.0 2.4140625
587.0 3.3984375
588.0 3.4453125
589.0 2.671875
590.0 2.8125
591.0 3.4296875
592.0 4.9921875
593.0 5.046875
594.0 5.4609375
595.0 4.53125
596.0 0.0
597.0 7.1875
598.0 5.6171875
599.0 5.2734375
