0.0 5.703125
1.0 5.6328125
2.0 6.453125
3.0 5.34375
4.0 5.4296875
5.0 5.21875
6.0 5.015625
7.0 4.796875
8.0 5.3203125
9.0 5.40625
10.0 5.3828125
11.0 5.15625
12.0 3.1484375
13.0 6.6875
14.0 5.0234375
15.0 4.890625
16.0 5.7265625
17.0 5.453125
18.0 1.3515625
19.0 10.3515625
20.0 6.0859375
21.0 5.828125
22.0 5.9296875
23.0 5.6171875
24.0 5.609375
25.0 5.3203125
26.0 5.8828125
27.0 5.515625
28.0 6.1484375
29.0 0.8125
30.0 10.0703125
31.0 5.2890625
32.0 5.6640625
33.0 5.7109375
34.0 6.2109375
35.0 5.875
36.0 5.4375
37.0 5.3203125
38.0 5.421875
39.0 4.84375
40.0 4.9453125
41.0 4.8046875
42.0 3.90625
43.0 0.640625
44.0 9.7890625
45.0 4.875
46.0 4.6328125
47.0 4.8359375
48.0 0.671875
49.0 9.7890625
50.0 4.9765625
51.0 4.546875
52.0 3.84375
53.0 4.9609375
54.0 5.1328125
55.0 4.875
56.0 4.609375
57.0 3.3671875
58.0 3.65625
59.0 1.96875
60.0 8.2109375
61.0 5.5
62.0 5.015625
63.0 5.0390625
64.0 5.3203125
65.0 5.2890625
66.0 4.265625
67.0 2.1328125
68.0 6.8125
69.0 4.9609375
70.0 4.7734375
71.0 5.125
72.0 5.3359375
73.0 4.9921875
74.0 4.9921875
75.0 4.890625
76.0 5.203125
77.0 4.9921875
78.0 4.421875
79.0 4.625
80.0 4.8046875
81.0 1.5078125
82.0 7.2109375
83.0 4.6328125
84.0 4.5078125
85.0 4.7109375
86.0 3.3828125
87.0 0.0
88.0 8.5
89.0 4.890625
90.0 3.921875
91.0 4.4296875
92.0 5.0546875
93.0 4.828125
94.0 4.3359375
95.0 4.7109375
96.0 5.0078125
97.0 6.59375
98.0 5.40625
99.0 4.15625
100.0 0.1796875
101.0 8.8671875
102.0 4.828125
103.0 4.5703125
104.0 3.890625
105.0 1.71875
106.0 8.8828125
107.0 5.015625
108.0 5.0078125
109.0 4.953125
110.0 5.234375
111.0 4.6484375
112.0 5.46875
113.0 4.6328125
114.0 4.7421875
115.0 4.8671875
116.0 5.21875
117.0 5.609375
118.0 5.7578125
119.0 5.25
120.0 3.0546875
121.0 5.25
122.0 5.609375
123.0 5.15625
124.0 5.0859375
125.0 4.78125
126.0 4.578125
127.0 5.125
128.0 4.7578125
129.0 3.328125
130.0 5.125
131.0 5.3359375
132.0 5.078125
133.0 4.8359375
134.0 5.3828125
135.0 0.71875
136.0 9.7890625
137.0 5.3203125
138.0 5.75
139.0 5.53125
140.0 5.4921875
141.0 5.609375
142.0 6.0390625
143.0 5.234375
144.0 6.1484375
145.0 5.4609375
146.0 5.1015625
147.0 4.8984375
148.0 5.9375
149.0 5.3359375
150.0 5.3125
151.0 5.6015625
152.0 5.546875
153.0 5.96875
154.0 5.421875
155.0 5.6484375
156.0 5.6171875
157.0 4.921875
158.0 2.125
159.0 9.1328125
160.0 5.9453125
161.0 4.28125
162.0 7.0625
163.0 4.6953125
164.0 5.2890625
165.0 5.1640625
166.0 4.515625
167.0 4.5
168.0 3.515625
169.0 3.9453125
170.0 3.796875
171.0 4.09375
172.0 3.8515625
173.0 4.578125
174.0 4.28125
175.0 5.15625
176.0 4.6953125
177.0 4.9609375
178.0 5.109375
179.0 4.7578125
180.0 4.6875
181.0 5.484375
182.0 4.9296875
183.0 4.0
184.0 5.6640625
185.0 5.109375
186.0 5.0859375
187.0 5.0703125
188.0 5.078125
189.0 4.7265625
190.0 5.1640625
191.0 5.609375
192.0 5.109375
193.0 4.921875
194.0 4.8125
195.0 4.3984375
196.0 4.4140625
197.0 1.0546875
198.0 9.09375
199.0 5.421875
200.0 5.0703125
201.0 4.609375
202.0 1.8828125
203.0 6.625
204.0 3.4375
205.0 4.53125
206.0 5.140625
207.0 5.15625
208.0 4.8984375
209.0 4.0625
210.0 4.21875
211.0 5.578125
212.0 5.2265625
213.0 5.5234375
214.0 5.53125
215.0 5.3515625
216.0 5.9140625
217.0 5.4375
218.0 5.859375
219.0 6.15625
220.0 6.296875
221.0 5.8515625
222.0 5.9921875
223.0 5.9375
224.0 6.078125
225.0 6.0546875
226.0 5.1015625
227.0 5.2265625
228.0 5.3046875
229.0 5.546875
230.0 5.5234375
231.0 5.3359375
232.0 5.5859375
233.0 5.6015625
234.0 4.3671875
235.0 0.9453125
236.0 7.8671875
237.0 1.0625
238.0 2.6015625
239.0 2.8671875
240.0 5.4921875
241.0 5.3984375
242.0 5.5
243.0 5.484375
244.0 0.421875
245.0 10.1015625
246.0 5.40625
247.0 5.1953125
248.0 5.375
249.0 0.6015625
250.0 8.7890625
251.0 5.1640625
252.0 5.078125
253.0 5.1640625
254.0 5.125
255.0 4.4296875
256.0 4.2734375
257.0 5.046875
258.0 5.140625
259.0 4.7265625
260.0 3.40625
261.0 6.6484375
262.0 5.9765625
263.0 5.6640625
264.0 5.84375
265.0 5.5546875
266.0 5.453125
267.0 4.171875
268.0 0.6015625
269.0 8.8984375
270.0 7.3359375
271.0 4.265625
272.0 5.7109375
273.0 5.9296875
274.0 5.75
275.0 5.7890625
276.0 6.3828125
277.0 6.0078125
278.0 6.0546875
279.0 5.8125
280.0 5.4296875
281.0 5.8125
282.0 5.8203125
283.0 5.3046875
284.0 5.9296875
285.0 6.2890625
286.0 6.2578125
287.0 5.4296875
288.0 5.46875
289.0 5.8515625
290.0 5.7890625
291.0 6.0234375
292.0 5.53125
293.0 6.2109375
294.0 6.46875
295.0 6.0859375
296.0 5.8828125
297.0 5.671875
298.0 3.6171875
299.0 7.9375
300.0 5.5546875
301.0 5.6015625
302.0 5.5625
303.0 5.171875
304.0 5.34375
305.0 5.6015625
306.0 5.28125
307.0 5.5625
308.0 5.2265625
309.0 5.4921875
310.0 5.671875
311.0 5.6953125
312.0 5.671875
313.0 5.8828125
314.0 6.109375
315.0 3.9765625
316.0 7.21875
317.0 5.640625
318.0 5.578125
319.0 4.9765625
320.0 0.546875
321.0 10.3515625
322.0 4.9609375
323.0 4.359375
324.0 3.890625
325.0 5.0078125
326.0 5.1328125
327.0 5.140625
328.0 5.5859375
329.0 4.3359375
330.0 6.7421875
331.0 5.53125
332.0 5.40625
333.0 5.6484375
334.0 5.6796875
335.0 5.46875
336.0 5.25
337.0 5.875
338.0 6.140625
339.0 5.90625
340.0 5.78125
341.0 5.7109375
342.0 5.6484375
343.0 5.5546875
344.0 0.9609375
345.0 10.265625
346.0 5.3671875
347.0 5.171875
348.0 4.1328125
349.0 7.1640625
350.0 5.3515625
351.0 5.453125
352.0 5.375
353.0 5.609375
354.0 5.40625
355.0 5.7109375
356.0 5.859375
357.0 5.6640625
358.0 5.5625
359.0 5.0859375
360.0 4.328125
361.0 6.0546875
362.0 5.0703125
363.0 4.78125
364.0 4.90625
365.0 4.6796875
366.0 2.7109375
367.0 7.8671875
368.0 5.375
369.0 5.53125
370.0 4.7421875
371.0 3.9765625
372.0 3.0703125
373.0 2.21875
374.0 4.7265625
375.0 5.5859375
376.0 5.8515625
377.0 5.609375
378.0 5.828125
379.0 6.6484375
380.0 6.140625
381.0 6.8828125
382.0 4.6953125
383.0 8.4140625
384.0 6.65625
385.0 6.8046875
386.0 4.546875
387.0 7.65625
388.0 5.515625
389.0 5.140625
390.0 6.03125
391.0 6.5703125
392.0 5.6328125
393.0 5.671875
394.0 5.421875
395.0 5.6953125
396.0 5.3046875
397.0 4.59375
398.0 5.3828125
399.0 4.546875
400.0 5.25
401.0 5.4609375
402.0 5.734375
403.0 6.296875
404.0 6.6171875
405.0 6.2109375
406.0 6.78125
407.0 6.53125
408.0 6.421875
409.0 5.84375
410.0 4.5078125
411.0 6.8359375
412.0 5.734375
413.0 5.578125
414.0 5.6953125
415.0 5.6640625
416.0 1.4765625
417.0 10.1640625
418.0 6.09375
419.0 6.1796875
420.0 5.6015625
421.0 5.375
422.0 5.671875
423.0 6.15625
424.0 6.1796875
425.0 6.140625
426.0 5.7578125
427.0 5.609375
428.0 3.375
429.0 8.4609375
430.0 5.3828125
431.0 5.125
432.0 5.6171875
433.0 5.078125
434.0 4.3359375
435.0 1.9140625
436.0 6.9921875
437.0 3.9453125
438.0 3.546875
439.0 4.1171875
440.0 3.4140625
441.0 3.8515625
442.0 4.03125
443.0 3.8203125
444.0 3.9921875
445.0 4.0625
446.0 3.65625
447.0 3.625
448.0 0.96875
449.0 7.8125
450.0 4.1015625
451.0 4.1171875
452.0 3.1640625
453.0 0.0
454.0 7.2890625
455.0 2.9375
456.0 4.5390625
457.0 4.625
458.0 4.6640625
459.0 4.1328125
460.0 4.25
461.0 4.515625
462.0 1.375
463.0 8.2890625
464.0 5.1875
465.0 4.984375
466.0 4.5390625
467.0 4.6484375
468.0 4.578125
469.0 0.578125
470.0 9.359375
471.0 4.7578125
472.0 4.8359375
473.0 4.7109375
474.0 4.5703125
475.0 4.578125
476.0 4.7109375
477.0 4.53125
478.0 4.609375
479.0 4.890625
480.0 4.875
481.0 3.5546875
482.0 0.0
483.0 9.9921875
484.0 5.3203125
485.0 5.0234375
486.0 5.578125
487.0 5.1640625
488.0 4.6796875
489.0 4.3671875
490.0 4.75
491.0 5.015625
492.0 5.015625
493.0 0.28125
494.0 9.75
495.0 4.796875
496.0 5.171875
497.0 4.78125
498.0 4.3828125
499.0 0.484375
500.0 8.8359375
501.0 4.546875
502.0 4.6875
503.0 4.828125
504.0 4.78125
505.0 5.421875
506.0 4.875
507.0 4.6015625
508.0 4.6875
509.0 4.984375
510.0 5.046875
511.0 4.921875
512.0 1.6796875
513.0 7.2578125
514.0 5.2578125
515.0 5.671875
516.0 6.0
517.0 5.90625
518.0 6.3671875
519.0 6.84375
520.0 7.1015625
521.0 5.7109375
522.0 5.8515625
523.0 5.6640625
524.0 4.8125
525.0 4.7734375
526.0 4.796875
527.0 4.65625
528.0 4.6953125
529.0 4.5078125
530.0 4.65625
531.0 4.6640625
532.0 4.3046875
533.0 4.5625
534.0 3.203125
535.0 5.578125
536.0 3.90625
537.0 3.90625
538.0 3.6953125
539.0 3.96875
540.0 0.359375
541.0 9.0625
542.0 4.9453125
543.0 5.890625
544.0 6.078125
545.0 5.9765625
546.0 5.8125
547.0 5.9609375
548.0 5.703125
549.0 5.7578125
550.0 5.890625
551.0 5.828125
552.0 5.578125
553.0 1.390625
554.0 8.0234375
555.0 1.1171875
556.0 4.6015625
557.0 4.65625
558.0 4.71875
559.0 4.6328125
560.0 4.546875
561.0 2.359375
562.0 6.890625
563.0 4.5
564.0 4.65625
565.0 4.4453125
566.0 4.4296875
567.0 1.2109375
568.0 8.1171875
569.0 4.6015625
570.0 4.4140625
571.0 4.234375
572.0 4.296875
573.0 4.359375
574.0 4.484375
575.0 4.609375
576.0 4.4453125
577.0 4.328125
578.0 4.2734375
579.0 4.0234375
580.0 0.0
581.0 9.0703125
582.0 4.4140625
583.0 4.7734375
584.0 4.796875
585.0 3.953125
586.0 0.5078125
587.0 8.96875
588.0 4.390625
589.0 4.546875
590.0 4.421875
591.0 4.7265625
592.0 4.578125
593.0 4.65625
594.0 4.6796875
595.0 4.3046875
596.0 3.25
597.0 5.9921875
598.0 4.46875
599.0 5.109375
