0.0 5.109375
1.0 5.0078125
2.0 5.6015625
3.0 5.6640625
4.0 1.1171875
5.0 7.875
6.0 3.9921875
7.0 2.125
8.0 6.0625
9.0 4.1484375
10.0 4.8359375
11.0 3.8046875
12.0 3.2265625
13.0 4.234375
14.0 5.4921875
15.0 4.90625
16.0 4.8984375
17.0 4.546875
18.0 4.921875
19.0 4.8125
20.0 4.6953125
21.0 1.8671875
22.0 6.3359375
23.0 4.3203125
24.0 5.3046875
25.0 3.0859375
26.0 3.296875
27.0 4.546875
28.0 4.7734375
29.0 4.6875
30.0 3.625
31.0 3.578125
32.0 3.546875
33.0 3.7421875
34.0 3.8203125
35.0 5.28125
36.0 4.0546875
37.0 6.359375
38.0 4.515625
39.0 4.84375
40.0 4.5078125
41.0 3.609375
42.0 1.0546875
43.0 7.1640625
44.0 5.15625
45.0 4.9296875
46.0 5.109375
47.0 5.5234375
48.0 5.15625
49.0 5.28125
50.0 6.203125
51.0 4.984375
52.0 4.6328125
53.0 4.5
54.0 4.15625
55.0 5.5625
56.0 5.234375
57.0 4.71875
58.0 5.375
59.0 6.2578125
60.0 5.375
61.0 5.765625
62.0 5.7265625
63.0 5.3046875
64.0 5.34375
65.0 4.515625
66.0 4.6640625
67.0 4.53125
68.0 0.96875
69.0 6.84375
70.0 3.1171875
71.0 1.640625
72.0 5.15625
73.0 5.34375
74.0 5.546875
75.0 5.6171875
76.0 5.4296875
77.0 4.9296875
78.0 4.8359375
79.0 5.21875
80.0 5.546875
81.0 6.09375
82.0 6.15625
83.0 5.4375
84.0 5.171875
85.0 5.515625
86.0 5.3828125
87.0 1.0
88.0 9.0078125
89.0 4.7421875
90.0 3.8515625
91.0 5.2578125
92.0 4.9609375
93.0 5.109375
94.0 5.21875
95.0 4.0859375
96.0 4.7734375
97.0 4.8046875
98.0 4.9921875
99.0 5.0546875
100.0 3.859375
101.0 4.234375
102.0 4.859375
103.0 2.671875
104.0 4.125
105.0 5.25
106.0 6.2109375
107.0 5.078125
108.0 4.7109375
109.0 3.25
110.0 3.5234375
111.0 3.734375
112.0 2.8515625
113.0 3.1015625
114.0 2.578125
115.0 3.8515625
116.0 3.21875
117.0 3.4609375
118.0 3.5859375
119.0 3.3671875
120.0 3.4453125
121.0 3.6171875
122.0 4.5625
123.0 4.3515625
124.0 4.75
125.0 3.9765625
126.0 2.84375
127.0 4.453125
128.0 3.7734375
129.0 5.0078125
130.0 4.84375
131.0 4.3515625
132.0 3.5
133.0 3.3125
134.0 3.890625
135.0 4.1328125
136.0 4.5625
137.0 5.15625
138.0 4.59375
139.0 7.0078125
140.0 5.4921875
141.0 6.09375
142.0 5.6015625
143.0 5.3203125
144.0 5.5234375
145.0 5.640625
146.0 5.9375
147.0 6.0546875
148.0 6.1875
149.0 5.7578125
150.0 6.0859375
151.0 6.0625
152.0 5.78125
153.0 5.078125
154.0 5.78125
155.0 5.828125
156.0 4.296875
157.0 6.9140625
158.0 5.9296875
159.0 6.2265625
160.0 3.8203125
161.0 6.6796875
162.0 5.4921875
163.0 5.671875
164.0 5.6328125
165.0 5.5546875
166.0 5.6953125
167.0 5.34375
168.0 5.2265625
169.0 4.8359375
170.0 5.8125
171.0 6.4453125
172.0 4.9609375
173.0 4.390625
174.0 5.6953125
175.0 4.328125
176.0 8.046875
177.0 5.703125
178.0 5.34375
179.0 5.515625
180.0 2.4609375
181.0 6.359375
182.0 5.3984375
183.0 5.140625
184.0 3.9453125
185.0 4.75
186.0 4.7109375
187.0 4.6484375
188.0 0.390625
189.0 6.5
190.0 0.1015625
191.0 0.0
192.0 1.7109375
193.0 3.140625
194.0 4.6640625
195.0 5.484375
196.0 4.890625
197.0 5.578125
198.0 5.0703125
199.0 4.828125
200.0 5.2265625
201.0 4.859375
202.0 4.1015625
203.0 4.7109375
204.0 5.515625
205.0 5.84375
206.0 5.75
207.0 5.7578125
208.0 5.5546875
209.0 4.4140625
210.0 6.0
211.0 5.6640625
212.0 5.4375
213.0 4.875
214.0 4.7265625
215.0 2.9375
216.0 6.125
217.0 5.15625
218.0 5.0859375
219.0 4.7109375
220.0 2.34375
221.0 8.09375
222.0 5.3125
223.0 5.3515625
224.0 5.640625
225.0 5.6171875
226.0 5.5234375
227.0 5.609375
228.0 4.3046875
229.0 6.3515625
230.0 5.203125
231.0 5.40625
232.0 5.1640625
233.0 5.15625
234.0 4.0390625
235.0 6.2734375
236.0 5.140625
237.0 5.0234375
238.0 5.53125
239.0 5.0546875
240.0 5.3125
241.0 4.9921875
242.0 5.125
243.0 4.125
244.0 4.71875
245.0 4.4296875
246.0 4.71875
247.0 5.0390625
248.0 5.140625
249.0 5.1015625
250.0 0.15625
251.0 9.3359375
252.0 4.890625
253.0 4.9453125
254.0 5.40625
255.0 4.890625
256.0 2.4453125
257.0 7.9296875
258.0 5.1875
259.0 5.6171875
260.0 3.9375
261.0 6.171875
262.0 5.3671875
263.0 5.7890625
264.0 5.78125
265.0 5.9375
266.0 5.4609375
267.0 5.6796875
268.0 5.9921875
269.0 6.171875
270.0 4.8359375
271.0 5.5546875
272.0 5.4375
273.0 5.53125
274.0 5.15625
275.0 1.609375
276.0 8.8828125
277.0 5.3125
278.0 5.640625
279.0 5.3515625
280.0 3.609375
281.0 7.7265625
282.0 5.671875
283.0 5.9609375
284.0 5.8203125
285.0 5.734375
286.0 5.484375
287.0 5.90625
288.0 5.9609375
289.0 6.109375
290.0 5.9609375
291.0 5.7265625
292.0 5.4296875
293.0 5.375
294.0 4.7421875
295.0 5.609375
296.0 5.671875
297.0 5.7578125
298.0 5.5625
299.0 5.7890625
300.0 6.0078125
301.0 5.484375
302.0 5.3671875
303.0 5.21875
304.0 4.875
305.0 5.1875
306.0 4.859375
307.0 5.015625
308.0 4.6328125
309.0 4.7578125
310.0 4.796875
311.0 4.6328125
312.0 4.7734375
313.0 4.9609375
314.0 4.828125
315.0 3.4296875
316.0 5.40625
317.0 4.3359375
318.0 3.7421875
319.0 2.8515625
320.0 4.0546875
321.0 2.125
322.0 8.203125
323.0 5.109375
324.0 4.6484375
325.0 3.1015625
326.0 4.90625
327.0 5.2890625
328.0 4.0625
329.0 4.21875
330.0 4.8671875
331.0 4.7421875
332.0 5.2734375
333.0 4.8984375
334.0 1.8359375
335.0 7.8203125
336.0 4.609375
337.0 4.3359375
338.0 4.25
339.0 4.6484375
340.0 4.8984375
341.0 3.015625
342.0 7.21875
343.0 4.84375
344.0 5.25
345.0 5.25
346.0 4.8984375
347.0 5.0859375
348.0 4.8671875
349.0 4.6484375
350.0 4.7109375
351.0 4.9296875
352.0 4.921875
353.0 4.5078125
354.0 0.65625
355.0 9.21875
356.0 5.171875
357.0 5.375
358.0 5.46875
359.0 5.0703125
360.0 5.0390625
361.0 5.1640625
362.0 4.125
363.0 6.40625
364.0 5.375
365.0 5.046875
366.0 4.9609375
367.0 4.7578125
368.0 4.75
369.0 4.796875
370.0 4.484375
371.0 3.21875
372.0 3.140625
373.0 5.375
374.0 3.7890625
375.0 6.078125
376.0 5.1640625
377.0 4.484375
378.0 3.1484375
379.0 5.375
380.0 3.375
381.0 5.3671875
382.0 4.1328125
383.0 3.9765625
384.0 4.4140625
385.0 4.125
386.0 3.7734375
387.0 4.3046875
388.0 4.5
389.0 4.21875
390.0 3.5859375
391.0 4.3515625
392.0 2.984375
393.0 4.1171875
394.0 3.2265625
395.0 2.0859375
396.0 5.0859375
397.0 3.7890625
398.0 4.1015625
399.0 3.6796875
400.0 3.3515625
401.0 0.25
402.0 7.2421875
403.0 3.109375
404.0 3.625
405.0 3.640625
406.0 4.1328125
407.0 3.6953125
408.0 2.875
409.0 2.578125
410.0 3.3984375
411.0 2.609375
412.0 0.0
413.0 6.703125
414.0 3.9453125
415.0 3.8203125
416.0 3.0546875
417.0 2.59375
418.0 2.7890625
419.0 3.8046875
420.0 0.8828125
421.0 6.7734375
422.0 4.28125
423.0 1.796875
424.0 2.4609375
425.0 3.6484375
426.0 4.7734375
427.0 4.453125
428.0 4.5703125
429.0 4.4453125
430.0 4.359375
431.0 4.7109375
432.0 5.0234375
433.0 4.453125
434.0 4.234375
435.0 2.7578125
436.0 0.1796875
437.0 8.8359375
438.0 3.7890625
439.0 4.875
440.0 0.6015625
441.0 8.0
442.0 4.484375
443.0 4.6953125
444.0 4.5625
445.0 4.3046875
446.0 4.4765625
447.0 4.515625
448.0 4.5078125
449.0 4.7734375
450.0 4.78125
451.0 4.65625
452.0 4.453125
453.0 2.890625
454.0 7.1875
455.0 4.6328125
456.0 4.609375
457.0 4.5625
458.0 4.890625
459.0 5.0546875
460.0 5.1328125
461.0 5.1875
462.0 5.3828125
463.0 4.9765625
464.0 4.8671875
465.0 4.3515625
466.0 4.59375
467.0 4.953125
468.0 5.21875
469.0 5.46875
470.0 5.2890625
471.0 2.390625
472.0 8.2265625
473.0 4.9921875
474.0 5.21875
475.0 5.3984375
476.0 5.3125
477.0 4.9921875
478.0 2.21875
479.0 8.296875
480.0 4.7109375
481.0 5.125
482.0 4.8984375
483.0 4.984375
484.0 4.78125
485.0 4.7578125
486.0 4.6796875
487.0 4.953125
488.0 5.671875
489.0 4.8125
490.0 5.1640625
491.0 4.3046875
492.0 1.9765625
493.0 7.2890625
494.0 5.0234375
495.0 4.84375
496.0 5.25
497.0 4.296875
498.0 0.25
499.0 8.8359375
500.0 4.4453125
501.0 4.2734375
502.0 2.4609375
503.0 3.3515625
504.0 4.0390625
505.0 1.2890625
506.0 8.328125
507.0 2.8984375
508.0 3.578125
509.0 2.6015625
510.0 2.3671875
511.0 2.71875
512.0 3.4296875
513.0 4.9765625
514.0 3.7578125
515.0 3.4453125
516.0 3.3125
517.0 1.8828125
518.0 1.9453125
519.0 0.0
520.0 6.6015625
521.0 3.203125
522.0 2.9296875
523.0 4.53125
524.0 5.2578125
525.0 3.953125
526.0 4.125
527.0 6.5625
528.0 5.015625
529.0 5.015625
530.0 4.03125
531.0 6.1796875
532.0 4.7265625
533.0 4.59375
534.0 4.90625
535.0 5.0078125
536.0 5.2578125
537.0 4.984375
538.0 4.7421875
539.0 4.203125
540.0 4.1875
541.0 4.1171875
542.0 3.6171875
543.0 1.703125
544.0 0.734375
545.0 5.3046875
546.0 4.3515625
547.0 4.71875
548.0 4.4453125
549.0 5.1875
550.0 4.71875
551.0 4.84375
552.0 5.015625
553.0 5.2734375
554.0 5.21875
555.0 4.6796875
556.0 4.5390625
557.0 4.0546875
558.0 3.53125
559.0 6.15625
560.0 4.609375
561.0 4.4140625
562.0 4.8125
563.0 4.984375
564.0 1.71875
565.0 8.203125
566.0 5.0703125
567.0 5.046875
568.0 4.875
569.0 5.1953125
570.0 4.8046875
571.0 4.265625
572.0 4.9765625
573.0 5.125
574.0 4.890625
575.0 4.4453125
576.0 4.7109375
577.0 0.40625
578.0 9.546875
579.0 4.4453125
580.0 4.8046875
581.0 4.984375
582.0 5.0078125
583.0 4.84375
584.0 2.9296875
585.0 5.9765625
586.0 4.578125
587.0 4.3203125
588.0 4.359375
589.0 4.5703125
590.0 4.578125
591.0 5.2890625
592.0 5.125
593.0 4.171875
594.0 3.640625
595.0 5.2265625
596.0 5.2734375
597.0 5.2265625
598.0 5.375
599.0 5.46875
