0.0 4.0546875
1.0 4.1796875
2.0 3.3671875
3.0 5.1015625
4.0 4.125
5.0 4.0625
6.0 3.796875
7.0 3.578125
8.0 0.2265625
9.0 7.6875
10.0 4.1171875
11.0 4.21875
12.0 4.2421875
13.0 4.4140625
14.0 4.453125
15.0 4.1015625
16.0 4.203125
17.0 4.296875
18.0 4.328125
19.0 4.296875
20.0 4.453125
21.0 2.296875
22.0 6.515625
23.0 4.3515625
24.0 4.4140625
25.0 4.3671875
26.0 4.4765625
27.0 0.2265625
28.0 8.4765625
29.0 4.4140625
30.0 4.3359375
31.0 3.9921875
32.0 3.9140625
33.0 3.7578125
34.0 3.4609375
35.0 3.1171875
36.0 4.28125
37.0 4.46875
38.0 4.328125
39.0 1.4921875
40.0 7.4375
41.0 4.7109375
42.0 4.546875
43.0 4.46875
44.0 4.1171875
45.0 2.8125
46.0 5.6484375
47.0 3.84375
48.0 3.953125
49.0 4.3828125
50.0 4.6015625
51.0 4.28125
52.0 3.5859375
53.0 3.7421875
54.0 3.9921875
55.0 4.53125
56.0 4.2421875
57.0 4.265625
58.0 4.234375
59.0 3.84375
60.0 4.21875
61.0 4.234375
62.0 4.2109375
63.0 4.21875
64.0 4.4765625
65.0 4.265625
66.0 4.1484375
67.0 3.515625
68.0 1.328125
69.0 1.1484375
70.0 2.0
71.0 2.046875
72.0 1.6796875
73.0 0.765625
74.0 0.0
75.0 0.0
76.0 6.703125
77.0 3.6796875
78.0 3.796875
79.0 3.59375
80.0 3.7109375
81.0 3.734375
82.0 3.546875
83.0 3.515625
84.0 3.8046875
85.0 3.953125
86.0 3.8203125
87.0 3.65625
88.0 0.5390625
89.0 7.71875
90.0 4.0
91.0 3.8828125
92.0 3.9375
93.0 3.9765625
94.0 0.0
95.0 8.5859375
96.0 4.515625
97.0 4.28125
98.0 4.1328125
99.0 4.28125
100.0 4.4453125
101.0 4.2421875
102.0 4.515625
103.0 4.6875
104.0 4.0546875
105.0 1.6796875
106.0 6.4140625
107.0 4.25
108.0 4.390625
109.0 3.7421875
110.0 4.09375
111.0 4.09375
112.0 3.9921875
113.0 4.359375
114.0 4.0859375
115.0 4.296875
116.0 4.390625
117.0 4.3515625
118.0 0.5390625
119.0 8.5546875
120.0 4.1328125
121.0 3.96875
122.0 3.890625
123.0 2.3046875
124.0 4.875
125.0 3.546875
126.0 3.7421875
127.0 4.234375
128.0 4.21875
129.0 3.6796875
130.0 3.8046875
131.0 4.296875
132.0 3.9375
133.0 3.828125
134.0 3.84375
135.0 4.3203125
136.0 2.1484375
137.0 7.109375
138.0 4.5390625
139.0 4.6328125
140.0 4.1875
141.0 4.2421875
142.0 2.8046875
143.0 6.515625
144.0 4.78125
145.0 4.453125
146.0 4.71875
147.0 4.171875
148.0 4.71875
149.0 4.421875
150.0 4.3828125
151.0 4.15625
152.0 4.203125
153.0 4.0546875
154.0 1.40625
155.0 6.8984375
156.0 3.953125
157.0 3.7578125
158.0 3.921875
159.0 3.0546875
160.0 0.0
161.0 8.46875
162.0 4.296875
163.0 4.359375
164.0 4.3828125
165.0 3.7890625
166.0 4.1171875
167.0 4.5703125
168.0 4.265625
169.0 4.546875
170.0 4.3828125
171.0 4.5078125
172.0 4.1875
173.0 3.7265625
174.0 3.6796875
175.0 3.90625
176.0 3.8046875
177.0 3.671875
178.0 4.0546875
179.0 3.9453125
180.0 2.3984375
181.0 0.1015625
182.0 7.1640625
183.0 3.90625
184.0 3.96875
185.0 3.96875
186.0 4.171875
187.0 4.2421875
188.0 4.0625
189.0 4.359375
190.0 4.484375
191.0 4.3046875
192.0 4.25
193.0 4.1796875
194.0 4.1875
195.0 3.9453125
196.0 3.6953125
197.0 4.15625
198.0 4.0234375
199.0 4.0078125
200.0 4.3984375
201.0 4.3828125
202.0 4.4453125
203.0 3.53125
204.0 4.3203125
205.0 4.6796875
206.0 0.4609375
207.0 8.5390625
208.0 4.578125
209.0 4.6953125
210.0 4.28125
211.0 5.6640625
212.0 5.078125
213.0 4.609375
214.0 4.609375
215.0 4.4140625
216.0 4.234375
217.0 4.4140625
218.0 3.7578125
219.0 4.296875
220.0 4.4296875
221.0 4.4453125
222.0 2.7578125
223.0 0.0
224.0 8.3828125
225.0 4.234375
226.0 4.296875
227.0 4.921875
228.0 4.296875
229.0 4.3671875
230.0 4.5078125
231.0 4.4765625
232.0 1.6171875
233.0 7.734375
234.0 4.9296875
235.0 4.75
236.0 4.53125
237.0 4.484375
238.0 4.3046875
239.0 4.3203125
240.0 4.3046875
241.0 4.359375
242.0 4.3828125
243.0 4.2421875
244.0 1.96875
245.0 6.0390625
246.0 4.3046875
247.0 4.21875
248.0 4.3984375
249.0 4.21875
250.0 4.59375
251.0 4.25
252.0 4.3046875
253.0 3.4296875
254.0 3.8046875
255.0 2.921875
256.0 6.359375
257.0 4.515625
258.0 4.4140625
259.0 4.71875
260.0 5.0234375
261.0 4.625
262.0 4.3203125
263.0 4.4765625
264.0 4.0859375
265.0 3.046875
266.0 5.1875
267.0 4.15625
268.0 4.5625
269.0 4.5078125
270.0 4.3828125
271.0 0.0
272.0 9.046875
273.0 4.7578125
274.0 4.421875
275.0 4.5078125
276.0 4.3671875
277.0 4.6015625
278.0 4.7734375
279.0 5.1640625
280.0 4.90625
281.0 4.8671875
282.0 5.0703125
283.0 4.75
284.0 5.0078125
285.0 4.4765625
286.0 4.8125
287.0 5.0546875
288.0 4.7734375
289.0 4.984375
290.0 4.484375
291.0 4.4765625
292.0 4.6875
293.0 4.625
294.0 4.7734375
295.0 4.484375
296.0 4.328125
297.0 0.25
298.0 8.1328125
299.0 4.4140625
300.0 4.46875
301.0 4.1171875
302.0 4.3359375
303.0 4.71875
304.0 4.65625
305.0 0.3046875
306.0 9.09375
307.0 4.6328125
308.0 4.5078125
309.0 4.609375
310.0 4.6953125
311.0 4.796875
312.0 4.6328125
313.0 4.8125
314.0 4.8359375
315.0 4.7109375
316.0 4.9453125
317.0 4.6953125
318.0 4.578125
319.0 4.28125
320.0 4.2109375
321.0 4.28125
322.0 0.875
323.0 8.4140625
324.0 5.015625
325.0 4.5390625
326.0 4.890625
327.0 0.6640625
328.0 8.828125
329.0 4.6484375
330.0 1.53125
331.0 7.4375
332.0 4.625
333.0 4.8984375
334.0 4.5703125
335.0 2.515625
336.0 6.5703125
337.0 4.46875
338.0 4.796875
339.0 4.9609375
340.0 4.578125
341.0 4.8046875
342.0 4.921875
343.0 4.7734375
344.0 4.0859375
345.0 0.984375
346.0 2.296875
347.0 4.53125
348.0 4.78125
349.0 4.4296875
350.0 4.2109375
351.0 4.421875
352.0 4.7578125
353.0 0.1796875
354.0 9.6640625
355.0 3.21875
356.0 6.390625
357.0 4.71875
358.0 4.328125
359.0 4.3046875
360.0 4.4296875
361.0 4.546875
362.0 4.78125
363.0 4.84375
364.0 4.625
365.0 4.6953125
366.0 4.9453125
367.0 5.125
368.0 5.3046875
369.0 1.59375
370.0 8.0859375
371.0 4.7265625
372.0 4.3671875
373.0 0.578125
374.0 8.7421875
375.0 4.46875
376.0 4.1875
377.0 4.1796875
378.0 4.2421875
379.0 4.0078125
380.0 4.4140625
381.0 4.6484375
382.0 4.5390625
383.0 4.71875
384.0 4.6640625
385.0 4.578125
386.0 1.203125
387.0 8.203125
388.0 4.6015625
389.0 4.7421875
390.0 4.9609375
391.0 2.7265625
392.0 6.7109375
393.0 4.3984375
394.0 4.25
395.0 4.59375
396.0 4.4296875
397.0 4.234375
398.0 4.3984375
399.0 4.328125
400.0 4.203125
401.0 2.6953125
402.0 3.9375
403.0 0.21875
404.0 8.234375
405.0 4.234375
406.0 4.3046875
407.0 4.390625
408.0 4.2421875
409.0 4.453125
410.0 4.328125
411.0 0.25
412.0 8.265625
413.0 4.65625
414.0 4.7109375
415.0 4.46875
416.0 4.8671875
417.0 4.6875
418.0 4.3984375
419.0 0.2734375
420.0 8.8046875
421.0 4.46875
422.0 4.484375
423.0 4.1328125
424.0 4.484375
425.0 4.71875
426.0 4.5703125
427.0 4.6875
428.0 4.484375
429.0 4.453125
430.0 4.28125
431.0 0.15625
432.0 9.265625
433.0 4.7265625
434.0 4.5703125
435.0 0.34375
436.0 9.0390625
437.0 4.7265625
438.0 4.609375
439.0 4.8359375
440.0 4.5625
441.0 4.0078125
442.0 4.234375
443.0 4.5078125
444.0 4.71875
445.0 4.7421875
446.0 4.8046875
447.0 4.0234375
448.0 5.046875
449.0 4.203125
450.0 4.125
451.0 4.5390625
452.0 4.515625
453.0 4.4296875
454.0 4.5390625
455.0 0.28125
456.0 8.828125
457.0 4.828125
458.0 4.65625
459.0 4.6796875
460.0 4.6875
461.0 4.5390625
462.0 4.3046875
463.0 3.671875
464.0 4.0078125
465.0 3.7109375
466.0 4.3046875
467.0 3.96875
468.0 0.0
469.0 8.734375
470.0 4.515625
471.0 4.78125
472.0 4.8125
473.0 4.296875
474.0 4.90625
475.0 4.3046875
476.0 4.484375
477.0 4.6484375
478.0 4.7109375
479.0 4.328125
480.0 4.484375
481.0 3.7421875
482.0 3.8515625
483.0 3.9921875
484.0 4.421875
485.0 4.5703125
486.0 2.90625
487.0 6.109375
488.0 4.359375
489.0 4.5
490.0 4.296875
491.0 4.359375
492.0 0.0
493.0 9.375
494.0 4.5
495.0 4.6015625
496.0 4.75
497.0 5.0234375
498.0 4.5078125
499.0 4.578125
500.0 4.421875
501.0 4.09375
502.0 4.0625
503.0 0.8046875
504.0 6.421875
505.0 4.1796875
506.0 4.53125
507.0 4.5
508.0 4.46875
509.0 4.3984375
510.0 4.6484375
511.0 4.171875
512.0 3.8203125
513.0 4.296875
514.0 4.3515625
515.0 4.421875
516.0 0.9375
517.0 7.6875
518.0 4.0703125
519.0 4.0703125
520.0 3.3828125
521.0 0.6640625
522.0 7.65625
523.0 4.7734375
524.0 4.4140625
525.0 4.7265625
526.0 4.03125
527.0 4.1484375
528.0 4.21875
529.0 3.2890625
530.0 5.6171875
531.0 4.3046875
532.0 3.5625
533.0 3.59375
534.0 3.796875
535.0 3.828125
536.0 3.8515625
537.0 4.203125
538.0 4.7421875
539.0 3.9453125
540.0 2.6328125
541.0 5.5234375
542.0 3.6796875
543.0 3.9140625
544.0 3.375
545.0 4.390625
546.0 4.0625
547.0 3.8515625
548.0 4.3828125
549.0 4.625
550.0 4.46875
551.0 4.1015625
552.0 4.6640625
553.0 4.4296875
554.0 4.453125
555.0 4.3203125
556.0 4.3203125
557.0 4.0390625
558.0 3.28125
559.0 0.5859375
560.0 8.640625
561.0 4.15625
562.0 4.5
563.0 4.7109375
564.0 4.5078125
565.0 0.140625
566.0 8.7421875
567.0 4.453125
568.0 3.4453125
569.0 3.375
570.0 2.921875
571.0 2.8125
572.0 2.84375
573.0 3.4296875
574.0 3.328125
575.0 3.109375
576.0 3.296875
577.0 3.375
578.0 3.3984375
579.0 3.578125
580.0 3.7890625
581.0 0.9140625
582.0 6.8046875
583.0 3.875
584.0 3.4609375
585.0 0.3671875
586.0 6.9609375
587.0 3.5859375
588.0 3.3515625
589.0 3.34375
590.0 3.4921875
591.0 3.9453125
592.0 3.703125
593.0 3.4375
594.0 2.984375
595.0 3.4375
596.0 3.4921875
597.0 4.1328125
598.0 2.2734375
599.0 6.4140625
