0.0 3.65625
1.0 5.4296875
2.0 6.1171875
3.0 5.1640625
4.0 6.0546875
5.0 3.3203125
6.0 1.5859375
7.0 8.1953125
8.0 4.890625
9.0 5.5234375
10.0 5.8203125
11.0 5.875
12.0 1.7734375
13.0 9.0078125
14.0 6.078125
15.0 5.5546875
16.0 4.0859375
17.0 5.6484375
18.0 6.171875
19.0 6.2109375
20.0 5.1015625
21.0 3.046875
22.0 4.5625
23.0 3.1484375
24.0 2.5390625
25.0 0.7265625
26.0 7.6015625
27.0 3.7109375
28.0 5.0859375
29.0 4.265625
30.0 4.4453125
31.0 3.6953125
32.0 5.515625
33.0 5.1640625
34.0 4.453125
35.0 2.640625
36.0 2.5625
37.0 3.5234375
38.0 2.7578125
39.0 4.59375
40.0 4.5
41.0 3.7421875
42.0 3.8203125
43.0 3.203125
44.0 2.2421875
45.0 0.0
46.0 0.8828125
47.0 6.09375
48.0 2.3359375
49.0 2.96875
50.0 3.140625
51.0 3.140625
52.0 3.3203125
53.0 0.78125
54.0 0.0
55.0 7.359375
56.0 3.2578125
57.0 3.0546875
58.0 3.1953125
59.0 5.421875
60.0 5.7578125
61.0 3.96875
62.0 5.515625
63.0 5.6015625
64.0 5.3359375
65.0 5.3984375
66.0 5.546875
67.0 6.0
68.0 2.5625
69.0 7.703125
70.0 4.5390625
71.0 5.9375
72.0 3.0234375
73.0 7.6953125
74.0 3.3125
75.0 2.2734375
76.0 2.7109375
77.0 2.8359375
78.0 3.3828125
79.0 3.375
80.0 3.2890625
81.0 3.1953125
82.0 2.78125
83.0 3.0234375
84.0 1.890625
85.0 5.6015625
86.0 2.59375
87.0 2.6328125
88.0 2.875
89.0 3.7890625
90.0 5.7890625
91.0 5.9609375
92.0 6.0234375
93.0 6.3046875
94.0 6.171875
95.0 5.546875
96.0 1.5546875
97.0 5.828125
98.0 5.125
99.0 2.046875
100.0 1.8984375
101.0 4.9296875
102.0 6.484375
103.0 4.625
104.0 1.3125
105.0 7.671875
106.0 3.1171875
107.0 3.4296875
108.0 3.046875
109.0 5.3515625
110.0 5.9140625
111.0 6.1171875
112.0 5.28125
113.0 3.2578125
114.0 5.25
115.0 5.609375
116.0 5.8125
117.0 1.953125
118.0 8.8046875
119.0 5.375
120.0 5.8515625
121.0 5.9921875
122.0 5.9921875
123.0 6.5859375
124.0 6.734375
125.0 5.2890625
126.0 0.0
127.0 7.0078125
128.0 4.9765625
129.0 6.0234375
130.0 5.6171875
131.0 6.171875
132.0 6.2734375
133.0 5.3046875
134.0 5.53125
135.0 5.7109375
136.0 5.8828125
137.0 5.8828125
138.0 5.9296875
139.0 5.6328125
140.0 4.2109375
141.0 7.6875
142.0 5.5234375
143.0 4.0625
144.0 3.890625
145.0 2.4609375
146.0 1.234375
147.0 9.65625
148.0 5.5625
149.0 5.7890625
150.0 6.3828125
151.0 6.2265625
152.0 6.03125
153.0 6.5
154.0 6.265625
155.0 6.3515625
156.0 5.90625
157.0 4.71875
158.0 0.0390625
159.0 7.765625
160.0 3.7578125
161.0 3.828125
162.0 4.359375
163.0 3.9765625
164.0 6.625
165.0 5.6953125
166.0 5.9296875
167.0 5.5
168.0 5.3203125
169.0 2.0390625
170.0 3.796875
171.0 4.6953125
172.0 4.296875
173.0 4.984375
174.0 5.734375
175.0 5.7265625
176.0 6.15625
177.0 4.5625
178.0 7.96875
179.0 6.0859375
180.0 5.671875
181.0 5.8828125
182.0 4.8125
183.0 6.859375
184.0 6.59375
185.0 6.3671875
186.0 6.03125
187.0 6.0078125
188.0 6.0546875
189.0 6.0546875
190.0 5.8828125
191.0 5.9140625
192.0 5.9140625
193.0 6.2734375
194.0 6.7421875
195.0 6.125
196.0 4.6796875
197.0 7.28125
198.0 5.9921875
199.0 5.578125
200.0 6.796875
201.0 1.7421875
202.0 0.8359375
203.0 1.46875
204.0 4.953125
205.0 5.4609375
206.0 5.4921875
207.0 5.8828125
208.0 5.9140625
209.0 4.9609375
210.0 4.125
211.0 2.71875
212.0 0.421875
213.0 7.7890625
214.0 4.265625
215.0 4.5078125
216.0 5.78125
217.0 5.9609375
218.0 5.3359375
219.0 5.421875
220.0 4.4765625
221.0 5.796875
222.0 6.2421875
223.0 6.328125
224.0 6.3359375
225.0 5.78125
226.0 0.046875
227.0 8.109375
228.0 4.5625
229.0 5.890625
230.0 4.265625
231.0 7.3671875
232.0 6.2265625
233.0 6.3203125
234.0 5.484375
235.0 6.265625
236.0 6.3203125
237.0 6.6640625
238.0 5.140625
239.0 8.1484375
240.0 6.4375
241.0 6.8671875
242.0 6.5859375
243.0 6.78125
244.0 6.5703125
245.0 6.5078125
246.0 6.6484375
247.0 6.4765625
248.0 6.453125
249.0 6.7734375
250.0 6.53125
251.0 6.65625
252.0 6.4765625
253.0 3.765625
254.0 9.4921875
255.0 6.984375
256.0 6.984375
257.0 6.828125
258.0 6.515625
259.0 7.6328125
260.0 6.828125
261.0 6.6015625
262.0 5.546875
263.0 3.84375
264.0 8.3515625
265.0 4.875
266.0 5.0859375
267.0 5.5546875
268.0 5.6484375
269.0 6.0625
270.0 6.296875
271.0 6.2578125
272.0 6.15625
273.0 6.125
274.0 6.0078125
275.0 6.0234375
276.0 2.0625
277.0 5.703125
278.0 5.828125
279.0 5.7265625
280.0 6.171875
281.0 5.9453125
282.0 5.7578125
283.0 5.828125
284.0 2.625
285.0 0.0
286.0 7.2578125
287.0 0.15625
288.0 4.578125
289.0 3.859375
290.0 2.8359375
291.0 2.4296875
292.0 2.1875
293.0 3.9453125
294.0 1.0546875
295.0 8.8046875
296.0 6.359375
297.0 6.2265625
298.0 5.734375
299.0 6.09375
300.0 6.3359375
301.0 6.125
302.0 6.6171875
303.0 6.3046875
304.0 4.3046875
305.0 8.40625
306.0 6.0859375
307.0 6.3359375
308.0 5.21875
309.0 5.1953125
310.0 4.1875
311.0 1.9375
312.0 10.0703125
313.0 7.140625
314.0 6.984375
315.0 6.15625
316.0 5.859375
317.0 6.1484375
318.0 6.125
319.0 6.7734375
320.0 7.140625
321.0 7.0078125
322.0 6.890625
323.0 7.0703125
324.0 7.2578125
325.0 6.953125
326.0 6.9921875
327.0 7.0390625
328.0 7.21875
329.0 6.0546875
330.0 6.46875
331.0 7.0703125
332.0 6.84375
333.0 5.0234375
334.0 5.6484375
335.0 5.6640625
336.0 5.734375
337.0 6.390625
338.0 7.1328125
339.0 7.078125
340.0 7.046875
341.0 6.921875
342.0 4.546875
343.0 5.75
344.0 3.90625
345.0 7.0703125
346.0 6.7734375
347.0 6.6328125
348.0 6.765625
349.0 7.0390625
350.0 7.21875
351.0 6.7734375
352.0 7.484375
353.0 7.0390625
354.0 6.9609375
355.0 6.6328125
356.0 5.6328125
357.0 8.9765625
358.0 7.140625
359.0 7.375
360.0 7.359375
361.0 6.9765625
362.0 6.828125
363.0 6.78125
364.0 6.9140625
365.0 6.71875
366.0 6.0859375
367.0 5.1015625
368.0 5.2265625
369.0 5.6484375
370.0 6.859375
371.0 3.3515625
372.0 10.4375
373.0 6.6484375
374.0 5.671875
375.0 7.421875
376.0 5.515625
377.0 8.7421875
378.0 7.25
379.0 6.9453125
380.0 7.3671875
381.0 7.0703125
382.0 7.2109375
383.0 7.109375
384.0 7.1875
385.0 6.6015625
386.0 6.9140625
387.0 7.078125
388.0 7.1796875
389.0 7.078125
390.0 6.921875
391.0 3.0546875
392.0 8.8984375
393.0 6.9296875
394.0 6.921875
395.0 3.640625
396.0 10.4453125
397.0 6.171875
398.0 2.34375
399.0 3.8828125
400.0 6.4140625
401.0 4.390625
402.0 4.5703125
403.0 2.484375
404.0 0.96875
405.0 0.0
406.0 0.0
407.0 0.0
408.0 5.203125
409.0 1.078125
410.0 0.78125
411.0 0.875
412.0 1.3125
413.0 2.8046875
414.0 3.1171875
415.0 3.546875
416.0 6.3359375
417.0 5.9296875
418.0 4.796875
419.0 3.1015625
420.0 2.375
421.0 0.0
422.0 7.7890625
423.0 6.796875
424.0 6.9765625
425.0 7.125
426.0 7.2890625
427.0 6.8671875
428.0 6.6328125
429.0 6.3515625
430.0 6.390625
431.0 6.7109375
432.0 7.15625
433.0 7.140625
434.0 7.1015625
435.0 1.859375
436.0 12.3984375
437.0 6.3828125
438.0 6.734375
439.0 6.703125
440.0 7.2421875
441.0 6.390625
442.0 4.796875
443.0 5.15625
444.0 5.4296875
445.0 5.515625
446.0 6.8359375
447.0 7.109375
448.0 7.140625
449.0 5.796875
450.0 5.765625
451.0 5.109375
452.0 2.25
453.0 8.1640625
454.0 6.8359375
455.0 6.53125
456.0 6.171875
457.0 4.0390625
458.0 8.7109375
459.0 5.90625
460.0 6.5625
461.0 6.625
462.0 6.0546875
463.0 6.765625
464.0 6.6484375
465.0 6.84375
466.0 6.9296875
467.0 6.796875
468.0 5.0234375
469.0 6.9609375
470.0 4.9609375
471.0 5.78125
472.0 6.7734375
473.0 6.6640625
474.0 6.859375
475.0 6.4375
476.0 5.109375
477.0 8.625
478.0 5.4375
479.0 8.1484375
480.0 5.9375
481.0 5.5234375
482.0 6.5
483.0 6.6640625
484.0 5.0703125
485.0 7.3125
486.0 5.234375
487.0 7.5234375
488.0 5.1015625
489.0 7.34375
490.0 4.8125
491.0 4.6796875
492.0 6.6640625
493.0 6.8046875
494.0 4.859375
495.0 3.3125
496.0 3.8203125
497.0 3.4375
498.0 4.453125
499.0 5.1015625
500.0 5.6484375
501.0 6.4140625
502.0 5.1875
503.0 0.0
504.0 7.3984375
505.0 3.4375
506.0 3.265625
507.0 1.5
508.0 6.359375
509.0 6.890625
510.0 6.59375
511.0 5.0859375
512.0 3.515625
513.0 3.6796875
514.0 3.640625
515.0 3.21875
516.0 5.109375
517.0 7.03125
518.0 4.0
519.0 3.2890625
520.0 3.0546875
521.0 0.0
522.0 9.5078125
523.0 6.953125
524.0 5.4296875
525.0 8.3125
526.0 6.9140625
527.0 5.890625
528.0 5.0859375
529.0 6.2265625
530.0 6.328125
531.0 5.9375
532.0 6.5625
533.0 6.703125
534.0 7.0703125
535.0 6.9296875
536.0 6.3046875
537.0 4.7421875
538.0 9.0390625
539.0 7.4296875
540.0 7.140625
541.0 6.921875
542.0 6.765625
543.0 6.828125
544.0 6.734375
545.0 5.75
546.0 5.859375
547.0 4.984375
548.0 6.296875
549.0 6.3203125
550.0 6.515625
551.0 6.328125
552.0 6.390625
553.0 6.3046875
554.0 6.6796875
555.0 6.40625
556.0 6.4375
557.0 7.1015625
558.0 6.921875
559.0 4.3984375
560.0 9.6953125
561.0 7.421875
562.0 7.0625
563.0 6.890625
564.0 7.0703125
565.0 6.84375
566.0 5.078125
567.0 9.015625
568.0 6.5859375
569.0 6.8828125
570.0 6.796875
571.0 6.6015625
572.0 6.765625
573.0 7.0390625
574.0 6.3671875
575.0 6.5859375
576.0 6.6796875
577.0 7.359375
578.0 7.3671875
579.0 7.3046875
580.0 2.71875
581.0 11.09375
582.0 6.625
583.0 5.5859375
584.0 8.1484375
585.0 6.6640625
586.0 6.5625
587.0 5.9765625
588.0 6.1484375
589.0 5.671875
590.0 5.0859375
591.0 5.890625
592.0 6.390625
593.0 5.0390625
594.0 1.5
595.0 10.0859375
596.0 6.171875
597.0 3.140625
598.0 5.125
599.0 7.046875
