0.0 4.21875
1.0 4.203125
2.0 0.140625
3.0 8.078125
4.0 4.2734375
5.0 4.3984375
6.0 4.0859375
7.0 4.25
8.0 4.1328125
9.0 1.921875
10.0 6.65625
11.0 1.765625
12.0 6.6015625
13.0 4.1484375
14.0 4.1015625
15.0 4.1875
16.0 4.0078125
17.0 4.328125
18.0 4.4296875
19.0 3.796875
20.0 4.0390625
21.0 3.890625
22.0 4.0625
23.0 4.1171875
24.0 4.1328125
25.0 4.0546875
26.0 3.53125
27.0 0.0625
28.0 8.6171875
29.0 1.765625
30.0 5.6328125
31.0 3.4921875
32.0 3.890625
33.0 4.125
34.0 4.3671875
35.0 3.890625
36.0 3.2265625
37.0 4.6796875
38.0 4.28125
39.0 3.875
40.0 4.03125
41.0 3.7578125
42.0 4.1171875
43.0 3.9453125
44.0 3.7421875
45.0 3.9375
46.0 3.6171875
47.0 3.84375
48.0 3.7890625
49.0 3.7578125
50.0 4.0703125
51.0 3.9453125
52.0 0.2109375
53.0 7.2578125
54.0 4.0078125
55.0 3.3984375
56.0 4.609375
57.0 3.9140625
58.0 4.234375
59.0 3.9140625
60.0 3.734375
61.0 3.6796875
62.0 3.7265625
63.0 4.2421875
64.0 3.9140625
65.0 1.734375
66.0 5.9765625
67.0 4.28125
68.0 4.0
69.0 3.5859375
70.0 3.796875
71.0 3.90625
72.0 3.5625
73.0 3.671875
74.0 3.96875
75.0 4.171875
76.0 4.1484375
77.0 3.875
78.0 3.9140625
79.0 3.5546875
80.0 1.3515625
81.0 5.6484375
82.0 3.40625
83.0 3.6953125
84.0 3.5234375
85.0 3.5234375
86.0 3.1484375
87.0 3.0859375
88.0 0.0
89.0 8.09375
90.0 4.09375
91.0 3.4140625
92.0 4.875
93.0 4.0234375
94.0 4.0078125
95.0 3.9453125
96.0 4.0859375
97.0 3.921875
98.0 3.6484375
99.0 3.7734375
100.0 3.7265625
101.0 3.8046875
102.0 4.125
103.0 4.09375
104.0 3.9453125
105.0 4.0703125
106.0 3.4921875
107.0 3.8828125
108.0 4.03125
109.0 4.203125
110.0 4.1484375
111.0 4.03125
112.0 4.2109375
113.0 4.1875
114.0 4.203125
115.0 4.1484375
116.0 4.203125
117.0 3.9375
118.0 3.953125
119.0 4.0390625
120.0 4.0859375
121.0 0.09375
122.0 7.546875
123.0 3.8046875
124.0 4.09375
125.0 4.0390625
126.0 4.0234375
127.0 0.9921875
128.0 7.03125
129.0 4.1484375
130.0 4.0625
131.0 4.03125
132.0 3.9765625
133.0 4.125
134.0 4.0703125
135.0 4.1015625
136.0 4.0625
137.0 4.0390625
138.0 4.2109375
139.0 4.03125
140.0 4.2734375
141.0 1.046875
142.0 6.953125
143.0 4.234375
144.0 4.2421875
145.0 1.6484375
146.0 6.265625
147.0 1.5234375
148.0 6.59375
149.0 4.28125
150.0 4.0390625
151.0 4.0703125
152.0 4.0234375
153.0 4.0703125
154.0 3.9765625
155.0 4.0234375
156.0 3.953125
157.0 3.953125
158.0 4.0546875
159.0 1.8203125
160.0 6.4375
161.0 3.8515625
162.0 4.0
163.0 4.0703125
164.0 3.9453125
165.0 3.9921875
166.0 2.5234375
167.0 5.3828125
168.0 1.171875
169.0 3.546875
170.0 3.0859375
171.0 3.0703125
172.0 3.828125
173.0 3.8046875
174.0 3.3984375
175.0 3.625
176.0 3.7734375
177.0 4.0078125
178.0 3.90625
179.0 2.8671875
180.0 5.171875
181.0 3.8515625
182.0 3.9765625
183.0 4.0390625
184.0 3.796875
185.0 3.671875
186.0 2.8515625
187.0 5.28125
188.0 3.8828125
189.0 4.0078125
190.0 4.03125
191.0 4.171875
192.0 4.09375
193.0 4.0546875
194.0 4.171875
195.0 4.2421875
196.0 4.3203125
197.0 4.3671875
198.0 4.1015625
199.0 3.8203125
200.0 0.734375
201.0 7.6640625
202.0 4.1171875
203.0 4.3671875
204.0 3.84375
205.0 2.5703125
206.0 4.9609375
207.0 4.09375
208.0 3.921875
209.0 4.0625
210.0 4.203125
211.0 4.2421875
212.0 4.0859375
213.0 4.125
214.0 4.0859375
215.0 4.2734375
216.0 4.2109375
217.0 3.921875
218.0 4.0859375
219.0 3.265625
220.0 0.5859375
221.0 8.3125
222.0 4.3359375
223.0 4.25
224.0 4.3203125
225.0 3.4921875
226.0 0.0
227.0 8.5234375
228.0 4.03125
229.0 3.90625
230.0 3.9140625
231.0 4.15625
232.0 4.4140625
233.0 4.28125
234.0 4.28125
235.0 4.3359375
236.0 4.265625
237.0 4.234375
238.0 4.3203125
239.0 0.6171875
240.0 8.1953125
241.0 4.1796875
242.0 0.8984375
243.0 7.1640625
244.0 4.0390625
245.0 4.0390625
246.0 3.578125
247.0 3.7578125
248.0 3.96875
249.0 2.875
250.0 3.9140625
251.0 4.1015625
252.0 3.9375
253.0 4.0703125
254.0 3.9765625
255.0 2.15625
256.0 6.4765625
257.0 4.421875
258.0 4.3203125
259.0 4.359375
260.0 4.2734375
261.0 4.234375
262.0 4.203125
263.0 3.4921875
264.0 4.7421875
265.0 4.4765625
266.0 3.8203125
267.0 4.15625
268.0 4.15625
269.0 4.171875
270.0 4.171875
271.0 4.09375
272.0 4.21875
273.0 4.1171875
274.0 4.265625
275.0 4.3515625
276.0 4.09375
277.0 1.7578125
278.0 6.1484375
279.0 4.125
280.0 4.3203125
281.0 4.2109375
282.0 4.1015625
283.0 4.234375
284.0 4.1796875
285.0 4.1015625
286.0 4.1328125
287.0 4.125
288.0 4.25
289.0 4.0859375
290.0 3.6796875
291.0 0.0
292.0 7.8515625
293.0 3.6484375
294.0 3.9921875
295.0 4.25
296.0 4.1875
297.0 3.7734375
298.0 0.0
299.0 8.1640625
300.0 2.8046875
301.0 3.875
302.0 4.171875
303.0 4.578125
304.0 4.5
305.0 3.53125
306.0 3.9765625
307.0 1.8046875
308.0 5.53125
309.0 3.515625
310.0 3.859375
311.0 3.8046875
312.0 3.796875
313.0 3.6796875
314.0 3.765625
315.0 3.8515625
316.0 3.4609375
317.0 3.9375
318.0 3.7265625
319.0 4.2734375
320.0 3.921875
321.0 3.8515625
322.0 3.1640625
323.0 4.0234375
324.0 4.0234375
325.0 4.0234375
326.0 3.84375
327.0 4.1796875
328.0 4.4765625
329.0 4.265625
330.0 3.84375
331.0 0.3671875
332.0 7.484375
333.0 4.2421875
334.0 3.7109375
335.0 3.3984375
336.0 3.6171875
337.0 2.953125
338.0 0.0625
339.0 7.4921875
340.0 3.671875
341.0 3.9765625
342.0 4.1796875
343.0 4.1796875
344.0 4.296875
345.0 4.1171875
346.0 4.1171875
347.0 4.1796875
348.0 4.1015625
349.0 4.171875
350.0 4.234375
351.0 4.1015625
352.0 0.0
353.0 8.2109375
354.0 4.28125
355.0 4.21875
356.0 4.21875
357.0 3.96875
358.0 1.984375
359.0 5.609375
360.0 3.9921875
361.0 3.828125
362.0 4.2109375
363.0 3.8515625
364.0 3.671875
365.0 1.828125
366.0 4.828125
367.0 5.0703125
368.0 4.296875
369.0 4.296875
370.0 4.125
371.0 4.1015625
372.0 4.125
373.0 3.9921875
374.0 4.0390625
375.0 3.9453125
376.0 3.96875
377.0 3.8046875
378.0 3.9765625
379.0 4.0703125
380.0 4.265625
381.0 4.0546875
382.0 0.0
383.0 8.203125
384.0 4.0
385.0 3.921875
386.0 1.6484375
387.0 6.6875
388.0 3.65625
389.0 3.4609375
390.0 4.0390625
391.0 3.9765625
392.0 3.96875
393.0 1.2421875
394.0 3.8515625
395.0 6.8828125
396.0 4.0859375
397.0 3.9921875
398.0 4.0546875
399.0 4.0703125
400.0 3.953125
401.0 4.0625
402.0 4.0625
403.0 4.125
404.0 3.546875
405.0 3.9140625
406.0 2.5234375
407.0 1.0234375
408.0 0.0
409.0 6.53125
410.0 4.0234375
411.0 4.125
412.0 4.0859375
413.0 4.1171875
414.0 4.0859375
415.0 3.921875
416.0 4.03125
417.0 2.234375
418.0 5.1015625
419.0 3.8046875
420.0 3.1953125
421.0 3.2890625
422.0 3.2578125
423.0 3.4609375
424.0 3.90625
425.0 1.7109375
426.0 5.6015625
427.0 3.5625
428.0 3.765625
429.0 3.734375
430.0 3.515625
431.0 3.5
432.0 3.546875
433.0 1.5703125
434.0 5.765625
435.0 4.0234375
436.0 4.0078125
437.0 4.1015625
438.0 3.9375
439.0 3.671875
440.0 4.0
441.0 3.890625
442.0 4.0703125
443.0 4.1796875
444.0 4.28125
445.0 3.8828125
446.0 2.0
447.0 5.5546875
448.0 3.7890625
449.0 3.6796875
450.0 4.0546875
451.0 4.203125
452.0 4.03125
453.0 4.09375
454.0 3.96875
455.0 3.890625
456.0 3.828125
457.0 1.734375
458.0 6.2109375
459.0 4.1875
460.0 4.0703125
461.0 4.0859375
462.0 3.4453125
463.0 3.8203125
464.0 3.6796875
465.0 1.7421875
466.0 5.453125
467.0 3.5234375
468.0 3.765625
469.0 3.875
470.0 3.9765625
471.0 3.625
472.0 3.8203125
473.0 3.8828125
474.0 3.9921875
475.0 4.234375
476.0 3.875
477.0 3.9765625
478.0 4.2109375
479.0 4.1015625
480.0 4.2109375
481.0 0.484375
482.0 7.7265625
483.0 4.1796875
484.0 4.0546875
485.0 3.84375
486.0 0.328125
487.0 7.9921875
488.0 4.2734375
489.0 4.2734375
490.0 4.3515625
491.0 4.203125
492.0 4.3671875
493.0 4.0234375
494.0 4.21875
495.0 4.125
496.0 4.0234375
497.0 4.1328125
498.0 4.265625
499.0 4.203125
500.0 4.0
501.0 0.578125
502.0 8.6171875
503.0 4.453125
504.0 4.234375
505.0 4.3046875
506.0 4.203125
507.0 4.484375
508.0 4.453125
509.0 4.2421875
510.0 4.21875
511.0 4.1328125
512.0 4.3046875
513.0 4.3828125
514.0 4.0234375
515.0 1.8359375
516.0 6.7109375
517.0 4.09375
518.0 4.0234375
519.0 4.1484375
520.0 4.1875
521.0 3.625
522.0 4.9609375
523.0 4.2109375
524.0 4.2109375
525.0 4.1171875
526.0 3.890625
527.0 3.953125
528.0 4.09375
529.0 4.0703125
530.0 3.9453125
531.0 3.9140625
532.0 3.9765625
533.0 4.03125
534.0 3.9375
535.0 1.640625
536.0 6.984375
537.0 3.9921875
538.0 3.9453125
539.0 4.21875
540.0 4.0546875
541.0 3.90625
542.0 3.875
543.0 1.421875
544.0 6.5703125
545.0 3.9765625
546.0 3.921875
547.0 3.875
548.0 3.875
549.0 3.9921875
550.0 3.65625
551.0 3.7890625
552.0 3.8828125
553.0 4.0390625
554.0 3.9765625
555.0 3.578125
556.0 2.6015625
557.0 4.9453125
558.0 3.765625
559.0 3.9921875
560.0 3.84375
561.0 3.671875
562.0 0.484375
563.0 7.1015625
564.0 3.9921875
565.0 3.8828125
566.0 4.03125
567.0 4.2734375
568.0 3.9765625
569.0 4.1484375
570.0 4.0703125
571.0 1.953125
572.0 6.5625
573.0 4.21875
574.0 4.234375
575.0 1.921875
576.0 6.515625
577.0 4.2109375
578.0 4.296875
579.0 4.1328125
580.0 4.0703125
581.0 4.0625
582.0 4.0625
583.0 4.171875
584.0 4.1171875
585.0 4.0390625
586.0 4.15625
587.0 3.5234375
588.0 3.046875
589.0 3.6953125
590.0 1.1640625
591.0 6.78125
592.0 4.2109375
593.0 3.765625
594.0 3.9921875
595.0 1.6171875
596.0 6.6875
597.0 4.0390625
598.0 4.1328125
599.0 4.1875
