0.0 7.9296875
1.0 4.5625
2.0 4.5078125
3.0 4.1796875
4.0 3.9921875
5.0 3.953125
6.0 3.890625
7.0 2.96875
8.0 5.421875
9.0 4.1484375
10.0 4.6953125
11.0 4.828125
12.0 4.609375
13.0 4.71875
14.0 4.6640625
15.0 4.890625
16.0 4.3203125
17.0 4.1484375
18.0 4.3515625
19.0 4.53125
20.0 3.7265625
21.0 4.984375
22.0 3.109375
23.0 2.921875
24.0 4.4453125
25.0 4.15625
26.0 4.515625
27.0 4.59375
28.0 5.1015625
29.0 5.1015625
30.0 4.8984375
31.0 4.828125
32.0 1.8828125
33.0 8.1171875
34.0 5.125
35.0 4.90625
36.0 4.8359375
37.0 4.5
38.0 3.578125
39.0 5.5234375
40.0 5.25
41.0 5.4375
42.0 4.984375
43.0 5.171875
44.0 5.3359375
45.0 4.9765625
46.0 5.0859375
47.0 4.2109375
48.0 4.5703125
49.0 4.9609375
50.0 1.3828125
51.0 8.7734375
52.0 5.3203125
53.0 5.140625
54.0 1.3515625
55.0 8.1328125
56.0 5.1015625
57.0 5.234375
58.0 5.3125
59.0 5.1640625
60.0 5.0859375
61.0 5.2265625
62.0 5.0859375
63.0 2.09375
64.0 7.9453125
65.0 4.828125
66.0 4.625
67.0 4.6484375
68.0 4.8046875
69.0 5.2734375
70.0 5.203125
71.0 5.078125
72.0 5.046875
73.0 5.1015625
74.0 5.0078125
75.0 5.078125
76.0 1.65625
77.0 7.6640625
78.0 5.6484375
79.0 4.859375
80.0 4.7421875
81.0 4.46875
82.0 4.390625
83.0 4.25
84.0 4.171875
85.0 4.15625
86.0 4.3046875
87.0 4.5703125
88.0 4.4453125
89.0 4.09375
90.0 4.328125
91.0 4.6640625
92.0 0.7265625
93.0 8.2734375
94.0 4.5390625
95.0 4.6015625
96.0 4.5
97.0 2.578125
98.0 6.3828125
99.0 4.828125
100.0 4.4453125
101.0 4.5703125
102.0 4.484375
103.0 4.484375
104.0 3.3515625
105.0 4.21875
106.0 4.6015625
107.0 4.21875
108.0 4.28125
109.0 4.328125
110.0 1.65625
111.0 7.71875
112.0 4.53125
113.0 4.8125
114.0 4.6015625
115.0 4.2421875
116.0 1.375
117.0 7.8359375
118.0 4.7578125
119.0 4.78125
120.0 4.8125
121.0 4.7734375
122.0 4.71875
123.0 4.7421875
124.0 4.53125
125.0 4.609375
126.0 4.8125
127.0 5.1953125
128.0 4.9765625
129.0 1.03125
130.0 8.921875
131.0 4.921875
132.0 5.0234375
133.0 4.8984375
134.0 2.4453125
135.0 7.78125
136.0 5.1953125
137.0 4.921875
138.0 4.65625
139.0 3.9765625
140.0 3.0390625
141.0 3.734375
142.0 4.1796875
143.0 4.453125
144.0 4.8359375
145.0 4.859375
146.0 3.828125
147.0 1.65625
148.0 5.765625
149.0 3.625
150.0 3.921875
151.0 2.8125
152.0 0.0
153.0 0.0
154.0 6.8125
155.0 4.5
156.0 4.3671875
157.0 4.3828125
158.0 4.453125
159.0 4.5625
160.0 4.4140625
161.0 3.2578125
162.0 3.0859375
163.0 4.515625
164.0 4.234375
165.0 4.65625
166.0 4.5
167.0 2.9375
168.0 2.953125
169.0 7.84375
170.0 4.3828125
171.0 4.3203125
172.0 1.859375
173.0 7.0625
174.0 4.7421875
175.0 4.8671875
176.0 4.203125
177.0 4.5625
178.0 4.2421875
179.0 4.1875
180.0 4.0
181.0 4.3671875
182.0 4.328125
183.0 4.2421875
184.0 4.6328125
185.0 2.1171875
186.0 7.0703125
187.0 4.484375
188.0 4.3828125
189.0 4.2421875
190.0 3.890625
191.0 1.03125
192.0 7.3671875
193.0 4.328125
194.0 4.4765625
195.0 4.6484375
196.0 4.6875
197.0 4.65625
198.0 4.4140625
199.0 4.53125
200.0 4.796875
201.0 4.484375
202.0 4.1796875
203.0 4.1328125
204.0 1.4453125
205.0 7.109375
206.0 4.0
207.0 4.0390625
208.0 4.0625
209.0 3.9765625
210.0 1.703125
211.0 6.71875
212.0 4.171875
213.0 4.1484375
214.0 4.0859375
215.0 4.03125
216.0 3.7421875
217.0 3.6953125
218.0 4.1328125
219.0 1.171875
220.0 6.8046875
221.0 4.0546875
222.0 4.125
223.0 4.21875
224.0 4.09375
225.0 4.1015625
226.0 4.6015625
227.0 4.234375
228.0 4.265625
229.0 3.953125
230.0 3.84375
231.0 4.15625
232.0 4.3203125
233.0 1.6171875
234.0 6.953125
235.0 4.53125
236.0 4.2109375
237.0 4.203125
238.0 0.96875
239.0 7.65625
240.0 4.1796875
241.0 4.09375
242.0 4.421875
243.0 4.328125
244.0 4.390625
245.0 4.1171875
246.0 4.125
247.0 4.203125
248.0 4.15625
249.0 4.25
250.0 4.4140625
251.0 3.1328125
252.0 5.9375
253.0 4.53125
254.0 4.359375
255.0 4.7109375
256.0 4.7421875
257.0 2.4921875
258.0 7.5390625
259.0 4.796875
260.0 5.140625
261.0 5.0546875
262.0 5.078125
263.0 4.875
264.0 5.046875
265.0 4.9765625
266.0 5.15625
267.0 4.796875
268.0 4.609375
269.0 4.3984375
270.0 5.140625
271.0 4.578125
272.0 4.6015625
273.0 4.921875
274.0 4.8984375
275.0 5.015625
276.0 5.078125
277.0 4.921875
278.0 4.625
279.0 5.6796875
280.0 5.21875
281.0 5.125
282.0 5.2265625
283.0 5.21875
284.0 5.140625
285.0 5.234375
286.0 5.234375
287.0 5.0390625
288.0 5.203125
289.0 4.859375
290.0 4.6640625
291.0 4.75
292.0 2.28125
293.0 7.5703125
294.0 4.921875
295.0 4.5625
296.0 2.265625
297.0 7.046875
298.0 4.3828125
299.0 4.296875
300.0 5.640625
301.0 5.046875
302.0 4.8671875
303.0 4.8671875
304.0 4.546875
305.0 4.4765625
306.0 4.484375
307.0 4.6796875
308.0 4.3671875
309.0 4.4140625
310.0 4.4140625
311.0 4.4296875
312.0 4.9453125
313.0 4.28125
314.0 4.625
315.0 4.6015625
316.0 4.5625
317.0 4.7109375
318.0 4.625
319.0 4.3203125
320.0 4.453125
321.0 4.3359375
322.0 4.3203125
323.0 4.390625
324.0 4.3359375
325.0 1.1484375
326.0 7.6875
327.0 4.515625
328.0 5.0078125
329.0 4.7265625
330.0 4.6875
331.0 4.2734375
332.0 1.5859375
333.0 7.9453125
334.0 4.71875
335.0 4.3984375
336.0 4.515625
337.0 4.421875
338.0 4.1015625
339.0 1.203125
340.0 7.1640625
341.0 4.296875
342.0 2.671875
343.0 4.6640625
344.0 4.0625
345.0 4.4140625
346.0 4.390625
347.0 4.203125
348.0 4.0546875
349.0 4.1484375
350.0 4.2109375
351.0 4.5
352.0 4.4453125
353.0 2.234375
354.0 5.5
355.0 4.1875
356.0 4.125
357.0 1.640625
358.0 6.9609375
359.0 3.546875
360.0 5.2890625
361.0 4.21875
362.0 4.3984375
363.0 4.3203125
364.0 4.796875
365.0 3.1640625
366.0 4.515625
367.0 4.9453125
368.0 5.078125
369.0 4.890625
370.0 4.6015625
371.0 4.78125
372.0 5.015625
373.0 4.1171875
374.0 6.0859375
375.0 4.828125
376.0 4.4453125
377.0 4.9296875
378.0 5.015625
379.0 4.90625
380.0 2.3359375
381.0 7.84375
382.0 5.109375
383.0 5.0390625
384.0 4.859375
385.0 4.984375
386.0 4.9765625
387.0 4.984375
388.0 4.84375
389.0 4.7578125
390.0 4.5703125
391.0 4.3984375
392.0 3.203125
393.0 5.75
394.0 4.8359375
395.0 4.78125
396.0 4.859375
397.0 4.6953125
398.0 2.3125
399.0 4.9609375
400.0 3.578125
401.0 4.2109375
402.0 4.28125
403.0 4.796875
404.0 4.390625
405.0 4.8125
406.0 4.9296875
407.0 4.890625
408.0 4.65625
409.0 4.5625
410.0 4.4765625
411.0 4.5625
412.0 2.875
413.0 1.1796875
414.0 8.7890625
415.0 4.296875
416.0 4.4296875
417.0 4.421875
418.0 0.5390625
419.0 8.375
420.0 4.296875
421.0 4.0703125
422.0 4.609375
423.0 4.6796875
424.0 4.6640625
425.0 4.78125
426.0 4.78125
427.0 4.578125
428.0 4.7109375
429.0 4.828125
430.0 4.609375
431.0 0.6171875
432.0 6.15625
433.0 8.1328125
434.0 4.875
435.0 4.7578125
436.0 4.7421875
437.0 5.0546875
438.0 5.0859375
439.0 4.9453125
440.0 4.921875
441.0 4.9609375
442.0 4.796875
443.0 4.65625
444.0 4.7734375
445.0 4.8984375
446.0 2.96875
447.0 6.421875
448.0 4.609375
449.0 3.0859375
450.0 6.15625
451.0 4.984375
452.0 4.7578125
453.0 4.7421875
454.0 4.6328125
455.0 4.8359375
456.0 5.3671875
457.0 5.0546875
458.0 4.6328125
459.0 4.578125
460.0 4.90625
461.0 4.71875
462.0 4.546875
463.0 1.5390625
464.0 9.15625
465.0 5.1953125
466.0 4.875
467.0 4.859375
468.0 2.984375
469.0 6.6796875
470.0 4.421875
471.0 4.2109375
472.0 4.75
473.0 4.28125
474.0 4.6015625
475.0 4.6015625
476.0 4.4453125
477.0 4.28125
478.0 1.296875
479.0 7.7265625
480.0 4.6640625
481.0 4.9921875
482.0 5.5625
483.0 5.0703125
484.0 4.921875
485.0 4.8984375
486.0 4.5703125
487.0 4.84375
488.0 5.5
489.0 4.9921875
490.0 5.0078125
491.0 1.8515625
492.0 7.71875
493.0 5.015625
494.0 4.7734375
495.0 4.546875
496.0 4.84375
497.0 5.1875
498.0 4.984375
499.0 0.90625
500.0 8.765625
501.0 5.0703125
502.0 4.859375
503.0 4.828125
504.0 4.8046875
505.0 4.3828125
506.0 5.0078125
507.0 4.625
508.0 5.046875
509.0 5.015625
510.0 4.5703125
511.0 4.546875
512.0 4.8671875
513.0 4.7109375
514.0 4.390625
515.0 4.609375
516.0 3.90625
517.0 4.609375
518.0 4.7265625
519.0 0.1796875
520.0 8.9765625
521.0 4.3515625
522.0 4.125
523.0 4.1171875
524.0 0.609375
525.0 8.3515625
526.0 4.6796875
527.0 4.6484375
528.0 4.578125
529.0 5.0703125
530.0 1.5625
531.0 8.2421875
532.0 5.109375
533.0 5.0703125
534.0 4.6796875
535.0 4.71875
536.0 4.921875
537.0 4.6953125
538.0 4.6328125
539.0 4.875
540.0 4.75
541.0 4.828125
542.0 4.484375
543.0 4.71875
544.0 0.515625
545.0 8.96875
546.0 4.3046875
547.0 4.09375
548.0 1.4609375
549.0 7.25
550.0 4.28125
551.0 4.390625
552.0 4.0078125
553.0 4.03125
554.0 4.0078125
555.0 4.265625
556.0 4.6484375
557.0 4.3203125
558.0 1.421875
559.0 6.6640625
560.0 3.3984375
561.0 3.0
562.0 4.1796875
563.0 4.546875
564.0 4.5
565.0 4.3984375
566.0 4.53125
567.0 4.6015625
568.0 4.3984375
569.0 4.3515625
570.0 4.0390625
571.0 4.359375
572.0 3.9921875
573.0 1.6484375
574.0 6.140625
575.0 4.25
576.0 4.2421875
577.0 4.1015625
578.0 4.171875
579.0 1.234375
580.0 7.375
581.0 4.4765625
582.0 1.3828125
583.0 6.84375
584.0 4.2109375
585.0 4.5703125
586.0 4.59375
587.0 4.984375
588.0 4.6640625
589.0 4.75
590.0 4.6484375
591.0 4.46875
592.0 4.7265625
593.0 4.5390625
594.0 4.5625
595.0 4.578125
596.0 2.59375
597.0 7.0703125
598.0 4.359375
599.0 4.3359375
