0.0 3.703125
1.0 4.4296875
2.0 4.5390625
3.0 4.296875
4.0 4.0078125
5.0 4.2109375
6.0 4.46875
7.0 4.3671875
8.0 4.328125
9.0 4.3046875
10.0 3.328125
11.0 4.46875
12.0 3.96875
13.0 2.046875
14.0 1.890625
15.0 1.7578125
16.0 0.6875
17.0 6.2578125
18.0 3.328125
19.0 3.140625
20.0 3.109375
21.0 3.1484375
22.0 1.3515625
23.0 4.5
24.0 2.4140625
25.0 0.734375
26.0 0.703125
27.0 1.2890625
28.0 2.0703125
29.0 2.1796875
30.0 3.265625
31.0 4.2421875
32.0 3.3828125
33.0 3.5234375
34.0 3.25
35.0 0.6875
36.0 0.0
37.0 0.0
38.0 0.0
39.0 5.90625
40.0 3.875
41.0 4.0859375
42.0 0.8984375
43.0 8.1484375
44.0 4.8125
45.0 4.78125
46.0 4.7109375
47.0 4.0078125
48.0 4.28125
49.0 4.8359375
50.0 5.15625
51.0 5.46875
52.0 5.0234375
53.0 5.1953125
54.0 5.0078125
55.0 4.875
56.0 1.7421875
57.0 7.3203125
58.0 5.0234375
59.0 4.6796875
60.0 5.25
61.0 0.96875
62.0 8.265625
63.0 4.921875
64.0 5.1328125
65.0 5.046875
66.0 4.90625
67.0 5.125
68.0 3.9453125
69.0 3.734375
70.0 3.734375
71.0 3.40625
72.0 3.9140625
73.0 2.5390625
74.0 0.90625
75.0 7.3671875
76.0 4.21875
77.0 4.515625
78.0 4.78125
79.0 4.234375
80.0 5.140625
81.0 4.890625
82.0 4.9296875
83.0 4.7421875
84.0 4.859375
85.0 4.828125
86.0 4.6875
87.0 4.8671875
88.0 4.7421875
89.0 4.328125
90.0 4.0546875
91.0 3.0859375
92.0 5.734375
93.0 4.421875
94.0 3.90625
95.0 3.671875
96.0 3.0
97.0 3.890625
98.0 4.25
99.0 4.2421875
100.0 1.5859375
101.0 7.2734375
102.0 4.3828125
103.0 4.4140625
104.0 4.4765625
105.0 4.2421875
106.0 4.4296875
107.0 4.625
108.0 5.3671875
109.0 4.7578125
110.0 4.5703125
111.0 4.953125
112.0 2.7109375
113.0 6.5390625
114.0 4.125
115.0 4.234375
116.0 3.5625
117.0 4.6796875
118.0 3.640625
119.0 2.90625
120.0 0.0
121.0 7.9296875
122.0 4.6015625
123.0 4.8359375
124.0 3.890625
125.0 4.03125
126.0 4.2109375
127.0 3.953125
128.0 4.0390625
129.0 3.859375
130.0 0.71875
131.0 6.71875
132.0 3.7890625
133.0 3.8828125
134.0 3.296875
135.0 3.5546875
136.0 0.578125
137.0 5.96875
138.0 3.65625
139.0 3.25
140.0 2.65625
141.0 3.296875
142.0 3.65625
143.0 3.296875
144.0 2.5234375
145.0 2.0390625
146.0 1.03125
147.0 1.2421875
148.0 0.96875
149.0 1.4140625
150.0 1.5078125
151.0 2.125
152.0 3.015625
153.0 2.6953125
154.0 1.9375
155.0 1.6171875
156.0 1.1328125
157.0 0.8828125
158.0 5.0703125
159.0 3.4921875
160.0 4.390625
161.0 4.65625
162.0 4.28125
163.0 4.3203125
164.0 4.8046875
165.0 4.890625
166.0 4.953125
167.0 4.7109375
168.0 4.4765625
169.0 4.203125
170.0 1.203125
171.0 5.484375
172.0 2.265625
173.0 4.0546875
174.0 4.7421875
175.0 4.421875
176.0 4.6015625
177.0 4.890625
178.0 4.625
179.0 4.359375
180.0 4.4453125
181.0 4.4296875
182.0 4.4453125
183.0 2.6953125
184.0 0.0
185.0 7.7265625
186.0 3.7109375
187.0 3.28125
188.0 2.953125
189.0 0.0
190.0 7.578125
191.0 4.1015625
192.0 3.90625
193.0 4.1796875
194.0 3.7578125
195.0 3.671875
196.0 3.7421875
197.0 4.71875
198.0 4.7421875
199.0 4.4453125
200.0 4.3515625
201.0 4.390625
202.0 4.625
203.0 3.4140625
204.0 2.7890625
205.0 4.1875
206.0 3.1171875
207.0 4.25
208.0 4.484375
209.0 4.3984375
210.0 4.3046875
211.0 1.2109375
212.0 7.8203125
213.0 4.5390625
214.0 4.3359375
215.0 4.5
216.0 0.421875
217.0 8.140625
218.0 3.703125
219.0 4.515625
220.0 4.2109375
221.0 4.171875
222.0 4.03125
223.0 4.5
224.0 4.578125
225.0 4.3515625
226.0 4.3203125
227.0 3.625
228.0 0.515625
229.0 0.0
230.0 5.8828125
231.0 4.0703125
232.0 4.296875
233.0 4.1875
234.0 3.953125
235.0 3.8203125
236.0 0.0
237.0 8.296875
238.0 4.03125
239.0 3.671875
240.0 4.21875
241.0 3.9921875
242.0 3.765625
243.0 4.0
244.0 4.3671875
245.0 4.5390625
246.0 3.890625
247.0 4.03125
248.0 4.03125
249.0 1.03125
250.0 5.0859375
251.0 2.5625
252.0 1.46875
253.0 2.4765625
254.0 2.8203125
255.0 2.4609375
256.0 3.1484375
257.0 3.1953125
258.0 2.9296875
259.0 3.5625
260.0 3.3203125
261.0 2.328125
262.0 0.0
263.0 6.9609375
264.0 3.5859375
265.0 3.6171875
266.0 3.59375
267.0 2.953125
268.0 0.453125
269.0 6.1484375
270.0 3.5
271.0 4.5
272.0 4.46875
273.0 4.84375
274.0 4.828125
275.0 4.6953125
276.0 5.0546875
277.0 5.1015625
278.0 4.125
279.0 5.765625
280.0 4.78125
281.0 4.6328125
282.0 4.859375
283.0 4.859375
284.0 4.875
285.0 4.9296875
286.0 1.5078125
287.0 8.2109375
288.0 4.921875
289.0 4.4140625
290.0 5.046875
291.0 4.8046875
292.0 5.0390625
293.0 4.359375
294.0 4.5625
295.0 4.4453125
296.0 4.2421875
297.0 5.40625
298.0 5.078125
299.0 3.1328125
300.0 6.9609375
301.0 4.921875
302.0 5.109375
303.0 5.015625
304.0 4.5390625
305.0 4.890625
306.0 5.0078125
307.0 5.1640625
308.0 4.03125
309.0 3.7890625
310.0 5.421875
311.0 5.0546875
312.0 5.0078125
313.0 4.984375
314.0 5.15625
315.0 5.1328125
316.0 4.4140625
317.0 5.0546875
318.0 4.7421875
319.0 4.6875
320.0 4.6796875
321.0 4.65625
322.0 4.6640625
323.0 5.1953125
324.0 4.7265625
325.0 4.46875
326.0 3.6484375
327.0 2.6328125
328.0 2.875
329.0 3.6953125
330.0 4.0859375
331.0 5.9609375
332.0 5.1640625
333.0 5.2265625
334.0 5.2890625
335.0 0.75
336.0 10.0859375
337.0 5.140625
338.0 3.0859375
339.0 2.6953125
340.0 2.9609375
341.0 2.7578125
342.0 2.375
343.0 2.1484375
344.0 2.9296875
345.0 1.703125
346.0 0.359375
347.0 7.875
348.0 5.421875
349.0 4.9765625
350.0 4.9609375
351.0 4.859375
352.0 4.984375
353.0 4.484375
354.0 4.0390625
355.0 3.6953125
356.0 4.578125
357.0 1.109375
358.0 6.390625
359.0 4.8671875
360.0 5.046875
361.0 5.0390625
362.0 5.125
363.0 5.0859375
364.0 5.0234375
365.0 4.59375
366.0 2.9609375
367.0 7.40625
368.0 5.1015625
369.0 4.9453125
370.0 4.296875
371.0 4.6328125
372.0 4.546875
373.0 4.453125
374.0 4.46875
375.0 4.515625
376.0 4.390625
377.0 4.4140625
378.0 4.984375
379.0 5.015625
380.0 1.3828125
381.0 8.0234375
382.0 4.75
383.0 4.890625
384.0 4.8359375
385.0 3.8046875
386.0 5.734375
387.0 4.359375
388.0 3.9453125
389.0 5.6171875
390.0 4.6875
391.0 4.828125
392.0 5.171875
393.0 4.9921875
394.0 5.203125
395.0 5.15625
396.0 5.1953125
397.0 5.203125
398.0 5.140625
399.0 5.453125
400.0 5.421875
401.0 5.1640625
402.0 2.7734375
403.0 7.6171875
404.0 5.0859375
405.0 5.109375
406.0 4.6015625
407.0 4.59375
408.0 1.0859375
409.0 9.078125
410.0 1.2421875
411.0 6.921875
412.0 4.953125
413.0 4.890625
414.0 4.953125
415.0 5.28125
416.0 5.375
417.0 5.078125
418.0 4.9921875
419.0 4.9609375
420.0 4.7109375
421.0 4.84375
422.0 4.828125
423.0 4.984375
424.0 4.84375
425.0 4.84375
426.0 5.1875
427.0 5.015625
428.0 5.1015625
429.0 5.28125
430.0 4.71875
431.0 5.15625
432.0 5.0859375
433.0 4.578125
434.0 3.84375
435.0 3.9140625
436.0 4.6015625
437.0 4.65625
438.0 5.125
439.0 4.609375
440.0 5.1015625
441.0 4.7578125
442.0 5.0859375
443.0 5.1953125
444.0 1.0
445.0 6.0
446.0 2.234375
447.0 3.8046875
448.0 4.0
449.0 0.125
450.0 8.7734375
451.0 4.7734375
452.0 4.7109375
453.0 2.5078125
454.0 4.03125
455.0 4.4296875
456.0 5.3984375
457.0 5.2578125
458.0 5.0390625
459.0 4.953125
460.0 4.953125
461.0 5.34375
462.0 5.6796875
463.0 5.7265625
464.0 5.453125
465.0 1.8203125
466.0 8.3828125
467.0 5.203125
468.0 5.46875
469.0 5.453125
470.0 5.34375
471.0 0.5078125
472.0 9.953125
473.0 5.5625
474.0 5.375
475.0 5.28125
476.0 5.140625
477.0 5.109375
478.0 5.1015625
479.0 4.921875
480.0 5.0234375
481.0 3.875
482.0 4.1484375
483.0 0.28125
484.0 8.8671875
485.0 5.0703125
486.0 5.1640625
487.0 5.0078125
488.0 4.859375
489.0 4.4296875
490.0 3.46875
491.0 5.4921875
492.0 4.0859375
493.0 4.1328125
494.0 4.3203125
495.0 4.28125
496.0 4.7109375
497.0 5.3046875
498.0 4.9765625
499.0 5.203125
500.0 5.28125
501.0 5.0703125
502.0 5.34375
503.0 5.140625
504.0 2.8203125
505.0 0.71875
506.0 8.5078125
507.0 5.109375
508.0 5.0546875
509.0 4.7109375
510.0 2.5625
511.0 7.03125
512.0 5.3125
513.0 5.2890625
514.0 4.9453125
515.0 5.1015625
516.0 5.140625
517.0 4.6796875
518.0 3.9375
519.0 3.25
520.0 4.0390625
521.0 4.9765625
522.0 3.375
523.0 6.3046875
524.0 5.1640625
525.0 5.0234375
526.0 5.2734375
527.0 4.4296875
528.0 1.5078125
529.0 6.7734375
530.0 4.203125
531.0 3.84375
532.0 3.90625
533.0 4.0
534.0 3.890625
535.0 3.078125
536.0 0.9921875
537.0 0.8046875
538.0 2.375
539.0 4.2734375
540.0 4.5078125
541.0 1.4765625
542.0 7.515625
543.0 4.03125
544.0 3.640625
545.0 3.890625
546.0 4.65625
547.0 2.625
548.0 0.0
549.0 7.453125
550.0 4.515625
551.0 4.5390625
552.0 4.625
553.0 4.515625
554.0 4.125
555.0 4.4296875
556.0 3.265625
557.0 4.5078125
558.0 1.1640625
559.0 8.53125
560.0 4.9453125
561.0 4.421875
562.0 4.8046875
563.0 4.8984375
564.0 5.0078125
565.0 5.125
566.0 5.421875
567.0 5.0546875
568.0 4.859375
569.0 4.578125
570.0 4.828125
571.0 4.265625
572.0 1.265625
573.0 7.640625
574.0 4.28125
575.0 3.5859375
576.0 1.6484375
577.0 6.5703125
578.0 4.2109375
579.0 4.3984375
580.0 4.6953125
581.0 4.6484375
582.0 4.7578125
583.0 4.46875
584.0 4.828125
585.0 5.15625
586.0 5.0859375
587.0 5.015625
588.0 4.90625
589.0 3.6484375
590.0 6.6484375
591.0 5.1875
592.0 5.140625
593.0 4.9609375
594.0 2.1875
595.0 0.0
596.0 0.0
597.0 6.9453125
598.0 2.1953125
599.0 1.8984375
