0.0 3.4609375
1.0 8.1953125
2.0 2.984375
3.0 3.609375
4.0 5.7578125
5.0 5.8203125
6.0 5.9375
7.0 5.78125
8.0 5.78125
9.0 6.171875
10.0 5.7890625
11.0 5.9765625
12.0 5.4609375
13.0 0.9140625
14.0 9.3671875
15.0 5.8125
16.0 4.8359375
17.0 7.453125
18.0 6.359375
19.0 6.5859375
20.0 6.5703125
21.0 6.171875
22.0 6.46875
23.0 6.3671875
24.0 6.265625
25.0 6.5859375
26.0 6.453125
27.0 6.2578125
28.0 6.453125
29.0 6.515625
30.0 5.8515625
31.0 6.3046875
32.0 6.40625
33.0 6.4375
34.0 6.6015625
35.0 6.5390625
36.0 6.6640625
37.0 6.5703125
38.0 6.1875
39.0 2.3359375
40.0 9.4296875
41.0 5.2734375
42.0 6.15625
43.0 5.0546875
44.0 2.0703125
45.0 7.703125
46.0 4.4765625
47.0 4.78125
48.0 3.0546875
49.0 2.3125
50.0 2.8984375
51.0 0.9140625
52.0 1.96875
53.0 3.84375
54.0 2.8984375
55.0 1.2890625
56.0 0.8515625
57.0 2.1640625
58.0 1.28125
59.0 0.0
60.0 6.078125
61.0 1.7890625
62.0 2.2734375
63.0 2.3359375
64.0 2.8984375
65.0 2.75
66.0 4.515625
67.0 6.0078125
68.0 5.1015625
69.0 5.7890625
70.0 4.09375
71.0 3.234375
72.0 4.0234375
73.0 3.6171875
74.0 1.3828125
75.0 1.34375
76.0 3.078125
77.0 3.0703125
78.0 0.8125
79.0 0.0
80.0 6.1484375
81.0 2.3046875
82.0 3.7734375
83.0 3.296875
84.0 2.5703125
85.0 2.0859375
86.0 4.8359375
87.0 5.3984375
88.0 4.3203125
89.0 5.109375
90.0 5.15625
91.0 3.921875
92.0 1.203125
93.0 8.8828125
94.0 4.5
95.0 3.8828125
96.0 4.5625
97.0 5.6640625
98.0 5.0234375
99.0 2.84375
100.0 6.3828125
101.0 5.90625
102.0 5.4921875
103.0 5.1640625
104.0 5.109375
105.0 4.578125
106.0 5.28125
107.0 5.25
108.0 5.515625
109.0 3.375
110.0 5.546875
111.0 4.4296875
112.0 3.765625
113.0 5.640625
114.0 5.15625
115.0 4.6875
116.0 5.3515625
117.0 4.0546875
118.0 0.0
119.0 0.0
120.0 0.0
121.0 6.9140625
122.0 5.3203125
123.0 6.484375
124.0 6.734375
125.0 6.6171875
126.0 6.7109375
127.0 6.6875
128.0 6.6171875
129.0 6.125
130.0 6.109375
131.0 5.015625
132.0 7.515625
133.0 5.140625
134.0 3.7734375
135.0 5.546875
136.0 2.28125
137.0 9.9375
138.0 6.2109375
139.0 5.1328125
140.0 3.4140625
141.0 3.0703125
142.0 5.7265625
143.0 5.8125
144.0 2.5390625
145.0 9.3359375
146.0 4.8046875
147.0 3.40625
148.0 3.3984375
149.0 3.4296875
150.0 5.5625
151.0 5.4609375
152.0 6.484375
153.0 4.8046875
154.0 3.203125
155.0 3.4375
156.0 5.6484375
157.0 6.59375
158.0 4.03125
159.0 2.8984375
160.0 2.125
161.0 4.59375
162.0 5.3203125
163.0 6.515625
164.0 6.3671875
165.0 5.5
166.0 4.8359375
167.0 4.3046875
168.0 5.515625
169.0 6.9609375
170.0 6.7109375
171.0 6.625
172.0 6.234375
173.0 4.4140625
174.0 3.25
175.0 2.78125
176.0 0.4921875
177.0 7.1796875
178.0 3.171875
179.0 7.1328125
180.0 5.9921875
181.0 6.265625
182.0 6.328125
183.0 6.4140625
184.0 5.4921875
185.0 5.9140625
186.0 5.96875
187.0 4.6015625
188.0 4.921875
189.0 6.078125
190.0 5.3984375
191.0 2.9609375
192.0 3.0
193.0 5.375
194.0 4.09375
195.0 5.46875
196.0 5.4921875
197.0 5.9375
198.0 5.171875
199.0 4.25
200.0 5.0234375
201.0 4.921875
202.0 5.15625
203.0 3.3984375
204.0 3.375
205.0 4.3984375
206.0 4.6328125
207.0 2.671875
208.0 0.0
209.0 7.5859375
210.0 2.546875
211.0 5.0078125
212.0 4.6875
213.0 4.0078125
214.0 4.328125
215.0 4.2109375
216.0 3.9453125
217.0 4.1875
218.0 4.625
219.0 5.2734375
220.0 2.03125
221.0 9.84375
222.0 5.2578125
223.0 7.5234375
224.0 5.46875
225.0 4.84375
226.0 3.328125
227.0 2.6953125
228.0 3.140625
229.0 4.21875
230.0 2.984375
231.0 4.1015625
232.0 6.09375
233.0 4.546875
234.0 2.640625
235.0 6.171875
236.0 5.3984375
237.0 4.9609375
238.0 5.578125
239.0 5.3203125
240.0 2.5234375
241.0 9.640625
242.0 6.359375
243.0 5.3671875
244.0 3.4921875
245.0 1.7578125
246.0 2.7578125
247.0 2.71875
248.0 1.4140625
249.0 3.234375
250.0 3.9140625
251.0 4.328125
252.0 0.9453125
253.0 4.984375
254.0 5.6328125
255.0 4.4296875
256.0 4.90625
257.0 4.5703125
258.0 5.203125
259.0 4.0390625
260.0 4.71875
261.0 5.5859375
262.0 5.125
263.0 5.2578125
264.0 5.15625
265.0 5.96875
266.0 5.28125
267.0 4.6015625
268.0 4.78125
269.0 5.78125
270.0 5.765625
271.0 5.4375
272.0 5.1640625
273.0 6.171875
274.0 5.609375
275.0 5.9140625
276.0 6.171875
277.0 6.1171875
278.0 6.2109375
279.0 6.5
280.0 6.40625
281.0 6.59375
282.0 6.78125
283.0 6.828125
284.0 6.7421875
285.0 7.015625
286.0 7.03125
287.0 6.84375
288.0 7.046875
289.0 7.65625
290.0 6.5
291.0 5.7578125
292.0 6.5078125
293.0 6.6484375
294.0 6.6328125
295.0 6.8828125
296.0 7.40625
297.0 7.125
298.0 6.84375
299.0 7.5703125
300.0 6.625
301.0 7.15625
302.0 6.53125
303.0 6.4140625
304.0 6.71875
305.0 6.2578125
306.0 6.3046875
307.0 6.84375
308.0 6.203125
309.0 6.0078125
310.0 6.2578125
311.0 6.453125
312.0 6.5859375
313.0 6.84375
314.0 6.3828125
315.0 5.609375
316.0 6.1171875
317.0 5.96875
318.0 3.328125
319.0 8.4375
320.0 3.7109375
321.0 2.3984375
322.0 0.75
323.0 4.8984375
324.0 3.96875
325.0 5.9765625
326.0 2.265625
327.0 2.5703125
328.0 5.6484375
329.0 6.5703125
330.0 7.078125
331.0 6.8828125
332.0 4.09375
333.0 0.984375
334.0 0.6015625
335.0 0.3671875
336.0 0.6875
337.0 0.6328125
338.0 0.0
339.0 0.0
340.0 0.0
341.0 0.0
342.0 0.0
343.0 0.0
344.0 6.421875
345.0 4.875
346.0 4.65625
347.0 5.96875
348.0 5.4609375
349.0 5.2578125
350.0 5.4921875
351.0 5.0234375
352.0 6.15625
353.0 6.5703125
354.0 6.359375
355.0 6.265625
356.0 6.3046875
357.0 3.4609375
358.0 6.484375
359.0 3.015625
360.0 5.7265625
361.0 5.4921875
362.0 1.09375
363.0 8.0625
364.0 6.109375
365.0 5.9296875
366.0 6.109375
367.0 5.9375
368.0 4.3828125
369.0 5.75
370.0 2.515625
371.0 8.53125
372.0 5.671875
373.0 6.1875
374.0 5.6328125
375.0 5.9375
376.0 6.0546875
377.0 6.3203125
378.0 5.40625
379.0 4.09375
380.0 3.8046875
381.0 5.4609375
382.0 6.2421875
383.0 6.03125
384.0 0.5859375
385.0 8.109375
386.0 4.9921875
387.0 6.2734375
388.0 6.078125
389.0 6.4140625
390.0 6.515625
391.0 6.625
392.0 6.328125
393.0 6.0078125
394.0 2.3671875
395.0 7.7265625
396.0 3.515625
397.0 5.453125
398.0 5.2578125
399.0 0.328125
400.0 9.078125
401.0 5.875
402.0 6.2421875
403.0 6.1171875
404.0 5.640625
405.0 5.5
406.0 6.0859375
407.0 5.9765625
408.0 6.625
409.0 5.53125
410.0 6.3671875
411.0 4.65625
412.0 5.5859375
413.0 6.078125
414.0 3.6953125
415.0 6.5
416.0 6.65625
417.0 6.6015625
418.0 6.5
419.0 6.8984375
420.0 6.9921875
421.0 7.046875
422.0 7.046875
423.0 6.9296875
424.0 6.890625
425.0 7.0390625
426.0 7.1015625
427.0 5.765625
428.0 8.2578125
429.0 7.2109375
430.0 6.8125
431.0 6.5390625
432.0 4.203125
433.0 7.1953125
434.0 6.390625
435.0 6.078125
436.0 4.65625
437.0 5.6640625
438.0 6.109375
439.0 6.0625
440.0 6.2578125
441.0 6.2734375
442.0 6.984375
443.0 7.1875
444.0 7.21875
445.0 7.3359375
446.0 7.390625
447.0 5.5859375
448.0 6.3671875
449.0 5.078125
450.0 5.140625
451.0 5.890625
452.0 6.625
453.0 5.3984375
454.0 2.296875
455.0 8.296875
456.0 7.3671875
457.0 7.1796875
458.0 7.09375
459.0 7.03125
460.0 6.921875
461.0 6.4765625
462.0 6.8125
463.0 5.6484375
464.0 4.3828125
465.0 3.0703125
466.0 1.015625
467.0 0.0
468.0 6.5703125
469.0 3.015625
470.0 5.109375
471.0 5.234375
472.0 4.859375
473.0 6.7421875
474.0 5.5625
475.0 2.015625
476.0 2.1953125
477.0 0.0
478.0 6.53125
479.0 6.0234375
480.0 2.3125
481.0 7.1015625
482.0 5.828125
483.0 5.375
484.0 5.1640625
485.0 4.46875
486.0 3.3671875
487.0 5.96875
488.0 6.109375
489.0 5.8828125
490.0 5.6328125
491.0 5.515625
492.0 6.3203125
493.0 5.0390625
494.0 5.640625
495.0 5.8828125
496.0 2.5234375
497.0 7.4609375
498.0 6.8125
499.0 6.8359375
500.0 6.7109375
501.0 6.40625
502.0 4.5625
503.0 7.2578125
504.0 5.5859375
505.0 6.3828125
506.0 2.71875
507.0 9.7734375
508.0 6.5703125
509.0 5.9375
510.0 5.515625
511.0 5.6640625
512.0 5.4375
513.0 6.15625
514.0 5.3828125
515.0 3.8203125
516.0 5.40625
517.0 6.5625
518.0 2.5390625
519.0 9.8359375
520.0 4.453125
521.0 3.375
522.0 2.8671875
523.0 2.625
524.0 2.8203125
525.0 2.84375
526.0 3.859375
527.0 3.4765625
528.0 2.1953125
529.0 5.2265625
530.0 4.234375
531.0 5.1015625
532.0 6.09375
533.0 5.9765625
534.0 6.0390625
535.0 5.8515625
536.0 5.140625
537.0 5.0859375
538.0 5.96875
539.0 5.875
540.0 6.453125
541.0 6.4375
542.0 6.03125
543.0 5.8515625
544.0 4.1171875
545.0 6.1875
546.0 6.3671875
547.0 5.9765625
548.0 4.84375
549.0 0.0
550.0 8.9375
551.0 6.4453125
552.0 6.4453125
553.0 5.9375
554.0 6.40625
555.0 6.4765625
556.0 6.9140625
557.0 5.4921875
558.0 6.6328125
559.0 7.046875
560.0 6.703125
561.0 4.921875
562.0 0.78125
563.0 0.0
564.0 7.6328125
565.0 3.65625
566.0 3.140625
567.0 2.3984375
568.0 0.3359375
569.0 0.0
570.0 9.453125
571.0 5.3359375
572.0 6.0859375
573.0 5.3515625
574.0 5.203125
575.0 5.5234375
576.0 6.1796875
577.0 6.765625
578.0 6.515625
579.0 6.4765625
580.0 6.125
581.0 5.828125
582.0 6.421875
583.0 6.3046875
584.0 6.5546875
585.0 6.828125
586.0 6.1796875
587.0 5.90625
588.0 6.4140625
589.0 5.9140625
590.0 6.5625
591.0 6.9609375
592.0 6.0625
593.0 5.5234375
594.0 6.9765625
595.0 7.1953125
596.0 6.953125
597.0 6.5625
598.0 6.71875
599.0 6.2578125
