0.0 5.0859375
1.0 4.890625
2.0 2.4140625
3.0 7.65625
4.0 4.984375
5.0 4.7734375
6.0 4.6640625
7.0 4.8671875
8.0 5.1875
9.0 5.2578125
10.0 4.8359375
11.0 5.109375
12.0 5.0078125
13.0 5.2265625
14.0 4.9609375
15.0 5.203125
16.0 4.9765625
17.0 4.8671875
18.0 4.8046875
19.0 4.875
20.0 2.3046875
21.0 7.2890625
22.0 4.75
23.0 4.8359375
24.0 4.65625
25.0 4.9921875
26.0 4.8125
27.0 4.5390625
28.0 4.1796875
29.0 3.953125
30.0 3.0703125
31.0 5.671875
32.0 4.0
33.0 3.9765625
34.0 4.6484375
35.0 4.09375
36.0 3.5
37.0 0.0625
38.0 8.390625
39.0 3.828125
40.0 4.3828125
41.0 4.1015625
42.0 4.71875
43.0 4.8359375
44.0 4.984375
45.0 4.8046875
46.0 4.6796875
47.0 4.7578125
48.0 5.0234375
49.0 4.609375
50.0 3.1015625
51.0 5.9375
52.0 4.953125
53.0 4.6328125
54.0 4.8359375
55.0 4.5703125
56.0 0.0
57.0 9.5390625
58.0 4.90625
59.0 4.8125
60.0 4.6640625
61.0 4.390625
62.0 4.7265625
63.0 4.9453125
64.0 0.90625
65.0 8.6484375
66.0 4.984375
67.0 5.28125
68.0 4.71875
69.0 4.859375
70.0 4.9453125
71.0 4.828125
72.0 4.7421875
73.0 4.3046875
74.0 4.6796875
75.0 4.90625
76.0 1.7421875
77.0 8.296875
78.0 1.703125
79.0 8.375
80.0 4.84375
81.0 5.1328125
82.0 4.5078125
83.0 4.3203125
84.0 2.8984375
85.0 1.9765625
86.0 1.1953125
87.0 5.4375
88.0 2.9375
89.0 4.53125
90.0 4.9609375
91.0 4.890625
92.0 4.953125
93.0 3.7421875
94.0 3.9921875
95.0 5.0390625
96.0 5.3359375
97.0 4.1796875
98.0 3.7109375
99.0 4.328125
100.0 4.546875
101.0 3.640625
102.0 4.390625
103.0 4.1796875
104.0 4.1796875
105.0 4.359375
106.0 3.25
107.0 3.6171875
108.0 4.09375
109.0 3.828125
110.0 0.2734375
111.0 8.5703125
112.0 4.4453125
113.0 4.6328125
114.0 4.9921875
115.0 4.984375
116.0 5.21875
117.0 5.375
118.0 5.0234375
119.0 5.15625
120.0 5.3046875
121.0 4.8046875
122.0 5.1640625
123.0 5.0390625
124.0 4.1328125
125.0 4.421875
126.0 4.578125
127.0 4.9921875
128.0 5.15625
129.0 3.0390625
130.0 7.390625
131.0 5.15625
132.0 5.078125
133.0 5.1953125
134.0 5.2890625
135.0 5.1875
136.0 4.3828125
137.0 5.1328125
138.0 4.921875
139.0 4.9296875
140.0 5.1015625
141.0 4.9921875
142.0 0.578125
143.0 8.796875
144.0 4.9453125
145.0 4.859375
146.0 5.125
147.0 5.1015625
148.0 5.015625
149.0 4.8046875
150.0 5.0234375
151.0 4.90625
152.0 4.796875
153.0 3.078125
154.0 6.453125
155.0 4.6640625
156.0 4.8359375
157.0 4.984375
158.0 5.0703125
159.0 4.4296875
160.0 5.546875
161.0 3.9765625
162.0 5.203125
163.0 5.0703125
164.0 5.0546875
165.0 5.0859375
166.0 5.078125
167.0 5.28125
168.0 4.984375
169.0 4.9609375
170.0 4.234375
171.0 4.6875
172.0 5.1328125
173.0 5.25
174.0 4.3828125
175.0 6.234375
176.0 5.25
177.0 5.40625
178.0 5.3046875
179.0 5.3515625
180.0 5.1875
181.0 5.140625
182.0 4.3671875
183.0 4.5625
184.0 5.1015625
185.0 5.2890625
186.0 5.1328125
187.0 2.515625
188.0 7.6015625
189.0 5.421875
190.0 5.4609375
191.0 5.109375
192.0 3.828125
193.0 5.875
194.0 4.890625
195.0 4.9296875
196.0 4.890625
197.0 4.78125
198.0 4.9453125
199.0 4.78125
200.0 4.7421875
201.0 4.9921875
202.0 5.109375
203.0 4.921875
204.0 4.921875
205.0 5.1328125
206.0 3.109375
207.0 6.9296875
208.0 4.9609375
209.0 5.171875
210.0 4.8671875
211.0 1.5625
212.0 8.6796875
213.0 4.8359375
214.0 4.921875
215.0 4.5390625
216.0 1.296875
217.0 7.2421875
218.0 5.2265625
219.0 5.046875
220.0 5.1328125
221.0 5.0234375
222.0 4.8671875
223.0 4.8984375
224.0 4.8125
225.0 4.1875
226.0 4.5625
227.0 3.7421875
228.0 4.3515625
229.0 4.9296875
230.0 4.796875
231.0 4.6875
232.0 4.890625
233.0 4.9609375
234.0 5.0078125
235.0 4.65625
236.0 4.359375
237.0 5.203125
238.0 4.9453125
239.0 4.125
240.0 3.625
241.0 3.703125
242.0 3.765625
243.0 5.1640625
244.0 5.125
245.0 4.75
246.0 1.34375
247.0 8.2265625
248.0 4.8359375
249.0 4.78125
250.0 4.6953125
251.0 1.359375
252.0 8.03125
253.0 4.4765625
254.0 4.828125
255.0 4.7578125
256.0 4.9296875
257.0 4.8046875
258.0 4.46875
259.0 4.625
260.0 4.546875
261.0 4.8671875
262.0 4.921875
263.0 4.5390625
264.0 0.484375
265.0 8.8046875
266.0 5.234375
267.0 5.125
268.0 5.1953125
269.0 5.1953125
270.0 5.1015625
271.0 1.7421875
272.0 8.2265625
273.0 4.8046875
274.0 4.8671875
275.0 4.6953125
276.0 4.9765625
277.0 4.9921875
278.0 4.828125
279.0 5.1640625
280.0 5.0078125
281.0 5.1953125
282.0 4.65625
283.0 4.8125
284.0 1.328125
285.0 8.625
286.0 5.2265625
287.0 4.9921875
288.0 5.2578125
289.0 5.015625
290.0 3.328125
291.0 7.390625
292.0 5.203125
293.0 5.546875
294.0 5.28125
295.0 5.25
296.0 4.9765625
297.0 4.859375
298.0 4.890625
299.0 5.046875
300.0 5.0859375
301.0 3.3671875
302.0 7.125
303.0 5.3046875
304.0 5.1953125
305.0 5.375
306.0 5.1953125
307.0 5.1875
308.0 4.7421875
309.0 5.3515625
310.0 4.953125
311.0 4.53125
312.0 4.6484375
313.0 5.078125
314.0 5.28125
315.0 2.875
316.0 7.5546875
317.0 5.1015625
318.0 5.203125
319.0 5.015625
320.0 1.7734375
321.0 7.0390625
322.0 4.921875
323.0 4.9609375
324.0 5.15625
325.0 5.0234375
326.0 5.015625
327.0 5.1953125
328.0 5.2265625
329.0 5.0859375
330.0 5.25
331.0 5.3984375
332.0 5.3125
333.0 5.484375
334.0 0.671875
335.0 9.8125
336.0 5.046875
337.0 5.234375
338.0 5.1875
339.0 3.96875
340.0 6.125
341.0 5.1953125
342.0 3.875
343.0 4.0078125
344.0 3.328125
345.0 3.9453125
346.0 1.6484375
347.0 8.265625
348.0 5.1015625
349.0 5.2265625
350.0 5.15625
351.0 5.0859375
352.0 5.0234375
353.0 4.7421875
354.0 4.6875
355.0 5.015625
356.0 3.1953125
357.0 3.9765625
358.0 4.3359375
359.0 2.6953125
360.0 6.2734375
361.0 4.7421875
362.0 5.0703125
363.0 4.7734375
364.0 4.875
365.0 5.1015625
366.0 3.3828125
367.0 5.9921875
368.0 5.0390625
369.0 4.984375
370.0 5.0390625
371.0 5.203125
372.0 5.0234375
373.0 5.34375
374.0 5.3125
375.0 5.3359375
376.0 5.1875
377.0 5.015625
378.0 5.1015625
379.0 5.1953125
380.0 3.140625
381.0 7.3046875
382.0 5.1953125
383.0 5.3515625
384.0 5.0703125
385.0 2.390625
386.0 8.1171875
387.0 5.125
388.0 5.171875
389.0 4.90625
390.0 4.9765625
391.0 5.0703125
392.0 4.796875
393.0 4.3671875
394.0 4.90625
395.0 5.046875
396.0 5.1328125
397.0 1.9140625
398.0 8.0
399.0 4.890625
400.0 5.1875
401.0 4.71875
402.0 4.6953125
403.0 4.8984375
404.0 0.65625
405.0 9.1953125
406.0 4.3515625
407.0 4.1484375
408.0 4.0546875
409.0 4.4296875
410.0 4.0546875
411.0 4.3046875
412.0 4.921875
413.0 4.9765625
414.0 5.0390625
415.0 5.0078125
416.0 5.0234375
417.0 3.828125
418.0 5.234375
419.0 5.25
420.0 5.40625
421.0 5.1953125
422.0 5.109375
423.0 3.65625
424.0 6.828125
425.0 5.3515625
426.0 5.453125
427.0 5.1875
428.0 5.2890625
429.0 4.890625
430.0 4.1328125
431.0 4.921875
432.0 5.6171875
433.0 5.3671875
434.0 5.25
435.0 5.3046875
436.0 5.4296875
437.0 0.21875
438.0 10.296875
439.0 5.25
440.0 5.5625
441.0 5.2890625
442.0 5.25
443.0 0.609375
444.0 9.8671875
445.0 5.15625
446.0 5.5625
447.0 5.484375
448.0 5.4609375
449.0 5.453125
450.0 5.484375
451.0 4.9296875
452.0 5.234375
453.0 5.375
454.0 5.1953125
455.0 3.0390625
456.0 7.9453125
457.0 5.5
458.0 5.125
459.0 5.1953125
460.0 5.3359375
461.0 5.234375
462.0 1.40625
463.0 8.8046875
464.0 5.0703125
465.0 5.4375
466.0 5.53125
467.0 5.3515625
468.0 5.3046875
469.0 5.109375
470.0 4.75
471.0 5.2890625
472.0 5.2734375
473.0 5.3515625
474.0 5.3828125
475.0 2.3125
476.0 8.7109375
477.0 5.515625
478.0 5.2734375
479.0 4.8359375
480.0 1.734375
481.0 8.8671875
482.0 4.9609375
483.0 5.28125
484.0 5.4921875
485.0 4.3828125
486.0 3.078125
487.0 4.3046875
488.0 2.015625
489.0 8.96875
490.0 5.21875
491.0 5.4375
492.0 5.46875
493.0 5.3671875
494.0 5.6015625
495.0 5.28125
496.0 5.34375
497.0 5.546875
498.0 5.5546875
499.0 5.3828125
500.0 5.2890625
501.0 4.9609375
502.0 2.234375
503.0 8.09375
504.0 5.4296875
505.0 5.2578125
506.0 5.40625
507.0 5.421875
508.0 1.9765625
509.0 9.0078125
510.0 5.3828125
511.0 5.3828125
512.0 5.484375
513.0 5.203125
514.0 4.7109375
515.0 5.203125
516.0 4.890625
517.0 4.875
518.0 4.6796875
519.0 4.75
520.0 4.75
521.0 5.8125
522.0 5.1640625
523.0 5.1875
524.0 4.5
525.0 4.78125
526.0 5.671875
527.0 5.078125
528.0 4.484375
529.0 6.46875
530.0 5.453125
531.0 5.5625
532.0 5.21875
533.0 5.375
534.0 5.140625
535.0 5.3671875
536.0 5.078125
537.0 5.1015625
538.0 4.984375
539.0 5.0078125
540.0 5.3125
541.0 5.3359375
542.0 5.2890625
543.0 5.515625
544.0 5.3515625
545.0 5.3046875
546.0 5.3515625
547.0 5.2265625
548.0 3.4375
549.0 6.953125
550.0 5.171875
551.0 5.1875
552.0 5.3203125
553.0 5.1015625
554.0 0.6953125
555.0 8.5859375
556.0 2.890625
557.0 2.7265625
558.0 2.6328125
559.0 2.9609375
560.0 4.53125
561.0 4.6484375
562.0 1.359375
563.0 5.5
564.0 4.09375
565.0 5.2578125
566.0 5.2734375
567.0 5.203125
568.0 2.6328125
569.0 2.6015625
570.0 1.4609375
571.0 5.890625
572.0 4.796875
573.0 4.796875
574.0 4.5390625
575.0 5.25
576.0 5.0078125
577.0 5.0703125
578.0 5.0703125
579.0 5.5234375
580.0 5.3203125
581.0 5.2890625
582.0 5.15625
583.0 4.359375
584.0 5.6328125
585.0 4.9453125
586.0 4.7578125
587.0 4.7109375
588.0 4.9296875
589.0 4.75
590.0 5.1328125
591.0 4.90625
592.0 4.5703125
593.0 4.984375
594.0 4.546875
595.0 4.21875
596.0 1.53125
597.0 6.140625
598.0 3.703125
599.0 3.625
