0.0 4.6328125
1.0 5.34375
2.0 3.9375
3.0 3.734375
4.0 2.921875
5.0 2.9296875
6.0 4.4296875
7.0 3.5234375
8.0 0.5390625
9.0 0.0
10.0 6.9765625
11.0 1.296875
12.0 1.3203125
13.0 1.265625
14.0 0.6953125
15.0 0.0
16.0 5.84375
17.0 3.6484375
18.0 3.3671875
19.0 3.3828125
20.0 5.21875
21.0 5.140625
22.0 5.421875
23.0 4.3203125
24.0 3.96875
25.0 4.9609375
26.0 5.46875
27.0 5.8828125
28.0 5.703125
29.0 1.7578125
30.0 10.796875
31.0 5.25
32.0 4.453125
33.0 5.6796875
34.0 5.5625
35.0 5.96875
36.0 6.0859375
37.0 6.0625
38.0 5.703125
39.0 5.421875
40.0 5.1328125
41.0 4.0234375
42.0 4.875
43.0 5.9765625
44.0 5.96875
45.0 3.875
46.0 6.8671875
47.0 4.515625
48.0 4.265625
49.0 1.265625
50.0 0.0
51.0 6.703125
52.0 2.71875
53.0 1.8203125
54.0 2.359375
55.0 2.65625
56.0 3.7890625
57.0 5.453125
58.0 5.3671875
59.0 5.0859375
60.0 2.75
61.0 2.7578125
62.0 3.2265625
63.0 5.2734375
64.0 5.6796875
65.0 0.2109375
66.0 8.5703125
67.0 4.09375
68.0 4.7734375
69.0 1.8828125
70.0 7.6171875
71.0 4.875
72.0 5.7109375
73.0 5.421875
74.0 4.0234375
75.0 3.53125
76.0 6.171875
77.0 5.765625
78.0 5.6640625
79.0 4.6953125
80.0 5.46875
81.0 4.28125
82.0 5.9453125
83.0 5.609375
84.0 5.6015625
85.0 5.5234375
86.0 5.34375
87.0 4.9765625
88.0 5.421875
89.0 5.2578125
90.0 5.5
91.0 5.375
92.0 5.203125
93.0 4.828125
94.0 6.1875
95.0 5.453125
96.0 5.421875
97.0 5.28125
98.0 5.1875
99.0 4.6953125
100.0 3.796875
101.0 3.953125
102.0 5.515625
103.0 5.6484375
104.0 5.546875
105.0 5.5546875
106.0 5.21875
107.0 5.6328125
108.0 1.0546875
109.0 9.9375
110.0 4.46875
111.0 4.953125
112.0 4.515625
113.0 2.8359375
114.0 7.3671875
115.0 4.875
116.0 4.6875
117.0 4.4296875
118.0 4.625
119.0 4.3203125
120.0 4.6796875
121.0 3.625
122.0 3.109375
123.0 3.0859375
124.0 3.5546875
125.0 3.203125
126.0 5.1953125
127.0 5.4375
128.0 4.984375
129.0 5.25
130.0 4.59375
131.0 3.21875
132.0 6.8125
133.0 4.6875
134.0 5.46875
135.0 4.9609375
136.0 3.8046875
137.0 3.296875
138.0 2.875
139.0 3.0
140.0 3.703125
141.0 2.3984375
142.0 1.640625
143.0 2.359375
144.0 2.484375
145.0 0.0
146.0 7.140625
147.0 3.3984375
148.0 2.328125
149.0 2.0703125
150.0 3.171875
151.0 3.2578125
152.0 2.0625
153.0 4.6640625
154.0 4.28125
155.0 4.78125
156.0 4.4453125
157.0 3.6171875
158.0 4.4765625
159.0 4.53125
160.0 3.265625
161.0 3.4375
162.0 2.984375
163.0 3.7578125
164.0 3.1015625
165.0 3.171875
166.0 0.0
167.0 6.8046875
168.0 3.4921875
169.0 4.3046875
170.0 4.25
171.0 5.53125
172.0 5.203125
173.0 5.5234375
174.0 5.0859375
175.0 4.7265625
176.0 5.5859375
177.0 5.875
178.0 5.2578125
179.0 5.1953125
180.0 4.6328125
181.0 4.5390625
182.0 4.7578125
183.0 4.796875
184.0 3.9453125
185.0 1.015625
186.0 7.125
187.0 3.7890625
188.0 3.171875
189.0 2.2421875
190.0 0.2890625
191.0 6.2265625
192.0 5.0078125
193.0 4.09375
194.0 4.6015625
195.0 4.5078125
196.0 3.375
197.0 2.90625
198.0 4.0625
199.0 3.234375
200.0 3.65625
201.0 2.34375
202.0 1.0859375
203.0 3.4453125
204.0 4.5
205.0 4.484375
206.0 4.7578125
207.0 4.9453125
208.0 4.859375
209.0 4.546875
210.0 4.4765625
211.0 4.1328125
212.0 5.203125
213.0 5.1640625
214.0 4.53125
215.0 5.171875
216.0 5.046875
217.0 2.75
218.0 4.3984375
219.0 5.078125
220.0 4.328125
221.0 4.7265625
222.0 4.78125
223.0 4.328125
224.0 3.3515625
225.0 4.21875
226.0 4.65625
227.0 1.5546875
228.0 6.7421875
229.0 5.078125
230.0 4.9921875
231.0 3.9140625
232.0 6.09375
233.0 4.65625
234.0 4.328125
235.0 4.46875
236.0 4.7578125
237.0 5.171875
238.0 5.28125
239.0 4.1328125
240.0 3.59375
241.0 4.5078125
242.0 3.3984375
243.0 5.7109375
244.0 5.0078125
245.0 4.125
246.0 4.859375
247.0 4.359375
248.0 3.7734375
249.0 2.578125
250.0 4.421875
251.0 4.5078125
252.0 4.5625
253.0 4.390625
254.0 4.3984375
255.0 3.8515625
256.0 3.921875
257.0 3.953125
258.0 4.0546875
259.0 3.9453125
260.0 3.828125
261.0 1.8828125
262.0 2.921875
263.0 4.0
264.0 3.671875
265.0 4.0078125
266.0 3.6484375
267.0 2.7265625
268.0 5.1640625
269.0 3.9140625
270.0 3.6484375
271.0 3.109375
272.0 2.3984375
273.0 5.2890625
274.0 3.7109375
275.0 2.96875
276.0 2.90625
277.0 3.25
278.0 3.7109375
279.0 2.8359375
280.0 4.03125
281.0 4.8671875
282.0 4.3046875
283.0 4.453125
284.0 2.125
285.0 1.796875
286.0 0.0
287.0 0.1328125
288.0 5.6796875
289.0 2.09375
290.0 4.4765625
291.0 4.6875
292.0 3.46875
293.0 4.8046875
294.0 4.53125
295.0 1.03125
296.0 0.0
297.0 8.203125
298.0 4.8125
299.0 3.9375
300.0 2.8359375
301.0 1.390625
302.0 1.4453125
303.0 0.8515625
304.0 1.703125
305.0 4.1171875
306.0 4.53125
307.0 5.0703125
308.0 4.8984375
309.0 3.2265625
310.0 6.2734375
311.0 4.0859375
312.0 4.0234375
313.0 4.25
314.0 2.78125
315.0 0.34375
316.0 0.0
317.0 6.53125
318.0 1.984375
319.0 2.4140625
320.0 1.625
321.0 1.2109375
322.0 1.8515625
323.0 3.46875
324.0 2.9921875
325.0 3.203125
326.0 3.21875
327.0 3.3671875
328.0 3.90625
329.0 4.7109375
330.0 4.3515625
331.0 5.6171875
332.0 5.453125
333.0 4.7265625
334.0 4.5703125
335.0 1.71875
336.0 0.0
337.0 5.484375
338.0 2.421875
339.0 2.1640625
340.0 3.3671875
341.0 3.9453125
342.0 5.3671875
343.0 4.828125
344.0 5.1953125
345.0 4.7578125
346.0 4.7578125
347.0 4.328125
348.0 2.2421875
349.0 1.015625
350.0 1.0
351.0 2.9921875
352.0 3.4609375
353.0 3.328125
354.0 3.265625
355.0 1.7421875
356.0 5.75
357.0 4.0625
358.0 3.7578125
359.0 3.734375
360.0 2.9921875
361.0 4.8046875
362.0 4.6640625
363.0 4.7421875
364.0 4.65625
365.0 4.9296875
366.0 4.4453125
367.0 3.703125
368.0 4.8125
369.0 3.328125
370.0 3.4296875
371.0 4.484375
372.0 4.03125
373.0 4.1484375
374.0 2.6875
375.0 5.6171875
376.0 3.3125
377.0 2.328125
378.0 2.359375
379.0 5.15625
380.0 4.5703125
381.0 4.1015625
382.0 4.9921875
383.0 5.0703125
384.0 4.6328125
385.0 4.8046875
386.0 4.6015625
387.0 4.7734375
388.0 4.859375
389.0 4.515625
390.0 4.609375
391.0 4.71875
392.0 1.0
393.0 8.7421875
394.0 4.953125
395.0 4.9921875
396.0 4.8984375
397.0 4.953125
398.0 4.8984375
399.0 2.390625
400.0 6.8828125
401.0 3.4296875
402.0 2.328125
403.0 3.296875
404.0 3.265625
405.0 4.7578125
406.0 5.1953125
407.0 4.984375
408.0 5.0234375
409.0 4.984375
410.0 3.703125
411.0 2.5625
412.0 6.703125
413.0 5.5546875
414.0 5.421875
415.0 5.125
416.0 2.1640625
417.0 8.3828125
418.0 5.53125
419.0 5.2890625
420.0 5.5234375
421.0 5.671875
422.0 5.84375
423.0 5.375
424.0 5.125
425.0 5.6328125
426.0 5.75
427.0 5.578125
428.0 5.7109375
429.0 3.890625
430.0 7.25
431.0 5.78125
432.0 5.46875
433.0 4.3203125
434.0 2.5703125
435.0 6.9140625
436.0 3.7265625
437.0 4.0234375
438.0 4.4765625
439.0 4.5390625
440.0 2.6640625
441.0 8.53125
442.0 5.5546875
443.0 5.53125
444.0 5.2734375
445.0 5.140625
446.0 5.734375
447.0 5.9140625
448.0 4.578125
449.0 3.4375
450.0 5.15625
451.0 5.765625
452.0 5.9296875
453.0 4.7734375
454.0 2.1953125
455.0 6.2265625
456.0 4.1875
457.0 3.703125
458.0 2.3671875
459.0 7.0703125
460.0 5.40625
461.0 4.4765625
462.0 5.171875
463.0 5.6015625
464.0 5.3125
465.0 4.328125
466.0 4.265625
467.0 4.953125
468.0 5.5234375
469.0 5.6328125
470.0 5.875
471.0 5.609375
472.0 1.1328125
473.0 8.109375
474.0 4.5078125
475.0 3.6796875
476.0 4.8046875
477.0 5.3828125
478.0 5.1015625
479.0 4.9609375
480.0 5.34375
481.0 4.6640625
482.0 5.3359375
483.0 3.84375
484.0 5.3203125
485.0 4.265625
486.0 4.2734375
487.0 4.8671875
488.0 5.5859375
489.0 4.875
490.0 5.421875
491.0 5.6328125
492.0 4.390625
493.0 4.296875
494.0 5.0546875
495.0 5.53125
496.0 6.0
497.0 4.7109375
498.0 4.8671875
499.0 4.578125
500.0 5.1640625
501.0 4.5078125
502.0 5.640625
503.0 5.4921875
504.0 5.3515625
505.0 5.2265625
506.0 4.6796875
507.0 4.3515625
508.0 4.65625
509.0 4.71875
510.0 4.515625
511.0 4.5625
512.0 4.625
513.0 4.484375
514.0 5.34375
515.0 4.9609375
516.0 1.0625
517.0 8.625
518.0 4.15625
519.0 4.75
520.0 5.0234375
521.0 3.1015625
522.0 6.421875
523.0 1.203125
524.0 9.0078125
525.0 4.84375
526.0 4.875
527.0 5.0546875
528.0 4.59375
529.0 3.9375
530.0 4.5078125
531.0 5.1328125
532.0 5.203125
533.0 3.375
534.0 3.9140625
535.0 3.0390625
536.0 4.46875
537.0 3.921875
538.0 0.75
539.0 9.515625
540.0 5.53125
541.0 5.765625
542.0 5.7890625
543.0 1.4453125
544.0 9.5390625
545.0 5.4921875
546.0 5.890625
547.0 5.421875
548.0 3.703125
549.0 4.0078125
550.0 3.9375
551.0 2.875
552.0 2.7890625
553.0 4.7109375
554.0 4.59375
555.0 4.390625
556.0 7.4375
557.0 6.109375
558.0 5.9921875
559.0 6.0078125
560.0 5.2734375
561.0 6.109375
562.0 5.2890625
563.0 5.6171875
564.0 5.9921875
565.0 5.7109375
566.0 6.0078125
567.0 5.828125
568.0 5.6953125
569.0 5.6640625
570.0 5.703125
571.0 6.0859375
572.0 4.2734375
573.0 8.5390625
574.0 6.3203125
575.0 6.7421875
576.0 6.6875
577.0 6.078125
578.0 5.828125
579.0 6.1171875
580.0 6.0078125
581.0 4.8671875
582.0 4.6953125
583.0 0.2421875
584.0 10.1484375
585.0 5.2734375
586.0 3.703125
587.0 5.8125
588.0 5.4921875
589.0 5.7265625
590.0 4.328125
591.0 5.7578125
592.0 5.34375
593.0 5.3984375
594.0 4.3359375
595.0 3.109375
596.0 4.0
597.0 4.546875
598.0 5.4296875
599.0 5.3828125
