0.0 6.6015625
1.0 6.453125
2.0 5.96875
3.0 5.3984375
4.0 5.8125
5.0 6.3828125
6.0 6.3828125
7.0 1.1328125
8.0 0.0
9.0 6.5625
10.0 5.484375
11.0 5.78125
12.0 6.1171875
13.0 6.0859375
14.0 6.515625
15.0 6.4453125
16.0 6.828125
17.0 6.625
18.0 6.765625
19.0 6.453125
20.0 6.3046875
21.0 6.7109375
22.0 6.1796875
23.0 6.03125
24.0 6.3671875
25.0 6.4140625
26.0 6.515625
27.0 6.53125
28.0 6.234375
29.0 6.46875
30.0 6.0546875
31.0 6.40625
32.0 6.1484375
33.0 6.5078125
34.0 6.3203125
35.0 6.453125
36.0 5.8515625
37.0 6.1796875
38.0 5.7890625
39.0 5.96875
40.0 5.9609375
41.0 6.5625
42.0 6.1796875
43.0 5.0859375
44.0 4.7578125
45.0 6.53125
46.0 3.9375
47.0 8.03125
48.0 6.0
49.0 5.6171875
50.0 5.53125
51.0 4.1328125
52.0 4.890625
53.0 4.7578125
54.0 3.3125
55.0 6.6328125
56.0 5.6796875
57.0 5.21875
58.0 4.578125
59.0 4.3984375
60.0 5.3046875
61.0 4.0625
62.0 3.046875
63.0 5.171875
64.0 6.4375
65.0 6.421875
66.0 5.7578125
67.0 5.671875
68.0 5.9296875
69.0 2.546875
70.0 8.921875
71.0 5.7265625
72.0 2.8515625
73.0 9.21875
74.0 5.8203125
75.0 6.0078125
76.0 6.0078125
77.0 6.0859375
78.0 6.234375
79.0 6.1875
80.0 5.6796875
81.0 5.578125
82.0 5.703125
83.0 5.78125
84.0 6.234375
85.0 5.6796875
86.0 6.078125
87.0 6.0234375
88.0 5.9453125
89.0 6.3203125
90.0 5.6171875
91.0 1.5390625
92.0 9.84375
93.0 6.109375
94.0 6.15625
95.0 5.9296875
96.0 6.1796875
97.0 5.96875
98.0 6.0234375
99.0 6.0390625
100.0 6.140625
101.0 6.53125
102.0 6.2265625
103.0 6.3359375
104.0 3.9921875
105.0 8.5234375
106.0 5.640625
107.0 6.109375
108.0 6.3515625
109.0 5.875
110.0 6.0078125
111.0 1.8671875
112.0 10.1171875
113.0 5.7890625
114.0 6.140625
115.0 6.7421875
116.0 6.9140625
117.0 6.4765625
118.0 6.125
119.0 5.90625
120.0 6.5859375
121.0 6.0390625
122.0 6.2734375
123.0 6.0859375
124.0 6.0859375
125.0 6.171875
126.0 6.109375
127.0 6.109375
128.0 6.390625
129.0 6.0390625
130.0 6.09375
131.0 5.8828125
132.0 6.2734375
133.0 6.296875
134.0 6.0546875
135.0 5.9453125
136.0 6.0078125
137.0 6.2109375
138.0 6.4765625
139.0 6.359375
140.0 6.7109375
141.0 6.5859375
142.0 6.5078125
143.0 6.53125
144.0 5.796875
145.0 5.9453125
146.0 6.2109375
147.0 6.421875
148.0 3.3671875
149.0 8.8671875
150.0 6.6015625
151.0 6.8125
152.0 6.4765625
153.0 4.609375
154.0 7.9453125
155.0 6.15625
156.0 6.0234375
157.0 6.203125
158.0 6.59375
159.0 6.3046875
160.0 6.3203125
161.0 5.96875
162.0 6.0390625
163.0 5.734375
164.0 4.3203125
165.0 6.4765625
166.0 6.2578125
167.0 6.421875
168.0 6.5625
169.0 6.5078125
170.0 6.6328125
171.0 3.2578125
172.0 6.484375
173.0 5.8515625
174.0 6.2890625
175.0 6.4453125
176.0 6.4140625
177.0 6.6875
178.0 6.9296875
179.0 6.421875
180.0 6.3359375
181.0 6.3046875
182.0 4.6484375
183.0 0.0
184.0 6.4140625
185.0 5.0703125
186.0 5.5625
187.0 6.3671875
188.0 6.2421875
189.0 6.0078125
190.0 5.546875
191.0 6.0234375
192.0 5.8515625
193.0 5.9765625
194.0 6.140625
195.0 6.2421875
196.0 6.4453125
197.0 6.40625
198.0 6.15625
199.0 6.2890625
200.0 6.5078125
201.0 6.40625
202.0 6.8359375
203.0 6.0234375
204.0 6.2734375
205.0 6.1875
206.0 6.453125
207.0 6.359375
208.0 6.328125
209.0 6.3515625
210.0 6.7734375
211.0 6.703125
212.0 6.6328125
213.0 6.6171875
214.0 6.6484375
215.0 6.3828125
216.0 6.421875
217.0 2.84375
218.0 9.8046875
219.0 6.7734375
220.0 6.7734375
221.0 6.6484375
222.0 4.5078125
223.0 8.5625
224.0 6.3515625
225.0 6.4140625
226.0 6.2109375
227.0 6.4140625
228.0 6.1796875
229.0 6.359375
230.0 6.1484375
231.0 5.9609375
232.0 6.125
233.0 6.4453125
234.0 5.7109375
235.0 6.984375
236.0 5.109375
237.0 5.5859375
238.0 6.5390625
239.0 5.640625
240.0 5.7265625
241.0 5.703125
242.0 4.3828125
243.0 0.40625
244.0 6.6875
245.0 5.78125
246.0 5.84375
247.0 6.0390625
248.0 6.5703125
249.0 5.7265625
250.0 5.7890625
251.0 4.8984375
252.0 3.7890625
253.0 3.296875
254.0 3.3828125
255.0 3.140625
256.0 2.7265625
257.0 0.0
258.0 6.84375
259.0 3.203125
260.0 3.234375
261.0 2.65625
262.0 2.0390625
263.0 1.59375
264.0 0.453125
265.0 4.6484375
266.0 3.1484375
267.0 3.1796875
268.0 3.7734375
269.0 3.6171875
270.0 3.1015625
271.0 3.28125
272.0 3.1953125
273.0 3.28125
274.0 3.28125
275.0 3.2578125
276.0 3.1796875
277.0 3.3828125
278.0 0.8984375
279.0 5.7890625
280.0 2.984375
281.0 3.015625
282.0 3.34375
283.0 3.171875
284.0 2.8125
285.0 0.0
286.0 6.7734375
287.0 2.640625
288.0 2.2734375
289.0 2.234375
290.0 2.984375
291.0 3.28125
292.0 3.1640625
293.0 2.8671875
294.0 3.0859375
295.0 3.2265625
296.0 3.265625
297.0 3.296875
298.0 0.8203125
299.0 5.890625
300.0 2.84375
301.0 2.28125
302.0 2.5703125
303.0 2.484375
304.0 2.1328125
305.0 0.0
306.0 7.1015625
307.0 3.34375
308.0 3.109375
309.0 3.46875
310.0 3.25
311.0 3.078125
312.0 3.015625
313.0 2.984375
314.0 3.171875
315.0 3.140625
316.0 3.296875
317.0 3.25
318.0 1.859375
319.0 0.2890625
320.0 7.65625
321.0 3.109375
322.0 2.8984375
323.0 2.9375
324.0 3.171875
325.0 2.0390625
326.0 0.0
327.0 0.0
328.0 7.0625
329.0 3.0859375
330.0 1.2890625
331.0 1.890625
332.0 2.359375
333.0 2.921875
334.0 3.2890625
335.0 3.53125
336.0 3.53125
337.0 3.8203125
338.0 3.6171875
339.0 3.875
340.0 3.7734375
341.0 1.09375
342.0 6.203125
343.0 3.109375
344.0 2.8984375
345.0 3.65625
346.0 3.3984375
347.0 0.6640625
348.0 6.5625
349.0 3.375
350.0 4.1484375
351.0 3.5
352.0 3.0390625
353.0 3.2265625
354.0 3.1953125
355.0 3.28125
356.0 4.3984375
357.0 5.375
358.0 5.4375
359.0 2.921875
360.0 8.3515625
361.0 5.9453125
362.0 6.2421875
363.0 5.3984375
364.0 6.4765625
365.0 5.796875
366.0 6.2890625
367.0 6.3671875
368.0 6.4453125
369.0 6.328125
370.0 6.109375
371.0 4.875
372.0 4.5
373.0 5.7265625
374.0 5.9765625
375.0 6.0625
376.0 5.8515625
377.0 4.0546875
378.0 2.5703125
379.0 7.1640625
380.0 6.03125
381.0 6.1796875
382.0 6.2734375
383.0 5.796875
384.0 5.734375
385.0 5.5546875
386.0 6.2109375
387.0 6.5625
388.0 6.515625
389.0 6.3515625
390.0 6.328125
391.0 6.3671875
392.0 6.234375
393.0 6.265625
394.0 6.3203125
395.0 5.5859375
396.0 5.546875
397.0 5.8515625
398.0 6.5
399.0 6.5
400.0 6.3359375
401.0 5.6015625
402.0 6.0859375
403.0 6.359375
404.0 5.640625
405.0 6.3828125
406.0 6.4375
407.0 2.25
408.0 10.5078125
409.0 6.1875
410.0 6.3359375
411.0 6.484375
412.0 6.5625
413.0 6.09375
414.0 6.15625
415.0 5.9140625
416.0 4.0625
417.0 8.5390625
418.0 6.265625
419.0 6.46875
420.0 6.53125
421.0 6.6328125
422.0 6.328125
423.0 6.3359375
424.0 6.4453125
425.0 6.3203125
426.0 6.765625
427.0 6.0625
428.0 6.265625
429.0 6.2734375
430.0 2.875
431.0 9.7578125
432.0 6.09375
433.0 5.1953125
434.0 3.21875
435.0 0.0
436.0 8.1640625
437.0 4.6875
438.0 4.6640625
439.0 4.515625
440.0 5.765625
441.0 6.265625
442.0 6.5390625
443.0 6.390625
444.0 6.09375
445.0 6.359375
446.0 6.3203125
447.0 6.3828125
448.0 6.2734375
449.0 1.921875
450.0 10.9375
451.0 6.1484375
452.0 6.0390625
453.0 3.4140625
454.0 8.5546875
455.0 6.1796875
456.0 6.1171875
457.0 6.140625
458.0 6.03125
459.0 6.0
460.0 6.203125
461.0 6.171875
462.0 6.359375
463.0 6.1171875
464.0 6.2421875
465.0 6.3671875
466.0 4.359375
467.0 7.7578125
468.0 5.9296875
469.0 5.6953125
470.0 5.9140625
471.0 5.421875
472.0 1.4609375
473.0 9.546875
474.0 5.7578125
475.0 6.171875
476.0 6.15625
477.0 0.671875
478.0 5.96875
479.0 2.953125
480.0 5.6015625
481.0 5.5625
482.0 4.546875
483.0 0.640625
484.0 9.484375
485.0 5.9921875
486.0 5.7109375
487.0 5.9296875
488.0 6.2421875
489.0 5.828125
490.0 5.9296875
491.0 5.109375
492.0 4.9453125
493.0 4.90625
494.0 5.609375
495.0 5.78125
496.0 5.1328125
497.0 5.1328125
498.0 4.6484375
499.0 5.078125
500.0 5.421875
501.0 5.453125
502.0 5.6015625
503.0 6.203125
504.0 5.90625
505.0 5.78125
506.0 6.515625
507.0 6.7734375
508.0 6.5078125
509.0 6.125
510.0 5.9453125
511.0 6.0
512.0 5.9609375
513.0 5.9765625
514.0 5.890625
515.0 6.2109375
516.0 5.9921875
517.0 6.234375
518.0 6.1484375
519.0 5.96875
520.0 5.7109375
521.0 5.78125
522.0 6.03125
523.0 6.0078125
524.0 6.1796875
525.0 6.2734375
526.0 6.1484375
527.0 5.9765625
528.0 6.078125
529.0 5.84375
530.0 5.8828125
531.0 6.0390625
532.0 5.9765625
533.0 6.234375
534.0 5.96875
535.0 5.78125
536.0 6.09375
537.0 5.9921875
538.0 5.8828125
539.0 6.125
540.0 5.875
541.0 4.359375
542.0 4.3359375
543.0 9.578125
544.0 6.078125
545.0 6.453125
546.0 6.0625
547.0 4.6796875
548.0 0.5703125
549.0 6.65625
550.0 4.2109375
551.0 5.484375
552.0 4.6875
553.0 4.9296875
554.0 5.046875
555.0 7.40625
556.0 6.515625
557.0 6.2734375
558.0 6.2421875
559.0 6.1484375
560.0 3.9765625
561.0 6.8359375
562.0 5.90625
563.0 6.0078125
564.0 6.078125
565.0 5.9921875
566.0 6.1875
567.0 6.4453125
568.0 6.2734375
569.0 6.125
570.0 6.0390625
571.0 6.0625
572.0 3.8203125
573.0 9.0
574.0 6.0546875
575.0 5.3984375
576.0 5.140625
577.0 1.5390625
578.0 5.515625
579.0 5.25
580.0 6.0390625
581.0 5.8515625
582.0 5.7265625
583.0 5.7265625
584.0 6.09375
585.0 5.90625
586.0 6.203125
587.0 6.2421875
588.0 6.2890625
589.0 6.390625
590.0 6.203125
591.0 5.890625
592.0 1.203125
593.0 10.7265625
594.0 6.2890625
595.0 6.1171875
596.0 1.984375
597.0 11.0390625
598.0 6.3515625
599.0 6.078125
