0.0 5.5546875
1.0 5.515625
2.0 5.90625
3.0 5.234375
4.0 3.140625
5.0 7.5234375
6.0 4.921875
7.0 5.703125
8.0 5.4921875
9.0 5.609375
10.0 5.3984375
11.0 4.3828125
12.0 6.0625
13.0 5.40625
14.0 5.4609375
15.0 5.453125
16.0 5.3515625
17.0 5.53125
18.0 5.5625
19.0 5.3984375
20.0 5.2265625
21.0 5.546875
22.0 5.46875
23.0 5.578125
24.0 5.640625
25.0 3.6953125
26.0 7.875
27.0 5.578125
28.0 5.0234375
29.0 1.9140625
30.0 9.359375
31.0 3.1484375
32.0 6.859375
33.0 5.640625
34.0 5.6015625
35.0 3.171875
36.0 6.8046875
37.0 5.3671875
38.0 5.171875
39.0 5.375
40.0 5.3203125
41.0 3.4375
42.0 7.1953125
43.0 4.84375
44.0 5.3125
45.0 4.7578125
46.0 5.6015625
47.0 5.3828125
48.0 4.78125
49.0 5.1640625
50.0 4.8984375
51.0 4.9921875
52.0 5.2578125
53.0 5.609375
54.0 5.640625
55.0 5.6796875
56.0 3.9140625
57.0 0.6328125
58.0 0.0
59.0 0.0
60.0 22.0859375
61.0 4.84375
62.0 5.515625
63.0 4.5390625
64.0 4.6875
65.0 5.28125
66.0 5.2265625
67.0 5.203125
68.0 5.3984375
69.0 5.765625
70.0 5.46875
71.0 5.40625
72.0 5.7578125
73.0 5.34375
74.0 5.75
75.0 5.5859375
76.0 4.953125
77.0 6.65625
78.0 5.46875
79.0 5.6796875
80.0 5.6953125
81.0 5.484375
82.0 5.6015625
83.0 5.5625
84.0 5.5234375
85.0 5.453125
86.0 5.546875
87.0 5.5859375
88.0 5.4375
89.0 3.7890625
90.0 7.3984375
91.0 5.046875
92.0 5.3203125
93.0 5.171875
94.0 5.828125
95.0 5.671875
96.0 2.9375
97.0 8.4375
98.0 5.375
99.0 5.7890625
100.0 5.2890625
101.0 5.515625
102.0 5.7109375
103.0 5.453125
104.0 5.84375
105.0 6.0625
106.0 5.6640625
107.0 5.8125
108.0 5.3046875
109.0 2.75
110.0 8.7890625
111.0 5.46875
112.0 5.6796875
113.0 5.53125
114.0 5.3984375
115.0 1.015625
116.0 9.875
117.0 5.375
118.0 5.78125
119.0 5.8203125
120.0 5.375
121.0 5.609375
122.0 5.6953125
123.0 5.671875
124.0 5.671875
125.0 3.4296875
126.0 8.734375
127.0 5.53125
128.0 5.53125
129.0 5.6328125
130.0 5.9609375
131.0 5.4375
132.0 5.515625
133.0 5.671875
134.0 5.7578125
135.0 5.734375
136.0 5.5
137.0 5.703125
138.0 5.3828125
139.0 5.640625
140.0 5.1640625
141.0 5.5
142.0 5.734375
143.0 5.1640625
144.0 5.9765625
145.0 5.078125
146.0 5.2890625
147.0 5.1015625
148.0 5.28125
149.0 3.3203125
150.0 7.7890625
151.0 4.9296875
152.0 5.5546875
153.0 5.3203125
154.0 5.4609375
155.0 5.171875
156.0 4.890625
157.0 4.9921875
158.0 4.71875
159.0 4.71875
160.0 4.8125
161.0 5.078125
162.0 4.8671875
163.0 5.21875
164.0 4.8046875
165.0 5.0703125
166.0 5.453125
167.0 5.3125
168.0 5.2890625
169.0 5.484375
170.0 2.8984375
171.0 8.1484375
172.0 5.4921875
173.0 1.921875
174.0 9.5546875
175.0 5.78125
176.0 5.828125
177.0 5.734375
178.0 5.6640625
179.0 5.78125
180.0 5.5625
181.0 5.7265625
182.0 5.5
183.0 5.375
184.0 5.6171875
185.0 5.25
186.0 4.9765625
187.0 4.4296875
188.0 7.546875
189.0 5.375
190.0 5.2265625
191.0 5.3203125
192.0 5.203125
193.0 1.34375
194.0 9.75
195.0 5.4375
196.0 5.2734375
197.0 5.6484375
198.0 5.671875
199.0 5.421875
200.0 5.703125
201.0 5.34375
202.0 5.1875
203.0 6.0625
204.0 5.2734375
205.0 5.6796875
206.0 5.671875
207.0 5.875
208.0 5.234375
209.0 5.4921875
210.0 1.59375
211.0 9.328125
212.0 5.53125
213.0 5.7109375
214.0 5.6328125
215.0 5.5546875
216.0 5.75
217.0 5.796875
218.0 5.5234375
219.0 5.078125
220.0 5.5234375
221.0 5.3671875
222.0 5.8203125
223.0 5.703125
224.0 5.609375
225.0 5.484375
226.0 5.78125
227.0 5.5625
228.0 5.4375
229.0 5.828125
230.0 5.234375
231.0 5.765625
232.0 5.6171875
233.0 5.4375
234.0 5.671875
235.0 5.46875
236.0 2.3046875
237.0 9.015625
238.0 5.421875
239.0 5.6953125
240.0 5.3125
241.0 3.078125
242.0 7.5859375
243.0 5.6484375
244.0 5.640625
245.0 5.578125
246.0 5.78125
247.0 5.34375
248.0 5.046875
249.0 5.53125
250.0 5.34375
251.0 3.28125
252.0 7.796875
253.0 5.2265625
254.0 5.5859375
255.0 3.53125
256.0 8.046875
257.0 5.234375
258.0 4.78125
259.0 5.1875
260.0 5.4375
261.0 5.4296875
262.0 5.734375
263.0 5.375
264.0 5.8125
265.0 4.90625
266.0 5.5546875
267.0 5.546875
268.0 5.8125
269.0 2.1796875
270.0 9.1328125
271.0 4.9921875
272.0 5.2890625
273.0 5.484375
274.0 5.234375
275.0 2.65625
276.0 8.40625
277.0 5.3125
278.0 5.4375
279.0 5.6484375
280.0 5.9609375
281.0 5.7109375
282.0 5.578125
283.0 5.5234375
284.0 5.578125
285.0 5.6484375
286.0 5.7109375
287.0 5.53125
288.0 5.3828125
289.0 0.984375
290.0 9.3359375
291.0 5.1875
292.0 5.4375
293.0 5.28125
294.0 5.5859375
295.0 2.28125
296.0 9.2734375
297.0 5.3828125
298.0 5.6484375
299.0 5.4375
300.0 5.609375
301.0 5.703125
302.0 5.5234375
303.0 5.4921875
304.0 5.5859375
305.0 5.8125
306.0 5.515625
307.0 5.8125
308.0 5.6171875
309.0 3.1796875
310.0 8.015625
311.0 5.4921875
312.0 5.1640625
313.0 6.2421875
314.0 5.2265625
315.0 5.234375
316.0 5.8828125
317.0 5.5234375
318.0 5.0390625
319.0 4.9609375
320.0 5.46875
321.0 5.78125
322.0 5.6640625
323.0 5.3515625
324.0 5.7265625
325.0 5.4375
326.0 1.203125
327.0 9.96875
328.0 5.3203125
329.0 5.671875
330.0 5.5625
331.0 5.703125
332.0 5.375
333.0 5.5234375
334.0 5.609375
335.0 5.6796875
336.0 5.859375
337.0 5.6171875
338.0 5.453125
339.0 5.5859375
340.0 5.7265625
341.0 5.875
342.0 5.6640625
343.0 5.8828125
344.0 5.53125
345.0 4.1796875
346.0 7.5390625
347.0 5.40625
348.0 5.015625
349.0 5.6171875
350.0 2.1953125
351.0 9.1796875
352.0 5.109375
353.0 1.828125
354.0 8.5625
355.0 5.4609375
356.0 4.8671875
357.0 5.1953125
358.0 5.7890625
359.0 5.171875
360.0 5.484375
361.0 5.375
362.0 5.4375
363.0 5.734375
364.0 4.09375
365.0 5.0390625
366.0 7.25
367.0 5.4921875
368.0 4.65625
369.0 4.9921875
370.0 5.0546875
371.0 5.0390625
372.0 5.125
373.0 4.828125
374.0 5.0859375
375.0 5.3515625
376.0 5.3203125
377.0 5.375
378.0 5.5
379.0 5.2890625
380.0 4.90625
381.0 3.1171875
382.0 7.484375
383.0 3.171875
384.0 7.9453125
385.0 3.3203125
386.0 7.4375
387.0 4.0859375
388.0 5.1015625
389.0 5.3046875
390.0 5.203125
391.0 5.546875
392.0 5.796875
393.0 4.953125
394.0 5.28125
395.0 4.6484375
396.0 4.859375
397.0 5.1640625
398.0 5.6484375
399.0 4.515625
400.0 4.90625
401.0 4.9296875
402.0 5.5546875
403.0 5.234375
404.0 4.7578125
405.0 5.828125
406.0 5.1328125
407.0 5.671875
408.0 5.6015625
409.0 0.640625
410.0 10.6953125
411.0 5.4609375
412.0 5.5859375
413.0 5.078125
414.0 6.1171875
415.0 5.3828125
416.0 5.5546875
417.0 5.3828125
418.0 5.46875
419.0 3.59375
420.0 7.65625
421.0 3.328125
422.0 7.5234375
423.0 5.5859375
424.0 5.5546875
425.0 5.3203125
426.0 5.203125
427.0 5.859375
428.0 5.4296875
429.0 5.875
430.0 5.2890625
431.0 3.4609375
432.0 6.828125
433.0 4.984375
434.0 5.9609375
435.0 5.6640625
436.0 5.2734375
437.0 5.4296875
438.0 5.2734375
439.0 5.375
440.0 5.3046875
441.0 5.5859375
442.0 5.2265625
443.0 5.3515625
444.0 5.515625
445.0 5.546875
446.0 4.8046875
447.0 4.3828125
448.0 7.75
449.0 5.6328125
450.0 5.7265625
451.0 5.4296875
452.0 5.34375
453.0 5.5234375
454.0 5.46875
455.0 5.3046875
456.0 5.578125
457.0 5.5
458.0 5.640625
459.0 5.515625
460.0 5.46875
461.0 5.6015625
462.0 5.3515625
463.0 5.125
464.0 5.3515625
465.0 5.140625
466.0 5.6484375
467.0 5.40625
468.0 5.3203125
469.0 1.4921875
470.0 9.4453125
471.0 5.4296875
472.0 5.5234375
473.0 5.7265625
474.0 4.2421875
475.0 7.2421875
476.0 5.5625
477.0 5.90625
478.0 5.6640625
479.0 5.796875
480.0 5.7578125
481.0 5.875
482.0 5.609375
483.0 5.484375
484.0 5.6171875
485.0 3.515625
486.0 7.34375
487.0 5.0859375
488.0 5.140625
489.0 5.6015625
490.0 5.3671875
491.0 5.25
492.0 5.578125
493.0 5.28125
494.0 5.6171875
495.0 5.5625
496.0 5.6171875
497.0 5.0703125
498.0 5.5546875
499.0 5.3359375
500.0 3.328125
501.0 5.96875
502.0 7.5703125
503.0 5.421875
504.0 5.578125
505.0 5.0546875
506.0 5.9140625
507.0 5.4609375
508.0 5.3515625
509.0 5.7265625
510.0 5.7578125
511.0 5.3828125
512.0 6.109375
513.0 5.4296875
514.0 5.7109375
515.0 5.515625
516.0 4.859375
517.0 6.4453125
518.0 5.28125
519.0 5.46875
520.0 1.0859375
521.0 10.2265625
522.0 5.40625
523.0 5.90625
524.0 5.4921875
525.0 5.5859375
526.0 5.8515625
527.0 5.6953125
528.0 5.7890625
529.0 5.671875
530.0 5.171875
531.0 5.3203125
532.0 5.8203125
533.0 5.8125
534.0 5.8203125
535.0 5.9609375
536.0 5.453125
537.0 5.6953125
538.0 4.7109375
539.0 7.109375
540.0 5.2578125
541.0 5.34375
542.0 5.515625
543.0 5.28125
544.0 5.5859375
545.0 5.3671875
546.0 5.1953125
547.0 4.90625
548.0 5.109375
549.0 4.4765625
550.0 6.796875
551.0 5.46875
552.0 5.3359375
553.0 5.5859375
554.0 5.53125
555.0 4.0625
556.0 7.109375
557.0 5.8203125
558.0 5.578125
559.0 5.453125
560.0 5.40625
561.0 5.4375
562.0 5.453125
563.0 5.78125
564.0 5.9765625
565.0 5.671875
566.0 5.6796875
567.0 5.5625
568.0 5.4375
569.0 5.6796875
570.0 0.484375
571.0 10.1328125
572.0 5.046875
573.0 5.40625
574.0 5.109375
575.0 6.2734375
576.0 5.2890625
577.0 5.640625
578.0 5.453125
579.0 5.75
580.0 5.6015625
581.0 5.578125
582.0 5.7109375
583.0 5.6640625
584.0 5.53125
585.0 5.6328125
586.0 5.890625
587.0 5.6484375
588.0 5.828125
589.0 3.765625
590.0 7.140625
591.0 5.3671875
592.0 6.203125
593.0 5.6015625
594.0 5.8203125
595.0 5.078125
596.0 4.875
597.0 3.203125
598.0 6.65625
599.0 5.4609375
