0.0 5.5625
1.0 5.7109375
2.0 5.8515625
3.0 5.9375
4.0 5.6171875
5.0 5.78125
6.0 5.90625
7.0 5.109375
8.0 5.0703125
9.0 4.546875
10.0 1.7109375
11.0 5.9921875
12.0 5.421875
13.0 5.3046875
14.0 5.4296875
15.0 5.84375
16.0 5.4296875
17.0 5.1328125
18.0 5.4609375
19.0 5.6484375
20.0 5.3671875
21.0 5.2578125
22.0 5.7109375
23.0 3.734375
24.0 7.5703125
25.0 6.0
26.0 6.0078125
27.0 5.90625
28.0 5.765625
29.0 6.265625
30.0 1.5390625
31.0 10.1328125
32.0 5.21875
33.0 5.6953125
34.0 5.84375
35.0 5.4375
36.0 1.5
37.0 7.9921875
38.0 2.90625
39.0 2.8984375
40.0 3.0703125
41.0 3.5625
42.0 4.25
43.0 4.53125
44.0 5.234375
45.0 5.2734375
46.0 5.3984375
47.0 5.3515625
48.0 4.328125
49.0 4.28125
50.0 2.953125
51.0 5.6015625
52.0 5.9296875
53.0 5.875
54.0 5.6796875
55.0 5.1015625
56.0 4.5390625
57.0 4.6015625
58.0 4.53125
59.0 4.6640625
60.0 4.484375
61.0 4.171875
62.0 3.734375
63.0 4.3203125
64.0 4.203125
65.0 2.0625
66.0 6.2890625
67.0 3.921875
68.0 4.3046875
69.0 4.5625
70.0 4.9609375
71.0 5.28125
72.0 5.1875
73.0 4.75
74.0 4.0234375
75.0 4.4453125
76.0 4.9921875
77.0 5.4296875
78.0 5.6796875
79.0 5.6953125
80.0 5.6015625
81.0 5.53125
82.0 5.3828125
83.0 5.3359375
84.0 4.875
85.0 5.609375
86.0 4.8671875
87.0 4.8046875
88.0 3.734375
89.0 0.1015625
90.0 7.8828125
91.0 3.8046875
92.0 2.0078125
93.0 2.59375
94.0 4.6015625
95.0 4.9296875
96.0 4.65625
97.0 4.171875
98.0 4.6953125
99.0 4.5
100.0 2.125
101.0 1.1796875
102.0 6.328125
103.0 3.890625
104.0 4.0234375
105.0 3.25
106.0 2.890625
107.0 3.5234375
108.0 3.1484375
109.0 4.0859375
110.0 4.203125
111.0 4.8671875
112.0 4.8671875
113.0 4.6640625
114.0 0.8046875
115.0 6.6640625
116.0 4.75
117.0 1.1328125
118.0 0.4921875
119.0 0.6328125
120.0 1.4921875
121.0 2.6328125
122.0 1.1796875
123.0 0.0
124.0 8.2890625
125.0 3.7578125
126.0 4.15625
127.0 2.1171875
128.0 4.0390625
129.0 3.96875
130.0 3.203125
131.0 4.4296875
132.0 5.3046875
133.0 4.3984375
134.0 5.109375
135.0 5.140625
136.0 2.953125
137.0 7.6953125
138.0 5.3984375
139.0 5.28125
140.0 4.6484375
141.0 0.0
142.0 7.8125
143.0 4.359375
144.0 4.3203125
145.0 4.1484375
146.0 3.875
147.0 4.171875
148.0 4.390625
149.0 4.7578125
150.0 3.765625
151.0 2.046875
152.0 4.828125
153.0 5.8125
154.0 5.703125
155.0 2.4609375
156.0 4.625
157.0 9.3046875
158.0 5.734375
159.0 4.78125
160.0 5.28125
161.0 5.15625
162.0 1.2109375
163.0 9.0703125
164.0 5.3671875
165.0 5.421875
166.0 4.984375
167.0 2.4453125
168.0 1.2265625
169.0 1.265625
170.0 1.640625
171.0 4.5
172.0 4.8359375
173.0 5.1953125
174.0 4.8984375
175.0 2.296875
176.0 7.4375
177.0 5.046875
178.0 5.0546875
179.0 5.125
180.0 2.1640625
181.0 8.0234375
182.0 5.421875
183.0 5.375
184.0 5.5234375
185.0 5.171875
186.0 5.234375
187.0 5.5625
188.0 5.78125
189.0 5.4296875
190.0 5.4375
191.0 5.125
192.0 5.4375
193.0 2.0078125
194.0 9.0
195.0 5.0390625
196.0 5.78125
197.0 5.4375
198.0 4.7109375
199.0 1.1640625
200.0 8.8515625
201.0 5.1328125
202.0 5.0546875
203.0 5.6171875
204.0 5.1953125
205.0 5.53125
206.0 5.125
207.0 5.3359375
208.0 5.1875
209.0 5.6796875
210.0 5.4375
211.0 5.6015625
212.0 5.2578125
213.0 0.109375
214.0 8.8515625
215.0 0.8125
216.0 0.0
217.0 0.0
218.0 0.0
219.0 4.5390625
220.0 1.1796875
221.0 0.5546875
222.0 1.0234375
223.0 4.3671875
224.0 3.328125
225.0 3.34375
226.0 5.40625
227.0 5.5234375
228.0 5.453125
229.0 5.375
230.0 2.1328125
231.0 8.5625
232.0 4.8359375
233.0 5.15625
234.0 2.71875
235.0 7.078125
236.0 4.203125
237.0 5.546875
238.0 4.6328125
239.0 3.921875
240.0 4.1171875
241.0 3.890625
242.0 4.328125
243.0 3.84375
244.0 2.9375
245.0 3.5
246.0 0.2890625
247.0 8.34375
248.0 3.8046875
249.0 4.578125
250.0 4.09375
251.0 1.265625
252.0 7.4296875
253.0 5.3828125
254.0 5.1953125
255.0 5.203125
256.0 5.3515625
257.0 5.4375
258.0 3.5234375
259.0 4.5625
260.0 5.3828125
261.0 5.0546875
262.0 5.203125
263.0 5.21875
264.0 5.2578125
265.0 0.40625
266.0 10.03125
267.0 5.28125
268.0 1.421875
269.0 9.65625
270.0 3.8203125
271.0 3.1328125
272.0 3.8515625
273.0 4.84375
274.0 4.921875
275.0 4.75
276.0 4.359375
277.0 4.578125
278.0 1.7578125
279.0 1.4609375
280.0 0.6875
281.0 0.0
282.0 5.5859375
283.0 2.6953125
284.0 4.0390625
285.0 4.1171875
286.0 2.25
287.0 2.3984375
288.0 2.4453125
289.0 2.359375
290.0 3.5859375
291.0 5.0390625
292.0 5.109375
293.0 4.25
294.0 1.171875
295.0 0.0
296.0 5.484375
297.0 5.0703125
298.0 3.21875
299.0 6.0234375
300.0 1.640625
301.0 1.7421875
302.0 1.671875
303.0 2.3125
304.0 3.0
305.0 2.9921875
306.0 3.9453125
307.0 5.28125
308.0 3.21875
309.0 4.3515625
310.0 5.734375
311.0 5.3125
312.0 1.2265625
313.0 0.0
314.0 8.1640625
315.0 3.40625
316.0 3.3671875
317.0 3.46875
318.0 3.59375
319.0 0.0
320.0 5.015625
321.0 7.8515625
322.0 5.40625
323.0 5.5
324.0 5.0078125
325.0 5.34375
326.0 5.4609375
327.0 5.125
328.0 5.609375
329.0 5.1640625
330.0 5.3828125
331.0 5.8515625
332.0 6.265625
333.0 6.171875
334.0 5.4921875
335.0 5.671875
336.0 5.421875
337.0 5.78125
338.0 5.2734375
339.0 2.265625
340.0 8.734375
341.0 5.4609375
342.0 4.3359375
343.0 4.0859375
344.0 4.9609375
345.0 4.09375
346.0 3.8828125
347.0 3.7265625
348.0 3.578125
349.0 3.515625
350.0 3.28125
351.0 2.9296875
352.0 0.0
353.0 6.9921875
354.0 3.5234375
355.0 0.7890625
356.0 0.703125
357.0 1.5625
358.0 1.625
359.0 0.578125
360.0 0.0
361.0 0.0
362.0 5.015625
363.0 1.71875
364.0 1.8984375
365.0 1.5
366.0 1.1796875
367.0 1.7890625
368.0 2.0
369.0 2.1171875
370.0 1.390625
371.0 1.359375
372.0 1.4921875
373.0 3.4296875
374.0 2.546875
375.0 0.0
376.0 5.6640625
377.0 2.8359375
378.0 4.5078125
379.0 5.1640625
380.0 5.6640625
381.0 5.3046875
382.0 4.8046875
383.0 1.5234375
384.0 7.9296875
385.0 5.375
386.0 4.6484375
387.0 4.984375
388.0 5.046875
389.0 4.953125
390.0 5.1328125
391.0 5.3125
392.0 5.5234375
393.0 6.0625
394.0 5.75
395.0 5.765625
396.0 4.8125
397.0 6.8828125
398.0 6.0078125
399.0 5.4921875
400.0 5.1875
401.0 6.265625
402.0 5.6796875
403.0 5.203125
404.0 5.125
405.0 5.6796875
406.0 5.90625
407.0 5.484375
408.0 5.6796875
409.0 5.7265625
410.0 4.296875
411.0 2.2734375
412.0 2.3984375
413.0 1.09375
414.0 3.28125
415.0 5.6953125
416.0 3.9453125
417.0 3.9921875
418.0 5.3515625
419.0 4.3984375
420.0 4.609375
421.0 5.0390625
422.0 0.0
423.0 7.5390625
424.0 3.4765625
425.0 3.203125
426.0 2.921875
427.0 2.71875
428.0 2.234375
429.0 2.4609375
430.0 0.8828125
431.0 0.03125
432.0 5.2265625
433.0 4.59375
434.0 4.84375
435.0 4.875
436.0 5.0859375
437.0 5.2734375
438.0 5.6640625
439.0 4.8359375
440.0 5.21875
441.0 4.7109375
442.0 1.359375
443.0 1.2421875
444.0 3.5859375
445.0 3.59375
446.0 3.3671875
447.0 3.4609375
448.0 3.1171875
449.0 2.1328125
450.0 0.125
451.0 7.671875
452.0 4.5078125
453.0 3.234375
454.0 5.1640625
455.0 4.9765625
456.0 1.9453125
457.0 0.0
458.0 4.6484375
459.0 1.609375
460.0 2.9375
461.0 5.21875
462.0 5.53125
463.0 5.7109375
464.0 5.9140625
465.0 5.9140625
466.0 5.609375
467.0 6.0546875
468.0 6.2265625
469.0 5.671875
470.0 5.78125
471.0 5.9296875
472.0 5.703125
473.0 5.515625
474.0 5.3203125
475.0 5.3515625
476.0 5.3828125
477.0 3.859375
478.0 6.765625
479.0 3.3984375
480.0 4.0625
481.0 2.03125
482.0 7.109375
483.0 3.5546875
484.0 3.8203125
485.0 5.2578125
486.0 5.578125
487.0 5.9296875
488.0 5.6484375
489.0 5.2890625
490.0 4.8125
491.0 5.3671875
492.0 5.1640625
493.0 5.375
494.0 2.609375
495.0 9.0390625
496.0 5.4375
497.0 5.515625
498.0 6.2578125
499.0 6.203125
500.0 5.9453125
501.0 5.9375
502.0 5.453125
503.0 5.7578125
504.0 5.9765625
505.0 5.375
506.0 5.890625
507.0 5.7265625
508.0 5.90625
509.0 3.1640625
510.0 8.109375
511.0 5.4296875
512.0 4.28125
513.0 4.90625
514.0 5.3203125
515.0 4.6640625
516.0 4.53125
517.0 4.171875
518.0 4.171875
519.0 4.8984375
520.0 4.9765625
521.0 5.0703125
522.0 5.0859375
523.0 5.3203125
524.0 5.7265625
525.0 5.8203125
526.0 5.8515625
527.0 6.0859375
528.0 5.828125
529.0 5.515625
530.0 4.6328125
531.0 1.09375
532.0 10.265625
533.0 5.9765625
534.0 5.9140625
535.0 5.9921875
536.0 4.6875
537.0 7.140625
538.0 5.9765625
539.0 5.9921875
540.0 5.90625
541.0 5.6796875
542.0 5.5546875
543.0 4.7578125
544.0 5.171875
545.0 5.4375
546.0 4.7578125
547.0 3.515625
548.0 1.171875
549.0 8.953125
550.0 1.6484375
551.0 5.8828125
552.0 2.03125
553.0 4.203125
554.0 4.8046875
555.0 5.0234375
556.0 5.203125
557.0 5.6328125
558.0 5.671875
559.0 5.2265625
560.0 1.5625
561.0 9.515625
562.0 5.34375
563.0 3.25
564.0 0.71875
565.0 5.3828125
566.0 3.1640625
567.0 2.59375
568.0 2.4140625
569.0 1.34375
570.0 2.34375
571.0 2.5390625
572.0 5.0390625
573.0 5.234375
574.0 5.0703125
575.0 5.046875
576.0 5.1640625
577.0 5.1640625
578.0 4.90625
579.0 0.21875
580.0 9.71875
581.0 4.1484375
582.0 3.328125
583.0 0.0
584.0 6.7421875
585.0 3.1328125
586.0 2.5390625
587.0 4.2421875
588.0 4.1796875
589.0 3.8828125
590.0 3.7265625
591.0 4.0390625
592.0 2.0
593.0 6.0078125
594.0 3.4375
595.0 4.8125
596.0 4.125
597.0 4.6875
598.0 5.1875
599.0 4.609375
