0.0 4.1328125
1.0 4.2109375
2.0 3.8515625
3.0 4.0390625
4.0 4.125
5.0 3.015625
6.0 5.3828125
7.0 4.0859375
8.0 4.171875
9.0 4.0546875
10.0 4.0625
11.0 4.25
12.0 4.1796875
13.0 0.328125
14.0 8.046875
15.0 4.25
16.0 4.171875
17.0 4.1171875
18.0 4.4453125
19.0 3.9453125
20.0 3.21875
21.0 3.765625
22.0 3.859375
23.0 4.0859375
24.0 4.0390625
25.0 0.3125
26.0 6.796875
27.0 4.1328125
28.0 4.0546875
29.0 3.90625
30.0 4.265625
31.0 4.09375
32.0 4.1171875
33.0 4.03125
34.0 3.65625
35.0 0.28125
36.0 6.78125
37.0 3.1640625
38.0 3.3671875
39.0 3.078125
40.0 3.8203125
41.0 3.59375
42.0 3.4609375
43.0 3.6171875
44.0 3.5625
45.0 3.4375
46.0 3.796875
47.0 3.9140625
48.0 2.03125
49.0 6.2109375
50.0 3.96875
51.0 3.921875
52.0 2.9375
53.0 0.0
54.0 7.1328125
55.0 3.5
56.0 2.6328125
57.0 4.03125
58.0 4.0546875
59.0 4.0625
60.0 4.203125
61.0 3.765625
62.0 3.4296875
63.0 3.90625
64.0 4.09375
65.0 4.1015625
66.0 0.3125
67.0 8.1953125
68.0 4.21875
69.0 4.203125
70.0 0.28125
71.0 8.2578125
72.0 4.2734375
73.0 4.0390625
74.0 4.2421875
75.0 4.0703125
76.0 4.0546875
77.0 4.1796875
78.0 4.0
79.0 3.7734375
80.0 3.9140625
81.0 3.7734375
82.0 4.0703125
83.0 2.515625
84.0 0.6171875
85.0 8.984375
86.0 4.234375
87.0 3.84375
88.0 1.2421875
89.0 7.3984375
90.0 4.1484375
91.0 4.390625
92.0 4.3671875
93.0 4.0625
94.0 4.203125
95.0 4.2421875
96.0 4.203125
97.0 4.125
98.0 4.265625
99.0 3.9453125
100.0 3.9375
101.0 0.46875
102.0 7.71875
103.0 4.1796875
104.0 3.9140625
105.0 0.0
106.0 8.1640625
107.0 4.234375
108.0 4.125
109.0 1.71875
110.0 4.578125
111.0 4.03125
112.0 3.5546875
113.0 3.1171875
114.0 2.7890625
115.0 1.7578125
116.0 1.4921875
117.0 2.8203125
118.0 2.78125
119.0 2.7890625
120.0 2.28125
121.0 2.890625
122.0 2.9375
123.0 2.5078125
124.0 2.7578125
125.0 2.9609375
126.0 3.1953125
127.0 1.7421875
128.0 0.0
129.0 7.4296875
130.0 3.28125
131.0 3.7109375
132.0 3.40625
133.0 3.1796875
134.0 0.125
135.0 5.9921875
136.0 3.3203125
137.0 3.3828125
138.0 3.25
139.0 1.5234375
140.0 5.53125
141.0 3.890625
142.0 3.765625
143.0 3.9140625
144.0 3.828125
145.0 3.4921875
146.0 3.0
147.0 3.109375
148.0 3.5234375
149.0 2.96875
150.0 1.328125
151.0 1.1328125
152.0 2.5703125
153.0 1.7734375
154.0 0.4375
155.0 8.171875
156.0 3.3515625
157.0 3.046875
158.0 2.03125
159.0 5.1953125
160.0 3.171875
161.0 3.515625
162.0 3.7734375
163.0 3.1953125
164.0 2.921875
165.0 3.2265625
166.0 3.015625
167.0 3.046875
168.0 3.1171875
169.0 3.796875
170.0 3.9453125
171.0 2.71875
172.0 0.4921875
173.0 8.2265625
174.0 3.1484375
175.0 3.3203125
176.0 0.0
177.0 7.703125
178.0 3.46875
179.0 3.21875
180.0 3.0703125
181.0 3.2890625
182.0 2.9921875
183.0 2.8125
184.0 3.28125
185.0 3.703125
186.0 4.0078125
187.0 3.9921875
188.0 3.3125
189.0 1.328125
190.0 0.0
191.0 7.078125
192.0 1.6484375
193.0 3.078125
194.0 3.640625
195.0 1.1953125
196.0 5.0234375
197.0 3.5546875
198.0 2.8359375
199.0 1.8515625
200.0 2.9375
201.0 3.0390625
202.0 3.3515625
203.0 4.265625
204.0 3.203125
205.0 3.3203125
206.0 3.953125
207.0 3.234375
208.0 2.3125
209.0 0.1875
210.0 8.3125
211.0 4.0625
212.0 3.828125
213.0 3.671875
214.0 3.59375
215.0 1.09375
216.0 6.421875
217.0 3.859375
218.0 4.03125
219.0 3.9453125
220.0 3.625
221.0 0.0
222.0 4.9296875
223.0 1.4453125
224.0 2.6640625
225.0 3.8828125
226.0 3.671875
227.0 3.7734375
228.0 3.8046875
229.0 4.0625
230.0 2.4921875
231.0 2.59375
232.0 2.71875
233.0 3.2890625
234.0 3.4453125
235.0 3.5234375
236.0 3.6484375
237.0 3.140625
238.0 3.015625
239.0 3.0703125
240.0 2.9921875
241.0 2.9375
242.0 2.8125
243.0 0.0
244.0 7.6953125
245.0 3.65625
246.0 3.4765625
247.0 3.3515625
248.0 3.8203125
249.0 3.890625
250.0 3.7265625
251.0 3.1484375
252.0 3.1171875
253.0 3.1484375
254.0 3.3984375
255.0 3.7734375
256.0 2.75
257.0 0.609375
258.0 8.3828125
259.0 3.7890625
260.0 3.859375
261.0 3.3671875
262.0 0.0
263.0 8.2109375
264.0 4.0078125
265.0 3.828125
266.0 3.9453125
267.0 3.9375
268.0 3.671875
269.0 3.8203125
270.0 3.6796875
271.0 3.5859375
272.0 3.7578125
273.0 3.828125
274.0 3.140625
275.0 0.0
276.0 6.2265625
277.0 1.2578125
278.0 2.546875
279.0 3.6953125
280.0 3.3828125
281.0 2.84375
282.0 2.9921875
283.0 3.6796875
284.0 3.875
285.0 3.65625
286.0 3.9453125
287.0 3.5625
288.0 0.0
289.0 7.46875
290.0 0.7890625
291.0 1.921875
292.0 3.4609375
293.0 3.5625
294.0 2.9375
295.0 2.90625
296.0 2.96875
297.0 3.015625
298.0 2.9296875
299.0 2.875
300.0 0.984375
301.0 5.234375
302.0 3.140625
303.0 3.3515625
304.0 3.1796875
305.0 3.2890625
306.0 0.1015625
307.0 6.8359375
308.0 3.203125
309.0 3.3203125
310.0 3.8046875
311.0 3.4296875
312.0 2.0
313.0 2.0078125
314.0 2.5703125
315.0 2.3359375
316.0 2.125
317.0 2.1796875
318.0 0.9296875
319.0 5.078125
320.0 3.078125
321.0 3.1171875
322.0 3.21875
323.0 1.8984375
324.0 1.5
325.0 2.515625
326.0 2.8984375
327.0 2.9609375
328.0 2.7578125
329.0 2.90625
330.0 2.8359375
331.0 1.59375
332.0 0.0
333.0 7.515625
334.0 3.0234375
335.0 3.0859375
336.0 3.2265625
337.0 3.1796875
338.0 1.4453125
339.0 0.2578125
340.0 7.546875
341.0 2.8046875
342.0 2.640625
343.0 3.5234375
344.0 3.65625
345.0 3.8203125
346.0 3.8828125
347.0 3.8203125
348.0 3.53125
349.0 3.9140625
350.0 3.7578125
351.0 1.40625
352.0 6.0234375
353.0 3.921875
354.0 3.578125
355.0 0.0
356.0 8.0234375
357.0 3.7578125
358.0 3.796875
359.0 3.7421875
360.0 3.953125
361.0 3.796875
362.0 3.609375
363.0 3.3984375
364.0 3.5625
365.0 3.625
366.0 3.640625
367.0 3.7421875
368.0 0.8359375
369.0 6.984375
370.0 3.953125
371.0 4.0234375
372.0 3.828125
373.0 3.765625
374.0 3.4453125
375.0 3.734375
376.0 0.8671875
377.0 7.2421875
378.0 3.859375
379.0 3.84375
380.0 4.0
381.0 3.765625
382.0 3.625
383.0 3.875
384.0 3.859375
385.0 3.703125
386.0 3.6953125
387.0 3.609375
388.0 3.46875
389.0 0.515625
390.0 6.734375
391.0 3.703125
392.0 3.671875
393.0 3.8515625
394.0 3.671875
395.0 0.0
396.0 7.7890625
397.0 3.765625
398.0 3.6796875
399.0 3.8046875
400.0 3.9375
401.0 3.9375
402.0 3.7734375
403.0 3.7265625
404.0 4.0390625
405.0 2.78125
406.0 0.3046875
407.0 0.0
408.0 5.1328125
409.0 1.359375
410.0 1.4921875
411.0 1.734375
412.0 2.2109375
413.0 2.453125
414.0 1.9453125
415.0 2.1015625
416.0 3.4296875
417.0 3.765625
418.0 3.7109375
419.0 3.609375
420.0 0.34375
421.0 6.7421875
422.0 3.734375
423.0 3.5625
424.0 3.765625
425.0 3.796875
426.0 3.59375
427.0 0.0
428.0 8.2734375
429.0 3.7734375
430.0 4.0
431.0 4.0234375
432.0 3.9140625
433.0 4.1171875
434.0 3.9453125
435.0 3.96875
436.0 3.84375
437.0 3.7265625
438.0 3.609375
439.0 3.25
440.0 0.0
441.0 8.2890625
442.0 3.921875
443.0 3.34375
444.0 4.609375
445.0 4.0
446.0 3.9140625
447.0 3.96875
448.0 3.7890625
449.0 3.8828125
450.0 3.6953125
451.0 3.953125
452.0 2.4609375
453.0 3.3984375
454.0 2.4921875
455.0 4.65625
456.0 3.515625
457.0 3.53125
458.0 3.6796875
459.0 3.7109375
460.0 3.7734375
461.0 3.46875
462.0 3.796875
463.0 3.9921875
464.0 3.921875
465.0 3.7890625
466.0 3.9140625
467.0 3.859375
468.0 2.5234375
469.0 0.0
470.0 8.390625
471.0 3.7578125
472.0 3.671875
473.0 0.0
474.0 7.7265625
475.0 4.0078125
476.0 3.7734375
477.0 3.8203125
478.0 3.734375
479.0 3.34375
480.0 3.3125
481.0 3.3203125
482.0 3.2890625
483.0 3.671875
484.0 3.7421875
485.0 2.8046875
486.0 0.0
487.0 7.984375
488.0 1.5
489.0 5.9296875
490.0 3.8203125
491.0 3.4609375
492.0 3.6953125
493.0 3.625
494.0 3.59375
495.0 3.734375
496.0 3.625
497.0 3.4375
498.0 3.1328125
499.0 3.3828125
500.0 3.46875
501.0 3.328125
502.0 0.0
503.0 7.5234375
504.0 3.578125
505.0 3.859375
506.0 3.84375
507.0 3.65625
508.0 0.6640625
509.0 6.75
510.0 3.671875
511.0 3.8203125
512.0 3.875
513.0 3.859375
514.0 3.7109375
515.0 3.7421875
516.0 3.7734375
517.0 3.8515625
518.0 3.7109375
519.0 3.2578125
520.0 1.296875
521.0 5.1015625
522.0 1.40625
523.0 1.9140625
524.0 3.5859375
525.0 3.6171875
526.0 3.1796875
527.0 0.0
528.0 5.453125
529.0 3.046875
530.0 3.4765625
531.0 3.65625
532.0 3.8203125
533.0 3.7734375
534.0 3.5234375
535.0 3.828125
536.0 3.953125
537.0 3.8203125
538.0 3.921875
539.0 4.0234375
540.0 2.390625
541.0 5.5234375
542.0 4.0546875
543.0 4.1171875
544.0 3.8515625
545.0 2.7578125
546.0 5.0703125
547.0 3.8515625
548.0 3.703125
549.0 3.671875
550.0 0.875
551.0 4.2421875
552.0 2.78125
553.0 4.0
554.0 3.8828125
555.0 3.9375
556.0 4.0
557.0 3.7265625
558.0 3.40625
559.0 3.9375
560.0 3.90625
561.0 3.921875
562.0 3.8828125
563.0 3.8203125
564.0 2.6875
565.0 5.125
566.0 3.9765625
567.0 3.9921875
568.0 3.828125
569.0 3.4140625
570.0 3.53125
571.0 3.6484375
572.0 3.7265625
573.0 3.921875
574.0 3.953125
575.0 3.9375
576.0 0.9140625
577.0 7.0078125
578.0 4.0078125
579.0 3.796875
580.0 3.7109375
581.0 3.4765625
582.0 0.0
583.0 7.65625
584.0 3.6796875
585.0 3.609375
586.0 3.875
587.0 3.546875
588.0 3.890625
589.0 3.5859375
590.0 3.46875
591.0 3.703125
592.0 3.828125
593.0 3.4140625
594.0 3.5234375
595.0 3.515625
596.0 0.0
597.0 5.109375
598.0 3.7890625
599.0 4.09375
