0.0 6.09375
1.0 6.2734375
2.0 6.6875
3.0 4.875
4.0 2.8515625
5.0 4.8984375
6.0 4.9609375
7.0 6.6875
8.0 5.203125
9.0 5.7578125
10.0 5.7109375
11.0 5.8515625
12.0 6.3828125
13.0 6.15625
14.0 4.9296875
15.0 4.53125
16.0 5.3203125
17.0 6.109375
18.0 6.2265625
19.0 6.140625
20.0 6.0234375
21.0 6.0078125
22.0 6.46875
23.0 5.9296875
24.0 5.6953125
25.0 6.0
26.0 4.1875
27.0 7.390625
28.0 4.09375
29.0 6.2890625
30.0 6.484375
31.0 6.2734375
32.0 5.96875
33.0 5.96875
34.0 5.640625
35.0 6.484375
36.0 6.265625
37.0 6.4375
38.0 6.53125
39.0 6.359375
40.0 2.6015625
41.0 10.4921875
42.0 6.171875
43.0 6.3671875
44.0 1.3515625
45.0 10.234375
46.0 5.796875
47.0 2.4453125
48.0 2.5234375
49.0 3.171875
50.0 2.984375
51.0 3.296875
52.0 3.265625
53.0 3.265625
54.0 3.3515625
55.0 2.953125
56.0 2.4609375
57.0 0.0
58.0 6.9453125
59.0 2.75
60.0 2.546875
61.0 3.1796875
62.0 2.84375
63.0 1.9453125
64.0 0.0
65.0 7.8203125
66.0 3.21875
67.0 3.4609375
68.0 3.25
69.0 3.7890625
70.0 2.78125
71.0 3.0
72.0 3.1640625
73.0 3.0546875
74.0 3.40625
75.0 3.3203125
76.0 2.4140625
77.0 0.0
78.0 7.1875
79.0 0.375
80.0 3.0546875
81.0 3.265625
82.0 3.7265625
83.0 3.5625
84.0 3.53125
85.0 3.28125
86.0 3.546875
87.0 4.328125
88.0 3.0234375
89.0 1.4453125
90.0 0.0
91.0 6.03125
92.0 2.3125
93.0 3.609375
94.0 5.1640625
95.0 4.8125
96.0 6.109375
97.0 5.6015625
98.0 5.96875
99.0 5.3984375
100.0 4.9921875
101.0 5.8515625
102.0 5.515625
103.0 1.96875
104.0 8.75
105.0 6.0
106.0 5.6484375
107.0 5.234375
108.0 8.078125
109.0 5.6484375
110.0 6.734375
111.0 6.75
112.0 6.421875
113.0 6.40625
114.0 6.328125
115.0 5.6640625
116.0 5.5234375
117.0 5.75
118.0 6.0
119.0 5.234375
120.0 6.09375
121.0 5.078125
122.0 6.109375
123.0 5.6640625
124.0 4.0703125
125.0 1.1796875
126.0 6.9765625
127.0 5.515625
128.0 5.3515625
129.0 3.28125
130.0 3.8515625
131.0 5.1953125
132.0 6.5703125
133.0 6.453125
134.0 6.4765625
135.0 6.796875
136.0 6.6171875
137.0 6.2890625
138.0 6.6171875
139.0 6.4375
140.0 6.4375
141.0 6.5078125
142.0 6.109375
143.0 6.0625
144.0 6.0078125
145.0 6.5390625
146.0 6.625
147.0 6.7109375
148.0 6.6875
149.0 6.8125
150.0 6.7421875
151.0 6.53125
152.0 6.703125
153.0 6.84375
154.0 6.8671875
155.0 5.2890625
156.0 8.140625
157.0 6.703125
158.0 6.890625
159.0 6.78125
160.0 5.109375
161.0 7.609375
162.0 6.71875
163.0 6.5859375
164.0 6.3515625
165.0 6.1796875
166.0 6.09375
167.0 6.328125
168.0 6.0859375
169.0 4.7578125
170.0 4.78125
171.0 0.6875
172.0 9.3046875
173.0 5.2578125
174.0 5.1640625
175.0 4.8984375
176.0 4.5078125
177.0 2.7734375
178.0 6.0234375
179.0 4.578125
180.0 5.1875
181.0 6.3515625
182.0 6.859375
183.0 6.859375
184.0 6.03125
185.0 6.3046875
186.0 6.6328125
187.0 6.7421875
188.0 6.71875
189.0 6.8671875
190.0 6.6328125
191.0 5.546875
192.0 6.2109375
193.0 6.390625
194.0 6.53125
195.0 6.703125
196.0 6.203125
197.0 7.046875
198.0 6.7421875
199.0 6.84375
200.0 6.7421875
201.0 6.421875
202.0 6.859375
203.0 6.921875
204.0 7.0078125
205.0 7.0703125
206.0 6.8828125
207.0 6.5390625
208.0 6.9921875
209.0 6.921875
210.0 6.5
211.0 6.6875
212.0 6.75
213.0 6.5859375
214.0 6.3671875
215.0 6.5859375
216.0 6.8828125
217.0 6.8984375
218.0 6.9609375
219.0 6.6875
220.0 6.6640625
221.0 6.453125
222.0 6.46875
223.0 7.0625
224.0 6.6796875
225.0 6.734375
226.0 6.78125
227.0 7.15625
228.0 6.7421875
229.0 6.9765625
230.0 6.84375
231.0 6.625
232.0 6.828125
233.0 6.765625
234.0 6.8828125
235.0 6.703125
236.0 6.828125
237.0 6.8828125
238.0 7.0078125
239.0 7.1953125
240.0 6.359375
241.0 6.8359375
242.0 6.8046875
243.0 6.3515625
244.0 5.6796875
245.0 5.703125
246.0 5.7265625
247.0 6.75
248.0 6.78125
249.0 6.828125
250.0 6.8984375
251.0 5.046875
252.0 8.9765625
253.0 6.921875
254.0 6.6484375
255.0 6.8046875
256.0 5.640625
257.0 7.71875
258.0 6.5859375
259.0 7.03125
260.0 6.75
261.0 6.8359375
262.0 5.9609375
263.0 3.59375
264.0 9.1171875
265.0 6.5703125
266.0 6.515625
267.0 6.328125
268.0 6.5078125
269.0 5.421875
270.0 4.2421875
271.0 4.21875
272.0 4.5625
273.0 4.953125
274.0 6.8125
275.0 6.9140625
276.0 6.84375
277.0 4.7734375
278.0 8.9765625
279.0 6.78125
280.0 6.7421875
281.0 5.6171875
282.0 7.8203125
283.0 6.6640625
284.0 7.1015625
285.0 7.1796875
286.0 7.03125
287.0 7.0078125
288.0 6.828125
289.0 6.890625
290.0 7.1796875
291.0 7.1328125
292.0 6.8046875
293.0 6.390625
294.0 1.28125
295.0 11.7109375
296.0 7.046875
297.0 6.921875
298.0 6.9140625
299.0 7.046875
300.0 7.0625
301.0 6.9453125
302.0 6.390625
303.0 4.234375
304.0 9.5546875
305.0 7.03125
306.0 6.859375
307.0 7.078125
308.0 6.59375
309.0 6.453125
310.0 6.1171875
311.0 6.3515625
312.0 6.109375
313.0 6.125
314.0 6.265625
315.0 6.53125
316.0 6.6328125
317.0 6.1484375
318.0 6.15625
319.0 6.484375
320.0 5.9453125
321.0 4.8984375
322.0 5.0078125
323.0 3.9453125
324.0 7.5078125
325.0 6.953125
326.0 4.421875
327.0 8.9375
328.0 7.046875
329.0 6.84375
330.0 6.734375
331.0 7.109375
332.0 6.859375
333.0 6.59375
334.0 6.828125
335.0 6.6171875
336.0 6.84375
337.0 6.6171875
338.0 6.8984375
339.0 6.3359375
340.0 6.0625
341.0 6.8359375
342.0 6.9765625
343.0 6.703125
344.0 6.859375
345.0 5.3515625
346.0 8.4140625
347.0 6.84375
348.0 6.734375
349.0 4.1484375
350.0 6.0859375
351.0 6.15625
352.0 6.5625
353.0 7.0390625
354.0 7.2421875
355.0 5.734375
356.0 5.109375
357.0 6.5390625
358.0 6.328125
359.0 6.5859375
360.0 6.3359375
361.0 6.15625
362.0 6.1484375
363.0 6.1171875
364.0 5.5625
365.0 5.828125
366.0 4.1484375
367.0 0.671875
368.0 9.515625
369.0 4.578125
370.0 5.0546875
371.0 4.6484375
372.0 6.2421875
373.0 6.1875
374.0 6.296875
375.0 4.4140625
376.0 5.3671875
377.0 5.1953125
378.0 4.0
379.0 3.296875
380.0 0.0
381.0 7.7578125
382.0 4.25
383.0 5.578125
384.0 5.4375
385.0 5.7265625
386.0 4.234375
387.0 3.515625
388.0 5.3125
389.0 5.5
390.0 5.125
391.0 4.796875
392.0 4.8046875
393.0 1.953125
394.0 8.4140625
395.0 6.265625
396.0 5.90625
397.0 2.7734375
398.0 5.4609375
399.0 6.6796875
400.0 6.296875
401.0 6.0859375
402.0 5.9296875
403.0 6.3515625
404.0 6.1875
405.0 6.078125
406.0 6.0390625
407.0 6.1796875
408.0 6.203125
409.0 6.265625
410.0 6.2421875
411.0 1.7109375
412.0 9.1484375
413.0 6.71875
414.0 6.5
415.0 6.75
416.0 6.2734375
417.0 5.4375
418.0 5.5234375
419.0 5.734375
420.0 5.3125
421.0 5.5859375
422.0 6.2734375
423.0 5.796875
424.0 6.2265625
425.0 6.71875
426.0 6.421875
427.0 6.4375
428.0 6.71875
429.0 7.0625
430.0 6.890625
431.0 6.6484375
432.0 6.5
433.0 6.2734375
434.0 3.546875
435.0 9.125
436.0 6.4765625
437.0 6.9609375
438.0 6.3671875
439.0 6.9296875
440.0 6.7421875
441.0 6.796875
442.0 6.234375
443.0 6.8125
444.0 6.6484375
445.0 6.9609375
446.0 6.828125
447.0 6.8125
448.0 6.5703125
449.0 6.6171875
450.0 5.796875
451.0 5.734375
452.0 6.03125
453.0 4.9453125
454.0 5.8828125
455.0 5.609375
456.0 6.15625
457.0 5.1328125
458.0 5.4921875
459.0 5.2578125
460.0 5.7890625
461.0 4.8984375
462.0 5.5859375
463.0 6.5703125
464.0 4.234375
465.0 5.84375
466.0 3.84375
467.0 5.5625
468.0 4.0703125
469.0 3.546875
470.0 5.0234375
471.0 6.921875
472.0 5.75
473.0 6.171875
474.0 6.8046875
475.0 6.2265625
476.0 6.265625
477.0 3.84375
478.0 8.921875
479.0 6.84375
480.0 3.0390625
481.0 9.890625
482.0 6.0859375
483.0 6.5859375
484.0 7.078125
485.0 6.78125
486.0 6.5
487.0 6.109375
488.0 6.515625
489.0 6.2734375
490.0 5.75
491.0 6.1484375
492.0 6.5625
493.0 3.875
494.0 8.6875
495.0 5.9453125
496.0 6.125
497.0 6.484375
498.0 6.515625
499.0 6.40625
500.0 3.375
501.0 9.3359375
502.0 6.5625
503.0 6.828125
504.0 6.765625
505.0 6.78125
506.0 6.3828125
507.0 6.4375
508.0 6.71875
509.0 6.484375
510.0 6.625
511.0 6.5859375
512.0 6.9140625
513.0 6.828125
514.0 2.515625
515.0 0.046875
516.0 16.125
517.0 3.953125
518.0 5.34375
519.0 6.5625
520.0 7.2890625
521.0 6.84375
522.0 6.5078125
523.0 6.5703125
524.0 6.6171875
525.0 6.6328125
526.0 6.7421875
527.0 6.703125
528.0 2.6875
529.0 10.953125
530.0 6.6796875
531.0 6.8359375
532.0 6.53125
533.0 2.96875
534.0 10.7109375
535.0 6.6015625
536.0 7.1640625
537.0 7.1875
538.0 6.65625
539.0 7.03125
540.0 6.8359375
541.0 6.9921875
542.0 7.046875
543.0 6.890625
544.0 7.375
545.0 6.7734375
546.0 2.046875
547.0 11.1875
548.0 6.75
549.0 6.71875
550.0 6.5625
551.0 4.953125
552.0 7.40625
553.0 6.5546875
554.0 6.921875
555.0 6.5625
556.0 6.53125
557.0 6.4140625
558.0 4.328125
559.0 5.703125
560.0 6.84375
561.0 6.765625
562.0 5.546875
563.0 5.703125
564.0 5.640625
565.0 1.0625
566.0 11.8046875
567.0 6.8671875
568.0 7.1875
569.0 6.734375
570.0 6.71875
571.0 5.734375
572.0 7.875
573.0 6.9140625
574.0 6.1875
575.0 6.4453125
576.0 6.8359375
577.0 6.125
578.0 5.9140625
579.0 5.6484375
580.0 6.234375
581.0 5.203125
582.0 4.859375
583.0 5.7265625
584.0 5.375
585.0 5.4296875
586.0 5.84375
587.0 6.71875
588.0 6.453125
589.0 6.59375
590.0 6.234375
591.0 6.78125
592.0 6.65625
593.0 6.453125
594.0 3.203125
595.0 8.9375
596.0 5.9375
597.0 6.515625
598.0 6.3359375
599.0 6.3671875
