0.0 5.2890625
1.0 5.6484375
2.0 3.1171875
3.0 4.265625
4.0 4.65625
5.0 9.8125
6.0 5.203125
7.0 3.84375
8.0 4.21875
9.0 5.5625
10.0 5.203125
11.0 5.453125
12.0 5.21875
13.0 5.046875
14.0 4.921875
15.0 5.2265625
16.0 4.5703125
17.0 3.4453125
18.0 0.0
19.0 9.4296875
20.0 5.0703125
21.0 4.3984375
22.0 6.1484375
23.0 4.9921875
24.0 5.3671875
25.0 4.984375
26.0 5.34375
27.0 5.3046875
28.0 4.9453125
29.0 4.3515625
30.0 3.1640625
31.0 4.3828125
32.0 4.3984375
33.0 4.546875
34.0 4.21875
35.0 0.9609375
36.0 8.2421875
37.0 4.5390625
38.0 4.296875
39.0 4.4140625
40.0 4.546875
41.0 4.203125
42.0 0.671875
43.0 7.75
44.0 4.3203125
45.0 4.3984375
46.0 4.0078125
47.0 3.671875
48.0 2.96875
49.0 2.1796875
50.0 3.921875
51.0 4.0703125
52.0 4.296875
53.0 3.890625
54.0 4.1875
55.0 3.625
56.0 0.0
57.0 9.2421875
58.0 3.5625
59.0 3.9453125
60.0 4.0
61.0 2.1328125
62.0 0.0
63.0 5.3671875
64.0 7.9609375
65.0 4.3984375
66.0 4.421875
67.0 4.6328125
68.0 4.3203125
69.0 0.0
70.0 9.0078125
71.0 3.2578125
72.0 3.0703125
73.0 2.0078125
74.0 3.3671875
75.0 3.921875
76.0 3.7734375
77.0 3.9921875
78.0 4.0390625
79.0 4.0703125
80.0 4.4453125
81.0 4.0859375
82.0 3.5546875
83.0 0.6015625
84.0 7.6171875
85.0 3.875
86.0 3.7109375
87.0 3.2890625
88.0 0.0
89.0 7.578125
90.0 3.3984375
91.0 2.8984375
92.0 2.5703125
93.0 3.2265625
94.0 3.609375
95.0 3.9375
96.0 4.9453125
97.0 4.46875
98.0 4.59375
99.0 4.6796875
100.0 0.0
101.0 9.125
102.0 4.7734375
103.0 4.53125
104.0 5.1640625
105.0 4.546875
106.0 5.0703125
107.0 5.1328125
108.0 4.921875
109.0 4.59375
110.0 5.2265625
111.0 4.3828125
112.0 4.6640625
113.0 4.875
114.0 5.1015625
115.0 5.2265625
116.0 4.7578125
117.0 4.8984375
118.0 5.0390625
119.0 4.828125
120.0 4.9453125
121.0 4.8125
122.0 5.078125
123.0 4.8984375
124.0 4.6796875
125.0 4.9765625
126.0 4.6875
127.0 4.6328125
128.0 5.4296875
129.0 1.8359375
130.0 8.8984375
131.0 4.921875
132.0 5.3125
133.0 5.1640625
134.0 3.8203125
135.0 0.7265625
136.0 10.734375
137.0 5.6015625
138.0 5.6015625
139.0 5.5546875
140.0 5.2578125
141.0 4.25
142.0 5.8828125
143.0 5.46875
144.0 6.0
145.0 5.6015625
146.0 5.578125
147.0 5.3984375
148.0 6.0078125
149.0 5.7265625
150.0 5.78125
151.0 5.234375
152.0 0.2734375
153.0 11.1484375
154.0 1.703125
155.0 10.1796875
156.0 6.03125
157.0 5.765625
158.0 5.75
159.0 5.734375
160.0 5.84375
161.0 2.1953125
162.0 8.4375
163.0 4.9453125
164.0 5.8828125
165.0 4.03125
166.0 3.921875
167.0 3.6953125
168.0 3.765625
169.0 5.546875
170.0 5.703125
171.0 5.578125
172.0 5.171875
173.0 5.0703125
174.0 5.4609375
175.0 5.21875
176.0 1.8203125
177.0 5.8125
178.0 10.4921875
179.0 5.9921875
180.0 5.484375
181.0 6.7734375
182.0 5.7578125
183.0 1.8515625
184.0 10.59375
185.0 5.3828125
186.0 6.0625
187.0 6.09375
188.0 5.84375
189.0 5.3203125
190.0 5.015625
191.0 4.78125
192.0 5.3203125
193.0 5.0703125
194.0 5.1640625
195.0 5.1015625
196.0 4.296875
197.0 4.8359375
198.0 5.28125
199.0 4.78125
200.0 4.6875
201.0 5.15625
202.0 5.1015625
203.0 5.2734375
204.0 4.5625
205.0 2.3125
206.0 7.109375
207.0 5.3359375
208.0 5.6953125
209.0 5.9453125
210.0 3.1015625
211.0 7.984375
212.0 5.015625
213.0 2.25
214.0 2.015625
215.0 1.671875
216.0 0.3671875
217.0 0.0
218.0 6.859375
219.0 4.9453125
220.0 5.4375
221.0 5.6328125
222.0 5.7265625
223.0 5.0546875
224.0 5.5859375
225.0 5.75
226.0 5.5234375
227.0 5.28125
228.0 4.390625
229.0 2.9921875
230.0 2.609375
231.0 1.765625
232.0 1.796875
233.0 1.96875
234.0 0.8671875
235.0 0.0
236.0 6.140625
237.0 5.609375
238.0 5.640625
239.0 5.2734375
240.0 3.375
241.0 4.2109375
242.0 8.859375
243.0 4.7578125
244.0 5.0390625
245.0 5.015625
246.0 4.90625
247.0 4.4296875
248.0 5.3046875
249.0 4.953125
250.0 5.3203125
251.0 4.8984375
252.0 5.5234375
253.0 4.8671875
254.0 5.21875
255.0 5.875
256.0 6.0
257.0 5.6328125
258.0 5.890625
259.0 5.6328125
260.0 3.84375
261.0 8.109375
262.0 5.796875
263.0 5.5859375
264.0 5.90625
265.0 5.8203125
266.0 5.96875
267.0 5.78125
268.0 5.8828125
269.0 5.5859375
270.0 5.6640625
271.0 3.578125
272.0 7.546875
273.0 5.40625
274.0 5.8515625
275.0 4.859375
276.0 6.125
277.0 6.3671875
278.0 5.5546875
279.0 4.65625
280.0 6.921875
281.0 6.2265625
282.0 6.140625
283.0 6.0546875
284.0 5.6015625
285.0 6.0859375
286.0 5.9765625
287.0 5.578125
288.0 5.515625
289.0 5.546875
290.0 5.9375
291.0 5.734375
292.0 5.9296875
293.0 5.6953125
294.0 3.5625
295.0 6.9921875
296.0 5.859375
297.0 5.609375
298.0 5.640625
299.0 3.4453125
300.0 2.125
301.0 9.359375
302.0 5.546875
303.0 5.375
304.0 6.078125
305.0 6.2578125
306.0 6.125
307.0 5.7109375
308.0 5.8203125
309.0 6.0234375
310.0 5.421875
311.0 5.640625
312.0 5.8125
313.0 5.234375
314.0 5.015625
315.0 5.609375
316.0 5.5
317.0 5.828125
318.0 5.9375
319.0 5.3125
320.0 5.2578125
321.0 5.2578125
322.0 5.140625
323.0 0.0390625
324.0 0.84375
325.0 7.6171875
326.0 2.4296875
327.0 2.09375
328.0 0.359375
329.0 0.0
330.0 9.515625
331.0 3.1484375
332.0 2.4921875
333.0 2.625
334.0 2.96875
335.0 2.984375
336.0 2.6875
337.0 2.5625
338.0 3.6953125
339.0 3.375
340.0 2.7421875
341.0 2.6015625
342.0 6.140625
343.0 3.109375
344.0 2.484375
345.0 4.3984375
346.0 4.0
347.0 2.75
348.0 2.4921875
349.0 0.671875
350.0 1.046875
351.0 7.75
352.0 2.59375
353.0 2.71875
354.0 5.140625
355.0 4.5703125
356.0 3.0390625
357.0 3.40625
358.0 3.671875
359.0 3.0234375
360.0 3.046875
361.0 2.7421875
362.0 2.6015625
363.0 0.2265625
364.0 0.0
365.0 8.1484375
366.0 4.4765625
367.0 2.96875
368.0 2.546875
369.0 2.328125
370.0 0.0
371.0 6.890625
372.0 0.65625
373.0 9.5078125
374.0 2.9375
375.0 2.6875
376.0 0.734375
377.0 5.6171875
378.0 3.4453125
379.0 3.1796875
380.0 2.6953125
381.0 2.4765625
382.0 0.765625
383.0 4.15625
384.0 2.234375
385.0 2.71875
386.0 3.1015625
387.0 3.4921875
388.0 2.21875
389.0 1.5859375
390.0 1.3828125
391.0 0.984375
392.0 0.640625
393.0 0.6875
394.0 1.921875
395.0 2.7265625
396.0 1.3515625
397.0 1.9453125
398.0 0.8671875
399.0 0.5078125
400.0 0.0
401.0 0.0
402.0 0.0
403.0 0.3671875
404.0 7.21875
405.0 1.890625
406.0 1.8359375
407.0 4.328125
408.0 2.4921875
409.0 1.6171875
410.0 0.671875
411.0 0.0
412.0 8.2421875
413.0 2.1015625
414.0 1.8671875
415.0 1.2421875
416.0 0.546875
417.0 0.8359375
418.0 1.0546875
419.0 1.859375
420.0 1.734375
421.0 1.828125
422.0 2.03125
423.0 1.8984375
424.0 0.8125
425.0 0.0
426.0 0.0
427.0 0.0
428.0 0.0
429.0 6.2109375
430.0 2.0078125
431.0 1.703125
432.0 1.5
433.0 1.359375
434.0 1.8984375
435.0 2.5234375
436.0 2.0390625
437.0 2.09375
438.0 1.1171875
439.0 0.4609375
440.0 0.0
441.0 0.0
442.0 0.0390625
443.0 7.5859375
444.0 3.0390625
445.0 2.2421875
446.0 2.28125
447.0 2.3671875
448.0 2.046875
449.0 2.453125
450.0 2.890625
451.0 2.578125
452.0 2.515625
453.0 2.1953125
454.0 2.0390625
455.0 1.7109375
456.0 0.0390625
457.0 0.0
458.0 0.0
459.0 7.3046875
460.0 3.078125
461.0 2.78125
462.0 1.8828125
463.0 1.7734375
464.0 1.203125
465.0 0.0
466.0 0.0
467.0 6.953125
468.0 1.671875
469.0 2.7734375
470.0 1.7109375
471.0 1.984375
472.0 1.953125
473.0 2.265625
474.0 2.296875
475.0 1.921875
476.0 0.015625
477.0 0.0
478.0 7.3125
479.0 1.734375
480.0 2.5234375
481.0 2.4765625
482.0 2.7578125
483.0 2.6953125
484.0 0.03125
485.0 0.0
486.0 6.515625
487.0 2.984375
488.0 2.5390625
489.0 2.5625
490.0 1.7890625
491.0 2.125
492.0 2.8515625
493.0 3.2890625
494.0 2.3359375
495.0 2.359375
496.0 2.84375
497.0 2.1796875
498.0 1.59375
499.0 0.6953125
500.0 0.0
501.0 2.0078125
502.0 6.5390625
503.0 1.6875
504.0 2.3359375
505.0 1.3125
506.0 1.4375
507.0 1.1640625
508.0 1.5234375
509.0 0.0
510.0 0.0
511.0 7.6328125
512.0 3.25
513.0 3.0859375
514.0 3.1640625
515.0 3.5859375
516.0 1.828125
517.0 1.390625
518.0 1.296875
519.0 1.859375
520.0 0.046875
521.0 0.0
522.0 7.6015625
523.0 3.234375
524.0 1.640625
525.0 1.4609375
526.0 1.1484375
527.0 0.5546875
528.0 0.4609375
529.0 0.1796875
530.0 0.2109375
531.0 0.765625
532.0 1.421875
533.0 1.8359375
534.0 3.3125
535.0 2.28125
536.0 0.0
537.0 7.765625
538.0 3.234375
539.0 3.0703125
540.0 2.90625
541.0 2.046875
542.0 0.0
543.0 7.3359375
544.0 2.2734375
545.0 1.984375
546.0 0.7578125
547.0 0.7578125
548.0 1.328125
549.0 2.09375
550.0 1.5078125
551.0 2.0859375
552.0 2.6640625
553.0 2.921875
554.0 3.0234375
555.0 2.484375
556.0 0.1796875
557.0 6.890625
558.0 3.2265625
559.0 2.65625
560.0 2.1796875
561.0 1.7890625
562.0 0.0
563.0 5.7109375
564.0 3.640625
565.0 4.5
566.0 3.1796875
567.0 4.21875
568.0 3.1328125
569.0 4.265625
570.0 3.5546875
571.0 4.1328125
572.0 2.8671875
573.0 2.78125
574.0 3.375
575.0 4.1796875
576.0 2.0859375
577.0 0.0
578.0 7.7890625
579.0 2.609375
580.0 4.71875
581.0 3.203125
582.0 1.1484375
583.0 6.390625
584.0 3.8515625
585.0 3.109375
586.0 3.4609375
587.0 3.5859375
588.0 4.3671875
589.0 4.0234375
590.0 4.1875
591.0 4.265625
592.0 3.4140625
593.0 4.0
594.0 3.1328125
595.0 1.1171875
596.0 4.3828125
597.0 5.234375
598.0 3.3671875
599.0 4.546875
