0.0 10.4765625
1.0 7.4296875
2.0 5.3828125
3.0 3.84375
4.0 3.546875
5.0 3.375
6.0 4.3671875
7.0 3.5625
8.0 4.1875
9.0 6.796875
10.0 4.25
11.0 4.8359375
12.0 3.0546875
13.0 1.1953125
14.0 1.765625
15.0 0.78125
16.0 0.0
17.0 5.765625
18.0 3.5859375
19.0 3.828125
20.0 3.9765625
21.0 4.0703125
22.0 3.28125
23.0 0.3125
24.0 6.6171875
25.0 3.8203125
26.0 3.6484375
27.0 3.8515625
28.0 3.90625
29.0 3.328125
30.0 3.140625
31.0 3.0859375
32.0 3.578125
33.0 3.2890625
34.0 4.390625
35.0 3.1640625
36.0 2.3671875
37.0 0.0
38.0 6.3359375
39.0 2.59375
40.0 3.4296875
41.0 3.9375
42.0 2.1640625
43.0 0.0
44.0 5.5859375
45.0 3.1953125
46.0 3.6484375
47.0 3.828125
48.0 3.859375
49.0 3.9140625
50.0 3.84375
51.0 3.5234375
52.0 2.2421875
53.0 2.609375
54.0 2.359375
55.0 1.171875
56.0 1.2578125
57.0 0.0703125
58.0 12.0859375
59.0 7.9296875
60.0 7.3125
61.0 7.25
62.0 7.5390625
63.0 8.1953125
64.0 8.1953125
65.0 8.1328125
66.0 8.109375
67.0 7.9609375
68.0 7.5703125
69.0 8.2421875
70.0 8.0234375
71.0 8.078125
72.0 8.0
73.0 7.3203125
74.0 3.515625
75.0 2.359375
76.0 6.3046875
77.0 4.390625
78.0 4.21875
79.0 3.7578125
80.0 1.46875
81.0 6.8984375
82.0 4.9921875
83.0 4.2109375
84.0 4.1328125
85.0 4.265625
86.0 3.5625
87.0 3.9140625
88.0 4.15625
89.0 3.9921875
90.0 4.1015625
91.0 4.125
92.0 4.3046875
93.0 4.1015625
94.0 0.1953125
95.0 8.375
96.0 6.2109375
97.0 7.9296875
98.0 8.0
99.0 8.5234375
100.0 7.8203125
101.0 8.015625
102.0 7.96875
103.0 7.6953125
104.0 7.0078125
105.0 3.2265625
106.0 11.4296875
107.0 6.8046875
108.0 7.9921875
109.0 7.7890625
110.0 7.84375
111.0 7.5546875
112.0 7.8359375
113.0 7.9140625
114.0 7.875
115.0 8.2265625
116.0 7.375
117.0 8.0546875
118.0 7.9140625
119.0 2.8671875
120.0 13.3671875
121.0 7.9296875
122.0 7.3671875
123.0 6.9140625
124.0 6.3515625
125.0 4.0625
126.0 3.2890625
127.0 0.7578125
128.0 7.671875
129.0 7.8203125
130.0 8.1796875
131.0 8.0625
132.0 7.765625
133.0 7.8125
134.0 7.96875
135.0 7.65625
136.0 7.8515625
137.0 7.875
138.0 7.4609375
139.0 8.0
140.0 8.0859375
141.0 8.296875
142.0 7.9375
143.0 8.1640625
144.0 8.203125
145.0 8.2265625
146.0 8.1640625
147.0 7.5078125
148.0 8.265625
149.0 8.1328125
150.0 8.0546875
151.0 8.0546875
152.0 8.2109375
153.0 7.9140625
154.0 8.2578125
155.0 8.1171875
156.0 8.0
157.0 5.9765625
158.0 7.5859375
159.0 3.4296875
160.0 3.1953125
161.0 0.4375
162.0 7.3203125
163.0 3.5546875
164.0 8.421875
165.0 7.9140625
166.0 7.6953125
167.0 8.2109375
168.0 7.9921875
169.0 7.8359375
170.0 7.734375
171.0 7.109375
172.0 6.3515625
173.0 7.2265625
174.0 7.421875
175.0 0.703125
176.0 0.03125
177.0 0.0
178.0 19.234375
179.0 6.3203125
180.0 6.1796875
181.0 6.75
182.0 6.5078125
183.0 4.5078125
184.0 6.796875
185.0 7.5703125
186.0 6.9140625
187.0 5.609375
188.0 6.1796875
189.0 6.828125
190.0 7.9453125
191.0 8.1171875
192.0 8.0546875
193.0 8.109375
194.0 8.078125
195.0 7.7265625
196.0 7.9375
197.0 7.9453125
198.0 7.8984375
199.0 8.2734375
200.0 8.1484375
201.0 7.4921875
202.0 7.5546875
203.0 6.9609375
204.0 6.484375
205.0 6.4765625
206.0 6.1484375
207.0 6.1484375
208.0 7.0078125
209.0 3.8515625
210.0 3.2890625
211.0 3.078125
212.0 3.640625
213.0 3.8203125
214.0 3.875
215.0 3.921875
216.0 3.6796875
217.0 3.4921875
218.0 3.5546875
219.0 3.6796875
220.0 2.65625
221.0 5.2734375
222.0 3.640625
223.0 3.9765625
224.0 3.7578125
225.0 3.96875
226.0 3.828125
227.0 3.90625
228.0 0.359375
229.0 7.359375
230.0 3.890625
231.0 3.9453125
232.0 4.0703125
233.0 4.3515625
234.0 3.7890625
235.0 3.7890625
236.0 3.8046875
237.0 3.9921875
238.0 4.2734375
239.0 3.7265625
240.0 3.1796875
241.0 1.7734375
242.0 0.0
243.0 6.84375
244.0 1.1484375
245.0 2.7578125
246.0 3.953125
247.0 4.1796875
248.0 3.9140625
249.0 3.875
250.0 0.5859375
251.0 6.8046875
252.0 4.328125
253.0 3.921875
254.0 3.84375
255.0 3.328125
256.0 3.6953125
257.0 3.0859375
258.0 3.609375
259.0 3.6953125
260.0 3.703125
261.0 3.859375
262.0 3.40625
263.0 3.609375
264.0 3.140625
265.0 0.0
266.0 7.4921875
267.0 3.1640625
268.0 3.1484375
269.0 3.3125
270.0 4.75
271.0 3.953125
272.0 3.84375
273.0 4.171875
274.0 3.6484375
275.0 3.40625
276.0 3.7109375
277.0 3.7890625
278.0 3.640625
279.0 3.84375
280.0 3.7734375
281.0 4.203125
282.0 4.0390625
283.0 3.9140625
284.0 3.609375
285.0 3.8203125
286.0 3.828125
287.0 1.890625
288.0 6.8984375
289.0 4.21875
290.0 3.7265625
291.0 3.921875
292.0 4.390625
293.0 1.6796875
294.0 6.859375
295.0 4.7578125
296.0 3.7265625
297.0 4.0625
298.0 4.0390625
299.0 4.390625
300.0 3.796875
301.0 4.234375
302.0 4.203125
303.0 4.1171875
304.0 3.9921875
305.0 4.03125
306.0 1.1328125
307.0 6.84375
308.0 4.5390625
309.0 4.03125
310.0 0.84375
311.0 5.6640625
312.0 2.453125
313.0 1.8046875
314.0 0.25
315.0 0.0
316.0 0.0
317.0 2.015625
318.0 0.0
319.0 3.0703125
320.0 0.0
321.0 0.8984375
322.0 1.59375
323.0 3.640625
324.0 4.171875
325.0 4.0625
326.0 4.28125
327.0 3.265625
328.0 4.125
329.0 4.578125
330.0 4.21875
331.0 4.421875
332.0 3.015625
333.0 5.5625
334.0 4.78125
335.0 5.1015625
336.0 4.0234375
337.0 4.0546875
338.0 0.78125
339.0 7.609375
340.0 3.9453125
341.0 3.9921875
342.0 4.25
343.0 4.0546875
344.0 4.1796875
345.0 3.875
346.0 4.2421875
347.0 4.1796875
348.0 4.15625
349.0 3.734375
350.0 3.5625
351.0 0.359375
352.0 7.7890625
353.0 3.765625
354.0 3.703125
355.0 4.234375
356.0 3.7890625
357.0 1.59375
358.0 6.53125
359.0 3.8203125
360.0 4.0078125
361.0 4.1171875
362.0 4.1484375
363.0 3.8203125
364.0 3.875
365.0 3.7734375
366.0 3.84375
367.0 3.546875
368.0 3.6796875
369.0 4.0859375
370.0 0.65625
371.0 7.046875
372.0 1.4140625
373.0 6.484375
374.0 3.9140625
375.0 3.9921875
376.0 3.703125
377.0 3.7578125
378.0 3.5234375
379.0 3.8828125
380.0 3.875
381.0 3.890625
382.0 4.203125
383.0 7.03125
384.0 7.9296875
385.0 8.1328125
386.0 8.1328125
387.0 3.078125
388.0 13.0625
389.0 8.2421875
390.0 8.1953125
391.0 7.9140625
392.0 8.0546875
393.0 7.8828125
394.0 8.40625
395.0 8.1640625
396.0 8.0859375
397.0 6.4375
398.0 3.609375
399.0 1.4453125
400.0 5.9921875
401.0 3.640625
402.0 4.6953125
403.0 4.265625
404.0 3.609375
405.0 3.2578125
406.0 2.5078125
407.0 2.6953125
408.0 4.21875
409.0 4.0234375
410.0 4.0078125
411.0 4.0546875
412.0 3.8515625
413.0 1.09375
414.0 7.1328125
415.0 3.9921875
416.0 3.859375
417.0 3.96875
418.0 1.9375
419.0 5.859375
420.0 3.8203125
421.0 3.9921875
422.0 4.2421875
423.0 4.3359375
424.0 4.1796875
425.0 4.0078125
426.0 3.59375
427.0 3.9140625
428.0 4.3671875
429.0 4.1171875
430.0 4.3203125
431.0 0.78125
432.0 10.984375
433.0 8.1953125
434.0 8.1328125
435.0 8.46875
436.0 7.9609375
437.0 7.875
438.0 7.3125
439.0 3.828125
440.0 3.796875
441.0 0.84375
442.0 7.2890625
443.0 3.875
444.0 3.9765625
445.0 3.9921875
446.0 0.9375
447.0 6.9609375
448.0 3.6484375
449.0 3.8828125
450.0 4.0234375
451.0 3.953125
452.0 3.59375
453.0 4.03125
454.0 3.734375
455.0 3.859375
456.0 3.6796875
457.0 3.84375
458.0 2.9296875
459.0 0.0
460.0 7.65625
461.0 3.3984375
462.0 4.515625
463.0 3.9453125
464.0 3.96875
465.0 4.234375
466.0 3.96875
467.0 3.765625
468.0 4.1171875
469.0 3.640625
470.0 3.9453125
471.0 4.6875
472.0 4.8125
473.0 4.828125
474.0 8.3125
475.0 8.1484375
476.0 8.421875
477.0 8.328125
478.0 8.1171875
479.0 8.2421875
480.0 8.3125
481.0 8.2109375
482.0 8.171875
483.0 8.140625
484.0 8.3515625
485.0 8.40625
486.0 8.203125
487.0 8.203125
488.0 8.0625
489.0 8.1640625
490.0 8.3203125
491.0 8.2109375
492.0 7.4296875
493.0 7.9921875
494.0 8.1640625
495.0 8.2265625
496.0 7.8125
497.0 7.8125
498.0 8.078125
499.0 8.046875
500.0 8.234375
501.0 7.8359375
502.0 8.2890625
503.0 8.1953125
504.0 8.109375
505.0 8.1484375
506.0 8.171875
507.0 8.3828125
508.0 8.0
509.0 8.1796875
510.0 8.1171875
511.0 8.09375
512.0 8.3125
513.0 7.9609375
514.0 8.046875
515.0 8.0625
516.0 7.8359375
517.0 7.8984375
518.0 7.703125
519.0 8.2265625
520.0 8.203125
521.0 7.7578125
522.0 2.953125
523.0 11.8046875
524.0 8.1328125
525.0 7.9375
526.0 8.1171875
527.0 8.140625
528.0 6.4453125
529.0 9.875
530.0 7.9921875
531.0 7.1640625
532.0 7.046875
533.0 7.3671875
534.0 8.1484375
535.0 8.1953125
536.0 7.75
537.0 7.4609375
538.0 7.0625
539.0 7.1953125
540.0 7.7890625
541.0 5.1875
542.0 10.1484375
543.0 6.9453125
544.0 7.2578125
545.0 7.734375
546.0 3.6171875
547.0 0.0625
548.0 8.8671875
549.0 4.0078125
550.0 3.9765625
551.0 4.0546875
552.0 4.09375
553.0 4.0
554.0 3.953125
555.0 3.7734375
556.0 3.953125
557.0 3.765625
558.0 0.8203125
559.0 7.1015625
560.0 0.9140625
561.0 6.0625
562.0 3.046875
563.0 3.65625
564.0 3.3671875
565.0 3.7734375
566.0 3.9921875
567.0 3.7578125
568.0 3.625
569.0 3.6171875
570.0 3.5
571.0 3.90625
572.0 4.0390625
573.0 3.7421875
574.0 3.7578125
575.0 3.8046875
576.0 3.6796875
577.0 3.671875
578.0 3.7578125
579.0 3.7109375
580.0 3.7265625
581.0 3.8046875
582.0 3.1015625
583.0 1.984375
584.0 2.7109375
585.0 4.3515625
586.0 0.1953125
587.0 6.953125
588.0 3.625
589.0 4.84375
590.0 6.6640625
591.0 5.4296875
592.0 7.1796875
593.0 4.6328125
594.0 3.890625
595.0 3.859375
596.0 3.5859375
597.0 3.625
598.0 3.5859375
599.0 3.53125
