0.0 6.2890625
1.0 6.0625
2.0 6.0546875
3.0 6.5625
4.0 6.5625
5.0 6.5859375
6.0 2.390625
7.0 11.21875
8.0 5.9453125
9.0 7.0625
10.0 6.7734375
11.0 6.890625
12.0 5.9375
13.0 6.4453125
14.0 6.421875
15.0 6.5546875
16.0 6.515625
17.0 6.2109375
18.0 6.296875
19.0 2.5234375
20.0 7.515625
21.0 5.75
22.0 5.8125
23.0 6.296875
24.0 6.4375
25.0 6.171875
26.0 6.2578125
27.0 6.0234375
28.0 6.0546875
29.0 2.7421875
30.0 9.6953125
31.0 6.3203125
32.0 5.6015625
33.0 5.9921875
34.0 5.7109375
35.0 5.1875
36.0 5.25
37.0 5.8515625
38.0 6.359375
39.0 5.7890625
40.0 5.5625
41.0 0.8203125
42.0 9.34375
43.0 3.375
44.0 5.796875
45.0 5.75
46.0 5.9921875
47.0 5.046875
48.0 2.7578125
49.0 6.2109375
50.0 5.1875
51.0 4.4296875
52.0 4.4140625
53.0 3.9921875
54.0 4.421875
55.0 4.578125
56.0 4.9921875
57.0 4.875
58.0 4.1875
59.0 3.640625
60.0 1.4765625
61.0 0.765625
62.0 0.0
63.0 5.6171875
64.0 4.7578125
65.0 4.3828125
66.0 3.875
67.0 4.5078125
68.0 4.421875
69.0 3.4296875
70.0 3.1015625
71.0 3.1640625
72.0 3.1328125
73.0 4.625
74.0 3.8515625
75.0 5.1953125
76.0 4.796875
77.0 2.7265625
78.0 7.25
79.0 4.84375
80.0 4.9921875
81.0 5.5
82.0 6.6171875
83.0 6.5
84.0 6.1796875
85.0 5.4609375
86.0 6.0
87.0 4.3515625
88.0 6.3515625
89.0 6.6328125
90.0 5.7890625
91.0 4.4140625
92.0 8.0625
93.0 6.421875
94.0 6.03125
95.0 1.984375
96.0 6.1796875
97.0 5.671875
98.0 5.90625
99.0 6.1484375
100.0 6.1796875
101.0 4.890625
102.0 4.15625
103.0 5.890625
104.0 5.25
105.0 4.515625
106.0 3.7265625
107.0 4.6328125
108.0 5.9140625
109.0 2.546875
110.0 5.3125
111.0 3.5
112.0 3.2265625
113.0 4.5703125
114.0 2.1171875
115.0 8.6171875
116.0 5.2265625
117.0 5.6484375
118.0 5.6171875
119.0 6.0390625
120.0 5.109375
121.0 5.3984375
122.0 5.109375
123.0 5.25
124.0 5.3984375
125.0 5.4921875
126.0 2.984375
127.0 7.5546875
128.0 5.234375
129.0 5.5859375
130.0 4.3671875
131.0 5.9296875
132.0 5.2734375
133.0 6.171875
134.0 6.421875
135.0 6.5625
136.0 6.4375
137.0 2.296875
138.0 10.6796875
139.0 5.4609375
140.0 3.3515625
141.0 3.015625
142.0 2.4765625
143.0 0.0
144.0 8.09375
145.0 3.6953125
146.0 3.3203125
147.0 3.546875
148.0 3.640625
149.0 3.46875
150.0 3.7421875
151.0 1.6796875
152.0 6.765625
153.0 3.8203125
154.0 2.4765625
155.0 2.890625
156.0 3.703125
157.0 3.4921875
158.0 3.609375
159.0 3.7734375
160.0 3.7734375
161.0 1.3125
162.0 6.65625
163.0 4.0078125
164.0 3.078125
165.0 3.7734375
166.0 3.7265625
167.0 4.0078125
168.0 3.8203125
169.0 3.9140625
170.0 4.5703125
171.0 4.28125
172.0 3.796875
173.0 3.828125
174.0 3.546875
175.0 2.7734375
176.0 2.984375
177.0 2.90625
178.0 3.4375
179.0 2.8046875
180.0 3.171875
181.0 4.515625
182.0 3.921875
183.0 4.359375
184.0 3.9453125
185.0 4.03125
186.0 5.046875
187.0 3.921875
188.0 4.0
189.0 3.859375
190.0 3.8203125
191.0 1.828125
192.0 6.9921875
193.0 4.7109375
194.0 5.34375
195.0 5.578125
196.0 5.4921875
197.0 5.0546875
198.0 4.46875
199.0 3.7578125
200.0 5.84375
201.0 5.3359375
202.0 5.234375
203.0 5.75
204.0 6.0234375
205.0 4.28125
206.0 5.5546875
207.0 5.890625
208.0 5.90625
209.0 5.703125
210.0 5.78125
211.0 2.03125
212.0 9.8125
213.0 5.421875
214.0 5.4921875
215.0 2.2734375
216.0 7.109375
217.0 4.421875
218.0 5.171875
219.0 5.6171875
220.0 5.84375
221.0 6.296875
222.0 6.828125
223.0 6.7109375
224.0 6.6484375
225.0 6.4453125
226.0 6.171875
227.0 6.3203125
228.0 6.46875
229.0 5.890625
230.0 6.8828125
231.0 4.6796875
232.0 5.8828125
233.0 6.3515625
234.0 6.265625
235.0 3.90625
236.0 8.703125
237.0 6.78125
238.0 4.796875
239.0 5.671875
240.0 6.515625
241.0 6.40625
242.0 6.5703125
243.0 6.3828125
244.0 6.75
245.0 6.6484375
246.0 5.9140625
247.0 5.484375
248.0 4.03125
249.0 7.5703125
250.0 5.5234375
251.0 5.3125
252.0 5.3984375
253.0 1.8046875
254.0 9.75
255.0 6.3515625
256.0 6.3515625
257.0 5.9296875
258.0 5.234375
259.0 4.5703125
260.0 4.59375
261.0 3.734375
262.0 2.8671875
263.0 2.8125
264.0 3.1953125
265.0 3.0234375
266.0 6.7109375
267.0 5.6484375
268.0 5.859375
269.0 5.4375
270.0 5.453125
271.0 2.8125
272.0 9.625
273.0 6.1796875
274.0 6.3515625
275.0 6.421875
276.0 6.953125
277.0 7.015625
278.0 6.625
279.0 7.4609375
280.0 6.3046875
281.0 5.6484375
282.0 6.2109375
283.0 5.15625
284.0 6.0625
285.0 4.3203125
286.0 6.2109375
287.0 6.203125
288.0 5.21875
289.0 5.8125
290.0 6.515625
291.0 6.6171875
292.0 5.90625
293.0 6.2578125
294.0 5.5546875
295.0 5.671875
296.0 5.90625
297.0 5.5546875
298.0 5.96875
299.0 6.0234375
300.0 6.8359375
301.0 6.078125
302.0 6.71875
303.0 6.421875
304.0 6.5625
305.0 6.9609375
306.0 6.7421875
307.0 2.8984375
308.0 9.7578125
309.0 6.890625
310.0 5.5859375
311.0 5.890625
312.0 5.4921875
313.0 5.96875
314.0 5.90625
315.0 4.859375
316.0 6.1875
317.0 5.2578125
318.0 6.59375
319.0 6.5390625
320.0 6.203125
321.0 6.5
322.0 6.5390625
323.0 2.546875
324.0 8.7734375
325.0 6.4375
326.0 6.53125
327.0 6.484375
328.0 6.4375
329.0 3.25
330.0 10.8203125
331.0 7.125
332.0 6.953125
333.0 7.09375
334.0 7.015625
335.0 6.59375
336.0 6.765625
337.0 6.9453125
338.0 6.8125
339.0 6.6171875
340.0 6.9921875
341.0 6.984375
342.0 6.8671875
343.0 7.140625
344.0 3.7109375
345.0 10.015625
346.0 6.5625
347.0 2.875
348.0 10.0234375
349.0 6.6484375
350.0 6.6796875
351.0 4.6015625
352.0 3.4921875
353.0 3.9765625
354.0 2.3359375
355.0 7.546875
356.0 5.9609375
357.0 4.7421875
358.0 5.0078125
359.0 5.203125
360.0 5.890625
361.0 6.2578125
362.0 6.5859375
363.0 6.4765625
364.0 4.6875
365.0 3.6796875
366.0 3.4296875
367.0 3.5546875
368.0 0.5703125
369.0 7.28125
370.0 6.484375
371.0 3.59375
372.0 5.8203125
373.0 2.984375
374.0 10.0859375
375.0 6.53125
376.0 5.875
377.0 6.15625
378.0 5.3046875
379.0 6.78125
380.0 6.59375
381.0 6.5390625
382.0 6.1875
383.0 4.0703125
384.0 3.9921875
385.0 4.1484375
386.0 5.421875
387.0 5.9296875
388.0 5.6796875
389.0 3.234375
390.0 1.2421875
391.0 0.0
392.0 7.40625
393.0 5.34375
394.0 5.5625
395.0 5.6484375
396.0 6.03125
397.0 5.4375
398.0 4.4453125
399.0 1.8984375
400.0 8.8515625
401.0 5.25
402.0 4.8359375
403.0 0.9921875
404.0 6.390625
405.0 4.1328125
406.0 4.0546875
407.0 4.3671875
408.0 4.1484375
409.0 4.7265625
410.0 4.71875
411.0 2.8203125
412.0 3.9375
413.0 4.5703125
414.0 3.109375
415.0 3.34375
416.0 3.1328125
417.0 2.8125
418.0 1.5390625
419.0 0.0
420.0 6.421875
421.0 2.296875
422.0 4.203125
423.0 4.6015625
424.0 1.890625
425.0 6.4765625
426.0 3.671875
427.0 4.5078125
428.0 3.9375
429.0 4.453125
430.0 3.5
431.0 4.546875
432.0 5.3203125
433.0 5.4375
434.0 5.46875
435.0 5.9453125
436.0 6.1484375
437.0 6.1875
438.0 1.5390625
439.0 10.96875
440.0 5.9140625
441.0 6.296875
442.0 5.578125
443.0 1.8984375
444.0 11.59375
445.0 6.7734375
446.0 6.5078125
447.0 6.4140625
448.0 6.59375
449.0 6.328125
450.0 6.65625
451.0 5.6953125
452.0 6.3515625
453.0 3.3984375
454.0 7.875
455.0 6.3359375
456.0 5.7265625
457.0 6.0234375
458.0 6.1171875
459.0 6.2734375
460.0 5.9296875
461.0 6.109375
462.0 5.671875
463.0 5.890625
464.0 5.53125
465.0 5.5859375
466.0 5.546875
467.0 5.7265625
468.0 6.1484375
469.0 5.9375
470.0 2.1953125
471.0 10.0703125
472.0 6.4140625
473.0 6.3203125
474.0 6.4765625
475.0 5.6796875
476.0 5.8125
477.0 5.7890625
478.0 5.703125
479.0 6.109375
480.0 6.53125
481.0 4.9296875
482.0 5.375
483.0 5.6015625
484.0 6.0625
485.0 5.84375
486.0 3.5859375
487.0 8.421875
488.0 5.7890625
489.0 6.2421875
490.0 5.46875
491.0 6.3828125
492.0 5.8515625
493.0 5.7890625
494.0 6.15625
495.0 6.171875
496.0 6.078125
497.0 5.6953125
498.0 5.84375
499.0 2.8515625
500.0 8.328125
501.0 6.15625
502.0 5.7109375
503.0 5.90625
504.0 5.75
505.0 5.3125
506.0 5.515625
507.0 5.8515625
508.0 5.1640625
509.0 5.7890625
510.0 5.3046875
511.0 5.859375
512.0 4.8671875
513.0 5.453125
514.0 5.7265625
515.0 6.4765625
516.0 6.6484375
517.0 5.0390625
518.0 6.3515625
519.0 4.8359375
520.0 4.8046875
521.0 6.2109375
522.0 6.1796875
523.0 6.3359375
524.0 6.3671875
525.0 6.4140625
526.0 2.3046875
527.0 8.265625
528.0 9.609375
529.0 6.1875
530.0 5.046875
531.0 5.3515625
532.0 6.5703125
533.0 5.6171875
534.0 5.46875
535.0 5.5859375
536.0 6.3671875
537.0 6.5078125
538.0 5.5546875
539.0 6.03125
540.0 5.7109375
541.0 6.3671875
542.0 5.859375
543.0 5.734375
544.0 5.34375
545.0 6.53125
546.0 5.515625
547.0 5.6640625
548.0 6.203125
549.0 6.828125
550.0 6.2421875
551.0 6.1484375
552.0 6.0546875
553.0 6.796875
554.0 6.265625
555.0 7.3046875
556.0 6.796875
557.0 5.484375
558.0 7.2265625
559.0 5.6953125
560.0 1.640625
561.0 7.7265625
562.0 5.8515625
563.0 6.4453125
564.0 6.2578125
565.0 1.625
566.0 8.96875
567.0 6.40625
568.0 5.6953125
569.0 5.6796875
570.0 6.1484375
571.0 5.1875
572.0 4.7109375
573.0 4.859375
574.0 4.984375
575.0 4.75
576.0 4.75
577.0 5.7109375
578.0 5.3359375
579.0 5.8203125
580.0 5.6171875
581.0 5.484375
582.0 5.796875
583.0 6.0078125
584.0 2.5703125
585.0 6.3671875
586.0 9.5234375
587.0 6.2734375
588.0 6.390625
589.0 6.6640625
590.0 6.84375
591.0 6.6015625
592.0 6.1171875
593.0 6.4453125
594.0 6.9453125
595.0 6.390625
596.0 7.484375
597.0 5.28125
598.0 6.765625
599.0 6.09375
