0.0 4.4453125
1.0 4.8125
2.0 2.9609375
3.0 8.1953125
4.0 5.1953125
5.0 4.53125
6.0 4.9453125
7.0 5.125
8.0 3.1953125
9.0 7.46875
10.0 5.421875
11.0 5.4296875
12.0 5.640625
13.0 6.109375
14.0 5.890625
15.0 6.6171875
16.0 6.3828125
17.0 6.1484375
18.0 5.6171875
19.0 6.078125
20.0 3.96875
21.0 7.125
22.0 6.0390625
23.0 5.1328125
24.0 3.890625
25.0 6.9765625
26.0 5.3359375
27.0 5.140625
28.0 5.046875
29.0 4.7734375
30.0 4.8359375
31.0 3.84375
32.0 4.3046875
33.0 5.75
34.0 4.8359375
35.0 6.296875
36.0 6.3671875
37.0 6.0390625
38.0 6.515625
39.0 6.6171875
40.0 6.46875
41.0 6.484375
42.0 4.71875
43.0 8.4375
44.0 6.8359375
45.0 5.6328125
46.0 3.9921875
47.0 5.4921875
48.0 3.9921875
49.0 6.53125
50.0 4.8125
51.0 5.5
52.0 4.6796875
53.0 7.75
54.0 4.890625
55.0 3.0703125
56.0 7.09375
57.0 5.3046875
58.0 5.1875
59.0 4.90625
60.0 4.21875
61.0 4.7578125
62.0 4.0
63.0 6.5625
64.0 6.6484375
65.0 6.5859375
66.0 6.1484375
67.0 5.7890625
68.0 5.078125
69.0 4.921875
70.0 5.453125
71.0 5.96875
72.0 5.9375
73.0 5.6796875
74.0 6.6796875
75.0 6.8125
76.0 5.5859375
77.0 7.6015625
78.0 5.4375
79.0 5.78125
80.0 5.7109375
81.0 6.359375
82.0 5.7578125
83.0 4.3984375
84.0 4.921875
85.0 7.21875
86.0 5.4921875
87.0 6.125
88.0 6.40625
89.0 6.7421875
90.0 6.6171875
91.0 7.03125
92.0 6.8125
93.0 6.2421875
94.0 5.3203125
95.0 3.9375
96.0 5.5
97.0 6.359375
98.0 6.328125
99.0 0.2734375
100.0 9.9921875
101.0 5.2734375
102.0 4.7265625
103.0 5.421875
104.0 0.6953125
105.0 10.4140625
106.0 5.2265625
107.0 4.796875
108.0 5.2265625
109.0 5.46875
110.0 4.6875
111.0 4.75
112.0 4.7578125
113.0 4.546875
114.0 4.6875
115.0 4.4765625
116.0 2.5234375
117.0 6.5625
118.0 4.75
119.0 4.6953125
120.0 2.1640625
121.0 0.015625
122.0 5.3828125
123.0 5.0390625
124.0 5.046875
125.0 5.15625
126.0 5.3359375
127.0 5.0390625
128.0 4.6796875
129.0 4.6953125
130.0 4.8671875
131.0 5.3359375
132.0 5.3125
133.0 5.5546875
134.0 5.703125
135.0 5.6015625
136.0 0.8203125
137.0 9.15625
138.0 3.6953125
139.0 6.140625
140.0 4.921875
141.0 5.6484375
142.0 5.4921875
143.0 5.0859375
144.0 4.8046875
145.0 4.90625
146.0 4.2421875
147.0 2.625
148.0 0.90625
149.0 5.5546875
150.0 3.796875
151.0 1.71875
152.0 1.34375
153.0 1.375
154.0 1.7421875
155.0 2.8671875
156.0 3.3984375
157.0 4.3984375
158.0 4.296875
159.0 2.84375
160.0 2.5390625
161.0 2.390625
162.0 3.7578125
163.0 4.796875
164.0 0.8515625
165.0 8.7734375
166.0 2.4296875
167.0 1.296875
168.0 7.1953125
169.0 4.828125
170.0 3.3515625
171.0 5.6796875
172.0 5.515625
173.0 5.3203125
174.0 4.5390625
175.0 1.8515625
176.0 1.765625
177.0 1.859375
178.0 2.5078125
179.0 4.90625
180.0 6.6875
181.0 6.4453125
182.0 5.2578125
183.0 8.5390625
184.0 6.0
185.0 4.7109375
186.0 5.46875
187.0 2.8515625
188.0 2.1328125
189.0 3.1484375
190.0 3.265625
191.0 4.1328125
192.0 6.0234375
193.0 5.5546875
194.0 5.3203125
195.0 4.828125
196.0 4.90625
197.0 1.28125
198.0 8.953125
199.0 4.921875
200.0 4.625
201.0 2.7109375
202.0 7.4609375
203.0 5.8203125
204.0 5.1328125
205.0 4.2109375
206.0 2.9921875
207.0 4.390625
208.0 4.25
209.0 5.234375
210.0 3.0859375
211.0 2.9609375
212.0 3.0859375
213.0 3.34375
214.0 1.359375
215.0 5.1640625
216.0 4.28125
217.0 5.3828125
218.0 5.3671875
219.0 5.0859375
220.0 5.1015625
221.0 3.265625
222.0 0.2265625
223.0 6.796875
224.0 4.3828125
225.0 5.3203125
226.0 5.2265625
227.0 5.2890625
228.0 5.1875
229.0 5.546875
230.0 5.0859375
231.0 5.4921875
232.0 5.1328125
233.0 4.9765625
234.0 4.953125
235.0 5.0859375
236.0 4.7109375
237.0 0.0
238.0 9.5703125
239.0 4.59375
240.0 2.296875
241.0 0.0
242.0 0.0
243.0 7.96875
244.0 4.53125
245.0 5.171875
246.0 4.9921875
247.0 4.4453125
248.0 4.28125
249.0 4.4296875
250.0 5.109375
251.0 5.3828125
252.0 5.671875
253.0 5.796875
254.0 5.671875
255.0 5.578125
256.0 1.8984375
257.0 0.765625
258.0 8.0
259.0 3.3203125
260.0 3.578125
261.0 2.9375
262.0 0.0
263.0 8.46875
264.0 3.890625
265.0 3.328125
266.0 3.5625
267.0 2.8203125
268.0 3.40625
269.0 3.7265625
270.0 3.7109375
271.0 4.28125
272.0 2.71875
273.0 0.0
274.0 7.125
275.0 1.265625
276.0 4.5625
277.0 3.328125
278.0 3.3125
279.0 3.34375
280.0 3.59375
281.0 5.140625
282.0 3.171875
283.0 1.6484375
284.0 3.1484375
285.0 3.7734375
286.0 2.4609375
287.0 4.0625
288.0 3.4140625
289.0 3.4296875
290.0 3.7421875
291.0 4.3203125
292.0 3.375
293.0 3.34375
294.0 3.21875
295.0 3.546875
296.0 3.1640625
297.0 3.875
298.0 3.890625
299.0 2.9609375
300.0 2.4609375
301.0 3.265625
302.0 0.765625
303.0 8.7734375
304.0 5.1875
305.0 4.796875
306.0 4.578125
307.0 2.015625
308.0 0.0
309.0 0.0
310.0 6.5703125
311.0 2.609375
312.0 2.4765625
313.0 4.0234375
314.0 1.625
315.0 1.8203125
316.0 0.78125
317.0 1.5859375
318.0 2.7265625
319.0 2.4453125
320.0 2.28125
321.0 2.234375
322.0 1.53125
323.0 0.0
324.0 7.9453125
325.0 3.6796875
326.0 3.1640625
327.0 3.3671875
328.0 3.4375
329.0 3.046875
330.0 1.109375
331.0 5.15625
332.0 3.28125
333.0 3.3984375
334.0 3.3828125
335.0 3.328125
336.0 3.015625
337.0 2.9609375
338.0 1.890625
339.0 0.8984375
340.0 1.015625
341.0 2.6953125
342.0 2.9296875
343.0 0.5390625
344.0 5.9765625
345.0 3.1953125
346.0 3.2578125
347.0 3.28125
348.0 3.3984375
349.0 3.203125
350.0 3.3125
351.0 0.359375
352.0 6.3515625
353.0 4.0625
354.0 5.1328125
355.0 5.8125
356.0 3.8046875
357.0 3.3984375
358.0 3.546875
359.0 3.625
360.0 3.3125
361.0 2.96875
362.0 4.265625
363.0 3.5625
364.0 3.3671875
365.0 3.4453125
366.0 3.375
367.0 3.234375
368.0 3.203125
369.0 3.4375
370.0 2.1171875
371.0 1.6171875
372.0 1.1796875
373.0 3.0
374.0 2.6875
375.0 1.4453125
376.0 0.0
377.0 6.2421875
378.0 3.3828125
379.0 3.34375
380.0 3.96875
381.0 3.65625
382.0 3.6953125
383.0 0.0
384.0 7.90625
385.0 2.6953125
386.0 3.4453125
387.0 3.8203125
388.0 6.3359375
389.0 5.84375
390.0 5.6015625
391.0 3.96875
392.0 7.015625
393.0 5.515625
394.0 1.4140625
395.0 8.34375
396.0 5.1875
397.0 4.8984375
398.0 5.1953125
399.0 5.1328125
400.0 5.4375
401.0 5.4375
402.0 5.3046875
403.0 7.140625
404.0 6.125
405.0 5.4375
406.0 6.8359375
407.0 3.4375
408.0 0.6171875
409.0 9.0
410.0 6.84375
411.0 6.5625
412.0 4.7109375
413.0 3.9765625
414.0 2.09375
415.0 0.8828125
416.0 8.0546875
417.0 3.4765625
418.0 3.1484375
419.0 5.3359375
420.0 5.203125
421.0 3.546875
422.0 0.84375
423.0 6.40625
424.0 3.203125
425.0 3.4765625
426.0 3.1484375
427.0 3.7421875
428.0 3.59375
429.0 3.1640625
430.0 0.96875
431.0 5.8125
432.0 3.578125
433.0 3.21875
434.0 3.3671875
435.0 3.3984375
436.0 3.0703125
437.0 3.4296875
438.0 4.1328125
439.0 3.203125
440.0 3.3125
441.0 3.9140625
442.0 3.21875
443.0 3.078125
444.0 3.21875
445.0 0.6953125
446.0 5.578125
447.0 2.9296875
448.0 3.6796875
449.0 6.4375
450.0 7.2421875
451.0 7.3046875
452.0 7.25
453.0 7.015625
454.0 2.71875
455.0 10.7578125
456.0 6.125
457.0 3.6484375
458.0 3.1171875
459.0 3.203125
460.0 3.3984375
461.0 3.6796875
462.0 3.546875
463.0 5.78125
464.0 5.7890625
465.0 6.9765625
466.0 7.109375
467.0 2.546875
468.0 11.59375
469.0 7.03125
470.0 7.5078125
471.0 7.21875
472.0 7.1953125
473.0 6.828125
474.0 5.5
475.0 7.8671875
476.0 6.8046875
477.0 6.75
478.0 7.2265625
479.0 6.984375
480.0 6.6484375
481.0 6.7734375
482.0 6.3828125
483.0 6.5625
484.0 7.1640625
485.0 6.5390625
486.0 6.53125
487.0 7.1015625
488.0 6.703125
489.0 7.0078125
490.0 7.375
491.0 7.078125
492.0 5.3515625
493.0 8.1640625
494.0 7.046875
495.0 6.8671875
496.0 7.015625
497.0 7.1015625
498.0 6.9140625
499.0 6.6015625
500.0 6.796875
501.0 6.9765625
502.0 7.21875
503.0 7.09375
504.0 5.640625
505.0 8.09375
506.0 6.484375
507.0 6.3671875
508.0 6.4765625
509.0 6.3671875
510.0 4.78125
511.0 8.40625
512.0 6.6875
513.0 6.734375
514.0 6.921875
515.0 7.390625
516.0 7.3671875
517.0 7.515625
518.0 7.2890625
519.0 6.8125
520.0 6.3203125
521.0 7.1640625
522.0 6.953125
523.0 2.8046875
524.0 12.0546875
525.0 7.2421875
526.0 4.59375
527.0 4.6640625
528.0 6.453125
529.0 7.2578125
530.0 7.9296875
531.0 6.46875
532.0 4.4453125
533.0 7.71875
534.0 7.1796875
535.0 6.8671875
536.0 7.34375
537.0 6.0546875
538.0 4.7265625
539.0 7.5078125
540.0 7.109375
541.0 6.6484375
542.0 7.3046875
543.0 7.3359375
544.0 7.2890625
545.0 7.4375
546.0 7.3984375
547.0 7.1953125
548.0 7.8203125
549.0 7.5390625
550.0 5.875
551.0 9.4765625
552.0 7.2734375
553.0 7.2578125
554.0 6.9765625
555.0 7.0703125
556.0 6.5859375
557.0 7.2734375
558.0 7.2734375
559.0 7.359375
560.0 5.703125
561.0 8.6015625
562.0 5.1640625
563.0 6.71875
564.0 4.453125
565.0 4.578125
566.0 5.84375
567.0 6.5703125
568.0 6.3671875
569.0 6.359375
570.0 5.15625
571.0 5.9921875
572.0 4.9296875
573.0 4.75
574.0 4.3984375
575.0 4.515625
576.0 5.828125
577.0 6.3359375
578.0 6.3046875
579.0 6.40625
580.0 6.5546875
581.0 6.6640625
582.0 6.4140625
583.0 6.0625
584.0 6.4375
585.0 5.1640625
586.0 5.0703125
587.0 5.5
588.0 3.0703125
589.0 5.046875
590.0 7.6640625
591.0 7.28125
592.0 7.484375
593.0 7.21875
594.0 7.390625
595.0 7.4921875
596.0 5.6640625
597.0 9.1328125
598.0 7.765625
599.0 7.375
