0.0 4.390625
1.0 4.4296875
2.0 4.3046875
3.0 4.3203125
4.0 4.3828125
5.0 4.1796875
6.0 1.140625
7.0 7.3984375
8.0 4.3203125
9.0 4.203125
10.0 4.5078125
11.0 1.3203125
12.0 7.3203125
13.0 4.3828125
14.0 4.171875
15.0 4.328125
16.0 4.3515625
17.0 4.1875
18.0 3.109375
19.0 5.53125
20.0 4.2734375
21.0 4.2421875
22.0 4.1796875
23.0 4.0859375
24.0 4.171875
25.0 4.515625
26.0 4.0625
27.0 4.265625
28.0 4.25
29.0 4.2421875
30.0 2.4609375
31.0 6.203125
32.0 4.1796875
33.0 4.25
34.0 4.1796875
35.0 4.2109375
36.0 2.15625
37.0 6.140625
38.0 1.9453125
39.0 6.40625
40.0 3.0234375
41.0 5.0390625
42.0 2.9921875
43.0 5.21875
44.0 3.828125
45.0 3.671875
46.0 4.09375
47.0 3.9375
48.0 3.234375
49.0 3.59375
50.0 4.0234375
51.0 3.765625
52.0 4.0625
53.0 4.15625
54.0 4.1796875
55.0 3.875
56.0 1.234375
57.0 7.2890625
58.0 4.0703125
59.0 2.484375
60.0 6.140625
61.0 4.1484375
62.0 4.0625
63.0 4.1171875
64.0 4.234375
65.0 3.9765625
66.0 4.3359375
67.0 4.3359375
68.0 4.296875
69.0 4.1796875
70.0 4.0
71.0 4.1015625
72.0 4.2734375
73.0 4.0546875
74.0 0.1875
75.0 8.421875
76.0 4.1484375
77.0 4.265625
78.0 4.15625
79.0 2.546875
80.0 5.7265625
81.0 4.265625
82.0 4.0078125
83.0 4.125
84.0 4.0859375
85.0 4.1484375
86.0 4.0234375
87.0 4.0234375
88.0 4.0703125
89.0 4.1328125
90.0 4.3671875
91.0 4.28125
92.0 4.2109375
93.0 2.375
94.0 6.203125
95.0 4.3203125
96.0 4.296875
97.0 4.2734375
98.0 4.203125
99.0 2.1953125
100.0 6.3671875
101.0 4.46875
102.0 4.0625
103.0 4.0390625
104.0 4.28125
105.0 4.203125
106.0 2.2109375
107.0 6.2578125
108.0 4.234375
109.0 4.296875
110.0 4.21875
111.0 4.125
112.0 4.3828125
113.0 4.2734375
114.0 4.3359375
115.0 4.3515625
116.0 4.359375
117.0 4.390625
118.0 4.4296875
119.0 4.3671875
120.0 4.3671875
121.0 0.1875
122.0 8.625
123.0 4.390625
124.0 4.3359375
125.0 4.28125
126.0 1.3515625
127.0 7.4609375
128.0 4.3359375
129.0 4.390625
130.0 1.5546875
131.0 7.25
132.0 4.4296875
133.0 4.390625
134.0 4.625
135.0 4.5078125
136.0 4.359375
137.0 4.2421875
138.0 3.3515625
139.0 5.3828125
140.0 4.3046875
141.0 4.3984375
142.0 4.21875
143.0 4.4453125
144.0 3.3671875
145.0 5.6171875
146.0 3.2890625
147.0 5.015625
148.0 3.9453125
149.0 4.3828125
150.0 4.1328125
151.0 3.96875
152.0 3.8046875
153.0 4.296875
154.0 3.40625
155.0 4.484375
156.0 3.328125
157.0 3.7421875
158.0 3.8203125
159.0 4.234375
160.0 3.9375
161.0 3.9453125
162.0 3.8203125
163.0 3.3671875
164.0 3.84375
165.0 4.484375
166.0 4.390625
167.0 4.328125
168.0 3.5
169.0 5.1015625
170.0 4.3515625
171.0 4.2734375
172.0 4.296875
173.0 3.7734375
174.0 5.1328125
175.0 4.4140625
176.0 4.3828125
177.0 4.0625
178.0 4.203125
179.0 4.265625
180.0 4.3359375
181.0 4.359375
182.0 4.328125
183.0 4.21875
184.0 4.25
185.0 4.359375
186.0 4.296875
187.0 3.7265625
188.0 0.2578125
189.0 8.9375
190.0 4.1875
191.0 4.0703125
192.0 0.78125
193.0 7.9140625
194.0 4.3359375
195.0 4.2734375
196.0 4.3671875
197.0 4.390625
198.0 4.15625
199.0 4.3671875
200.0 4.265625
201.0 4.328125
202.0 4.296875
203.0 4.21875
204.0 4.2421875
205.0 4.2109375
206.0 4.359375
207.0 4.234375
208.0 4.3359375
209.0 4.2421875
210.0 4.21875
211.0 2.09375
212.0 6.5625
213.0 4.3359375
214.0 4.2421875
215.0 4.171875
216.0 4.296875
217.0 3.078125
218.0 5.671875
219.0 4.171875
220.0 4.125
221.0 4.1484375
222.0 4.265625
223.0 4.2421875
224.0 4.2734375
225.0 4.0703125
226.0 4.0625
227.0 4.15625
228.0 4.0859375
229.0 4.1796875
230.0 1.078125
231.0 7.546875
232.0 4.1875
233.0 4.2421875
234.0 4.0625
235.0 3.9375
236.0 4.1015625
237.0 4.2421875
238.0 4.2421875
239.0 4.296875
240.0 4.203125
241.0 4.1328125
242.0 1.9375
243.0 6.71875
244.0 1.59375
245.0 6.9453125
246.0 4.1484375
247.0 4.3203125
248.0 4.2421875
249.0 4.21875
250.0 4.2734375
251.0 4.0390625
252.0 4.0703125
253.0 4.0234375
254.0 4.234375
255.0 4.4140625
256.0 4.15625
257.0 4.1484375
258.0 3.078125
259.0 5.2265625
260.0 2.8984375
261.0 5.6171875
262.0 4.3984375
263.0 4.4765625
264.0 4.3515625
265.0 4.15625
266.0 4.1328125
267.0 4.1015625
268.0 4.1015625
269.0 4.359375
270.0 4.1875
271.0 4.171875
272.0 3.2265625
273.0 5.6484375
274.0 3.34375
275.0 5.0703125
276.0 2.65625
277.0 4.3828125
278.0 3.859375
279.0 3.625
280.0 3.4765625
281.0 3.3671875
282.0 3.9765625
283.0 3.796875
284.0 3.9921875
285.0 3.8515625
286.0 3.890625
287.0 4.328125
288.0 4.1875
289.0 4.328125
290.0 4.328125
291.0 0.65625
292.0 7.875
293.0 4.15625
294.0 4.09375
295.0 4.25
296.0 4.3359375
297.0 0.15625
298.0 8.6171875
299.0 4.421875
300.0 4.296875
301.0 4.1875
302.0 4.390625
303.0 4.4140625
304.0 3.3515625
305.0 5.609375
306.0 4.46875
307.0 4.3359375
308.0 4.328125
309.0 4.25
310.0 4.359375
311.0 4.3671875
312.0 4.3671875
313.0 4.5078125
314.0 4.4453125
315.0 4.359375
316.0 4.234375
317.0 4.3828125
318.0 4.453125
319.0 2.296875
320.0 6.6484375
321.0 4.15625
322.0 4.453125
323.0 4.3671875
324.0 4.265625
325.0 0.15625
326.0 8.7421875
327.0 4.3671875
328.0 4.4140625
329.0 4.5390625
330.0 4.359375
331.0 4.3203125
332.0 4.3828125
333.0 4.4296875
334.0 4.2734375
335.0 4.2734375
336.0 3.109375
337.0 5.4921875
338.0 4.421875
339.0 4.390625
340.0 4.421875
341.0 4.359375
342.0 4.3046875
343.0 4.21875
344.0 4.265625
345.0 4.3828125
346.0 4.2109375
347.0 1.3515625
348.0 7.140625
349.0 4.1171875
350.0 4.2734375
351.0 4.2109375
352.0 4.1875
353.0 4.1796875
354.0 4.25
355.0 4.234375
356.0 4.3203125
357.0 4.25
358.0 4.234375
359.0 4.1171875
360.0 4.28125
361.0 0.7578125
362.0 7.9375
363.0 4.359375
364.0 4.28125
365.0 4.203125
366.0 4.25
367.0 1.4140625
368.0 7.0078125
369.0 4.203125
370.0 4.03125
371.0 4.21875
372.0 4.46875
373.0 4.3515625
374.0 4.1875
375.0 4.234375
376.0 3.9765625
377.0 4.1796875
378.0 4.21875
379.0 4.21875
380.0 4.2421875
381.0 0.3125
382.0 7.9140625
383.0 4.234375
384.0 4.171875
385.0 4.0859375
386.0 4.1484375
387.0 0.2265625
388.0 8.09375
389.0 4.296875
390.0 4.171875
391.0 4.0390625
392.0 4.1171875
393.0 4.0390625
394.0 4.2421875
395.0 4.1484375
396.0 4.03125
397.0 4.1875
398.0 4.03125
399.0 4.0390625
400.0 2.1875
401.0 5.9296875
402.0 3.109375
403.0 4.953125
404.0 2.9609375
405.0 5.0078125
406.0 3.7890625
407.0 3.90625
408.0 3.9140625
409.0 3.765625
410.0 2.96875
411.0 4.6875
412.0 3.84375
413.0 3.7578125
414.0 3.9765625
415.0 3.90625
416.0 3.1640625
417.0 4.9765625
418.0 3.875
419.0 3.703125
420.0 3.0703125
421.0 4.9765625
422.0 3.921875
423.0 3.609375
424.0 3.9453125
425.0 3.5546875
426.0 3.953125
427.0 3.9375
428.0 3.7578125
429.0 4.09375
430.0 3.9921875
431.0 4.0625
432.0 4.171875
433.0 4.15625
434.0 3.1796875
435.0 5.2265625
436.0 3.3203125
437.0 5.015625
438.0 3.3203125
439.0 5.1875
440.0 4.0390625
441.0 4.234375
442.0 4.03125
443.0 4.1015625
444.0 4.1484375
445.0 4.15625
446.0 4.328125
447.0 4.3359375
448.0 4.2734375
449.0 4.0703125
450.0 4.21875
451.0 4.1796875
452.0 4.09375
453.0 2.234375
454.0 6.203125
455.0 4.3046875
456.0 4.21875
457.0 4.1875
458.0 4.296875
459.0 1.3203125
460.0 7.140625
461.0 4.203125
462.0 4.3671875
463.0 4.296875
464.0 4.2421875
465.0 4.125
466.0 4.28125
467.0 4.234375
468.0 4.3203125
469.0 4.4140625
470.0 4.359375
471.0 4.2734375
472.0 4.3828125
473.0 1.8984375
474.0 6.765625
475.0 4.3671875
476.0 4.484375
477.0 4.234375
478.0 1.765625
479.0 7.0390625
480.0 4.3046875
481.0 2.3125
482.0 6.3828125
483.0 4.2734375
484.0 4.28125
485.0 4.453125
486.0 4.390625
487.0 4.3984375
488.0 4.3203125
489.0 4.3046875
490.0 4.171875
491.0 4.359375
492.0 4.1796875
493.0 4.3046875
494.0 4.3671875
495.0 4.1796875
496.0 1.7578125
497.0 6.9296875
498.0 4.46875
499.0 4.3515625
500.0 4.265625
501.0 0.0703125
502.0 8.625
503.0 4.3359375
504.0 4.2421875
505.0 4.359375
506.0 4.3359375
507.0 4.1171875
508.0 4.265625
509.0 4.2734375
510.0 4.296875
511.0 4.453125
512.0 4.3359375
513.0 4.203125
514.0 1.53125
515.0 6.8828125
516.0 4.453125
517.0 4.265625
518.0 4.4453125
519.0 4.421875
520.0 4.296875
521.0 0.21875
522.0 8.4609375
523.0 4.15625
524.0 4.2421875
525.0 4.2734375
526.0 4.3984375
527.0 4.546875
528.0 4.328125
529.0 4.3671875
530.0 4.21875
531.0 4.3515625
532.0 4.3203125
533.0 4.421875
534.0 0.1640625
535.0 8.5546875
536.0 3.578125
537.0 5.25
538.0 3.4765625
539.0 5.3828125
540.0 4.1171875
541.0 4.3359375
542.0 4.4296875
543.0 4.2734375
544.0 3.4140625
545.0 4.8984375
546.0 3.953125
547.0 4.1796875
548.0 4.3984375
549.0 4.1171875
550.0 4.234375
551.0 4.25
552.0 4.2734375
553.0 4.3828125
554.0 3.4375
555.0 5.3359375
556.0 4.3203125
557.0 4.1015625
558.0 4.234375
559.0 4.3515625
560.0 4.46875
561.0 4.4765625
562.0 4.3671875
563.0 4.4140625
564.0 4.25
565.0 4.3671875
566.0 4.5
567.0 4.234375
568.0 4.2734375
569.0 4.4296875
570.0 4.515625
571.0 4.421875
572.0 4.3203125
573.0 4.3671875
574.0 4.359375
575.0 4.46875
576.0 4.3203125
577.0 4.546875
578.0 4.515625
579.0 4.2421875
580.0 4.3671875
581.0 1.7421875
582.0 6.921875
583.0 4.3671875
584.0 4.46875
585.0 4.5078125
586.0 4.3671875
587.0 4.28125
588.0 4.296875
589.0 4.421875
590.0 4.3984375
591.0 4.328125
592.0 4.4140625
593.0 4.390625
594.0 3.9765625
595.0 0.1796875
596.0 8.8984375
597.0 4.46875
598.0 4.203125
599.0 4.4296875
