0.0 4.7734375
1.0 4.828125
2.0 4.828125
3.0 4.7109375
4.0 4.9296875
5.0 5.1015625
6.0 5.109375
7.0 4.9609375
8.0 4.84375
9.0 4.7109375
10.0 4.03125
11.0 0.5859375
12.0 8.71875
13.0 4.2421875
14.0 3.859375
15.0 3.9140625
16.0 0.3671875
17.0 8.5234375
18.0 4.359375
19.0 4.5
20.0 4.6328125
21.0 4.6015625
22.0 4.328125
23.0 4.25
24.0 4.1796875
25.0 4.1328125
26.0 4.328125
27.0 4.3828125
28.0 0.46875
29.0 7.2109375
30.0 3.90625
31.0 4.171875
32.0 4.421875
33.0 4.3515625
34.0 3.4765625
35.0 0.9140625
36.0 6.2890625
37.0 3.703125
38.0 4.453125
39.0 4.78125
40.0 4.5703125
41.0 4.3203125
42.0 4.3203125
43.0 4.1015625
44.0 4.1796875
45.0 4.7421875
46.0 4.203125
47.0 3.9375
48.0 0.109375
49.0 8.1796875
50.0 4.21875
51.0 4.3046875
52.0 4.09375
53.0 4.1796875
54.0 4.03125
55.0 0.9375
56.0 6.9296875
57.0 3.859375
58.0 4.7109375
59.0 2.328125
60.0 6.4453125
61.0 4.359375
62.0 4.2734375
63.0 4.0625
64.0 3.4921875
65.0 4.421875
66.0 4.796875
67.0 4.84375
68.0 4.4453125
69.0 4.7421875
70.0 4.6484375
71.0 4.53125
72.0 4.875
73.0 1.671875
74.0 7.3671875
75.0 4.8359375
76.0 4.78125
77.0 3.3984375
78.0 5.109375
79.0 4.71875
80.0 4.7265625
81.0 4.3515625
82.0 4.1015625
83.0 4.390625
84.0 4.796875
85.0 4.5625
86.0 4.890625
87.0 4.8671875
88.0 4.7109375
89.0 4.7734375
90.0 3.6484375
91.0 0.7890625
92.0 8.9765625
93.0 5.203125
94.0 5.3515625
95.0 2.7890625
96.0 7.0390625
97.0 4.578125
98.0 3.9921875
99.0 4.6875
100.0 5.4921875
101.0 5.4609375
102.0 5.4921875
103.0 5.3984375
104.0 5.3125
105.0 5.203125
106.0 5.15625
107.0 4.1171875
108.0 1.0546875
109.0 8.0
110.0 4.6953125
111.0 4.53125
112.0 3.9765625
113.0 2.75
114.0 5.203125
115.0 4.3203125
116.0 4.03125
117.0 4.0078125
118.0 3.5859375
119.0 4.15625
120.0 4.390625
121.0 4.265625
122.0 4.328125
123.0 4.15625
124.0 3.796875
125.0 1.09375
126.0 5.7109375
127.0 4.234375
128.0 4.59375
129.0 4.6484375
130.0 4.203125
131.0 2.7109375
132.0 5.8828125
133.0 4.1171875
134.0 3.5
135.0 3.8828125
136.0 3.703125
137.0 3.7578125
138.0 3.0546875
139.0 3.671875
140.0 4.265625
141.0 4.859375
142.0 4.7109375
143.0 4.265625
144.0 4.0625
145.0 0.0
146.0 9.3984375
147.0 4.359375
148.0 3.7421875
149.0 4.3203125
150.0 0.28125
151.0 8.078125
152.0 3.859375
153.0 4.296875
154.0 4.8125
155.0 4.9609375
156.0 4.7421875
157.0 4.7421875
158.0 4.578125
159.0 4.6796875
160.0 4.6484375
161.0 4.5390625
162.0 3.921875
163.0 0.765625
164.0 7.5078125
165.0 3.671875
166.0 2.4609375
167.0 5.5546875
168.0 4.1875
169.0 4.0859375
170.0 4.453125
171.0 4.8984375
172.0 4.6015625
173.0 4.265625
174.0 4.3515625
175.0 4.4140625
176.0 4.46875
177.0 4.6484375
178.0 4.8046875
179.0 4.984375
180.0 1.8671875
181.0 7.4921875
182.0 4.4140625
183.0 3.25
184.0 6.453125
185.0 5.078125
186.0 5.0859375
187.0 4.8125
188.0 4.9765625
189.0 1.2265625
190.0 8.53125
191.0 4.4453125
192.0 4.359375
193.0 3.875
194.0 4.359375
195.0 4.828125
196.0 4.8984375
197.0 4.921875
198.0 4.7578125
199.0 4.1484375
200.0 4.6640625
201.0 5.078125
202.0 4.5625
203.0 5.5546875
204.0 5.125
205.0 5.0546875
206.0 4.8984375
207.0 4.5390625
208.0 5.4921875
209.0 5.078125
210.0 5.15625
211.0 4.921875
212.0 4.8046875
213.0 4.9765625
214.0 4.9765625
215.0 4.875
216.0 4.625
217.0 4.9296875
218.0 4.8359375
219.0 4.78125
220.0 0.8359375
221.0 8.9453125
222.0 5.046875
223.0 4.7578125
224.0 5.0390625
225.0 4.9296875
226.0 1.71875
227.0 7.7890625
228.0 4.8359375
229.0 4.7265625
230.0 5.046875
231.0 4.9453125
232.0 4.875
233.0 4.7265625
234.0 4.7265625
235.0 4.8046875
236.0 4.6953125
237.0 4.6328125
238.0 5.046875
239.0 2.015625
240.0 7.6171875
241.0 4.84375
242.0 4.65625
243.0 3.2265625
244.0 5.6171875
245.0 2.4296875
246.0 2.5703125
247.0 4.6796875
248.0 5.046875
249.0 4.9765625
250.0 4.953125
251.0 3.46875
252.0 5.6796875
253.0 4.15625
254.0 4.578125
255.0 4.5625
256.0 1.9140625
257.0 7.484375
258.0 4.421875
259.0 4.484375
260.0 3.7890625
261.0 2.5234375
262.0 4.03125
263.0 3.875
264.0 4.125
265.0 4.234375
266.0 4.8046875
267.0 4.8125
268.0 5.3359375
269.0 2.375
270.0 7.8671875
271.0 5.0390625
272.0 5.0859375
273.0 3.3984375
274.0 6.78125
275.0 5.28125
276.0 5.21875
277.0 4.9765625
278.0 4.625
279.0 4.796875
280.0 4.8125
281.0 4.90625
282.0 4.7421875
283.0 4.9296875
284.0 4.8125
285.0 3.1953125
286.0 0.0
287.0 6.296875
288.0 1.0546875
289.0 1.9765625
290.0 4.390625
291.0 2.984375
292.0 4.3359375
293.0 4.4453125
294.0 4.53125
295.0 4.71875
296.0 2.296875
297.0 5.828125
298.0 6.171875
299.0 4.3671875
300.0 4.6640625
301.0 4.7421875
302.0 4.0234375
303.0 3.3828125
304.0 2.6953125
305.0 3.2890625
306.0 3.734375
307.0 3.796875
308.0 3.9453125
309.0 4.1328125
310.0 4.25
311.0 3.53125
312.0 0.6171875
313.0 8.796875
314.0 3.7265625
315.0 3.7109375
316.0 1.828125
317.0 5.90625
318.0 2.0625
319.0 7.25
320.0 4.328125
321.0 4.1875
322.0 4.0625
323.0 4.1015625
324.0 4.484375
325.0 4.4765625
326.0 4.828125
327.0 4.484375
328.0 4.125
329.0 4.1875
330.0 4.515625
331.0 4.8359375
332.0 1.3515625
333.0 7.28125
334.0 3.890625
335.0 3.84375
336.0 4.0390625
337.0 2.3125
338.0 6.6171875
339.0 4.3203125
340.0 4.0859375
341.0 4.125
342.0 4.3671875
343.0 4.453125
344.0 4.4453125
345.0 4.6953125
346.0 4.8984375
347.0 4.4765625
348.0 4.5
349.0 4.2734375
350.0 0.0
351.0 8.8359375
352.0 4.71875
353.0 4.1875
354.0 2.8671875
355.0 6.5703125
356.0 4.609375
357.0 4.5625
358.0 4.359375
359.0 4.59375
360.0 4.8359375
361.0 4.578125
362.0 4.7421875
363.0 4.53125
364.0 4.4765625
365.0 4.921875
366.0 4.71875
367.0 1.296875
368.0 7.46875
369.0 4.75
370.0 4.921875
371.0 4.8359375
372.0 4.53125
373.0 4.984375
374.0 4.6796875
375.0 4.9921875
376.0 4.5
377.0 4.6640625
378.0 4.3359375
379.0 4.0703125
380.0 4.4296875
381.0 4.3359375
382.0 0.40625
383.0 9.3046875
384.0 5.1875
385.0 5.046875
386.0 4.921875
387.0 2.1328125
388.0 8.265625
389.0 5.1875
390.0 5.140625
391.0 5.2578125
392.0 5.15625
393.0 4.8671875
394.0 5.4296875
395.0 5.375
396.0 5.375
397.0 5.3984375
398.0 5.3671875
399.0 5.5
400.0 5.53125
401.0 3.6796875
402.0 7.109375
403.0 5.28125
404.0 5.3203125
405.0 3.609375
406.0 7.125
407.0 4.9921875
408.0 5.3203125
409.0 5.15625
410.0 5.1875
411.0 5.078125
412.0 5.3125
413.0 4.828125
414.0 4.6796875
415.0 4.171875
416.0 4.7578125
417.0 5.2265625
418.0 5.546875
419.0 2.234375
420.0 9.1484375
421.0 5.3203125
422.0 5.34375
423.0 4.7265625
424.0 5.546875
425.0 5.640625
426.0 5.484375
427.0 5.5234375
428.0 5.4296875
429.0 5.5
430.0 5.34375
431.0 5.6484375
432.0 5.3984375
433.0 3.59375
434.0 7.515625
435.0 3.671875
436.0 6.5859375
437.0 3.3828125
438.0 4.3359375
439.0 4.6875
440.0 4.8125
441.0 5.1875
442.0 5.3828125
443.0 4.71875
444.0 4.6640625
445.0 4.09375
446.0 2.7890625
447.0 3.2265625
448.0 3.1484375
449.0 1.34375
450.0 8.2578125
451.0 5.4375
452.0 5.46875
453.0 5.4921875
454.0 5.40625
455.0 5.484375
456.0 5.6171875
457.0 5.3515625
458.0 5.3359375
459.0 5.4375
460.0 5.6796875
461.0 5.34375
462.0 0.7265625
463.0 10.3125
464.0 5.2890625
465.0 4.3671875
466.0 4.3515625
467.0 0.78125
468.0 8.984375
469.0 4.890625
470.0 4.8671875
471.0 4.6640625
472.0 4.6953125
473.0 5.203125
474.0 5.234375
475.0 5.0546875
476.0 4.859375
477.0 4.9609375
478.0 5.109375
479.0 4.828125
480.0 0.4921875
481.0 9.0703125
482.0 5.4921875
483.0 5.3125
484.0 5.3671875
485.0 5.109375
486.0 2.578125
487.0 6.59375
488.0 4.3359375
489.0 4.796875
490.0 5.375
491.0 5.6171875
492.0 5.203125
493.0 5.4375
494.0 5.140625
495.0 5.2265625
496.0 5.0234375
497.0 5.3359375
498.0 4.3359375
499.0 6.703125
500.0 5.6015625
501.0 4.7734375
502.0 4.890625
503.0 4.7265625
504.0 4.6953125
505.0 0.7578125
506.0 9.7265625
507.0 5.375
508.0 5.15625
509.0 4.5390625
510.0 4.5625
511.0 5.2265625
512.0 5.1875
513.0 4.859375
514.0 3.84375
515.0 2.7109375
516.0 6.234375
517.0 4.90625
518.0 5.0703125
519.0 3.4140625
520.0 5.3515625
521.0 4.0
522.0 4.78125
523.0 5.21875
524.0 5.140625
525.0 5.2578125
526.0 5.2734375
527.0 5.078125
528.0 4.6015625
529.0 4.2734375
530.0 4.3359375
531.0 4.21875
532.0 4.234375
533.0 2.453125
534.0 5.734375
535.0 4.6328125
536.0 4.4140625
537.0 4.75
538.0 4.46875
539.0 2.4765625
540.0 6.984375
541.0 4.6796875
542.0 4.796875
543.0 4.859375
544.0 4.6640625
545.0 3.25
546.0 6.09375
547.0 3.4375
548.0 4.7734375
549.0 3.8203125
550.0 4.4296875
551.0 4.21875
552.0 3.90625
553.0 4.125
554.0 4.3359375
555.0 4.7109375
556.0 4.5390625
557.0 4.609375
558.0 4.6328125
559.0 4.5390625
560.0 3.9921875
561.0 2.015625
562.0 6.484375
563.0 3.890625
564.0 4.5078125
565.0 3.734375
566.0 3.9765625
567.0 1.28125
568.0 6.2734375
569.0 3.59375
570.0 3.7890625
571.0 3.4609375
572.0 3.7109375
573.0 3.5859375
574.0 3.3125
575.0 3.203125
576.0 3.46875
577.0 2.953125
578.0 3.5546875
579.0 3.546875
580.0 3.9921875
581.0 3.7109375
582.0 3.890625
583.0 3.6484375
584.0 3.0390625
585.0 3.8203125
586.0 1.9453125
587.0 0.0
588.0 8.359375
589.0 4.1484375
590.0 3.9921875
591.0 3.84375
592.0 1.28125
593.0 5.84375
594.0 4.4296875
595.0 4.6875
596.0 4.7265625
597.0 5.1015625
598.0 5.125
599.0 4.9765625
