0.0 7.6953125
1.0 4.78125
2.0 4.21875
3.0 4.1796875
4.0 4.2109375
5.0 4.0859375
6.0 2.3984375
7.0 6.390625
8.0 4.3671875
9.0 4.3359375
10.0 4.453125
11.0 4.3984375
12.0 4.7421875
13.0 4.75
14.0 4.890625
15.0 4.6953125
16.0 4.6640625
17.0 5.0390625
18.0 4.8046875
19.0 3.2890625
20.0 6.390625
21.0 4.75
22.0 4.8359375
23.0 4.953125
24.0 4.984375
25.0 4.9296875
26.0 4.6015625
27.0 1.0234375
28.0 8.8515625
29.0 4.8984375
30.0 4.953125
31.0 4.8671875
32.0 4.875
33.0 4.5703125
34.0 4.21875
35.0 4.1875
36.0 4.390625
37.0 4.625
38.0 4.859375
39.0 4.4453125
40.0 5.4296875
41.0 4.8671875
42.0 4.9453125
43.0 4.75
44.0 4.6796875
45.0 4.625
46.0 2.0
47.0 7.15625
48.0 4.6640625
49.0 4.546875
50.0 4.484375
51.0 4.453125
52.0 4.4296875
53.0 4.2421875
54.0 4.53125
55.0 4.6015625
56.0 4.53125
57.0 4.3359375
58.0 4.6484375
59.0 3.7890625
60.0 0.0
61.0 9.1796875
62.0 4.328125
63.0 4.328125
64.0 0.0
65.0 8.2734375
66.0 4.3515625
67.0 2.2109375
68.0 6.3828125
69.0 2.1640625
70.0 6.6484375
71.0 4.4296875
72.0 4.6640625
73.0 4.65625
74.0 4.578125
75.0 4.546875
76.0 4.6640625
77.0 4.6875
78.0 4.484375
79.0 4.53125
80.0 4.59375
81.0 4.4765625
82.0 4.5
83.0 3.6484375
84.0 5.3046875
85.0 4.3046875
86.0 4.59375
87.0 4.328125
88.0 4.59375
89.0 4.234375
90.0 4.1796875
91.0 0.0
92.0 8.109375
93.0 4.5390625
94.0 3.828125
95.0 2.2109375
96.0 2.984375
97.0 3.0390625
98.0 2.890625
99.0 3.0390625
100.0 3.0859375
101.0 3.015625
102.0 3.078125
103.0 2.953125
104.0 0.421875
105.0 0.0
106.0 8.9453125
107.0 4.7734375
108.0 4.9453125
109.0 4.609375
110.0 4.6875
111.0 4.5703125
112.0 4.359375
113.0 4.3359375
114.0 2.8515625
115.0 6.15625
116.0 4.625
117.0 4.46875
118.0 4.1875
119.0 4.3671875
120.0 4.65625
121.0 4.6953125
122.0 4.953125
123.0 4.65625
124.0 4.859375
125.0 4.6640625
126.0 4.71875
127.0 5.0078125
128.0 1.0625
129.0 8.7109375
130.0 4.75
131.0 4.921875
132.0 4.7265625
133.0 4.6640625
134.0 1.03125
135.0 7.7890625
136.0 4.796875
137.0 4.2109375
138.0 4.546875
139.0 4.8984375
140.0 4.75
141.0 4.3828125
142.0 4.921875
143.0 4.8359375
144.0 4.65625
145.0 4.8125
146.0 4.8046875
147.0 2.03125
148.0 7.5859375
149.0 4.0859375
150.0 2.578125
151.0 1.859375
152.0 4.6796875
153.0 4.5078125
154.0 4.4140625
155.0 4.4765625
156.0 4.1796875
157.0 4.3515625
158.0 4.5390625
159.0 4.625
160.0 4.53125
161.0 4.3671875
162.0 4.3515625
163.0 4.3046875
164.0 1.9140625
165.0 6.1171875
166.0 4.0546875
167.0 4.296875
168.0 4.2421875
169.0 4.3671875
170.0 4.1328125
171.0 4.25
172.0 4.421875
173.0 4.3046875
174.0 4.390625
175.0 4.21875
176.0 4.1171875
177.0 0.0
178.0 8.46875
179.0 4.484375
180.0 4.359375
181.0 4.328125
182.0 4.4296875
183.0 2.234375
184.0 6.5
185.0 4.421875
186.0 4.3046875
187.0 4.546875
188.0 3.2890625
189.0 6.296875
190.0 4.7109375
191.0 4.4296875
192.0 3.9375
193.0 2.9375
194.0 2.6640625
195.0 2.953125
196.0 3.3828125
197.0 4.0859375
198.0 4.4140625
199.0 4.15625
200.0 4.2109375
201.0 2.328125
202.0 6.1171875
203.0 4.359375
204.0 4.609375
205.0 4.59375
206.0 4.6484375
207.0 4.421875
208.0 4.5703125
209.0 4.7578125
210.0 4.46875
211.0 4.65625
212.0 4.6875
213.0 4.328125
214.0 1.734375
215.0 7.3203125
216.0 4.65625
217.0 4.625
218.0 4.5078125
219.0 4.5078125
220.0 4.296875
221.0 0.4296875
222.0 8.46875
223.0 4.25
224.0 4.15625
225.0 3.796875
226.0 4.15625
227.0 4.421875
228.0 4.2109375
229.0 4.265625
230.0 4.3671875
231.0 4.203125
232.0 4.125
233.0 3.953125
234.0 0.4375
235.0 8.8671875
236.0 4.328125
237.0 4.515625
238.0 4.328125
239.0 3.7421875
240.0 0.0
241.0 8.6484375
242.0 4.15625
243.0 4.484375
244.0 4.5625
245.0 4.1328125
246.0 4.4765625
247.0 4.65625
248.0 4.890625
249.0 4.6484375
250.0 4.7421875
251.0 4.5390625
252.0 4.921875
253.0 5.078125
254.0 4.9921875
255.0 4.8046875
256.0 4.953125
257.0 4.6953125
258.0 4.6484375
259.0 4.78125
260.0 4.421875
261.0 4.78125
262.0 4.8046875
263.0 4.7421875
264.0 4.6328125
265.0 4.8359375
266.0 5.0078125
267.0 2.328125
268.0 8.015625
269.0 1.2421875
270.0 8.375
271.0 5.1015625
272.0 5.234375
273.0 5.0078125
274.0 4.8359375
275.0 4.78125
276.0 4.6640625
277.0 4.5625
278.0 4.71875
279.0 4.2734375
280.0 4.65625
281.0 4.6875
282.0 4.75
283.0 0.640625
284.0 8.765625
285.0 4.6953125
286.0 4.9296875
287.0 4.7265625
288.0 2.75
289.0 6.890625
290.0 4.9296875
291.0 4.890625
292.0 5.015625
293.0 4.8359375
294.0 5.0234375
295.0 5.15625
296.0 4.953125
297.0 4.9609375
298.0 5.0390625
299.0 5.21875
300.0 5.125
301.0 4.7109375
302.0 0.6875
303.0 9.1953125
304.0 4.5390625
305.0 4.859375
306.0 4.8125
307.0 2.046875
308.0 7.75
309.0 4.6796875
310.0 4.484375
311.0 4.921875
312.0 4.9453125
313.0 4.7734375
314.0 4.828125
315.0 2.4609375
316.0 7.046875
317.0 4.6015625
318.0 4.71875
319.0 4.65625
320.0 4.65625
321.0 4.6328125
322.0 4.5
323.0 4.453125
324.0 4.2734375
325.0 4.3671875
326.0 4.1171875
327.0 1.1796875
328.0 8.1328125
329.0 4.171875
330.0 4.546875
331.0 3.203125
332.0 5.9765625
333.0 4.7265625
334.0 4.53125
335.0 4.3828125
336.0 4.421875
337.0 3.84375
338.0 4.296875
339.0 4.5078125
340.0 4.59375
341.0 4.2421875
342.0 4.6875
343.0 4.90625
344.0 4.8046875
345.0 4.296875
346.0 0.546875
347.0 9.65625
348.0 4.8671875
349.0 4.921875
350.0 2.28125
351.0 7.9140625
352.0 4.890625
353.0 4.921875
354.0 5.0703125
355.0 5.171875
356.0 5.171875
357.0 4.828125
358.0 4.8125
359.0 4.78125
360.0 4.859375
361.0 4.9921875
362.0 4.8046875
363.0 4.1796875
364.0 5.6328125
365.0 4.8359375
366.0 4.6796875
367.0 3.4375
368.0 5.9296875
369.0 4.5390625
370.0 4.53125
371.0 4.625
372.0 4.6640625
373.0 4.453125
374.0 4.3515625
375.0 4.5390625
376.0 4.53125
377.0 4.609375
378.0 4.7734375
379.0 2.5234375
380.0 6.84375
381.0 4.890625
382.0 4.8671875
383.0 4.9296875
384.0 4.9296875
385.0 4.890625
386.0 4.8671875
387.0 4.796875
388.0 4.6953125
389.0 4.7734375
390.0 4.515625
391.0 3.90625
392.0 1.09375
393.0 7.9140625
394.0 4.78125
395.0 4.8125
396.0 4.8359375
397.0 5.078125
398.0 4.796875
399.0 4.8046875
400.0 4.796875
401.0 0.1875
402.0 9.3125
403.0 4.8125
404.0 5.0390625
405.0 4.828125
406.0 4.6875
407.0 2.7109375
408.0 6.8984375
409.0 4.8046875
410.0 4.78125
411.0 4.4453125
412.0 4.7734375
413.0 4.828125
414.0 4.8359375
415.0 4.3359375
416.0 4.3046875
417.0 4.296875
418.0 4.296875
419.0 4.5
420.0 4.125
421.0 0.0
422.0 8.7890625
423.0 4.3671875
424.0 4.3359375
425.0 4.15625
426.0 2.1015625
427.0 6.6015625
428.0 4.46875
429.0 4.3828125
430.0 4.625
431.0 4.59375
432.0 4.78125
433.0 4.78125
434.0 4.828125
435.0 4.7734375
436.0 4.5390625
437.0 4.515625
438.0 4.53125
439.0 4.484375
440.0 0.7578125
441.0 8.4453125
442.0 4.6875
443.0 4.5703125
444.0 4.359375
445.0 2.359375
446.0 6.890625
447.0 4.578125
448.0 4.546875
449.0 4.328125
450.0 4.0390625
451.0 2.265625
452.0 6.859375
453.0 2.296875
454.0 6.484375
455.0 4.3828125
456.0 4.390625
457.0 4.4296875
458.0 4.75
459.0 4.5625
460.0 4.578125
461.0 4.7578125
462.0 4.46875
463.0 4.609375
464.0 4.328125
465.0 3.9375
466.0 4.15625
467.0 3.2265625
468.0 0.15625
469.0 6.1171875
470.0 1.890625
471.0 2.09375
472.0 3.65625
473.0 3.6796875
474.0 3.6484375
475.0 3.609375
476.0 3.8515625
477.0 4.0390625
478.0 2.4765625
479.0 5.40625
480.0 4.0
481.0 3.90625
482.0 1.203125
483.0 8.09375
484.0 4.7109375
485.0 4.7421875
486.0 5.015625
487.0 5.1328125
488.0 4.890625
489.0 4.8359375
490.0 4.828125
491.0 4.7109375
492.0 5.046875
493.0 4.71875
494.0 4.7578125
495.0 1.4921875
496.0 8.171875
497.0 4.484375
498.0 4.3046875
499.0 4.953125
500.0 4.5078125
501.0 4.7734375
502.0 4.5703125
503.0 4.7109375
504.0 4.515625
505.0 4.609375
506.0 4.609375
507.0 4.7734375
508.0 4.9609375
509.0 4.7578125
510.0 4.71875
511.0 4.75
512.0 0.21875
513.0 9.21875
514.0 4.7578125
515.0 4.7578125
516.0 4.1796875
517.0 6.6015625
518.0 4.921875
519.0 4.84375
520.0 4.8359375
521.0 5.015625
522.0 5.1328125
523.0 4.7421875
524.0 4.984375
525.0 5.0546875
526.0 5.3046875
527.0 5.234375
528.0 5.1953125
529.0 5.203125
530.0 4.8984375
531.0 5.15625
532.0 5.015625
533.0 4.9453125
534.0 5.0078125
535.0 5.046875
536.0 5.0859375
537.0 5.1953125
538.0 5.484375
539.0 0.3984375
540.0 10.1171875
541.0 5.2578125
542.0 4.484375
543.0 6.46875
544.0 5.3828125
545.0 5.421875
546.0 5.375
547.0 5.3671875
548.0 5.3046875
549.0 5.3359375
550.0 5.25
551.0 5.3515625
552.0 5.515625
553.0 5.3046875
554.0 5.25
555.0 3.375
556.0 7.015625
557.0 4.9765625
558.0 5.2265625
559.0 4.8671875
560.0 4.6328125
561.0 0.71875
562.0 9.2734375
563.0 4.5390625
564.0 4.71875
565.0 4.9765625
566.0 4.8359375
567.0 4.84375
568.0 4.75
569.0 5.078125
570.0 4.875
571.0 4.609375
572.0 4.6640625
573.0 4.75
574.0 0.2890625
575.0 9.1015625
576.0 4.7421875
577.0 4.6953125
578.0 4.5078125
579.0 3.2890625
580.0 6.5703125
581.0 5.1015625
582.0 4.4765625
583.0 3.890625
584.0 4.0859375
585.0 4.7421875
586.0 5.0234375
587.0 4.796875
588.0 4.921875
589.0 4.6875
590.0 5.078125
591.0 5.0390625
592.0 5.140625
593.0 0.3984375
594.0 9.8671875
595.0 5.171875
596.0 5.1640625
597.0 4.84375
598.0 2.9921875
599.0 0.0
