0.0 4.4140625
1.0 4.53125
2.0 4.359375
3.0 4.484375
4.0 4.3828125
5.0 0.640625
6.0 8.2109375
7.0 4.328125
8.0 4.3671875
9.0 4.5
10.0 3.0234375
11.0 5.703125
12.0 4.265625
13.0 4.3671875
14.0 4.3203125
15.0 4.390625
16.0 4.4296875
17.0 4.3828125
18.0 4.53125
19.0 4.359375
20.0 4.421875
21.0 4.28125
22.0 4.3671875
23.0 1.171875
24.0 7.7578125
25.0 4.4296875
26.0 2.8671875
27.0 5.796875
28.0 4.484375
29.0 4.4140625
30.0 4.359375
31.0 4.421875
32.0 4.46875
33.0 4.328125
34.0 4.3984375
35.0 4.5078125
36.0 4.3828125
37.0 4.4765625
38.0 4.1875
39.0 1.6171875
40.0 7.375
41.0 4.390625
42.0 4.3828125
43.0 4.328125
44.0 4.3359375
45.0 4.1875
46.0 4.2421875
47.0 4.3984375
48.0 4.296875
49.0 4.3046875
50.0 4.3828125
51.0 4.296875
52.0 2.1953125
53.0 6.2734375
54.0 4.328125
55.0 4.3203125
56.0 4.2734375
57.0 4.359375
58.0 0.1875
59.0 7.9921875
60.0 4.3046875
61.0 4.1015625
62.0 4.234375
63.0 4.328125
64.0 4.2734375
65.0 4.2421875
66.0 4.3046875
67.0 0.609375
68.0 7.5859375
69.0 4.265625
70.0 4.09375
71.0 4.3984375
72.0 4.3984375
73.0 4.3828125
74.0 4.453125
75.0 4.3828125
76.0 4.3984375
77.0 4.2421875
78.0 4.390625
79.0 4.6875
80.0 4.28125
81.0 1.1171875
82.0 7.5859375
83.0 4.390625
84.0 4.390625
85.0 4.484375
86.0 4.3359375
87.0 3.828125
88.0 0.0
89.0 9.1171875
90.0 4.328125
91.0 4.3515625
92.0 4.3359375
93.0 4.515625
94.0 4.4453125
95.0 4.5390625
96.0 4.3515625
97.0 4.359375
98.0 4.296875
99.0 4.2734375
100.0 2.578125
101.0 6.0078125
102.0 4.359375
103.0 4.296875
104.0 4.09375
105.0 3.265625
106.0 5.421875
107.0 4.3671875
108.0 4.265625
109.0 4.328125
110.0 4.3671875
111.0 4.3203125
112.0 4.3828125
113.0 4.296875
114.0 4.328125
115.0 4.4140625
116.0 4.3671875
117.0 4.578125
118.0 0.546875
119.0 8.3828125
120.0 4.3828125
121.0 4.390625
122.0 4.265625
123.0 4.359375
124.0 4.234375
125.0 1.1328125
126.0 7.84375
127.0 4.5
128.0 4.359375
129.0 0.78125
130.0 8.1328125
131.0 4.3515625
132.0 4.5390625
133.0 4.53125
134.0 4.6015625
135.0 4.5078125
136.0 4.484375
137.0 4.3515625
138.0 4.390625
139.0 4.4140625
140.0 4.328125
141.0 4.3359375
142.0 4.4453125
143.0 0.1875
144.0 7.1328125
145.0 5.9765625
146.0 4.3359375
147.0 4.296875
148.0 2.984375
149.0 5.9140625
150.0 2.7890625
151.0 5.9453125
152.0 4.46875
153.0 4.53125
154.0 4.328125
155.0 4.421875
156.0 4.5703125
157.0 4.296875
158.0 2.875
159.0 6.09375
160.0 4.3984375
161.0 4.4296875
162.0 4.421875
163.0 4.4296875
164.0 4.3828125
165.0 4.609375
166.0 4.3203125
167.0 4.453125
168.0 4.390625
169.0 4.5390625
170.0 4.3046875
171.0 4.5078125
172.0 2.9921875
173.0 5.9140625
174.0 4.3984375
175.0 4.3046875
176.0 4.2734375
177.0 4.328125
178.0 4.3203125
179.0 4.6640625
180.0 4.6796875
181.0 4.59375
182.0 4.5625
183.0 4.7578125
184.0 4.828125
185.0 4.859375
186.0 0.65625
187.0 9.0
188.0 4.5390625
189.0 4.359375
190.0 4.46875
191.0 4.625
192.0 1.609375
193.0 7.4609375
194.0 4.3828125
195.0 4.3671875
196.0 4.5078125
197.0 4.484375
198.0 4.4296875
199.0 4.578125
200.0 4.4453125
201.0 4.578125
202.0 4.3828125
203.0 4.3984375
204.0 2.4296875
205.0 6.2890625
206.0 4.5078125
207.0 4.3828125
208.0 4.421875
209.0 1.3828125
210.0 7.5234375
211.0 4.328125
212.0 4.2421875
213.0 4.328125
214.0 4.4140625
215.0 4.46875
216.0 4.4765625
217.0 4.484375
218.0 4.453125
219.0 4.4453125
220.0 4.6328125
221.0 4.6328125
222.0 3.875
223.0 0.03125
224.0 9.3984375
225.0 4.4765625
226.0 4.484375
227.0 4.1015625
228.0 0.109375
229.0 9.078125
230.0 4.421875
231.0 4.484375
232.0 4.6484375
233.0 4.484375
234.0 4.484375
235.0 4.6953125
236.0 4.453125
237.0 4.5078125
238.0 4.578125
239.0 4.59375
240.0 4.203125
241.0 0.2265625
242.0 8.96875
243.0 4.4453125
244.0 4.3515625
245.0 1.2421875
246.0 7.7265625
247.0 4.6015625
248.0 4.4453125
249.0 4.625
250.0 4.484375
251.0 4.578125
252.0 4.3515625
253.0 4.515625
254.0 4.6796875
255.0 4.515625
256.0 4.6015625
257.0 4.578125
258.0 1.375
259.0 7.5703125
260.0 4.6796875
261.0 4.421875
262.0 4.4765625
263.0 4.2421875
264.0 4.3046875
265.0 4.3671875
266.0 4.4140625
267.0 4.4296875
268.0 4.3671875
269.0 4.453125
270.0 4.3828125
271.0 4.4453125
272.0 4.390625
273.0 4.3828125
274.0 4.53125
275.0 3.265625
276.0 5.6328125
277.0 4.453125
278.0 4.3828125
279.0 4.3515625
280.0 3.3984375
281.0 5.5546875
282.0 4.3515625
283.0 4.390625
284.0 4.484375
285.0 4.421875
286.0 4.359375
287.0 4.65625
288.0 4.5390625
289.0 4.6953125
290.0 2.953125
291.0 5.9609375
292.0 4.515625
293.0 4.6015625
294.0 4.6953125
295.0 4.6640625
296.0 4.6015625
297.0 4.296875
298.0 2.9375
299.0 5.8125
300.0 4.4453125
301.0 4.4765625
302.0 4.3671875
303.0 4.2421875
304.0 4.5078125
305.0 4.328125
306.0 4.421875
307.0 4.296875
308.0 2.984375
309.0 6.0625
310.0 4.5
311.0 4.59375
312.0 4.6328125
313.0 4.5625
314.0 4.4296875
315.0 4.625
316.0 4.359375
317.0 4.3515625
318.0 1.421875
319.0 7.4609375
320.0 4.453125
321.0 4.296875
322.0 4.359375
323.0 4.328125
324.0 4.4140625
325.0 4.609375
326.0 4.296875
327.0 4.3671875
328.0 4.421875
329.0 4.4765625
330.0 4.5078125
331.0 4.3671875
332.0 0.8984375
333.0 8.1640625
334.0 4.4296875
335.0 4.4765625
336.0 4.421875
337.0 4.3359375
338.0 4.484375
339.0 4.59375
340.0 4.4140625
341.0 2.1484375
342.0 6.75
343.0 4.484375
344.0 4.359375
345.0 4.421875
346.0 4.234375
347.0 4.4140625
348.0 0.6015625
349.0 8.3125
350.0 4.2109375
351.0 4.3203125
352.0 4.296875
353.0 4.3671875
354.0 4.4765625
355.0 4.2734375
356.0 4.2421875
357.0 4.15625
358.0 4.1171875
359.0 4.359375
360.0 4.5390625
361.0 0.015625
362.0 8.8515625
363.0 3.9140625
364.0 4.265625
365.0 4.3203125
366.0 2.3125
367.0 6.4140625
368.0 4.28125
369.0 4.09375
370.0 4.09375
371.0 4.1015625
372.0 4.453125
373.0 4.328125
374.0 4.171875
375.0 4.3359375
376.0 4.4296875
377.0 4.3359375
378.0 4.453125
379.0 0.25
380.0 8.4453125
381.0 4.1875
382.0 4.1484375
383.0 4.125
384.0 4.0859375
385.0 4.0234375
386.0 4.4140625
387.0 4.3046875
388.0 4.3515625
389.0 0.4375
390.0 7.90625
391.0 4.265625
392.0 4.3984375
393.0 4.3046875
394.0 4.390625
395.0 4.5703125
396.0 0.6171875
397.0 8.1171875
398.0 4.3203125
399.0 4.2421875
400.0 4.390625
401.0 4.3671875
402.0 4.4140625
403.0 4.546875
404.0 4.4765625
405.0 4.484375
406.0 4.3671875
407.0 4.3984375
408.0 4.3359375
409.0 0.0625
410.0 8.3125
411.0 4.359375
412.0 4.4296875
413.0 3.7578125
414.0 1.3125
415.0 7.3203125
416.0 4.21875
417.0 4.28125
418.0 4.4453125
419.0 4.3515625
420.0 4.28125
421.0 4.3515625
422.0 4.203125
423.0 4.28125
424.0 4.234375
425.0 4.296875
426.0 2.8515625
427.0 5.75
428.0 4.15625
429.0 4.0390625
430.0 3.9375
431.0 1.2890625
432.0 6.6640625
433.0 4.3359375
434.0 4.453125
435.0 4.5703125
436.0 4.515625
437.0 4.2734375
438.0 4.546875
439.0 4.2109375
440.0 4.4765625
441.0 4.4765625
442.0 4.3828125
443.0 4.359375
444.0 3.515625
445.0 5.1640625
446.0 4.4296875
447.0 4.2734375
448.0 4.3984375
449.0 4.265625
450.0 2.484375
451.0 6.2265625
452.0 4.3359375
453.0 4.359375
454.0 4.1171875
455.0 4.171875
456.0 4.2421875
457.0 3.5546875
458.0 4.578125
459.0 4.0
460.0 2.8984375
461.0 4.4296875
462.0 4.296875
463.0 4.3046875
464.0 4.3046875
465.0 4.453125
466.0 4.2421875
467.0 4.3984375
468.0 4.390625
469.0 4.515625
470.0 4.3359375
471.0 2.0859375
472.0 6.84375
473.0 4.3046875
474.0 4.234375
475.0 4.28125
476.0 4.359375
477.0 4.3359375
478.0 4.28125
479.0 4.2734375
480.0 4.25
481.0 4.3515625
482.0 0.2890625
483.0 8.234375
484.0 4.234375
485.0 4.3828125
486.0 4.4765625
487.0 4.4765625
488.0 4.3828125
489.0 2.09375
490.0 2.5234375
491.0 8.2734375
492.0 4.515625
493.0 4.203125
494.0 4.3671875
495.0 4.4453125
496.0 4.3046875
497.0 4.3671875
498.0 4.53125
499.0 4.328125
500.0 4.203125
501.0 4.0625
502.0 4.3359375
503.0 4.359375
504.0 4.359375
505.0 4.2734375
506.0 1.609375
507.0 6.859375
508.0 4.171875
509.0 4.3671875
510.0 4.359375
511.0 4.2734375
512.0 4.359375
513.0 4.1015625
514.0 4.390625
515.0 4.296875
516.0 4.0234375
517.0 4.203125
518.0 0.75
519.0 8.0234375
520.0 4.4140625
521.0 4.2421875
522.0 2.9921875
523.0 5.8125
524.0 4.484375
525.0 4.625
526.0 4.3984375
527.0 4.4296875
528.0 2.96875
529.0 5.9296875
530.0 3.046875
531.0 5.8203125
532.0 4.5
533.0 4.3203125
534.0 4.453125
535.0 4.3515625
536.0 2.8125
537.0 5.78125
538.0 3.015625
539.0 5.9375
540.0 4.3046875
541.0 4.453125
542.0 4.328125
543.0 4.203125
544.0 2.90625
545.0 5.546875
546.0 4.03125
547.0 4.0234375
548.0 3.9375
549.0 4.1875
550.0 2.90625
551.0 5.6328125
552.0 4.4765625
553.0 4.3671875
554.0 2.9609375
555.0 5.5625
556.0 4.1484375
557.0 4.390625
558.0 4.3203125
559.0 4.1875
560.0 4.21875
561.0 4.3046875
562.0 4.46875
563.0 4.3203125
564.0 4.1171875
565.0 4.25
566.0 4.2734375
567.0 4.21875
568.0 4.25
569.0 2.5625
570.0 6.140625
571.0 4.4453125
572.0 4.453125
573.0 4.28125
574.0 4.2109375
575.0 4.4453125
576.0 0.0
577.0 8.8359375
578.0 4.3984375
579.0 4.2109375
580.0 4.3671875
581.0 4.5
582.0 4.5
583.0 4.359375
584.0 4.6015625
585.0 4.6328125
586.0 4.484375
587.0 4.3671875
588.0 4.3046875
589.0 4.421875
590.0 4.4765625
591.0 4.6015625
592.0 4.4296875
593.0 4.390625
594.0 4.3671875
595.0 4.453125
596.0 4.53125
597.0 0.71875
598.0 8.0546875
599.0 4.359375
