0.0 8.7734375
1.0 7.2578125
2.0 7.453125
3.0 6.765625
4.0 5.890625
5.0 5.53125
6.0 7.3203125
7.0 6.9765625
8.0 7.046875
9.0 7.2578125
10.0 7.1015625
11.0 6.40625
12.0 7.03125
13.0 4.5625
14.0 9.328125
15.0 6.59375
16.0 6.390625
17.0 6.984375
18.0 7.34375
19.0 7.09375
20.0 6.0390625
21.0 6.71875
22.0 6.625
23.0 6.921875
24.0 6.78125
25.0 7.7265625
26.0 6.7109375
27.0 6.765625
28.0 7.5078125
29.0 6.78125
30.0 6.5078125
31.0 6.15625
32.0 5.4921875
33.0 5.28125
34.0 5.046875
35.0 6.2109375
36.0 6.3671875
37.0 6.53125
38.0 6.5078125
39.0 1.6484375
40.0 11.21875
41.0 6.765625
42.0 6.0859375
43.0 3.1015625
44.0 10.03125
45.0 6.78125
46.0 6.6640625
47.0 6.0546875
48.0 5.859375
49.0 6.0
50.0 6.09375
51.0 6.3671875
52.0 5.7890625
53.0 5.8515625
54.0 4.3671875
55.0 8.359375
56.0 6.109375
57.0 6.78125
58.0 6.0078125
59.0 5.8203125
60.0 6.7734375
61.0 6.7109375
62.0 5.9453125
63.0 5.9765625
64.0 6.109375
65.0 5.15625
66.0 4.0078125
67.0 7.109375
68.0 4.9609375
69.0 3.4140625
70.0 4.359375
71.0 4.59375
72.0 4.5703125
73.0 4.4453125
74.0 3.2265625
75.0 4.3984375
76.0 4.6796875
77.0 5.9921875
78.0 6.7421875
79.0 6.8828125
80.0 6.6875
81.0 6.78125
82.0 6.9609375
83.0 7.1796875
84.0 6.84375
85.0 6.109375
86.0 6.3671875
87.0 5.765625
88.0 5.5859375
89.0 6.3671875
90.0 6.140625
91.0 6.0625
92.0 5.8828125
93.0 6.390625
94.0 6.6875
95.0 6.6171875
96.0 6.8671875
97.0 6.890625
98.0 6.5703125
99.0 6.8984375
100.0 5.0546875
101.0 8.5390625
102.0 7.1875
103.0 6.4375
104.0 5.6171875
105.0 6.109375
106.0 6.296875
107.0 2.1171875
108.0 10.8515625
109.0 5.2734375
110.0 6.3828125
111.0 3.8515625
112.0 5.75
113.0 5.78125
114.0 5.484375
115.0 5.40625
116.0 6.59375
117.0 6.7109375
118.0 6.234375
119.0 5.3203125
120.0 1.8359375
121.0 9.2421875
122.0 6.1796875
123.0 5.2734375
124.0 6.1796875
125.0 5.734375
126.0 4.296875
127.0 7.578125
128.0 5.5
129.0 6.390625
130.0 7.3125
131.0 6.359375
132.0 5.9609375
133.0 5.84375
134.0 6.1796875
135.0 7.3203125
136.0 7.1875
137.0 7.25
138.0 6.2421875
139.0 6.0
140.0 6.1796875
141.0 6.390625
142.0 6.9453125
143.0 7.2890625
144.0 6.6484375
145.0 6.234375
146.0 6.2734375
147.0 6.359375
148.0 5.7890625
149.0 6.9921875
150.0 7.21875
151.0 7.0625
152.0 6.0390625
153.0 6.0546875
154.0 5.75
155.0 2.1875
156.0 9.875
157.0 7.0625
158.0 3.0234375
159.0 3.765625
160.0 6.0
161.0 6.4765625
162.0 7.1875
163.0 6.5625
164.0 6.6796875
165.0 6.109375
166.0 5.8515625
167.0 5.6953125
168.0 5.734375
169.0 7.0390625
170.0 6.890625
171.0 6.2265625
172.0 5.8125
173.0 6.0234375
174.0 3.8515625
175.0 7.3984375
176.0 5.578125
177.0 6.2109375
178.0 6.0078125
179.0 0.9921875
180.0 10.7734375
181.0 5.6796875
182.0 5.890625
183.0 7.1328125
184.0 6.8359375
185.0 6.53125
186.0 5.2578125
187.0 5.3125
188.0 5.8515625
189.0 6.5859375
190.0 3.953125
191.0 9.0
192.0 5.9453125
193.0 5.6171875
194.0 6.2421875
195.0 5.5859375
196.0 5.890625
197.0 4.9296875
198.0 0.6875
199.0 9.9921875
200.0 4.65625
201.0 8.40625
202.0 5.3125
203.0 5.453125
204.0 4.25
205.0 5.234375
206.0 5.9453125
207.0 6.8359375
208.0 5.859375
209.0 6.0078125
210.0 5.421875
211.0 5.9140625
212.0 5.2734375
213.0 4.8671875
214.0 1.8984375
215.0 9.125
216.0 6.265625
217.0 6.0625
218.0 6.65625
219.0 5.078125
220.0 1.5234375
221.0 7.4609375
222.0 5.2734375
223.0 5.234375
224.0 5.7890625
225.0 6.484375
226.0 5.703125
227.0 5.6171875
228.0 5.640625
229.0 6.078125
230.0 6.15625
231.0 6.6015625
232.0 6.59375
233.0 5.7578125
234.0 1.1640625
235.0 8.3203125
236.0 5.0078125
237.0 5.3671875
238.0 6.0234375
239.0 2.8515625
240.0 9.9609375
241.0 3.0390625
242.0 1.5625
243.0 2.1796875
244.0 5.8515625
245.0 6.59375
246.0 7.0390625
247.0 6.8671875
248.0 5.5234375
249.0 5.6796875
250.0 5.875
251.0 6.8359375
252.0 6.4453125
253.0 6.765625
254.0 6.6171875
255.0 5.703125
256.0 5.125
257.0 1.40625
258.0 8.2265625
259.0 6.0
260.0 6.3359375
261.0 5.75
262.0 5.109375
263.0 4.4296875
264.0 2.3359375
265.0 7.40625
266.0 5.671875
267.0 6.7109375
268.0 5.9375
269.0 6.2890625
270.0 5.6015625
271.0 4.46875
272.0 3.7578125
273.0 3.8515625
274.0 3.796875
275.0 3.609375
276.0 2.609375
277.0 0.0
278.0 5.1328125
279.0 2.1015625
280.0 0.0
281.0 2.8046875
282.0 2.875
283.0 3.53125
284.0 1.46875
285.0 7.453125
286.0 5.25
287.0 3.5859375
288.0 2.1484375
289.0 2.5078125
290.0 6.328125
291.0 6.3515625
292.0 5.9375
293.0 6.484375
294.0 5.3046875
295.0 4.859375
296.0 2.359375
297.0 7.40625
298.0 5.21875
299.0 5.3671875
300.0 5.7890625
301.0 4.3671875
302.0 6.1171875
303.0 4.4765625
304.0 4.0078125
305.0 4.5703125
306.0 5.40625
307.0 6.125
308.0 5.8828125
309.0 4.5703125
310.0 1.3828125
311.0 0.2578125
312.0 6.984375
313.0 3.6484375
314.0 4.84375
315.0 5.3046875
316.0 4.0625
317.0 2.9375
318.0 5.2734375
319.0 3.9140625
320.0 3.078125
321.0 4.03125
322.0 2.265625
323.0 3.890625
324.0 4.875
325.0 4.609375
326.0 5.2734375
327.0 6.6640625
328.0 6.84375
329.0 7.109375
330.0 4.5
331.0 6.7734375
332.0 6.328125
333.0 7.03125
334.0 6.859375
335.0 6.5625
336.0 5.4921875
337.0 1.5078125
338.0 9.9609375
339.0 6.2265625
340.0 6.78125
341.0 6.9296875
342.0 6.6171875
343.0 5.9375
344.0 6.09375
345.0 6.3203125
346.0 6.71875
347.0 6.53125
348.0 6.203125
349.0 4.71875
350.0 4.203125
351.0 5.0234375
352.0 2.125
353.0 1.0546875
354.0 4.9609375
355.0 3.84375
356.0 1.53125
357.0 0.484375
358.0 0.78125
359.0 1.296875
360.0 1.0234375
361.0 1.1796875
362.0 1.2578125
363.0 0.8359375
364.0 0.9296875
365.0 0.7578125
366.0 0.6953125
367.0 0.21875
368.0 0.0
369.0 0.0
370.0 0.0
371.0 5.25
372.0 1.1328125
373.0 1.5234375
374.0 0.4609375
375.0 0.7265625
376.0 1.1640625
377.0 3.8515625
378.0 5.0703125
379.0 5.578125
380.0 4.859375
381.0 4.171875
382.0 4.6484375
383.0 2.265625
384.0 10.2890625
385.0 6.1171875
386.0 3.7265625
387.0 0.875
388.0 0.0625
389.0 9.1015625
390.0 4.9296875
391.0 5.0703125
392.0 5.6640625
393.0 6.5546875
394.0 6.4140625
395.0 5.0703125
396.0 3.890625
397.0 3.8203125
398.0 5.4375
399.0 5.3359375
400.0 4.0703125
401.0 0.0
402.0 0.0
403.0 0.0
404.0 0.0
405.0 4.90625
406.0 1.234375
407.0 4.21875
408.0 6.0078125
409.0 5.5625
410.0 5.1640625
411.0 5.9375
412.0 5.9609375
413.0 5.8515625
414.0 5.125
415.0 5.609375
416.0 6.8671875
417.0 6.8671875
418.0 6.6484375
419.0 4.7109375
420.0 5.5625
421.0 6.2421875
422.0 4.46875
423.0 8.640625
424.0 7.6640625
425.0 6.2109375
426.0 8.390625
427.0 7.25
428.0 6.3515625
429.0 6.71875
430.0 6.9609375
431.0 6.8359375
432.0 6.296875
433.0 6.8984375
434.0 7.03125
435.0 6.9453125
436.0 5.046875
437.0 9.09375
438.0 6.4453125
439.0 6.7109375
440.0 7.453125
441.0 7.359375
442.0 6.8671875
443.0 6.9609375
444.0 6.71875
445.0 6.3046875
446.0 6.75
447.0 5.6796875
448.0 4.59375
449.0 8.4765625
450.0 4.828125
451.0 7.0703125
452.0 6.328125
453.0 6.9453125
454.0 4.875
455.0 6.296875
456.0 6.0859375
457.0 6.140625
458.0 6.6640625
459.0 5.890625
460.0 6.4375
461.0 6.6015625
462.0 6.5546875
463.0 6.71875
464.0 6.78125
465.0 6.703125
466.0 6.6796875
467.0 6.8671875
468.0 6.5625
469.0 1.5234375
470.0 11.484375
471.0 6.8359375
472.0 4.484375
473.0 6.15625
474.0 6.1484375
475.0 3.7578125
476.0 2.5703125
477.0 3.0
478.0 4.453125
479.0 5.015625
480.0 3.203125
481.0 2.96875
482.0 2.9609375
483.0 2.78125
484.0 2.5625
485.0 0.0
486.0 6.484375
487.0 3.1953125
488.0 3.34375
489.0 2.8359375
490.0 2.7890625
491.0 2.8984375
492.0 1.2265625
493.0 8.046875
494.0 4.6328125
495.0 4.7421875
496.0 3.9765625
497.0 4.53125
498.0 6.890625
499.0 6.84375
500.0 6.7421875
501.0 6.71875
502.0 6.828125
503.0 7.015625
504.0 5.6796875
505.0 1.7578125
506.0 7.796875
507.0 3.6953125
508.0 3.4765625
509.0 3.65625
510.0 4.6875
511.0 7.5859375
512.0 6.796875
513.0 6.9921875
514.0 6.8828125
515.0 6.890625
516.0 7.0703125
517.0 6.328125
518.0 4.0078125
519.0 4.90625
520.0 7.015625
521.0 7.25
522.0 5.6328125
523.0 7.078125
524.0 7.34375
525.0 6.78125
526.0 6.5078125
527.0 6.703125
528.0 6.9140625
529.0 7.1640625
530.0 7.078125
531.0 6.9921875
532.0 2.484375
533.0 9.2421875
534.0 5.140625
535.0 9.453125
536.0 5.078125
537.0 8.234375
538.0 7.3203125
539.0 6.8359375
540.0 7.5078125
541.0 6.703125
542.0 5.1875
543.0 6.7421875
544.0 6.84375
545.0 6.5703125
546.0 6.59375
547.0 6.515625
548.0 5.84375
549.0 6.265625
550.0 7.2421875
551.0 6.5390625
552.0 3.515625
553.0 9.65625
554.0 6.3359375
555.0 5.5859375
556.0 7.078125
557.0 5.7265625
558.0 5.9453125
559.0 6.703125
560.0 4.609375
561.0 8.2109375
562.0 6.3515625
563.0 6.2578125
564.0 4.296875
565.0 6.203125
566.0 6.2734375
567.0 6.0078125
568.0 6.8046875
569.0 6.0625
570.0 6.390625
571.0 5.8828125
572.0 4.421875
573.0 8.53125
574.0 6.8359375
575.0 6.703125
576.0 6.7421875
577.0 6.2734375
578.0 4.515625
579.0 8.53125
580.0 7.046875
581.0 7.1796875
582.0 6.7109375
583.0 6.8671875
584.0 6.953125
585.0 7.0390625
586.0 6.234375
587.0 3.828125
588.0 3.5625
589.0 4.5078125
590.0 6.828125
591.0 6.8046875
592.0 5.4296875
593.0 7.6640625
594.0 6.09375
595.0 6.09375
596.0 4.53125
597.0 8.375
598.0 4.625
599.0 6.2890625
