0.0 6.1796875
1.0 6.140625
2.0 6.2265625
3.0 4.6953125
4.0 6.75
5.0 5.171875
6.0 3.546875
7.0 4.28125
8.0 4.9296875
9.0 5.078125
10.0 4.90625
11.0 3.015625
12.0 3.5234375
13.0 4.0546875
14.0 4.03125
15.0 5.4921875
16.0 5.7265625
17.0 5.9609375
18.0 4.59375
19.0 2.6640625
20.0 2.84375
21.0 4.9609375
22.0 5.234375
23.0 0.515625
24.0 10.4375
25.0 5.484375
26.0 4.6328125
27.0 2.2109375
28.0 9.6953125
29.0 5.6484375
30.0 5.84375
31.0 3.046875
32.0 8.796875
33.0 6.140625
34.0 6.1875
35.0 6.0078125
36.0 6.0859375
37.0 5.7890625
38.0 5.5625
39.0 5.703125
40.0 5.8125
41.0 5.78125
42.0 4.7734375
43.0 5.3671875
44.0 2.6640625
45.0 8.796875
46.0 5.796875
47.0 5.140625
48.0 5.25
49.0 5.75
50.0 5.453125
51.0 4.515625
52.0 2.9375
53.0 8.5234375
54.0 6.1796875
55.0 5.84375
56.0 6.109375
57.0 5.7109375
58.0 6.0078125
59.0 6.1796875
60.0 6.09375
61.0 6.234375
62.0 6.3515625
63.0 6.4140625
64.0 6.0625
65.0 6.3828125
66.0 6.171875
67.0 5.7578125
68.0 5.5234375
69.0 4.9296875
70.0 5.609375
71.0 5.8828125
72.0 5.9765625
73.0 5.828125
74.0 5.9765625
75.0 6.1171875
76.0 2.75
77.0 8.7421875
78.0 6.46875
79.0 5.8515625
80.0 5.453125
81.0 5.546875
82.0 5.828125
83.0 5.2578125
84.0 5.3515625
85.0 3.875
86.0 7.25
87.0 5.53125
88.0 5.21875
89.0 5.2265625
90.0 5.734375
91.0 5.7109375
92.0 5.5234375
93.0 5.7265625
94.0 6.078125
95.0 5.9140625
96.0 6.4453125
97.0 6.5703125
98.0 6.625
99.0 6.09375
100.0 6.0234375
101.0 6.125
102.0 5.90625
103.0 6.421875
104.0 5.5234375
105.0 6.0859375
106.0 6.03125
107.0 5.875
108.0 5.8203125
109.0 6.0234375
110.0 6.3828125
111.0 6.3828125
112.0 6.4375
113.0 6.2890625
114.0 6.125
115.0 5.90625
116.0 6.234375
117.0 6.140625
118.0 6.65625
119.0 3.0859375
120.0 7.5703125
121.0 6.0390625
122.0 3.0234375
123.0 4.03125
124.0 5.8828125
125.0 5.8828125
126.0 6.1484375
127.0 6.6171875
128.0 6.0625
129.0 6.3828125
130.0 6.6328125
131.0 5.5625
132.0 6.0078125
133.0 5.9609375
134.0 5.4296875
135.0 2.1484375
136.0 8.4140625
137.0 6.078125
138.0 5.640625
139.0 1.5390625
140.0 9.9375
141.0 5.890625
142.0 5.5625
143.0 5.421875
144.0 5.2578125
145.0 1.765625
146.0 7.5859375
147.0 5.46875
148.0 5.4921875
149.0 4.921875
150.0 5.578125
151.0 5.4609375
152.0 5.3203125
153.0 5.6484375
154.0 5.96875
155.0 5.859375
156.0 5.765625
157.0 5.7890625
158.0 6.0078125
159.0 5.2578125
160.0 5.9296875
161.0 5.84375
162.0 5.796875
163.0 5.703125
164.0 5.6328125
165.0 1.09375
166.0 10.6171875
167.0 5.6640625
168.0 5.84375
169.0 3.34375
170.0 8.0625
171.0 5.5546875
172.0 4.5703125
173.0 4.8046875
174.0 5.40625
175.0 5.515625
176.0 5.53125
177.0 5.6171875
178.0 5.7265625
179.0 5.6640625
180.0 5.421875
181.0 5.6171875
182.0 5.7265625
183.0 3.4609375
184.0 8.5
185.0 5.6015625
186.0 4.953125
187.0 5.703125
188.0 5.5625
189.0 5.9453125
190.0 5.5625
191.0 5.7265625
192.0 5.21875
193.0 5.3515625
194.0 6.6328125
195.0 6.296875
196.0 5.6328125
197.0 5.5
198.0 5.6328125
199.0 5.2578125
200.0 4.9453125
201.0 5.2734375
202.0 2.8359375
203.0 8.4140625
204.0 5.3203125
205.0 2.609375
206.0 8.828125
207.0 5.8203125
208.0 5.53125
209.0 5.6953125
210.0 5.8203125
211.0 5.34375
212.0 6.078125
213.0 5.875
214.0 5.15625
215.0 5.734375
216.0 6.0078125
217.0 6.109375
218.0 5.875
219.0 6.1875
220.0 6.5859375
221.0 6.2109375
222.0 6.4453125
223.0 6.0625
224.0 6.265625
225.0 6.5703125
226.0 6.265625
227.0 3.28125
228.0 9.1640625
229.0 5.8828125
230.0 6.1171875
231.0 5.9921875
232.0 5.6328125
233.0 6.453125
234.0 5.9296875
235.0 6.0390625
236.0 5.84375
237.0 5.859375
238.0 5.8203125
239.0 5.7109375
240.0 2.3046875
241.0 9.71875
242.0 6.0390625
243.0 5.8125
244.0 5.7578125
245.0 5.578125
246.0 5.6171875
247.0 4.6875
248.0 6.8046875
249.0 6.0234375
250.0 5.7890625
251.0 6.4375
252.0 5.96875
253.0 6.0234375
254.0 5.796875
255.0 6.0390625
256.0 5.8203125
257.0 5.234375
258.0 4.25
259.0 3.84375
260.0 6.0390625
261.0 5.5234375
262.0 5.875
263.0 5.640625
264.0 4.8046875
265.0 5.9296875
266.0 5.84375
267.0 4.6328125
268.0 6.03125
269.0 5.5546875
270.0 5.4609375
271.0 5.5
272.0 5.75
273.0 5.3671875
274.0 5.75
275.0 5.078125
276.0 4.7734375
277.0 5.4296875
278.0 5.5546875
279.0 5.6484375
280.0 6.359375
281.0 5.0546875
282.0 6.140625
283.0 4.328125
284.0 6.0
285.0 6.65625
286.0 6.0
287.0 6.5859375
288.0 5.6640625
289.0 5.78125
290.0 5.125
291.0 6.203125
292.0 4.53125
293.0 3.9453125
294.0 2.1953125
295.0 1.9375
296.0 2.1640625
297.0 4.4296875
298.0 5.6953125
299.0 5.9609375
300.0 6.0546875
301.0 5.9609375
302.0 6.2109375
303.0 5.6328125
304.0 6.234375
305.0 5.9296875
306.0 5.8515625
307.0 6.5
308.0 6.296875
309.0 6.171875
310.0 1.4140625
311.0 10.8828125
312.0 5.8828125
313.0 6.078125
314.0 6.40625
315.0 5.875
316.0 5.5234375
317.0 2.625
318.0 7.546875
319.0 5.734375
320.0 6.109375
321.0 5.890625
322.0 5.5546875
323.0 5.4921875
324.0 5.5
325.0 5.875
326.0 5.9765625
327.0 6.0078125
328.0 6.171875
329.0 5.6328125
330.0 6.234375
331.0 4.8671875
332.0 7.28125
333.0 5.5859375
334.0 6.1484375
335.0 6.0859375
336.0 4.6953125
337.0 7.546875
338.0 5.8515625
339.0 5.890625
340.0 6.3671875
341.0 6.3671875
342.0 6.5078125
343.0 6.515625
344.0 5.78125
345.0 4.9609375
346.0 0.8515625
347.0 0.0
348.0 7.796875
349.0 6.359375
350.0 5.9453125
351.0 6.3359375
352.0 6.65625
353.0 5.6484375
354.0 5.9140625
355.0 6.359375
356.0 6.203125
357.0 6.1875
358.0 5.1875
359.0 2.671875
360.0 6.5390625
361.0 4.3671875
362.0 5.6953125
363.0 5.6328125
364.0 5.8828125
365.0 1.6875
366.0 9.28125
367.0 5.75
368.0 5.609375
369.0 4.984375
370.0 4.8125
371.0 5.3046875
372.0 5.515625
373.0 5.0546875
374.0 5.3203125
375.0 5.7109375
376.0 5.7265625
377.0 5.234375
378.0 5.5625
379.0 5.8203125
380.0 5.4375
381.0 4.8046875
382.0 5.484375
383.0 5.6171875
384.0 4.578125
385.0 4.984375
386.0 5.640625
387.0 6.09375
388.0 4.8046875
389.0 2.4609375
390.0 8.296875
391.0 3.8828125
392.0 6.0625
393.0 5.609375
394.0 5.6328125
395.0 5.3984375
396.0 5.828125
397.0 5.8515625
398.0 5.6171875
399.0 5.4609375
400.0 5.21875
401.0 5.3046875
402.0 5.6328125
403.0 5.9296875
404.0 5.078125
405.0 6.484375
406.0 5.5
407.0 5.3515625
408.0 5.28125
409.0 5.1953125
410.0 1.8671875
411.0 9.328125
412.0 5.4609375
413.0 5.8125
414.0 5.8125
415.0 6.0546875
416.0 3.9453125
417.0 7.4375
418.0 5.8828125
419.0 5.453125
420.0 5.8828125
421.0 5.859375
422.0 5.546875
423.0 5.5859375
424.0 4.921875
425.0 5.2265625
426.0 5.6171875
427.0 5.5
428.0 3.96875
429.0 7.8203125
430.0 6.15625
431.0 6.3671875
432.0 5.9375
433.0 4.3828125
434.0 5.484375
435.0 5.421875
436.0 5.15625
437.0 5.125
438.0 5.484375
439.0 5.6796875
440.0 5.890625
441.0 3.6171875
442.0 7.9296875
443.0 4.28125
444.0 6.234375
445.0 5.7890625
446.0 5.34375
447.0 5.453125
448.0 5.859375
449.0 5.6015625
450.0 5.21875
451.0 4.171875
452.0 5.671875
453.0 5.9609375
454.0 6.0546875
455.0 5.828125
456.0 5.5625
457.0 2.6328125
458.0 8.4375
459.0 5.9453125
460.0 5.28125
461.0 6.625
462.0 6.3828125
463.0 6.125
464.0 5.890625
465.0 5.9765625
466.0 5.3046875
467.0 5.9375
468.0 6.3828125
469.0 6.125
470.0 6.15625
471.0 6.390625
472.0 6.15625
473.0 6.2421875
474.0 1.921875
475.0 10.6484375
476.0 6.3828125
477.0 6.1484375
478.0 6.421875
479.0 6.46875
480.0 6.2734375
481.0 6.2890625
482.0 6.40625
483.0 1.796875
484.0 11.3671875
485.0 6.4140625
486.0 5.9375
487.0 6.1875
488.0 6.3359375
489.0 6.453125
490.0 6.2265625
491.0 5.9765625
492.0 5.7109375
493.0 6.4375
494.0 4.7109375
495.0 6.1171875
496.0 3.9921875
497.0 2.125
498.0 0.875
499.0 0.0
500.0 5.828125
501.0 5.703125
502.0 6.1796875
503.0 6.0390625
504.0 6.53125
505.0 6.0234375
506.0 5.640625
507.0 4.4453125
508.0 3.234375
509.0 3.5625
510.0 5.078125
511.0 4.6328125
512.0 5.1953125
513.0 1.5
514.0 9.2265625
515.0 6.328125
516.0 5.7890625
517.0 6.0390625
518.0 5.6171875
519.0 6.6796875
520.0 5.859375
521.0 6.4375
522.0 6.0234375
523.0 6.359375
524.0 6.109375
525.0 6.2109375
526.0 6.5859375
527.0 6.109375
528.0 6.390625
529.0 6.5546875
530.0 6.1796875
531.0 3.4140625
532.0 9.1015625
533.0 6.484375
534.0 5.484375
535.0 5.1953125
536.0 5.6015625
537.0 5.375
538.0 4.9921875
539.0 4.296875
540.0 6.59375
541.0 5.1328125
542.0 5.421875
543.0 3.890625
544.0 5.171875
545.0 5.515625
546.0 5.3046875
547.0 5.8203125
548.0 6.2109375
549.0 6.3046875
550.0 6.3203125
551.0 6.359375
552.0 5.96875
553.0 5.96875
554.0 5.6484375
555.0 2.9296875
556.0 5.9296875
557.0 4.9765625
558.0 5.6484375
559.0 5.5859375
560.0 4.9296875
561.0 2.6953125
562.0 8.3125
563.0 4.7578125
564.0 4.71875
565.0 5.21875
566.0 5.0859375
567.0 5.3671875
568.0 4.828125
569.0 5.5859375
570.0 5.4609375
571.0 5.3046875
572.0 5.4296875
573.0 4.390625
574.0 5.4296875
575.0 5.4921875
576.0 5.515625
577.0 5.5859375
578.0 5.5
579.0 5.578125
580.0 0.8359375
581.0 9.8671875
582.0 4.65625
583.0 5.5234375
584.0 5.5
585.0 5.3828125
586.0 5.9765625
587.0 5.5234375
588.0 4.9921875
589.0 5.640625
590.0 5.9375
591.0 5.8828125
592.0 5.578125
593.0 5.4375
594.0 5.2265625
595.0 5.7265625
596.0 4.609375
597.0 5.5234375
598.0 5.015625
599.0 3.8515625
