0.0 4.6484375
1.0 6.171875
2.0 5.4296875
3.0 5.3828125
4.0 5.2890625
5.0 2.3359375
6.0 8.375
7.0 5.3203125
8.0 5.3359375
9.0 5.3515625
10.0 5.3359375
11.0 5.2578125
12.0 5.2890625
13.0 5.4375
14.0 5.3125
15.0 5.4609375
16.0 5.3125
17.0 5.125
18.0 5.3359375
19.0 4.1875
20.0 4.65625
21.0 7.21875
22.0 5.1953125
23.0 5.109375
24.0 0.703125
25.0 8.640625
26.0 5.3046875
27.0 5.453125
28.0 5.46875
29.0 5.2578125
30.0 5.125
31.0 5.3203125
32.0 5.3671875
33.0 5.3828125
34.0 5.4296875
35.0 5.2734375
36.0 5.28125
37.0 5.3125
38.0 5.3515625
39.0 5.25
40.0 5.421875
41.0 4.46875
42.0 3.7890625
43.0 4.2734375
44.0 5.203125
45.0 5.40625
46.0 5.46875
47.0 5.1875
48.0 0.8984375
49.0 9.7578125
50.0 5.046875
51.0 5.375
52.0 5.4921875
53.0 5.3125
54.0 5.34375
55.0 1.671875
56.0 9.0078125
57.0 5.4296875
58.0 4.9765625
59.0 4.1484375
60.0 2.7734375
61.0 4.0078125
62.0 5.4296875
63.0 5.109375
64.0 5.1875
65.0 5.3125
66.0 5.2578125
67.0 5.28125
68.0 5.3125
69.0 4.8671875
70.0 4.7265625
71.0 4.53125
72.0 4.8125
73.0 4.9453125
74.0 0.75
75.0 8.34375
76.0 4.6015625
77.0 3.515625
78.0 3.25
79.0 4.421875
80.0 4.6484375
81.0 5.109375
82.0 4.328125
83.0 4.296875
84.0 4.390625
85.0 4.125
86.0 5.3125
87.0 4.78125
88.0 5.875
89.0 5.203125
90.0 5.171875
91.0 5.15625
92.0 5.1953125
93.0 4.0703125
94.0 5.9453125
95.0 4.7265625
96.0 4.71875
97.0 4.84375
98.0 3.8046875
99.0 5.0390625
100.0 5.0703125
101.0 5.40625
102.0 4.7421875
103.0 4.7734375
104.0 3.25
105.0 5.21875
106.0 2.9296875
107.0 7.578125
108.0 5.3203125
109.0 5.46875
110.0 5.078125
111.0 5.15625
112.0 5.15625
113.0 5.140625
114.0 5.171875
115.0 5.28125
116.0 5.34375
117.0 5.1875
118.0 5.3828125
119.0 5.375
120.0 5.4609375
121.0 5.2890625
122.0 5.3671875
123.0 5.2265625
124.0 5.28125
125.0 5.3828125
126.0 5.3046875
127.0 3.7890625
128.0 6.8359375
129.0 5.3984375
130.0 5.140625
131.0 5.171875
132.0 5.3203125
133.0 5.3828125
134.0 5.3203125
135.0 5.453125
136.0 5.234375
137.0 5.3046875
138.0 5.3671875
139.0 5.3046875
140.0 5.21875
141.0 5.46875
142.0 5.171875
143.0 1.1953125
144.0 9.6328125
145.0 5.53125
146.0 5.375
147.0 5.25
148.0 3.34375
149.0 7.4375
150.0 5.3984375
151.0 5.484375
152.0 5.3359375
153.0 5.3828125
154.0 5.1015625
155.0 5.25
156.0 5.34375
157.0 5.0078125
158.0 5.25
159.0 5.2265625
160.0 5.3984375
161.0 5.40625
162.0 5.234375
163.0 5.140625
164.0 5.1953125
165.0 5.34375
166.0 5.3828125
167.0 5.3515625
168.0 5.2265625
169.0 5.25
170.0 5.15625
171.0 5.34375
172.0 5.1875
173.0 5.53125
174.0 5.234375
175.0 5.203125
176.0 5.28125
177.0 5.1953125
178.0 5.234375
179.0 5.234375
180.0 5.203125
181.0 5.171875
182.0 5.203125
183.0 5.40625
184.0 5.1328125
185.0 5.21875
186.0 1.640625
187.0 8.921875
188.0 5.546875
189.0 5.34375
190.0 5.3359375
191.0 5.234375
192.0 2.8203125
193.0 6.765625
194.0 6.453125
195.0 5.2578125
196.0 5.15625
197.0 5.34375
198.0 5.53125
199.0 5.375
200.0 5.40625
201.0 5.28125
202.0 5.1328125
203.0 5.421875
204.0 5.1953125
205.0 5.2578125
206.0 5.1640625
207.0 4.0
208.0 6.65625
209.0 5.234375
210.0 5.4609375
211.0 5.3046875
212.0 5.28125
213.0 5.546875
214.0 5.34375
215.0 5.3828125
216.0 5.3046875
217.0 5.4296875
218.0 5.421875
219.0 5.234375
220.0 5.3046875
221.0 5.1953125
222.0 5.2734375
223.0 5.375
224.0 5.5859375
225.0 5.4609375
226.0 5.2734375
227.0 5.3125
228.0 5.25
229.0 4.953125
230.0 5.1015625
231.0 5.40625
232.0 5.1953125
233.0 5.2890625
234.0 4.921875
235.0 5.7265625
236.0 5.0078125
237.0 5.5234375
238.0 5.3046875
239.0 1.078125
240.0 9.09375
241.0 5.2265625
242.0 4.78125
243.0 5.015625
244.0 5.0859375
245.0 5.015625
246.0 5.0859375
247.0 5.0859375
248.0 5.0859375
249.0 5.015625
250.0 5.140625
251.0 2.984375
252.0 7.4921875
253.0 5.2578125
254.0 5.3515625
255.0 5.3828125
256.0 5.234375
257.0 5.34375
258.0 5.3828125
259.0 5.078125
260.0 2.8671875
261.0 8.046875
262.0 5.4296875
263.0 5.3125
264.0 5.3671875
265.0 5.421875
266.0 0.6015625
267.0 10.078125
268.0 5.4296875
269.0 5.3828125
270.0 5.4609375
271.0 5.3046875
272.0 5.0546875
273.0 5.1328125
274.0 5.25
275.0 5.125
276.0 5.0546875
277.0 5.1875
278.0 5.28125
279.0 5.109375
280.0 5.28125
281.0 5.1640625
282.0 5.3515625
283.0 5.234375
284.0 5.3984375
285.0 5.234375
286.0 5.2265625
287.0 5.2734375
288.0 5.125
289.0 5.2734375
290.0 5.1328125
291.0 5.015625
292.0 3.9765625
293.0 6.1875
294.0 5.3046875
295.0 5.0703125
296.0 5.046875
297.0 4.9453125
298.0 5.078125
299.0 4.9921875
300.0 5.078125
301.0 5.1953125
302.0 5.125
303.0 5.0546875
304.0 5.21875
305.0 5.2578125
306.0 5.2734375
307.0 5.140625
308.0 5.40625
309.0 5.2890625
310.0 5.3828125
311.0 5.0703125
312.0 5.171875
313.0 4.5
314.0 6.0
315.0 5.3125
316.0 5.1875
317.0 5.375
318.0 5.125
319.0 5.3046875
320.0 5.1015625
321.0 1.984375
322.0 8.5703125
323.0 5.421875
324.0 5.5
325.0 5.0859375
326.0 5.5546875
327.0 5.3515625
328.0 5.28125
329.0 5.4375
330.0 5.375
331.0 5.15625
332.0 5.28125
333.0 5.40625
334.0 3.7734375
335.0 6.7734375
336.0 5.40625
337.0 5.3671875
338.0 5.46875
339.0 5.421875
340.0 5.2578125
341.0 5.4375
342.0 5.375
343.0 5.28125
344.0 5.3203125
345.0 5.3125
346.0 5.2578125
347.0 5.3671875
348.0 5.2890625
349.0 5.046875
350.0 1.1171875
351.0 9.59375
352.0 5.46875
353.0 5.2890625
354.0 5.5
355.0 5.4921875
356.0 5.21875
357.0 5.40625
358.0 5.2734375
359.0 5.421875
360.0 5.3046875
361.0 5.25
362.0 5.2265625
363.0 5.4921875
364.0 5.21875
365.0 5.0859375
366.0 5.375
367.0 5.15625
368.0 1.328125
369.0 9.5078125
370.0 5.3203125
371.0 5.4375
372.0 5.3046875
373.0 5.3828125
374.0 1.859375
375.0 8.765625
376.0 5.2734375
377.0 5.2734375
378.0 5.1875
379.0 5.3203125
380.0 5.2578125
381.0 5.234375
382.0 5.3203125
383.0 1.7890625
384.0 8.375
385.0 5.6015625
386.0 5.3203125
387.0 5.1953125
388.0 5.2890625
389.0 3.90625
390.0 6.5859375
391.0 5.3671875
392.0 5.46875
393.0 5.3515625
394.0 5.375
395.0 5.6328125
396.0 5.234375
397.0 5.1953125
398.0 5.3828125
399.0 5.3515625
400.0 5.34375
401.0 5.453125
402.0 5.1875
403.0 5.40625
404.0 0.4921875
405.0 10.2265625
406.0 2.9296875
407.0 8.03125
408.0 5.453125
409.0 4.4296875
410.0 6.2890625
411.0 5.6171875
412.0 5.515625
413.0 5.375
414.0 5.2734375
415.0 5.34375
416.0 5.34375
417.0 5.4609375
418.0 5.3359375
419.0 5.3046875
420.0 5.5859375
421.0 5.40625
422.0 5.3515625
423.0 5.46875
424.0 5.28125
425.0 5.3203125
426.0 5.2265625
427.0 5.1953125
428.0 5.34375
429.0 5.4921875
430.0 5.1875
431.0 5.078125
432.0 5.25
433.0 5.4375
434.0 5.46875
435.0 5.2734375
436.0 5.3125
437.0 5.5234375
438.0 5.34375
439.0 5.3125
440.0 5.3671875
441.0 5.3046875
442.0 5.15625
443.0 5.15625
444.0 5.4296875
445.0 5.453125
446.0 5.5546875
447.0 5.34375
448.0 5.4921875
449.0 5.3984375
450.0 5.421875
451.0 5.21875
452.0 5.2578125
453.0 5.2578125
454.0 5.421875
455.0 5.2265625
456.0 5.4609375
457.0 5.3046875
458.0 5.421875
459.0 5.3828125
460.0 5.421875
461.0 5.3125
462.0 5.53125
463.0 2.7890625
464.0 7.9921875
465.0 5.5625
466.0 5.3984375
467.0 5.4609375
468.0 5.546875
469.0 5.25
470.0 5.5625
471.0 1.734375
472.0 9.0078125
473.0 5.25
474.0 5.34375
475.0 5.28125
476.0 5.21875
477.0 5.2890625
478.0 5.453125
479.0 5.3125
480.0 5.140625
481.0 5.21875
482.0 4.9921875
483.0 5.109375
484.0 3.5234375
485.0 6.5859375
486.0 5.4375
487.0 5.5546875
488.0 5.34375
489.0 5.3984375
490.0 5.640625
491.0 2.90625
492.0 8.0
493.0 5.46875
494.0 5.34375
495.0 5.4921875
496.0 5.2578125
497.0 5.25
498.0 5.3203125
499.0 5.4296875
500.0 5.515625
501.0 5.2890625
502.0 5.484375
503.0 5.578125
504.0 5.3515625
505.0 5.3125
506.0 5.375
507.0 5.4296875
508.0 2.1171875
509.0 8.5703125
510.0 5.484375
511.0 5.703125
512.0 5.5625
513.0 5.578125
514.0 5.5859375
515.0 5.4296875
516.0 5.421875
517.0 5.4296875
518.0 5.5859375
519.0 5.2890625
520.0 5.421875
521.0 5.40625
522.0 5.4609375
523.0 5.421875
524.0 5.3359375
525.0 5.4375
526.0 4.625
527.0 1.328125
528.0 9.6953125
529.0 5.0234375
530.0 5.2734375
531.0 5.40625
532.0 5.5546875
533.0 5.2734375
534.0 5.40625
535.0 5.4375
536.0 5.3828125
537.0 5.171875
538.0 5.25
539.0 5.5
540.0 5.578125
541.0 5.3515625
542.0 3.0859375
543.0 7.6640625
544.0 5.3984375
545.0 5.4375
546.0 5.0859375
547.0 5.7109375
548.0 5.515625
549.0 5.5546875
550.0 5.3984375
551.0 3.7109375
552.0 7.2578125
553.0 5.6015625
554.0 5.4375
555.0 5.4296875
556.0 5.3046875
557.0 5.6328125
558.0 5.3359375
559.0 5.4921875
560.0 5.4921875
561.0 5.53125
562.0 5.2890625
563.0 5.46875
564.0 5.5546875
565.0 5.53125
566.0 5.484375
567.0 5.671875
568.0 5.453125
569.0 5.46875
570.0 5.4921875
571.0 5.21875
572.0 5.21875
573.0 5.3984375
574.0 5.546875
575.0 5.578125
576.0 5.53125
577.0 5.6953125
578.0 5.2734375
579.0 5.46875
580.0 5.4921875
581.0 3.703125
582.0 6.796875
583.0 5.3984375
584.0 5.40625
585.0 5.21875
586.0 5.3203125
587.0 5.1015625
588.0 5.9140625
589.0 5.3671875
590.0 5.234375
591.0 5.453125
592.0 5.6484375
593.0 5.453125
594.0 5.3359375
595.0 5.421875
596.0 5.6640625
597.0 5.5625
598.0 5.609375
599.0 5.578125
