0.0 4.7421875
1.0 5.0546875
2.0 5.1015625
3.0 4.953125
4.0 1.7421875
5.0 7.9296875
6.0 4.9296875
7.0 4.984375
8.0 4.859375
9.0 4.8046875
10.0 4.84375
11.0 4.84375
12.0 4.3671875
13.0 4.75
14.0 4.6953125
15.0 4.9609375
16.0 4.7421875
17.0 3.3828125
18.0 6.8828125
19.0 5.1328125
20.0 4.9453125
21.0 4.5703125
22.0 4.2421875
23.0 4.0703125
24.0 4.3671875
25.0 4.234375
26.0 3.90625
27.0 4.0234375
28.0 3.890625
29.0 3.7578125
30.0 5.3671875
31.0 4.234375
32.0 4.7734375
33.0 4.78125
34.0 4.5703125
35.0 1.015625
36.0 9.1953125
37.0 4.6875
38.0 4.859375
39.0 4.6484375
40.0 4.3515625
41.0 4.5625
42.0 4.3359375
43.0 4.25
44.0 4.09375
45.0 4.796875
46.0 4.5703125
47.0 4.7578125
48.0 4.03125
49.0 5.546875
50.0 4.953125
51.0 4.890625
52.0 4.6953125
53.0 2.671875
54.0 7.125
55.0 4.7109375
56.0 4.6328125
57.0 5.015625
58.0 4.90625
59.0 4.9609375
60.0 5.0546875
61.0 2.8515625
62.0 7.65625
63.0 5.25
64.0 5.109375
65.0 5.1953125
66.0 4.953125
67.0 5.0859375
68.0 5.078125
69.0 4.515625
70.0 5.84375
71.0 4.9765625
72.0 5.109375
73.0 5.0546875
74.0 5.203125
75.0 3.84375
76.0 6.3359375
77.0 5.0390625
78.0 5.1015625
79.0 5.125
80.0 5.1015625
81.0 5.2265625
82.0 5.0546875
83.0 5.0546875
84.0 5.046875
85.0 4.9609375
86.0 4.8984375
87.0 5.0859375
88.0 5.1015625
89.0 5.1328125
90.0 1.65625
91.0 8.421875
92.0 4.9921875
93.0 4.9609375
94.0 5.0859375
95.0 2.0625
96.0 8.0625
97.0 5.421875
98.0 5.3125
99.0 2.9921875
100.0 7.09375
101.0 4.9453125
102.0 4.6875
103.0 4.8046875
104.0 1.828125
105.0 8.015625
106.0 4.546875
107.0 4.8125
108.0 4.6953125
109.0 4.65625
110.0 4.90625
111.0 5.2578125
112.0 5.171875
113.0 5.21875
114.0 4.984375
115.0 5.3203125
116.0 5.1640625
117.0 5.0546875
118.0 2.0078125
119.0 8.265625
120.0 5.421875
121.0 5.4296875
122.0 5.3984375
123.0 5.21875
124.0 4.4140625
125.0 5.7890625
126.0 5.3203125
127.0 5.0703125
128.0 5.234375
129.0 5.2265625
130.0 5.2265625
131.0 5.46875
132.0 5.3984375
133.0 5.5546875
134.0 5.3671875
135.0 5.3984375
136.0 5.1015625
137.0 5.578125
138.0 5.203125
139.0 4.9765625
140.0 4.90625
141.0 5.140625
142.0 5.0078125
143.0 5.34375
144.0 5.453125
145.0 5.3515625
146.0 5.2734375
147.0 4.9921875
148.0 1.734375
149.0 8.2890625
150.0 5.3203125
151.0 5.15625
152.0 4.9921875
153.0 5.2578125
154.0 5.375
155.0 5.4375
156.0 5.2578125
157.0 5.1875
158.0 5.34375
159.0 5.421875
160.0 5.4921875
161.0 5.171875
162.0 5.1640625
163.0 5.453125
164.0 5.3046875
165.0 5.1640625
166.0 5.0703125
167.0 5.203125
168.0 4.6015625
169.0 5.8828125
170.0 1.9765625
171.0 8.40625
172.0 5.1015625
173.0 4.9453125
174.0 4.578125
175.0 4.8359375
176.0 5.0390625
177.0 5.3203125
178.0 5.1640625
179.0 5.2890625
180.0 1.7890625
181.0 7.484375
182.0 5.0078125
183.0 4.953125
184.0 1.828125
185.0 8.0625
186.0 5.25
187.0 5.15625
188.0 5.0859375
189.0 5.140625
190.0 4.875
191.0 4.984375
192.0 5.0234375
193.0 4.78125
194.0 4.921875
195.0 5.15625
196.0 4.6953125
197.0 4.6328125
198.0 4.4453125
199.0 4.359375
200.0 4.625
201.0 4.890625
202.0 4.9453125
203.0 4.8984375
204.0 4.890625
205.0 4.71875
206.0 4.9453125
207.0 4.3828125
208.0 1.0859375
209.0 9.6640625
210.0 4.921875
211.0 4.9921875
212.0 0.765625
213.0 9.2109375
214.0 4.6796875
215.0 4.890625
216.0 4.8671875
217.0 5.0078125
218.0 5.046875
219.0 5.0390625
220.0 5.2890625
221.0 5.0859375
222.0 5.140625
223.0 1.2265625
224.0 8.9140625
225.0 4.3046875
226.0 3.5234375
227.0 4.90625
228.0 5.125
229.0 4.7421875
230.0 4.8046875
231.0 4.9453125
232.0 5.1953125
233.0 4.203125
234.0 3.28125
235.0 8.296875
236.0 5.171875
237.0 5.2890625
238.0 5.1640625
239.0 5.1640625
240.0 5.1953125
241.0 5.0234375
242.0 5.078125
243.0 5.140625
244.0 4.890625
245.0 4.9765625
246.0 4.8359375
247.0 4.484375
248.0 0.96875
249.0 7.5390625
250.0 4.7265625
251.0 4.90625
252.0 5.2265625
253.0 1.09375
254.0 9.578125
255.0 5.125
256.0 5.3046875
257.0 5.015625
258.0 4.8671875
259.0 5.234375
260.0 5.140625
261.0 5.1015625
262.0 5.1015625
263.0 5.0390625
264.0 5.109375
265.0 5.0703125
266.0 3.4453125
267.0 7.1015625
268.0 5.0390625
269.0 5.0234375
270.0 5.3828125
271.0 4.9296875
272.0 3.4765625
273.0 1.0546875
274.0 9.25
275.0 4.9296875
276.0 4.953125
277.0 4.9609375
278.0 2.0859375
279.0 7.9921875
280.0 4.84375
281.0 4.828125
282.0 4.9453125
283.0 4.890625
284.0 1.8046875
285.0 7.96875
286.0 4.9921875
287.0 4.9609375
288.0 1.8203125
289.0 8.046875
290.0 4.90625
291.0 4.90625
292.0 4.8984375
293.0 5.078125
294.0 4.828125
295.0 4.890625
296.0 4.890625
297.0 5.046875
298.0 5.140625
299.0 5.125
300.0 5.1640625
301.0 4.9453125
302.0 4.546875
303.0 4.1796875
304.0 5.1328125
305.0 5.1875
306.0 5.2578125
307.0 5.046875
308.0 4.875
309.0 4.6875
310.0 5.2890625
311.0 5.4296875
312.0 5.421875
313.0 5.4375
314.0 5.3046875
315.0 2.6953125
316.0 0.8515625
317.0 0.0
318.0 15.4765625
319.0 5.3046875
320.0 5.046875
321.0 4.4296875
322.0 2.5390625
323.0 6.140625
324.0 4.5703125
325.0 4.3359375
326.0 5.0546875
327.0 5.2265625
328.0 5.3125
329.0 5.234375
330.0 0.9921875
331.0 9.71875
332.0 5.15625
333.0 5.21875
334.0 4.953125
335.0 4.7265625
336.0 5.1328125
337.0 5.0234375
338.0 4.9765625
339.0 4.7421875
340.0 1.5546875
341.0 7.0625
342.0 5.1640625
343.0 5.0546875
344.0 4.9296875
345.0 4.6796875
346.0 3.078125
347.0 3.2890625
348.0 2.234375
349.0 7.2109375
350.0 1.9140625
351.0 8.171875
352.0 4.6875
353.0 4.796875
354.0 4.546875
355.0 4.09375
356.0 4.6484375
357.0 4.609375
358.0 4.59375
359.0 4.6875
360.0 4.609375
361.0 4.7265625
362.0 4.453125
363.0 3.0390625
364.0 6.4375
365.0 4.8359375
366.0 4.90625
367.0 4.4765625
368.0 4.6796875
369.0 4.6484375
370.0 4.6953125
371.0 4.6328125
372.0 4.28125
373.0 4.2421875
374.0 3.2265625
375.0 6.109375
376.0 4.59375
377.0 4.6640625
378.0 4.6015625
379.0 4.90625
380.0 0.2890625
381.0 9.0078125
382.0 4.5390625
383.0 4.5703125
384.0 4.65625
385.0 4.5
386.0 4.6328125
387.0 4.6953125
388.0 4.0625
389.0 4.1328125
390.0 4.1875
391.0 4.5
392.0 4.84375
393.0 3.046875
394.0 6.9140625
395.0 5.1953125
396.0 5.3359375
397.0 4.6953125
398.0 1.109375
399.0 8.8046875
400.0 4.609375
401.0 5.015625
402.0 4.75
403.0 3.703125
404.0 4.0703125
405.0 5.109375
406.0 5.1640625
407.0 4.8984375
408.0 4.265625
409.0 3.8203125
410.0 2.515625
411.0 5.828125
412.0 5.046875
413.0 4.6484375
414.0 5.0078125
415.0 5.1640625
416.0 4.0234375
417.0 6.5
418.0 5.125
419.0 5.1328125
420.0 4.984375
421.0 5.53125
422.0 5.3515625
423.0 5.0234375
424.0 5.1953125
425.0 5.3828125
426.0 5.4375
427.0 5.3359375
428.0 5.2265625
429.0 0.8828125
430.0 9.8046875
431.0 5.046875
432.0 5.3359375
433.0 1.3828125
434.0 8.765625
435.0 4.921875
436.0 5.0078125
437.0 4.9921875
438.0 4.9921875
439.0 4.90625
440.0 5.3359375
441.0 5.28125
442.0 5.15625
443.0 5.015625
444.0 5.109375
445.0 4.984375
446.0 2.75
447.0 7.8671875
448.0 5.140625
449.0 5.1328125
450.0 5.3046875
451.0 2.890625
452.0 7.2890625
453.0 5.15625
454.0 5.0390625
455.0 4.6015625
456.0 4.859375
457.0 5.078125
458.0 5.1875
459.0 5.1953125
460.0 4.9609375
461.0 4.6484375
462.0 1.8984375
463.0 7.7890625
464.0 5.0390625
465.0 4.9921875
466.0 5.21875
467.0 5.1875
468.0 1.984375
469.0 7.8125
470.0 4.7734375
471.0 4.8984375
472.0 4.6484375
473.0 5.078125
474.0 5.015625
475.0 4.9921875
476.0 1.796875
477.0 7.4296875
478.0 4.71875
479.0 4.5703125
480.0 4.4453125
481.0 4.4765625
482.0 4.546875
483.0 4.5703125
484.0 4.7734375
485.0 4.7734375
486.0 4.75
487.0 4.5390625
488.0 4.4140625
489.0 4.46875
490.0 4.4453125
491.0 4.6796875
492.0 1.640625
493.0 7.1640625
494.0 4.6953125
495.0 4.6640625
496.0 4.265625
497.0 4.1796875
498.0 1.8203125
499.0 7.65625
500.0 4.546875
501.0 4.6953125
502.0 4.328125
503.0 4.46875
504.0 4.453125
505.0 4.296875
506.0 4.7421875
507.0 4.71875
508.0 4.8125
509.0 4.8046875
510.0 4.8359375
511.0 4.8671875
512.0 3.7734375
513.0 5.859375
514.0 4.9765625
515.0 4.9453125
516.0 3.9375
517.0 5.9140625
518.0 5.046875
519.0 2.625
520.0 7.21875
521.0 4.7265625
522.0 4.7421875
523.0 4.8984375
524.0 5.078125
525.0 5.2265625
526.0 5.109375
527.0 4.6796875
528.0 5.3515625
529.0 5.140625
530.0 4.609375
531.0 4.984375
532.0 4.9609375
533.0 5.125
534.0 5.078125
535.0 5.0546875
536.0 4.71875
537.0 4.7109375
538.0 3.8515625
539.0 2.15625
540.0 2.90625
541.0 4.6796875
542.0 2.8125
543.0 7.1953125
544.0 4.984375
545.0 4.7578125
546.0 3.5234375
547.0 5.96875
548.0 4.65625
549.0 4.796875
550.0 4.609375
551.0 4.7734375
552.0 4.8671875
553.0 5.0546875
554.0 4.46875
555.0 2.6328125
556.0 3.5546875
557.0 4.59375
558.0 4.890625
559.0 3.3125
560.0 6.2890625
561.0 4.7109375
562.0 4.8125
563.0 4.8671875
564.0 4.9921875
565.0 4.296875
566.0 5.6015625
567.0 4.6484375
568.0 4.8671875
569.0 4.78125
570.0 4.6796875
571.0 4.7421875
572.0 4.7109375
573.0 4.609375
574.0 4.0859375
575.0 4.90625
576.0 4.78125
577.0 4.8125
578.0 3.0390625
579.0 6.6484375
580.0 5.15625
581.0 5.1640625
582.0 4.84375
583.0 1.421875
584.0 8.0859375
585.0 5.0078125
586.0 4.75
587.0 4.75
588.0 4.8671875
589.0 4.6796875
590.0 1.8359375
591.0 7.359375
592.0 4.796875
593.0 4.7109375
594.0 4.75
595.0 4.7734375
596.0 4.7421875
597.0 4.7578125
598.0 4.7265625
599.0 4.8671875
