0.0 4.875
1.0 3.9921875
2.0 6.453125
3.0 7.375
4.0 2.3984375
5.0 0.0
6.0 0.0
7.0 5.6328125
8.0 6.8671875
9.0 3.890625
10.0 11.3359375
11.0 7.5703125
12.0 7.4921875
13.0 5.6015625
14.0 5.859375
15.0 7.9609375
16.0 6.8984375
17.0 6.796875
18.0 6.75
19.0 6.84375
20.0 4.0078125
21.0 3.5859375
22.0 3.2265625
23.0 3.7578125
24.0 3.703125
25.0 0.0
26.0 6.6171875
27.0 1.328125
28.0 0.8359375
29.0 1.65625
30.0 3.21875
31.0 2.3984375
32.0 4.171875
33.0 5.640625
34.0 3.140625
35.0 0.8203125
36.0 7.078125
37.0 3.953125
38.0 5.3125
39.0 7.78125
40.0 7.0625
41.0 4.7578125
42.0 2.6640625
43.0 0.3359375
44.0 7.359375
45.0 3.28125
46.0 5.1640625
47.0 4.2421875
48.0 3.7109375
49.0 2.7890625
50.0 1.296875
51.0 5.3828125
52.0 2.3984375
53.0 2.8671875
54.0 4.171875
55.0 5.78125
56.0 5.640625
57.0 5.0859375
58.0 4.78125
59.0 1.734375
60.0 1.1328125
61.0 3.7421875
62.0 5.78125
63.0 4.15625
64.0 2.125
65.0 5.7890625
66.0 3.5859375
67.0 7.03125
68.0 8.2421875
69.0 7.375
70.0 6.921875
71.0 5.875
72.0 4.0859375
73.0 4.6796875
74.0 6.0390625
75.0 3.6171875
76.0 4.8984375
77.0 7.4375
78.0 7.703125
79.0 6.15625
80.0 8.03125
81.0 7.578125
82.0 6.3203125
83.0 3.1328125
84.0 10.5
85.0 3.8046875
86.0 11.453125
87.0 7.8359375
88.0 7.9921875
89.0 6.234375
90.0 1.078125
91.0 1.1953125
92.0 1.984375
93.0 1.8984375
94.0 2.328125
95.0 3.1328125
96.0 6.125
97.0 7.734375
98.0 2.671875
99.0 8.2265625
100.0 5.734375
101.0 4.28125
102.0 4.4765625
103.0 7.15625
104.0 7.765625
105.0 7.046875
106.0 6.3203125
107.0 4.28125
108.0 7.1640625
109.0 7.7265625
110.0 5.2578125
111.0 5.3515625
112.0 6.0
113.0 6.40625
114.0 7.0390625
115.0 6.5
116.0 5.484375
117.0 7.84375
118.0 6.6640625
119.0 4.4765625
120.0 6.7734375
121.0 7.3671875
122.0 6.453125
123.0 7.0625
124.0 7.4609375
125.0 6.9921875
126.0 6.921875
127.0 7.375
128.0 6.859375
129.0 5.8125
130.0 3.7890625
131.0 8.1953125
132.0 8.0234375
133.0 7.71875
134.0 8.390625
135.0 7.9296875
136.0 7.359375
137.0 7.46875
138.0 3.9140625
139.0 7.1640625
140.0 7.359375
141.0 7.5859375
142.0 7.3359375
143.0 7.1796875
144.0 2.265625
145.0 9.984375
146.0 6.9921875
147.0 6.828125
148.0 2.0859375
149.0 10.140625
150.0 4.09375
151.0 3.015625
152.0 2.7734375
153.0 2.1640625
154.0 1.4453125
155.0 3.7734375
156.0 4.828125
157.0 3.46875
158.0 4.4453125
159.0 4.1796875
160.0 3.5859375
161.0 5.828125
162.0 3.625
163.0 4.3359375
164.0 4.78125
165.0 1.296875
166.0 7.4609375
167.0 4.453125
168.0 3.734375
169.0 4.5390625
170.0 3.4375
171.0 3.6953125
172.0 5.3359375
173.0 5.28125
174.0 4.1875
175.0 3.3203125
176.0 5.0234375
177.0 4.9921875
178.0 2.09375
179.0 6.3046875
180.0 3.7578125
181.0 3.859375
182.0 5.875
183.0 3.7890625
184.0 8.65625
185.0 7.6640625
186.0 8.1171875
187.0 6.421875
188.0 3.7265625
189.0 2.1015625
190.0 3.625
191.0 7.3046875
192.0 8.0546875
193.0 8.2890625
194.0 5.5234375
195.0 1.9375
196.0 9.6328125
197.0 3.8515625
198.0 10.6171875
199.0 6.09375
200.0 3.640625
201.0 3.9765625
202.0 4.515625
203.0 3.953125
204.0 3.65625
205.0 3.21875
206.0 3.96875
207.0 4.15625
208.0 5.515625
209.0 6.359375
210.0 2.3046875
211.0 7.1796875
212.0 6.53125
213.0 6.71875
214.0 5.2890625
215.0 4.0859375
216.0 5.609375
217.0 6.84375
218.0 7.9453125
219.0 7.8125
220.0 7.390625
221.0 7.2578125
222.0 7.546875
223.0 3.8046875
224.0 8.1328125
225.0 6.8125
226.0 6.9453125
227.0 7.140625
228.0 6.390625
229.0 6.171875
230.0 7.5546875
231.0 3.7578125
232.0 10.28125
233.0 6.984375
234.0 6.3046875
235.0 6.59375
236.0 6.984375
237.0 6.71875
238.0 4.265625
239.0 4.171875
240.0 5.1328125
241.0 4.2734375
242.0 4.1484375
243.0 4.9296875
244.0 5.8203125
245.0 4.7265625
246.0 6.5546875
247.0 4.2421875
248.0 4.0234375
249.0 2.609375
250.0 3.2578125
251.0 0.3125
252.0 4.546875
253.0 1.953125
254.0 7.140625
255.0 7.390625
256.0 5.453125
257.0 6.2890625
258.0 7.8203125
259.0 7.6953125
260.0 6.9609375
261.0 4.1328125
262.0 0.8984375
263.0 10.53125
264.0 5.3671875
265.0 6.71875
266.0 5.8203125
267.0 7.046875
268.0 7.5390625
269.0 6.859375
270.0 5.0546875
271.0 8.5390625
272.0 6.7421875
273.0 5.671875
274.0 3.8515625
275.0 3.25
276.0 3.46875
277.0 2.9609375
278.0 3.2890625
279.0 4.8984375
280.0 3.3125
281.0 3.2890625
282.0 0.5546875
283.0 8.2265625
284.0 3.59375
285.0 4.1015625
286.0 3.265625
287.0 3.171875
288.0 2.1328125
289.0 0.1875
290.0 0.0
291.0 9.28125
292.0 6.6015625
293.0 7.25
294.0 6.84375
295.0 6.984375
296.0 6.9765625
297.0 6.9296875
298.0 6.59375
299.0 5.3671875
300.0 4.6796875
301.0 5.515625
302.0 6.4140625
303.0 4.53125
304.0 9.046875
305.0 7.046875
306.0 4.53125
307.0 1.1953125
308.0 8.9140625
309.0 6.5
310.0 7.0625
311.0 7.2578125
312.0 3.6796875
313.0 2.609375
314.0 8.9140625
315.0 2.8125
316.0 2.6328125
317.0 3.828125
318.0 4.875
319.0 5.703125
320.0 5.109375
321.0 5.2265625
322.0 4.25
323.0 3.4921875
324.0 4.6328125
325.0 3.9765625
326.0 1.609375
327.0 6.5703125
328.0 5.515625
329.0 5.1015625
330.0 5.9765625
331.0 6.953125
332.0 5.9609375
333.0 3.84375
334.0 0.8046875
335.0 4.71875
336.0 4.390625
337.0 5.0859375
338.0 3.9140625
339.0 2.8203125
340.0 2.484375
341.0 3.734375
342.0 0.0
343.0 5.671875
344.0 2.75
345.0 2.3671875
346.0 0.9140625
347.0 0.6171875
348.0 0.3984375
349.0 0.6015625
350.0 1.8203125
351.0 0.8515625
352.0 1.3203125
353.0 2.671875
354.0 2.0703125
355.0 3.1640625
356.0 1.421875
357.0 0.0
358.0 6.2890625
359.0 0.7265625
360.0 0.71875
361.0 1.640625
362.0 2.7578125
363.0 0.8828125
364.0 0.0
365.0 11.0234375
366.0 5.046875
367.0 2.03125
368.0 0.8515625
369.0 0.8359375
370.0 0.71875
371.0 0.6328125
372.0 2.515625
373.0 3.5
374.0 8.1328125
375.0 5.2890625
376.0 3.96875
377.0 3.8515625
378.0 4.8046875
379.0 5.890625
380.0 5.6328125
381.0 4.9921875
382.0 4.796875
383.0 6.484375
384.0 6.0234375
385.0 4.5078125
386.0 2.1171875
387.0 5.609375
388.0 2.984375
389.0 3.765625
390.0 4.875
391.0 6.15625
392.0 5.75
393.0 6.0078125
394.0 4.796875
395.0 2.375
396.0 10.625
397.0 2.390625
398.0 8.46875
399.0 2.5234375
400.0 3.078125
401.0 2.7734375
402.0 2.3671875
403.0 1.8359375
404.0 2.046875
405.0 2.421875
406.0 3.8203125
407.0 2.8203125
408.0 6.6875
409.0 8.1484375
410.0 6.6796875
411.0 5.796875
412.0 5.84375
413.0 5.8203125
414.0 4.8359375
415.0 5.53125
416.0 4.59375
417.0 6.8671875
418.0 3.734375
419.0 3.4453125
420.0 6.9296875
421.0 6.78125
422.0 6.84375
423.0 7.046875
424.0 7.6328125
425.0 7.109375
426.0 7.0625
427.0 7.21875
428.0 6.421875
429.0 2.71875
430.0 7.8828125
431.0 2.4609375
432.0 6.3828125
433.0 3.0546875
434.0 6.7734375
435.0 2.328125
436.0 8.203125
437.0 5.4375
438.0 5.9296875
439.0 5.9296875
440.0 5.84375
441.0 5.90625
442.0 2.1640625
443.0 3.1484375
444.0 3.84375
445.0 3.7421875
446.0 3.3125
447.0 6.140625
448.0 4.65625
449.0 6.84375
450.0 3.4609375
451.0 7.9375
452.0 5.5625
453.0 4.171875
454.0 7.6875
455.0 3.0859375
456.0 6.3671875
457.0 6.5625
458.0 4.484375
459.0 6.5625
460.0 7.0390625
461.0 6.234375
462.0 6.890625
463.0 2.640625
464.0 10.28125
465.0 7.546875
466.0 7.9375
467.0 7.5859375
468.0 8.4375
469.0 7.8203125
470.0 3.6484375
471.0 2.6015625
472.0 7.2734375
473.0 7.84375
474.0 7.9453125
475.0 6.765625
476.0 6.5859375
477.0 4.1015625
478.0 11.0546875
479.0 7.2265625
480.0 6.6328125
481.0 7.5390625
482.0 6.71875
483.0 7.109375
484.0 8.3203125
485.0 5.3515625
486.0 3.65625
487.0 6.78125
488.0 7.4375
489.0 8.109375
490.0 8.4921875
491.0 8.3828125
492.0 8.09375
493.0 3.703125
494.0 12.9765625
495.0 6.5
496.0 7.5234375
497.0 8.4453125
498.0 7.03125
499.0 4.5078125
500.0 8.40625
501.0 4.1796875
502.0 3.0234375
503.0 5.2265625
504.0 4.78125
505.0 3.65625
506.0 8.203125
507.0 5.015625
508.0 2.453125
509.0 3.2265625
510.0 4.2734375
511.0 3.7421875
512.0 4.25
513.0 4.7265625
514.0 1.8203125
515.0 2.59375
516.0 7.375
517.0 7.75
518.0 6.5
519.0 2.1796875
520.0 12.34375
521.0 5.25
522.0 6.6015625
523.0 7.15625
524.0 7.734375
525.0 7.6640625
526.0 7.21875
527.0 7.515625
528.0 7.8203125
529.0 4.65625
530.0 11.1875
531.0 4.546875
532.0 4.3984375
533.0 6.4140625
534.0 6.2109375
535.0 6.109375
536.0 7.75
537.0 7.90625
538.0 6.328125
539.0 4.90625
540.0 6.421875
541.0 8.4140625
542.0 8.2578125
543.0 3.765625
544.0 11.5625
545.0 6.09375
546.0 8.2109375
547.0 6.7421875
548.0 7.484375
549.0 4.9453125
550.0 12.0859375
551.0 8.2109375
552.0 7.765625
553.0 7.6640625
554.0 8.2421875
555.0 7.3125
556.0 7.40625
557.0 8.71875
558.0 7.796875
559.0 7.8984375
560.0 8.328125
561.0 5.8515625
562.0 7.0625
563.0 7.7578125
564.0 7.90625
565.0 4.75
566.0 11.203125
567.0 4.59375
568.0 8.4609375
569.0 8.0546875
570.0 7.7890625
571.0 7.0390625
572.0 6.8671875
573.0 7.0703125
574.0 4.875
575.0 4.5390625
576.0 2.4765625
577.0 5.671875
578.0 4.09375
579.0 4.390625
580.0 5.5625
581.0 3.671875
582.0 6.8125
583.0 4.8359375
584.0 5.96875
585.0 6.3203125
586.0 4.796875
587.0 4.796875
588.0 5.1640625
589.0 5.5546875
590.0 2.25
591.0 7.109375
592.0 5.1015625
593.0 5.609375
594.0 6.359375
595.0 4.6953125
596.0 3.9765625
597.0 5.0234375
598.0 6.125
599.0 4.609375
