0.0 0.7265625
1.0 0.96875
2.0 1.59375
3.0 0.8046875
4.0 0.484375
5.0 0.3671875
6.0 0.328125
7.0 0.578125
8.0 0.5859375
9.0 1.5859375
10.0 0.765625
11.0 8.9140625
12.0 5.1328125
13.0 5.2578125
14.0 5.1015625
15.0 4.8984375
16.0 5.0546875
17.0 5.2265625
18.0 5.28125
19.0 5.171875
20.0 4.828125
21.0 5.1015625
22.0 5.3828125
23.0 2.9296875
24.0 0.0
25.0 8.1953125
26.0 5.046875
27.0 5.3515625
28.0 5.234375
29.0 5.203125
30.0 3.1171875
31.0 7.71875
32.0 4.9765625
33.0 4.9609375
34.0 5.0234375
35.0 4.0625
36.0 6.359375
37.0 5.0546875
38.0 5.3125
39.0 5.2890625
40.0 5.25
41.0 4.8671875
42.0 4.7421875
43.0 4.828125
44.0 4.578125
45.0 4.6328125
46.0 4.921875
47.0 5.171875
48.0 4.546875
49.0 2.625
50.0 7.1328125
51.0 5.0078125
52.0 4.8125
53.0 3.640625
54.0 6.3203125
55.0 4.5625
56.0 2.7265625
57.0 7.578125
58.0 5.21875
59.0 4.9609375
60.0 4.609375
61.0 4.75
62.0 5.3984375
63.0 5.6015625
64.0 3.171875
65.0 7.4296875
66.0 5.21875
67.0 5.578125
68.0 5.546875
69.0 4.7734375
70.0 5.1328125
71.0 4.875
72.0 5.3125
73.0 4.875
74.0 4.8984375
75.0 4.75
76.0 4.6328125
77.0 5.21875
78.0 5.46875
79.0 2.578125
80.0 7.5703125
81.0 4.9921875
82.0 5.2890625
83.0 4.7578125
84.0 2.234375
85.0 8.2421875
86.0 5.0390625
87.0 4.9765625
88.0 5.1640625
89.0 4.84375
90.0 4.65625
91.0 5.2265625
92.0 5.3046875
93.0 5.546875
94.0 4.9609375
95.0 4.796875
96.0 4.578125
97.0 1.203125
98.0 9.296875
99.0 5.5234375
100.0 5.203125
101.0 5.1875
102.0 3.046875
103.0 6.8671875
104.0 5.0546875
105.0 4.8125
106.0 5.2890625
107.0 4.984375
108.0 5.203125
109.0 5.203125
110.0 5.1328125
111.0 5.3359375
112.0 4.59375
113.0 5.3671875
114.0 5.515625
115.0 5.203125
116.0 4.890625
117.0 5.1875
118.0 4.4765625
119.0 4.578125
120.0 4.9296875
121.0 5.0859375
122.0 4.25
123.0 4.25
124.0 4.1015625
125.0 4.875
126.0 4.3515625
127.0 3.734375
128.0 5.171875
129.0 4.75
130.0 5.3515625
131.0 5.7578125
132.0 3.0390625
133.0 7.453125
134.0 5.0703125
135.0 5.140625
136.0 2.7734375
137.0 7.2890625
138.0 5.1015625
139.0 5.109375
140.0 2.90625
141.0 7.6328125
142.0 5.421875
143.0 4.953125
144.0 5.3828125
145.0 5.671875
146.0 5.4921875
147.0 5.3203125
148.0 4.9765625
149.0 4.9609375
150.0 5.0078125
151.0 4.7109375
152.0 4.71875
153.0 4.2109375
154.0 0.0
155.0 7.1875
156.0 2.234375
157.0 4.7421875
158.0 5.0390625
159.0 4.5
160.0 4.1328125
161.0 4.28125
162.0 4.546875
163.0 3.640625
164.0 0.140625
165.0 7.3203125
166.0 4.5390625
167.0 4.28125
168.0 4.59375
169.0 4.5
170.0 3.890625
171.0 3.7265625
172.0 0.375
173.0 7.21875
174.0 3.9453125
175.0 4.09375
176.0 3.546875
177.0 3.8046875
178.0 4.0
179.0 3.5859375
180.0 1.59375
181.0 1.9140625
182.0 2.9375
183.0 3.8046875
184.0 3.7890625
185.0 2.1953125
186.0 5.8203125
187.0 4.3515625
188.0 4.546875
189.0 3.921875
190.0 2.5625
191.0 6.40625
192.0 4.3671875
193.0 4.53125
194.0 4.890625
195.0 5.046875
196.0 4.7734375
197.0 4.8046875
198.0 4.546875
199.0 5.0390625
200.0 2.7890625
201.0 6.8671875
202.0 4.3828125
203.0 4.6015625
204.0 5.171875
205.0 5.15625
206.0 5.3046875
207.0 5.15625
208.0 5.609375
209.0 5.671875
210.0 5.4921875
211.0 5.1640625
212.0 5.3671875
213.0 4.9609375
214.0 2.375
215.0 8.3203125
216.0 4.1328125
217.0 5.453125
218.0 5.6328125
219.0 5.078125
220.0 4.890625
221.0 4.9296875
222.0 0.078125
223.0 9.25
224.0 4.71875
225.0 4.7109375
226.0 4.5390625
227.0 5.15625
228.0 5.34375
229.0 5.0859375
230.0 5.2578125
231.0 5.0546875
232.0 5.046875
233.0 3.0
234.0 6.8984375
235.0 5.2734375
236.0 5.0234375
237.0 5.171875
238.0 5.140625
239.0 5.28125
240.0 5.2578125
241.0 5.203125
242.0 4.8359375
243.0 5.2734375
244.0 4.9296875
245.0 4.9765625
246.0 1.890625
247.0 8.390625
248.0 5.0234375
249.0 4.953125
250.0 4.6875
251.0 4.5
252.0 0.78125
253.0 8.3203125
254.0 4.5390625
255.0 3.546875
256.0 4.8125
257.0 5.0078125
258.0 4.8671875
259.0 5.171875
260.0 4.90625
261.0 4.3359375
262.0 4.390625
263.0 4.7421875
264.0 1.8828125
265.0 6.3828125
266.0 4.7265625
267.0 5.125
268.0 3.828125
269.0 0.984375
270.0 8.3515625
271.0 3.9765625
272.0 5.46875
273.0 5.4375
274.0 5.21875
275.0 5.1015625
276.0 2.9296875
277.0 7.1875
278.0 2.8671875
279.0 6.3359375
280.0 4.546875
281.0 3.5546875
282.0 2.1328125
283.0 3.96875
284.0 4.8046875
285.0 5.1015625
286.0 4.875
287.0 5.1328125
288.0 4.8359375
289.0 4.25
290.0 4.328125
291.0 4.6796875
292.0 3.171875
293.0 5.4296875
294.0 2.90625
295.0 4.546875
296.0 4.7734375
297.0 4.8125
298.0 4.859375
299.0 4.859375
300.0 2.8671875
301.0 6.7421875
302.0 4.859375
303.0 4.84375
304.0 5.078125
305.0 4.8359375
306.0 4.71875
307.0 4.890625
308.0 4.1328125
309.0 5.3046875
310.0 5.0703125
311.0 5.2578125
312.0 4.328125
313.0 4.7421875
314.0 2.5625
315.0 6.84375
316.0 4.4140625
317.0 4.390625
318.0 2.71875
319.0 6.203125
320.0 4.3046875
321.0 4.6015625
322.0 4.8671875
323.0 4.78125
324.0 2.7109375
325.0 6.65625
326.0 2.8125
327.0 7.2421875
328.0 4.828125
329.0 4.609375
330.0 4.515625
331.0 4.8046875
332.0 4.796875
333.0 4.796875
334.0 4.3515625
335.0 3.9921875
336.0 4.0859375
337.0 4.4765625
338.0 2.78125
339.0 6.4453125
340.0 4.3359375
341.0 4.6875
342.0 4.71875
343.0 4.0859375
344.0 4.546875
345.0 5.0234375
346.0 3.078125
347.0 3.171875
348.0 4.421875
349.0 4.1875
350.0 4.6484375
351.0 4.0546875
352.0 3.4609375
353.0 5.875
354.0 4.7421875
355.0 4.7109375
356.0 4.328125
357.0 1.0859375
358.0 6.859375
359.0 4.875
360.0 4.8671875
361.0 5.15625
362.0 4.828125
363.0 4.7734375
364.0 4.7265625
365.0 4.484375
366.0 4.8984375
367.0 4.5
368.0 4.828125
369.0 4.5
370.0 3.5859375
371.0 5.3203125
372.0 4.859375
373.0 4.7578125
374.0 4.4140625
375.0 3.1640625
376.0 5.0703125
377.0 3.9921875
378.0 4.3671875
379.0 4.328125
380.0 4.0234375
381.0 3.203125
382.0 3.625
383.0 4.234375
384.0 3.625
385.0 3.5
386.0 4.484375
387.0 4.515625
388.0 1.765625
389.0 7.5234375
390.0 4.5625
391.0 4.203125
392.0 4.796875
393.0 4.8046875
394.0 4.4296875
395.0 2.1875
396.0 5.1328125
397.0 6.5078125
398.0 2.8203125
399.0 5.8203125
400.0 4.5
401.0 4.609375
402.0 4.296875
403.0 4.9609375
404.0 4.8984375
405.0 4.5390625
406.0 4.9921875
407.0 4.1484375
408.0 4.625
409.0 4.9921875
410.0 4.75
411.0 4.75
412.0 4.65625
413.0 0.0
414.0 8.6171875
415.0 4.359375
416.0 4.6796875
417.0 2.5390625
418.0 7.2734375
419.0 4.46875
420.0 4.3203125
421.0 4.453125
422.0 4.359375
423.0 4.28125
424.0 4.0859375
425.0 4.3046875
426.0 4.7265625
427.0 4.859375
428.0 4.65625
429.0 4.25
430.0 2.28125
431.0 0.6953125
432.0 8.8671875
433.0 4.6328125
434.0 4.53125
435.0 3.1640625
436.0 5.4609375
437.0 4.234375
438.0 4.453125
439.0 4.5
440.0 4.4765625
441.0 4.609375
442.0 4.484375
443.0 4.28125
444.0 4.3828125
445.0 4.453125
446.0 4.4765625
447.0 2.1328125
448.0 7.875
449.0 4.8671875
450.0 5.078125
451.0 4.7265625
452.0 4.25
453.0 4.265625
454.0 4.234375
455.0 3.953125
456.0 4.3359375
457.0 4.4296875
458.0 4.7109375
459.0 2.515625
460.0 6.4453125
461.0 4.6875
462.0 4.4765625
463.0 4.515625
464.0 4.6953125
465.0 4.5078125
466.0 4.4453125
467.0 4.4765625
468.0 0.6875
469.0 7.40625
470.0 3.625
471.0 4.265625
472.0 4.6015625
473.0 4.1171875
474.0 3.875
475.0 3.609375
476.0 4.390625
477.0 4.09375
478.0 4.0546875
479.0 3.890625
480.0 3.9140625
481.0 2.90625
482.0 0.0
483.0 8.34375
484.0 1.984375
485.0 5.53125
486.0 3.4609375
487.0 3.8046875
488.0 4.09375
489.0 3.8046875
490.0 3.890625
491.0 4.0625
492.0 4.21875
493.0 4.0390625
494.0 4.0546875
495.0 4.2109375
496.0 4.0390625
497.0 3.6484375
498.0 1.5625
499.0 5.9765625
500.0 4.203125
501.0 4.0390625
502.0 4.03125
503.0 3.84375
504.0 0.0
505.0 8.328125
506.0 3.8515625
507.0 4.1875
508.0 3.8046875
509.0 3.9375
510.0 3.875
511.0 3.7734375
512.0 3.546875
513.0 3.953125
514.0 3.7890625
515.0 3.65625
516.0 1.2578125
517.0 6.328125
518.0 3.875
519.0 3.734375
520.0 4.03125
521.0 4.171875
522.0 4.515625
523.0 4.609375
524.0 3.0703125
525.0 6.7421875
526.0 4.875
527.0 4.6875
528.0 4.3359375
529.0 3.9453125
530.0 3.4375
531.0 1.46875
532.0 5.6015625
533.0 3.703125
534.0 3.7578125
535.0 3.34375
536.0 3.5546875
537.0 3.7890625
538.0 3.875
539.0 4.0390625
540.0 4.0703125
541.0 4.03125
542.0 4.03125
543.0 3.875
544.0 2.0078125
545.0 5.84375
546.0 3.4765625
547.0 4.0
548.0 4.3203125
549.0 2.6953125
550.0 6.265625
551.0 4.6953125
552.0 4.65625
553.0 4.3671875
554.0 4.8671875
555.0 4.7578125
556.0 5.078125
557.0 4.0390625
558.0 1.7734375
559.0 4.265625
560.0 2.3125
561.0 2.375
562.0 5.609375
563.0 5.0546875
564.0 3.7890625
565.0 2.75
566.0 4.0
567.0 4.6640625
568.0 4.875
569.0 3.59375
570.0 3.0234375
571.0 5.734375
572.0 5.0859375
573.0 5.078125
574.0 4.2734375
575.0 4.6328125
576.0 5.21875
577.0 5.28125
578.0 5.015625
579.0 5.1328125
580.0 4.890625
581.0 5.0234375
582.0 5.3984375
583.0 5.203125
584.0 4.1015625
585.0 6.625
586.0 5.2890625
587.0 5.2890625
588.0 5.125
589.0 3.9140625
590.0 6.1796875
591.0 4.9453125
592.0 4.859375
593.0 4.5
594.0 4.8125
595.0 4.859375
596.0 4.8671875
597.0 4.890625
598.0 4.21875
599.0 4.828125
