0.0 2.375
1.0 6.890625
2.0 4.578125
3.0 4.609375
4.0 4.5625
5.0 3.59375
6.0 0.0
7.0 9.09375
8.0 4.453125
9.0 4.4765625
10.0 4.484375
11.0 4.5390625
12.0 4.5078125
13.0 4.515625
14.0 4.4765625
15.0 4.546875
16.0 4.4296875
17.0 3.640625
18.0 5.234375
19.0 4.46875
20.0 4.46875
21.0 4.3046875
22.0 4.3046875
23.0 4.390625
24.0 4.390625
25.0 4.71875
26.0 4.5703125
27.0 4.5078125
28.0 4.5703125
29.0 4.2734375
30.0 2.390625
31.0 6.4375
32.0 4.421875
33.0 4.4296875
34.0 4.59375
35.0 4.5390625
36.0 4.5078125
37.0 3.2890625
38.0 5.6328125
39.0 4.296875
40.0 4.15625
41.0 4.21875
42.0 4.3671875
43.0 4.234375
44.0 4.3828125
45.0 4.421875
46.0 4.3828125
47.0 4.3828125
48.0 4.3046875
49.0 4.328125
50.0 2.7578125
51.0 6.3046875
52.0 4.4765625
53.0 4.28125
54.0 4.3359375
55.0 4.4453125
56.0 4.3671875
57.0 0.5078125
58.0 8.296875
59.0 4.5
60.0 4.421875
61.0 4.5078125
62.0 4.546875
63.0 4.3671875
64.0 4.4765625
65.0 4.6640625
66.0 4.6484375
67.0 4.6953125
68.0 4.6875
69.0 4.8125
70.0 4.7265625
71.0 0.5546875
72.0 8.7109375
73.0 4.5703125
74.0 4.7109375
75.0 4.90625
76.0 4.75
77.0 2.6953125
78.0 6.828125
79.0 4.4296875
80.0 4.9921875
81.0 4.7265625
82.0 4.8046875
83.0 4.78125
84.0 4.9609375
85.0 4.828125
86.0 4.71875
87.0 4.7578125
88.0 4.6953125
89.0 4.6875
90.0 4.8046875
91.0 4.7578125
92.0 4.7109375
93.0 4.84375
94.0 2.90625
95.0 6.5703125
96.0 4.6328125
97.0 4.6015625
98.0 4.09375
99.0 5.3984375
100.0 4.8359375
101.0 4.8046875
102.0 4.7421875
103.0 4.5703125
104.0 4.5625
105.0 4.46875
106.0 4.8125
107.0 4.6015625
108.0 4.9296875
109.0 4.7109375
110.0 4.59375
111.0 4.359375
112.0 4.6328125
113.0 4.5625
114.0 4.625
115.0 4.5625
116.0 4.953125
117.0 4.6640625
118.0 4.5078125
119.0 4.71875
120.0 4.65625
121.0 4.6640625
122.0 4.5625
123.0 4.7109375
124.0 4.859375
125.0 4.6953125
126.0 4.7109375
127.0 4.7421875
128.0 2.9921875
129.0 6.0625
130.0 4.7109375
131.0 4.6796875
132.0 4.53125
133.0 4.5078125
134.0 4.59375
135.0 4.8359375
136.0 4.609375
137.0 4.6875
138.0 4.5390625
139.0 3.046875
140.0 6.5625
141.0 4.828125
142.0 4.6015625
143.0 4.7109375
144.0 4.625
145.0 4.828125
146.0 4.3359375
147.0 1.6171875
148.0 7.421875
149.0 4.7734375
150.0 4.84375
151.0 4.6640625
152.0 4.625
153.0 4.609375
154.0 4.53125
155.0 4.5390625
156.0 4.6484375
157.0 4.5078125
158.0 4.7421875
159.0 4.75
160.0 4.7265625
161.0 0.1875
162.0 9.1953125
163.0 4.71875
164.0 4.5625
165.0 4.296875
166.0 0.0078125
167.0 8.03125
168.0 4.5078125
169.0 4.1015625
170.0 1.0
171.0 4.8671875
172.0 4.328125
173.0 4.6484375
174.0 3.90625
175.0 4.203125
176.0 4.7421875
177.0 4.5390625
178.0 4.3515625
179.0 4.46875
180.0 4.4296875
181.0 4.6875
182.0 4.65625
183.0 4.453125
184.0 3.5546875
185.0 5.2890625
186.0 4.390625
187.0 4.234375
188.0 3.515625
189.0 3.625
190.0 0.390625
191.0 7.96875
192.0 4.5078125
193.0 4.6796875
194.0 4.3828125
195.0 4.2421875
196.0 4.4765625
197.0 4.6015625
198.0 4.578125
199.0 4.75
200.0 4.4296875
201.0 4.5703125
202.0 4.5
203.0 0.96875
204.0 8.140625
205.0 4.5
206.0 4.0078125
207.0 1.8203125
208.0 5.2734375
209.0 4.7578125
210.0 4.421875
211.0 4.3203125
212.0 4.5390625
213.0 4.5078125
214.0 4.4296875
215.0 4.4453125
216.0 4.3984375
217.0 4.3203125
218.0 4.3359375
219.0 4.3671875
220.0 4.0078125
221.0 1.03125
222.0 0.0
223.0 7.453125
224.0 2.234375
225.0 3.4140625
226.0 3.5234375
227.0 4.1484375
228.0 3.4375
229.0 4.125
230.0 3.9765625
231.0 4.2734375
232.0 4.484375
233.0 4.6484375
234.0 3.8046875
235.0 0.0
236.0 8.765625
237.0 4.2421875
238.0 4.171875
239.0 3.0859375
240.0 5.2578125
241.0 4.1796875
242.0 4.0
243.0 4.15625
244.0 4.265625
245.0 4.1875
246.0 4.28125
247.0 4.453125
248.0 4.546875
249.0 4.3359375
250.0 4.4765625
251.0 4.4296875
252.0 4.234375
253.0 0.0
254.0 8.7734375
255.0 4.359375
256.0 4.90625
257.0 4.4453125
258.0 4.3984375
259.0 4.328125
260.0 4.5625
261.0 4.3046875
262.0 4.484375
263.0 4.484375
264.0 4.65625
265.0 4.5390625
266.0 4.609375
267.0 4.546875
268.0 4.5703125
269.0 3.921875
270.0 0.0
271.0 9.125
272.0 4.59375
273.0 4.453125
274.0 4.6953125
275.0 4.53125
276.0 4.3671875
277.0 4.453125
278.0 4.3984375
279.0 4.3828125
280.0 4.4765625
281.0 4.3203125
282.0 4.3359375
283.0 4.4140625
284.0 4.609375
285.0 4.453125
286.0 4.296875
287.0 4.3671875
288.0 4.7265625
289.0 4.6796875
290.0 4.328125
291.0 4.5078125
292.0 4.5390625
293.0 4.546875
294.0 4.4765625
295.0 4.2421875
296.0 4.859375
297.0 4.53125
298.0 4.6015625
299.0 4.5078125
300.0 4.3828125
301.0 4.390625
302.0 4.6484375
303.0 4.484375
304.0 4.4140625
305.0 4.4296875
306.0 4.65625
307.0 4.59375
308.0 4.515625
309.0 2.8359375
310.0 6.2734375
311.0 4.59375
312.0 4.6953125
313.0 4.6953125
314.0 4.5078125
315.0 3.234375
316.0 5.8515625
317.0 4.5
318.0 4.390625
319.0 4.1484375
320.0 4.328125
321.0 4.5625
322.0 4.609375
323.0 4.484375
324.0 4.578125
325.0 4.4140625
326.0 3.65625
327.0 1.296875
328.0 7.578125
329.0 4.6484375
330.0 4.4140625
331.0 4.6484375
332.0 4.390625
333.0 3.046875
334.0 4.0625
335.0 3.9921875
336.0 4.1171875
337.0 4.3046875
338.0 3.671875
339.0 4.75
340.0 4.328125
341.0 4.296875
342.0 4.515625
343.0 3.296875
344.0 0.0
345.0 7.609375
346.0 4.1484375
347.0 3.9375
348.0 3.7734375
349.0 3.65625
350.0 4.6015625
351.0 4.421875
352.0 4.3203125
353.0 4.4453125
354.0 4.5390625
355.0 4.5703125
356.0 4.3671875
357.0 4.453125
358.0 4.53125
359.0 4.453125
360.0 4.546875
361.0 4.296875
362.0 4.5625
363.0 2.0859375
364.0 6.9453125
365.0 4.3828125
366.0 4.5
367.0 4.296875
368.0 4.4140625
369.0 4.53125
370.0 4.6484375
371.0 4.2421875
372.0 4.65625
373.0 4.6328125
374.0 4.46875
375.0 4.2421875
376.0 4.75
377.0 4.453125
378.0 4.328125
379.0 4.484375
380.0 4.53125
381.0 4.625
382.0 4.3828125
383.0 4.4296875
384.0 4.59375
385.0 4.6484375
386.0 4.5
387.0 4.8046875
388.0 4.7109375
389.0 4.4296875
390.0 1.953125
391.0 7.078125
392.0 4.3828125
393.0 4.3828125
394.0 4.390625
395.0 0.5703125
396.0 8.6796875
397.0 4.4765625
398.0 4.4453125
399.0 4.3359375
400.0 4.3046875
401.0 4.265625
402.0 4.0859375
403.0 4.53125
404.0 4.4296875
405.0 4.5390625
406.0 4.3515625
407.0 3.3203125
408.0 5.2734375
409.0 4.09375
410.0 4.265625
411.0 4.3515625
412.0 4.234375
413.0 4.5390625
414.0 4.21875
415.0 4.28125
416.0 2.640625
417.0 5.734375
418.0 4.09375
419.0 4.3046875
420.0 4.234375
421.0 4.3828125
422.0 4.21875
423.0 4.2109375
424.0 4.1875
425.0 4.203125
426.0 3.9921875
427.0 3.859375
428.0 4.171875
429.0 2.4609375
430.0 7.109375
431.0 4.3515625
432.0 0.328125
433.0 8.1640625
434.0 4.3671875
435.0 4.3984375
436.0 4.6328125
437.0 4.7421875
438.0 4.75
439.0 4.390625
440.0 4.1796875
441.0 4.4296875
442.0 4.2734375
443.0 4.296875
444.0 4.46875
445.0 4.53125
446.0 1.4453125
447.0 7.7578125
448.0 4.3671875
449.0 4.625
450.0 2.5625
451.0 6.8125
452.0 4.6875
453.0 4.890625
454.0 4.90625
455.0 4.71875
456.0 4.53125
457.0 4.5390625
458.0 4.4140625
459.0 4.5703125
460.0 4.7265625
461.0 4.5703125
462.0 4.6875
463.0 4.7734375
464.0 0.4609375
465.0 9.1015625
466.0 4.6015625
467.0 4.484375
468.0 3.859375
469.0 5.8203125
470.0 4.8671875
471.0 4.84375
472.0 4.6484375
473.0 4.6640625
474.0 4.7265625
475.0 4.53125
476.0 4.546875
477.0 4.6953125
478.0 4.7265625
479.0 4.7734375
480.0 4.7578125
481.0 3.5625
482.0 5.6171875
483.0 4.4296875
484.0 4.359375
485.0 4.578125
486.0 4.6953125
487.0 3.7578125
488.0 5.546875
489.0 4.625
490.0 4.3515625
491.0 4.4296875
492.0 4.53125
493.0 4.578125
494.0 4.84375
495.0 4.6796875
496.0 4.7578125
497.0 4.65625
498.0 4.71875
499.0 4.6640625
500.0 2.6640625
501.0 6.3359375
502.0 4.84375
503.0 4.625
504.0 4.78125
505.0 4.6796875
506.0 4.578125
507.0 0.359375
508.0 9.078125
509.0 4.5390625
510.0 4.78125
511.0 4.75
512.0 4.421875
513.0 4.4765625
514.0 4.6328125
515.0 4.453125
516.0 4.46875
517.0 4.5
518.0 4.75
519.0 4.4140625
520.0 4.7578125
521.0 4.53125
522.0 4.4140625
523.0 4.390625
524.0 4.5390625
525.0 4.59375
526.0 4.71875
527.0 4.53125
528.0 4.8125
529.0 4.5390625
530.0 4.3671875
531.0 4.5625
532.0 4.453125
533.0 4.4140625
534.0 1.3203125
535.0 7.75
536.0 4.546875
537.0 4.59375
538.0 4.359375
539.0 3.015625
540.0 6.2421875
541.0 4.578125
542.0 4.625
543.0 4.3984375
544.0 4.65625
545.0 4.515625
546.0 4.6015625
547.0 4.3359375
548.0 4.484375
549.0 4.5390625
550.0 4.4296875
551.0 4.390625
552.0 2.78125
553.0 6.484375
554.0 4.6484375
555.0 4.6015625
556.0 4.5
557.0 4.5
558.0 2.5703125
559.0 6.5859375
560.0 4.6484375
561.0 4.6796875
562.0 4.6796875
563.0 4.53125
564.0 4.6015625
565.0 4.6015625
566.0 4.5625
567.0 4.65625
568.0 4.546875
569.0 4.6015625
570.0 4.5390625
571.0 4.6484375
572.0 0.4375
573.0 8.890625
574.0 4.3203125
575.0 4.5
576.0 4.484375
577.0 2.375
578.0 6.5546875
579.0 4.8046875
580.0 4.4765625
581.0 4.53125
582.0 4.5625
583.0 4.515625
584.0 4.5625
585.0 4.453125
586.0 4.4765625
587.0 4.15625
588.0 4.28125
589.0 1.09375
590.0 7.5390625
591.0 4.4765625
592.0 4.59375
593.0 4.453125
594.0 4.421875
595.0 4.328125
596.0 4.0859375
597.0 3.46875
598.0 5.5
599.0 4.3828125
