0.0 6.84375
1.0 5.7890625
2.0 6.1484375
3.0 6.390625
4.0 6.8359375
5.0 2.6328125
6.0 10.5078125
7.0 5.25
8.0 7.8671875
9.0 6.75
10.0 5.234375
11.0 6.703125
12.0 4.1015625
13.0 4.9765625
14.0 5.6953125
15.0 5.5
16.0 4.953125
17.0 3.6953125
18.0 3.296875
19.0 4.0390625
20.0 3.171875
21.0 3.34375
22.0 3.8515625
23.0 4.484375
24.0 5.9375
25.0 2.8359375
26.0 8.2265625
27.0 6.2265625
28.0 5.6171875
29.0 6.359375
30.0 5.25
31.0 3.7421875
32.0 0.3046875
33.0 5.3828125
34.0 3.0
35.0 4.1328125
36.0 5.9609375
37.0 6.6796875
38.0 6.4453125
39.0 6.5
40.0 6.40625
41.0 6.4140625
42.0 3.953125
43.0 3.734375
44.0 3.609375
45.0 0.578125
46.0 5.9140625
47.0 3.7734375
48.0 2.90625
49.0 7.8125
50.0 6.0859375
51.0 6.15625
52.0 5.2578125
53.0 3.5859375
54.0 3.625
55.0 5.765625
56.0 5.546875
57.0 5.515625
58.0 5.4375
59.0 5.6640625
60.0 4.0859375
61.0 3.8828125
62.0 4.875
63.0 3.1953125
64.0 4.7734375
65.0 6.625
66.0 6.453125
67.0 6.3671875
68.0 5.9140625
69.0 5.90625
70.0 7.3359375
71.0 5.703125
72.0 6.1875
73.0 2.6953125
74.0 0.0
75.0 7.8515625
76.0 4.0546875
77.0 5.484375
78.0 6.3671875
79.0 6.3828125
80.0 5.859375
81.0 5.078125
82.0 4.78125
83.0 2.7890625
84.0 2.046875
85.0 0.09375
86.0 7.09375
87.0 5.140625
88.0 4.578125
89.0 3.765625
90.0 4.53125
91.0 4.4765625
92.0 6.125
93.0 5.4609375
94.0 5.2890625
95.0 5.1953125
96.0 5.2734375
97.0 5.5
98.0 3.671875
99.0 1.0859375
100.0 0.0
101.0 7.84375
102.0 5.21875
103.0 6.0390625
104.0 5.578125
105.0 5.796875
106.0 6.1484375
107.0 6.5390625
108.0 6.0078125
109.0 6.5625
110.0 5.75
111.0 5.4921875
112.0 5.40625
113.0 5.6015625
114.0 5.859375
115.0 5.6953125
116.0 5.9765625
117.0 5.3203125
118.0 5.4296875
119.0 4.8671875
120.0 2.1640625
121.0 0.0
122.0 5.234375
123.0 4.46875
124.0 6.125
125.0 5.53125
126.0 3.046875
127.0 0.03125
128.0 9.15625
129.0 5.515625
130.0 5.7578125
131.0 6.453125
132.0 5.7578125
133.0 5.5546875
134.0 6.359375
135.0 6.1484375
136.0 5.3203125
137.0 5.5234375
138.0 3.609375
139.0 2.25
140.0 3.6484375
141.0 4.5390625
142.0 1.7578125
143.0 1.5859375
144.0 2.1796875
145.0 2.359375
146.0 4.484375
147.0 3.65625
148.0 2.4453125
149.0 0.9453125
150.0 7.125
151.0 4.953125
152.0 6.1796875
153.0 4.4296875
154.0 5.4375
155.0 5.25
156.0 5.7890625
157.0 5.40625
158.0 5.2734375
159.0 6.0
160.0 5.4609375
161.0 4.0390625
162.0 5.2734375
163.0 5.0234375
164.0 5.5
165.0 4.8984375
166.0 4.6875
167.0 3.7109375
168.0 4.421875
169.0 4.6640625
170.0 4.7265625
171.0 5.6171875
172.0 5.109375
173.0 5.40625
174.0 5.765625
175.0 5.5234375
176.0 6.0
177.0 5.703125
178.0 5.578125
179.0 3.4140625
180.0 8.046875
181.0 5.5234375
182.0 5.5625
183.0 5.7265625
184.0 5.4375
185.0 5.609375
186.0 5.3125
187.0 5.9140625
188.0 5.6796875
189.0 6.0234375
190.0 5.6953125
191.0 2.4765625
192.0 8.9140625
193.0 5.234375
194.0 5.46875
195.0 4.9453125
196.0 2.1796875
197.0 4.984375
198.0 5.7578125
199.0 4.25
200.0 2.96875
201.0 3.5546875
202.0 3.4375
203.0 4.265625
204.0 4.203125
205.0 3.8046875
206.0 3.0
207.0 2.96875
208.0 1.2265625
209.0 0.9609375
210.0 0.8359375
211.0 0.0
212.0 6.3828125
213.0 3.2890625
214.0 4.7421875
215.0 2.625
216.0 1.0625
217.0 1.2578125
218.0 0.5859375
219.0 6.4140625
220.0 5.96875
221.0 5.9453125
222.0 5.171875
223.0 4.6875
224.0 6.0625
225.0 6.2734375
226.0 5.734375
227.0 5.5546875
228.0 5.3515625
229.0 5.9140625
230.0 4.4765625
231.0 2.8046875
232.0 5.9140625
233.0 6.453125
234.0 5.84375
235.0 6.6875
236.0 6.234375
237.0 6.2890625
238.0 6.515625
239.0 6.453125
240.0 6.625
241.0 5.2734375
242.0 5.9140625
243.0 5.84375
244.0 6.2421875
245.0 5.6796875
246.0 5.515625
247.0 5.640625
248.0 6.0234375
249.0 5.765625
250.0 6.234375
251.0 5.46875
252.0 5.7265625
253.0 6.1484375
254.0 6.0078125
255.0 5.46875
256.0 6.4375
257.0 5.2890625
258.0 5.7578125
259.0 5.3984375
260.0 3.578125
261.0 2.4453125
262.0 5.140625
263.0 5.4609375
264.0 5.34375
265.0 4.9765625
266.0 5.171875
267.0 4.2734375
268.0 6.1171875
269.0 5.84375
270.0 5.578125
271.0 5.203125
272.0 4.265625
273.0 5.734375
274.0 3.2578125
275.0 3.921875
276.0 2.953125
277.0 4.2421875
278.0 2.28125
279.0 4.4296875
280.0 4.1875
281.0 2.8359375
282.0 2.6640625
283.0 2.6953125
284.0 2.1171875
285.0 3.6953125
286.0 3.7265625
287.0 1.1640625
288.0 5.8515625
289.0 6.109375
290.0 1.6484375
291.0 2.28125
292.0 4.09375
293.0 1.5234375
294.0 5.6953125
295.0 3.1328125
296.0 3.140625
297.0 3.7265625
298.0 3.28125
299.0 2.7421875
300.0 4.796875
301.0 4.1875
302.0 5.9296875
303.0 4.71875
304.0 4.9453125
305.0 3.734375
306.0 3.015625
307.0 2.3984375
308.0 2.6015625
309.0 2.3125
310.0 2.2421875
311.0 0.6015625
312.0 0.421875
313.0 0.515625
314.0 1.859375
315.0 3.296875
316.0 1.1953125
317.0 0.640625
318.0 0.421875
319.0 0.2109375
320.0 0.0
321.0 0.0
322.0 0.0
323.0 4.546875
324.0 1.078125
325.0 0.984375
326.0 1.296875
327.0 2.3984375
328.0 2.890625
329.0 2.5078125
330.0 2.8203125
331.0 2.9609375
332.0 2.1796875
333.0 2.28125
334.0 2.0390625
335.0 0.0
336.0 0.0
337.0 4.6328125
338.0 2.4453125
339.0 2.234375
340.0 2.09375
341.0 0.9375
342.0 1.171875
343.0 2.96875
344.0 2.6015625
345.0 0.0
346.0 5.0703125
347.0 4.3515625
348.0 3.140625
349.0 4.5390625
350.0 4.578125
351.0 4.8359375
352.0 4.7421875
353.0 4.7109375
354.0 5.0703125
355.0 5.1015625
356.0 5.203125
357.0 5.1640625
358.0 5.2890625
359.0 0.4375
360.0 10.578125
361.0 4.3203125
362.0 4.0078125
363.0 3.8828125
364.0 4.9921875
365.0 5.6328125
366.0 5.6640625
367.0 5.546875
368.0 5.2578125
369.0 5.6015625
370.0 5.40625
371.0 4.8359375
372.0 3.7109375
373.0 4.390625
374.0 5.25
375.0 5.1875
376.0 3.7265625
377.0 0.046875
378.0 9.046875
379.0 5.15625
380.0 3.2890625
381.0 5.1015625
382.0 4.4296875
383.0 4.1875
384.0 6.390625
385.0 4.4453125
386.0 5.8125
387.0 5.6796875
388.0 4.578125
389.0 4.421875
390.0 6.0078125
391.0 5.171875
392.0 5.3515625
393.0 3.796875
394.0 5.109375
395.0 5.734375
396.0 5.9765625
397.0 5.9140625
398.0 2.640625
399.0 8.921875
400.0 5.109375
401.0 5.4609375
402.0 1.2578125
403.0 9.8046875
404.0 5.1875
405.0 5.4609375
406.0 5.6796875
407.0 5.796875
408.0 5.8203125
409.0 5.9453125
410.0 6.65625
411.0 5.4921875
412.0 5.7578125
413.0 5.3359375
414.0 5.078125
415.0 2.8671875
416.0 8.140625
417.0 5.7578125
418.0 5.203125
419.0 5.34375
420.0 5.484375
421.0 3.53125
422.0 8.0859375
423.0 5.4375
424.0 6.15625
425.0 2.8046875
426.0 8.8359375
427.0 5.125
428.0 4.546875
429.0 5.5546875
430.0 5.796875
431.0 2.4765625
432.0 9.09375
433.0 5.609375
434.0 5.671875
435.0 4.9609375
436.0 6.15625
437.0 5.796875
438.0 5.8828125
439.0 5.484375
440.0 5.21875
441.0 5.1875
442.0 5.2734375
443.0 4.984375
444.0 5.203125
445.0 2.7265625
446.0 9.078125
447.0 5.8828125
448.0 5.203125
449.0 2.25
450.0 6.328125
451.0 5.7109375
452.0 5.8515625
453.0 5.9140625
454.0 5.0859375
455.0 5.609375
456.0 5.421875
457.0 4.953125
458.0 4.875
459.0 5.078125
460.0 3.1796875
461.0 2.0078125
462.0 8.9375
463.0 6.5703125
464.0 6.4375
465.0 2.7578125
466.0 8.0625
467.0 4.4453125
468.0 6.5
469.0 4.90625
470.0 5.765625
471.0 5.828125
472.0 5.421875
473.0 5.3125
474.0 4.1875
475.0 3.265625
476.0 4.4765625
477.0 1.4453125
478.0 4.6953125
479.0 5.203125
480.0 4.9609375
481.0 5.2265625
482.0 4.0703125
483.0 4.0859375
484.0 3.7109375
485.0 4.3828125
486.0 5.0703125
487.0 3.8046875
488.0 4.8125
489.0 5.6953125
490.0 5.8828125
491.0 5.6640625
492.0 6.2890625
493.0 4.3828125
494.0 0.0
495.0 7.2265625
496.0 4.6015625
497.0 3.5
498.0 5.4375
499.0 3.609375
500.0 5.609375
501.0 5.9453125
502.0 6.3515625
503.0 6.1796875
504.0 6.5
505.0 5.421875
506.0 4.28125
507.0 4.0390625
508.0 5.796875
509.0 6.1875
510.0 5.671875
511.0 5.140625
512.0 0.8125
513.0 10.0546875
514.0 5.2734375
515.0 2.4609375
516.0 6.2109375
517.0 5.96875
518.0 5.640625
519.0 5.671875
520.0 4.3828125
521.0 4.828125
522.0 5.5625
523.0 5.2265625
524.0 5.515625
525.0 4.0390625
526.0 2.609375
527.0 1.8984375
528.0 3.734375
529.0 0.734375
530.0 10.015625
531.0 4.03125
532.0 3.84375
533.0 6.140625
534.0 5.3046875
535.0 5.5546875
536.0 5.765625
537.0 7.109375
538.0 6.359375
539.0 5.7265625
540.0 1.9375
541.0 9.5078125
542.0 4.7265625
543.0 3.53125
544.0 5.2734375
545.0 5.7578125
546.0 4.2734375
547.0 4.5078125
548.0 3.375
549.0 3.3671875
550.0 3.921875
551.0 4.875
552.0 5.203125
553.0 5.9765625
554.0 5.015625
555.0 4.6015625
556.0 4.03125
557.0 1.5078125
558.0 4.90625
559.0 1.171875
560.0 1.9140625
561.0 3.4609375
562.0 5.21875
563.0 5.7578125
564.0 2.7890625
565.0 8.1640625
566.0 5.640625
567.0 5.28125
568.0 5.1328125
569.0 1.8984375
570.0 8.1953125
571.0 1.5390625
572.0 7.25
573.0 4.5
574.0 5.1328125
575.0 4.75
576.0 5.3046875
577.0 5.6171875
578.0 4.8984375
579.0 5.4609375
580.0 5.21875
581.0 5.21875
582.0 5.453125
583.0 4.5
584.0 4.890625
585.0 4.9921875
586.0 4.7734375
587.0 4.1796875
588.0 4.7265625
589.0 5.3203125
590.0 4.71875
591.0 5.5546875
592.0 4.6484375
593.0 4.265625
594.0 2.8046875
595.0 5.3671875
596.0 3.515625
597.0 4.6875
598.0 4.9609375
599.0 6.0546875
