0.0 6.0390625
1.0 5.78125
2.0 5.8828125
3.0 6.734375
4.0 4.4296875
5.0 8.8046875
6.0 6.3203125
7.0 6.75
8.0 6.625
9.0 6.40625
10.0 6.3515625
11.0 3.3984375
12.0 9.5234375
13.0 6.3515625
14.0 6.5859375
15.0 6.7734375
16.0 6.171875
17.0 6.5
18.0 6.4453125
19.0 5.7109375
20.0 5.9609375
21.0 5.828125
22.0 3.8203125
23.0 7.640625
24.0 6.6328125
25.0 5.96875
26.0 6.0390625
27.0 6.15625
28.0 4.203125
29.0 7.671875
30.0 5.7109375
31.0 5.7265625
32.0 5.78125
33.0 5.796875
34.0 6.234375
35.0 6.171875
36.0 4.625
37.0 8.8046875
38.0 6.703125
39.0 6.6171875
40.0 6.4453125
41.0 7.046875
42.0 6.765625
43.0 6.8125
44.0 6.3046875
45.0 6.2734375
46.0 6.265625
47.0 6.140625
48.0 6.2265625
49.0 6.5390625
50.0 6.3828125
51.0 3.0859375
52.0 9.71875
53.0 6.78125
54.0 6.6875
55.0 6.71875
56.0 3.2578125
57.0 9.515625
58.0 6.3046875
59.0 6.484375
60.0 6.484375
61.0 6.3203125
62.0 5.9296875
63.0 5.75
64.0 6.3828125
65.0 6.3828125
66.0 6.390625
67.0 5.40625
68.0 7.28125
69.0 6.3671875
70.0 5.96875
71.0 5.671875
72.0 5.515625
73.0 6.796875
74.0 5.6328125
75.0 6.0078125
76.0 6.03125
77.0 5.90625
78.0 6.6015625
79.0 6.84375
80.0 6.65625
81.0 6.5703125
82.0 6.3828125
83.0 6.1171875
84.0 6.4140625
85.0 5.96875
86.0 5.6953125
87.0 6.234375
88.0 6.40625
89.0 4.203125
90.0 7.9140625
91.0 6.6171875
92.0 6.2578125
93.0 5.6484375
94.0 5.4375
95.0 5.40625
96.0 5.6171875
97.0 6.46875
98.0 6.8359375
99.0 6.796875
100.0 6.6640625
101.0 6.8125
102.0 6.1875
103.0 2.984375
104.0 9.921875
105.0 6.46875
106.0 6.5
107.0 5.609375
108.0 6.9609375
109.0 6.5625
110.0 6.6796875
111.0 6.2734375
112.0 4.78125
113.0 5.3359375
114.0 6.71875
115.0 6.5625
116.0 6.3359375
117.0 5.859375
118.0 5.96875
119.0 5.6796875
120.0 4.5078125
121.0 8.6796875
122.0 6.234375
123.0 6.703125
124.0 6.1171875
125.0 6.734375
126.0 4.8046875
127.0 8.09375
128.0 4.5
129.0 6.0078125
130.0 3.9375
131.0 6.1484375
132.0 4.6015625
133.0 8.359375
134.0 6.296875
135.0 6.4140625
136.0 4.578125
137.0 3.6796875
138.0 5.4375
139.0 6.4453125
140.0 6.65625
141.0 6.1484375
142.0 6.078125
143.0 6.453125
144.0 6.53125
145.0 6.515625
146.0 4.3046875
147.0 7.8359375
148.0 5.9921875
149.0 6.359375
150.0 6.40625
151.0 6.40625
152.0 6.5
153.0 6.1796875
154.0 6.09375
155.0 6.09375
156.0 5.3515625
157.0 5.609375
158.0 5.9765625
159.0 5.7890625
160.0 6.2734375
161.0 6.5
162.0 6.359375
163.0 5.453125
164.0 4.1484375
165.0 7.4375
166.0 6.2890625
167.0 6.359375
168.0 6.2578125
169.0 6.484375
170.0 5.9296875
171.0 6.5390625
172.0 6.0234375
173.0 5.9921875
174.0 5.796875
175.0 5.78125
176.0 5.796875
177.0 5.203125
178.0 6.796875
179.0 5.9765625
180.0 6.1484375
181.0 6.296875
182.0 6.1875
183.0 6.328125
184.0 6.828125
185.0 6.2734375
186.0 6.1875
187.0 6.0546875
188.0 6.2578125
189.0 6.2265625
190.0 6.796875
191.0 6.171875
192.0 6.8046875
193.0 6.1171875
194.0 6.828125
195.0 5.0234375
196.0 8.171875
197.0 6.5
198.0 5.859375
199.0 6.4765625
200.0 6.3046875
201.0 2.328125
202.0 9.984375
203.0 6.1875
204.0 5.9609375
205.0 6.140625
206.0 6.2734375
207.0 6.484375
208.0 6.0
209.0 5.8515625
210.0 5.3984375
211.0 5.96875
212.0 6.328125
213.0 6.71875
214.0 6.328125
215.0 6.2421875
216.0 6.40625
217.0 6.2578125
218.0 6.421875
219.0 6.203125
220.0 6.890625
221.0 6.078125
222.0 6.0078125
223.0 5.6328125
224.0 5.3515625
225.0 5.609375
226.0 5.640625
227.0 5.90625
228.0 6.46875
229.0 6.03125
230.0 6.0
231.0 6.0078125
232.0 6.0625
233.0 5.9453125
234.0 5.9453125
235.0 6.03125
236.0 6.1171875
237.0 6.15625
238.0 5.9296875
239.0 6.203125
240.0 6.5
241.0 6.59375
242.0 2.8515625
243.0 9.328125
244.0 5.6328125
245.0 5.828125
246.0 2.4453125
247.0 8.0625
248.0 6.1875
249.0 6.0625
250.0 6.0546875
251.0 6.234375
252.0 6.53125
253.0 6.1484375
254.0 6.5625
255.0 5.9765625
256.0 4.1015625
257.0 8.2890625
258.0 6.2421875
259.0 5.9609375
260.0 5.84375
261.0 6.234375
262.0 5.8515625
263.0 5.8125
264.0 6.2578125
265.0 6.09375
266.0 5.890625
267.0 5.5859375
268.0 3.8515625
269.0 7.4296875
270.0 5.34375
271.0 5.5546875
272.0 5.9609375
273.0 5.75
274.0 4.0625
275.0 7.1796875
276.0 5.9375
277.0 6.0078125
278.0 6.0859375
279.0 6.0546875
280.0 4.4296875
281.0 7.6875
282.0 5.9296875
283.0 6.4453125
284.0 4.5078125
285.0 7.3203125
286.0 3.875
287.0 4.4453125
288.0 3.609375
289.0 4.484375
290.0 3.234375
291.0 2.375
292.0 2.1875
293.0 4.5
294.0 5.6015625
295.0 5.75
296.0 5.6484375
297.0 4.9609375
298.0 4.5390625
299.0 5.3359375
300.0 3.9921875
301.0 6.3203125
302.0 5.5
303.0 5.3125
304.0 4.984375
305.0 6.0078125
306.0 3.234375
307.0 9.640625
308.0 6.5625
309.0 4.1875
310.0 5.4921875
311.0 4.1328125
312.0 4.0546875
313.0 5.0859375
314.0 6.234375
315.0 5.9609375
316.0 6.6796875
317.0 6.2421875
318.0 6.15625
319.0 6.1796875
320.0 5.3671875
321.0 4.6640625
322.0 5.6015625
323.0 6.171875
324.0 4.59375
325.0 7.9140625
326.0 5.9921875
327.0 6.3046875
328.0 6.140625
329.0 6.171875
330.0 6.484375
331.0 6.0234375
332.0 5.734375
333.0 5.9140625
334.0 6.1875
335.0 6.3671875
336.0 6.53125
337.0 2.8125
338.0 9.7734375
339.0 6.359375
340.0 6.75
341.0 6.5
342.0 5.9140625
343.0 1.328125
344.0 10.640625
345.0 5.859375
346.0 3.734375
347.0 6.234375
348.0 6.171875
349.0 6.84375
350.0 6.453125
351.0 6.859375
352.0 6.921875
353.0 6.0234375
354.0 6.2578125
355.0 6.078125
356.0 3.515625
357.0 8.9765625
358.0 6.078125
359.0 6.140625
360.0 6.0625
361.0 2.0703125
362.0 10.1484375
363.0 6.140625
364.0 6.109375
365.0 6.5
366.0 6.3671875
367.0 6.796875
368.0 4.6328125
369.0 8.2890625
370.0 5.8203125
371.0 5.859375
372.0 6.1484375
373.0 6.109375
374.0 6.53125
375.0 6.4375
376.0 6.1796875
377.0 5.6015625
378.0 5.9609375
379.0 5.9921875
380.0 6.0
381.0 5.84375
382.0 6.125
383.0 6.328125
384.0 6.421875
385.0 6.515625
386.0 6.359375
387.0 6.5
388.0 6.359375
389.0 5.1015625
390.0 7.9453125
391.0 6.5390625
392.0 4.3046875
393.0 7.609375
394.0 4.28125
395.0 5.546875
396.0 5.3203125
397.0 3.2578125
398.0 3.6484375
399.0 5.875
400.0 6.5859375
401.0 6.7734375
402.0 4.3515625
403.0 7.2578125
404.0 5.53125
405.0 5.9140625
406.0 6.078125
407.0 6.4375
408.0 5.828125
409.0 6.234375
410.0 6.1796875
411.0 6.078125
412.0 6.0234375
413.0 4.8125
414.0 5.2890625
415.0 5.9765625
416.0 5.8828125
417.0 2.1171875
418.0 9.0703125
419.0 6.0078125
420.0 5.9609375
421.0 6.03125
422.0 1.3203125
423.0 11.234375
424.0 6.6328125
425.0 6.359375
426.0 5.828125
427.0 5.9296875
428.0 6.734375
429.0 6.3359375
430.0 6.46875
431.0 6.09375
432.0 6.453125
433.0 4.8671875
434.0 1.203125
435.0 5.6015625
436.0 3.546875
437.0 4.6875
438.0 3.7109375
439.0 2.90625
440.0 8.0859375
441.0 6.0390625
442.0 6.40625
443.0 6.4453125
444.0 6.3515625
445.0 6.03125
446.0 6.0859375
447.0 6.234375
448.0 6.09375
449.0 6.40625
450.0 6.203125
451.0 6.796875
452.0 6.6171875
453.0 3.1484375
454.0 10.3203125
455.0 6.2890625
456.0 6.515625
457.0 3.7578125
458.0 7.6875
459.0 3.0234375
460.0 4.7578125
461.0 6.8671875
462.0 4.59375
463.0 8.0859375
464.0 6.3515625
465.0 6.3359375
466.0 6.1171875
467.0 6.3515625
468.0 6.625
469.0 6.03125
470.0 6.3515625
471.0 6.0546875
472.0 6.3515625
473.0 6.234375
474.0 4.484375
475.0 7.484375
476.0 5.6953125
477.0 6.1796875
478.0 6.6015625
479.0 6.5390625
480.0 6.1484375
481.0 6.09375
482.0 4.6796875
483.0 8.140625
484.0 6.421875
485.0 6.890625
486.0 6.59375
487.0 6.734375
488.0 6.703125
489.0 6.0859375
490.0 6.078125
491.0 6.15625
492.0 6.234375
493.0 6.265625
494.0 5.890625
495.0 4.6484375
496.0 6.515625
497.0 5.3515625
498.0 0.7578125
499.0 0.0
500.0 0.0
501.0 0.0
502.0 0.0
503.0 0.0
504.0 0.0
505.0 6.3515625
506.0 6.59375
507.0 6.09375
508.0 4.65625
509.0 8.046875
510.0 5.9765625
511.0 5.6015625
512.0 5.0546875
513.0 5.1640625
514.0 5.875
515.0 5.6015625
516.0 4.265625
517.0 3.5546875
518.0 4.6640625
519.0 4.78125
520.0 5.515625
521.0 5.53125
522.0 4.0390625
523.0 6.6640625
524.0 5.8828125
525.0 5.5625
526.0 6.109375
527.0 6.1484375
528.0 5.8125
529.0 6.890625
530.0 6.0390625
531.0 6.0234375
532.0 5.53125
533.0 5.9375
534.0 5.859375
535.0 5.859375
536.0 6.1484375
537.0 6.0078125
538.0 6.0859375
539.0 6.0
540.0 6.3046875
541.0 5.96875
542.0 5.8203125
543.0 6.2109375
544.0 6.3671875
545.0 6.453125
546.0 6.359375
547.0 6.0546875
548.0 2.484375
549.0 10.078125
550.0 6.2734375
551.0 6.2265625
552.0 6.53125
553.0 6.515625
554.0 6.2890625
555.0 6.8046875
556.0 6.484375
557.0 6.328125
558.0 5.90625
559.0 3.515625
560.0 8.015625
561.0 5.234375
562.0 5.796875
563.0 6.15625
564.0 6.171875
565.0 5.1953125
566.0 5.375
567.0 4.84375
568.0 2.8515625
569.0 7.140625
570.0 5.609375
571.0 5.9921875
572.0 5.9140625
573.0 6.09375
574.0 5.109375
575.0 5.203125
576.0 5.75
577.0 5.5
578.0 4.84375
579.0 4.6328125
580.0 4.53125
581.0 2.5703125
582.0 6.9296875
583.0 3.953125
584.0 2.1875
585.0 2.8671875
586.0 2.15625
587.0 6.6640625
588.0 6.0078125
589.0 5.8515625
590.0 5.53125
591.0 5.125
592.0 5.75
593.0 5.9453125
594.0 5.1640625
595.0 5.203125
596.0 4.8671875
597.0 5.421875
598.0 4.8125
599.0 1.8515625
