0.0 6.328125
1.0 5.1640625
2.0 1.0625
3.0 8.5
4.0 5.6171875
5.0 4.7265625
6.0 4.21875
7.0 6.5859375
8.0 6.03125
9.0 6.1796875
10.0 6.2890625
11.0 6.515625
12.0 6.296875
13.0 5.9296875
14.0 6.203125
15.0 6.359375
16.0 2.0078125
17.0 10.4921875
18.0 6.359375
19.0 4.9765625
20.0 7.875
21.0 5.515625
22.0 6.796875
23.0 5.859375
24.0 5.875
25.0 5.78125
26.0 5.6640625
27.0 5.9609375
28.0 6.265625
29.0 4.8984375
30.0 7.8828125
31.0 5.9140625
32.0 6.0
33.0 5.9375
34.0 6.1875
35.0 4.53125
36.0 7.640625
37.0 6.1171875
38.0 6.5078125
39.0 6.9609375
40.0 6.8984375
41.0 5.8203125
42.0 4.8671875
43.0 5.3828125
44.0 5.53125
45.0 6.8359375
46.0 6.6796875
47.0 6.796875
48.0 7.09375
49.0 6.625
50.0 1.9140625
51.0 11.09375
52.0 6.9609375
53.0 6.6875
54.0 6.6171875
55.0 5.3515625
56.0 8.109375
57.0 6.859375
58.0 6.8359375
59.0 6.84375
60.0 6.6171875
61.0 6.4375
62.0 6.734375
63.0 6.859375
64.0 6.625
65.0 6.6015625
66.0 6.6796875
67.0 6.6484375
68.0 6.8828125
69.0 5.34375
70.0 8.328125
71.0 6.8828125
72.0 6.8359375
73.0 6.796875
74.0 5.4921875
75.0 7.3203125
76.0 6.7109375
77.0 6.5078125
78.0 6.5390625
79.0 6.2734375
80.0 6.2578125
81.0 6.5
82.0 7.1015625
83.0 7.03125
84.0 6.953125
85.0 6.5078125
86.0 6.5078125
87.0 7.09375
88.0 6.703125
89.0 7.2734375
90.0 6.796875
91.0 6.4765625
92.0 7.3359375
93.0 6.6015625
94.0 6.65625
95.0 6.765625
96.0 7.078125
97.0 6.0390625
98.0 4.203125
99.0 8.703125
100.0 7.0625
101.0 6.8984375
102.0 6.9609375
103.0 6.6875
104.0 6.7734375
105.0 3.40625
106.0 10.1953125
107.0 6.9921875
108.0 6.171875
109.0 5.9375
110.0 3.875
111.0 3.1015625
112.0 3.140625
113.0 2.1328125
114.0 2.78125
115.0 3.3125
116.0 1.8671875
117.0 5.203125
118.0 3.7109375
119.0 3.671875
120.0 3.0390625
121.0 2.5703125
122.0 3.1953125
123.0 3.5625
124.0 3.5546875
125.0 3.625
126.0 5.5625
127.0 6.7734375
128.0 6.84375
129.0 6.6171875
130.0 5.8203125
131.0 6.5390625
132.0 6.2734375
133.0 6.0234375
134.0 6.328125
135.0 6.6328125
136.0 6.5625
137.0 6.59375
138.0 6.59375
139.0 6.625
140.0 6.75
141.0 6.8984375
142.0 6.46875
143.0 6.484375
144.0 4.421875
145.0 6.9609375
146.0 7.8203125
147.0 6.6875
148.0 6.0390625
149.0 4.5
150.0 7.734375
151.0 4.9765625
152.0 8.2578125
153.0 6.1171875
154.0 5.796875
155.0 6.1875
156.0 6.125
157.0 6.0546875
158.0 6.2578125
159.0 5.640625
160.0 5.75
161.0 5.4921875
162.0 6.0625
163.0 4.8359375
164.0 5.7578125
165.0 4.2421875
166.0 6.921875
167.0 5.28125
168.0 5.515625
169.0 5.9453125
170.0 6.3671875
171.0 6.2109375
172.0 6.421875
173.0 6.2890625
174.0 6.078125
175.0 5.828125
176.0 6.484375
177.0 5.9453125
178.0 4.75
179.0 5.0546875
180.0 5.109375
181.0 4.0390625
182.0 5.9765625
183.0 7.578125
184.0 5.8203125
185.0 5.8515625
186.0 5.96875
187.0 6.453125
188.0 6.1171875
189.0 5.7265625
190.0 6.03125
191.0 6.2109375
192.0 5.75
193.0 6.0234375
194.0 6.171875
195.0 6.5625
196.0 6.3359375
197.0 1.8671875
198.0 10.3828125
199.0 6.6875
200.0 6.8046875
201.0 6.46875
202.0 6.4375
203.0 6.234375
204.0 6.5390625
205.0 6.484375
206.0 6.328125
207.0 6.515625
208.0 6.421875
209.0 6.5625
210.0 6.5390625
211.0 6.5703125
212.0 6.59375
213.0 6.3828125
214.0 5.6953125
215.0 6.171875
216.0 5.6328125
217.0 6.1875
218.0 6.859375
219.0 6.78125
220.0 1.8046875
221.0 11.6875
222.0 6.8359375
223.0 7.1953125
224.0 6.328125
225.0 6.7109375
226.0 6.453125
227.0 6.5703125
228.0 6.953125
229.0 7.0703125
230.0 6.7109375
231.0 6.7421875
232.0 7.1015625
233.0 6.296875
234.0 6.234375
235.0 6.5703125
236.0 7.015625
237.0 7.03125
238.0 6.3828125
239.0 6.59375
240.0 5.671875
241.0 8.171875
242.0 6.5546875
243.0 6.4453125
244.0 6.5078125
245.0 6.4375
246.0 6.4765625
247.0 6.65625
248.0 6.9453125
249.0 6.8359375
250.0 6.8046875
251.0 7.34375
252.0 6.6484375
253.0 6.703125
254.0 6.5859375
255.0 7.015625
256.0 4.484375
257.0 1.53125
258.0 8.140625
259.0 5.4921875
260.0 6.2734375
261.0 6.6171875
262.0 4.28125
263.0 8.328125
264.0 5.9921875
265.0 6.765625
266.0 6.9296875
267.0 4.7421875
268.0 8.890625
269.0 6.953125
270.0 6.9140625
271.0 6.859375
272.0 6.7734375
273.0 3.1328125
274.0 4.3828125
275.0 5.4609375
276.0 7.0625
277.0 6.6796875
278.0 6.078125
279.0 3.8828125
280.0 8.2578125
281.0 5.375
282.0 8.1640625
283.0 6.7109375
284.0 6.5546875
285.0 6.59375
286.0 6.3671875
287.0 6.0390625
288.0 7.609375
289.0 5.96875
290.0 6.1875
291.0 6.453125
292.0 6.2734375
293.0 6.3671875
294.0 6.1875
295.0 6.2421875
296.0 6.421875
297.0 6.6015625
298.0 6.2421875
299.0 5.9921875
300.0 5.90625
301.0 5.1015625
302.0 0.5234375
303.0 9.015625
304.0 3.7109375
305.0 3.7578125
306.0 5.703125
307.0 2.4140625
308.0 3.015625
309.0 5.7109375
310.0 5.203125
311.0 4.0390625
312.0 6.15625
313.0 5.734375
314.0 5.015625
315.0 6.3671875
316.0 6.5
317.0 6.4765625
318.0 6.6640625
319.0 4.328125
320.0 5.7265625
321.0 6.6484375
322.0 6.3203125
323.0 5.6640625
324.0 5.5
325.0 3.5234375
326.0 8.7109375
327.0 5.578125
328.0 3.046875
329.0 2.0390625
330.0 6.75
331.0 5.7578125
332.0 5.6640625
333.0 5.84375
334.0 5.8125
335.0 5.7109375
336.0 5.734375
337.0 5.6015625
338.0 4.390625
339.0 5.1328125
340.0 5.5234375
341.0 4.71875
342.0 1.984375
343.0 7.421875
344.0 4.328125
345.0 5.203125
346.0 5.8515625
347.0 5.8125
348.0 5.703125
349.0 5.8828125
350.0 5.6328125
351.0 5.7109375
352.0 5.515625
353.0 5.453125
354.0 5.7578125
355.0 5.53125
356.0 5.3359375
357.0 5.34375
358.0 4.796875
359.0 4.3203125
360.0 4.625
361.0 5.28125
362.0 5.5546875
363.0 5.21875
364.0 4.890625
365.0 1.7734375
366.0 7.734375
367.0 4.5078125
368.0 5.25
369.0 5.515625
370.0 2.25
371.0 9.046875
372.0 5.890625
373.0 5.5859375
374.0 5.9375
375.0 5.765625
376.0 6.40625
377.0 5.9375
378.0 5.078125
379.0 6.484375
380.0 5.7265625
381.0 5.8203125
382.0 5.421875
383.0 5.75
384.0 5.9453125
385.0 6.40625
386.0 6.1484375
387.0 6.390625
388.0 6.0859375
389.0 6.59375
390.0 6.2890625
391.0 6.484375
392.0 6.984375
393.0 1.96875
394.0 11.21875
395.0 5.046875
396.0 7.578125
397.0 6.515625
398.0 6.4453125
399.0 6.09375
400.0 5.9609375
401.0 5.9765625
402.0 5.8828125
403.0 6.140625
404.0 6.03125
405.0 6.328125
406.0 6.359375
407.0 6.3671875
408.0 6.6640625
409.0 2.5703125
410.0 10.609375
411.0 5.0234375
412.0 8.0625
413.0 6.5
414.0 6.71875
415.0 6.3671875
416.0 6.3671875
417.0 6.0
418.0 4.1171875
419.0 3.2578125
420.0 3.140625
421.0 3.1328125
422.0 2.9921875
423.0 3.0546875
424.0 2.234375
425.0 6.2734375
426.0 7.3359375
427.0 4.90625
428.0 7.2734375
429.0 6.0078125
430.0 5.75
431.0 6.2734375
432.0 6.1484375
433.0 5.453125
434.0 5.578125
435.0 6.5
436.0 6.1171875
437.0 5.0234375
438.0 5.1640625
439.0 6.0390625
440.0 5.859375
441.0 4.6796875
442.0 7.390625
443.0 6.2109375
444.0 6.359375
445.0 6.359375
446.0 6.15625
447.0 3.8046875
448.0 0.0
449.0 7.40625
450.0 4.8046875
451.0 5.546875
452.0 5.0234375
453.0 2.7734375
454.0 3.921875
455.0 4.515625
456.0 2.453125
457.0 2.90625
458.0 4.78125
459.0 4.359375
460.0 6.6875
461.0 6.0625
462.0 1.3515625
463.0 10.4921875
464.0 5.671875
465.0 5.5234375
466.0 5.7890625
467.0 5.6640625
468.0 6.2890625
469.0 6.140625
470.0 6.265625
471.0 6.078125
472.0 6.1875
473.0 5.765625
474.0 5.78125
475.0 3.3984375
476.0 8.0234375
477.0 5.96875
478.0 6.109375
479.0 6.515625
480.0 6.390625
481.0 6.296875
482.0 1.3203125
483.0 10.8515625
484.0 6.2109375
485.0 6.1875
486.0 6.5390625
487.0 5.5234375
488.0 1.828125
489.0 9.9609375
490.0 6.3359375
491.0 6.5859375
492.0 6.4765625
493.0 6.46875
494.0 6.359375
495.0 6.2734375
496.0 5.9765625
497.0 5.796875
498.0 5.6015625
499.0 5.9921875
500.0 4.5703125
501.0 7.5390625
502.0 6.0078125
503.0 5.8125
504.0 6.0
505.0 6.15625
506.0 6.3203125
507.0 6.390625
508.0 6.5859375
509.0 6.1796875
510.0 6.0625
511.0 6.203125
512.0 6.4140625
513.0 6.4453125
514.0 6.7421875
515.0 5.4296875
516.0 7.1640625
517.0 5.3984375
518.0 7.9453125
519.0 6.5859375
520.0 6.40625
521.0 6.515625
522.0 5.75
523.0 3.4765625
524.0 7.34375
525.0 5.5859375
526.0 5.15625
527.0 5.84375
528.0 6.625
529.0 6.71875
530.0 6.5078125
531.0 5.890625
532.0 5.9453125
533.0 3.96875
534.0 1.859375
535.0 1.0
536.0 0.9609375
537.0 1.0
538.0 0.6015625
539.0 0.5078125
540.0 0.0
541.0 0.0
542.0 0.0
543.0 0.0
544.0 5.5625
545.0 2.9609375
546.0 5.5625
547.0 5.4921875
548.0 5.3828125
549.0 6.390625
550.0 6.5859375
551.0 6.953125
552.0 6.9765625
553.0 6.03125
554.0 3.4453125
555.0 0.6640625
556.0 8.6484375
557.0 4.484375
558.0 4.1484375
559.0 3.1953125
560.0 1.0234375
561.0 0.0
562.0 0.0
563.0 6.6875
564.0 2.328125
565.0 3.265625
566.0 5.3203125
567.0 6.1796875
568.0 6.265625
569.0 5.765625
570.0 5.671875
571.0 5.9453125
572.0 5.1953125
573.0 5.3515625
574.0 5.375
575.0 5.5859375
576.0 5.453125
577.0 5.96875
578.0 5.84375
579.0 5.734375
580.0 5.6484375
581.0 5.5859375
582.0 5.75
583.0 6.171875
584.0 6.1796875
585.0 6.265625
586.0 6.1484375
587.0 6.2890625
588.0 6.3828125
589.0 6.3203125
590.0 6.0625
591.0 6.3515625
592.0 6.6171875
593.0 6.3203125
594.0 6.359375
595.0 5.9453125
596.0 5.9609375
597.0 5.7578125
598.0 6.2890625
599.0 6.5390625
