0.0 4.9765625
1.0 5.140625
2.0 4.8984375
3.0 4.359375
4.0 5.0390625
5.0 3.34375
6.0 5.9375
7.0 3.328125
8.0 3.9921875
9.0 5.0703125
10.0 5.0859375
11.0 4.984375
12.0 2.59375
13.0 4.3828125
14.0 4.453125
15.0 3.90625
16.0 3.703125
17.0 3.3671875
18.0 3.640625
19.0 3.765625
20.0 3.5859375
21.0 3.7890625
22.0 3.90625
23.0 3.890625
24.0 5.5
25.0 5.375
26.0 6.0625
27.0 5.484375
28.0 0.4609375
29.0 10.578125
30.0 5.0859375
31.0 5.0390625
32.0 2.375
33.0 6.8828125
34.0 6.71875
35.0 5.640625
36.0 5.40625
37.0 5.15625
38.0 5.5546875
39.0 4.8671875
40.0 4.859375
41.0 5.4609375
42.0 5.84375
43.0 5.9296875
44.0 5.78125
45.0 5.9765625
46.0 6.0546875
47.0 1.1640625
48.0 9.65625
49.0 5.40625
50.0 4.421875
51.0 4.9609375
52.0 5.3671875
53.0 1.5859375
54.0 8.03125
55.0 3.90625
56.0 4.828125
57.0 4.296875
58.0 3.34375
59.0 4.6796875
60.0 3.6796875
61.0 4.0546875
62.0 3.109375
63.0 5.046875
64.0 4.484375
65.0 2.7265625
66.0 5.9140625
67.0 4.1015625
68.0 4.0546875
69.0 4.3984375
70.0 4.296875
71.0 3.7109375
72.0 3.3828125
73.0 5.0234375
74.0 5.4375
75.0 5.1875
76.0 4.453125
77.0 5.0703125
78.0 4.484375
79.0 4.875
80.0 5.5859375
81.0 5.140625
82.0 6.03125
83.0 5.5859375
84.0 5.40625
85.0 5.3671875
86.0 4.7734375
87.0 5.046875
88.0 5.3046875
89.0 5.171875
90.0 4.265625
91.0 5.0546875
92.0 4.921875
93.0 4.5078125
94.0 3.9140625
95.0 4.453125
96.0 4.90625
97.0 4.6484375
98.0 3.625
99.0 5.8125
100.0 4.6796875
101.0 4.859375
102.0 4.546875
103.0 4.234375
104.0 4.8984375
105.0 4.4453125
106.0 1.265625
107.0 8.1953125
108.0 4.6015625
109.0 4.4453125
110.0 4.953125
111.0 4.8125
112.0 3.5234375
113.0 4.28125
114.0 4.4765625
115.0 5.0546875
116.0 4.4140625
117.0 5.0390625
118.0 4.8359375
119.0 0.765625
120.0 8.1640625
121.0 4.578125
122.0 4.2421875
123.0 4.828125
124.0 3.578125
125.0 5.9609375
126.0 3.296875
127.0 3.7890625
128.0 4.1875
129.0 4.1484375
130.0 3.6796875
131.0 4.3046875
132.0 2.7265625
133.0 5.5
134.0 4.3671875
135.0 1.28125
136.0 5.140625
137.0 5.9921875
138.0 3.7109375
139.0 4.6640625
140.0 4.859375
141.0 4.265625
142.0 4.8671875
143.0 4.6328125
144.0 4.0078125
145.0 4.2421875
146.0 5.0546875
147.0 4.5703125
148.0 4.0625
149.0 3.4296875
150.0 4.6015625
151.0 4.9296875
152.0 4.53125
153.0 1.1796875
154.0 8.5234375
155.0 4.7578125
156.0 3.953125
157.0 4.3203125
158.0 0.515625
159.0 8.046875
160.0 2.890625
161.0 3.078125
162.0 4.484375
163.0 5.5234375
164.0 5.1015625
165.0 5.0546875
166.0 4.2734375
167.0 4.953125
168.0 5.515625
169.0 5.28125
170.0 5.28125
171.0 1.0859375
172.0 8.375
173.0 7.2890625
174.0 3.34375
175.0 6.2265625
176.0 5.1875
177.0 4.84375
178.0 5.234375
179.0 4.6015625
180.0 4.9921875
181.0 5.515625
182.0 4.90625
183.0 5.2578125
184.0 5.3046875
185.0 4.953125
186.0 5.484375
187.0 5.4296875
188.0 5.890625
189.0 3.0703125
190.0 7.8984375
191.0 5.34375
192.0 5.1015625
193.0 5.0234375
194.0 4.8125
195.0 4.7421875
196.0 4.7265625
197.0 3.8828125
198.0 4.8671875
199.0 3.1640625
200.0 7.9296875
201.0 4.53125
202.0 4.8046875
203.0 5.4296875
204.0 4.7734375
205.0 3.859375
206.0 4.3828125
207.0 4.9609375
208.0 5.046875
209.0 4.921875
210.0 5.4375
211.0 4.796875
212.0 5.90625
213.0 5.2578125
214.0 5.078125
215.0 4.0859375
216.0 4.3046875
217.0 5.0859375
218.0 5.2578125
219.0 5.34375
220.0 5.5
221.0 5.421875
222.0 5.109375
223.0 5.3671875
224.0 4.9296875
225.0 5.171875
226.0 3.7109375
227.0 7.09375
228.0 5.7265625
229.0 5.734375
230.0 5.5859375
231.0 4.5703125
232.0 6.59375
233.0 5.4375
234.0 4.2734375
235.0 5.859375
236.0 5.40625
237.0 5.2578125
238.0 5.3828125
239.0 5.46875
240.0 5.3046875
241.0 4.859375
242.0 5.34375
243.0 4.6796875
244.0 5.1328125
245.0 5.375
246.0 5.21875
247.0 5.2265625
248.0 5.3203125
249.0 2.3671875
250.0 8.9375
251.0 5.7109375
252.0 5.2265625
253.0 5.078125
254.0 2.7578125
255.0 7.578125
256.0 5.2578125
257.0 5.015625
258.0 5.375
259.0 5.0390625
260.0 5.078125
261.0 5.203125
262.0 4.9765625
263.0 5.1015625
264.0 4.953125
265.0 2.453125
266.0 7.875
267.0 5.5
268.0 5.46875
269.0 5.4609375
270.0 5.3984375
271.0 5.4921875
272.0 5.734375
273.0 5.3671875
274.0 5.5
275.0 5.609375
276.0 5.578125
277.0 5.4921875
278.0 5.5
279.0 5.0390625
280.0 2.2734375
281.0 9.25
282.0 5.4375
283.0 5.2734375
284.0 5.546875
285.0 5.765625
286.0 1.984375
287.0 8.359375
288.0 5.5234375
289.0 5.4375
290.0 3.7890625
291.0 7.28125
292.0 3.4453125
293.0 7.1015625
294.0 5.3515625
295.0 5.203125
296.0 3.640625
297.0 6.7734375
298.0 5.3984375
299.0 5.796875
300.0 5.5
301.0 5.703125
302.0 4.9765625
303.0 4.84375
304.0 5.609375
305.0 5.4609375
306.0 5.5859375
307.0 5.0234375
308.0 5.4921875
309.0 4.9921875
310.0 2.3125
311.0 6.71875
312.0 5.3203125
313.0 5.53125
314.0 5.140625
315.0 5.6171875
316.0 5.796875
317.0 2.96875
318.0 7.9140625
319.0 5.4609375
320.0 5.6171875
321.0 5.46875
322.0 5.4609375
323.0 5.1953125
324.0 5.46875
325.0 5.375
326.0 5.1875
327.0 5.875
328.0 5.46875
329.0 4.4140625
330.0 2.8046875
331.0 7.34375
332.0 5.1015625
333.0 4.9921875
334.0 2.9375
335.0 0.7578125
336.0 6.9453125
337.0 4.6875
338.0 5.234375
339.0 5.453125
340.0 5.2734375
341.0 5.3828125
342.0 5.453125
343.0 5.3671875
344.0 5.140625
345.0 5.34375
346.0 5.5625
347.0 5.078125
348.0 5.484375
349.0 5.8125
350.0 4.9296875
351.0 5.515625
352.0 5.7109375
353.0 5.53125
354.0 5.671875
355.0 5.4375
356.0 2.9296875
357.0 8.953125
358.0 5.421875
359.0 5.3046875
360.0 5.5
361.0 4.90625
362.0 4.7578125
363.0 4.9453125
364.0 5.25
365.0 2.234375
366.0 6.7421875
367.0 6.7734375
368.0 5.0234375
369.0 5.1953125
370.0 5.203125
371.0 5.5234375
372.0 3.875
373.0 6.8984375
374.0 3.90625
375.0 4.90625
376.0 4.0703125
377.0 2.1875
378.0 2.640625
379.0 3.3828125
380.0 4.84375
381.0 5.015625
382.0 4.953125
383.0 5.53125
384.0 4.484375
385.0 4.3984375
386.0 5.2578125
387.0 4.390625
388.0 5.734375
389.0 4.15625
390.0 4.0234375
391.0 4.875
392.0 2.546875
393.0 0.0
394.0 9.03125
395.0 4.53125
396.0 3.0234375
397.0 6.84375
398.0 5.609375
399.0 4.953125
400.0 5.0859375
401.0 5.0390625
402.0 4.8125
403.0 5.0390625
404.0 4.78125
405.0 4.546875
406.0 5.1328125
407.0 5.2890625
408.0 5.203125
409.0 4.9765625
410.0 5.375
411.0 5.4609375
412.0 3.9453125
413.0 2.09375
414.0 4.390625
415.0 5.078125
416.0 4.328125
417.0 6.3203125
418.0 5.8515625
419.0 5.796875
420.0 5.5234375
421.0 6.0234375
422.0 5.6328125
423.0 5.5234375
424.0 5.640625
425.0 3.4296875
426.0 7.578125
427.0 5.3515625
428.0 4.9453125
429.0 5.1953125
430.0 5.2265625
431.0 5.234375
432.0 5.34375
433.0 5.3671875
434.0 2.484375
435.0 8.2109375
436.0 5.3046875
437.0 5.2734375
438.0 4.25
439.0 0.515625
440.0 8.5390625
441.0 4.890625
442.0 4.515625
443.0 4.1171875
444.0 3.96875
445.0 4.4296875
446.0 4.8046875
447.0 4.6328125
448.0 4.796875
449.0 5.125
450.0 5.15625
451.0 4.75
452.0 2.6015625
453.0 6.3671875
454.0 3.4609375
455.0 3.4921875
456.0 3.59375
457.0 4.6328125
458.0 5.25
459.0 5.140625
460.0 4.65625
461.0 5.3515625
462.0 4.9921875
463.0 5.2265625
464.0 4.453125
465.0 4.890625
466.0 4.84375
467.0 4.7734375
468.0 0.8125
469.0 9.03125
470.0 4.8984375
471.0 3.921875
472.0 3.9140625
473.0 4.6796875
474.0 4.8984375
475.0 4.4453125
476.0 4.78125
477.0 4.546875
478.0 4.5625
479.0 4.5
480.0 4.453125
481.0 3.4453125
482.0 6.1171875
483.0 4.84375
484.0 4.8125
485.0 4.953125
486.0 5.125
487.0 4.8046875
488.0 2.9609375
489.0 6.8125
490.0 4.5390625
491.0 4.6015625
492.0 4.90625
493.0 5.046875
494.0 4.8359375
495.0 4.59375
496.0 4.65625
497.0 4.3984375
498.0 4.2109375
499.0 4.6640625
500.0 4.796875
501.0 2.0625
502.0 7.4921875
503.0 5.109375
504.0 4.9296875
505.0 4.46875
506.0 1.421875
507.0 7.9453125
508.0 4.578125
509.0 4.25
510.0 4.3359375
511.0 4.453125
512.0 4.3984375
513.0 4.625
514.0 4.2421875
515.0 3.9765625
516.0 4.53125
517.0 4.8046875
518.0 5.140625
519.0 3.640625
520.0 7.2421875
521.0 4.6640625
522.0 4.78125
523.0 5.2890625
524.0 5.15625
525.0 1.765625
526.0 8.421875
527.0 5.25
528.0 4.484375
529.0 3.4765625
530.0 4.1875
531.0 4.9296875
532.0 5.078125
533.0 4.984375
534.0 4.859375
535.0 4.796875
536.0 5.0859375
537.0 5.0703125
538.0 6.296875
539.0 4.9765625
540.0 5.1015625
541.0 5.4609375
542.0 5.5
543.0 5.40625
544.0 5.0546875
545.0 5.3046875
546.0 5.578125
547.0 5.484375
548.0 3.640625
549.0 7.3046875
550.0 5.8125
551.0 5.890625
552.0 5.6171875
553.0 4.9609375
554.0 5.15625
555.0 5.3671875
556.0 5.0390625
557.0 5.4921875
558.0 5.2265625
559.0 5.53125
560.0 5.4921875
561.0 5.1875
562.0 6.84375
563.0 5.6171875
564.0 5.515625
565.0 5.4296875
566.0 5.484375
567.0 3.2265625
568.0 6.953125
569.0 4.7578125
570.0 4.1875
571.0 5.015625
572.0 5.171875
573.0 5.3359375
574.0 5.6484375
575.0 4.921875
576.0 4.5703125
577.0 4.6796875
578.0 4.7734375
579.0 2.3671875
580.0 6.3828125
581.0 3.015625
582.0 2.578125
583.0 1.2421875
584.0 2.7265625
585.0 3.703125
586.0 2.984375
587.0 3.7265625
588.0 2.421875
589.0 0.7578125
590.0 0.0
591.0 5.7265625
592.0 2.4140625
593.0 2.9296875
594.0 2.640625
595.0 2.0859375
596.0 2.265625
597.0 3.53125
598.0 4.9453125
599.0 4.984375
