0.0 4.859375
1.0 4.7421875
2.0 4.6875
3.0 0.96875
4.0 8.078125
5.0 4.4453125
6.0 3.828125
7.0 2.65625
8.0 2.515625
9.0 3.828125
10.0 3.7578125
11.0 3.7734375
12.0 4.1171875
13.0 4.2734375
14.0 4.65625
15.0 4.0546875
16.0 0.0
17.0 9.046875
18.0 4.6953125
19.0 4.5
20.0 0.875
21.0 9.59375
22.0 4.578125
23.0 3.8515625
24.0 3.9921875
25.0 4.5
26.0 4.578125
27.0 4.484375
28.0 4.3515625
29.0 5.0234375
30.0 4.8046875
31.0 4.75
32.0 4.9609375
33.0 0.3984375
34.0 8.09375
35.0 2.1640625
36.0 4.75
37.0 4.921875
38.0 3.96875
39.0 3.828125
40.0 4.5625
41.0 4.625
42.0 4.65625
43.0 4.6640625
44.0 5.0234375
45.0 4.84375
46.0 4.3671875
47.0 4.15625
48.0 4.6015625
49.0 4.6875
50.0 4.6640625
51.0 4.71875
52.0 2.15625
53.0 8.46875
54.0 4.953125
55.0 5.0546875
56.0 4.4296875
57.0 5.171875
58.0 5.0234375
59.0 5.0078125
60.0 5.3984375
61.0 5.484375
62.0 4.9921875
63.0 4.421875
64.0 4.546875
65.0 4.6484375
66.0 4.3515625
67.0 4.6015625
68.0 4.3203125
69.0 4.421875
70.0 4.65625
71.0 4.578125
72.0 4.7109375
73.0 3.8046875
74.0 0.78125
75.0 8.1953125
76.0 3.6484375
77.0 2.9375
78.0 4.0859375
79.0 4.3984375
80.0 2.9296875
81.0 2.234375
82.0 0.015625
83.0 7.421875
84.0 3.578125
85.0 3.3671875
86.0 2.453125
87.0 2.984375
88.0 2.1328125
89.0 1.8984375
90.0 1.359375
91.0 1.046875
92.0 3.515625
93.0 4.390625
94.0 4.28125
95.0 1.65625
96.0 0.0
97.0 5.671875
98.0 1.625
99.0 0.109375
100.0 1.375
101.0 2.3125
102.0 2.0
103.0 3.671875
104.0 4.6640625
105.0 4.1328125
106.0 3.6484375
107.0 4.90625
108.0 4.1484375
109.0 4.5703125
110.0 2.21875
111.0 6.3828125
112.0 4.3984375
113.0 4.3359375
114.0 4.3359375
115.0 4.1015625
116.0 0.84375
117.0 8.5859375
118.0 4.859375
119.0 3.6171875
120.0 4.15625
121.0 4.1875
122.0 3.5
123.0 0.4609375
124.0 6.78125
125.0 3.8828125
126.0 4.890625
127.0 4.0078125
128.0 3.7890625
129.0 4.4453125
130.0 3.9375
131.0 2.8203125
132.0 3.9765625
133.0 4.1015625
134.0 3.953125
135.0 3.578125
136.0 3.9140625
137.0 5.4921875
138.0 4.5625
139.0 4.5078125
140.0 4.6953125
141.0 0.4921875
142.0 7.2734375
143.0 6.5078125
144.0 6.84375
145.0 5.9765625
146.0 4.9296875
147.0 4.28125
148.0 2.890625
149.0 3.765625
150.0 4.6796875
151.0 5.4921875
152.0 3.8515625
153.0 4.5
154.0 5.0703125
155.0 5.0390625
156.0 4.8984375
157.0 5.0390625
158.0 4.5390625
159.0 4.2734375
160.0 4.53125
161.0 0.5390625
162.0 8.8359375
163.0 4.8671875
164.0 5.0234375
165.0 5.0234375
166.0 5.765625
167.0 5.1875
168.0 2.8984375
169.0 7.2578125
170.0 5.1953125
171.0 5.0546875
172.0 3.875
173.0 3.3984375
174.0 2.84375
175.0 4.0859375
176.0 4.53125
177.0 4.2109375
178.0 4.328125
179.0 3.5859375
180.0 3.203125
181.0 0.0
182.0 0.0
183.0 6.8671875
184.0 2.4296875
185.0 4.2421875
186.0 4.421875
187.0 4.5
188.0 4.421875
189.0 4.5390625
190.0 4.8125
191.0 5.0546875
192.0 5.3515625
193.0 4.8359375
194.0 2.953125
195.0 5.234375
196.0 5.0078125
197.0 4.7734375
198.0 4.875
199.0 4.921875
200.0 4.3359375
201.0 5.703125
202.0 5.1015625
203.0 5.421875
204.0 5.5546875
205.0 5.3671875
206.0 5.3984375
207.0 4.6875
208.0 5.46875
209.0 3.7734375
210.0 5.203125
211.0 5.5859375
212.0 5.1953125
213.0 4.796875
214.0 4.890625
215.0 4.625
216.0 3.015625
217.0 4.0234375
218.0 4.6875
219.0 5.5859375
220.0 5.75
221.0 5.0078125
222.0 4.8359375
223.0 5.6328125
224.0 5.8203125
225.0 5.6015625
226.0 4.453125
227.0 3.0234375
228.0 3.4375
229.0 4.890625
230.0 5.3515625
231.0 4.8984375
232.0 5.8203125
233.0 4.0234375
234.0 4.2109375
235.0 5.28125
236.0 5.484375
237.0 1.8984375
238.0 8.4609375
239.0 5.78125
240.0 5.1015625
241.0 4.578125
242.0 4.609375
243.0 5.0078125
244.0 4.90625
245.0 4.8125
246.0 4.0
247.0 0.6015625
248.0 8.59375
249.0 4.2734375
250.0 4.53125
251.0 5.109375
252.0 4.9921875
253.0 4.7734375
254.0 3.546875
255.0 3.640625
256.0 2.1796875
257.0 0.0
258.0 7.8671875
259.0 5.5859375
260.0 4.0703125
261.0 3.234375
262.0 4.578125
263.0 4.4453125
264.0 4.265625
265.0 2.8671875
266.0 5.828125
267.0 4.9609375
268.0 4.15625
269.0 3.0703125
270.0 2.8203125
271.0 1.765625
272.0 1.953125
273.0 0.703125
274.0 6.15625
275.0 4.9296875
276.0 3.3984375
277.0 2.125
278.0 2.609375
279.0 3.9765625
280.0 3.546875
281.0 1.984375
282.0 1.953125
283.0 2.296875
284.0 1.890625
285.0 2.1640625
286.0 2.1875
287.0 0.0
288.0 6.0859375
289.0 3.1640625
290.0 3.1015625
291.0 3.53125
292.0 4.78125
293.0 3.203125
294.0 5.1875
295.0 3.625
296.0 3.0546875
297.0 2.3359375
298.0 2.625
299.0 2.96875
300.0 2.2734375
301.0 3.8046875
302.0 2.2109375
303.0 2.7890625
304.0 3.3125
305.0 0.2890625
306.0 6.234375
307.0 2.359375
308.0 2.8515625
309.0 0.34375
310.0 7.6015625
311.0 4.0625
312.0 4.3359375
313.0 3.4765625
314.0 3.59375
315.0 3.4140625
316.0 3.640625
317.0 4.0625
318.0 3.4296875
319.0 3.40625
320.0 4.625
321.0 5.203125
322.0 1.3125
323.0 7.28125
324.0 4.234375
325.0 3.546875
326.0 3.4609375
327.0 3.4765625
328.0 4.171875
329.0 3.9921875
330.0 4.6015625
331.0 3.9375
332.0 4.6015625
333.0 2.9921875
334.0 4.5
335.0 4.296875
336.0 3.5859375
337.0 1.625
338.0 0.0
339.0 5.1640625
340.0 1.6796875
341.0 3.7734375
342.0 2.921875
343.0 2.484375
344.0 3.234375
345.0 3.859375
346.0 4.0703125
347.0 4.484375
348.0 3.671875
349.0 3.21875
350.0 4.5703125
351.0 0.8203125
352.0 7.6875
353.0 4.953125
354.0 3.3671875
355.0 4.859375
356.0 3.0234375
357.0 1.984375
358.0 2.1640625
359.0 2.4140625
360.0 2.6328125
361.0 4.5625
362.0 3.6484375
363.0 3.921875
364.0 3.84375
365.0 3.8828125
366.0 4.4765625
367.0 1.8046875
368.0 7.1875
369.0 3.765625
370.0 3.90625
371.0 4.0859375
372.0 0.6328125
373.0 0.0
374.0 4.9296875
375.0 4.21875
376.0 3.9765625
377.0 4.578125
378.0 4.578125
379.0 3.96875
380.0 3.7109375
381.0 4.1484375
382.0 3.671875
383.0 4.265625
384.0 3.46875
385.0 3.3125
386.0 3.3828125
387.0 5.0078125
388.0 4.796875
389.0 4.7265625
390.0 4.9453125
391.0 5.15625
392.0 4.90625
393.0 4.65625
394.0 4.953125
395.0 5.109375
396.0 5.3515625
397.0 5.3984375
398.0 5.2890625
399.0 5.046875
400.0 1.0234375
401.0 8.3828125
402.0 4.9765625
403.0 4.65625
404.0 3.0859375
405.0 6.2890625
406.0 4.390625
407.0 4.609375
408.0 4.03125
409.0 5.109375
410.0 3.0
411.0 3.5625
412.0 3.6484375
413.0 3.2890625
414.0 4.4765625
415.0 4.5625
416.0 4.3671875
417.0 4.5
418.0 4.78125
419.0 3.765625
420.0 3.4453125
421.0 4.5625
422.0 3.890625
423.0 1.1640625
424.0 0.0
425.0 5.9140625
426.0 2.7890625
427.0 4.921875
428.0 5.234375
429.0 4.90625
430.0 3.28125
431.0 0.0
432.0 0.0
433.0 7.5703125
434.0 2.90625
435.0 2.96875
436.0 3.28125
437.0 2.6640625
438.0 4.0703125
439.0 4.484375
440.0 4.6328125
441.0 3.859375
442.0 2.3984375
443.0 0.7265625
444.0 0.5390625
445.0 0.0
446.0 4.59375
447.0 2.7265625
448.0 2.5390625
449.0 2.1328125
450.0 2.78125
451.0 4.0078125
452.0 4.15625
453.0 3.3515625
454.0 3.7265625
455.0 4.578125
456.0 4.1484375
457.0 2.1328125
458.0 5.40625
459.0 4.7421875
460.0 4.3046875
461.0 4.46875
462.0 3.8046875
463.0 4.3828125
464.0 3.6796875
465.0 4.3515625
466.0 0.046875
467.0 7.96875
468.0 4.3515625
469.0 4.484375
470.0 5.1015625
471.0 4.0703125
472.0 4.0625
473.0 2.71875
474.0 3.3125
475.0 1.859375
476.0 6.796875
477.0 4.5
478.0 3.328125
479.0 3.953125
480.0 3.4375
481.0 0.34375
482.0 5.2265625
483.0 1.859375
484.0 0.328125
485.0 1.4609375
486.0 0.75
487.0 1.7421875
488.0 4.171875
489.0 4.6875
490.0 3.6171875
491.0 4.625
492.0 3.234375
493.0 3.5546875
494.0 1.984375
495.0 6.0625
496.0 3.890625
497.0 4.0
498.0 5.0078125
499.0 4.0703125
500.0 4.875
501.0 3.765625
502.0 4.8046875
503.0 4.6875
504.0 3.7421875
505.0 2.3046875
506.0 1.9140625
507.0 2.65625
508.0 4.25
509.0 5.0390625
510.0 3.7890625
511.0 4.8046875
512.0 4.0703125
513.0 3.2890625
514.0 3.34375
515.0 0.6875
516.0 8.5078125
517.0 4.125
518.0 4.390625
519.0 3.5625
520.0 3.8515625
521.0 3.6484375
522.0 3.3984375
523.0 4.0390625
524.0 3.96875
525.0 5.25
526.0 4.03125
527.0 4.25
528.0 2.2109375
529.0 4.890625
530.0 4.03125
531.0 4.3359375
532.0 5.25
533.0 4.234375
534.0 3.375
535.0 5.96875
536.0 5.515625
537.0 4.8125
538.0 4.1484375
539.0 4.90625
540.0 3.4296875
541.0 4.1171875
542.0 2.96875
543.0 2.546875
544.0 3.5859375
545.0 4.0625
546.0 4.25
547.0 3.2265625
548.0 0.7265625
549.0 7.96875
550.0 4.59375
551.0 3.0234375
552.0 0.0
553.0 6.75
554.0 2.640625
555.0 2.8984375
556.0 3.859375
557.0 4.515625
558.0 3.9375
559.0 4.265625
560.0 3.3125
561.0 4.0234375
562.0 4.3046875
563.0 3.53125
564.0 4.1875
565.0 1.71875
566.0 5.0234375
567.0 2.7109375
568.0 3.0234375
569.0 3.328125
570.0 1.96875
571.0 6.296875
572.0 4.265625
573.0 3.765625
574.0 2.3984375
575.0 3.1953125
576.0 0.984375
577.0 4.6640625
578.0 2.7890625
579.0 2.640625
580.0 3.96875
581.0 3.796875
582.0 2.8984375
583.0 2.0703125
584.0 3.5
585.0 3.4765625
586.0 4.6015625
587.0 4.984375
588.0 4.8046875
589.0 5.4609375
590.0 3.1171875
591.0 1.9453125
592.0 7.046875
593.0 4.2421875
594.0 2.2109375
595.0 5.515625
596.0 4.234375
597.0 4.390625
598.0 5.671875
599.0 3.859375
