0.0 5.6484375
1.0 5.6171875
2.0 5.609375
3.0 2.28125
4.0 9.0078125
5.0 5.546875
6.0 5.5
7.0 2.375
8.0 8.9140625
9.0 5.453125
10.0 5.8515625
11.0 5.7578125
12.0 5.7265625
13.0 5.6953125
14.0 5.6015625
15.0 5.75
16.0 5.671875
17.0 5.6796875
18.0 5.5625
19.0 5.609375
20.0 2.8359375
21.0 8.390625
22.0 5.6015625
23.0 5.375
24.0 5.6171875
25.0 5.34375
26.0 3.4296875
27.0 7.453125
28.0 5.40625
29.0 5.3828125
30.0 5.375
31.0 5.3359375
32.0 5.5
33.0 5.6015625
34.0 5.515625
35.0 5.171875
36.0 5.5
37.0 5.421875
38.0 5.28125
39.0 3.2578125
40.0 7.6640625
41.0 5.609375
42.0 5.46875
43.0 5.375
44.0 4.875
45.0 5.90625
46.0 5.5234375
47.0 5.375
48.0 5.4921875
49.0 5.484375
50.0 5.4296875
51.0 5.421875
52.0 5.25
53.0 5.40625
54.0 5.4375
55.0 5.2890625
56.0 5.34375
57.0 2.484375
58.0 7.96875
59.0 5.1875
60.0 5.3203125
61.0 5.5234375
62.0 5.4921875
63.0 5.609375
64.0 5.46875
65.0 0.8671875
66.0 9.78125
67.0 5.3125
68.0 5.53125
69.0 5.234375
70.0 5.515625
71.0 5.484375
72.0 5.2265625
73.0 5.1015625
74.0 5.40625
75.0 5.6171875
76.0 5.515625
77.0 5.3203125
78.0 5.578125
79.0 5.515625
80.0 5.3125
81.0 5.2265625
82.0 3.4765625
83.0 7.21875
84.0 5.375
85.0 5.453125
86.0 0.8828125
87.0 8.375
88.0 4.8671875
89.0 5.3828125
90.0 5.46875
91.0 5.5546875
92.0 3.609375
93.0 5.078125
94.0 5.2578125
95.0 5.46875
96.0 5.8515625
97.0 5.515625
98.0 5.4921875
99.0 1.5625
100.0 9.578125
101.0 5.546875
102.0 5.6640625
103.0 5.4921875
104.0 5.3515625
105.0 5.640625
106.0 5.421875
107.0 1.8828125
108.0 8.984375
109.0 5.234375
110.0 5.171875
111.0 5.515625
112.0 5.4375
113.0 2.8984375
114.0 7.9609375
115.0 5.5546875
116.0 5.6953125
117.0 5.6171875
118.0 5.484375
119.0 5.578125
120.0 5.578125
121.0 5.4296875
122.0 5.3671875
123.0 5.828125
124.0 5.703125
125.0 5.5
126.0 5.53125
127.0 5.21875
128.0 0.6171875
129.0 10.53125
130.0 5.5546875
131.0 5.171875
132.0 2.453125
133.0 8.5859375
134.0 5.3359375
135.0 5.3828125
136.0 5.3984375
137.0 5.46875
138.0 5.6015625
139.0 5.765625
140.0 5.515625
141.0 5.8203125
142.0 5.4609375
143.0 5.7265625
144.0 1.609375
145.0 9.7265625
146.0 5.7890625
147.0 5.75
148.0 5.5859375
149.0 5.578125
150.0 5.4921875
151.0 5.7265625
152.0 5.84375
153.0 5.890625
154.0 1.5703125
155.0 9.8671875
156.0 5.421875
157.0 5.640625
158.0 5.5
159.0 5.3671875
160.0 5.609375
161.0 5.796875
162.0 5.609375
163.0 5.78125
164.0 5.0546875
165.0 5.9140625
166.0 5.5859375
167.0 5.546875
168.0 5.453125
169.0 5.6796875
170.0 5.6796875
171.0 5.5859375
172.0 5.7265625
173.0 5.734375
174.0 5.4375
175.0 5.421875
176.0 4.8359375
177.0 6.15625
178.0 5.5234375
179.0 5.4609375
180.0 5.546875
181.0 5.4296875
182.0 5.4375
183.0 5.1640625
184.0 5.6796875
185.0 5.4609375
186.0 5.4296875
187.0 5.1328125
188.0 5.5
189.0 5.703125
190.0 5.3203125
191.0 5.0078125
192.0 6.1171875
193.0 5.4921875
194.0 5.6015625
195.0 5.2734375
196.0 5.1953125
197.0 5.4296875
198.0 5.5234375
199.0 5.484375
200.0 5.3984375
201.0 5.3984375
202.0 5.2578125
203.0 5.3203125
204.0 5.3984375
205.0 1.96875
206.0 8.59375
207.0 5.5546875
208.0 5.484375
209.0 5.3046875
210.0 5.3828125
211.0 5.4296875
212.0 5.3828125
213.0 4.0859375
214.0 6.890625
215.0 5.171875
216.0 5.1953125
217.0 5.3046875
218.0 5.2265625
219.0 5.1015625
220.0 4.484375
221.0 6.125
222.0 5.0546875
223.0 5.5
224.0 5.34375
225.0 5.125
226.0 5.2890625
227.0 5.3046875
228.0 5.3046875
229.0 5.3984375
230.0 5.9375
231.0 5.8125
232.0 1.5
233.0 9.1953125
234.0 5.5234375
235.0 5.3671875
236.0 5.3984375
237.0 5.4921875
238.0 5.3125
239.0 5.515625
240.0 5.5
241.0 5.6640625
242.0 5.765625
243.0 5.3984375
244.0 5.5
245.0 5.2578125
246.0 5.5546875
247.0 5.5625
248.0 5.4921875
249.0 5.3046875
250.0 5.5
251.0 5.78125
252.0 3.59375
253.0 7.78125
254.0 5.578125
255.0 6.078125
256.0 6.6875
257.0 6.0390625
258.0 5.765625
259.0 2.71875
260.0 8.8984375
261.0 5.6796875
262.0 5.609375
263.0 5.90625
264.0 5.4375
265.0 5.640625
266.0 5.796875
267.0 5.609375
268.0 5.5625
269.0 5.640625
270.0 5.734375
271.0 5.765625
272.0 5.3984375
273.0 5.5859375
274.0 5.84375
275.0 5.234375
276.0 5.609375
277.0 5.5
278.0 5.6015625
279.0 5.7265625
280.0 5.703125
281.0 5.6796875
282.0 5.40625
283.0 5.46875
284.0 5.6171875
285.0 5.828125
286.0 5.7578125
287.0 5.9140625
288.0 5.5546875
289.0 1.828125
290.0 9.453125
291.0 4.59375
292.0 6.6171875
293.0 5.7109375
294.0 5.84375
295.0 5.859375
296.0 5.6328125
297.0 5.1953125
298.0 5.75
299.0 5.6328125
300.0 5.6171875
301.0 5.7265625
302.0 5.671875
303.0 5.828125
304.0 5.7578125
305.0 5.859375
306.0 6.0234375
307.0 6.0859375
308.0 5.6953125
309.0 5.6484375
310.0 5.84375
311.0 5.5625
312.0 4.453125
313.0 7.078125
314.0 5.9375
315.0 5.3671875
316.0 5.84375
317.0 5.9140625
318.0 3.65625
319.0 7.8125
320.0 5.609375
321.0 5.5859375
322.0 5.640625
323.0 5.7109375
324.0 5.7265625
325.0 5.75
326.0 5.46875
327.0 5.6640625
328.0 5.515625
329.0 5.375
330.0 1.171875
331.0 10.2265625
332.0 5.40625
333.0 5.7578125
334.0 5.6328125
335.0 5.6796875
336.0 5.5546875
337.0 5.7265625
338.0 5.546875
339.0 5.484375
340.0 5.6015625
341.0 5.28125
342.0 2.625
343.0 8.3828125
344.0 5.6015625
345.0 5.4375
346.0 5.3125
347.0 5.421875
348.0 5.3359375
349.0 5.2578125
350.0 5.5
351.0 5.609375
352.0 5.484375
353.0 5.4375
354.0 5.4296875
355.0 5.25
356.0 5.3359375
357.0 5.421875
358.0 5.375
359.0 5.6171875
360.0 1.4375
361.0 9.2421875
362.0 5.546875
363.0 5.2265625
364.0 5.5
365.0 5.609375
366.0 5.6484375
367.0 5.6015625
368.0 5.765625
369.0 5.53125
370.0 5.5234375
371.0 5.640625
372.0 5.765625
373.0 5.6640625
374.0 4.3515625
375.0 6.9765625
376.0 2.7109375
377.0 8.5
378.0 5.828125
379.0 5.6484375
380.0 5.6015625
381.0 5.640625
382.0 5.7109375
383.0 5.890625
384.0 5.7265625
385.0 5.546875
386.0 5.6328125
387.0 5.6796875
388.0 5.671875
389.0 5.6328125
390.0 5.5234375
391.0 5.46875
392.0 6.359375
393.0 5.6796875
394.0 5.7265625
395.0 5.6953125
396.0 5.6015625
397.0 5.859375
398.0 5.5859375
399.0 5.78125
400.0 5.96875
401.0 5.640625
402.0 5.8203125
403.0 5.9296875
404.0 5.546875
405.0 5.46875
406.0 5.7265625
407.0 5.7109375
408.0 5.78125
409.0 5.7265625
410.0 4.546875
411.0 7.1953125
412.0 5.5
413.0 5.375
414.0 5.5859375
415.0 3.953125
416.0 7.3984375
417.0 5.9296875
418.0 5.765625
419.0 5.8125
420.0 5.84375
421.0 5.9453125
422.0 5.6953125
423.0 5.8828125
424.0 5.6015625
425.0 5.609375
426.0 5.75
427.0 5.6484375
428.0 4.484375
429.0 6.8125
430.0 5.6953125
431.0 5.640625
432.0 5.890625
433.0 2.0390625
434.0 9.5546875
435.0 5.890625
436.0 5.6953125
437.0 5.828125
438.0 5.7265625
439.0 5.8515625
440.0 5.859375
441.0 5.6640625
442.0 5.8125
443.0 5.7890625
444.0 5.6796875
445.0 5.6953125
446.0 5.5546875
447.0 2.0
448.0 9.2265625
449.0 5.5859375
450.0 5.6015625
451.0 2.59375
452.0 8.75
453.0 5.6640625
454.0 5.5546875
455.0 5.6796875
456.0 5.7109375
457.0 5.375
458.0 5.5234375
459.0 5.375
460.0 5.140625
461.0 5.3046875
462.0 4.265625
463.0 3.5546875
464.0 1.046875
465.0 6.2578125
466.0 4.0078125
467.0 5.6640625
468.0 5.6015625
469.0 5.5
470.0 5.546875
471.0 5.2890625
472.0 5.5625
473.0 0.984375
474.0 10.3984375
475.0 5.578125
476.0 5.40625
477.0 5.515625
478.0 5.3359375
479.0 5.5
480.0 5.2890625
481.0 5.3828125
482.0 5.53125
483.0 5.4609375
484.0 5.4296875
485.0 5.4921875
486.0 5.1640625
487.0 5.3828125
488.0 4.5
489.0 6.734375
490.0 5.3359375
491.0 5.5
492.0 1.6875
493.0 9.4296875
494.0 5.5
495.0 5.6015625
496.0 5.703125
497.0 5.671875
498.0 5.78125
499.0 5.078125
500.0 1.390625
501.0 4.6875
502.0 2.0859375
503.0 5.40625
504.0 5.1328125
505.0 5.25
506.0 5.0390625
507.0 4.8984375
508.0 5.078125
509.0 4.6015625
510.0 5.171875
511.0 5.46875
512.0 5.3359375
513.0 5.40625
514.0 5.421875
515.0 5.421875
516.0 5.3984375
517.0 5.1640625
518.0 5.28125
519.0 5.34375
520.0 5.375
521.0 5.4296875
522.0 5.6953125
523.0 5.421875
524.0 5.703125
525.0 5.40625
526.0 5.640625
527.0 5.5234375
528.0 5.890625
529.0 5.7109375
530.0 5.8515625
531.0 5.5859375
532.0 5.53125
533.0 5.75
534.0 5.6015625
535.0 5.78125
536.0 5.75
537.0 5.4921875
538.0 5.765625
539.0 5.53125
540.0 5.8125
541.0 5.7109375
542.0 5.453125
543.0 5.3046875
544.0 5.5546875
545.0 5.78125
546.0 5.46875
547.0 5.84375
548.0 5.90625
549.0 2.5625
550.0 9.046875
551.0 5.46875
552.0 5.9375
553.0 5.484375
554.0 2.234375
555.0 7.7578125
556.0 6.53125
557.0 5.3671875
558.0 5.3671875
559.0 4.3203125
560.0 4.4765625
561.0 4.8671875
562.0 5.3203125
563.0 5.5234375
564.0 5.4296875
565.0 5.453125
566.0 5.6640625
567.0 5.3359375
568.0 5.7265625
569.0 5.0546875
570.0 6.6015625
571.0 5.734375
572.0 5.859375
573.0 5.4921875
574.0 4.15625
575.0 8.0
576.0 5.96875
577.0 5.6640625
578.0 5.6796875
579.0 5.5859375
580.0 5.796875
581.0 5.578125
582.0 5.6484375
583.0 5.6640625
584.0 5.6015625
585.0 5.78125
586.0 5.640625
587.0 1.734375
588.0 9.7421875
589.0 5.4375
590.0 5.5625
591.0 5.5859375
592.0 5.8203125
593.0 4.3046875
594.0 7.125
595.0 5.546875
596.0 5.75
597.0 5.6328125
598.0 5.4609375
599.0 5.375
