0.0 4.2109375
1.0 4.8671875
2.0 4.0
3.0 4.3828125
4.0 4.5390625
5.0 2.3671875
6.0 6.78125
7.0 4.7265625
8.0 4.6875
9.0 4.90625
10.0 4.8671875
11.0 4.484375
12.0 4.8359375
13.0 5.015625
14.0 4.984375
15.0 4.921875
16.0 5.234375
17.0 5.171875
18.0 3.4375
19.0 7.1640625
20.0 5.078125
21.0 5.21875
22.0 5.234375
23.0 1.1953125
24.0 8.984375
25.0 5.2734375
26.0 5.1328125
27.0 5.3515625
28.0 5.3671875
29.0 5.28125
30.0 5.4296875
31.0 5.21875
32.0 5.25
33.0 5.1640625
34.0 5.21875
35.0 5.1328125
36.0 0.75
37.0 9.7734375
38.0 5.4296875
39.0 4.6484375
40.0 4.8046875
41.0 4.875
42.0 0.6953125
43.0 10.1953125
44.0 5.3515625
45.0 5.6171875
46.0 5.1640625
47.0 4.6328125
48.0 4.1796875
49.0 4.84375
50.0 5.125
51.0 4.9765625
52.0 5.21875
53.0 1.0859375
54.0 9.2109375
55.0 5.5546875
56.0 5.515625
57.0 5.78125
58.0 5.546875
59.0 5.9453125
60.0 5.2265625
61.0 5.46875
62.0 5.4921875
63.0 5.6640625
64.0 5.40625
65.0 5.421875
66.0 5.484375
67.0 5.0546875
68.0 4.3203125
69.0 4.578125
70.0 5.1953125
71.0 1.734375
72.0 8.859375
73.0 5.15625
74.0 5.234375
75.0 5.1015625
76.0 3.8046875
77.0 6.5546875
78.0 5.5
79.0 5.2734375
80.0 5.1953125
81.0 4.90625
82.0 4.6484375
83.0 5.078125
84.0 4.984375
85.0 4.546875
86.0 5.0078125
87.0 4.9453125
88.0 4.9765625
89.0 1.9453125
90.0 7.8125
91.0 5.125
92.0 5.1015625
93.0 5.1015625
94.0 4.6015625
95.0 3.9375
96.0 5.8515625
97.0 5.078125
98.0 4.859375
99.0 5.21875
100.0 5.0390625
101.0 5.1953125
102.0 5.25
103.0 5.2578125
104.0 4.890625
105.0 4.625
106.0 4.390625
107.0 4.09375
108.0 1.53125
109.0 8.4453125
110.0 4.8359375
111.0 4.3671875
112.0 2.4609375
113.0 7.546875
114.0 4.8984375
115.0 4.578125
116.0 4.8125
117.0 4.8359375
118.0 3.21875
119.0 2.4140625
120.0 1.796875
121.0 2.640625
122.0 4.8125
123.0 4.75
124.0 4.5
125.0 2.71875
126.0 6.140625
127.0 4.3046875
128.0 4.75
129.0 3.34375
130.0 1.3828125
131.0 8.3125
132.0 4.921875
133.0 4.609375
134.0 4.515625
135.0 5.15625
136.0 3.734375
137.0 3.40625
138.0 4.6640625
139.0 3.765625
140.0 4.8125
141.0 5.0234375
142.0 5.2734375
143.0 1.8046875
144.0 8.0546875
145.0 4.1328125
146.0 4.25
147.0 0.8203125
148.0 7.34375
149.0 5.25
150.0 5.4296875
151.0 5.6796875
152.0 5.1328125
153.0 4.84375
154.0 4.8359375
155.0 4.921875
156.0 4.3515625
157.0 4.2109375
158.0 4.1484375
159.0 4.3828125
160.0 1.625
161.0 6.984375
162.0 4.359375
163.0 4.2109375
164.0 4.1875
165.0 4.3828125
166.0 4.3984375
167.0 0.96875
168.0 8.6171875
169.0 4.3046875
170.0 4.265625
171.0 4.0390625
172.0 0.71875
173.0 7.734375
174.0 3.9375
175.0 4.1171875
176.0 4.4296875
177.0 4.515625
178.0 4.09375
179.0 3.875
180.0 4.59375
181.0 5.1640625
182.0 4.9296875
183.0 4.9921875
184.0 4.8359375
185.0 4.9609375
186.0 4.65625
187.0 4.796875
188.0 4.546875
189.0 4.296875
190.0 4.25
191.0 4.359375
192.0 4.421875
193.0 4.5390625
194.0 3.8203125
195.0 5.3125
196.0 4.3828125
197.0 4.0078125
198.0 2.0625
199.0 7.1953125
200.0 4.5625
201.0 5.078125
202.0 4.7109375
203.0 4.53125
204.0 4.7578125
205.0 4.6328125
206.0 5.0703125
207.0 4.953125
208.0 4.984375
209.0 5.1328125
210.0 4.9921875
211.0 4.921875
212.0 5.078125
213.0 5.3984375
214.0 5.453125
215.0 5.3046875
216.0 5.3984375
217.0 5.484375
218.0 1.0
219.0 9.984375
220.0 5.5234375
221.0 5.546875
222.0 5.6484375
223.0 5.578125
224.0 5.2890625
225.0 4.8671875
226.0 5.859375
227.0 4.7265625
228.0 4.9453125
229.0 5.4921875
230.0 5.5
231.0 5.5234375
232.0 5.25
233.0 4.3515625
234.0 5.3046875
235.0 4.875
236.0 4.8984375
237.0 4.8984375
238.0 5.203125
239.0 5.1015625
240.0 5.15625
241.0 5.2265625
242.0 5.3671875
243.0 4.8359375
244.0 2.75
245.0 5.2578125
246.0 5.171875
247.0 5.2890625
248.0 5.1015625
249.0 3.1171875
250.0 7.78125
251.0 4.921875
252.0 4.9921875
253.0 5.3046875
254.0 5.6015625
255.0 5.3671875
256.0 5.3359375
257.0 5.2265625
258.0 5.2265625
259.0 5.40625
260.0 5.3671875
261.0 5.453125
262.0 5.4296875
263.0 6.0546875
264.0 5.6796875
265.0 2.7734375
266.0 8.078125
267.0 5.796875
268.0 6.078125
269.0 5.609375
270.0 6.15625
271.0 5.75
272.0 5.3046875
273.0 5.53125
274.0 5.5859375
275.0 5.078125
276.0 5.15625
277.0 4.9453125
278.0 4.71875
279.0 5.078125
280.0 5.1875
281.0 5.2890625
282.0 5.53125
283.0 5.0078125
284.0 4.7109375
285.0 2.71875
286.0 6.890625
287.0 5.1875
288.0 4.6875
289.0 4.875
290.0 5.0703125
291.0 5.0078125
292.0 5.0078125
293.0 4.9296875
294.0 4.421875
295.0 5.15625
296.0 5.1328125
297.0 5.2734375
298.0 5.671875
299.0 5.3984375
300.0 5.4921875
301.0 5.375
302.0 5.515625
303.0 5.015625
304.0 6.1796875
305.0 5.40625
306.0 5.453125
307.0 5.4375
308.0 5.34375
309.0 5.0390625
310.0 4.625
311.0 4.21875
312.0 4.46875
313.0 4.7265625
314.0 4.1875
315.0 3.1640625
316.0 2.78125
317.0 3.546875
318.0 2.9921875
319.0 2.875
320.0 2.8671875
321.0 3.3828125
322.0 2.9921875
323.0 3.2265625
324.0 0.2265625
325.0 6.6640625
326.0 3.203125
327.0 3.90625
328.0 3.4765625
329.0 4.0078125
330.0 3.234375
331.0 0.0
332.0 7.09375
333.0 3.2265625
334.0 1.640625
335.0 1.7734375
336.0 4.15625
337.0 3.734375
338.0 3.7578125
339.0 3.328125
340.0 4.0859375
341.0 4.859375
342.0 5.078125
343.0 1.0546875
344.0 8.7890625
345.0 2.2421875
346.0 6.03125
347.0 2.34375
348.0 0.0
349.0 4.71875
350.0 2.015625
351.0 1.8046875
352.0 3.109375
353.0 4.7421875
354.0 4.8046875
355.0 2.6015625
356.0 2.3984375
357.0 4.5390625
358.0 4.828125
359.0 5.1953125
360.0 4.9609375
361.0 4.796875
362.0 2.4765625
363.0 7.09375
364.0 5.28125
365.0 5.484375
366.0 5.3671875
367.0 4.578125
368.0 4.828125
369.0 5.171875
370.0 4.8046875
371.0 2.4765625
372.0 0.453125
373.0 6.9921875
374.0 1.1953125
375.0 4.796875
376.0 4.453125
377.0 2.6015625
378.0 4.609375
379.0 5.3125
380.0 4.78125
381.0 2.046875
382.0 7.671875
383.0 5.1953125
384.0 5.3046875
385.0 5.140625
386.0 3.1796875
387.0 6.9453125
388.0 5.484375
389.0 5.21875
390.0 5.453125
391.0 5.203125
392.0 4.3984375
393.0 3.5859375
394.0 4.6015625
395.0 5.546875
396.0 5.25
397.0 5.0078125
398.0 4.9921875
399.0 2.1640625
400.0 6.75
401.0 5.3671875
402.0 5.46875
403.0 4.90625
404.0 5.84375
405.0 5.3125
406.0 5.4609375
407.0 4.875
408.0 5.34375
409.0 5.2734375
410.0 4.6875
411.0 4.4453125
412.0 5.0546875
413.0 4.0546875
414.0 3.859375
415.0 5.125
416.0 0.84375
417.0 7.1640625
418.0 4.1875
419.0 5.171875
420.0 1.046875
421.0 9.1640625
422.0 4.9609375
423.0 5.4921875
424.0 5.34375
425.0 5.046875
426.0 3.1015625
427.0 6.3359375
428.0 5.1015625
429.0 5.21875
430.0 5.2734375
431.0 4.1328125
432.0 3.4453125
433.0 3.40625
434.0 4.15625
435.0 4.3515625
436.0 0.578125
437.0 5.3125
438.0 4.2421875
439.0 5.2578125
440.0 5.6015625
441.0 5.375
442.0 5.53125
443.0 5.3203125
444.0 5.5859375
445.0 5.28125
446.0 5.734375
447.0 6.0078125
448.0 5.515625
449.0 5.0234375
450.0 5.21875
451.0 5.125
452.0 5.15625
453.0 5.3515625
454.0 5.234375
455.0 5.234375
456.0 5.21875
457.0 3.328125
458.0 5.3203125
459.0 3.859375
460.0 2.6875
461.0 2.09375
462.0 3.0546875
463.0 1.96875
464.0 0.0
465.0 9.1171875
466.0 5.0546875
467.0 4.515625
468.0 4.3671875
469.0 5.3203125
470.0 4.578125
471.0 4.3203125
472.0 5.28125
473.0 5.3828125
474.0 5.25
475.0 5.3515625
476.0 5.4921875
477.0 4.4140625
478.0 6.4140625
479.0 5.4921875
480.0 4.65625
481.0 1.96875
482.0 8.5
483.0 5.421875
484.0 5.4609375
485.0 5.671875
486.0 5.75
487.0 5.9453125
488.0 6.140625
489.0 6.0
490.0 5.9609375
491.0 5.7109375
492.0 5.796875
493.0 5.6171875
494.0 4.9453125
495.0 5.3671875
496.0 5.84375
497.0 5.609375
498.0 1.1796875
499.0 7.8828125
500.0 4.859375
501.0 5.3671875
502.0 5.4921875
503.0 3.140625
504.0 8.1640625
505.0 6.3203125
506.0 5.171875
507.0 3.4296875
508.0 4.2421875
509.0 5.453125
510.0 6.0
511.0 5.859375
512.0 4.484375
513.0 5.3671875
514.0 5.40625
515.0 3.203125
516.0 0.4375
517.0 5.34375
518.0 2.6015625
519.0 1.53125
520.0 2.609375
521.0 2.6328125
522.0 3.1171875
523.0 4.515625
524.0 4.390625
525.0 3.140625
526.0 1.640625
527.0 0.0703125
528.0 7.734375
529.0 3.234375
530.0 2.9609375
531.0 2.984375
532.0 0.9453125
533.0 5.546875
534.0 3.2578125
535.0 3.140625
536.0 3.0390625
537.0 3.1640625
538.0 3.4296875
539.0 5.40625
540.0 7.28125
541.0 6.7421875
542.0 6.2890625
543.0 6.8359375
544.0 6.390625
545.0 4.84375
546.0 6.3671875
547.0 6.078125
548.0 5.859375
549.0 6.2421875
550.0 5.53125
551.0 6.15625
552.0 6.15625
553.0 5.75
554.0 6.203125
555.0 6.0390625
556.0 4.171875
557.0 1.078125
558.0 2.1953125
559.0 5.140625
560.0 5.859375
561.0 5.6484375
562.0 5.3515625
563.0 6.2890625
564.0 3.90625
565.0 6.140625
566.0 4.5625
567.0 5.3203125
568.0 1.015625
569.0 10.296875
570.0 6.03125
571.0 6.2421875
572.0 4.578125
573.0 0.453125
574.0 9.75
575.0 5.0703125
576.0 5.1875
577.0 5.5
578.0 5.859375
579.0 5.734375
580.0 6.203125
581.0 5.21875
582.0 6.15625
583.0 3.953125
584.0 4.9296875
585.0 5.84375
586.0 3.25
587.0 4.1328125
588.0 5.484375
589.0 6.2109375
590.0 4.6484375
591.0 4.8125
592.0 5.3203125
593.0 6.2734375
594.0 6.0
595.0 6.15625
596.0 5.8515625
597.0 2.1171875
598.0 6.1875
599.0 5.6328125
