0.0 6.71875
1.0 2.921875
2.0 2.8984375
3.0 2.6953125
4.0 2.96875
5.0 2.546875
6.0 3.40625
7.0 6.0078125
8.0 4.03125
9.0 3.1015625
10.0 3.296875
11.0 3.2578125
12.0 1.3125
13.0 5.546875
14.0 3.0
15.0 3.140625
16.0 2.375
17.0 2.234375
18.0 0.4296875
19.0 6.734375
20.0 3.625
21.0 3.1796875
22.0 3.2578125
23.0 3.203125
24.0 3.1484375
25.0 3.1328125
26.0 3.0703125
27.0 3.0390625
28.0 3.0859375
29.0 3.0546875
30.0 3.640625
31.0 6.5546875
32.0 3.6953125
33.0 2.4453125
34.0 3.171875
35.0 3.2578125
36.0 3.515625
37.0 2.875
38.0 3.046875
39.0 3.015625
40.0 2.9609375
41.0 0.8671875
42.0 5.6015625
43.0 3.734375
44.0 5.3359375
45.0 6.234375
46.0 6.5
47.0 6.5625
48.0 5.84375
49.0 3.546875
50.0 3.375
51.0 3.1328125
52.0 1.96875
53.0 5.1640625
54.0 3.3515625
55.0 3.171875
56.0 3.234375
57.0 2.8984375
58.0 2.5625
59.0 3.703125
60.0 0.734375
61.0 6.109375
62.0 3.2578125
63.0 3.2890625
64.0 3.3828125
65.0 3.28125
66.0 3.078125
67.0 2.6328125
68.0 2.8046875
69.0 3.0390625
70.0 3.0390625
71.0 3.3671875
72.0 0.9296875
73.0 6.984375
74.0 2.1328125
75.0 2.8515625
76.0 3.3984375
77.0 2.90625
78.0 3.1171875
79.0 3.375
80.0 3.5234375
81.0 3.4375
82.0 2.4609375
83.0 0.0
84.0 8.1953125
85.0 5.4609375
86.0 3.7109375
87.0 3.1171875
88.0 3.1015625
89.0 2.4140625
90.0 0.0
91.0 5.9765625
92.0 2.5234375
93.0 3.7265625
94.0 3.1015625
95.0 2.8046875
96.0 2.8125
97.0 3.4296875
98.0 4.5625
99.0 6.65625
100.0 5.6328125
101.0 5.640625
102.0 6.234375
103.0 4.390625
104.0 0.875
105.0 9.1796875
106.0 3.578125
107.0 2.875
108.0 1.8359375
109.0 0.0
110.0 0.0
111.0 0.0
112.0 6.5
113.0 2.953125
114.0 1.1796875
115.0 1.65625
116.0 3.015625
117.0 2.609375
118.0 1.734375
119.0 1.7578125
120.0 4.4453125
121.0 6.9453125
122.0 4.21875
123.0 2.5703125
124.0 0.0
125.0 7.25
126.0 2.671875
127.0 1.375
128.0 1.0546875
129.0 0.0
130.0 5.875
131.0 1.296875
132.0 1.8359375
133.0 2.234375
134.0 2.296875
135.0 2.578125
136.0 1.1484375
137.0 0.0
138.0 4.3828125
139.0 1.1484375
140.0 2.1953125
141.0 4.8125
142.0 1.6484375
143.0 1.28125
144.0 1.7578125
145.0 3.1328125
146.0 1.0625
147.0 0.9609375
148.0 0.9453125
149.0 2.1796875
150.0 1.0625
151.0 1.5
152.0 2.34375
153.0 3.234375
154.0 0.7265625
155.0 0.875
156.0 2.2109375
157.0 2.65625
158.0 0.0
159.0 0.0
160.0 6.8671875
161.0 8.8515625
162.0 5.53125
163.0 2.4140625
164.0 0.5703125
165.0 7.2734375
166.0 2.6953125
167.0 1.65625
168.0 1.59375
169.0 2.953125
170.0 2.265625
171.0 0.90625
172.0 0.875
173.0 1.8203125
174.0 3.0859375
175.0 1.4375
176.0 0.6171875
177.0 0.421875
178.0 0.0
179.0 5.734375
180.0 0.9140625
181.0 0.8359375
182.0 1.296875
183.0 3.0859375
184.0 3.3984375
185.0 3.59375
186.0 3.015625
187.0 9.390625
188.0 5.15625
189.0 4.7734375
190.0 5.109375
191.0 4.25
192.0 4.75
193.0 4.0078125
194.0 4.4765625
195.0 4.21875
196.0 2.28125
197.0 5.6015625
198.0 3.8046875
199.0 3.5234375
200.0 3.640625
201.0 4.2421875
202.0 6.734375
203.0 7.03125
204.0 6.359375
205.0 6.3046875
206.0 5.8203125
207.0 6.328125
208.0 6.4375
209.0 6.203125
210.0 6.2890625
211.0 3.1015625
212.0 9.15625
213.0 5.6953125
214.0 5.3359375
215.0 6.234375
216.0 3.4609375
217.0 3.1953125
218.0 3.234375
219.0 3.3125
220.0 3.3671875
221.0 3.0546875
222.0 2.84375
223.0 2.953125
224.0 3.109375
225.0 3.7578125
226.0 5.34375
227.0 6.2109375
228.0 5.515625
229.0 7.8359375
230.0 6.421875
231.0 6.8046875
232.0 5.453125
233.0 1.015625
234.0 5.828125
235.0 2.90625
236.0 2.71875
237.0 3.078125
238.0 2.984375
239.0 2.9375
240.0 2.8203125
241.0 2.8359375
242.0 2.96875
243.0 3.0546875
244.0 2.9296875
245.0 5.28125
246.0 6.171875
247.0 5.4609375
248.0 4.84375
249.0 3.4453125
250.0 3.1484375
251.0 3.078125
252.0 3.171875
253.0 3.109375
254.0 2.8671875
255.0 1.0
256.0 4.953125
257.0 2.9375
258.0 3.171875
259.0 3.4921875
260.0 3.7109375
261.0 3.3203125
262.0 3.4375
263.0 3.375
264.0 3.4140625
265.0 1.8984375
266.0 4.8046875
267.0 3.1953125
268.0 3.1640625
269.0 3.328125
270.0 4.4140625
271.0 5.578125
272.0 6.59375
273.0 6.2734375
274.0 6.5703125
275.0 4.3671875
276.0 3.1953125
277.0 1.859375
278.0 4.9453125
279.0 3.3203125
280.0 3.546875
281.0 3.4296875
282.0 3.3828125
283.0 2.28125
284.0 0.015625
285.0 7.9296875
286.0 5.7890625
287.0 6.234375
288.0 5.015625
289.0 5.0234375
290.0 4.515625
291.0 3.34375
292.0 2.7734375
293.0 3.3828125
294.0 1.9765625
295.0 5.6015625
296.0 3.578125
297.0 3.4921875
298.0 2.6953125
299.0 2.9609375
300.0 2.65625
301.0 7.765625
302.0 4.8359375
303.0 3.265625
304.0 3.375
305.0 3.3828125
306.0 3.6171875
307.0 3.6796875
308.0 3.4765625
309.0 3.2578125
310.0 1.625
311.0 4.171875
312.0 4.4296875
313.0 5.6328125
314.0 5.5234375
315.0 5.9375
316.0 5.890625
317.0 5.6015625
318.0 5.0859375
319.0 3.8515625
320.0 3.1796875
321.0 3.25
322.0 3.3515625
323.0 3.46875
324.0 3.2890625
325.0 0.2890625
326.0 6.3515625
327.0 3.140625
328.0 2.8984375
329.0 4.4765625
330.0 2.953125
331.0 3.0546875
332.0 3.171875
333.0 2.96875
334.0 0.0
335.0 6.203125
336.0 1.828125
337.0 4.5625
338.0 3.0234375
339.0 2.921875
340.0 3.109375
341.0 4.46875
342.0 4.8984375
343.0 3.078125
344.0 3.0703125
345.0 3.3515625
346.0 3.0546875
347.0 3.7421875
348.0 3.3515625
349.0 3.109375
350.0 3.0
351.0 0.2890625
352.0 5.7265625
353.0 2.328125
354.0 2.953125
355.0 5.6328125
356.0 5.8203125
357.0 5.9921875
358.0 4.8125
359.0 1.46875
360.0 8.0
361.0 3.3984375
362.0 3.1484375
363.0 3.046875
364.0 1.6796875
365.0 4.828125
366.0 3.921875
367.0 5.96875
368.0 4.3515625
369.0 4.84375
370.0 3.3984375
371.0 3.265625
372.0 3.4140625
373.0 4.921875
374.0 3.546875
375.0 3.28125
376.0 2.8515625
377.0 2.921875
378.0 3.3203125
379.0 2.375
380.0 2.3359375
381.0 2.84375
382.0 0.0
383.0 6.8046875
384.0 5.640625
385.0 5.3515625
386.0 4.6796875
387.0 4.1875
388.0 3.1015625
389.0 2.8984375
390.0 0.71875
391.0 5.515625
392.0 2.7109375
393.0 1.3125
394.0 5.0078125
395.0 3.1953125
396.0 3.140625
397.0 4.28125
398.0 6.2421875
399.0 6.03125
400.0 6.078125
401.0 5.0390625
402.0 2.8125
403.0 2.9375
404.0 2.8984375
405.0 2.4140625
406.0 2.671875
407.0 1.5078125
408.0 5.1875
409.0 3.140625
410.0 3.015625
411.0 3.296875
412.0 5.1640625
413.0 5.046875
414.0 3.9140625
415.0 4.0625
416.0 3.9921875
417.0 2.6640625
418.0 5.4609375
419.0 3.3671875
420.0 3.4765625
421.0 2.4140625
422.0 2.359375
423.0 0.0
424.0 4.75
425.0 3.015625
426.0 2.6875
427.0 3.3671875
428.0 5.234375
429.0 5.0078125
430.0 3.1015625
431.0 3.203125
432.0 3.0234375
433.0 2.96875
434.0 3.1015625
435.0 3.2265625
436.0 3.0703125
437.0 1.234375
438.0 7.8984375
439.0 2.671875
440.0 2.5625
441.0 2.6875
442.0 2.75
443.0 0.1953125
444.0 9.3984375
445.0 4.6796875
446.0 6.0234375
447.0 6.4765625
448.0 6.203125
449.0 4.5078125
450.0 2.390625
451.0 2.2109375
452.0 2.78125
453.0 3.015625
454.0 2.984375
455.0 3.1484375
456.0 1.8359375
457.0 0.0
458.0 6.9609375
459.0 3.921875
460.0 3.4140625
461.0 5.75
462.0 5.40625
463.0 6.1484375
464.0 4.1875
465.0 2.921875
466.0 1.859375
467.0 2.4453125
468.0 2.3671875
469.0 2.96875
470.0 3.2578125
471.0 2.7265625
472.0 1.8203125
473.0 0.9140625
474.0 4.953125
475.0 3.1328125
476.0 5.1015625
477.0 6.0
478.0 4.53125
479.0 3.5
480.0 3.515625
481.0 2.4765625
482.0 0.765625
483.0 5.640625
484.0 2.671875
485.0 2.8671875
486.0 3.234375
487.0 3.96875
488.0 6.6484375
489.0 5.125
490.0 3.625
491.0 3.1171875
492.0 0.0
493.0 11.0546875
494.0 6.8359375
495.0 5.9765625
496.0 3.8515625
497.0 5.8125
498.0 6.484375
499.0 6.7109375
500.0 3.7734375
501.0 7.609375
502.0 4.859375
503.0 2.8671875
504.0 3.1171875
505.0 3.3203125
506.0 3.3125
507.0 3.328125
508.0 3.4375
509.0 3.265625
510.0 3.6953125
511.0 3.265625
512.0 2.34375
513.0 2.0625
514.0 0.03125
515.0 5.6171875
516.0 4.15625
517.0 9.6328125
518.0 6.2578125
519.0 6.0546875
520.0 6.3828125
521.0 5.84375
522.0 5.9375
523.0 5.140625
524.0 4.484375
525.0 3.8046875
526.0 3.703125
527.0 4.921875
528.0 5.3203125
529.0 3.625
530.0 5.9375
531.0 3.765625
532.0 3.53125
533.0 5.578125
534.0 5.453125
535.0 0.5859375
536.0 6.3203125
537.0 1.140625
538.0 2.1328125
539.0 3.5
540.0 3.7578125
541.0 3.2890625
542.0 3.21875
543.0 3.0546875
544.0 2.5078125
545.0 1.03125
546.0 0.0
547.0 8.671875
548.0 6.2421875
549.0 4.9765625
550.0 3.890625
551.0 3.328125
552.0 2.921875
553.0 2.0078125
554.0 4.6875
555.0 3.4921875
556.0 3.4296875
557.0 3.078125
558.0 3.828125
559.0 3.1171875
560.0 3.1015625
561.0 3.609375
562.0 5.0703125
563.0 6.6640625
564.0 7.0078125
565.0 7.2265625
566.0 7.015625
567.0 6.65625
568.0 0.5078125
569.0 7.8828125
570.0 3.40625
571.0 3.53125
572.0 0.0
573.0 6.9453125
574.0 3.34375
575.0 3.4375
576.0 3.2890625
577.0 3.3671875
578.0 3.3828125
579.0 3.3828125
580.0 3.90625
581.0 3.3125
582.0 3.5625
583.0 3.40625
584.0 3.40625
585.0 1.8203125
586.0 0.359375
587.0 7.7578125
588.0 3.40625
589.0 3.40625
590.0 3.6484375
591.0 6.15625
592.0 3.4765625
593.0 2.2109375
594.0 2.3125
595.0 2.2734375
596.0 1.3125
597.0 4.3515625
598.0 3.21875
599.0 2.953125
