0.0 4.15625
1.0 3.8828125
2.0 0.609375
3.0 7.8828125
4.0 3.953125
5.0 3.9921875
6.0 3.9765625
7.0 3.6171875
8.0 2.96875
9.0 3.7890625
10.0 4.1484375
11.0 4.15625
12.0 4.1328125
13.0 4.0859375
14.0 4.15625
15.0 4.1796875
16.0 1.4375
17.0 4.4765625
18.0 6.453125
19.0 4.15625
20.0 4.3671875
21.0 4.2421875
22.0 4.171875
23.0 2.03125
24.0 0.0625
25.0 0.0
26.0 0.0
27.0 16.9375
28.0 2.96875
29.0 4.1875
30.0 3.5
31.0 3.90625
32.0 3.7578125
33.0 3.828125
34.0 3.640625
35.0 4.0234375
36.0 3.7890625
37.0 3.96875
38.0 4.1171875
39.0 2.0625
40.0 2.71875
41.0 7.4375
42.0 3.8828125
43.0 4.0546875
44.0 3.96875
45.0 1.0
46.0 7.734375
47.0 4.3828125
48.0 3.6484375
49.0 3.7421875
50.0 3.703125
51.0 2.015625
52.0 5.640625
53.0 3.90625
54.0 3.59375
55.0 2.6875
56.0 2.9921875
57.0 3.6171875
58.0 4.2421875
59.0 4.125
60.0 3.8046875
61.0 4.0625
62.0 4.0546875
63.0 4.1328125
64.0 3.8828125
65.0 3.9921875
66.0 0.3125
67.0 8.46875
68.0 4.1796875
69.0 4.15625
70.0 4.0234375
71.0 2.7734375
72.0 5.2890625
73.0 4.1484375
74.0 3.9765625
75.0 3.609375
76.0 3.265625
77.0 3.53125
78.0 4.1484375
79.0 4.0859375
80.0 4.21875
81.0 1.2421875
82.0 6.84375
83.0 4.03125
84.0 1.9765625
85.0 5.9609375
86.0 3.859375
87.0 4.0546875
88.0 2.03125
89.0 6.078125
90.0 2.03125
91.0 6.40625
92.0 4.1796875
93.0 4.53125
94.0 3.9140625
95.0 3.96875
96.0 3.8046875
97.0 3.4765625
98.0 3.546875
99.0 3.4765625
100.0 3.234375
101.0 3.8203125
102.0 2.8125
103.0 3.6484375
104.0 3.4296875
105.0 3.5625
106.0 3.921875
107.0 3.265625
108.0 4.1171875
109.0 4.171875
110.0 4.328125
111.0 3.9921875
112.0 1.9375
113.0 5.9296875
114.0 4.171875
115.0 4.0
116.0 4.09375
117.0 3.8828125
118.0 3.96875
119.0 4.1796875
120.0 1.390625
121.0 6.7421875
122.0 4.234375
123.0 3.953125
124.0 4.0859375
125.0 4.1328125
126.0 4.2109375
127.0 4.21875
128.0 4.03125
129.0 4.21875
130.0 4.0234375
131.0 4.2109375
132.0 4.265625
133.0 4.1796875
134.0 4.2109375
135.0 4.1328125
136.0 4.1171875
137.0 4.2421875
138.0 4.265625
139.0 4.3046875
140.0 4.1875
141.0 4.25
142.0 4.3671875
143.0 0.8046875
144.0 7.3671875
145.0 4.0703125
146.0 4.3984375
147.0 4.171875
148.0 3.90625
149.0 4.0703125
150.0 4.0078125
151.0 4.234375
152.0 4.28125
153.0 4.2109375
154.0 1.4140625
155.0 7.078125
156.0 4.21875
157.0 4.1484375
158.0 4.1171875
159.0 4.2421875
160.0 4.203125
161.0 4.0390625
162.0 4.28125
163.0 4.15625
164.0 4.0625
165.0 0.0390625
166.0 8.140625
167.0 3.609375
168.0 3.65625
169.0 3.640625
170.0 3.8046875
171.0 3.625
172.0 3.8046875
173.0 3.8046875
174.0 3.9375
175.0 3.9453125
176.0 4.0703125
177.0 3.9375
178.0 4.234375
179.0 3.3671875
180.0 0.0078125
181.0 8.71875
182.0 3.65625
183.0 0.8203125
184.0 6.453125
185.0 4.1328125
186.0 4.03125
187.0 4.0703125
188.0 3.3984375
189.0 3.3125
190.0 3.3828125
191.0 3.9140625
192.0 3.84375
193.0 4.0
194.0 3.796875
195.0 4.1015625
196.0 3.5234375
197.0 0.5703125
198.0 2.640625
199.0 6.8828125
200.0 3.109375
201.0 3.2890625
202.0 3.5859375
203.0 3.25
204.0 2.8125
205.0 0.0
206.0 6.1796875
207.0 3.2265625
208.0 2.9375
209.0 3.0859375
210.0 3.015625
211.0 2.8984375
212.0 2.953125
213.0 2.84375
214.0 2.7890625
215.0 2.9296875
216.0 2.90625
217.0 2.953125
218.0 0.0078125
219.0 5.7265625
220.0 2.6328125
221.0 2.8125
222.0 2.96875
223.0 2.7578125
224.0 2.7578125
225.0 2.8671875
226.0 2.1015625
227.0 0.0
228.0 6.5078125
229.0 2.625
230.0 2.8203125
231.0 2.7578125
232.0 2.890625
233.0 2.8046875
234.0 2.671875
235.0 2.9921875
236.0 2.9921875
237.0 3.9140625
238.0 4.15625
239.0 4.1328125
240.0 1.890625
241.0 5.875
242.0 3.21875
243.0 4.890625
244.0 3.2890625
245.0 4.1875
246.0 4.0078125
247.0 4.0546875
248.0 4.0
249.0 3.8203125
250.0 3.7421875
251.0 4.0859375
252.0 3.9921875
253.0 3.9453125
254.0 3.7734375
255.0 4.21875
256.0 2.546875
257.0 6.125
258.0 1.2109375
259.0 3.8828125
260.0 4.0625
261.0 4.0
262.0 3.6796875
263.0 3.2890625
264.0 3.328125
265.0 4.1171875
266.0 3.59375
267.0 3.859375
268.0 3.6796875
269.0 3.9453125
270.0 4.0078125
271.0 4.0
272.0 3.7890625
273.0 3.9140625
274.0 3.9375
275.0 4.171875
276.0 4.2734375
277.0 2.0078125
278.0 7.28125
279.0 4.515625
280.0 4.9921875
281.0 4.78125
282.0 4.3203125
283.0 0.1328125
284.0 8.6484375
285.0 4.03125
286.0 4.421875
287.0 4.3046875
288.0 4.7578125
289.0 4.625
290.0 4.859375
291.0 4.5703125
292.0 4.7578125
293.0 4.78125
294.0 4.796875
295.0 4.5390625
296.0 4.1875
297.0 2.8125
298.0 4.3984375
299.0 6.484375
300.0 4.4453125
301.0 4.21875
302.0 0.0
303.0 8.734375
304.0 4.5703125
305.0 4.625
306.0 4.609375
307.0 1.046875
308.0 7.8203125
309.0 4.625
310.0 4.7109375
311.0 4.3984375
312.0 4.6328125
313.0 4.3828125
314.0 4.390625
315.0 4.578125
316.0 4.5703125
317.0 4.421875
318.0 4.4453125
319.0 4.46875
320.0 4.6953125
321.0 2.59375
322.0 7.109375
323.0 4.546875
324.0 4.6015625
325.0 4.515625
326.0 4.875
327.0 4.890625
328.0 4.8046875
329.0 1.4765625
330.0 7.90625
331.0 4.7578125
332.0 4.8359375
333.0 4.625
334.0 4.859375
335.0 4.6484375
336.0 4.59375
337.0 4.6953125
338.0 4.6796875
339.0 4.75
340.0 3.9765625
341.0 5.75
342.0 4.65625
343.0 4.265625
344.0 4.484375
345.0 4.6875
346.0 4.5625
347.0 4.6640625
348.0 4.8359375
349.0 4.296875
350.0 3.53125
351.0 5.84375
352.0 4.609375
353.0 4.3359375
354.0 4.4296875
355.0 4.359375
356.0 4.2734375
357.0 4.328125
358.0 2.4453125
359.0 6.75
360.0 4.578125
361.0 4.546875
362.0 2.15625
363.0 6.984375
364.0 4.09375
365.0 4.09375
366.0 4.03125
367.0 4.125
368.0 2.125
369.0 6.265625
370.0 2.1171875
371.0 5.890625
372.0 4.3828125
373.0 3.8515625
374.0 4.171875
375.0 4.1484375
376.0 3.9140625
377.0 4.3046875
378.0 3.921875
379.0 3.546875
380.0 3.578125
381.0 3.8515625
382.0 4.1171875
383.0 3.90625
384.0 3.7421875
385.0 4.03125
386.0 4.15625
387.0 4.0390625
388.0 4.0
389.0 4.21875
390.0 4.2421875
391.0 3.3984375
392.0 0.0
393.0 9.2265625
394.0 4.03125
395.0 3.5546875
396.0 0.0
397.0 8.375
398.0 4.125
399.0 3.8046875
400.0 2.1171875
401.0 5.9375
402.0 3.859375
403.0 3.6953125
404.0 3.59375
405.0 3.609375
406.0 3.7890625
407.0 3.9765625
408.0 4.03125
409.0 3.921875
410.0 3.765625
411.0 3.96875
412.0 3.796875
413.0 3.8828125
414.0 1.4609375
415.0 6.7734375
416.0 4.171875
417.0 3.9765625
418.0 4.1484375
419.0 4.0546875
420.0 3.90625
421.0 3.859375
422.0 3.8828125
423.0 4.0859375
424.0 3.9453125
425.0 4.03125
426.0 2.1640625
427.0 5.90625
428.0 3.9765625
429.0 3.8828125
430.0 4.0234375
431.0 3.734375
432.0 3.84375
433.0 3.9140625
434.0 1.4609375
435.0 6.703125
436.0 3.9453125
437.0 3.859375
438.0 3.890625
439.0 3.9765625
440.0 4.03125
441.0 4.0546875
442.0 3.7265625
443.0 4.03125
444.0 3.9453125
445.0 3.6171875
446.0 3.9375
447.0 2.1015625
448.0 5.6015625
449.0 4.0234375
450.0 4.03125
451.0 3.9765625
452.0 3.921875
453.0 3.7265625
454.0 3.828125
455.0 1.625
456.0 5.6171875
457.0 4.6875
458.0 3.921875
459.0 3.7578125
460.0 3.6484375
461.0 3.7109375
462.0 3.828125
463.0 3.828125
464.0 3.875
465.0 2.3125
466.0 4.421875
467.0 3.640625
468.0 3.625
469.0 3.4765625
470.0 3.640625
471.0 3.21875
472.0 4.15625
473.0 4.0546875
474.0 3.9453125
475.0 4.0
476.0 3.7890625
477.0 3.859375
478.0 3.875
479.0 3.640625
480.0 3.1171875
481.0 0.0
482.0 8.4765625
483.0 0.3671875
484.0 7.6171875
485.0 3.8515625
486.0 3.828125
487.0 3.9375
488.0 4.0234375
489.0 3.9140625
490.0 4.0625
491.0 3.7265625
492.0 3.6953125
493.0 3.7890625
494.0 3.703125
495.0 3.3984375
496.0 3.6796875
497.0 2.234375
498.0 5.234375
499.0 4.0078125
500.0 4.03125
501.0 4.0703125
502.0 2.125
503.0 5.9609375
504.0 4.21875
505.0 4.1796875
506.0 4.21875
507.0 4.2421875
508.0 4.0859375
509.0 3.8515625
510.0 3.9453125
511.0 4.125
512.0 2.2109375
513.0 6.2578125
514.0 4.0
515.0 4.296875
516.0 4.0390625
517.0 4.25
518.0 4.0625
519.0 4.0625
520.0 4.0625
521.0 4.03125
522.0 4.21875
523.0 4.0234375
524.0 4.25
525.0 4.03125
526.0 4.0234375
527.0 0.0
528.0 8.1171875
529.0 3.1796875
530.0 3.4375
531.0 3.953125
532.0 3.8828125
533.0 1.703125
534.0 6.3671875
535.0 4.03125
536.0 4.21875
537.0 4.1875
538.0 3.828125
539.0 3.796875
540.0 3.8203125
541.0 4.1484375
542.0 4.15625
543.0 4.0625
544.0 4.1328125
545.0 3.9765625
546.0 0.125
547.0 7.6015625
548.0 3.890625
549.0 4.15625
550.0 4.1328125
551.0 4.0625
552.0 4.0625
553.0 4.0078125
554.0 3.9375
555.0 3.9921875
556.0 3.671875
557.0 3.8515625
558.0 3.875
559.0 4.0234375
560.0 0.9609375
561.0 6.8671875
562.0 4.1328125
563.0 4.3515625
564.0 4.0703125
565.0 0.4375
566.0 7.421875
567.0 4.03125
568.0 3.7421875
569.0 4.0390625
570.0 4.09375
571.0 3.9453125
572.0 4.125
573.0 4.1484375
574.0 4.0625
575.0 4.0390625
576.0 3.875
577.0 4.0546875
578.0 4.1328125
579.0 0.453125
580.0 7.6171875
581.0 4.0390625
582.0 3.9453125
583.0 3.9453125
584.0 3.9921875
585.0 0.1875
586.0 0.046875
587.0 0.0
588.0 14.2890625
589.0 2.578125
590.0 2.7734375
591.0 3.3828125
592.0 3.6796875
593.0 3.4609375
594.0 3.921875
595.0 3.4921875
596.0 3.765625
597.0 3.9765625
598.0 3.859375
599.0 3.859375
