0.0 5.046875
1.0 5.90625
2.0 5.2890625
3.0 5.28125
4.0 5.5234375
5.0 5.2890625
6.0 5.140625
7.0 5.6015625
8.0 5.3515625
9.0 5.2890625
10.0 5.5625
11.0 5.4296875
12.0 5.453125
13.0 0.640625
14.0 10.3125
15.0 5.453125
16.0 5.5625
17.0 5.5234375
18.0 5.515625
19.0 5.40625
20.0 5.6171875
21.0 5.3125
22.0 5.34375
23.0 4.7265625
24.0 6.2734375
25.0 5.2734375
26.0 5.3359375
27.0 5.171875
28.0 5.3671875
29.0 4.390625
30.0 6.3828125
31.0 5.3125
32.0 5.3671875
33.0 5.6015625
34.0 5.546875
35.0 5.453125
36.0 5.28125
37.0 5.3125
38.0 5.1640625
39.0 5.4375
40.0 5.6015625
41.0 5.546875
42.0 5.21875
43.0 1.8046875
44.0 8.7109375
45.0 5.2890625
46.0 5.34375
47.0 5.4609375
48.0 5.3046875
49.0 5.3515625
50.0 3.5546875
51.0 7.390625
52.0 5.3203125
53.0 5.234375
54.0 5.34375
55.0 5.4921875
56.0 5.3203125
57.0 5.4921875
58.0 5.375
59.0 5.3359375
60.0 5.1875
61.0 4.3671875
62.0 6.0390625
63.0 5.3359375
64.0 5.2734375
65.0 5.15625
66.0 5.3359375
67.0 5.28125
68.0 5.28125
69.0 5.25
70.0 5.171875
71.0 2.78125
72.0 7.578125
73.0 5.3359375
74.0 5.234375
75.0 5.234375
76.0 5.2890625
77.0 5.28125
78.0 5.171875
79.0 5.3359375
80.0 1.03125
81.0 9.640625
82.0 4.9921875
83.0 5.0234375
84.0 5.1640625
85.0 5.4921875
86.0 5.125
87.0 5.3671875
88.0 5.421875
89.0 5.3671875
90.0 5.375
91.0 5.4296875
92.0 5.46875
93.0 4.7578125
94.0 6.1875
95.0 5.25
96.0 5.453125
97.0 5.234375
98.0 5.3125
99.0 5.3046875
100.0 5.3984375
101.0 5.3359375
102.0 5.578125
103.0 5.1640625
104.0 5.3671875
105.0 5.34375
106.0 5.21875
107.0 5.3203125
108.0 5.3671875
109.0 5.0859375
110.0 5.2578125
111.0 5.3359375
112.0 5.15625
113.0 5.046875
114.0 4.9765625
115.0 5.3359375
116.0 5.015625
117.0 5.0546875
118.0 5.171875
119.0 5.3671875
120.0 5.3359375
121.0 5.2734375
122.0 1.4375
123.0 9.09375
124.0 5.1953125
125.0 5.4375
126.0 5.25
127.0 5.453125
128.0 3.0703125
129.0 7.6875
130.0 5.2890625
131.0 5.21875
132.0 5.1328125
133.0 4.9609375
134.0 5.15625
135.0 5.2578125
136.0 5.21875
137.0 5.21875
138.0 5.28125
139.0 5.015625
140.0 5.3515625
141.0 5.0859375
142.0 5.15625
143.0 5.2890625
144.0 4.953125
145.0 4.9921875
146.0 6.03125
147.0 5.1328125
148.0 5.1875
149.0 4.9609375
150.0 4.7421875
151.0 4.875
152.0 6.0390625
153.0 4.9453125
154.0 4.84375
155.0 5.0703125
156.0 5.0078125
157.0 5.078125
158.0 4.9453125
159.0 5.1328125
160.0 5.0859375
161.0 5.125
162.0 5.3125
163.0 5.203125
164.0 1.609375
165.0 9.15625
166.0 5.3125
167.0 4.984375
168.0 5.3359375
169.0 5.1015625
170.0 4.296875
171.0 6.2734375
172.0 5.0859375
173.0 5.2265625
174.0 5.21875
175.0 5.078125
176.0 5.0546875
177.0 5.140625
178.0 4.8984375
179.0 5.0703125
180.0 5.234375
181.0 5.046875
182.0 4.8984375
183.0 2.21875
184.0 8.0
185.0 5.234375
186.0 5.1953125
187.0 5.28125
188.0 5.3359375
189.0 5.0390625
190.0 1.359375
191.0 9.0
192.0 5.5234375
193.0 5.0078125
194.0 4.984375
195.0 5.40625
196.0 5.234375
197.0 5.25
198.0 5.171875
199.0 5.1640625
200.0 5.3359375
201.0 5.0859375
202.0 5.1328125
203.0 2.1171875
204.0 8.2578125
205.0 5.2578125
206.0 5.2265625
207.0 5.34375
208.0 5.2265625
209.0 4.3203125
210.0 6.4140625
211.0 5.3359375
212.0 5.21875
213.0 5.3125
214.0 5.140625
215.0 5.3671875
216.0 5.3203125
217.0 5.3828125
218.0 5.1875
219.0 5.1953125
220.0 5.078125
221.0 4.9765625
222.0 1.9453125
223.0 8.53125
224.0 5.1953125
225.0 5.203125
226.0 5.015625
227.0 5.0703125
228.0 5.171875
229.0 5.1953125
230.0 5.109375
231.0 5.46875
232.0 3.4296875
233.0 6.9453125
234.0 5.1640625
235.0 5.078125
236.0 5.1953125
237.0 5.1015625
238.0 5.171875
239.0 5.1328125
240.0 4.90625
241.0 4.8984375
242.0 5.2578125
243.0 5.078125
244.0 4.984375
245.0 5.1875
246.0 0.578125
247.0 9.75
248.0 3.4921875
249.0 2.984375
250.0 5.859375
251.0 5.109375
252.0 5.2890625
253.0 5.109375
254.0 5.171875
255.0 5.3359375
256.0 5.34375
257.0 5.203125
258.0 4.84375
259.0 2.6328125
260.0 4.21875
261.0 5.3828125
262.0 5.1640625
263.0 1.5
264.0 9.3359375
265.0 4.4765625
266.0 6.0234375
267.0 5.15625
268.0 5.1875
269.0 5.203125
270.0 5.109375
271.0 5.25
272.0 5.375
273.0 5.1015625
274.0 5.28125
275.0 5.3828125
276.0 5.3359375
277.0 5.1875
278.0 5.1953125
279.0 3.6953125
280.0 6.921875
281.0 5.2734375
282.0 5.375
283.0 5.6328125
284.0 5.34375
285.0 5.3125
286.0 1.8828125
287.0 9.03125
288.0 5.2890625
289.0 5.3203125
290.0 5.140625
291.0 5.3359375
292.0 5.4609375
293.0 5.2734375
294.0 5.3125
295.0 5.4609375
296.0 5.4609375
297.0 5.40625
298.0 3.234375
299.0 7.6875
300.0 5.3671875
301.0 5.4609375
302.0 5.34375
303.0 4.7265625
304.0 6.2265625
305.0 5.609375
306.0 5.3984375
307.0 5.5546875
308.0 5.6640625
309.0 5.3984375
310.0 5.4609375
311.0 5.3828125
312.0 5.640625
313.0 5.4921875
314.0 5.5
315.0 5.6640625
316.0 5.515625
317.0 5.4921875
318.0 5.6640625
319.0 5.375
320.0 5.53125
321.0 5.3828125
322.0 3.4453125
323.0 7.7265625
324.0 5.484375
325.0 5.46875
326.0 5.4609375
327.0 5.515625
328.0 5.3515625
329.0 5.3046875
330.0 5.3125
331.0 5.6953125
332.0 5.4296875
333.0 5.484375
334.0 5.28125
335.0 3.078125
336.0 5.609375
337.0 7.765625
338.0 5.1875
339.0 5.453125
340.0 5.2890625
341.0 5.234375
342.0 5.53125
343.0 5.375
344.0 5.34375
345.0 5.40625
346.0 5.2734375
347.0 5.1875
348.0 5.234375
349.0 5.1953125
350.0 3.2265625
351.0 7.2890625
352.0 5.1640625
353.0 5.1875
354.0 5.3046875
355.0 5.3203125
356.0 5.3671875
357.0 5.1015625
358.0 5.140625
359.0 5.28125
360.0 5.21875
361.0 5.3984375
362.0 5.4375
363.0 5.21875
364.0 5.2890625
365.0 5.2890625
366.0 5.2578125
367.0 5.2734375
368.0 3.828125
369.0 6.1875
370.0 5.0859375
371.0 5.21875
372.0 5.234375
373.0 5.234375
374.0 5.2890625
375.0 5.0546875
376.0 4.921875
377.0 3.0546875
378.0 6.9453125
379.0 2.0859375
380.0 8.0
381.0 4.984375
382.0 5.21875
383.0 4.921875
384.0 5.1875
385.0 5.1875
386.0 4.9453125
387.0 5.2265625
388.0 5.109375
389.0 5.2265625
390.0 5.171875
391.0 4.8359375
392.0 4.9921875
393.0 3.7890625
394.0 6.4140625
395.0 4.9921875
396.0 5.015625
397.0 4.984375
398.0 0.4921875
399.0 8.765625
400.0 5.6953125
401.0 5.078125
402.0 4.8984375
403.0 5.078125
404.0 5.15625
405.0 5.015625
406.0 4.921875
407.0 5.140625
408.0 5.21875
409.0 5.3515625
410.0 5.1875
411.0 5.4296875
412.0 5.25
413.0 2.578125
414.0 5.171875
415.0 5.4375
416.0 5.4296875
417.0 5.40625
418.0 5.2265625
419.0 5.484375
420.0 5.28125
421.0 2.8984375
422.0 8.1171875
423.0 5.0546875
424.0 5.40625
425.0 5.3359375
426.0 5.203125
427.0 5.3671875
428.0 5.125
429.0 4.5
430.0 6.0625
431.0 5.2734375
432.0 5.546875
433.0 5.4296875
434.0 5.2734375
435.0 5.4375
436.0 5.453125
437.0 5.4921875
438.0 5.1875
439.0 5.2578125
440.0 5.25
441.0 5.3046875
442.0 5.203125
443.0 3.4375
444.0 7.3203125
445.0 5.21875
446.0 5.3046875
447.0 5.3671875
448.0 5.375
449.0 2.484375
450.0 8.421875
451.0 5.453125
452.0 5.3046875
453.0 5.1640625
454.0 5.3984375
455.0 5.46875
456.0 5.3515625
457.0 5.3515625
458.0 5.3359375
459.0 5.4609375
460.0 5.34375
461.0 5.171875
462.0 2.15625
463.0 7.1640625
464.0 5.21875
465.0 5.15625
466.0 5.234375
467.0 5.1953125
468.0 3.1640625
469.0 7.5546875
470.0 4.8359375
471.0 5.8125
472.0 5.375
473.0 5.28125
474.0 5.1953125
475.0 5.40625
476.0 5.53125
477.0 5.6015625
478.0 5.3515625
479.0 5.28125
480.0 5.4609375
481.0 5.2265625
482.0 5.234375
483.0 5.2265625
484.0 3.9140625
485.0 6.5
486.0 5.2890625
487.0 5.234375
488.0 5.375
489.0 5.15625
490.0 4.9296875
491.0 4.90625
492.0 1.2421875
493.0 9.296875
494.0 5.046875
495.0 5.0703125
496.0 5.2578125
497.0 5.203125
498.0 4.890625
499.0 5.3515625
500.0 5.25
501.0 5.3203125
502.0 5.40625
503.0 5.5859375
504.0 5.703125
505.0 1.046875
506.0 9.5234375
507.0 5.0390625
508.0 4.8984375
509.0 5.1875
510.0 5.2890625
511.0 4.171875
512.0 4.0
513.0 7.8359375
514.0 5.25
515.0 5.3125
516.0 5.1640625
517.0 5.2578125
518.0 5.375
519.0 5.0703125
520.0 5.171875
521.0 4.4296875
522.0 5.640625
523.0 5.015625
524.0 5.109375
525.0 3.8203125
526.0 2.1640625
527.0 4.2734375
528.0 4.9765625
529.0 4.1328125
530.0 5.640625
531.0 5.2890625
532.0 5.2265625
533.0 4.484375
534.0 5.75
535.0 4.5078125
536.0 5.96875
537.0 4.5
538.0 5.8125
539.0 4.8984375
540.0 4.984375
541.0 4.9765625
542.0 5.15625
543.0 5.140625
544.0 5.0546875
545.0 5.25
546.0 4.7578125
547.0 5.140625
548.0 5.3671875
549.0 5.1953125
550.0 5.2578125
551.0 5.1015625
552.0 2.8046875
553.0 7.578125
554.0 5.0234375
555.0 5.3515625
556.0 5.1640625
557.0 5.1328125
558.0 2.25
559.0 8.203125
560.0 5.2734375
561.0 5.1953125
562.0 5.3125
563.0 5.1875
564.0 5.1953125
565.0 4.8671875
566.0 4.890625
567.0 5.1328125
568.0 5.34375
569.0 5.1328125
570.0 3.3984375
571.0 7.390625
572.0 5.421875
573.0 5.3046875
574.0 5.2578125
575.0 5.2890625
576.0 5.25
577.0 4.828125
578.0 6.2109375
579.0 5.421875
580.0 5.484375
581.0 5.4296875
582.0 5.53125
583.0 5.40625
584.0 5.28125
585.0 5.3125
586.0 5.453125
587.0 5.3671875
588.0 5.2734375
589.0 5.5
590.0 5.375
591.0 2.28125
592.0 8.6015625
593.0 5.5
594.0 5.3984375
595.0 5.4296875
596.0 5.0859375
597.0 2.7265625
598.0 8.109375
599.0 5.25
