0.0 6.4140625
1.0 5.9921875
2.0 4.578125
3.0 0.7578125
4.0 7.671875
5.0 4.2109375
6.0 4.515625
7.0 4.75
8.0 4.328125
9.0 1.359375
10.0 7.3046875
11.0 4.65625
12.0 5.0078125
13.0 4.7109375
14.0 4.9765625
15.0 4.7578125
16.0 5.078125
17.0 5.234375
18.0 4.578125
19.0 5.40625
20.0 5.40625
21.0 5.5625
22.0 4.65625
23.0 5.4609375
24.0 5.5625
25.0 5.3671875
26.0 5.890625
27.0 5.9296875
28.0 3.875
29.0 7.390625
30.0 5.25
31.0 5.828125
32.0 5.578125
33.0 6.0078125
34.0 6.078125
35.0 5.875
36.0 5.7890625
37.0 5.4375
38.0 5.46875
39.0 5.5859375
40.0 4.609375
41.0 2.7109375
42.0 8.0234375
43.0 5.0078125
44.0 2.953125
45.0 0.0
46.0 7.125
47.0 2.84375
48.0 5.6484375
49.0 5.875
50.0 6.0
51.0 5.859375
52.0 5.4375
53.0 1.96875
54.0 9.09375
55.0 4.171875
56.0 4.6796875
57.0 5.375
58.0 4.3671875
59.0 6.5390625
60.0 5.3671875
61.0 5.6484375
62.0 5.5859375
63.0 4.8984375
64.0 5.484375
65.0 5.8828125
66.0 5.7109375
67.0 5.3359375
68.0 4.5625
69.0 6.390625
70.0 6.796875
71.0 6.0234375
72.0 5.6484375
73.0 5.90625
74.0 6.0078125
75.0 6.484375
76.0 6.078125
77.0 6.359375
78.0 5.2890625
79.0 5.5859375
80.0 5.3828125
81.0 5.453125
82.0 6.2265625
83.0 5.859375
84.0 5.4609375
85.0 6.203125
86.0 6.0390625
87.0 6.2265625
88.0 6.296875
89.0 6.390625
90.0 6.2265625
91.0 5.84375
92.0 5.8203125
93.0 6.328125
94.0 5.7578125
95.0 4.421875
96.0 5.3359375
97.0 5.46875
98.0 6.171875
99.0 5.46875
100.0 5.5546875
101.0 5.578125
102.0 1.015625
103.0 7.6953125
104.0 5.25
105.0 5.796875
106.0 5.8828125
107.0 6.03125
108.0 5.5546875
109.0 5.140625
110.0 5.0546875
111.0 5.4609375
112.0 4.921875
113.0 3.671875
114.0 4.4765625
115.0 5.765625
116.0 5.7578125
117.0 5.3671875
118.0 5.6484375
119.0 4.9453125
120.0 3.6953125
121.0 2.578125
122.0 1.59375
123.0 1.859375
124.0 1.5859375
125.0 2.484375
126.0 2.75
127.0 1.984375
128.0 5.40625
129.0 3.0
130.0 5.2578125
131.0 5.3359375
132.0 5.8125
133.0 6.328125
134.0 6.0
135.0 3.1328125
136.0 9.96875
137.0 3.875
138.0 8.5
139.0 5.9453125
140.0 5.7578125
141.0 6.15625
142.0 6.0625
143.0 6.0234375
144.0 5.890625
145.0 5.8828125
146.0 5.703125
147.0 5.671875
148.0 5.515625
149.0 6.3203125
150.0 6.2109375
151.0 3.796875
152.0 8.703125
153.0 5.375
154.0 6.84375
155.0 6.1484375
156.0 3.8203125
157.0 7.1640625
158.0 5.7109375
159.0 5.9140625
160.0 5.859375
161.0 5.4375
162.0 4.578125
163.0 4.6875
164.0 6.3046875
165.0 6.3046875
166.0 6.2421875
167.0 5.828125
168.0 5.796875
169.0 6.0390625
170.0 5.671875
171.0 0.0
172.0 7.9453125
173.0 3.796875
174.0 4.6015625
175.0 6.5859375
176.0 3.25
177.0 9.6328125
178.0 5.7265625
179.0 4.9453125
180.0 5.9453125
181.0 5.7265625
182.0 5.875
183.0 5.6328125
184.0 3.65625
185.0 7.4375
186.0 4.0703125
187.0 3.515625
188.0 2.3125
189.0 3.0390625
190.0 3.375
191.0 3.265625
192.0 2.671875
193.0 0.0390625
194.0 6.1796875
195.0 3.015625
196.0 3.328125
197.0 4.1796875
198.0 3.265625
199.0 2.8046875
200.0 2.625
201.0 2.78125
202.0 2.921875
203.0 2.9375
204.0 3.21875
205.0 5.109375
206.0 6.3046875
207.0 2.09375
208.0 6.0
209.0 2.1328125
210.0 1.2421875
211.0 1.609375
212.0 2.046875
213.0 3.0390625
214.0 2.9375
215.0 2.921875
216.0 2.7109375
217.0 0.359375
218.0 8.734375
219.0 3.9921875
220.0 2.03125
221.0 2.28125
222.0 2.1015625
223.0 0.0
224.0 6.2734375
225.0 2.5078125
226.0 2.625
227.0 4.6015625
228.0 2.4609375
229.0 0.90625
230.0 0.8203125
231.0 2.359375
232.0 5.75
233.0 5.6640625
234.0 5.7265625
235.0 5.1875
236.0 1.109375
237.0 10.609375
238.0 6.6796875
239.0 5.0859375
240.0 1.078125
241.0 0.0
242.0 5.0078125
243.0 2.7578125
244.0 1.6875
245.0 1.0859375
246.0 1.1953125
247.0 1.828125
248.0 3.765625
249.0 5.1015625
250.0 5.890625
251.0 6.3046875
252.0 6.1484375
253.0 5.671875
254.0 5.703125
255.0 6.1171875
256.0 4.9921875
257.0 2.953125
258.0 4.71875
259.0 5.6015625
260.0 6.03125
261.0 6.3359375
262.0 6.1796875
263.0 5.96875
264.0 1.53125
265.0 7.8125
266.0 3.0390625
267.0 5.3828125
268.0 5.8125
269.0 5.3046875
270.0 5.3125
271.0 5.5859375
272.0 5.3984375
273.0 4.9296875
274.0 3.5234375
275.0 4.578125
276.0 2.8359375
277.0 0.0
278.0 6.6640625
279.0 3.84375
280.0 5.546875
281.0 5.0703125
282.0 5.3515625
283.0 5.9296875
284.0 3.5
285.0 7.3671875
286.0 5.90625
287.0 5.890625
288.0 5.484375
289.0 5.6015625
290.0 5.4609375
291.0 4.7265625
292.0 6.734375
293.0 5.546875
294.0 3.296875
295.0 1.8828125
296.0 4.3203125
297.0 5.9375
298.0 5.9140625
299.0 4.609375
300.0 2.671875
301.0 2.1015625
302.0 1.7890625
303.0 0.1796875
304.0 0.0
305.0 7.3046875
306.0 4.5
307.0 4.6328125
308.0 3.1015625
309.0 3.046875
310.0 2.5625
311.0 1.3828125
312.0 0.0
313.0 4.3984375
314.0 1.8671875
315.0 0.671875
316.0 1.734375
317.0 5.015625
318.0 3.5625
319.0 3.65625
320.0 3.6484375
321.0 3.0
322.0 4.5390625
323.0 3.4375
324.0 0.5546875
325.0 0.3125
326.0 0.0
327.0 0.109375
328.0 6.5546875
329.0 3.921875
330.0 4.125
331.0 2.8125
332.0 6.1875
333.0 4.3046875
334.0 5.8828125
335.0 6.3671875
336.0 6.0
337.0 6.765625
338.0 6.4453125
339.0 6.6640625
340.0 5.7109375
341.0 4.4453125
342.0 5.0390625
343.0 5.6640625
344.0 4.7734375
345.0 7.1875
346.0 5.640625
347.0 5.3515625
348.0 5.0703125
349.0 5.4296875
350.0 5.6484375
351.0 4.65625
352.0 7.1015625
353.0 5.640625
354.0 6.109375
355.0 6.390625
356.0 6.140625
357.0 6.5625
358.0 6.109375
359.0 6.125
360.0 4.0234375
361.0 4.1171875
362.0 5.9375
363.0 6.359375
364.0 3.40625
365.0 8.09375
366.0 6.09375
367.0 5.9375
368.0 5.6484375
369.0 2.6640625
370.0 8.984375
371.0 5.2265625
372.0 5.6328125
373.0 4.9296875
374.0 5.6640625
375.0 5.90625
376.0 5.7890625
377.0 5.6953125
378.0 5.703125
379.0 5.6953125
380.0 5.9140625
381.0 6.078125
382.0 6.078125
383.0 5.5234375
384.0 5.7265625
385.0 5.8125
386.0 4.453125
387.0 3.7109375
388.0 1.46875
389.0 10.03125
390.0 6.5
391.0 6.390625
392.0 6.515625
393.0 5.90625
394.0 6.3671875
395.0 6.2109375
396.0 6.265625
397.0 5.9609375
398.0 6.296875
399.0 6.3515625
400.0 5.671875
401.0 1.109375
402.0 10.859375
403.0 6.2421875
404.0 6.1484375
405.0 3.9921875
406.0 5.5234375
407.0 6.421875
408.0 6.109375
409.0 5.859375
410.0 4.125
411.0 5.2734375
412.0 2.015625
413.0 1.46875
414.0 3.140625
415.0 4.21875
416.0 3.7109375
417.0 4.859375
418.0 3.921875
419.0 8.265625
420.0 5.6015625
421.0 5.765625
422.0 5.5625
423.0 5.4375
424.0 5.3828125
425.0 5.78125
426.0 6.0546875
427.0 6.0
428.0 4.21875
429.0 7.703125
430.0 5.671875
431.0 5.40625
432.0 5.125
433.0 5.609375
434.0 3.671875
435.0 7.4609375
436.0 5.5234375
437.0 6.0859375
438.0 4.390625
439.0 6.40625
440.0 6.359375
441.0 6.421875
442.0 6.59375
443.0 6.203125
444.0 6.1171875
445.0 6.8671875
446.0 6.4375
447.0 1.796875
448.0 11.2734375
449.0 6.953125
450.0 6.2109375
451.0 6.8984375
452.0 6.3046875
453.0 6.3828125
454.0 6.0859375
455.0 5.453125
456.0 5.5234375
457.0 5.3828125
458.0 5.5546875
459.0 5.9140625
460.0 6.203125
461.0 5.8828125
462.0 5.8515625
463.0 1.9375
464.0 5.6796875
465.0 5.21875
466.0 5.375
467.0 5.109375
468.0 5.46875
469.0 4.8046875
470.0 5.2890625
471.0 0.484375
472.0 8.5546875
473.0 5.9765625
474.0 5.859375
475.0 5.828125
476.0 5.578125
477.0 5.671875
478.0 5.9765625
479.0 5.6328125
480.0 5.78125
481.0 5.84375
482.0 5.7109375
483.0 5.9453125
484.0 4.90625
485.0 7.46875
486.0 5.8515625
487.0 5.453125
488.0 5.203125
489.0 0.84375
490.0 10.1484375
491.0 5.75
492.0 5.9296875
493.0 6.03125
494.0 6.2109375
495.0 6.171875
496.0 5.546875
497.0 5.0546875
498.0 4.28125
499.0 6.0859375
500.0 6.3515625
501.0 5.5546875
502.0 5.3828125
503.0 5.0078125
504.0 5.7109375
505.0 4.21875
506.0 0.390625
507.0 10.25
508.0 5.6796875
509.0 4.8125
510.0 5.3984375
511.0 5.3984375
512.0 5.5
513.0 5.4375
514.0 5.484375
515.0 5.578125
516.0 5.0234375
517.0 4.328125
518.0 6.3515625
519.0 4.7734375
520.0 5.109375
521.0 5.734375
522.0 5.609375
523.0 6.0546875
524.0 5.8203125
525.0 3.84375
526.0 7.1953125
527.0 6.0078125
528.0 5.640625
529.0 6.125
530.0 6.3515625
531.0 6.2578125
532.0 6.75
533.0 6.71875
534.0 4.3359375
535.0 8.4609375
536.0 5.9921875
537.0 6.828125
538.0 6.6640625
539.0 6.765625
540.0 4.3828125
541.0 8.1640625
542.0 5.9609375
543.0 6.2578125
544.0 6.0
545.0 6.359375
546.0 3.859375
547.0 8.3828125
548.0 6.234375
549.0 5.890625
550.0 6.3515625
551.0 6.0390625
552.0 3.65625
553.0 8.4140625
554.0 6.4453125
555.0 5.78125
556.0 5.5859375
557.0 5.546875
558.0 5.9765625
559.0 6.03125
560.0 5.6015625
561.0 5.53125
562.0 5.0234375
563.0 5.671875
564.0 5.8203125
565.0 5.7578125
566.0 5.5859375
567.0 1.5546875
568.0 9.96875
569.0 5.515625
570.0 3.765625
571.0 7.2734375
572.0 5.4609375
573.0 5.3515625
574.0 5.8203125
575.0 6.328125
576.0 3.8203125
577.0 8.015625
578.0 5.7109375
579.0 4.359375
580.0 3.34375
581.0 3.8203125
582.0 4.8671875
583.0 6.0078125
584.0 6.0
585.0 6.0859375
586.0 5.4609375
587.0 5.2265625
588.0 5.3046875
589.0 5.28125
590.0 5.015625
591.0 6.2890625
592.0 5.7109375
593.0 5.8203125
594.0 5.7578125
595.0 2.7734375
596.0 8.390625
597.0 6.125
598.0 6.125
599.0 5.6015625
