0.0 5.6953125
1.0 5.703125
2.0 5.53125
3.0 1.03125
4.0 10.7734375
5.0 6.1171875
6.0 5.671875
7.0 5.84375
8.0 5.484375
9.0 5.234375
10.0 4.0703125
11.0 4.9453125
12.0 4.625
13.0 5.203125
14.0 6.2890625
15.0 5.453125
16.0 5.078125
17.0 5.4609375
18.0 6.0234375
19.0 6.0546875
20.0 5.765625
21.0 5.6171875
22.0 5.703125
23.0 4.3203125
24.0 0.21875
25.0 0.109375
26.0 7.375
27.0 2.9921875
28.0 4.9453125
29.0 3.109375
30.0 3.0390625
31.0 2.5390625
32.0 3.6171875
33.0 6.0625
34.0 6.15625
35.0 5.9140625
36.0 6.171875
37.0 6.09375
38.0 4.421875
39.0 7.6953125
40.0 6.1484375
41.0 5.9609375
42.0 2.484375
43.0 8.2890625
44.0 5.484375
45.0 6.078125
46.0 6.03125
47.0 6.0625
48.0 6.0625
49.0 6.171875
50.0 6.078125
51.0 5.90625
52.0 6.125
53.0 5.9375
54.0 6.2421875
55.0 6.0546875
56.0 5.9765625
57.0 6.140625
58.0 6.09375
59.0 6.0625
60.0 5.828125
61.0 5.8203125
62.0 5.96875
63.0 6.15625
64.0 5.8125
65.0 3.28125
66.0 8.75
67.0 5.7578125
68.0 5.765625
69.0 5.7578125
70.0 6.0234375
71.0 5.7890625
72.0 5.875
73.0 3.921875
74.0 3.640625
75.0 1.8671875
76.0 4.7109375
77.0 5.859375
78.0 4.3359375
79.0 2.9375
80.0 3.796875
81.0 4.1484375
82.0 4.3515625
83.0 4.6484375
84.0 3.765625
85.0 4.1875
86.0 5.8203125
87.0 4.921875
88.0 6.390625
89.0 5.9296875
90.0 5.8515625
91.0 5.84375
92.0 5.609375
93.0 5.609375
94.0 5.8515625
95.0 4.0546875
96.0 3.0546875
97.0 3.5625
98.0 3.7421875
99.0 3.625
100.0 5.96875
101.0 3.734375
102.0 3.0234375
103.0 2.90625
104.0 2.328125
105.0 3.875
106.0 5.9296875
107.0 4.6328125
108.0 6.953125
109.0 5.7890625
110.0 5.5
111.0 2.1875
112.0 5.2265625
113.0 1.796875
114.0 2.5390625
115.0 1.96875
116.0 2.359375
117.0 5.859375
118.0 6.2890625
119.0 6.265625
120.0 5.9453125
121.0 6.0234375
122.0 6.0
123.0 6.03125
124.0 6.2109375
125.0 5.234375
126.0 6.7421875
127.0 6.1484375
128.0 3.3828125
129.0 2.890625
130.0 5.3203125
131.0 4.5390625
132.0 4.8046875
133.0 4.3828125
134.0 4.6484375
135.0 4.75
136.0 4.546875
137.0 1.171875
138.0 7.6171875
139.0 4.90625
140.0 3.875
141.0 3.546875
142.0 4.203125
143.0 3.859375
144.0 4.03125
145.0 4.7734375
146.0 5.8203125
147.0 5.7578125
148.0 5.5546875
149.0 4.359375
150.0 4.890625
151.0 4.625
152.0 5.453125
153.0 5.9609375
154.0 5.9296875
155.0 5.78125
156.0 6.171875
157.0 5.84375
158.0 6.0234375
159.0 6.0234375
160.0 6.2578125
161.0 5.90625
162.0 6.2421875
163.0 5.9296875
164.0 6.140625
165.0 5.875
166.0 5.9375
167.0 5.9453125
168.0 5.828125
169.0 5.90625
170.0 2.59375
171.0 9.125
172.0 5.8515625
173.0 5.34375
174.0 1.9453125
175.0 9.8359375
176.0 6.078125
177.0 5.9921875
178.0 5.9296875
179.0 5.9921875
180.0 6.109375
181.0 6.0546875
182.0 5.859375
183.0 5.4296875
184.0 4.7109375
185.0 5.7578125
186.0 5.734375
187.0 5.640625
188.0 5.9609375
189.0 5.7578125
190.0 6.03125
191.0 5.90625
192.0 5.734375
193.0 5.6796875
194.0 5.765625
195.0 5.609375
196.0 5.125
197.0 5.6640625
198.0 2.21875
199.0 9.4296875
200.0 5.6015625
201.0 5.5625
202.0 3.109375
203.0 8.1953125
204.0 5.34375
205.0 5.890625
206.0 5.6953125
207.0 5.5546875
208.0 6.125
209.0 5.9921875
210.0 6.171875
211.0 6.1171875
212.0 5.53125
213.0 5.9375
214.0 6.03125
215.0 6.0
216.0 6.0
217.0 6.078125
218.0 6.171875
219.0 6.2421875
220.0 6.171875
221.0 2.7734375
222.0 8.9453125
223.0 5.7578125
224.0 6.3046875
225.0 1.984375
226.0 9.9375
227.0 5.765625
228.0 5.796875
229.0 5.78125
230.0 5.6484375
231.0 5.8125
232.0 5.9921875
233.0 6.171875
234.0 5.9609375
235.0 6.078125
236.0 5.9453125
237.0 5.890625
238.0 6.0
239.0 0.875
240.0 10.59375
241.0 6.03125
242.0 4.9765625
243.0 0.0390625
244.0 0.0
245.0 17.0703125
246.0 5.640625
247.0 5.75
248.0 5.8515625
249.0 5.5546875
250.0 4.65625
251.0 6.765625
252.0 5.84375
253.0 5.765625
254.0 1.078125
255.0 9.875
256.0 5.3671875
257.0 5.5859375
258.0 5.9453125
259.0 5.609375
260.0 5.875
261.0 5.15625
262.0 4.5625
263.0 5.421875
264.0 5.4921875
265.0 5.9375
266.0 6.0234375
267.0 5.78125
268.0 5.859375
269.0 5.46875
270.0 5.6484375
271.0 4.359375
272.0 7.28125
273.0 5.6015625
274.0 5.796875
275.0 5.53125
276.0 5.9375
277.0 5.171875
278.0 5.109375
279.0 5.6171875
280.0 5.5546875
281.0 5.1015625
282.0 4.0859375
283.0 4.6875
284.0 1.09375
285.0 7.3984375
286.0 5.6484375
287.0 5.1875
288.0 5.4609375
289.0 5.734375
290.0 5.6953125
291.0 5.6328125
292.0 5.546875
293.0 5.7265625
294.0 5.5234375
295.0 5.828125
296.0 6.03125
297.0 5.78125
298.0 1.4609375
299.0 8.7890625
300.0 4.578125
301.0 3.546875
302.0 5.6640625
303.0 4.453125
304.0 4.921875
305.0 4.7578125
306.0 4.5625
307.0 4.6875
308.0 5.734375
309.0 5.8203125
310.0 5.9921875
311.0 6.171875
312.0 6.1796875
313.0 2.7578125
314.0 0.0
315.0 0.0
316.0 6.6171875
317.0 4.515625
318.0 4.25
319.0 5.3359375
320.0 4.9296875
321.0 5.6484375
322.0 5.90625
323.0 5.3515625
324.0 6.15625
325.0 5.9609375
326.0 5.546875
327.0 5.3515625
328.0 5.640625
329.0 5.6328125
330.0 5.5546875
331.0 5.6328125
332.0 6.03125
333.0 5.703125
334.0 5.671875
335.0 6.078125
336.0 5.7265625
337.0 5.9453125
338.0 5.796875
339.0 5.859375
340.0 5.78125
341.0 1.0
342.0 10.3515625
343.0 5.90625
344.0 5.8203125
345.0 2.7421875
346.0 9.1953125
347.0 6.0078125
348.0 5.9609375
349.0 5.7578125
350.0 5.515625
351.0 5.5625
352.0 5.765625
353.0 5.78125
354.0 5.96875
355.0 5.484375
356.0 4.1015625
357.0 6.6484375
358.0 5.7578125
359.0 2.7265625
360.0 8.8515625
361.0 5.7578125
362.0 3.890625
363.0 7.421875
364.0 5.453125
365.0 5.5859375
366.0 5.3515625
367.0 5.3125
368.0 5.6953125
369.0 5.9140625
370.0 5.9140625
371.0 5.734375
372.0 5.7890625
373.0 4.90625
374.0 4.875
375.0 4.2109375
376.0 5.4609375
377.0 5.546875
378.0 5.4921875
379.0 6.0390625
380.0 5.796875
381.0 5.796875
382.0 5.8203125
383.0 5.6171875
384.0 5.3984375
385.0 5.6015625
386.0 5.7265625
387.0 4.6953125
388.0 6.40625
389.0 5.7109375
390.0 5.7890625
391.0 5.859375
392.0 5.53125
393.0 5.6171875
394.0 5.46875
395.0 5.421875
396.0 6.140625
397.0 5.1328125
398.0 5.046875
399.0 6.15625
400.0 1.4765625
401.0 5.9375
402.0 2.484375
403.0 2.84375
404.0 2.0703125
405.0 2.234375
406.0 5.3671875
407.0 5.859375
408.0 5.6484375
409.0 5.3515625
410.0 5.25
411.0 5.671875
412.0 5.7109375
413.0 5.2265625
414.0 1.9140625
415.0 9.4765625
416.0 5.6328125
417.0 5.3359375
418.0 1.109375
419.0 10.1328125
420.0 5.671875
421.0 5.2890625
422.0 5.25
423.0 5.3984375
424.0 5.4296875
425.0 5.734375
426.0 5.765625
427.0 5.8828125
428.0 5.53125
429.0 5.828125
430.0 4.875
431.0 6.9296875
432.0 5.703125
433.0 6.0234375
434.0 5.90625
435.0 5.75
436.0 2.375
437.0 9.609375
438.0 5.75
439.0 5.90625
440.0 5.21875
441.0 5.703125
442.0 6.234375
443.0 6.09375
444.0 5.765625
445.0 6.140625
446.0 5.84375
447.0 4.3828125
448.0 7.6171875
449.0 6.2421875
450.0 6.0546875
451.0 5.890625
452.0 6.0390625
453.0 6.0546875
454.0 5.5859375
455.0 5.546875
456.0 2.0390625
457.0 9.1484375
458.0 5.546875
459.0 5.609375
460.0 5.4296875
461.0 5.828125
462.0 5.859375
463.0 5.8125
464.0 5.9453125
465.0 5.8125
466.0 5.75
467.0 5.75
468.0 4.859375
469.0 6.8046875
470.0 5.609375
471.0 5.734375
472.0 5.828125
473.0 5.671875
474.0 1.8359375
475.0 9.8984375
476.0 5.78125
477.0 6.171875
478.0 6.03125
479.0 6.0390625
480.0 5.7109375
481.0 5.84375
482.0 5.9921875
483.0 5.8125
484.0 5.7109375
485.0 6.3203125
486.0 5.875
487.0 5.703125
488.0 3.515625
489.0 8.09375
490.0 5.5234375
491.0 5.6484375
492.0 5.6953125
493.0 5.6796875
494.0 5.5859375
495.0 5.3359375
496.0 5.6640625
497.0 5.7265625
498.0 5.5859375
499.0 5.1328125
500.0 5.6953125
501.0 2.5078125
502.0 0.40625
503.0 6.2421875
504.0 2.8125
505.0 5.15625
506.0 5.6171875
507.0 5.34375
508.0 1.296875
509.0 8.8203125
510.0 0.09375
511.0 4.7421875
512.0 1.375
513.0 4.46875
514.0 3.265625
515.0 2.7109375
516.0 4.75
517.0 5.796875
518.0 5.5
519.0 5.3984375
520.0 1.28125
521.0 9.9921875
522.0 5.6328125
523.0 5.671875
524.0 6.171875
525.0 5.9453125
526.0 5.6953125
527.0 5.4921875
528.0 5.9375
529.0 5.5546875
530.0 5.7109375
531.0 5.84375
532.0 5.9921875
533.0 6.1875
534.0 6.140625
535.0 5.96875
536.0 5.9375
537.0 5.703125
538.0 5.7265625
539.0 5.6953125
540.0 1.9453125
541.0 9.65625
542.0 6.1171875
543.0 5.9375
544.0 5.6484375
545.0 0.6875
546.0 10.7734375
547.0 5.9609375
548.0 5.859375
549.0 5.8828125
550.0 5.859375
551.0 6.0546875
552.0 5.78125
553.0 6.0390625
554.0 5.7890625
555.0 5.9375
556.0 5.1640625
557.0 6.5078125
558.0 5.890625
559.0 5.859375
560.0 6.03125
561.0 6.0
562.0 5.6796875
563.0 6.09375
564.0 6.109375
565.0 5.5625
566.0 5.640625
567.0 5.9375
568.0 5.6328125
569.0 5.90625
570.0 6.078125
571.0 6.0
572.0 6.03125
573.0 6.0
574.0 6.140625
575.0 5.1875
576.0 6.2109375
577.0 6.09375
578.0 3.625
579.0 7.421875
580.0 3.9765625
581.0 5.703125
582.0 5.84375
583.0 5.2265625
584.0 4.953125
585.0 5.796875
586.0 5.5234375
587.0 5.5234375
588.0 5.5
589.0 6.140625
590.0 5.5
591.0 1.8984375
592.0 7.984375
593.0 5.1953125
594.0 5.7109375
595.0 4.9609375
596.0 6.734375
597.0 5.6484375
598.0 5.828125
599.0 5.7890625
