0.0 3.4453125
1.0 0.0
2.0 5.171875
3.0 4.546875
4.0 4.9453125
5.0 4.921875
6.0 4.9296875
7.0 4.8046875
8.0 4.9609375
9.0 5.21875
10.0 4.7265625
11.0 5.3203125
12.0 5.21875
13.0 5.1640625
14.0 5.203125
15.0 5.1875
16.0 5.1953125
17.0 5.171875
18.0 5.3828125
19.0 5.0234375
20.0 4.53125
21.0 4.3203125
22.0 4.53125
23.0 5.0390625
24.0 5.140625
25.0 5.46875
26.0 5.28125
27.0 5.28125
28.0 5.6015625
29.0 5.25
30.0 5.40625
31.0 5.015625
32.0 5.0390625
33.0 5.0078125
34.0 1.0625
35.0 8.390625
36.0 5.0859375
37.0 5.15625
38.0 4.546875
39.0 4.5703125
40.0 4.3515625
41.0 3.859375
42.0 4.8671875
43.0 5.3203125
44.0 5.40625
45.0 5.484375
46.0 3.8203125
47.0 7.25
48.0 5.3046875
49.0 5.3203125
50.0 5.0703125
51.0 5.1328125
52.0 0.6953125
53.0 9.4453125
54.0 5.3984375
55.0 4.9765625
56.0 4.7421875
57.0 4.921875
58.0 5.0390625
59.0 4.953125
60.0 5.1875
61.0 5.125
62.0 5.28125
63.0 5.2578125
64.0 4.75
65.0 5.140625
66.0 5.109375
67.0 5.109375
68.0 5.015625
69.0 4.9453125
70.0 3.078125
71.0 7.7265625
72.0 5.1875
73.0 4.9921875
74.0 4.7109375
75.0 4.8125
76.0 3.9140625
77.0 4.8046875
78.0 4.4453125
79.0 3.2578125
80.0 3.9921875
81.0 5.109375
82.0 5.0390625
83.0 3.9921875
84.0 5.8125
85.0 4.9453125
86.0 4.3359375
87.0 1.1953125
88.0 5.8203125
89.0 3.203125
90.0 4.6953125
91.0 4.65625
92.0 2.375
93.0 6.765625
94.0 4.8125
95.0 4.6875
96.0 2.640625
97.0 6.953125
98.0 5.0234375
99.0 3.515625
100.0 6.6875
101.0 4.921875
102.0 4.6875
103.0 4.625
104.0 5.234375
105.0 4.8671875
106.0 4.8046875
107.0 4.90625
108.0 4.984375
109.0 4.7578125
110.0 4.875
111.0 4.4140625
112.0 3.8828125
113.0 4.4765625
114.0 0.875
115.0 0.734375
116.0 9.2421875
117.0 4.7734375
118.0 4.8359375
119.0 4.9296875
120.0 4.3828125
121.0 0.5859375
122.0 9.265625
123.0 4.9921875
124.0 5.2734375
125.0 5.1328125
126.0 5.375
127.0 5.53125
128.0 5.421875
129.0 5.078125
130.0 5.015625
131.0 4.8984375
132.0 4.875
133.0 3.578125
134.0 5.96875
135.0 4.7578125
136.0 4.9765625
137.0 5.0078125
138.0 4.921875
139.0 1.3828125
140.0 9.0703125
141.0 5.3515625
142.0 5.46875
143.0 5.21875
144.0 5.3828125
145.0 5.4375
146.0 4.78125
147.0 3.8046875
148.0 4.578125
149.0 4.5078125
150.0 4.171875
151.0 0.0
152.0 8.703125
153.0 4.515625
154.0 5.453125
155.0 5.2734375
156.0 5.3125
157.0 5.203125
158.0 5.0234375
159.0 5.3828125
160.0 5.5859375
161.0 5.4375
162.0 5.453125
163.0 4.390625
164.0 0.5546875
165.0 5.6484375
166.0 5.171875
167.0 5.1640625
168.0 5.1953125
169.0 4.5078125
170.0 0.9140625
171.0 6.1875
172.0 3.1328125
173.0 4.90625
174.0 5.2734375
175.0 4.9765625
176.0 5.3515625
177.0 5.125
178.0 4.2421875
179.0 4.46875
180.0 5.46875
181.0 5.2890625
182.0 5.5625
183.0 5.6328125
184.0 1.71875
185.0 8.171875
186.0 4.15625
187.0 4.9921875
188.0 3.7421875
189.0 0.0
190.0 9.0078125
191.0 5.375
192.0 5.140625
193.0 5.0703125
194.0 5.0546875
195.0 4.9921875
196.0 5.171875
197.0 5.3359375
198.0 5.203125
199.0 5.4296875
200.0 5.3515625
201.0 5.3125
202.0 0.5234375
203.0 10.4296875
204.0 5.8828125
205.0 5.25
206.0 5.3515625
207.0 5.3671875
208.0 5.484375
209.0 5.375
210.0 2.9296875
211.0 7.75
212.0 5.203125
213.0 4.421875
214.0 4.5625
215.0 5.2890625
216.0 5.2890625
217.0 5.4609375
218.0 5.46875
219.0 5.375
220.0 5.2578125
221.0 5.203125
222.0 5.4296875
223.0 5.375
224.0 3.21875
225.0 7.8984375
226.0 5.078125
227.0 4.2734375
228.0 5.828125
229.0 5.453125
230.0 4.4140625
231.0 4.03125
232.0 4.7109375
233.0 5.453125
234.0 5.515625
235.0 5.28125
236.0 5.3671875
237.0 5.4296875
238.0 5.1640625
239.0 5.5234375
240.0 5.96875
241.0 4.8671875
242.0 4.1484375
243.0 7.15625
244.0 5.84375
245.0 5.203125
246.0 4.90625
247.0 5.3125
248.0 5.3203125
249.0 5.234375
250.0 5.234375
251.0 5.2890625
252.0 5.453125
253.0 5.3515625
254.0 5.1875
255.0 5.0390625
256.0 4.921875
257.0 2.3046875
258.0 8.046875
259.0 5.34375
260.0 4.46875
261.0 3.640625
262.0 6.3359375
263.0 5.0859375
264.0 4.84375
265.0 5.1015625
266.0 5.21875
267.0 4.7734375
268.0 3.25
269.0 2.265625
270.0 4.0234375
271.0 4.890625
272.0 4.84375
273.0 4.8671875
274.0 5.203125
275.0 5.15625
276.0 5.0703125
277.0 4.796875
278.0 4.453125
279.0 5.1328125
280.0 4.9609375
281.0 5.0234375
282.0 4.9921875
283.0 5.3203125
284.0 5.2734375
285.0 5.1015625
286.0 4.9765625
287.0 4.75
288.0 4.8984375
289.0 2.1484375
290.0 0.0
291.0 0.0
292.0 6.0625
293.0 5.140625
294.0 5.21875
295.0 5.15625
296.0 5.0859375
297.0 1.921875
298.0 0.8984375
299.0 0.4609375
300.0 0.7265625
301.0 0.96875
302.0 1.59375
303.0 0.8046875
304.0 0.484375
305.0 0.3671875
306.0 0.328125
307.0 0.578125
308.0 0.5859375
309.0 1.5859375
310.0 0.765625
311.0 8.9140625
312.0 5.1328125
313.0 5.2578125
314.0 5.1015625
315.0 4.8984375
316.0 5.0546875
317.0 5.2265625
318.0 5.28125
319.0 5.171875
320.0 4.828125
321.0 5.1015625
322.0 5.3828125
323.0 2.9296875
324.0 0.0
325.0 8.1953125
326.0 5.046875
327.0 5.3515625
328.0 5.234375
329.0 5.203125
330.0 3.1171875
331.0 7.71875
332.0 4.9765625
333.0 4.9609375
334.0 5.0234375
335.0 4.0625
336.0 6.359375
337.0 5.0546875
338.0 5.3125
339.0 5.2890625
340.0 5.25
341.0 4.8671875
342.0 4.7421875
343.0 4.828125
344.0 4.578125
345.0 4.6328125
346.0 4.921875
347.0 5.171875
348.0 4.546875
349.0 2.625
350.0 7.1328125
351.0 5.0078125
352.0 4.8125
353.0 3.640625
354.0 6.3203125
355.0 4.5625
356.0 2.7265625
357.0 7.578125
358.0 5.21875
359.0 4.9609375
360.0 4.609375
361.0 4.75
362.0 5.3984375
363.0 5.6015625
364.0 3.171875
365.0 7.4296875
366.0 5.21875
367.0 5.578125
368.0 5.546875
369.0 4.7734375
370.0 5.1328125
371.0 4.875
372.0 5.3125
373.0 4.875
374.0 4.8984375
375.0 4.75
376.0 4.6328125
377.0 5.21875
378.0 5.46875
379.0 2.578125
380.0 7.5703125
381.0 4.9921875
382.0 5.2890625
383.0 4.7578125
384.0 2.234375
385.0 8.2421875
386.0 5.0390625
387.0 4.9765625
388.0 5.1640625
389.0 4.84375
390.0 4.65625
391.0 5.2265625
392.0 5.3046875
393.0 5.546875
394.0 4.9609375
395.0 4.796875
396.0 4.578125
397.0 1.203125
398.0 9.296875
399.0 5.5234375
400.0 5.203125
401.0 5.1875
402.0 3.046875
403.0 6.8671875
404.0 5.0546875
405.0 4.8125
406.0 5.2890625
407.0 4.984375
408.0 5.203125
409.0 5.203125
410.0 5.1328125
411.0 5.3359375
412.0 4.59375
413.0 5.3671875
414.0 5.515625
415.0 5.203125
416.0 4.890625
417.0 5.1875
418.0 4.4765625
419.0 4.578125
420.0 4.9296875
421.0 5.0859375
422.0 4.25
423.0 4.25
424.0 4.1015625
425.0 4.875
426.0 4.3515625
427.0 3.734375
428.0 5.171875
429.0 4.75
430.0 5.3515625
431.0 5.7578125
432.0 3.0390625
433.0 7.453125
434.0 5.0703125
435.0 5.140625
436.0 2.7734375
437.0 7.2890625
438.0 5.1015625
439.0 5.109375
440.0 2.90625
441.0 7.6328125
442.0 5.421875
443.0 4.953125
444.0 5.3828125
445.0 5.671875
446.0 5.4921875
447.0 5.3203125
448.0 4.9765625
449.0 4.9609375
450.0 5.0078125
451.0 4.7109375
452.0 4.71875
453.0 4.2109375
454.0 0.0
455.0 7.1875
456.0 2.234375
457.0 4.7421875
458.0 5.0390625
459.0 4.5
460.0 4.1328125
461.0 4.28125
462.0 4.546875
463.0 3.640625
464.0 0.140625
465.0 7.3203125
466.0 4.5390625
467.0 4.28125
468.0 4.59375
469.0 4.5
470.0 3.890625
471.0 3.7265625
472.0 0.375
473.0 7.21875
474.0 3.9453125
475.0 4.09375
476.0 3.546875
477.0 3.8046875
478.0 4.0
479.0 3.5859375
480.0 1.59375
481.0 1.9140625
482.0 2.9375
483.0 3.8046875
484.0 3.7890625
485.0 2.1953125
486.0 5.8203125
487.0 4.3515625
488.0 4.546875
489.0 3.921875
490.0 2.5625
491.0 6.40625
492.0 4.3671875
493.0 4.53125
494.0 4.890625
495.0 5.046875
496.0 4.7734375
497.0 4.8046875
498.0 4.546875
499.0 5.0390625
500.0 2.7890625
501.0 6.8671875
502.0 4.3828125
503.0 4.6015625
504.0 5.171875
505.0 5.15625
506.0 5.3046875
507.0 5.15625
508.0 5.609375
509.0 5.671875
510.0 5.4921875
511.0 5.1640625
512.0 5.3671875
513.0 4.9609375
514.0 2.375
515.0 8.3203125
516.0 4.1328125
517.0 5.453125
518.0 5.6328125
519.0 5.078125
520.0 4.890625
521.0 4.9296875
522.0 0.078125
523.0 9.25
524.0 4.71875
525.0 4.7109375
526.0 4.5390625
527.0 5.15625
528.0 5.34375
529.0 5.0859375
530.0 5.2578125
531.0 5.0546875
532.0 5.046875
533.0 3.0
534.0 6.8984375
535.0 5.2734375
536.0 5.0234375
537.0 5.171875
538.0 5.140625
539.0 5.28125
540.0 5.2578125
541.0 5.203125
542.0 4.8359375
543.0 5.2734375
544.0 4.9296875
545.0 4.9765625
546.0 1.890625
547.0 8.390625
548.0 5.0234375
549.0 4.953125
550.0 4.6875
551.0 4.5
552.0 0.78125
553.0 8.3203125
554.0 4.5390625
555.0 3.546875
556.0 4.8125
557.0 5.0078125
558.0 4.8671875
559.0 5.171875
560.0 4.90625
561.0 4.3359375
562.0 4.390625
563.0 4.7421875
564.0 1.8828125
565.0 6.3828125
566.0 4.7265625
567.0 5.125
568.0 3.828125
569.0 0.984375
570.0 8.3515625
571.0 3.9765625
572.0 5.46875
573.0 5.4375
574.0 5.21875
575.0 5.1015625
576.0 2.9296875
577.0 7.1875
578.0 2.8671875
579.0 6.3359375
580.0 4.546875
581.0 3.5546875
582.0 2.1328125
583.0 3.96875
584.0 4.8046875
585.0 5.1015625
586.0 4.875
587.0 5.1328125
588.0 4.8359375
589.0 4.25
590.0 4.328125
591.0 4.6796875
592.0 3.171875
593.0 5.4296875
594.0 2.90625
595.0 4.546875
596.0 4.7734375
597.0 4.8125
598.0 4.859375
599.0 4.859375
