0.0 3.296875
1.0 4.8984375
2.0 2.5390625
3.0 2.609375
4.0 4.6328125
5.0 4.7734375
6.0 4.3359375
7.0 4.1484375
8.0 2.90625
9.0 4.3046875
10.0 0.046875
11.0 1.265625
12.0 4.3515625
13.0 5.3125
14.0 4.890625
15.0 4.359375
16.0 3.828125
17.0 4.59375
18.0 4.796875
19.0 4.8984375
20.0 3.5546875
21.0 6.7734375
22.0 3.625
23.0 6.9140625
24.0 5.546875
25.0 5.25
26.0 4.9921875
27.0 3.734375
28.0 6.59375
29.0 4.7265625
30.0 3.3671875
31.0 5.7109375
32.0 4.125
33.0 2.9609375
34.0 3.2890625
35.0 6.1484375
36.0 4.2109375
37.0 4.296875
38.0 4.1875
39.0 4.5
40.0 4.53125
41.0 4.15625
42.0 4.6875
43.0 4.5390625
44.0 5.4609375
45.0 4.7265625
46.0 5.2578125
47.0 5.046875
48.0 5.28125
49.0 5.1953125
50.0 1.8828125
51.0 7.8828125
52.0 5.34375
53.0 5.453125
54.0 5.515625
55.0 5.546875
56.0 5.546875
57.0 5.140625
58.0 4.3359375
59.0 3.25
60.0 3.203125
61.0 4.546875
62.0 5.140625
63.0 5.0859375
64.0 5.4609375
65.0 5.3984375
66.0 5.3984375
67.0 5.4375
68.0 1.7734375
69.0 7.984375
70.0 4.6015625
71.0 5.15625
72.0 4.609375
73.0 0.15625
74.0 9.7421875
75.0 4.46875
76.0 4.4765625
77.0 4.1796875
78.0 4.8125
79.0 5.125
80.0 4.984375
81.0 4.8125
82.0 4.7421875
83.0 4.8984375
84.0 4.9609375
85.0 5.34375
86.0 3.640625
87.0 6.6875
88.0 5.078125
89.0 5.171875
90.0 4.7578125
91.0 4.9609375
92.0 1.140625
93.0 9.125
94.0 5.125
95.0 5.53125
96.0 5.203125
97.0 4.5078125
98.0 4.921875
99.0 4.8984375
100.0 5.0546875
101.0 5.015625
102.0 4.78125
103.0 5.203125
104.0 4.8359375
105.0 1.890625
106.0 0.0
107.0 7.015625
108.0 4.328125
109.0 4.6328125
110.0 2.9921875
111.0 4.4453125
112.0 4.6640625
113.0 4.328125
114.0 2.8125
115.0 5.046875
116.0 6.296875
117.0 5.421875
118.0 5.4296875
119.0 4.90625
120.0 5.234375
121.0 5.125
122.0 5.0703125
123.0 5.203125
124.0 4.6484375
125.0 4.890625
126.0 4.7265625
127.0 4.9296875
128.0 4.8125
129.0 1.5390625
130.0 7.734375
131.0 5.1328125
132.0 4.8359375
133.0 4.46875
134.0 4.4453125
135.0 3.9765625
136.0 3.84375
137.0 4.421875
138.0 4.1015625
139.0 3.8203125
140.0 3.0859375
141.0 4.125
142.0 3.3984375
143.0 6.09375
144.0 3.2578125
145.0 6.03125
146.0 4.6328125
147.0 4.65625
148.0 4.5625
149.0 4.6484375
150.0 4.328125
151.0 3.109375
152.0 2.6328125
153.0 2.484375
154.0 2.4140625
155.0 2.4453125
156.0 2.265625
157.0 2.4609375
158.0 4.484375
159.0 1.796875
160.0 7.03125
161.0 4.75
162.0 3.7890625
163.0 2.421875
164.0 0.3046875
165.0 0.0
166.0 4.9765625
167.0 4.8359375
168.0 5.2734375
169.0 5.21875
170.0 3.4375
171.0 3.6171875
172.0 3.6953125
173.0 4.4765625
174.0 3.9375
175.0 2.265625
176.0 2.59375
177.0 2.1328125
178.0 1.796875
179.0 1.984375
180.0 2.453125
181.0 2.8359375
182.0 1.6171875
183.0 1.625
184.0 1.4140625
185.0 1.5
186.0 1.7578125
187.0 2.25
188.0 2.453125
189.0 2.1796875
190.0 0.5078125
191.0 0.0
192.0 0.0
193.0 0.0
194.0 0.0
195.0 6.0390625
196.0 3.4609375
197.0 2.3046875
198.0 3.1171875
199.0 3.203125
200.0 0.0
201.0 6.0234375
202.0 4.390625
203.0 4.203125
204.0 4.265625
205.0 4.0078125
206.0 4.3203125
207.0 4.265625
208.0 4.578125
209.0 4.390625
210.0 4.3671875
211.0 4.4296875
212.0 4.4765625
213.0 2.9609375
214.0 0.75
215.0 0.0
216.0 7.140625
217.0 3.25
218.0 3.7265625
219.0 4.296875
220.0 3.3984375
221.0 0.5859375
222.0 0.0
223.0 0.0
224.0 7.7578125
225.0 3.7421875
226.0 4.359375
227.0 4.0
228.0 4.3203125
229.0 2.90625
230.0 2.015625
231.0 1.796875
232.0 4.0546875
233.0 3.84375
234.0 3.890625
235.0 3.8828125
236.0 4.125
237.0 4.0390625
238.0 4.265625
239.0 5.0078125
240.0 4.828125
241.0 4.5390625
242.0 5.453125
243.0 5.078125
244.0 4.3515625
245.0 4.90625
246.0 3.53125
247.0 6.421875
248.0 4.9609375
249.0 4.53125
250.0 4.578125
251.0 4.8125
252.0 2.0078125
253.0 6.984375
254.0 3.7578125
255.0 4.9453125
256.0 4.1171875
257.0 4.8671875
258.0 3.3203125
259.0 0.8828125
260.0 1.4453125
261.0 2.1796875
262.0 3.3203125
263.0 3.703125
264.0 4.265625
265.0 1.46875
266.0 1.4765625
267.0 1.8984375
268.0 1.4921875
269.0 0.0
270.0 5.234375
271.0 2.4921875
272.0 3.5546875
273.0 4.8671875
274.0 5.4375
275.0 5.28125
276.0 4.484375
277.0 5.078125
278.0 4.8046875
279.0 5.3203125
280.0 5.140625
281.0 4.8984375
282.0 5.1953125
283.0 5.53125
284.0 1.53125
285.0 8.3125
286.0 4.390625
287.0 4.6640625
288.0 4.859375
289.0 4.9765625
290.0 4.6484375
291.0 0.5078125
292.0 9.4140625
293.0 4.8984375
294.0 4.1328125
295.0 4.8671875
296.0 5.0703125
297.0 4.71875
298.0 4.0234375
299.0 4.625
300.0 5.0078125
301.0 3.8515625
302.0 5.78125
303.0 5.1953125
304.0 4.8125
305.0 5.2265625
306.0 4.578125
307.0 4.8125
308.0 4.5078125
309.0 4.5
310.0 5.609375
311.0 5.0703125
312.0 4.984375
313.0 4.296875
314.0 5.078125
315.0 4.90625
316.0 3.0
317.0 6.6640625
318.0 4.09375
319.0 5.53125
320.0 5.3515625
321.0 3.59375
322.0 4.4765625
323.0 5.015625
324.0 3.40625
325.0 3.515625
326.0 4.21875
327.0 4.6015625
328.0 4.984375
329.0 5.28125
330.0 5.109375
331.0 3.7421875
332.0 7.546875
333.0 2.984375
334.0 7.34375
335.0 5.125
336.0 4.1015625
337.0 5.9453125
338.0 5.15625
339.0 4.8984375
340.0 4.3671875
341.0 2.578125
342.0 1.6484375
343.0 1.96875
344.0 1.265625
345.0 1.4375
346.0 3.5234375
347.0 4.8359375
348.0 4.796875
349.0 4.515625
350.0 4.8046875
351.0 1.3125
352.0 8.53125
353.0 4.90625
354.0 4.796875
355.0 5.0703125
356.0 3.9921875
357.0 5.3515625
358.0 3.5234375
359.0 4.6953125
360.0 4.484375
361.0 4.28125
362.0 3.796875
363.0 3.9375
364.0 3.2265625
365.0 0.0
366.0 7.4375
367.0 4.453125
368.0 3.765625
369.0 3.34375
370.0 3.5234375
371.0 4.203125
372.0 4.578125
373.0 4.6796875
374.0 4.984375
375.0 4.8984375
376.0 4.5390625
377.0 4.453125
378.0 4.6953125
379.0 3.28125
380.0 6.515625
381.0 5.3203125
382.0 5.21875
383.0 4.84375
384.0 4.921875
385.0 3.9140625
386.0 5.4375
387.0 4.71875
388.0 4.75
389.0 3.1171875
390.0 4.5390625
391.0 4.453125
392.0 4.203125
393.0 2.4921875
394.0 0.0
395.0 8.1953125
396.0 2.890625
397.0 4.7421875
398.0 4.421875
399.0 4.265625
400.0 4.828125
401.0 4.8984375
402.0 4.6015625
403.0 4.984375
404.0 5.109375
405.0 4.8671875
406.0 5.0390625
407.0 5.21875
408.0 4.6015625
409.0 4.1875
410.0 3.8046875
411.0 0.4921875
412.0 6.859375
413.0 2.5234375
414.0 1.53125
415.0 2.3125
416.0 4.484375
417.0 4.6640625
418.0 4.859375
419.0 4.9609375
420.0 4.796875
421.0 5.1015625
422.0 5.1875
423.0 4.7109375
424.0 0.96875
425.0 8.7421875
426.0 5.25
427.0 4.65625
428.0 4.9765625
429.0 3.6484375
430.0 6.953125
431.0 5.109375
432.0 5.1015625
433.0 4.8671875
434.0 4.7578125
435.0 4.9609375
436.0 5.28125
437.0 4.9921875
438.0 4.0234375
439.0 2.6875
440.0 4.28125
441.0 3.84375
442.0 5.109375
443.0 1.2578125
444.0 6.2578125
445.0 3.9140625
446.0 4.796875
447.0 4.8046875
448.0 4.84375
449.0 4.390625
450.0 3.84375
451.0 4.0703125
452.0 4.421875
453.0 2.8671875
454.0 3.7578125
455.0 4.53125
456.0 4.84375
457.0 4.453125
458.0 4.21875
459.0 4.9765625
460.0 4.6875
461.0 4.953125
462.0 4.828125
463.0 5.109375
464.0 5.1328125
465.0 2.3359375
466.0 7.734375
467.0 4.75
468.0 3.9375
469.0 4.484375
470.0 2.9921875
471.0 7.5390625
472.0 4.4296875
473.0 5.046875
474.0 4.65625
475.0 3.5234375
476.0 3.140625
477.0 3.328125
478.0 5.40625
479.0 5.5625
480.0 4.265625
481.0 5.0390625
482.0 4.921875
483.0 3.2265625
484.0 7.609375
485.0 5.421875
486.0 5.453125
487.0 5.234375
488.0 4.6328125
489.0 2.6953125
490.0 8.171875
491.0 5.78125
492.0 5.25
493.0 5.234375
494.0 4.453125
495.0 4.546875
496.0 4.03125
497.0 4.4140625
498.0 5.1875
499.0 4.609375
500.0 5.25
501.0 4.3828125
502.0 2.953125
503.0 5.9921875
504.0 4.3203125
505.0 4.546875
506.0 3.9375
507.0 3.734375
508.0 5.7109375
509.0 4.9765625
510.0 5.421875
511.0 5.375
512.0 4.75
513.0 4.953125
514.0 4.65625
515.0 3.21875
516.0 4.7265625
517.0 4.7109375
518.0 5.078125
519.0 5.0078125
520.0 4.796875
521.0 1.4765625
522.0 8.390625
523.0 4.9921875
524.0 3.4140625
525.0 5.9140625
526.0 5.078125
527.0 5.046875
528.0 4.890625
529.0 5.109375
530.0 4.6796875
531.0 4.78125
532.0 3.6953125
533.0 6.078125
534.0 3.0234375
535.0 3.84375
536.0 3.40625
537.0 3.5546875
538.0 4.0
539.0 3.0703125
540.0 4.0859375
541.0 5.6328125
542.0 5.53125
543.0 5.40625
544.0 5.4921875
545.0 5.453125
546.0 4.515625
547.0 4.8671875
548.0 4.6484375
549.0 6.4765625
550.0 3.140625
551.0 3.171875
552.0 3.375
553.0 6.265625
554.0 5.578125
555.0 5.0390625
556.0 6.1171875
557.0 5.703125
558.0 5.1875
559.0 4.9765625
560.0 5.25
561.0 5.6796875
562.0 5.375
563.0 6.09375
564.0 5.890625
565.0 5.9765625
566.0 4.4296875
567.0 0.96875
568.0 7.40625
569.0 4.125
570.0 5.2734375
571.0 5.4921875
572.0 5.3671875
573.0 6.078125
574.0 5.1640625
575.0 5.2265625
576.0 4.8359375
577.0 5.4921875
578.0 5.109375
579.0 4.21875
580.0 5.15625
581.0 5.109375
582.0 3.2578125
583.0 5.15625
584.0 5.8125
585.0 4.9609375
586.0 2.296875
587.0 0.0
588.0 8.046875
589.0 4.0234375
590.0 4.1796875
591.0 5.8203125
592.0 3.921875
593.0 6.359375
594.0 5.796875
595.0 6.125
596.0 5.3203125
597.0 4.8046875
598.0 5.3359375
599.0 5.84375
