0.0 9.84375
1.0 5.4375
2.0 5.9140625
3.0 6.125
4.0 5.1328125
5.0 6.078125
6.0 6.0390625
7.0 5.734375
8.0 6.0078125
9.0 3.0859375
10.0 7.5078125
11.0 6.296875
12.0 6.296875
13.0 6.1796875
14.0 4.9609375
15.0 5.2734375
16.0 5.4296875
17.0 5.8828125
18.0 5.53125
19.0 5.5
20.0 6.0390625
21.0 5.609375
22.0 6.1875
23.0 5.5234375
24.0 5.7578125
25.0 6.453125
26.0 5.84375
27.0 5.28125
28.0 6.6484375
29.0 3.5234375
30.0 7.78125
31.0 6.171875
32.0 6.125
33.0 6.1484375
34.0 5.34375
35.0 5.9375
36.0 6.2578125
37.0 6.109375
38.0 5.9140625
39.0 4.828125
40.0 6.0625
41.0 6.09375
42.0 5.9140625
43.0 4.3671875
44.0 6.6640625
45.0 5.875
46.0 6.078125
47.0 6.0390625
48.0 4.5390625
49.0 6.703125
50.0 5.3125
51.0 6.0
52.0 6.078125
53.0 5.75
54.0 4.7421875
55.0 6.109375
56.0 5.8203125
57.0 5.9296875
58.0 6.2265625
59.0 4.234375
60.0 5.421875
61.0 5.9296875
62.0 6.2109375
63.0 5.2578125
64.0 4.546875
65.0 5.671875
66.0 5.6015625
67.0 5.6953125
68.0 5.6796875
69.0 4.6640625
70.0 5.6640625
71.0 5.4609375
72.0 5.6640625
73.0 5.578125
74.0 2.390625
75.0 2.9375
76.0 3.34375
77.0 3.0
78.0 1.7578125
79.0 5.53125
80.0 5.734375
81.0 5.609375
82.0 5.84375
83.0 5.484375
84.0 3.5546875
85.0 6.75
86.0 4.5703125
87.0 5.7578125
88.0 5.6484375
89.0 4.4140625
90.0 5.3671875
91.0 5.9921875
92.0 5.6484375
93.0 5.5
94.0 3.921875
95.0 5.171875
96.0 5.2734375
97.0 4.28125
98.0 4.2421875
99.0 7.8125
100.0 6.421875
101.0 6.3359375
102.0 6.2578125
103.0 6.6484375
104.0 5.234375
105.0 5.9921875
106.0 5.875
107.0 4.8125
108.0 5.5
109.0 3.9140625
110.0 5.5859375
111.0 5.6484375
112.0 5.34375
113.0 4.8125
114.0 2.609375
115.0 4.2421875
116.0 5.84375
117.0 2.3359375
118.0 7.8203125
119.0 4.4296875
120.0 5.8828125
121.0 4.0078125
122.0 7.8125
123.0 4.9609375
124.0 5.28125
125.0 6.2734375
126.0 5.9140625
127.0 6.15625
128.0 5.5234375
129.0 3.1484375
130.0 5.21875
131.0 5.7265625
132.0 5.6640625
133.0 5.6171875
134.0 2.0703125
135.0 8.046875
136.0 4.9921875
137.0 4.3515625
138.0 5.046875
139.0 4.953125
140.0 5.84375
141.0 5.015625
142.0 4.46875
143.0 5.1015625
144.0 4.6953125
145.0 4.984375
146.0 5.1875
147.0 5.53125
148.0 5.1015625
149.0 3.0703125
150.0 7.21875
151.0 4.9765625
152.0 4.875
153.0 4.921875
154.0 4.8359375
155.0 5.4296875
156.0 4.828125
157.0 4.9296875
158.0 5.1015625
159.0 4.3828125
160.0 3.0234375
161.0 3.8828125
162.0 4.28125
163.0 3.640625
164.0 3.953125
165.0 2.671875
166.0 4.7109375
167.0 4.9453125
168.0 4.65625
169.0 4.5078125
170.0 5.2734375
171.0 5.171875
172.0 4.828125
173.0 3.7109375
174.0 2.5703125
175.0 3.3984375
176.0 4.3046875
177.0 4.859375
178.0 4.1328125
179.0 3.5234375
180.0 3.8828125
181.0 5.796875
182.0 5.3515625
183.0 5.1875
184.0 3.4453125
185.0 3.078125
186.0 3.9375
187.0 0.4375
188.0 6.0625
189.0 2.6015625
190.0 2.9296875
191.0 2.96875
192.0 3.4453125
193.0 2.921875
194.0 7.1953125
195.0 5.875
196.0 6.0390625
197.0 5.84375
198.0 6.078125
199.0 4.390625
200.0 6.03125
201.0 6.265625
202.0 5.6484375
203.0 5.046875
204.0 3.9375
205.0 4.8125
206.0 2.6015625
207.0 0.0
208.0 6.3203125
209.0 3.515625
210.0 3.4609375
211.0 3.5546875
212.0 5.6953125
213.0 5.5234375
214.0 5.1640625
215.0 1.59375
216.0 9.84375
217.0 5.53125
218.0 5.4375
219.0 4.0234375
220.0 4.0859375
221.0 4.875
222.0 5.546875
223.0 5.3046875
224.0 4.09375
225.0 4.5
226.0 4.6328125
227.0 5.078125
228.0 5.0078125
229.0 1.234375
230.0 7.1796875
231.0 4.578125
232.0 4.359375
233.0 4.875
234.0 5.2890625
235.0 5.078125
236.0 0.8203125
237.0 9.7578125
238.0 5.3984375
239.0 5.21875
240.0 6.453125
241.0 6.09375
242.0 6.0859375
243.0 5.765625
244.0 4.9609375
245.0 5.6796875
246.0 4.8984375
247.0 4.59375
248.0 4.5390625
249.0 3.53125
250.0 5.1875
251.0 5.0703125
252.0 5.375
253.0 5.578125
254.0 4.8359375
255.0 4.5
256.0 4.921875
257.0 4.7734375
258.0 4.0234375
259.0 0.0
260.0 7.78125
261.0 4.28125
262.0 4.5
263.0 4.03125
264.0 2.28125
265.0 5.875
266.0 5.140625
267.0 5.1875
268.0 3.640625
269.0 2.8984375
270.0 2.96875
271.0 3.859375
272.0 4.75
273.0 4.6640625
274.0 3.7265625
275.0 5.125
276.0 4.90625
277.0 5.125
278.0 4.390625
279.0 3.5546875
280.0 4.2734375
281.0 4.234375
282.0 4.1015625
283.0 4.0078125
284.0 2.65625
285.0 1.5
286.0 3.859375
287.0 3.515625
288.0 4.1875
289.0 3.7265625
290.0 4.796875
291.0 5.0078125
292.0 4.65625
293.0 4.9765625
294.0 4.0703125
295.0 4.5390625
296.0 4.46875
297.0 4.9296875
298.0 4.78125
299.0 3.703125
300.0 3.9453125
301.0 5.375
302.0 5.2265625
303.0 5.4609375
304.0 3.875
305.0 5.1015625
306.0 5.171875
307.0 4.84375
308.0 2.515625
309.0 2.34375
310.0 2.8203125
311.0 3.59375
312.0 4.0625
313.0 5.3046875
314.0 3.0859375
315.0 6.9140625
316.0 5.578125
317.0 5.734375
318.0 5.4375
319.0 3.65625
320.0 4.78125
321.0 5.375
322.0 5.2734375
323.0 5.0078125
324.0 3.2578125
325.0 4.7265625
326.0 5.453125
327.0 5.0234375
328.0 5.3515625
329.0 3.1953125
330.0 0.609375
331.0 9.6640625
332.0 5.609375
333.0 5.7265625
334.0 5.609375
335.0 6.2421875
336.0 4.1015625
337.0 1.5546875
338.0 7.9921875
339.0 5.21875
340.0 5.375
341.0 4.2109375
342.0 4.3828125
343.0 5.1640625
344.0 5.203125
345.0 4.9296875
346.0 3.4296875
347.0 3.0
348.0 3.1796875
349.0 4.46875
350.0 4.0859375
351.0 3.53125
352.0 1.65625
353.0 1.46875
354.0 2.9921875
355.0 4.328125
356.0 4.3515625
357.0 5.40625
358.0 5.3828125
359.0 5.34375
360.0 4.9296875
361.0 4.2734375
362.0 1.3515625
363.0 8.0625
364.0 5.1640625
365.0 5.375
366.0 5.2578125
367.0 5.4296875
368.0 5.4921875
369.0 2.84375
370.0 4.5
371.0 5.2890625
372.0 5.46875
373.0 5.2890625
374.0 4.3515625
375.0 4.625
376.0 5.2578125
377.0 5.203125
378.0 5.4375
379.0 3.3984375
380.0 4.0078125
381.0 5.5625
382.0 4.6015625
383.0 1.328125
384.0 0.0
385.0 0.2421875
386.0 6.953125
387.0 5.6640625
388.0 4.6953125
389.0 2.9921875
390.0 4.8125
391.0 6.109375
392.0 5.9453125
393.0 5.875
394.0 3.515625
395.0 0.2421875
396.0 10.046875
397.0 4.5625
398.0 6.1171875
399.0 3.7890625
400.0 5.734375
401.0 5.5546875
402.0 5.703125
403.0 5.25
404.0 4.125
405.0 5.859375
406.0 5.6171875
407.0 5.453125
408.0 5.6796875
409.0 4.25
410.0 4.7578125
411.0 5.2734375
412.0 5.0390625
413.0 5.7109375
414.0 4.890625
415.0 4.8125
416.0 3.0390625
417.0 6.125
418.0 5.875
419.0 4.9296875
420.0 5.484375
421.0 5.453125
422.0 6.2265625
423.0 5.375
424.0 3.828125
425.0 2.90625
426.0 6.2109375
427.0 5.9453125
428.0 1.296875
429.0 9.1484375
430.0 4.5703125
431.0 5.3359375
432.0 5.703125
433.0 5.5
434.0 0.8515625
435.0 8.890625
436.0 5.109375
437.0 4.1328125
438.0 1.953125
439.0 6.7734375
440.0 5.2578125
441.0 5.53125
442.0 5.75
443.0 5.34375
444.0 4.6875
445.0 5.25
446.0 5.3515625
447.0 5.0546875
448.0 4.921875
449.0 4.390625
450.0 5.2890625
451.0 5.0546875
452.0 0.5234375
453.0 7.09375
454.0 2.4140625
455.0 1.640625
456.0 2.3671875
457.0 4.2421875
458.0 5.453125
459.0 3.0390625
460.0 0.359375
461.0 7.34375
462.0 2.7578125
463.0 2.984375
464.0 2.5390625
465.0 3.0546875
466.0 4.578125
467.0 5.21875
468.0 5.5234375
469.0 4.25
470.0 5.046875
471.0 5.375
472.0 5.640625
473.0 5.9140625
474.0 1.9375
475.0 8.2265625
476.0 4.90625
477.0 5.15625
478.0 5.3671875
479.0 4.1328125
480.0 6.4375
481.0 6.203125
482.0 6.15625
483.0 6.2421875
484.0 5.375
485.0 6.0859375
486.0 6.078125
487.0 5.78125
488.0 5.453125
489.0 5.203125
490.0 5.78125
491.0 6.0859375
492.0 3.3984375
493.0 6.9296875
494.0 3.875
495.0 5.0546875
496.0 6.171875
497.0 6.46875
498.0 6.5390625
499.0 5.3359375
500.0 5.78125
501.0 5.796875
502.0 6.1171875
503.0 5.859375
504.0 4.9765625
505.0 5.7109375
506.0 5.859375
507.0 6.15625
508.0 4.3515625
509.0 4.5
510.0 7.2109375
511.0 5.7578125
512.0 5.75
513.0 5.703125
514.0 4.78125
515.0 4.65625
516.0 5.453125
517.0 5.7265625
518.0 5.703125
519.0 5.0078125
520.0 5.734375
521.0 5.5234375
522.0 5.21875
523.0 5.828125
524.0 3.6796875
525.0 6.46875
526.0 5.5859375
527.0 5.8125
528.0 5.515625
529.0 0.0
530.0 10.796875
531.0 5.5625
532.0 6.3671875
533.0 5.53125
534.0 3.59375
535.0 5.46875
536.0 4.6484375
537.0 5.078125
538.0 4.9921875
539.0 3.5546875
540.0 5.140625
541.0 5.078125
542.0 5.0078125
543.0 5.171875
544.0 4.5390625
545.0 5.6015625
546.0 5.8828125
547.0 5.7890625
548.0 5.3359375
549.0 3.875
550.0 6.78125
551.0 5.609375
552.0 5.5859375
553.0 5.203125
554.0 4.46875
555.0 0.8828125
556.0 9.4453125
557.0 5.78125
558.0 5.8125
559.0 4.6015625
560.0 5.015625
561.0 5.4375
562.0 4.7109375
563.0 4.625
564.0 4.15625
565.0 5.3671875
566.0 5.6015625
567.0 4.5
568.0 3.1640625
569.0 4.7109375
570.0 5.4609375
571.0 5.4921875
572.0 5.3515625
573.0 4.0625
574.0 0.0
575.0 8.09375
576.0 5.703125
577.0 5.8125
578.0 5.859375
579.0 5.1328125
580.0 5.5859375
581.0 4.6796875
582.0 6.40625
583.0 5.4609375
584.0 4.6796875
585.0 5.4921875
586.0 5.3046875
587.0 5.3359375
588.0 5.8828125
589.0 4.7421875
590.0 4.796875
591.0 5.859375
592.0 4.46875
593.0 5.1328125
594.0 4.5078125
595.0 4.5703125
596.0 5.3515625
597.0 4.984375
598.0 5.171875
599.0 4.4453125
