0.0 5.765625
1.0 6.4140625
2.0 6.2734375
3.0 6.46875
4.0 6.078125
5.0 5.9921875
6.0 5.75
7.0 5.8125
8.0 6.234375
9.0 6.03125
10.0 5.9921875
11.0 6.484375
12.0 6.515625
13.0 6.0234375
14.0 5.7578125
15.0 6.15625
16.0 6.125
17.0 6.8359375
18.0 5.703125
19.0 6.9296875
20.0 6.5703125
21.0 5.90625
22.0 5.875
23.0 6.09375
24.0 6.390625
25.0 5.828125
26.0 6.5703125
27.0 6.03125
28.0 5.7890625
29.0 6.2734375
30.0 6.5390625
31.0 0.8125
32.0 11.71875
33.0 6.125
34.0 6.265625
35.0 5.84375
36.0 5.7890625
37.0 6.09375
38.0 6.2890625
39.0 4.1328125
40.0 8.0625
41.0 6.0859375
42.0 6.0078125
43.0 5.8203125
44.0 4.4453125
45.0 6.296875
46.0 5.125
47.0 6.03125
48.0 6.09375
49.0 6.125
50.0 5.9921875
51.0 6.1171875
52.0 6.4375
53.0 6.6328125
54.0 6.765625
55.0 6.0
56.0 4.953125
57.0 6.2734375
58.0 6.2578125
59.0 6.5625
60.0 6.453125
61.0 6.625
62.0 6.0
63.0 4.7578125
64.0 5.484375
65.0 6.4140625
66.0 6.2265625
67.0 6.5
68.0 5.1953125
69.0 5.96875
70.0 6.453125
71.0 6.421875
72.0 4.359375
73.0 7.8203125
74.0 6.3203125
75.0 6.125
76.0 6.421875
77.0 5.375
78.0 6.40625
79.0 6.1484375
80.0 5.828125
81.0 6.53125
82.0 5.1015625
83.0 6.765625
84.0 6.15625
85.0 5.546875
86.0 6.09375
87.0 5.3359375
88.0 6.0625
89.0 5.6640625
90.0 5.578125
91.0 4.953125
92.0 5.5625
93.0 6.1875
94.0 6.0234375
95.0 5.9296875
96.0 5.5546875
97.0 3.109375
98.0 9.09375
99.0 5.8203125
100.0 6.53125
101.0 5.6953125
102.0 6.765625
103.0 6.3359375
104.0 6.4375
105.0 5.9765625
106.0 6.2578125
107.0 6.4140625
108.0 6.7109375
109.0 6.1875
110.0 6.421875
111.0 6.53125
112.0 5.6796875
113.0 6.5
114.0 6.1875
115.0 1.59375
116.0 11.1796875
117.0 5.4375
118.0 6.0078125
119.0 5.3125
120.0 7.28125
121.0 5.890625
122.0 4.328125
123.0 7.5390625
124.0 5.6484375
125.0 5.546875
126.0 4.5078125
127.0 5.9765625
128.0 6.0859375
129.0 5.6796875
130.0 5.6328125
131.0 5.5234375
132.0 6.5
133.0 5.96875
134.0 5.8125
135.0 6.078125
136.0 6.234375
137.0 6.3203125
138.0 6.5703125
139.0 6.6171875
140.0 6.484375
141.0 6.2421875
142.0 6.4375
143.0 6.6171875
144.0 5.609375
145.0 6.0390625
146.0 6.40625
147.0 5.9375
148.0 6.390625
149.0 6.3671875
150.0 6.03125
151.0 6.1171875
152.0 6.3359375
153.0 6.3515625
154.0 5.9453125
155.0 2.265625
156.0 8.8671875
157.0 6.2578125
158.0 5.7578125
159.0 3.5546875
160.0 8.5625
161.0 5.8828125
162.0 5.96875
163.0 6.234375
164.0 5.875
165.0 5.78125
166.0 6.359375
167.0 6.0859375
168.0 6.1171875
169.0 6.1484375
170.0 6.0234375
171.0 6.0390625
172.0 3.59375
173.0 7.28125
174.0 5.171875
175.0 5.9140625
176.0 6.2578125
177.0 6.625
178.0 5.0078125
179.0 7.1796875
180.0 4.6640625
181.0 6.6875
182.0 5.109375
183.0 5.5625
184.0 5.34375
185.0 6.1875
186.0 5.34375
187.0 6.2734375
188.0 4.7578125
189.0 5.375
190.0 6.140625
191.0 6.1796875
192.0 5.53125
193.0 5.8828125
194.0 5.5859375
195.0 4.4765625
196.0 4.7265625
197.0 6.4375
198.0 5.6640625
199.0 5.96875
200.0 4.9453125
201.0 6.5546875
202.0 6.1484375
203.0 5.84375
204.0 5.578125
205.0 5.1015625
206.0 5.6953125
207.0 6.1171875
208.0 6.5
209.0 6.453125
210.0 5.9296875
211.0 6.09375
212.0 2.3125
213.0 10.1015625
214.0 6.2421875
215.0 5.859375
216.0 5.9609375
217.0 6.2421875
218.0 5.828125
219.0 6.3203125
220.0 6.421875
221.0 5.890625
222.0 5.421875
223.0 3.8828125
224.0 7.8515625
225.0 6.2578125
226.0 5.9609375
227.0 6.078125
228.0 5.578125
229.0 5.25
230.0 6.296875
231.0 6.0546875
232.0 6.109375
233.0 5.9609375
234.0 6.3046875
235.0 6.09375
236.0 5.8125
237.0 5.8125
238.0 6.171875
239.0 5.421875
240.0 5.9921875
241.0 5.84375
242.0 6.0859375
243.0 4.3515625
244.0 8.3125
245.0 6.125
246.0 5.9921875
247.0 6.453125
248.0 5.3125
249.0 7.8359375
250.0 4.875
251.0 4.6484375
252.0 5.484375
253.0 6.0234375
254.0 6.3359375
255.0 5.9609375
256.0 5.6484375
257.0 5.3984375
258.0 5.484375
259.0 5.4375
260.0 6.4765625
261.0 6.03125
262.0 5.9296875
263.0 3.8046875
264.0 9.1875
265.0 6.140625
266.0 6.1484375
267.0 3.265625
268.0 9.6640625
269.0 6.421875
270.0 6.0078125
271.0 6.7421875
272.0 6.296875
273.0 6.484375
274.0 4.9296875
275.0 7.2109375
276.0 5.671875
277.0 6.265625
278.0 6.109375
279.0 6.1484375
280.0 6.7421875
281.0 6.125
282.0 5.6640625
283.0 5.5625
284.0 4.546875
285.0 7.2734375
286.0 5.9296875
287.0 6.140625
288.0 6.1875
289.0 5.6015625
290.0 4.8984375
291.0 6.1875
292.0 5.7109375
293.0 6.125
294.0 4.578125
295.0 6.484375
296.0 4.3203125
297.0 4.65625
298.0 5.609375
299.0 4.3046875
300.0 5.5
301.0 5.3203125
302.0 4.484375
303.0 6.6171875
304.0 3.734375
305.0 6.8828125
306.0 4.609375
307.0 4.8359375
308.0 5.171875
309.0 4.7578125
310.0 5.4375
311.0 5.2734375
312.0 4.5703125
313.0 4.8671875
314.0 5.375
315.0 5.9140625
316.0 6.0546875
317.0 6.1796875
318.0 5.609375
319.0 4.609375
320.0 7.390625
321.0 6.4375
322.0 5.9453125
323.0 5.34375
324.0 6.9921875
325.0 5.7890625
326.0 5.84375
327.0 5.84375
328.0 4.9765625
329.0 7.9296875
330.0 5.578125
331.0 6.203125
332.0 6.2109375
333.0 5.7578125
334.0 6.109375
335.0 4.875
336.0 5.3203125
337.0 5.5859375
338.0 6.40625
339.0 6.140625
340.0 5.046875
341.0 7.25
342.0 5.9921875
343.0 6.078125
344.0 5.9453125
345.0 6.421875
346.0 6.359375
347.0 6.2734375
348.0 6.0
349.0 5.875
350.0 6.625
351.0 5.828125
352.0 6.2578125
353.0 6.3359375
354.0 5.6953125
355.0 5.9453125
356.0 5.6328125
357.0 6.0546875
358.0 6.2890625
359.0 5.75
360.0 4.5703125
361.0 8.0
362.0 6.171875
363.0 5.859375
364.0 6.4375
365.0 6.296875
366.0 6.0390625
367.0 3.5
368.0 9.75
369.0 5.46875
370.0 6.125
371.0 6.03125
372.0 6.2265625
373.0 6.5546875
374.0 6.0625
375.0 6.2109375
376.0 5.9921875
377.0 5.9609375
378.0 5.9609375
379.0 5.765625
380.0 3.296875
381.0 9.84375
382.0 5.3125
383.0 5.90625
384.0 5.5234375
385.0 6.6015625
386.0 6.1875
387.0 6.0390625
388.0 6.328125
389.0 6.125
390.0 6.15625
391.0 6.0625
392.0 5.890625
393.0 6.0390625
394.0 6.15625
395.0 6.4140625
396.0 6.0
397.0 2.1015625
398.0 10.0546875
399.0 5.875
400.0 4.6796875
401.0 7.6015625
402.0 5.90625
403.0 6.078125
404.0 5.9453125
405.0 5.234375
406.0 5.9453125
407.0 5.640625
408.0 4.1484375
409.0 6.2421875
410.0 5.3046875
411.0 6.2734375
412.0 5.9921875
413.0 5.9140625
414.0 6.3515625
415.0 6.171875
416.0 5.375
417.0 6.0390625
418.0 5.421875
419.0 5.2734375
420.0 5.3046875
421.0 5.0703125
422.0 5.3203125
423.0 4.71875
424.0 5.21875
425.0 5.84375
426.0 5.9296875
427.0 6.125
428.0 5.828125
429.0 5.7578125
430.0 1.703125
431.0 10.2890625
432.0 6.1171875
433.0 6.2421875
434.0 5.515625
435.0 6.390625
436.0 6.296875
437.0 6.2421875
438.0 5.9375
439.0 6.2734375
440.0 5.15625
441.0 7.40625
442.0 4.328125
443.0 7.421875
444.0 5.546875
445.0 5.9453125
446.0 5.9296875
447.0 5.7578125
448.0 5.5
449.0 5.78125
450.0 5.90625
451.0 5.8515625
452.0 5.734375
453.0 6.328125
454.0 6.109375
455.0 6.0078125
456.0 6.3203125
457.0 5.171875
458.0 3.0
459.0 9.4453125
460.0 2.8203125
461.0 8.4375
462.0 5.0390625
463.0 7.0625
464.0 5.5625
465.0 5.9296875
466.0 5.9375
467.0 6.0
468.0 5.3828125
469.0 6.453125
470.0 5.5859375
471.0 6.265625
472.0 6.75
473.0 5.546875
474.0 5.8125
475.0 5.6640625
476.0 4.0703125
477.0 5.6953125
478.0 7.9296875
479.0 5.2578125
480.0 6.359375
481.0 6.1875
482.0 5.9140625
483.0 6.2265625
484.0 5.7265625
485.0 5.9375
486.0 6.6328125
487.0 6.09375
488.0 6.078125
489.0 6.15625
490.0 6.625
491.0 3.46875
492.0 8.3125
493.0 5.75
494.0 6.03125
495.0 5.9921875
496.0 6.0625
497.0 6.6328125
498.0 5.53125
499.0 6.390625
500.0 6.8046875
501.0 5.4609375
502.0 6.171875
503.0 5.859375
504.0 6.2265625
505.0 6.140625
506.0 6.1875
507.0 6.09375
508.0 6.4765625
509.0 6.2578125
510.0 2.75
511.0 10.53125
512.0 6.1796875
513.0 6.3671875
514.0 6.4140625
515.0 6.0078125
516.0 6.6640625
517.0 6.2734375
518.0 5.7109375
519.0 6.328125
520.0 5.6640625
521.0 7.2578125
522.0 5.7578125
523.0 6.0390625
524.0 5.8828125
525.0 6.4375
526.0 6.0859375
527.0 6.125
528.0 6.2421875
529.0 6.5390625
530.0 6.109375
531.0 5.6796875
532.0 5.46875
533.0 6.3515625
534.0 4.3359375
535.0 8.1953125
536.0 5.1328125
537.0 7.1796875
538.0 5.6015625
539.0 6.6875
540.0 5.8828125
541.0 6.359375
542.0 5.90625
543.0 5.7578125
544.0 6.125
545.0 6.0859375
546.0 5.765625
547.0 5.7265625
548.0 5.375
549.0 6.828125
550.0 4.4296875
551.0 7.140625
552.0 4.484375
553.0 5.8828125
554.0 3.0390625
555.0 1.7421875
556.0 4.1484375
557.0 5.3046875
558.0 5.5234375
559.0 5.8828125
560.0 4.5390625
561.0 6.15625
562.0 5.671875
563.0 5.4296875
564.0 5.7890625
565.0 6.2421875
566.0 5.015625
567.0 7.0390625
568.0 5.765625
569.0 6.2734375
570.0 6.421875
571.0 6.75
572.0 5.140625
573.0 6.921875
574.0 6.1171875
575.0 5.96875
576.0 6.1171875
577.0 6.0234375
578.0 6.1796875
579.0 6.390625
580.0 6.2734375
581.0 6.03125
582.0 5.890625
583.0 6.46875
584.0 6.3828125
585.0 5.6953125
586.0 1.640625
587.0 10.40625
588.0 6.0390625
589.0 6.0859375
590.0 5.90625
591.0 3.2890625
592.0 9.3984375
593.0 5.75
594.0 5.8203125
595.0 6.4375
596.0 6.078125
597.0 6.5078125
598.0 6.078125
599.0 6.0078125
