0.0 4.390625
1.0 6.078125
2.0 4.890625
3.0 4.9765625
4.0 4.0546875
5.0 4.5625
6.0 3.3671875
7.0 3.0
8.0 4.2734375
9.0 4.5703125
10.0 4.234375
11.0 2.921875
12.0 2.8203125
13.0 0.0
14.0 6.390625
15.0 2.6640625
16.0 2.984375
17.0 3.25
18.0 3.265625
19.0 0.421875
20.0 7.5234375
21.0 4.21875
22.0 4.484375
23.0 4.390625
24.0 5.0234375
25.0 4.8984375
26.0 4.6953125
27.0 4.9296875
28.0 4.4140625
29.0 4.7734375
30.0 4.578125
31.0 4.7578125
32.0 4.1015625
33.0 4.296875
34.0 4.953125
35.0 4.921875
36.0 5.1875
37.0 5.140625
38.0 4.578125
39.0 4.75
40.0 4.75
41.0 4.2421875
42.0 3.7421875
43.0 0.140625
44.0 8.921875
45.0 4.9453125
46.0 4.875
47.0 4.9765625
48.0 4.9296875
49.0 4.6328125
50.0 3.7265625
51.0 4.984375
52.0 4.390625
53.0 3.9765625
54.0 4.625
55.0 4.171875
56.0 4.5625
57.0 4.59375
58.0 4.796875
59.0 4.7109375
60.0 4.7109375
61.0 3.25
62.0 3.2578125
63.0 2.875
64.0 0.328125
65.0 0.0
66.0 5.5234375
67.0 0.8046875
68.0 1.3203125
69.0 0.0
70.0 2.0
71.0 2.1328125
72.0 2.015625
73.0 2.5703125
74.0 2.5703125
75.0 2.8671875
76.0 4.515625
77.0 4.0859375
78.0 2.75
79.0 1.6875
80.0 0.0
81.0 6.3203125
82.0 2.4609375
83.0 2.3984375
84.0 2.28125
85.0 0.1796875
86.0 5.4296875
87.0 3.203125
88.0 2.7265625
89.0 2.6875
90.0 3.640625
91.0 5.2890625
92.0 5.21875
93.0 4.796875
94.0 4.2734375
95.0 4.8671875
96.0 3.875
97.0 4.0625
98.0 0.578125
99.0 8.5390625
100.0 4.125
101.0 4.796875
102.0 4.9296875
103.0 5.453125
104.0 5.5625
105.0 4.90625
106.0 4.09375
107.0 1.3828125
108.0 8.6796875
109.0 5.53125
110.0 4.953125
111.0 4.828125
112.0 4.890625
113.0 5.1875
114.0 4.359375
115.0 5.1875
116.0 5.9609375
117.0 6.15625
118.0 6.03125
119.0 6.0625
120.0 6.9296875
121.0 1.0859375
122.0 11.5703125
123.0 6.03125
124.0 2.515625
125.0 9.703125
126.0 5.6328125
127.0 5.2578125
128.0 5.3984375
129.0 4.796875
130.0 4.8125
131.0 4.921875
132.0 5.3671875
133.0 5.3359375
134.0 5.2890625
135.0 5.484375
136.0 5.9140625
137.0 3.3671875
138.0 7.46875
139.0 5.484375
140.0 5.1953125
141.0 5.1953125
142.0 2.0
143.0 8.2421875
144.0 5.546875
145.0 4.6875
146.0 5.0546875
147.0 4.9296875
148.0 5.3125
149.0 4.8046875
150.0 4.859375
151.0 4.6640625
152.0 5.234375
153.0 5.5
154.0 5.46875
155.0 5.7265625
156.0 5.9140625
157.0 6.140625
158.0 6.140625
159.0 5.5546875
160.0 5.40625
161.0 1.9375
162.0 9.3046875
163.0 5.5546875
164.0 5.421875
165.0 5.2890625
166.0 6.0
167.0 6.5625
168.0 6.953125
169.0 6.7734375
170.0 6.984375
171.0 5.78125
172.0 2.78125
173.0 9.6328125
174.0 5.8203125
175.0 6.8984375
176.0 5.640625
177.0 6.15625
178.0 6.1796875
179.0 5.7890625
180.0 5.75
181.0 6.078125
182.0 6.1484375
183.0 6.171875
184.0 6.2890625
185.0 6.5078125
186.0 5.5859375
187.0 2.390625
188.0 8.1953125
189.0 5.234375
190.0 5.34375
191.0 6.125
192.0 6.265625
193.0 5.78125
194.0 3.9921875
195.0 2.7890625
196.0 0.0
197.0 5.1640625
198.0 3.6796875
199.0 6.765625
200.0 4.625
201.0 2.9375
202.0 3.765625
203.0 5.8203125
204.0 6.1171875
205.0 6.9609375
206.0 6.515625
207.0 5.90625
208.0 1.734375
209.0 10.53125
210.0 6.53125
211.0 6.6484375
212.0 6.53125
213.0 7.15625
214.0 6.890625
215.0 6.8984375
216.0 6.8359375
217.0 7.6953125
218.0 7.359375
219.0 6.8828125
220.0 6.734375
221.0 6.9453125
222.0 4.7578125
223.0 2.4609375
224.0 0.0
225.0 0.0
226.0 6.0234375
227.0 5.375
228.0 7.125
229.0 7.3203125
230.0 7.28125
231.0 6.9296875
232.0 6.8828125
233.0 7.1015625
234.0 6.953125
235.0 6.9921875
236.0 7.046875
237.0 2.5625
238.0 11.5625
239.0 6.6640625
240.0 6.2421875
241.0 0.28125
242.0 9.15625
243.0 6.421875
244.0 6.484375
245.0 6.09375
246.0 6.2890625
247.0 5.5546875
248.0 6.078125
249.0 6.40625
250.0 6.3828125
251.0 6.765625
252.0 6.5
253.0 7.3984375
254.0 5.703125
255.0 7.6875
256.0 6.734375
257.0 6.2578125
258.0 7.0078125
259.0 6.78125
260.0 6.71875
261.0 6.921875
262.0 6.4453125
263.0 6.7421875
264.0 6.40625
265.0 5.5546875
266.0 5.34375
267.0 5.828125
268.0 6.6015625
269.0 6.2890625
270.0 6.390625
271.0 5.9296875
272.0 6.265625
273.0 6.234375
274.0 6.15625
275.0 6.71875
276.0 4.15625
277.0 1.390625
278.0 5.5234375
279.0 5.609375
280.0 6.359375
281.0 6.2578125
282.0 6.203125
283.0 6.109375
284.0 5.4296875
285.0 6.8828125
286.0 6.3359375
287.0 5.90625
288.0 4.78125
289.0 3.4140625
290.0 5.0859375
291.0 5.6171875
292.0 6.1171875
293.0 4.984375
294.0 3.28125
295.0 2.875
296.0 7.75
297.0 5.4609375
298.0 4.984375
299.0 5.6171875
300.0 5.046875
301.0 2.71875
302.0 7.9609375
303.0 4.921875
304.0 4.8359375
305.0 5.609375
306.0 5.421875
307.0 5.203125
308.0 5.0078125
309.0 4.8046875
310.0 5.3046875
311.0 4.53125
312.0 3.796875
313.0 4.75
314.0 4.5078125
315.0 5.140625
316.0 5.53125
317.0 5.453125
318.0 5.0234375
319.0 5.5625
320.0 4.8359375
321.0 5.2578125
322.0 4.46875
323.0 4.515625
324.0 3.3828125
325.0 5.0703125
326.0 5.3984375
327.0 4.3359375
328.0 5.5859375
329.0 5.6640625
330.0 2.015625
331.0 10.1328125
332.0 4.90625
333.0 6.1796875
334.0 6.3046875
335.0 6.2109375
336.0 1.6875
337.0 10.875
338.0 5.8125
339.0 6.3671875
340.0 6.328125
341.0 5.1328125
342.0 5.15625
343.0 5.203125
344.0 5.125
345.0 4.1484375
346.0 1.8828125
347.0 5.9375
348.0 4.515625
349.0 4.1015625
350.0 4.953125
351.0 4.5078125
352.0 4.7109375
353.0 5.859375
354.0 5.234375
355.0 5.9140625
356.0 5.421875
357.0 6.0859375
358.0 6.2109375
359.0 6.296875
360.0 6.2890625
361.0 5.8203125
362.0 4.7265625
363.0 0.8984375
364.0 8.1328125
365.0 5.703125
366.0 5.3515625
367.0 5.3515625
368.0 3.265625
369.0 7.5390625
370.0 4.6796875
371.0 5.5859375
372.0 5.0546875
373.0 3.34375
374.0 4.796875
375.0 5.078125
376.0 4.84375
377.0 5.46875
378.0 5.6171875
379.0 5.453125
380.0 3.703125
381.0 4.390625
382.0 7.078125
383.0 5.578125
384.0 5.203125
385.0 4.0390625
386.0 0.703125
387.0 9.9296875
388.0 4.5078125
389.0 5.1875
390.0 5.171875
391.0 5.15625
392.0 4.8046875
393.0 4.75
394.0 5.8125
395.0 4.3515625
396.0 6.2734375
397.0 5.5546875
398.0 6.0546875
399.0 5.46875
400.0 6.2421875
401.0 5.78125
402.0 6.109375
403.0 5.3203125
404.0 2.6328125
405.0 7.2109375
406.0 5.609375
407.0 5.515625
408.0 5.6796875
409.0 6.0546875
410.0 5.8828125
411.0 5.9375
412.0 6.2109375
413.0 4.875
414.0 4.6484375
415.0 4.9921875
416.0 4.3828125
417.0 5.3984375
418.0 5.6015625
419.0 4.71875
420.0 5.0546875
421.0 5.9609375
422.0 5.7578125
423.0 5.9296875
424.0 5.78125
425.0 6.109375
426.0 5.9765625
427.0 6.0546875
428.0 5.734375
429.0 5.609375
430.0 5.484375
431.0 5.75
432.0 6.1171875
433.0 5.234375
434.0 4.9453125
435.0 5.421875
436.0 5.7265625
437.0 5.9140625
438.0 5.046875
439.0 5.4921875
440.0 5.28125
441.0 5.765625
442.0 5.2734375
443.0 5.0234375
444.0 6.0234375
445.0 5.546875
446.0 5.875
447.0 5.5234375
448.0 6.15625
449.0 6.3359375
450.0 6.6640625
451.0 6.1171875
452.0 5.609375
453.0 6.140625
454.0 6.0078125
455.0 1.2421875
456.0 10.21875
457.0 6.265625
458.0 5.3125
459.0 0.609375
460.0 9.59375
461.0 4.7421875
462.0 5.0390625
463.0 5.90625
464.0 6.15625
465.0 5.90625
466.0 5.453125
467.0 5.046875
468.0 4.9296875
469.0 5.375
470.0 6.140625
471.0 5.6171875
472.0 5.484375
473.0 1.109375
474.0 9.671875
475.0 4.6328125
476.0 4.4296875
477.0 1.2578125
478.0 8.2265625
479.0 5.125
480.0 5.3984375
481.0 4.9453125
482.0 4.609375
483.0 4.921875
484.0 5.2578125
485.0 5.015625
486.0 5.0078125
487.0 4.7109375
488.0 4.5625
489.0 5.0703125
490.0 3.3203125
491.0 6.828125
492.0 5.40625
493.0 5.4296875
494.0 2.1484375
495.0 8.234375
496.0 4.953125
497.0 5.0234375
498.0 5.0078125
499.0 5.0234375
500.0 4.8984375
501.0 4.453125
502.0 3.734375
503.0 3.8046875
504.0 4.0234375
505.0 4.796875
506.0 5.171875
507.0 4.0625
508.0 5.859375
509.0 4.84375
510.0 4.5
511.0 4.625
512.0 4.453125
513.0 1.7734375
514.0 8.4453125
515.0 4.9765625
516.0 4.5703125
517.0 5.1328125
518.0 2.9375
519.0 6.2421875
520.0 4.609375
521.0 5.109375
522.0 4.6796875
523.0 3.609375
524.0 3.3203125
525.0 4.1875
526.0 4.984375
527.0 4.8984375
528.0 4.4296875
529.0 4.4296875
530.0 4.6484375
531.0 4.828125
532.0 1.4921875
533.0 9.9375
534.0 5.3125
535.0 5.4375
536.0 5.484375
537.0 5.1328125
538.0 5.0390625
539.0 5.21875
540.0 5.0078125
541.0 4.6640625
542.0 5.484375
543.0 5.3125
544.0 5.21875
545.0 5.3203125
546.0 4.578125
547.0 4.7265625
548.0 4.53125
549.0 4.609375
550.0 3.65625
551.0 0.390625
552.0 5.015625
553.0 3.34375
554.0 3.375
555.0 2.7734375
556.0 4.0390625
557.0 3.953125
558.0 0.6171875
559.0 7.2734375
560.0 3.1953125
561.0 3.96875
562.0 4.3046875
563.0 3.875
564.0 4.5
565.0 5.1015625
566.0 4.59375
567.0 4.578125
568.0 4.7421875
569.0 4.2734375
570.0 4.6796875
571.0 1.625
572.0 7.7265625
573.0 3.3671875
574.0 2.625
575.0 4.59375
576.0 5.3359375
577.0 1.5703125
578.0 8.5859375
579.0 4.8125
580.0 5.1640625
581.0 5.90625
582.0 6.09375
583.0 6.2421875
584.0 6.5859375
585.0 5.9609375
586.0 5.078125
587.0 4.90625
588.0 3.5625
589.0 3.21875
590.0 3.0703125
591.0 2.8671875
592.0 3.8828125
593.0 3.3203125
594.0 3.8828125
595.0 1.1171875
596.0 6.796875
597.0 4.4296875
598.0 2.6640625
599.0 0.9375
