0.0 5.125
1.0 5.2578125
2.0 5.9609375
3.0 6.0234375
4.0 5.8515625
5.0 5.9375
6.0 5.3671875
7.0 4.78125
8.0 2.7421875
9.0 8.0625
10.0 5.6640625
11.0 6.1484375
12.0 6.6015625
13.0 6.140625
14.0 5.7578125
15.0 6.140625
16.0 6.1875
17.0 6.2578125
18.0 6.5703125
19.0 5.78125
20.0 5.7109375
21.0 6.2734375
22.0 6.3359375
23.0 5.5
24.0 2.0703125
25.0 0.0
26.0 5.6328125
27.0 1.46875
28.0 1.8203125
29.0 5.3046875
30.0 5.4375
31.0 5.1875
32.0 2.25
33.0 1.734375
34.0 0.0
35.0 6.0
36.0 2.5234375
37.0 3.25
38.0 3.578125
39.0 2.03125
40.0 1.984375
41.0 2.3359375
42.0 1.609375
43.0 0.0
44.0 6.9609375
45.0 2.625
46.0 3.4453125
47.0 5.0078125
48.0 5.90625
49.0 4.4140625
50.0 6.3203125
51.0 6.2265625
52.0 5.3046875
53.0 7.28125
54.0 5.2734375
55.0 6.390625
56.0 5.9765625
57.0 5.75
58.0 5.828125
59.0 6.0
60.0 5.4296875
61.0 7.3203125
62.0 6.09375
63.0 5.84375
64.0 6.2109375
65.0 5.8125
66.0 5.6640625
67.0 6.0546875
68.0 5.46875
69.0 6.921875
70.0 5.9140625
71.0 5.8515625
72.0 5.5859375
73.0 5.796875
74.0 5.765625
75.0 5.3125
76.0 4.3359375
77.0 2.71875
78.0 2.8359375
79.0 2.7421875
80.0 1.5703125
81.0 1.0234375
82.0 5.6484375
83.0 5.703125
84.0 5.0859375
85.0 3.0546875
86.0 3.203125
87.0 4.7734375
88.0 5.3828125
89.0 5.640625
90.0 5.5
91.0 4.53125
92.0 2.96875
93.0 0.0
94.0 9.1171875
95.0 3.3203125
96.0 5.40625
97.0 6.328125
98.0 4.1328125
99.0 7.65625
100.0 6.6875
101.0 6.140625
102.0 6.703125
103.0 6.6796875
104.0 6.5390625
105.0 6.3828125
106.0 5.5234375
107.0 3.1484375
108.0 3.625
109.0 5.0703125
110.0 1.9375
111.0 6.09375
112.0 5.7890625
113.0 5.421875
114.0 4.0390625
115.0 3.96875
116.0 4.5078125
117.0 4.3828125
118.0 5.8515625
119.0 4.90625
120.0 5.4375
121.0 4.953125
122.0 5.4609375
123.0 5.0390625
124.0 5.515625
125.0 5.6796875
126.0 5.8125
127.0 5.609375
128.0 5.3359375
129.0 4.984375
130.0 1.3515625
131.0 8.140625
132.0 5.5
133.0 5.484375
134.0 5.4375
135.0 5.4375
136.0 4.6875
137.0 0.3671875
138.0 9.703125
139.0 2.6953125
140.0 2.96875
141.0 5.109375
142.0 4.9609375
143.0 5.375
144.0 2.0390625
145.0 4.1015625
146.0 4.8125
147.0 6.078125
148.0 4.953125
149.0 4.6875
150.0 4.21875
151.0 3.7421875
152.0 4.59375
153.0 6.453125
154.0 6.3828125
155.0 5.875
156.0 5.9375
157.0 4.78125
158.0 5.515625
159.0 5.421875
160.0 5.78125
161.0 5.484375
162.0 5.078125
163.0 6.0
164.0 5.546875
165.0 2.3671875
166.0 8.5234375
167.0 5.9765625
168.0 6.1484375
169.0 5.828125
170.0 5.6953125
171.0 5.671875
172.0 5.5859375
173.0 5.6796875
174.0 6.171875
175.0 6.0625
176.0 6.2109375
177.0 6.2734375
178.0 4.5625
179.0 7.703125
180.0 5.796875
181.0 5.9140625
182.0 6.0390625
183.0 6.109375
184.0 6.0078125
185.0 5.6796875
186.0 3.3203125
187.0 8.4375
188.0 5.5546875
189.0 6.03125
190.0 6.2109375
191.0 6.3515625
192.0 6.3515625
193.0 5.6640625
194.0 3.6796875
195.0 7.25
196.0 5.9765625
197.0 6.0234375
198.0 5.9609375
199.0 6.453125
200.0 6.40625
201.0 6.234375
202.0 6.40625
203.0 6.5078125
204.0 5.90625
205.0 6.0
206.0 5.90625
207.0 5.9921875
208.0 6.125
209.0 1.703125
210.0 8.3203125
211.0 3.4921875
212.0 3.2578125
213.0 1.46875
214.0 4.9609375
215.0 3.3828125
216.0 3.640625
217.0 1.8203125
218.0 5.0234375
219.0 3.4453125
220.0 5.4921875
221.0 5.609375
222.0 5.34375
223.0 6.7421875
224.0 6.5546875
225.0 6.2890625
226.0 6.5703125
227.0 6.125
228.0 5.671875
229.0 5.4375
230.0 6.6875
231.0 6.4375
232.0 6.421875
233.0 6.75
234.0 6.8984375
235.0 6.515625
236.0 4.953125
237.0 8.4140625
238.0 7.078125
239.0 6.484375
240.0 6.1796875
241.0 6.9609375
242.0 6.84375
243.0 6.921875
244.0 6.65625
245.0 6.625
246.0 6.2578125
247.0 6.3828125
248.0 6.09375
249.0 6.421875
250.0 6.453125
251.0 6.5078125
252.0 6.0859375
253.0 6.1875
254.0 1.015625
255.0 9.8671875
256.0 5.515625
257.0 5.96875
258.0 3.34375
259.0 8.3125
260.0 6.0390625
261.0 5.8515625
262.0 3.6796875
263.0 5.84375
264.0 5.3828125
265.0 6.71875
266.0 4.421875
267.0 3.1328125
268.0 4.828125
269.0 4.7734375
270.0 5.15625
271.0 6.359375
272.0 5.6953125
273.0 3.9921875
274.0 4.875
275.0 4.546875
276.0 5.546875
277.0 5.0078125
278.0 6.5625
279.0 6.0859375
280.0 6.234375
281.0 6.3671875
282.0 6.3515625
283.0 6.0625
284.0 5.6484375
285.0 1.4609375
286.0 10.609375
287.0 6.8046875
288.0 6.828125
289.0 6.765625
290.0 6.7421875
291.0 6.71875
292.0 7.109375
293.0 7.015625
294.0 7.21875
295.0 6.5390625
296.0 6.75
297.0 6.6796875
298.0 6.359375
299.0 7.5234375
300.0 6.078125
301.0 7.078125
302.0 6.3046875
303.0 6.4453125
304.0 6.2578125
305.0 6.2109375
306.0 6.296875
307.0 6.2109375
308.0 6.078125
309.0 5.4375
310.0 5.640625
311.0 6.0625
312.0 5.90625
313.0 5.9921875
314.0 6.5703125
315.0 0.546875
316.0 10.4765625
317.0 4.984375
318.0 5.3046875
319.0 2.3984375
320.0 7.40625
321.0 4.578125
322.0 5.1328125
323.0 4.8125
324.0 4.546875
325.0 5.015625
326.0 5.4921875
327.0 5.3125
328.0 5.4921875
329.0 5.3203125
330.0 1.9453125
331.0 7.546875
332.0 5.6484375
333.0 5.875
334.0 5.6953125
335.0 5.578125
336.0 5.671875
337.0 5.1328125
338.0 3.0234375
339.0 8.203125
340.0 6.09375
341.0 5.2734375
342.0 4.7734375
343.0 5.3046875
344.0 2.1328125
345.0 7.421875
346.0 5.15625
347.0 5.890625
348.0 5.453125
349.0 6.296875
350.0 4.6640625
351.0 4.3984375
352.0 5.7890625
353.0 5.703125
354.0 6.2265625
355.0 5.6484375
356.0 4.796875
357.0 4.8125
358.0 1.4765625
359.0 10.28125
360.0 6.0078125
361.0 6.1796875
362.0 6.0546875
363.0 6.4375
364.0 6.53125
365.0 5.9453125
366.0 1.8828125
367.0 10.9375
368.0 6.3046875
369.0 6.171875
370.0 7.0078125
371.0 7.2890625
372.0 6.2734375
373.0 7.8125
374.0 6.234375
375.0 6.09375
376.0 6.2578125
377.0 6.265625
378.0 6.5625
379.0 6.890625
380.0 6.0078125
381.0 5.9140625
382.0 5.3984375
383.0 6.0859375
384.0 5.875
385.0 3.1328125
386.0 6.2421875
387.0 5.3359375
388.0 4.46875
389.0 7.046875
390.0 6.5390625
391.0 6.53125
392.0 5.9921875
393.0 6.6796875
394.0 6.0
395.0 6.0625
396.0 5.703125
397.0 5.640625
398.0 4.5625
399.0 6.6640625
400.0 5.28125
401.0 4.6015625
402.0 4.8359375
403.0 4.359375
404.0 5.2890625
405.0 4.421875
406.0 3.2578125
407.0 3.9453125
408.0 5.703125
409.0 5.234375
410.0 5.078125
411.0 5.96875
412.0 6.265625
413.0 4.03125
414.0 7.65625
415.0 4.7421875
416.0 6.0625
417.0 4.90625
418.0 5.515625
419.0 5.5859375
420.0 5.5234375
421.0 6.0234375
422.0 5.3203125
423.0 5.078125
424.0 4.5625
425.0 5.0703125
426.0 5.0234375
427.0 4.9296875
428.0 5.0859375
429.0 4.9609375
430.0 5.5234375
431.0 5.5625
432.0 5.859375
433.0 5.9375
434.0 5.4921875
435.0 5.1953125
436.0 5.3828125
437.0 5.8515625
438.0 5.7265625
439.0 5.4609375
440.0 5.3203125
441.0 4.953125
442.0 2.640625
443.0 7.875
444.0 5.1328125
445.0 5.28125
446.0 5.703125
447.0 5.2890625
448.0 5.0703125
449.0 4.953125
450.0 5.234375
451.0 4.0625
452.0 4.71875
453.0 5.203125
454.0 0.6953125
455.0 9.265625
456.0 3.921875
457.0 5.015625
458.0 4.984375
459.0 3.96875
460.0 6.5
461.0 5.9140625
462.0 5.7109375
463.0 5.7890625
464.0 6.3203125
465.0 4.7734375
466.0 5.53125
467.0 5.8828125
468.0 5.875
469.0 5.9140625
470.0 5.1015625
471.0 2.484375
472.0 7.671875
473.0 5.8203125
474.0 5.9375
475.0 6.171875
476.0 5.9765625
477.0 5.9609375
478.0 5.3359375
479.0 6.6875
480.0 6.5390625
481.0 5.9609375
482.0 5.671875
483.0 6.1796875
484.0 5.90625
485.0 6.0390625
486.0 6.46875
487.0 5.1328125
488.0 6.46875
489.0 6.6328125
490.0 5.3203125
491.0 6.5703125
492.0 6.6796875
493.0 6.625
494.0 6.3671875
495.0 6.1484375
496.0 6.140625
497.0 6.2109375
498.0 5.4921875
499.0 5.3515625
500.0 5.0234375
501.0 6.0078125
502.0 5.484375
503.0 5.46875
504.0 5.9609375
505.0 6.3671875
506.0 5.453125
507.0 5.890625
508.0 5.5
509.0 5.8203125
510.0 5.3671875
511.0 5.9765625
512.0 5.484375
513.0 5.796875
514.0 5.6015625
515.0 5.53125
516.0 5.5625
517.0 4.9921875
518.0 4.6015625
519.0 4.1015625
520.0 5.40625
521.0 0.84375
522.0 10.765625
523.0 5.5546875
524.0 5.46875
525.0 0.5859375
526.0 9.78125
527.0 4.6328125
528.0 5.234375
529.0 5.3125
530.0 5.234375
531.0 4.8046875
532.0 5.2734375
533.0 5.75
534.0 5.75
535.0 5.3046875
536.0 5.3828125
537.0 5.2578125
538.0 5.3125
539.0 5.3203125
540.0 4.578125
541.0 4.6015625
542.0 5.3203125
543.0 5.5234375
544.0 5.859375
545.0 5.8828125
546.0 1.296875
547.0 10.5546875
548.0 5.8203125
549.0 5.75
550.0 3.25
551.0 8.03125
552.0 5.8515625
553.0 5.9296875
554.0 6.2734375
555.0 5.8203125
556.0 5.4375
557.0 5.8125
558.0 5.8125
559.0 5.9375
560.0 5.90625
561.0 6.0078125
562.0 6.3515625
563.0 5.671875
564.0 6.9921875
565.0 6.0625
566.0 5.609375
567.0 5.3203125
568.0 5.96875
569.0 5.171875
570.0 5.671875
571.0 6.203125
572.0 6.6171875
573.0 6.0234375
574.0 5.4921875
575.0 5.7265625
576.0 5.6484375
577.0 5.1328125
578.0 4.6328125
579.0 5.9609375
580.0 4.984375
581.0 5.125
582.0 5.078125
583.0 5.515625
584.0 5.578125
585.0 5.5625
586.0 5.609375
587.0 6.15625
588.0 5.375
589.0 5.484375
590.0 5.25
591.0 4.9609375
592.0 6.359375
593.0 5.78125
594.0 5.4296875
595.0 5.46875
596.0 4.3984375
597.0 6.0625
598.0 5.9296875
599.0 5.4921875
