0.0 4.3671875
1.0 3.5
2.0 0.0
3.0 8.7734375
4.0 3.5546875
5.0 3.6953125
6.0 2.7734375
7.0 2.640625
8.0 4.859375
9.0 4.0390625
10.0 1.265625
11.0 6.8671875
12.0 2.4453125
13.0 2.453125
14.0 4.7578125
15.0 2.4140625
16.0 5.0078125
17.0 4.0546875
18.0 4.125
19.0 4.65625
20.0 3.8046875
21.0 1.5078125
22.0 2.953125
23.0 2.984375
24.0 4.5078125
25.0 4.203125
26.0 4.984375
27.0 5.8828125
28.0 4.859375
29.0 3.4296875
30.0 5.515625
31.0 5.375
32.0 4.6484375
33.0 4.9921875
34.0 4.6640625
35.0 4.5
36.0 3.9140625
37.0 4.3046875
38.0 5.6171875
39.0 4.71875
40.0 4.0703125
41.0 4.0390625
42.0 3.578125
43.0 3.28125
44.0 5.2578125
45.0 5.125
46.0 5.0546875
47.0 4.7421875
48.0 5.1640625
49.0 4.6953125
50.0 4.328125
51.0 0.0
52.0 1.015625
53.0 8.4921875
54.0 5.1328125
55.0 2.4609375
56.0 7.7578125
57.0 4.7578125
58.0 4.7578125
59.0 5.078125
60.0 5.0390625
61.0 5.234375
62.0 5.0859375
63.0 4.921875
64.0 5.4375
65.0 5.109375
66.0 5.109375
67.0 3.1953125
68.0 4.828125
69.0 2.375
70.0 4.71875
71.0 5.0078125
72.0 3.9140625
73.0 5.1953125
74.0 3.796875
75.0 3.875
76.0 4.5625
77.0 5.1015625
78.0 4.7578125
79.0 5.0546875
80.0 4.6953125
81.0 4.6953125
82.0 4.3671875
83.0 4.578125
84.0 4.5625
85.0 4.5
86.0 1.0859375
87.0 7.09375
88.0 4.0703125
89.0 3.4765625
90.0 1.7890625
91.0 5.515625
92.0 4.9765625
93.0 4.71875
94.0 5.046875
95.0 4.953125
96.0 5.1015625
97.0 5.0234375
98.0 4.9296875
99.0 4.8359375
100.0 5.1953125
101.0 4.921875
102.0 5.0546875
103.0 1.859375
104.0 8.2421875
105.0 4.7734375
106.0 4.921875
107.0 4.875
108.0 4.9765625
109.0 5.0859375
110.0 5.1875
111.0 5.3046875
112.0 5.109375
113.0 5.0390625
114.0 5.140625
115.0 5.4296875
116.0 3.515625
117.0 7.109375
118.0 5.2890625
119.0 5.25
120.0 5.6171875
121.0 4.9296875
122.0 1.6171875
123.0 8.6484375
124.0 4.9296875
125.0 4.0625
126.0 4.7421875
127.0 4.484375
128.0 4.796875
129.0 4.8125
130.0 3.2578125
131.0 2.0703125
132.0 7.2109375
133.0 5.1015625
134.0 4.875
135.0 2.34375
136.0 7.4375
137.0 4.890625
138.0 4.9296875
139.0 4.890625
140.0 4.7109375
141.0 4.7578125
142.0 4.7109375
143.0 4.6484375
144.0 4.7265625
145.0 4.875
146.0 4.53125
147.0 4.828125
148.0 4.84375
149.0 0.359375
150.0 9.3984375
151.0 5.1953125
152.0 4.8984375
153.0 3.6953125
154.0 6.515625
155.0 5.0234375
156.0 4.515625
157.0 5.6484375
158.0 5.28125
159.0 2.4453125
160.0 7.4921875
161.0 4.9921875
162.0 5.34375
163.0 5.3203125
164.0 5.34375
165.0 5.34375
166.0 5.0234375
167.0 5.1015625
168.0 5.1953125
169.0 5.4921875
170.0 5.546875
171.0 5.375
172.0 5.4296875
173.0 5.4375
174.0 5.2890625
175.0 5.3046875
176.0 5.7578125
177.0 6.3359375
178.0 5.84375
179.0 5.8203125
180.0 6.0234375
181.0 5.78125
182.0 5.796875
183.0 6.15625
184.0 6.15625
185.0 6.0546875
186.0 5.6640625
187.0 4.0546875
188.0 5.3984375
189.0 5.4296875
190.0 5.890625
191.0 5.6484375
192.0 5.25
193.0 5.015625
194.0 5.28125
195.0 4.921875
196.0 4.7734375
197.0 5.0859375
198.0 4.9453125
199.0 4.828125
200.0 5.1328125
201.0 1.5625
202.0 8.6015625
203.0 5.234375
204.0 5.421875
205.0 5.25
206.0 5.0234375
207.0 1.4140625
208.0 8.96875
209.0 5.203125
210.0 5.1328125
211.0 5.2578125
212.0 5.2890625
213.0 5.6328125
214.0 5.234375
215.0 5.0859375
216.0 5.3359375
217.0 5.0078125
218.0 5.109375
219.0 0.8828125
220.0 9.2734375
221.0 5.3203125
222.0 5.0546875
223.0 5.1015625
224.0 5.46875
225.0 5.2734375
226.0 1.0625
227.0 9.453125
228.0 5.3203125
229.0 2.6328125
230.0 7.8203125
231.0 4.6796875
232.0 4.6953125
233.0 5.1328125
234.0 5.484375
235.0 5.484375
236.0 5.28125
237.0 5.3203125
238.0 4.890625
239.0 4.921875
240.0 5.3984375
241.0 4.890625
242.0 2.578125
243.0 7.40625
244.0 5.0078125
245.0 4.875
246.0 4.8984375
247.0 4.7734375
248.0 5.125
249.0 5.15625
250.0 3.1953125
251.0 5.7265625
252.0 5.21875
253.0 5.0546875
254.0 4.828125
255.0 4.8984375
256.0 4.859375
257.0 5.1015625
258.0 5.0546875
259.0 5.0390625
260.0 5.2890625
261.0 5.3046875
262.0 5.2578125
263.0 4.8125
264.0 0.7578125
265.0 9.4921875
266.0 5.109375
267.0 5.0859375
268.0 4.6328125
269.0 1.859375
270.0 8.234375
271.0 5.0859375
272.0 5.234375
273.0 5.0703125
274.0 4.9609375
275.0 5.21875
276.0 4.953125
277.0 5.0703125
278.0 4.9921875
279.0 5.2265625
280.0 5.0859375
281.0 5.109375
282.0 0.5703125
283.0 9.9921875
284.0 5.4921875
285.0 4.9765625
286.0 4.921875
287.0 5.171875
288.0 4.7265625
289.0 5.6796875
290.0 4.859375
291.0 5.34375
292.0 5.1328125
293.0 5.5859375
294.0 5.25
295.0 5.25
296.0 5.203125
297.0 4.84375
298.0 4.65625
299.0 5.125
300.0 4.984375
301.0 4.625
302.0 5.703125
303.0 5.28125
304.0 5.2890625
305.0 5.1015625
306.0 2.1796875
307.0 8.1953125
308.0 5.453125
309.0 5.2265625
310.0 5.109375
311.0 5.1328125
312.0 5.2578125
313.0 5.15625
314.0 5.3203125
315.0 5.4375
316.0 5.6796875
317.0 2.84375
318.0 8.2421875
319.0 2.984375
320.0 8.4609375
321.0 5.875
322.0 5.75
323.0 5.34375
324.0 5.25
325.0 5.1875
326.0 3.625
327.0 6.9765625
328.0 5.3125
329.0 5.28125
330.0 5.2265625
331.0 5.40625
332.0 5.5
333.0 5.6484375
334.0 5.53125
335.0 5.6484375
336.0 4.484375
337.0 3.3828125
338.0 3.546875
339.0 4.90625
340.0 5.3828125
341.0 3.3125
342.0 6.734375
343.0 4.1015625
344.0 3.0703125
345.0 0.703125
346.0 9.0078125
347.0 5.21875
348.0 3.796875
349.0 5.8828125
350.0 5.734375
351.0 6.2109375
352.0 5.828125
353.0 5.7109375
354.0 5.703125
355.0 5.6171875
356.0 5.53125
357.0 5.828125
358.0 5.9140625
359.0 0.640625
360.0 10.5546875
361.0 5.4296875
362.0 4.9921875
363.0 0.109375
364.0 9.0390625
365.0 4.7578125
366.0 4.609375
367.0 4.8671875
368.0 4.4765625
369.0 4.6015625
370.0 4.7109375
371.0 4.6875
372.0 4.84375
373.0 4.7578125
374.0 4.7421875
375.0 4.1484375
376.0 5.4609375
377.0 4.78125
378.0 4.6875
379.0 4.828125
380.0 4.9765625
381.0 0.6015625
382.0 9.640625
383.0 5.3125
384.0 4.890625
385.0 3.890625
386.0 4.78125
387.0 4.90625
388.0 4.796875
389.0 4.7421875
390.0 4.921875
391.0 4.9453125
392.0 4.6015625
393.0 4.7109375
394.0 0.5078125
395.0 9.5546875
396.0 5.0859375
397.0 5.0703125
398.0 4.75
399.0 2.5078125
400.0 6.5625
401.0 5.109375
402.0 5.1328125
403.0 4.9609375
404.0 4.9921875
405.0 4.8125
406.0 4.9921875
407.0 4.8125
408.0 4.9453125
409.0 5.2734375
410.0 5.140625
411.0 5.46875
412.0 5.0859375
413.0 0.0390625
414.0 9.671875
415.0 4.7734375
416.0 3.3125
417.0 5.2265625
418.0 6.1171875
419.0 5.2890625
420.0 5.125
421.0 2.6875
422.0 7.96875
423.0 5.0859375
424.0 5.484375
425.0 5.2734375
426.0 5.0859375
427.0 5.171875
428.0 5.6171875
429.0 5.203125
430.0 5.125
431.0 2.5234375
432.0 7.4921875
433.0 5.4921875
434.0 5.34375
435.0 5.2578125
436.0 5.234375
437.0 5.3828125
438.0 5.203125
439.0 5.3828125
440.0 5.1875
441.0 4.3984375
442.0 5.3125
443.0 5.1640625
444.0 5.0078125
445.0 4.8984375
446.0 5.34375
447.0 5.2265625
448.0 5.1640625
449.0 5.21875
450.0 5.0390625
451.0 5.125
452.0 5.015625
453.0 5.0859375
454.0 5.3046875
455.0 5.171875
456.0 5.234375
457.0 5.484375
458.0 5.2890625
459.0 5.015625
460.0 5.1875
461.0 5.3046875
462.0 5.0078125
463.0 3.890625
464.0 3.8515625
465.0 3.875
466.0 5.2734375
467.0 5.015625
468.0 5.0390625
469.0 5.21875
470.0 5.234375
471.0 5.1015625
472.0 5.203125
473.0 5.015625
474.0 0.6953125
475.0 8.40625
476.0 4.0078125
477.0 4.90625
478.0 4.0078125
479.0 0.015625
480.0 7.28125
481.0 4.234375
482.0 4.1328125
483.0 2.6953125
484.0 3.578125
485.0 4.4453125
486.0 3.4453125
487.0 2.953125
488.0 3.5625
489.0 4.5703125
490.0 4.125
491.0 4.296875
492.0 1.296875
493.0 5.9765625
494.0 3.65625
495.0 4.1015625
496.0 4.1171875
497.0 3.703125
498.0 5.375
499.0 3.7109375
500.0 3.578125
501.0 3.5859375
502.0 3.8203125
503.0 3.703125
504.0 4.03125
505.0 4.4765625
506.0 3.25
507.0 3.9140625
508.0 3.5546875
509.0 2.71875
510.0 0.765625
511.0 6.1171875
512.0 3.7265625
513.0 5.078125
514.0 3.9140625
515.0 3.3671875
516.0 3.890625
517.0 4.859375
518.0 4.6796875
519.0 2.0625
520.0 6.3359375
521.0 2.0078125
522.0 6.40625
523.0 4.6484375
524.0 3.25
525.0 4.0390625
526.0 5.203125
527.0 5.3671875
528.0 5.234375
529.0 5.4609375
530.0 5.578125
531.0 5.3984375
532.0 5.6171875
533.0 5.6328125
534.0 6.15625
535.0 5.5625
536.0 5.0390625
537.0 5.0859375
538.0 4.9765625
539.0 4.8125
540.0 4.9921875
541.0 5.1875
542.0 5.1953125
543.0 3.4921875
544.0 6.6640625
545.0 4.9609375
546.0 5.2578125
547.0 5.1328125
548.0 4.7578125
549.0 5.171875
550.0 4.875
551.0 4.578125
552.0 4.75
553.0 4.8984375
554.0 5.203125
555.0 4.9921875
556.0 5.34375
557.0 5.109375
558.0 5.1640625
559.0 5.375
560.0 4.6640625
561.0 1.1953125
562.0 8.046875
563.0 4.8671875
564.0 5.3046875
565.0 5.140625
566.0 5.1953125
567.0 5.15625
568.0 5.2734375
569.0 5.0859375
570.0 5.078125
571.0 5.3125
572.0 4.75
573.0 1.8828125
574.0 8.1953125
575.0 4.953125
576.0 4.7109375
577.0 4.875
578.0 5.15625
579.0 1.140625
580.0 9.3125
581.0 5.234375
582.0 5.3359375
583.0 5.5625
584.0 5.375
585.0 5.1328125
586.0 4.1484375
587.0 4.3984375
588.0 3.578125
589.0 4.0703125
590.0 5.25
591.0 2.9375
592.0 0.0
593.0 7.703125
594.0 3.3515625
595.0 5.0546875
596.0 5.3828125
597.0 5.40625
598.0 5.3203125
599.0 5.1640625
