0.0 5.8828125
1.0 5.4375
2.0 5.7578125
3.0 6.3828125
4.0 5.9921875
5.0 4.1875
6.0 6.2578125
7.0 6.171875
8.0 4.921875
9.0 5.3359375
10.0 5.078125
11.0 4.6328125
12.0 5.4296875
13.0 5.3828125
14.0 5.6796875
15.0 5.6953125
16.0 5.6640625
17.0 5.7109375
18.0 6.0390625
19.0 5.3671875
20.0 5.78125
21.0 5.5625
22.0 0.3671875
23.0 5.796875
24.0 4.5390625
25.0 4.6328125
26.0 5.40625
27.0 5.640625
28.0 5.671875
29.0 5.484375
30.0 4.265625
31.0 0.0
32.0 7.640625
33.0 4.578125
34.0 4.2109375
35.0 3.9453125
36.0 5.6171875
37.0 6.0234375
38.0 2.5390625
39.0 8.9765625
40.0 5.9296875
41.0 6.1171875
42.0 2.671875
43.0 7.5703125
44.0 5.6484375
45.0 6.2421875
46.0 4.890625
47.0 5.3828125
48.0 3.4375
49.0 4.0703125
50.0 5.078125
51.0 4.5
52.0 2.7109375
53.0 3.078125
54.0 4.3671875
55.0 5.5
56.0 4.3828125
57.0 4.859375
58.0 5.484375
59.0 5.1953125
60.0 6.0234375
61.0 6.7109375
62.0 6.765625
63.0 6.484375
64.0 5.84375
65.0 5.453125
66.0 5.53125
67.0 5.671875
68.0 5.6640625
69.0 5.96875
70.0 6.109375
71.0 5.96875
72.0 6.1171875
73.0 6.0234375
74.0 5.8828125
75.0 6.3359375
76.0 6.4765625
77.0 6.8046875
78.0 6.9921875
79.0 6.625
80.0 2.21875
81.0 10.5546875
82.0 6.5390625
83.0 6.53125
84.0 6.703125
85.0 6.125
86.0 6.4453125
87.0 6.0234375
88.0 5.90625
89.0 4.65625
90.0 5.125
91.0 5.40625
92.0 6.2890625
93.0 6.3359375
94.0 6.203125
95.0 6.6015625
96.0 6.5078125
97.0 7.1328125
98.0 6.46875
99.0 2.984375
100.0 9.671875
101.0 6.828125
102.0 6.359375
103.0 6.296875
104.0 6.2734375
105.0 7.1875
106.0 7.1328125
107.0 6.765625
108.0 6.625
109.0 6.453125
110.0 6.3515625
111.0 5.7578125
112.0 5.765625
113.0 5.0390625
114.0 5.8203125
115.0 6.140625
116.0 4.328125
117.0 0.6640625
118.0 9.296875
119.0 3.046875
120.0 3.0390625
121.0 3.0234375
122.0 5.3359375
123.0 5.9453125
124.0 5.9609375
125.0 5.671875
126.0 5.1328125
127.0 5.28125
128.0 5.4375
129.0 5.9375
130.0 5.515625
131.0 1.3515625
132.0 10.1640625
133.0 6.78125
134.0 6.2109375
135.0 5.84375
136.0 5.96875
137.0 5.8203125
138.0 5.78125
139.0 6.0
140.0 5.578125
141.0 4.359375
142.0 4.25
143.0 4.28125
144.0 4.0
145.0 6.4375
146.0 6.296875
147.0 5.6796875
148.0 6.1171875
149.0 4.1015625
150.0 6.5859375
151.0 5.859375
152.0 5.421875
153.0 6.3203125
154.0 5.1328125
155.0 5.5625
156.0 4.9296875
157.0 3.546875
158.0 2.9375
159.0 3.4765625
160.0 3.5859375
161.0 2.9609375
162.0 4.6484375
163.0 5.3203125
164.0 6.078125
165.0 6.515625
166.0 3.1171875
167.0 8.6484375
168.0 5.4375
169.0 1.3203125
170.0 10.2890625
171.0 5.5859375
172.0 4.609375
173.0 5.140625
174.0 6.109375
175.0 6.1875
176.0 6.359375
177.0 6.390625
178.0 5.6640625
179.0 6.0859375
180.0 5.5625
181.0 4.65625
182.0 7.3359375
183.0 6.3515625
184.0 5.9296875
185.0 5.8828125
186.0 5.9609375
187.0 5.8828125
188.0 5.6953125
189.0 5.1875
190.0 7.2265625
191.0 5.9921875
192.0 5.40625
193.0 5.5546875
194.0 5.4296875
195.0 5.6796875
196.0 4.890625
197.0 4.5078125
198.0 5.4296875
199.0 5.5859375
200.0 5.3671875
201.0 5.0234375
202.0 1.9453125
203.0 9.4296875
204.0 5.8515625
205.0 5.3515625
206.0 5.5234375
207.0 5.6640625
208.0 4.59375
209.0 6.2109375
210.0 5.1328125
211.0 5.8125
212.0 5.640625
213.0 5.0703125
214.0 3.5859375
215.0 3.796875
216.0 4.328125
217.0 4.75
218.0 4.125
219.0 4.2421875
220.0 4.1875
221.0 4.7578125
222.0 5.40625
223.0 2.8203125
224.0 7.9375
225.0 5.84375
226.0 5.578125
227.0 5.5546875
228.0 5.7265625
229.0 5.484375
230.0 5.3984375
231.0 5.2265625
232.0 5.171875
233.0 2.1328125
234.0 8.4765625
235.0 4.6875
236.0 4.53125
237.0 4.984375
238.0 1.625
239.0 7.4921875
240.0 3.8515625
241.0 4.6796875
242.0 3.3515625
243.0 4.6015625
244.0 4.9765625
245.0 5.25
246.0 6.0859375
247.0 5.9921875
248.0 6.03125
249.0 5.2578125
250.0 4.234375
251.0 0.0
252.0 7.796875
253.0 1.5390625
254.0 5.3671875
255.0 6.2109375
256.0 5.90625
257.0 6.59375
258.0 6.03125
259.0 1.7734375
260.0 10.703125
261.0 6.3203125
262.0 6.625
263.0 3.5859375
264.0 9.296875
265.0 5.6640625
266.0 5.3203125
267.0 4.6015625
268.0 5.3828125
269.0 5.1875
270.0 5.125
271.0 5.4921875
272.0 5.015625
273.0 4.9296875
274.0 5.1640625
275.0 5.609375
276.0 2.84375
277.0 7.046875
278.0 4.84375
279.0 4.71875
280.0 5.15625
281.0 2.4140625
282.0 8.0234375
283.0 5.5859375
284.0 5.34375
285.0 5.8203125
286.0 5.765625
287.0 5.484375
288.0 5.9921875
289.0 6.078125
290.0 6.109375
291.0 6.3828125
292.0 6.1171875
293.0 2.265625
294.0 9.7578125
295.0 6.2109375
296.0 6.6640625
297.0 5.796875
298.0 5.546875
299.0 5.40625
300.0 5.40625
301.0 4.984375
302.0 4.8359375
303.0 4.7421875
304.0 4.1796875
305.0 3.3203125
306.0 4.8984375
307.0 5.1015625
308.0 5.484375
309.0 5.5
310.0 5.3984375
311.0 3.53125
312.0 7.390625
313.0 5.6171875
314.0 5.7578125
315.0 5.453125
316.0 5.515625
317.0 4.5625
318.0 5.890625
319.0 5.171875
320.0 5.4296875
321.0 5.28125
322.0 3.9921875
323.0 5.546875
324.0 5.515625
325.0 4.859375
326.0 4.25
327.0 3.546875
328.0 5.1953125
329.0 5.109375
330.0 5.1328125
331.0 5.3984375
332.0 5.515625
333.0 2.9921875
334.0 5.3203125
335.0 5.515625
336.0 5.3125
337.0 5.6015625
338.0 4.546875
339.0 4.3203125
340.0 3.9765625
341.0 2.875
342.0 3.0859375
343.0 2.3046875
344.0 1.7421875
345.0 3.1953125
346.0 3.4296875
347.0 5.3671875
348.0 5.4375
349.0 0.5390625
350.0 10.2890625
351.0 5.21875
352.0 4.9609375
353.0 5.203125
354.0 5.5859375
355.0 6.3359375
356.0 5.7890625
357.0 4.515625
358.0 5.3828125
359.0 5.8203125
360.0 6.2265625
361.0 6.5078125
362.0 6.4375
363.0 5.9765625
364.0 4.6953125
365.0 5.828125
366.0 5.9921875
367.0 5.90625
368.0 5.7578125
369.0 5.9765625
370.0 6.5625
371.0 6.171875
372.0 6.03125
373.0 5.8515625
374.0 6.1484375
375.0 6.09375
376.0 5.6015625
377.0 5.640625
378.0 5.8828125
379.0 5.9765625
380.0 5.0234375
381.0 3.703125
382.0 6.140625
383.0 5.546875
384.0 5.9375
385.0 6.125
386.0 5.78125
387.0 5.3046875
388.0 4.625
389.0 5.96875
390.0 5.578125
391.0 6.09375
392.0 6.109375
393.0 6.328125
394.0 6.0546875
395.0 6.0859375
396.0 6.3671875
397.0 5.140625
398.0 5.828125
399.0 6.2734375
400.0 6.234375
401.0 5.4921875
402.0 5.3359375
403.0 5.0234375
404.0 6.3203125
405.0 5.8125
406.0 5.9453125
407.0 4.0625
408.0 7.21875
409.0 5.8828125
410.0 6.5
411.0 5.7578125
412.0 6.2734375
413.0 6.109375
414.0 6.0859375
415.0 6.2421875
416.0 5.8203125
417.0 5.4921875
418.0 5.6328125
419.0 4.484375
420.0 8.2890625
421.0 5.9296875
422.0 6.234375
423.0 6.1171875
424.0 6.1171875
425.0 5.703125
426.0 4.546875
427.0 6.6796875
428.0 5.4296875
429.0 5.6640625
430.0 6.1796875
431.0 6.03125
432.0 5.8515625
433.0 5.828125
434.0 6.3359375
435.0 6.171875
436.0 6.40625
437.0 5.9609375
438.0 6.0
439.0 6.2734375
440.0 6.390625
441.0 6.3828125
442.0 6.3046875
443.0 5.890625
444.0 5.859375
445.0 5.9140625
446.0 5.9765625
447.0 5.25
448.0 5.0234375
449.0 3.140625
450.0 6.2890625
451.0 3.9765625
452.0 4.15625
453.0 2.7109375
454.0 0.7265625
455.0 4.5625
456.0 1.59375
457.0 3.2890625
458.0 5.15625
459.0 5.4609375
460.0 6.8671875
461.0 7.21875
462.0 7.609375
463.0 6.890625
464.0 7.078125
465.0 7.21875
466.0 6.9921875
467.0 6.15625
468.0 5.75
469.0 5.0078125
470.0 5.5625
471.0 5.515625
472.0 5.828125
473.0 6.078125
474.0 6.0625
475.0 6.078125
476.0 6.5546875
477.0 6.796875
478.0 5.890625
479.0 3.7421875
480.0 7.6640625
481.0 5.484375
482.0 5.4921875
483.0 5.1015625
484.0 2.3125
485.0 7.421875
486.0 5.1015625
487.0 5.015625
488.0 5.015625
489.0 4.390625
490.0 4.515625
491.0 4.5390625
492.0 4.8359375
493.0 5.0703125
494.0 4.9296875
495.0 5.453125
496.0 4.59375
497.0 2.2109375
498.0 8.796875
499.0 5.078125
500.0 5.640625
501.0 1.8515625
502.0 10.34375
503.0 5.9609375
504.0 5.828125
505.0 6.3203125
506.0 6.203125
507.0 6.2890625
508.0 6.328125
509.0 6.234375
510.0 5.9375
511.0 6.2421875
512.0 6.6796875
513.0 5.9453125
514.0 5.5
515.0 5.109375
516.0 4.7109375
517.0 4.3671875
518.0 5.7109375
519.0 6.5546875
520.0 6.75
521.0 6.1484375
522.0 5.78125
523.0 6.2734375
524.0 5.3125
525.0 5.5859375
526.0 4.1328125
527.0 0.0
528.0 7.8203125
529.0 2.015625
530.0 4.8984375
531.0 5.15625
532.0 5.2890625
533.0 4.828125
534.0 1.953125
535.0 8.4609375
536.0 5.578125
537.0 5.640625
538.0 5.9296875
539.0 6.078125
540.0 2.546875
541.0 8.2421875
542.0 5.515625
543.0 5.6640625
544.0 6.0
545.0 5.890625
546.0 6.09375
547.0 5.9453125
548.0 5.96875
549.0 6.46875
550.0 5.6171875
551.0 5.7890625
552.0 5.9453125
553.0 6.359375
554.0 1.1640625
555.0 11.3125
556.0 6.5546875
557.0 5.7578125
558.0 5.875
559.0 6.203125
560.0 6.3515625
561.0 6.0390625
562.0 6.484375
563.0 5.796875
564.0 6.0390625
565.0 5.7890625
566.0 6.0078125
567.0 6.2578125
568.0 5.734375
569.0 3.3671875
570.0 9.0078125
571.0 6.1875
572.0 6.0078125
573.0 2.0
574.0 7.09375
575.0 1.9140625
576.0 4.9609375
577.0 5.4296875
578.0 6.0390625
579.0 6.2578125
580.0 6.0078125
581.0 6.171875
582.0 6.3515625
583.0 6.0546875
584.0 3.1640625
585.0 6.5
586.0 4.828125
587.0 4.0625
588.0 2.15625
589.0 2.984375
590.0 3.53125
591.0 5.4921875
592.0 5.875
593.0 5.6640625
594.0 5.015625
595.0 6.265625
596.0 6.6328125
597.0 5.9609375
598.0 6.828125
599.0 6.5078125
