0.0 3.28125
1.0 3.703125
2.0 4.0703125
3.0 3.7890625
4.0 4.21875
5.0 4.2421875
6.0 4.4140625
7.0 4.0
8.0 4.15625
9.0 4.2421875
10.0 4.390625
11.0 4.359375
12.0 4.4296875
13.0 4.3203125
14.0 4.3671875
15.0 4.234375
16.0 4.171875
17.0 4.234375
18.0 3.203125
19.0 3.625
20.0 6.125
21.0 1.2890625
22.0 7.0703125
23.0 4.2421875
24.0 4.359375
25.0 4.359375
26.0 4.3359375
27.0 4.3359375
28.0 4.0234375
29.0 4.90625
30.0 4.1015625
31.0 4.359375
32.0 3.9921875
33.0 4.3671875
34.0 4.5625
35.0 4.2734375
36.0 4.234375
37.0 4.28125
38.0 4.2421875
39.0 4.3515625
40.0 4.21875
41.0 4.421875
42.0 4.1328125
43.0 1.2890625
44.0 7.578125
45.0 5.7265625
46.0 4.421875
47.0 4.3515625
48.0 4.6328125
49.0 4.7265625
50.0 4.5625
51.0 4.3203125
52.0 3.765625
53.0 2.5234375
54.0 3.7265625
55.0 2.625
56.0 2.6015625
57.0 2.6640625
58.0 3.171875
59.0 3.1484375
60.0 0.0
61.0 7.6171875
62.0 4.0078125
63.0 4.0234375
64.0 4.1171875
65.0 0.453125
66.0 7.3984375
67.0 3.96875
68.0 3.8046875
69.0 3.9140625
70.0 4.1171875
71.0 4.0234375
72.0 3.6484375
73.0 3.8203125
74.0 3.8515625
75.0 1.6875
76.0 6.5390625
77.0 3.7265625
78.0 4.21875
79.0 4.4765625
80.0 4.6015625
81.0 2.09375
82.0 6.9765625
83.0 4.0546875
84.0 4.125
85.0 3.859375
86.0 4.1171875
87.0 4.1328125
88.0 3.7421875
89.0 3.1484375
90.0 4.5078125
91.0 4.296875
92.0 4.3203125
93.0 4.4453125
94.0 4.3984375
95.0 2.4140625
96.0 6.5078125
97.0 4.796875
98.0 4.25
99.0 4.15625
100.0 3.828125
101.0 2.1484375
102.0 6.65625
103.0 4.515625
104.0 4.578125
105.0 4.390625
106.0 3.6171875
107.0 3.8203125
108.0 3.8515625
109.0 4.4140625
110.0 3.65625
111.0 3.859375
112.0 3.9453125
113.0 3.1796875
114.0 4.1015625
115.0 3.734375
116.0 4.25
117.0 4.3359375
118.0 4.4765625
119.0 4.0390625
120.0 4.328125
121.0 4.15625
122.0 3.828125
123.0 4.3359375
124.0 4.265625
125.0 4.5703125
126.0 4.6328125
127.0 4.609375
128.0 4.5703125
129.0 0.21875
130.0 8.4453125
131.0 4.1171875
132.0 4.390625
133.0 0.1875
134.0 8.265625
135.0 1.8828125
136.0 6.59375
137.0 4.2421875
138.0 4.2109375
139.0 4.1484375
140.0 4.3671875
141.0 4.265625
142.0 4.578125
143.0 4.3515625
144.0 4.15625
145.0 4.625
146.0 4.578125
147.0 4.515625
148.0 4.3671875
149.0 4.0703125
150.0 0.5078125
151.0 7.734375
152.0 4.265625
153.0 4.3984375
154.0 4.4296875
155.0 4.15625
156.0 0.0
157.0 8.828125
158.0 4.3046875
159.0 4.2734375
160.0 4.1796875
161.0 4.03125
162.0 4.6796875
163.0 4.3046875
164.0 4.3046875
165.0 4.1484375
166.0 4.0390625
167.0 3.9375
168.0 3.5859375
169.0 0.0
170.0 8.828125
171.0 4.2109375
172.0 4.0078125
173.0 3.3125
174.0 3.6171875
175.0 2.7109375
176.0 5.140625
177.0 4.09375
178.0 1.734375
179.0 6.2265625
180.0 4.3203125
181.0 3.828125
182.0 4.03125
183.0 3.953125
184.0 3.875
185.0 4.1484375
186.0 4.203125
187.0 4.234375
188.0 4.1484375
189.0 3.875
190.0 4.0078125
191.0 3.96875
192.0 4.0
193.0 4.203125
194.0 4.1796875
195.0 4.25
196.0 4.2421875
197.0 4.15625
198.0 4.1875
199.0 2.8515625
200.0 5.8515625
201.0 4.0078125
202.0 4.3203125
203.0 4.484375
204.0 4.3203125
205.0 1.1953125
206.0 7.375
207.0 4.5
208.0 3.921875
209.0 4.0546875
210.0 3.4375
211.0 3.5859375
212.0 4.1484375
213.0 4.3046875
214.0 4.125
215.0 4.28125
216.0 4.0546875
217.0 4.09375
218.0 0.0390625
219.0 7.8828125
220.0 3.953125
221.0 4.203125
222.0 4.28125
223.0 3.953125
224.0 3.25
225.0 0.0
226.0 2.1484375
227.0 7.90625
228.0 4.328125
229.0 4.2421875
230.0 4.4453125
231.0 4.6640625
232.0 4.0546875
233.0 3.4453125
234.0 4.4453125
235.0 3.7265625
236.0 4.265625
237.0 4.546875
238.0 4.796875
239.0 2.8984375
240.0 5.53125
241.0 4.3046875
242.0 2.3359375
243.0 6.3515625
244.0 3.7578125
245.0 4.0859375
246.0 4.4765625
247.0 4.4140625
248.0 3.265625
249.0 4.9765625
250.0 3.9765625
251.0 4.1796875
252.0 4.328125
253.0 3.84375
254.0 3.625
255.0 4.203125
256.0 3.9765625
257.0 4.25
258.0 4.9296875
259.0 4.8671875
260.0 4.75
261.0 4.46875
262.0 3.140625
263.0 1.5234375
264.0 6.4765625
265.0 4.5625
266.0 4.6640625
267.0 2.359375
268.0 7.3671875
269.0 4.6953125
270.0 4.84375
271.0 5.015625
272.0 4.9296875
273.0 5.171875
274.0 5.046875
275.0 4.796875
276.0 4.6484375
277.0 4.6953125
278.0 4.6796875
279.0 4.921875
280.0 1.796875
281.0 7.4296875
282.0 4.6015625
283.0 4.1875
284.0 4.2421875
285.0 0.7890625
286.0 7.8125
287.0 4.484375
288.0 4.484375
289.0 4.5078125
290.0 4.4296875
291.0 4.546875
292.0 4.625
293.0 4.7109375
294.0 4.5625
295.0 4.609375
296.0 4.5
297.0 4.5078125
298.0 3.375
299.0 5.96875
300.0 4.78125
301.0 4.625
302.0 4.3671875
303.0 4.2109375
304.0 4.4140625
305.0 4.5
306.0 4.4140625
307.0 4.71875
308.0 4.78125
309.0 0.9609375
310.0 7.984375
311.0 4.5625
312.0 4.3203125
313.0 4.5078125
314.0 4.1015625
315.0 4.203125
316.0 3.2890625
317.0 5.25
318.0 4.0859375
319.0 4.0703125
320.0 4.3671875
321.0 4.265625
322.0 4.2109375
323.0 4.21875
324.0 4.5
325.0 4.7109375
326.0 4.5390625
327.0 4.484375
328.0 4.6328125
329.0 4.578125
330.0 0.5546875
331.0 7.28125
332.0 3.9921875
333.0 4.296875
334.0 1.3828125
335.0 7.0625
336.0 4.2734375
337.0 4.328125
338.0 4.1875
339.0 4.390625
340.0 4.6328125
341.0 4.7265625
342.0 4.6796875
343.0 4.484375
344.0 4.625
345.0 4.5078125
346.0 4.578125
347.0 2.09375
348.0 7.0625
349.0 5.0390625
350.0 4.796875
351.0 4.8984375
352.0 4.6796875
353.0 2.1796875
354.0 7.0625
355.0 4.6328125
356.0 4.3984375
357.0 4.59375
358.0 4.8671875
359.0 4.8359375
360.0 4.796875
361.0 4.6484375
362.0 4.6484375
363.0 2.265625
364.0 6.84375
365.0 4.4296875
366.0 4.3359375
367.0 4.6015625
368.0 4.625
369.0 4.4765625
370.0 4.78125
371.0 2.1015625
372.0 6.984375
373.0 4.78125
374.0 4.796875
375.0 4.6484375
376.0 4.515625
377.0 4.53125
378.0 4.609375
379.0 4.78125
380.0 4.6015625
381.0 4.453125
382.0 4.3359375
383.0 4.515625
384.0 4.578125
385.0 4.609375
386.0 4.71875
387.0 0.0
388.0 7.6015625
389.0 4.4296875
390.0 4.6328125
391.0 4.7265625
392.0 0.015625
393.0 9.390625
394.0 4.578125
395.0 4.59375
396.0 4.5078125
397.0 3.84375
398.0 0.0
399.0 6.171875
400.0 2.71875
401.0 2.265625
402.0 3.4296875
403.0 4.53125
404.0 4.625
405.0 4.8046875
406.0 5.1640625
407.0 4.9609375
408.0 4.9609375
409.0 4.8671875
410.0 3.015625
411.0 4.78125
412.0 4.8359375
413.0 2.375
414.0 7.3203125
415.0 4.59375
416.0 4.546875
417.0 4.6328125
418.0 4.609375
419.0 4.4453125
420.0 4.625
421.0 4.65625
422.0 4.421875
423.0 4.5625
424.0 4.546875
425.0 2.890625
426.0 4.625
427.0 4.7109375
428.0 3.25
429.0 5.9375
430.0 4.1171875
431.0 4.265625
432.0 4.328125
433.0 1.65625
434.0 7.2734375
435.0 4.0625
436.0 3.9375
437.0 3.890625
438.0 2.1171875
439.0 4.0
440.0 4.5
441.0 4.0859375
442.0 0.84375
443.0 6.234375
444.0 4.84375
445.0 4.7578125
446.0 4.625
447.0 4.578125
448.0 4.59375
449.0 4.7421875
450.0 4.6484375
451.0 4.8671875
452.0 4.828125
453.0 4.6796875
454.0 4.59375
455.0 4.46875
456.0 3.9140625
457.0 0.15625
458.0 5.8515625
459.0 8.2421875
460.0 4.7109375
461.0 4.46875
462.0 4.359375
463.0 4.2421875
464.0 4.296875
465.0 4.0703125
466.0 4.1171875
467.0 4.3671875
468.0 4.3828125
469.0 4.46875
470.0 4.578125
471.0 4.46875
472.0 4.1015625
473.0 0.0
474.0 8.9765625
475.0 4.328125
476.0 4.6015625
477.0 4.421875
478.0 3.4921875
479.0 1.3125
480.0 8.375
481.0 4.8984375
482.0 4.4140625
483.0 4.3359375
484.0 4.9296875
485.0 4.6953125
486.0 4.2734375
487.0 4.4765625
488.0 4.609375
489.0 4.8359375
490.0 4.75
491.0 4.453125
492.0 3.84375
493.0 4.03125
494.0 4.5703125
495.0 3.9765625
496.0 3.4921875
497.0 3.9375
498.0 3.6171875
499.0 3.796875
500.0 3.9921875
501.0 3.7265625
502.0 3.671875
503.0 4.1171875
504.0 3.6171875
505.0 3.9140625
506.0 3.6953125
507.0 3.859375
508.0 3.859375
509.0 4.21875
510.0 3.546875
511.0 3.9453125
512.0 4.171875
513.0 4.125
514.0 4.6484375
515.0 3.96875
516.0 2.3671875
517.0 2.65625
518.0 5.0546875
519.0 3.953125
520.0 4.0078125
521.0 4.578125
522.0 4.578125
523.0 4.546875
524.0 4.46875
525.0 4.453125
526.0 4.4453125
527.0 0.9609375
528.0 7.8984375
529.0 4.1328125
530.0 4.6484375
531.0 4.328125
532.0 4.21875
533.0 4.1796875
534.0 4.6328125
535.0 4.6328125
536.0 3.1328125
537.0 2.6875
538.0 3.796875
539.0 4.4453125
540.0 3.46875
541.0 0.6953125
542.0 7.6953125
543.0 4.515625
544.0 4.515625
545.0 4.03125
546.0 2.84375
547.0 5.6640625
548.0 4.3359375
549.0 4.1484375
550.0 4.0234375
551.0 2.984375
552.0 5.5546875
553.0 4.453125
554.0 4.28125
555.0 4.3515625
556.0 3.65625
557.0 3.859375
558.0 4.1328125
559.0 3.9375
560.0 3.8203125
561.0 4.1015625
562.0 4.1796875
563.0 3.921875
564.0 3.8046875
565.0 2.921875
566.0 0.09375
567.0 8.46875
568.0 3.4375
569.0 3.7578125
570.0 4.1484375
571.0 4.0546875
572.0 4.3359375
573.0 1.390625
574.0 7.984375
575.0 4.390625
576.0 4.1015625
577.0 4.3515625
578.0 4.6953125
579.0 4.71875
580.0 4.9609375
581.0 4.4453125
582.0 4.296875
583.0 4.21875
584.0 3.890625
585.0 4.390625
586.0 4.5703125
587.0 4.4453125
588.0 4.3671875
589.0 4.296875
590.0 0.5234375
591.0 8.0546875
592.0 4.0390625
593.0 3.671875
594.0 0.8359375
595.0 6.828125
596.0 4.25
597.0 3.890625
598.0 4.171875
599.0 4.2734375
