0.0 5.6328125
1.0 5.6328125
2.0 5.4375
3.0 5.703125
4.0 5.796875
5.0 5.3984375
6.0 3.3984375
7.0 7.2890625
8.0 5.2734375
9.0 5.1953125
10.0 5.1875
11.0 5.3125
12.0 5.4921875
13.0 5.5
14.0 5.125
15.0 5.3984375
16.0 5.2578125
17.0 5.2890625
18.0 5.046875
19.0 3.4140625
20.0 6.9296875
21.0 5.4296875
22.0 5.3984375
23.0 5.2734375
24.0 2.453125
25.0 8.53125
26.0 5.140625
27.0 5.5234375
28.0 5.2734375
29.0 5.1875
30.0 5.078125
31.0 4.75
32.0 4.3515625
33.0 4.7265625
34.0 1.359375
35.0 4.625
36.0 2.015625
37.0 1.890625
38.0 3.1015625
39.0 3.140625
40.0 3.234375
41.0 4.03125
42.0 4.9765625
43.0 4.578125
44.0 5.109375
45.0 4.8125
46.0 0.5078125
47.0 9.890625
48.0 2.1796875
49.0 8.3203125
50.0 4.953125
51.0 5.171875
52.0 5.2890625
53.0 5.28125
54.0 5.25
55.0 5.21875
56.0 4.2734375
57.0 4.3046875
58.0 4.3984375
59.0 4.546875
60.0 3.21875
61.0 0.0
62.0 5.7890625
63.0 1.234375
64.0 4.46875
65.0 4.3203125
66.0 3.7109375
67.0 3.3515625
68.0 3.1640625
69.0 3.84375
70.0 3.96875
71.0 5.171875
72.0 6.0
73.0 6.03125
74.0 6.3515625
75.0 6.4140625
76.0 5.9140625
77.0 6.453125
78.0 5.1875
79.0 4.234375
80.0 4.15625
81.0 4.75
82.0 6.0859375
83.0 5.0859375
84.0 2.453125
85.0 1.5625
86.0 1.46875
87.0 1.921875
88.0 1.59375
89.0 1.3515625
90.0 6.625
91.0 5.28125
92.0 5.1328125
93.0 5.2265625
94.0 1.984375
95.0 0.2265625
96.0 7.0078125
97.0 3.4921875
98.0 4.4453125
99.0 3.4609375
100.0 4.46875
101.0 3.7109375
102.0 4.2734375
103.0 4.2109375
104.0 4.3203125
105.0 4.828125
106.0 4.875
107.0 4.3515625
108.0 1.0859375
109.0 8.7109375
110.0 5.109375
111.0 5.015625
112.0 3.7421875
113.0 5.1015625
114.0 3.3125
115.0 2.609375
116.0 2.484375
117.0 4.984375
118.0 5.6640625
119.0 5.3984375
120.0 5.453125
121.0 5.84375
122.0 5.4921875
123.0 5.4921875
124.0 4.15625
125.0 2.1484375
126.0 6.7109375
127.0 5.125
128.0 4.6015625
129.0 4.8125
130.0 4.8984375
131.0 4.9609375
132.0 4.953125
133.0 3.171875
134.0 6.9609375
135.0 5.3515625
136.0 4.6796875
137.0 4.796875
138.0 5.515625
139.0 5.53125
140.0 4.6015625
141.0 1.640625
142.0 6.8359375
143.0 4.3984375
144.0 4.265625
145.0 4.984375
146.0 4.8125
147.0 4.7265625
148.0 1.7421875
149.0 7.875
150.0 4.75
151.0 4.75
152.0 4.3671875
153.0 4.5703125
154.0 4.515625
155.0 4.5
156.0 4.21875
157.0 4.546875
158.0 3.9921875
159.0 4.5390625
160.0 4.390625
161.0 3.96875
162.0 3.4765625
163.0 3.078125
164.0 3.3828125
165.0 3.7734375
166.0 4.21875
167.0 4.421875
168.0 3.7421875
169.0 1.421875
170.0 6.3046875
171.0 4.234375
172.0 3.8828125
173.0 4.03125
174.0 4.5390625
175.0 1.6875
176.0 5.6953125
177.0 0.0
178.0 0.0
179.0 0.0
180.0 0.0
181.0 0.0
182.0 0.0
183.0 0.0
184.0 0.0
185.0 0.0
186.0 0.0
187.0 0.0
188.0 0.0
189.0 0.0
190.0 0.0
191.0 0.0
192.0 0.0
193.0 0.0
194.0 0.0
195.0 0.0
196.0 0.0
197.0 0.0
198.0 0.0
199.0 0.0
200.0 0.0
201.0 0.0
202.0 0.0
203.0 0.0
204.0 0.0
205.0 0.0
206.0 0.0
207.0 0.0
208.0 0.0
209.0 0.0
210.0 0.0
211.0 0.0
212.0 0.0
213.0 0.0
214.0 0.0
215.0 0.0
216.0 0.0
217.0 0.0
218.0 0.0
219.0 0.0
220.0 0.0
221.0 0.0
222.0 0.0
223.0 0.0
224.0 0.0
225.0 0.0
226.0 0.0
227.0 0.0
228.0 0.0
229.0 0.0
230.0 0.0
231.0 0.0
232.0 0.0
233.0 0.0
234.0 0.0
235.0 0.0
236.0 0.0
237.0 0.0
238.0 0.0
239.0 0.0
240.0 0.0
241.0 0.0
242.0 0.0
243.0 0.0
244.0 0.0
245.0 0.0
246.0 0.0
247.0 0.0
248.0 0.0
249.0 0.0
250.0 0.0
251.0 0.0
252.0 0.0
253.0 0.0
254.0 0.0
255.0 0.0
256.0 0.0
257.0 0.0
258.0 0.0
259.0 0.0
260.0 0.0
261.0 0.0
262.0 0.0
263.0 0.0
264.0 0.0
265.0 0.0
266.0 0.0
267.0 0.0
268.0 0.0
269.0 0.0
270.0 0.0
271.0 0.0
272.0 0.0
273.0 0.0
274.0 0.0
275.0 0.0
276.0 0.0
277.0 0.0
278.0 0.0
279.0 0.0
280.0 0.0
281.0 0.0
282.0 0.0
283.0 0.0
284.0 0.0
285.0 0.0
286.0 0.0
287.0 0.0
288.0 0.0
289.0 0.0
290.0 0.0
291.0 0.0
292.0 0.0
293.0 0.0
294.0 0.0
295.0 0.0
296.0 0.0
297.0 0.0
298.0 0.0
299.0 0.0
300.0 0.0
301.0 0.0
302.0 0.0
303.0 0.0
304.0 0.0
305.0 0.0
306.0 0.0
307.0 0.0
308.0 0.0
309.0 0.0
310.0 0.0
311.0 0.0
312.0 0.0
313.0 0.0
314.0 0.0
315.0 0.0
316.0 0.0
317.0 0.0
318.0 0.0
319.0 0.0
320.0 0.0
321.0 0.0
322.0 0.0
323.0 0.0
324.0 0.0
325.0 0.0
326.0 0.0
327.0 0.0
328.0 0.0
329.0 0.0
330.0 0.0
331.0 0.0390625
332.0 3.6953125
333.0 5.3046875
334.0 5.1015625
335.0 5.078125
336.0 5.34375
337.0 5.4609375
338.0 2.546875
339.0 8.5703125
340.0 5.234375
341.0 4.7734375
342.0 4.9296875
343.0 4.8125
344.0 2.0625
345.0 8.015625
346.0 4.6484375
347.0 4.953125
348.0 5.3359375
349.0 5.109375
350.0 5.2734375
351.0 5.0703125
352.0 5.1953125
353.0 5.3125
354.0 5.25
355.0 5.0078125
356.0 5.5
357.0 1.65625
358.0 9.0078125
359.0 5.453125
360.0 5.3203125
361.0 0.9296875
362.0 10.046875
363.0 5.3515625
364.0 5.5
365.0 5.484375
366.0 5.3203125
367.0 5.171875
368.0 5.453125
369.0 5.25
370.0 2.1875
371.0 6.4140625
372.0 1.6484375
373.0 5.109375
374.0 5.6796875
375.0 5.484375
376.0 5.421875
377.0 5.171875
378.0 4.7421875
379.0 5.734375
380.0 6.0625
381.0 6.2421875
382.0 2.5234375
383.0 8.1328125
384.0 5.2734375
385.0 5.046875
386.0 5.203125
387.0 5.1640625
388.0 4.9609375
389.0 4.6484375
390.0 5.2734375
391.0 5.4375
392.0 5.6328125
393.0 3.640625
394.0 3.4765625
395.0 0.65625
396.0 9.046875
397.0 5.3984375
398.0 5.3203125
399.0 5.0859375
400.0 4.828125
401.0 5.3046875
402.0 5.1640625
403.0 5.3046875
404.0 5.3203125
405.0 5.3203125
406.0 1.09375
407.0 10.578125
408.0 5.6484375
409.0 4.5703125
410.0 5.3359375
411.0 5.4375
412.0 5.3828125
413.0 5.578125
414.0 5.6171875
415.0 5.671875
416.0 2.1328125
417.0 9.0625
418.0 5.3515625
419.0 5.3515625
420.0 5.53125
421.0 5.6640625
422.0 1.0625
423.0 9.8359375
424.0 5.3359375
425.0 5.3125
426.0 4.984375
427.0 5.1953125
428.0 5.15625
429.0 5.140625
430.0 5.3359375
431.0 4.9921875
432.0 3.6796875
433.0 2.6640625
434.0 5.5625
435.0 4.890625
436.0 4.890625
437.0 5.046875
438.0 4.9921875
439.0 4.6640625
440.0 0.1640625
441.0 6.484375
442.0 5.3515625
443.0 5.6484375
444.0 5.53125
445.0 5.3359375
446.0 5.109375
447.0 5.2578125
448.0 5.28125
449.0 5.234375
450.0 4.84375
451.0 5.125
452.0 4.71875
453.0 3.828125
454.0 6.109375
455.0 4.6640625
456.0 4.8046875
457.0 4.78125
458.0 4.7578125
459.0 4.7734375
460.0 2.640625
461.0 6.8671875
462.0 4.8671875
463.0 4.9453125
464.0 4.9609375
465.0 4.0234375
466.0 4.78125
467.0 3.828125
468.0 3.46875
469.0 4.4140625
470.0 4.6484375
471.0 4.8046875
472.0 0.6640625
473.0 9.34375
474.0 5.0859375
475.0 4.6875
476.0 4.875
477.0 4.609375
478.0 4.3671875
479.0 5.0859375
480.0 4.8046875
481.0 1.2421875
482.0 7.8515625
483.0 4.46875
484.0 4.8125
485.0 5.0078125
486.0 5.1640625
487.0 4.9765625
488.0 5.1640625
489.0 5.2890625
490.0 5.2890625
491.0 5.2578125
492.0 5.3125
493.0 5.171875
494.0 5.21875
495.0 4.9296875
496.0 5.015625
497.0 5.28125
498.0 4.0078125
499.0 6.484375
500.0 5.1875
501.0 5.1953125
502.0 4.984375
503.0 2.90625
504.0 7.984375
505.0 5.1875
506.0 5.453125
507.0 5.0234375
508.0 1.8046875
509.0 6.6640625
510.0 4.4296875
511.0 3.171875
512.0 4.21875
513.0 4.71875
514.0 4.3515625
515.0 3.0859375
516.0 2.296875
517.0 3.140625
518.0 4.59375
519.0 4.125
520.0 3.9765625
521.0 1.0546875
522.0 7.125
523.0 4.3515625
524.0 3.4453125
525.0 3.8828125
526.0 3.828125
527.0 4.6640625
528.0 4.7734375
529.0 4.6875
530.0 4.59375
531.0 4.46875
532.0 4.5703125
533.0 2.015625
534.0 7.9453125
535.0 4.9609375
536.0 4.90625
537.0 4.90625
538.0 4.8125
539.0 4.3359375
540.0 5.3828125
541.0 4.71875
542.0 4.578125
543.0 4.75
544.0 4.578125
545.0 4.828125
546.0 4.8359375
547.0 4.7109375
548.0 4.453125
549.0 4.1015625
550.0 4.171875
551.0 3.765625
552.0 1.7890625
553.0 6.7421875
554.0 4.7578125
555.0 4.828125
556.0 4.6796875
557.0 4.6484375
558.0 4.2421875
559.0 0.046875
560.0 8.3125
561.0 4.9921875
562.0 4.28125
563.0 4.3359375
564.0 4.0078125
565.0 3.9140625
566.0 4.1015625
567.0 3.84375
568.0 4.0546875
569.0 2.5078125
570.0 5.2890625
571.0 3.8203125
572.0 3.640625
573.0 3.7109375
574.0 3.7578125
575.0 3.640625
576.0 3.578125
577.0 3.875
578.0 4.25
579.0 4.2421875
580.0 4.0703125
581.0 4.328125
582.0 4.1875
583.0 4.4453125
584.0 1.5703125
585.0 7.1953125
586.0 4.5625
587.0 4.1484375
588.0 2.3046875
589.0 1.7890625
590.0 6.9296875
591.0 3.96875
592.0 3.859375
593.0 4.0390625
594.0 3.0390625
595.0 3.9375
596.0 4.7734375
597.0 4.09375
598.0 4.4453125
599.0 4.25
