0.0 9.6640625
1.0 6.78125
2.0 6.6640625
3.0 7.4609375
4.0 7.078125
5.0 7.1015625
6.0 7.375
7.0 7.109375
8.0 6.7734375
9.0 7.15625
10.0 7.375
11.0 7.0078125
12.0 6.9296875
13.0 3.0234375
14.0 11.6875
15.0 7.2109375
16.0 6.8984375
17.0 6.2109375
18.0 7.015625
19.0 6.5703125
20.0 6.9921875
21.0 6.8984375
22.0 7.2109375
23.0 6.734375
24.0 6.7734375
25.0 6.9140625
26.0 6.3671875
27.0 6.9609375
28.0 6.8828125
29.0 7.2421875
30.0 6.953125
31.0 3.6484375
32.0 9.296875
33.0 4.921875
34.0 8.6015625
35.0 6.421875
36.0 5.75
37.0 4.28125
38.0 7.25
39.0 6.1796875
40.0 6.203125
41.0 6.2578125
42.0 5.671875
43.0 6.2421875
44.0 6.40625
45.0 6.0859375
46.0 6.453125
47.0 6.2734375
48.0 6.4453125
49.0 6.8046875
50.0 6.65625
51.0 6.2734375
52.0 7.1953125
53.0 6.84375
54.0 6.859375
55.0 4.6875
56.0 7.8515625
57.0 6.390625
58.0 5.609375
59.0 5.671875
60.0 6.5
61.0 6.515625
62.0 5.796875
63.0 6.3359375
64.0 5.9609375
65.0 6.140625
66.0 6.140625
67.0 5.9921875
68.0 5.34375
69.0 7.9921875
70.0 6.5390625
71.0 6.3515625
72.0 6.8828125
73.0 7.1953125
74.0 6.8671875
75.0 7.0625
76.0 6.2421875
77.0 5.84375
78.0 6.7109375
79.0 6.0859375
80.0 6.1796875
81.0 5.7109375
82.0 5.40625
83.0 4.1484375
84.0 1.40625
85.0 7.15625
86.0 6.0390625
87.0 5.9375
88.0 5.8125
89.0 4.4296875
90.0 4.5
91.0 3.46875
92.0 3.28125
93.0 3.671875
94.0 3.296875
95.0 3.7265625
96.0 3.015625
97.0 2.5390625
98.0 0.0
99.0 7.6328125
100.0 3.328125
101.0 3.3203125
102.0 3.3125
103.0 1.9375
104.0 5.015625
105.0 3.25
106.0 3.59375
107.0 3.6953125
108.0 3.7890625
109.0 3.828125
110.0 3.9921875
111.0 4.6484375
112.0 5.7109375
113.0 6.5078125
114.0 6.6015625
115.0 6.9140625
116.0 6.6015625
117.0 6.6171875
118.0 6.625
119.0 6.3203125
120.0 5.8515625
121.0 4.0703125
122.0 9.28125
123.0 6.78125
124.0 6.4765625
125.0 6.2890625
126.0 6.171875
127.0 7.2109375
128.0 6.453125
129.0 6.703125
130.0 6.7109375
131.0 7.0703125
132.0 6.7109375
133.0 6.2265625
134.0 6.4375
135.0 6.5703125
136.0 6.625
137.0 6.4375
138.0 6.4375
139.0 6.421875
140.0 6.453125
141.0 1.046875
142.0 11.4609375
143.0 6.1484375
144.0 5.578125
145.0 6.828125
146.0 5.609375
147.0 5.53125
148.0 7.2578125
149.0 5.15625
150.0 7.2578125
151.0 3.1953125
152.0 5.15625
153.0 5.96875
154.0 5.6328125
155.0 5.703125
156.0 5.5546875
157.0 5.0078125
158.0 8.796875
159.0 4.8671875
160.0 8.09375
161.0 6.2265625
162.0 6.6484375
163.0 4.9453125
164.0 7.8515625
165.0 6.203125
166.0 5.859375
167.0 6.0234375
168.0 6.328125
169.0 6.1796875
170.0 5.34375
171.0 5.34375
172.0 6.203125
173.0 5.8828125
174.0 5.609375
175.0 5.0703125
176.0 5.3671875
177.0 5.21875
178.0 5.078125
179.0 6.2109375
180.0 6.0625
181.0 5.515625
182.0 3.9375
183.0 0.078125
184.0 8.8359375
185.0 5.7109375
186.0 4.328125
187.0 0.8515625
188.0 0.7890625
189.0 0.5703125
190.0 0.765625
191.0 0.8671875
192.0 0.6953125
193.0 0.8125
194.0 1.28125
195.0 1.4921875
196.0 0.4296875
197.0 6.2265625
198.0 2.21875
199.0 5.015625
200.0 6.6171875
201.0 2.1796875
202.0 0.78125
203.0 0.0
204.0 4.5
205.0 6.328125
206.0 5.5859375
207.0 4.390625
208.0 0.4921875
209.0 0.3125
210.0 0.421875
211.0 0.3359375
212.0 0.4296875
213.0 1.265625
214.0 2.953125
215.0 1.7890625
216.0 0.0
217.0 5.609375
218.0 1.34375
219.0 0.3671875
220.0 0.3046875
221.0 0.1640625
222.0 0.1796875
223.0 0.3671875
224.0 0.875
225.0 3.1640625
226.0 5.53125
227.0 6.234375
228.0 6.296875
229.0 6.3515625
230.0 2.9609375
231.0 10.28125
232.0 6.6640625
233.0 6.625
234.0 6.484375
235.0 5.765625
236.0 7.71875
237.0 6.2578125
238.0 4.921875
239.0 3.953125
240.0 4.984375
241.0 3.3203125
242.0 4.6875
243.0 5.0234375
244.0 5.7109375
245.0 5.7578125
246.0 6.296875
247.0 5.578125
248.0 3.96875
249.0 7.6015625
250.0 6.453125
251.0 6.03125
252.0 5.609375
253.0 3.1171875
254.0 6.4140625
255.0 5.7578125
256.0 4.4140625
257.0 5.1953125
258.0 5.515625
259.0 4.921875
260.0 3.4140625
261.0 3.5234375
262.0 5.7890625
263.0 5.7265625
264.0 5.7890625
265.0 4.6953125
266.0 4.6015625
267.0 1.0234375
268.0 10.109375
269.0 5.8828125
270.0 5.109375
271.0 2.8515625
272.0 7.796875
273.0 5.8828125
274.0 6.15625
275.0 4.90625
276.0 8.1328125
277.0 4.4296875
278.0 7.734375
279.0 6.234375
280.0 3.921875
281.0 5.46875
282.0 5.3125
283.0 5.2734375
284.0 4.515625
285.0 4.7421875
286.0 1.984375
287.0 2.6328125
288.0 6.078125
289.0 6.359375
290.0 5.6796875
291.0 5.2734375
292.0 5.875
293.0 4.5390625
294.0 7.0625
295.0 3.59375
296.0 6.1171875
297.0 6.0390625
298.0 5.2265625
299.0 5.6640625
300.0 4.6015625
301.0 2.90625
302.0 2.671875
303.0 5.0234375
304.0 5.3203125
305.0 5.453125
306.0 5.1640625
307.0 1.9765625
308.0 9.875
309.0 5.4921875
310.0 4.4140625
311.0 3.265625
312.0 0.8828125
313.0 6.7421875
314.0 3.4453125
315.0 1.859375
316.0 3.578125
317.0 5.53125
318.0 5.3359375
319.0 5.46875
320.0 5.6484375
321.0 5.0859375
322.0 3.4453125
323.0 2.671875
324.0 5.9375
325.0 6.5
326.0 3.578125
327.0 9.75
328.0 7.421875
329.0 7.8125
330.0 7.5390625
331.0 6.8671875
332.0 4.0859375
333.0 11.0234375
334.0 7.6328125
335.0 8.2265625
336.0 8.0546875
337.0 8.5
338.0 8.171875
339.0 8.2421875
340.0 8.625
341.0 8.734375
342.0 8.265625
343.0 7.28125
344.0 6.40625
345.0 1.34375
346.0 6.46875
347.0 3.84375
348.0 7.5546875
349.0 7.8515625
350.0 7.5859375
351.0 7.765625
352.0 3.828125
353.0 0.0
354.0 9.0703125
355.0 7.4609375
356.0 5.1015625
357.0 4.6875
358.0 7.3984375
359.0 7.09375
360.0 7.15625
361.0 7.2109375
362.0 7.6640625
363.0 6.6875
364.0 2.890625
365.0 4.9296875
366.0 7.4375
367.0 5.7265625
368.0 5.0234375
369.0 7.1328125
370.0 6.84375
371.0 6.7734375
372.0 7.46875
373.0 6.9921875
374.0 6.2890625
375.0 7.546875
376.0 6.9453125
377.0 7.1640625
378.0 4.3203125
379.0 7.0625
380.0 7.2109375
381.0 7.84375
382.0 8.1171875
383.0 6.1796875
384.0 1.828125
385.0 6.5546875
386.0 5.3203125
387.0 7.8359375
388.0 8.0625
389.0 7.2578125
390.0 7.421875
391.0 7.84375
392.0 7.578125
393.0 8.0859375
394.0 7.8828125
395.0 7.6953125
396.0 7.40625
397.0 7.1640625
398.0 6.921875
399.0 7.2109375
400.0 7.0390625
401.0 7.125
402.0 7.140625
403.0 6.8828125
404.0 6.9609375
405.0 2.3125
406.0 12.25
407.0 7.4375
408.0 7.2734375
409.0 5.40625
410.0 8.6796875
411.0 6.84375
412.0 6.9765625
413.0 7.3125
414.0 7.375
415.0 7.6328125
416.0 7.484375
417.0 7.28125
418.0 7.421875
419.0 7.765625
420.0 7.2265625
421.0 6.5078125
422.0 7.09375
423.0 7.15625
424.0 6.703125
425.0 5.859375
426.0 6.109375
427.0 6.421875
428.0 6.6328125
429.0 4.6640625
430.0 4.6953125
431.0 4.4296875
432.0 5.0234375
433.0 4.5625
434.0 4.5
435.0 4.546875
436.0 4.3671875
437.0 4.46875
438.0 4.0078125
439.0 3.7890625
440.0 4.390625
441.0 4.5
442.0 4.28125
443.0 4.1875
444.0 4.296875
445.0 4.1875
446.0 4.8359375
447.0 4.515625
448.0 3.5546875
449.0 4.0625
450.0 4.6953125
451.0 2.7890625
452.0 7.3671875
453.0 5.078125
454.0 5.3671875
455.0 5.2890625
456.0 4.890625
457.0 1.828125
458.0 8.5859375
459.0 4.9453125
460.0 5.1640625
461.0 6.109375
462.0 5.203125
463.0 6.1875
464.0 6.3671875
465.0 6.125
466.0 6.5546875
467.0 6.1484375
468.0 6.421875
469.0 5.9453125
470.0 5.421875
471.0 0.375
472.0 11.4140625
473.0 5.75
474.0 5.53125
475.0 3.2265625
476.0 8.5390625
477.0 2.390625
478.0 8.96875
479.0 5.75
480.0 5.40625
481.0 5.2734375
482.0 8.3203125
483.0 5.203125
484.0 4.796875
485.0 3.7578125
486.0 3.40625
487.0 5.8828125
488.0 6.5703125
489.0 5.6328125
490.0 6.6875
491.0 6.4453125
492.0 6.078125
493.0 6.328125
494.0 6.859375
495.0 4.4453125
496.0 6.5625
497.0 4.8984375
498.0 3.59375
499.0 3.3125
500.0 6.109375
501.0 6.6015625
502.0 6.6171875
503.0 6.984375
504.0 6.734375
505.0 6.828125
506.0 6.6875
507.0 6.46875
508.0 6.6875
509.0 6.4765625
510.0 5.5625
511.0 5.4296875
512.0 6.5390625
513.0 1.9140625
514.0 11.7578125
515.0 7.0390625
516.0 6.8125
517.0 6.7421875
518.0 7.109375
519.0 7.078125
520.0 7.2734375
521.0 6.9609375
522.0 7.484375
523.0 7.3046875
524.0 7.09375
525.0 7.640625
526.0 6.453125
527.0 7.765625
528.0 6.984375
529.0 7.2109375
530.0 6.734375
531.0 7.375
532.0 7.6171875
533.0 6.53125
534.0 6.515625
535.0 6.4453125
536.0 7.1875
537.0 5.7890625
538.0 4.09375
539.0 7.3203125
540.0 5.75
541.0 5.203125
542.0 8.3125
543.0 6.3515625
544.0 6.71875
545.0 6.4375
546.0 5.890625
547.0 6.15625
548.0 6.4453125
549.0 7.0390625
550.0 6.3671875
551.0 6.0859375
552.0 5.890625
553.0 3.9140625
554.0 1.6484375
555.0 6.3046875
556.0 5.3828125
557.0 5.453125
558.0 5.15625
559.0 4.8671875
560.0 5.2265625
561.0 5.0546875
562.0 4.8984375
563.0 5.0859375
564.0 5.2890625
565.0 5.53125
566.0 5.28125
567.0 5.3515625
568.0 3.578125
569.0 6.171875
570.0 4.796875
571.0 4.46875
572.0 4.9921875
573.0 6.0234375
574.0 6.1796875
575.0 5.1875
576.0 8.4453125
577.0 6.953125
578.0 6.3828125
579.0 6.421875
580.0 4.984375
581.0 5.015625
582.0 3.8203125
583.0 1.1953125
584.0 2.2734375
585.0 6.2890625
586.0 6.359375
587.0 6.40625
588.0 6.2421875
589.0 5.25
590.0 5.84375
591.0 5.9453125
592.0 6.984375
593.0 7.0390625
594.0 6.9765625
595.0 7.109375
596.0 3.046875
597.0 6.71875
598.0 2.2109375
599.0 5.78125
