0.0 6.1875
1.0 6.421875
2.0 6.2734375
3.0 4.2421875
4.0 8.4609375
5.0 6.3828125
6.0 6.109375
7.0 6.2265625
8.0 4.859375
9.0 5.3203125
10.0 5.609375
11.0 5.78125
12.0 4.546875
13.0 5.2890625
14.0 6.1171875
15.0 6.2265625
16.0 2.8046875
17.0 9.421875
18.0 6.203125
19.0 5.828125
20.0 6.2421875
21.0 5.6171875
22.0 5.3671875
23.0 5.3359375
24.0 5.9453125
25.0 5.6796875
26.0 5.9921875
27.0 5.890625
28.0 5.875
29.0 5.765625
30.0 6.2109375
31.0 6.078125
32.0 5.890625
33.0 5.1953125
34.0 1.53125
35.0 9.4453125
36.0 5.6484375
37.0 6.15625
38.0 6.2421875
39.0 3.609375
40.0 8.7734375
41.0 5.4296875
42.0 6.78125
43.0 5.9921875
44.0 5.890625
45.0 5.9609375
46.0 6.3203125
47.0 6.15625
48.0 5.8828125
49.0 5.9453125
50.0 5.9609375
51.0 5.34375
52.0 5.6015625
53.0 5.078125
54.0 6.6328125
55.0 5.5546875
56.0 5.765625
57.0 5.25
58.0 6.46875
59.0 5.4296875
60.0 5.8515625
61.0 4.9609375
62.0 6.828125
63.0 5.7578125
64.0 5.640625
65.0 6.0390625
66.0 5.8515625
67.0 5.5
68.0 5.96875
69.0 5.8515625
70.0 6.109375
71.0 6.2109375
72.0 5.9453125
73.0 6.2890625
74.0 6.109375
75.0 6.0546875
76.0 1.6484375
77.0 10.3828125
78.0 5.90625
79.0 5.28125
80.0 6.6171875
81.0 5.8515625
82.0 5.9609375
83.0 5.3671875
84.0 5.6328125
85.0 5.5234375
86.0 5.78125
87.0 5.9140625
88.0 5.7265625
89.0 5.6328125
90.0 5.703125
91.0 5.7109375
92.0 2.921875
93.0 0.0
94.0 6.328125
95.0 1.65625
96.0 5.25
97.0 6.03125
98.0 6.109375
99.0 6.0078125
100.0 5.3671875
101.0 0.0
102.0 6.3671875
103.0 1.3203125
104.0 4.9921875
105.0 3.0703125
106.0 2.921875
107.0 3.4375
108.0 2.03125
109.0 0.0
110.0 9.5546875
111.0 5.7109375
112.0 6.1796875
113.0 5.96875
114.0 5.859375
115.0 5.890625
116.0 5.40625
117.0 5.203125
118.0 5.8828125
119.0 5.5546875
120.0 5.890625
121.0 6.0859375
122.0 4.3984375
123.0 7.0703125
124.0 5.8515625
125.0 5.765625
126.0 5.8125
127.0 4.46875
128.0 6.484375
129.0 5.375
130.0 5.734375
131.0 5.875
132.0 5.7890625
133.0 5.6484375
134.0 4.921875
135.0 4.46875
136.0 3.0546875
137.0 2.1484375
138.0 7.4609375
139.0 6.234375
140.0 5.7890625
141.0 4.6796875
142.0 5.25
143.0 6.0
144.0 6.0390625
145.0 5.890625
146.0 5.8125
147.0 5.8203125
148.0 5.6328125
149.0 3.96875
150.0 4.125
151.0 5.6015625
152.0 5.7265625
153.0 4.53125
154.0 4.453125
155.0 5.875
156.0 6.109375
157.0 5.3671875
158.0 6.2578125
159.0 3.7265625
160.0 4.0625
161.0 5.5625
162.0 6.0546875
163.0 6.109375
164.0 5.015625
165.0 6.703125
166.0 5.9609375
167.0 5.46875
168.0 6.6640625
169.0 5.5625
170.0 6.171875
171.0 5.8203125
172.0 6.2265625
173.0 5.421875
174.0 6.921875
175.0 5.8125
176.0 5.90625
177.0 5.9765625
178.0 6.2734375
179.0 5.40625
180.0 7.03125
181.0 5.8203125
182.0 7.21875
183.0 6.0234375
184.0 6.0625
185.0 6.296875
186.0 6.1484375
187.0 6.4140625
188.0 6.234375
189.0 6.265625
190.0 6.1484375
191.0 5.875
192.0 5.90625
193.0 6.125
194.0 6.03125
195.0 5.1875
196.0 4.8046875
197.0 1.6875
198.0 6.7109375
199.0 1.5078125
200.0 3.921875
201.0 4.5078125
202.0 5.671875
203.0 4.7421875
204.0 6.890625
205.0 5.609375
206.0 5.5859375
207.0 5.4609375
208.0 5.75
209.0 5.1640625
210.0 5.5859375
211.0 5.875
212.0 5.84375
213.0 5.578125
214.0 5.671875
215.0 3.65625
216.0 8.3828125
217.0 5.703125
218.0 6.125
219.0 6.109375
220.0 6.03125
221.0 2.71875
222.0 0.0
223.0 6.234375
224.0 2.2109375
225.0 0.8125
226.0 1.859375
227.0 5.2578125
228.0 5.0703125
229.0 4.8671875
230.0 6.1875
231.0 5.84375
232.0 6.703125
233.0 6.3828125
234.0 6.5
235.0 6.421875
236.0 4.390625
237.0 7.8671875
238.0 6.0625
239.0 6.15625
240.0 4.7578125
241.0 7.15625
242.0 5.9453125
243.0 5.9765625
244.0 6.2421875
245.0 6.125
246.0 6.484375
247.0 1.8359375
248.0 8.234375
249.0 5.515625
250.0 5.578125
251.0 5.4296875
252.0 5.734375
253.0 5.5859375
254.0 5.5859375
255.0 4.1171875
256.0 3.8515625
257.0 4.71875
258.0 5.6640625
259.0 5.5
260.0 6.1171875
261.0 6.109375
262.0 4.6484375
263.0 6.8984375
264.0 5.0859375
265.0 3.609375
266.0 4.1171875
267.0 5.78125
268.0 5.78125
269.0 5.9140625
270.0 5.546875
271.0 6.1875
272.0 6.2734375
273.0 3.625
274.0 7.7265625
275.0 1.6171875
276.0 1.6171875
277.0 4.3359375
278.0 6.140625
279.0 5.453125
280.0 5.2265625
281.0 5.5
282.0 6.2421875
283.0 6.203125
284.0 6.0
285.0 5.9921875
286.0 6.1171875
287.0 6.140625
288.0 2.6015625
289.0 9.640625
290.0 5.90625
291.0 5.703125
292.0 1.6875
293.0 9.8046875
294.0 6.3203125
295.0 5.21875
296.0 5.28125
297.0 6.0859375
298.0 6.15625
299.0 5.40625
300.0 4.984375
301.0 4.796875
302.0 5.3984375
303.0 0.90625
304.0 8.4140625
305.0 5.890625
306.0 6.0390625
307.0 6.0546875
308.0 6.2890625
309.0 6.2578125
310.0 6.2109375
311.0 5.9609375
312.0 5.84375
313.0 5.9453125
314.0 5.90625
315.0 5.3828125
316.0 6.78125
317.0 5.609375
318.0 5.9296875
319.0 6.09375
320.0 5.96875
321.0 5.8125
322.0 5.875
323.0 5.2890625
324.0 3.734375
325.0 7.78125
326.0 6.09375
327.0 5.53125
328.0 5.8828125
329.0 5.7265625
330.0 5.9296875
331.0 6.09375
332.0 5.8203125
333.0 5.9453125
334.0 6.1484375
335.0 5.640625
336.0 2.9609375
337.0 8.3125
338.0 6.0390625
339.0 6.2109375
340.0 6.234375
341.0 6.3359375
342.0 5.9375
343.0 5.9921875
344.0 6.0078125
345.0 5.9296875
346.0 5.859375
347.0 5.90625
348.0 5.640625
349.0 1.71875
350.0 10.7109375
351.0 6.203125
352.0 6.1484375
353.0 6.2265625
354.0 6.1484375
355.0 5.6484375
356.0 2.875
357.0 8.2890625
358.0 4.65625
359.0 5.015625
360.0 5.3203125
361.0 5.453125
362.0 5.6640625
363.0 4.8984375
364.0 5.875
365.0 6.515625
366.0 6.421875
367.0 6.4375
368.0 6.265625
369.0 4.359375
370.0 7.6953125
371.0 6.0390625
372.0 6.2109375
373.0 6.1171875
374.0 6.2890625
375.0 4.609375
376.0 7.390625
377.0 5.859375
378.0 5.8515625
379.0 5.6953125
380.0 5.9453125
381.0 6.125
382.0 5.9296875
383.0 6.109375
384.0 6.140625
385.0 6.0
386.0 5.875
387.0 5.8125
388.0 4.125
389.0 8.0234375
390.0 6.46875
391.0 6.0
392.0 3.0234375
393.0 9.3125
394.0 6.2734375
395.0 6.15625
396.0 5.84375
397.0 6.171875
398.0 5.9765625
399.0 4.8984375
400.0 4.359375
401.0 5.21875
402.0 5.6484375
403.0 5.25
404.0 6.6015625
405.0 5.8515625
406.0 5.9375
407.0 6.1796875
408.0 6.15625
409.0 5.9765625
410.0 6.5546875
411.0 5.9921875
412.0 6.1484375
413.0 6.0625
414.0 5.9296875
415.0 6.0546875
416.0 6.0625
417.0 1.7890625
418.0 10.078125
419.0 5.53125
420.0 5.8203125
421.0 5.5234375
422.0 2.234375
423.0 9.5234375
424.0 1.9375
425.0 1.5703125
426.0 1.03125
427.0 0.9921875
428.0 1.1484375
429.0 0.6171875
430.0 1.390625
431.0 0.7578125
432.0 0.0390625
433.0 0.0
434.0 0.0
435.0 4.3828125
436.0 1.9375
437.0 1.5390625
438.0 1.203125
439.0 3.2265625
440.0 3.6953125
441.0 1.8515625
442.0 1.2890625
443.0 1.1796875
444.0 1.640625
445.0 0.8515625
446.0 1.171875
447.0 1.140625
448.0 0.4921875
449.0 0.0
450.0 0.0
451.0 4.6640625
452.0 0.8671875
453.0 0.5078125
454.0 1.46875
455.0 4.7578125
456.0 4.4453125
457.0 5.484375
458.0 5.859375
459.0 5.9375
460.0 3.875
461.0 0.21875
462.0 8.390625
463.0 5.9765625
464.0 5.9140625
465.0 6.265625
466.0 6.0078125
467.0 5.9921875
468.0 5.8125
469.0 5.75
470.0 6.234375
471.0 5.8125
472.0 5.4375
473.0 0.140625
474.0 9.1171875
475.0 5.9453125
476.0 5.46875
477.0 5.7890625
478.0 5.8828125
479.0 5.6484375
480.0 6.03125
481.0 5.9609375
482.0 5.7890625
483.0 5.609375
484.0 5.2734375
485.0 2.234375
486.0 7.3125
487.0 5.8515625
488.0 6.15625
489.0 5.84375
490.0 2.8046875
491.0 8.375
492.0 5.3046875
493.0 5.078125
494.0 5.1328125
495.0 5.9921875
496.0 5.9609375
497.0 5.640625
498.0 5.546875
499.0 4.265625
500.0 4.4765625
501.0 5.3515625
502.0 6.0078125
503.0 5.90625
504.0 5.9453125
505.0 5.9140625
506.0 5.9140625
507.0 3.7265625
508.0 8.625
509.0 6.1171875
510.0 6.03125
511.0 5.8125
512.0 5.90625
513.0 5.9609375
514.0 6.109375
515.0 5.9375
516.0 6.0078125
517.0 5.671875
518.0 6.234375
519.0 5.9921875
520.0 4.546875
521.0 8.0546875
522.0 6.0078125
523.0 6.1875
524.0 3.2578125
525.0 9.3046875
526.0 6.0390625
527.0 5.8515625
528.0 5.0546875
529.0 6.2890625
530.0 6.515625
531.0 6.109375
532.0 6.1796875
533.0 6.2734375
534.0 5.859375
535.0 5.9453125
536.0 5.2578125
537.0 6.2734375
538.0 6.03125
539.0 5.796875
540.0 6.6875
541.0 6.390625
542.0 6.2109375
543.0 6.265625
544.0 6.203125
545.0 6.4453125
546.0 6.515625
547.0 6.3515625
548.0 6.0390625
549.0 5.90625
550.0 6.0859375
551.0 6.3515625
552.0 6.265625
553.0 4.6484375
554.0 7.4296875
555.0 6.09375
556.0 5.890625
557.0 5.421875
558.0 1.328125
559.0 9.5234375
560.0 6.859375
561.0 5.8828125
562.0 6.0625
563.0 5.109375
564.0 4.71875
565.0 5.3359375
566.0 5.2265625
567.0 5.25
568.0 5.1328125
569.0 4.90625
570.0 5.203125
571.0 4.9296875
572.0 6.7734375
573.0 5.9296875
574.0 5.125
575.0 5.3046875
576.0 5.9375
577.0 6.3203125
578.0 6.0078125
579.0 4.9921875
580.0 5.6953125
581.0 5.5546875
582.0 4.1484375
583.0 5.2890625
584.0 5.9140625
585.0 4.453125
586.0 3.90625
587.0 7.09375
588.0 4.8671875
589.0 5.2578125
590.0 6.2578125
591.0 6.140625
592.0 6.0625
593.0 6.125
594.0 6.0546875
595.0 6.140625
596.0 6.2890625
597.0 6.2421875
598.0 4.1015625
599.0 5.109375
