0.0 7.90625
1.0 3.7109375
2.0 3.046875
3.0 4.0625
4.0 4.328125
5.0 4.421875
6.0 4.0234375
7.0 4.21875
8.0 4.1171875
9.0 3.5859375
10.0 2.1484375
11.0 0.0390625
12.0 5.7890625
13.0 4.03125
14.0 4.234375
15.0 4.2734375
16.0 4.25
17.0 3.9765625
18.0 4.1796875
19.0 4.125
20.0 4.1484375
21.0 2.7890625
22.0 5.3515625
23.0 3.7421875
24.0 4.125
25.0 3.7578125
26.0 4.1875
27.0 3.7109375
28.0 3.9140625
29.0 2.71875
30.0 3.3984375
31.0 4.2421875
32.0 3.25
33.0 4.3046875
34.0 2.6953125
35.0 2.8046875
36.0 3.8828125
37.0 3.5859375
38.0 3.7265625
39.0 3.3203125
40.0 2.21875
41.0 3.3515625
42.0 3.7734375
43.0 3.7265625
44.0 3.609375
45.0 3.578125
46.0 3.609375
47.0 2.984375
48.0 0.0
49.0 8.1484375
50.0 3.265625
51.0 3.5
52.0 3.046875
53.0 0.734375
54.0 0.0
55.0 6.921875
56.0 3.34375
57.0 3.2265625
58.0 3.2890625
59.0 3.1640625
60.0 4.0390625
61.0 3.8046875
62.0 3.65625
63.0 3.765625
64.0 4.234375
65.0 3.7578125
66.0 3.953125
67.0 2.875
68.0 0.078125
69.0 5.6796875
70.0 3.25
71.0 3.2890625
72.0 3.4375
73.0 3.46875
74.0 0.5078125
75.0 5.6640625
76.0 2.9609375
77.0 3.0
78.0 3.2890625
79.0 3.46875
80.0 3.0
81.0 1.65625
82.0 2.8046875
83.0 3.4921875
84.0 3.5
85.0 3.328125
86.0 3.140625
87.0 0.90625
88.0 6.828125
89.0 3.9140625
90.0 3.7421875
91.0 3.640625
92.0 3.625
93.0 0.2578125
94.0 7.2265625
95.0 3.6953125
96.0 3.3671875
97.0 3.3203125
98.0 3.953125
99.0 3.59375
100.0 2.890625
101.0 2.1484375
102.0 3.4453125
103.0 3.96875
104.0 4.265625
105.0 4.359375
106.0 2.75
107.0 5.53125
108.0 3.859375
109.0 3.5859375
110.0 3.8046875
111.0 3.7109375
112.0 3.890625
113.0 3.53125
114.0 4.0625
115.0 3.921875
116.0 3.5625
117.0 3.3515625
118.0 3.21875
119.0 3.4765625
120.0 0.546875
121.0 6.328125
122.0 3.5859375
123.0 3.515625
124.0 3.5625
125.0 3.875
126.0 3.7734375
127.0 3.796875
128.0 3.8203125
129.0 3.625
130.0 3.65625
131.0 3.6953125
132.0 3.59375
133.0 3.4921875
134.0 3.796875
135.0 2.0390625
136.0 5.5859375
137.0 3.9921875
138.0 3.1015625
139.0 3.3828125
140.0 0.8359375
141.0 6.9765625
142.0 3.9375
143.0 3.640625
144.0 3.515625
145.0 3.890625
146.0 3.84375
147.0 3.7734375
148.0 4.3046875
149.0 4.1875
150.0 3.4609375
151.0 2.9296875
152.0 2.84375
153.0 1.8515625
154.0 4.75
155.0 2.4609375
156.0 2.1171875
157.0 2.328125
158.0 2.8125
159.0 3.5625
160.0 3.90625
161.0 3.9921875
162.0 3.25
163.0 1.2421875
164.0 0.046875
165.0 8.3125
166.0 2.7734375
167.0 1.390625
168.0 1.4453125
169.0 3.8515625
170.0 2.9609375
171.0 4.59375
172.0 3.8203125
173.0 4.0078125
174.0 4.25
175.0 4.0390625
176.0 4.0625
177.0 4.0078125
178.0 3.875
179.0 2.609375
180.0 3.28125
181.0 2.9609375
182.0 3.8203125
183.0 3.3984375
184.0 1.375
185.0 6.171875
186.0 3.3125
187.0 3.4921875
188.0 2.921875
189.0 2.8671875
190.0 1.28125
191.0 0.0
192.0 6.796875
193.0 3.2578125
194.0 2.640625
195.0 3.0546875
196.0 2.578125
197.0 2.28125
198.0 2.7890625
199.0 3.140625
200.0 1.7734375
201.0 1.9375
202.0 1.9765625
203.0 1.8984375
204.0 1.40625
205.0 0.0
206.0 0.0
207.0 6.390625
208.0 1.8203125
209.0 1.8203125
210.0 1.7734375
211.0 1.796875
212.0 1.109375
213.0 0.0
214.0 0.078125
215.0 6.0390625
216.0 2.1640625
217.0 1.8984375
218.0 1.9375
219.0 1.8359375
220.0 1.8515625
221.0 1.8828125
222.0 2.0390625
223.0 2.234375
224.0 1.984375
225.0 1.9453125
226.0 1.6171875
227.0 0.1796875
228.0 0.0
229.0 0.0
230.0 0.0
231.0 5.1640625
232.0 1.9453125
233.0 1.890625
234.0 1.8515625
235.0 2.1171875
236.0 2.3671875
237.0 2.625
238.0 2.3125
239.0 1.984375
240.0 1.8515625
241.0 1.8515625
242.0 0.4921875
243.0 0.0
244.0 5.1328125
245.0 2.015625
246.0 2.15625
247.0 2.75
248.0 2.71875
249.0 2.96875
250.0 3.0859375
251.0 3.34375
252.0 1.109375
253.0 6.7734375
254.0 3.921875
255.0 3.7578125
256.0 4.1328125
257.0 4.1171875
258.0 3.9765625
259.0 4.1328125
260.0 4.3203125
261.0 4.1171875
262.0 3.546875
263.0 3.9765625
264.0 4.125
265.0 3.6953125
266.0 2.6328125
267.0 0.0
268.0 7.8515625
269.0 3.28125
270.0 3.5
271.0 3.25
272.0 0.1875
273.0 5.4609375
274.0 2.046875
275.0 1.265625
276.0 1.203125
277.0 0.84375
278.0 1.7421875
279.0 2.375
280.0 3.171875
281.0 3.3671875
282.0 2.421875
283.0 3.609375
284.0 2.59375
285.0 1.3515625
286.0 0.4921875
287.0 0.0
288.0 5.2890625
289.0 3.3203125
290.0 4.9609375
291.0 5.3671875
292.0 5.3203125
293.0 4.8671875
294.0 4.90625
295.0 4.90625
296.0 3.171875
297.0 0.78125
298.0 4.7421875
299.0 3.7734375
300.0 3.5859375
301.0 2.75
302.0 3.859375
303.0 3.7421875
304.0 3.1953125
305.0 3.46875
306.0 2.671875
307.0 4.2734375
308.0 3.0546875
309.0 2.0390625
310.0 1.71875
311.0 2.7421875
312.0 2.6640625
313.0 1.9453125
314.0 1.4765625
315.0 1.7578125
316.0 2.9609375
317.0 5.5
318.0 0.4921875
319.0 2.6640625
320.0 4.4453125
321.0 4.75
322.0 5.34375
323.0 4.2734375
324.0 3.53125
325.0 3.4140625
326.0 3.1484375
327.0 1.921875
328.0 6.7734375
329.0 4.171875
330.0 4.2109375
331.0 4.625
332.0 4.6484375
333.0 4.7578125
334.0 3.7890625
335.0 2.921875
336.0 6.2890625
337.0 4.3359375
338.0 5.5
339.0 5.4609375
340.0 5.0703125
341.0 5.1015625
342.0 5.0390625
343.0 4.7734375
344.0 4.7421875
345.0 4.8046875
346.0 5.21875
347.0 4.9921875
348.0 5.234375
349.0 3.25
350.0 5.3515625
351.0 4.625
352.0 2.8359375
353.0 1.7734375
354.0 0.0
355.0 0.0
356.0 0.0
357.0 6.53125
358.0 4.7265625
359.0 3.671875
360.0 2.90625
361.0 3.5
362.0 3.5546875
363.0 4.0
364.0 2.9609375
365.0 1.96875
366.0 1.7890625
367.0 3.59375
368.0 4.90625
369.0 4.8046875
370.0 2.7265625
371.0 6.40625
372.0 2.2109375
373.0 7.34375
374.0 3.84375
375.0 3.4765625
376.0 3.140625
377.0 1.9453125
378.0 1.5
379.0 1.203125
380.0 1.328125
381.0 1.96875
382.0 1.65625
383.0 1.640625
384.0 1.6171875
385.0 2.015625
386.0 1.7890625
387.0 0.7890625
388.0 0.0
389.0 4.9609375
390.0 3.515625
391.0 3.40625
392.0 3.6953125
393.0 1.8828125
394.0 0.0
395.0 7.1015625
396.0 3.0
397.0 2.8359375
398.0 2.7421875
399.0 3.875
400.0 2.8671875
401.0 3.1640625
402.0 3.375
403.0 3.46875
404.0 3.84375
405.0 2.8125
406.0 2.265625
407.0 0.6875
408.0 5.0703125
409.0 3.5546875
410.0 3.5546875
411.0 2.2734375
412.0 2.90625
413.0 1.6875
414.0 0.15625
415.0 6.84375
416.0 1.609375
417.0 2.625
418.0 3.5
419.0 4.328125
420.0 2.328125
421.0 0.0
422.0 6.6328125
423.0 2.6328125
424.0 3.2578125
425.0 2.2421875
426.0 2.34375
427.0 2.0703125
428.0 1.625
429.0 2.1875
430.0 1.375
431.0 0.9375
432.0 1.6875
433.0 2.09375
434.0 3.078125
435.0 2.1328125
436.0 0.0
437.0 6.7734375
438.0 3.171875
439.0 2.8671875
440.0 2.21875
441.0 0.8359375
442.0 3.53125
443.0 5.375
444.0 2.453125
445.0 1.8671875
446.0 3.8203125
447.0 3.765625
448.0 3.109375
449.0 2.7734375
450.0 1.8984375
451.0 2.3671875
452.0 3.640625
453.0 3.6953125
454.0 4.0234375
455.0 4.1484375
456.0 1.2109375
457.0 7.1328125
458.0 3.6953125
459.0 2.890625
460.0 1.890625
461.0 0.0
462.0 5.40625
463.0 2.578125
464.0 2.03125
465.0 0.3046875
466.0 3.4921875
467.0 3.4453125
468.0 3.4375
469.0 2.625
470.0 3.1640625
471.0 2.84375
472.0 3.140625
473.0 2.1796875
474.0 1.015625
475.0 1.171875
476.0 0.734375
477.0 1.0859375
478.0 1.984375
479.0 1.03125
480.0 0.734375
481.0 1.5
482.0 1.109375
483.0 1.828125
484.0 0.984375
485.0 0.0
486.0 6.75
487.0 3.1640625
488.0 3.46875
489.0 2.7109375
490.0 2.6015625
491.0 0.8515625
492.0 4.6796875
493.0 2.7890625
494.0 3.8828125
495.0 2.8046875
496.0 3.140625
497.0 4.25
498.0 2.953125
499.0 3.1015625
500.0 3.1953125
501.0 3.7265625
502.0 3.3203125
503.0 3.3515625
504.0 3.2578125
505.0 1.4453125
506.0 5.40625
507.0 3.4375
508.0 3.171875
509.0 3.328125
510.0 2.5234375
511.0 1.9765625
512.0 0.0
513.0 6.0546875
514.0 2.8515625
515.0 2.6875
516.0 2.5703125
517.0 3.515625
518.0 3.609375
519.0 3.609375
520.0 3.3203125
521.0 3.65625
522.0 1.421875
523.0 6.8046875
524.0 3.90625
525.0 3.53125
526.0 3.640625
527.0 3.5234375
528.0 3.7421875
529.0 2.9921875
530.0 3.265625
531.0 4.25
532.0 4.0078125
533.0 4.3046875
534.0 4.1015625
535.0 4.0078125
536.0 1.5390625
537.0 0.0
538.0 6.8125
539.0 2.3046875
540.0 2.8515625
541.0 2.7265625
542.0 2.1953125
543.0 0.0078125
544.0 0.1328125
545.0 6.78125
546.0 3.0703125
547.0 3.078125
548.0 3.203125
549.0 3.3125
550.0 3.90625
551.0 3.171875
552.0 3.59375
553.0 3.6484375
554.0 3.7734375
555.0 4.7265625
556.0 2.890625
557.0 2.375
558.0 5.453125
559.0 0.78125
560.0 5.5625
561.0 3.1328125
562.0 3.7890625
563.0 4.171875
564.0 4.5390625
565.0 4.5078125
566.0 5.0234375
567.0 4.484375
568.0 4.3515625
569.0 3.1328125
570.0 2.96875
571.0 4.3359375
572.0 4.1796875
573.0 3.640625
574.0 3.921875
575.0 3.9765625
576.0 3.875
577.0 3.90625
578.0 3.4375
579.0 3.015625
580.0 3.1171875
581.0 3.5546875
582.0 2.9375
583.0 3.1484375
584.0 3.28125
585.0 3.3203125
586.0 3.578125
587.0 3.1171875
588.0 2.9296875
589.0 2.8671875
590.0 2.9609375
591.0 3.578125
592.0 3.140625
593.0 2.75
594.0 3.1640625
595.0 3.1171875
596.0 3.3671875
597.0 3.265625
598.0 3.5
599.0 4.4453125
