0.0 4.7734375
1.0 3.640625
2.0 1.1796875
3.0 1.4375
4.0 0.9453125
5.0 4.984375
6.0 3.7109375
7.0 5.15625
8.0 3.7578125
9.0 3.078125
10.0 2.9609375
11.0 4.2109375
12.0 4.3671875
13.0 4.4453125
14.0 4.2734375
15.0 4.328125
16.0 4.4296875
17.0 2.3984375
18.0 6.296875
19.0 4.3515625
20.0 4.3828125
21.0 4.3203125
22.0 4.296875
23.0 4.3828125
24.0 4.8046875
25.0 4.6640625
26.0 4.65625
27.0 4.4296875
28.0 4.1484375
29.0 4.7265625
30.0 4.6953125
31.0 4.3984375
32.0 4.5703125
33.0 4.453125
34.0 4.59375
35.0 4.578125
36.0 4.484375
37.0 4.46875
38.0 4.3359375
39.0 4.265625
40.0 4.6484375
41.0 4.6328125
42.0 4.5390625
43.0 3.671875
44.0 5.734375
45.0 4.21875
46.0 4.28125
47.0 4.609375
48.0 4.75
49.0 4.484375
50.0 2.15625
51.0 6.3046875
52.0 4.1796875
53.0 3.84375
54.0 4.203125
55.0 4.5
56.0 4.4453125
57.0 4.453125
58.0 4.484375
59.0 4.3828125
60.0 4.625
61.0 4.4453125
62.0 1.5546875
63.0 7.5546875
64.0 4.6796875
65.0 4.828125
66.0 4.6328125
67.0 4.859375
68.0 4.796875
69.0 4.828125
70.0 4.6484375
71.0 4.7734375
72.0 4.6640625
73.0 4.78125
74.0 4.9765625
75.0 2.625
76.0 0.0
77.0 0.25
78.0 8.3125
79.0 4.46875
80.0 5.046875
81.0 4.6328125
82.0 4.6875
83.0 0.765625
84.0 8.4765625
85.0 4.8984375
86.0 4.7109375
87.0 4.7265625
88.0 4.6796875
89.0 4.65625
90.0 4.6328125
91.0 4.515625
92.0 4.84375
93.0 4.8125
94.0 4.75
95.0 2.1328125
96.0 7.7578125
97.0 4.71875
98.0 4.59375
99.0 4.5078125
100.0 4.3359375
101.0 0.46875
102.0 8.1796875
103.0 4.7734375
104.0 5.15625
105.0 5.125
106.0 5.046875
107.0 4.8125
108.0 4.7734375
109.0 4.9453125
110.0 4.6015625
111.0 4.6484375
112.0 4.78125
113.0 4.828125
114.0 3.9921875
115.0 0.0
116.0 9.6328125
117.0 4.6875
118.0 4.7578125
119.0 4.875
120.0 3.625
121.0 6.2578125
122.0 5.0390625
123.0 4.984375
124.0 4.9921875
125.0 5.1328125
126.0 4.8671875
127.0 4.8671875
128.0 5.046875
129.0 4.890625
130.0 4.90625
131.0 5.109375
132.0 4.859375
133.0 3.4921875
134.0 6.421875
135.0 4.9765625
136.0 4.875
137.0 4.6328125
138.0 4.8125
139.0 2.7890625
140.0 6.828125
141.0 4.625
142.0 4.171875
143.0 3.8828125
144.0 4.296875
145.0 4.515625
146.0 4.328125
147.0 3.859375
148.0 4.15625
149.0 4.5
150.0 4.1171875
151.0 4.359375
152.0 2.890625
153.0 0.0
154.0 7.90625
155.0 1.640625
156.0 4.7109375
157.0 4.359375
158.0 3.6484375
159.0 4.4296875
160.0 4.8046875
161.0 4.3984375
162.0 0.0
163.0 9.375
164.0 4.625
165.0 4.578125
166.0 4.3828125
167.0 1.5859375
168.0 7.390625
169.0 4.390625
170.0 4.4296875
171.0 4.171875
172.0 4.3828125
173.0 4.171875
174.0 4.5625
175.0 4.6328125
176.0 4.5
177.0 4.125
178.0 1.015625
179.0 5.890625
180.0 1.734375
181.0 4.5390625
182.0 4.484375
183.0 4.515625
184.0 4.53125
185.0 4.6484375
186.0 4.5625
187.0 4.953125
188.0 4.7734375
189.0 5.0234375
190.0 4.9453125
191.0 4.984375
192.0 4.859375
193.0 4.859375
194.0 4.6953125
195.0 4.8671875
196.0 4.828125
197.0 2.1484375
198.0 7.8828125
199.0 5.078125
200.0 5.0546875
201.0 5.109375
202.0 5.0546875
203.0 5.1328125
204.0 0.484375
205.0 9.9609375
206.0 4.4140625
207.0 5.8203125
208.0 5.140625
209.0 4.984375
210.0 4.9296875
211.0 4.8984375
212.0 4.8984375
213.0 4.890625
214.0 4.09375
215.0 4.0625
216.0 1.34375
217.0 1.2421875
218.0 2.15625
219.0 4.2421875
220.0 4.5625
221.0 4.6953125
222.0 4.7578125
223.0 4.8984375
224.0 4.71875
225.0 4.46875
226.0 4.6796875
227.0 4.7265625
228.0 4.8125
229.0 2.6875
230.0 0.84375
231.0 7.453125
232.0 2.7421875
233.0 4.5
234.0 4.1015625
235.0 4.2109375
236.0 4.46875
237.0 4.4296875
238.0 3.3125
239.0 5.078125
240.0 4.5
241.0 4.453125
242.0 4.203125
243.0 4.0625
244.0 3.4609375
245.0 4.453125
246.0 4.59375
247.0 4.6484375
248.0 4.453125
249.0 4.296875
250.0 4.25
251.0 4.25
252.0 4.15625
253.0 1.328125
254.0 7.6953125
255.0 4.453125
256.0 4.578125
257.0 4.484375
258.0 1.9375
259.0 5.7578125
260.0 4.3203125
261.0 4.6640625
262.0 4.4296875
263.0 4.4453125
264.0 4.15625
265.0 4.3515625
266.0 4.3203125
267.0 4.359375
268.0 4.28125
269.0 4.1875
270.0 4.3515625
271.0 4.3828125
272.0 1.015625
273.0 7.640625
274.0 4.15625
275.0 4.0859375
276.0 4.1796875
277.0 4.1328125
278.0 0.1796875
279.0 7.4296875
280.0 3.96875
281.0 4.1796875
282.0 4.453125
283.0 4.6796875
284.0 4.390625
285.0 4.5
286.0 4.3828125
287.0 4.6015625
288.0 4.7734375
289.0 4.453125
290.0 4.125
291.0 0.8515625
292.0 8.984375
293.0 4.4453125
294.0 4.359375
295.0 4.46875
296.0 4.4296875
297.0 4.3671875
298.0 3.6484375
299.0 5.28125
300.0 4.3515625
301.0 4.3203125
302.0 4.421875
303.0 4.59375
304.0 4.3984375
305.0 4.578125
306.0 4.484375
307.0 4.3359375
308.0 3.9765625
309.0 4.265625
310.0 4.5703125
311.0 4.609375
312.0 1.46875
313.0 7.703125
314.0 4.3046875
315.0 3.671875
316.0 0.3125
317.0 8.09375
318.0 3.7890625
319.0 4.75
320.0 3.953125
321.0 3.640625
322.0 4.15625
323.0 3.90625
324.0 3.53125
325.0 3.6171875
326.0 4.53125
327.0 3.7109375
328.0 3.015625
329.0 0.0
330.0 8.59375
331.0 3.609375
332.0 3.7578125
333.0 4.15625
334.0 1.4609375
335.0 6.921875
336.0 3.7890625
337.0 4.578125
338.0 4.7265625
339.0 3.59375
340.0 3.671875
341.0 3.609375
342.0 3.828125
343.0 4.6640625
344.0 3.640625
345.0 3.828125
346.0 0.6640625
347.0 7.4375
348.0 3.7421875
349.0 5.140625
350.0 3.7734375
351.0 3.7109375
352.0 3.953125
353.0 4.0625
354.0 3.921875
355.0 3.9765625
356.0 3.9140625
357.0 3.828125
358.0 4.1015625
359.0 4.0625
360.0 4.9453125
361.0 4.296875
362.0 3.3671875
363.0 0.1953125
364.0 8.734375
365.0 3.5
366.0 3.84375
367.0 3.875
368.0 0.703125
369.0 7.2265625
370.0 3.84375
371.0 3.5
372.0 3.8515625
373.0 3.8203125
374.0 3.5546875
375.0 3.5
376.0 3.828125
377.0 3.875
378.0 3.953125
379.0 4.0078125
380.0 0.5546875
381.0 7.6953125
382.0 3.9375
383.0 4.421875
384.0 3.7421875
385.0 3.9765625
386.0 2.8515625
387.0 6.1484375
388.0 3.640625
389.0 4.3671875
390.0 3.953125
391.0 3.6796875
392.0 4.09375
393.0 3.7265625
394.0 4.296875
395.0 3.8828125
396.0 3.8203125
397.0 4.171875
398.0 4.6328125
399.0 3.4765625
400.0 0.0
401.0 7.9453125
402.0 4.25
403.0 4.390625
404.0 3.5
405.0 1.640625
406.0 7.1875
407.0 3.609375
408.0 3.5859375
409.0 4.3828125
410.0 3.203125
411.0 3.640625
412.0 4.546875
413.0 3.3828125
414.0 3.7265625
415.0 3.7890625
416.0 3.8515625
417.0 4.1796875
418.0 2.28125
419.0 0.0
420.0 9.0
421.0 3.734375
422.0 3.578125
423.0 3.671875
424.0 3.7890625
425.0 0.2734375
426.0 8.3203125
427.0 3.4765625
428.0 4.1796875
429.0 4.171875
430.0 3.4609375
431.0 3.5234375
432.0 4.3515625
433.0 3.6484375
434.0 4.578125
435.0 3.8046875
436.0 3.5546875
437.0 1.109375
438.0 7.015625
439.0 3.4296875
440.0 3.765625
441.0 3.875
442.0 3.828125
443.0 0.7890625
444.0 7.484375
445.0 4.0625
446.0 4.484375
447.0 3.4296875
448.0 0.46875
449.0 7.109375
450.0 3.59375
451.0 3.8046875
452.0 3.5234375
453.0 4.125
454.0 4.03125
455.0 3.34375
456.0 3.7734375
457.0 3.796875
458.0 3.859375
459.0 4.2421875
460.0 4.453125
461.0 3.7109375
462.0 0.5546875
463.0 7.796875
464.0 3.609375
465.0 3.9140625
466.0 0.578125
467.0 7.6640625
468.0 3.5234375
469.0 5.0859375
470.0 3.6484375
471.0 4.0546875
472.0 3.890625
473.0 3.5546875
474.0 3.796875
475.0 4.984375
476.0 3.640625
477.0 3.7734375
478.0 4.5703125
479.0 4.3203125
480.0 4.5703125
481.0 4.7734375
482.0 4.7421875
483.0 5.078125
484.0 4.8671875
485.0 4.84375
486.0 4.71875
487.0 4.6875
488.0 4.1796875
489.0 5.375
490.0 4.953125
491.0 5.0234375
492.0 4.8671875
493.0 4.65625
494.0 2.2109375
495.0 7.2734375
496.0 1.765625
497.0 7.7578125
498.0 4.0859375
499.0 5.4609375
500.0 4.9296875
501.0 4.9765625
502.0 5.0859375
503.0 4.84375
504.0 4.53125
505.0 4.6953125
506.0 4.78125
507.0 4.515625
508.0 4.5625
509.0 4.7734375
510.0 4.8046875
511.0 4.6328125
512.0 4.71875
513.0 1.171875
514.0 7.5703125
515.0 5.203125
516.0 4.625
517.0 4.7734375
518.0 4.6953125
519.0 4.6640625
520.0 4.6484375
521.0 4.5625
522.0 4.5390625
523.0 4.5078125
524.0 4.6328125
525.0 4.515625
526.0 4.4296875
527.0 4.6015625
528.0 4.125
529.0 0.0
530.0 9.265625
531.0 4.421875
532.0 4.3359375
533.0 1.1796875
534.0 7.640625
535.0 4.546875
536.0 4.46875
537.0 4.578125
538.0 4.484375
539.0 4.3359375
540.0 4.515625
541.0 4.59375
542.0 4.265625
543.0 3.578125
544.0 3.6484375
545.0 0.671875
546.0 8.0
547.0 4.390625
548.0 3.7109375
549.0 4.1015625
550.0 4.265625
551.0 3.859375
552.0 2.90625
553.0 5.3671875
554.0 4.5625
555.0 3.734375
556.0 4.5078125
557.0 4.3828125
558.0 3.9453125
559.0 4.65625
560.0 4.359375
561.0 4.15625
562.0 4.0625
563.0 4.03125
564.0 4.2421875
565.0 4.1796875
566.0 0.421875
567.0 8.9375
568.0 4.1015625
569.0 3.953125
570.0 4.15625
571.0 3.578125
572.0 0.3984375
573.0 8.359375
574.0 3.53125
575.0 3.875
576.0 3.9453125
577.0 3.9140625
578.0 3.6796875
579.0 4.1484375
580.0 4.296875
581.0 3.5234375
582.0 4.0859375
583.0 4.359375
584.0 3.0703125
585.0 0.2109375
586.0 6.6875
587.0 5.5625
588.0 4.6640625
589.0 3.6484375
590.0 3.640625
591.0 4.46875
592.0 3.859375
593.0 3.7578125
594.0 4.3828125
595.0 3.578125
596.0 3.7265625
597.0 3.84375
598.0 0.78125
599.0 6.125
