0.0 5.3359375
1.0 4.8046875
2.0 4.59375
3.0 4.0546875
4.0 4.71875
5.0 4.65625
6.0 4.3203125
7.0 4.203125
8.0 4.2109375
9.0 3.953125
10.0 4.0859375
11.0 4.5703125
12.0 4.0859375
13.0 4.453125
14.0 4.453125
15.0 4.2421875
16.0 4.3359375
17.0 4.625
18.0 4.4765625
19.0 4.796875
20.0 4.03125
21.0 4.421875
22.0 1.359375
23.0 7.3984375
24.0 4.09375
25.0 4.3671875
26.0 3.578125
27.0 5.515625
28.0 4.578125
29.0 4.453125
30.0 4.421875
31.0 4.46875
32.0 4.53125
33.0 4.484375
34.0 4.609375
35.0 4.6953125
36.0 4.4296875
37.0 4.4140625
38.0 4.3046875
39.0 4.296875
40.0 4.4296875
41.0 4.53125
42.0 4.265625
43.0 4.609375
44.0 4.25
45.0 1.9765625
46.0 6.5078125
47.0 4.15625
48.0 4.2109375
49.0 2.2109375
50.0 6.921875
51.0 4.609375
52.0 4.3984375
53.0 4.25
54.0 4.46875
55.0 4.28125
56.0 4.2421875
57.0 4.1484375
58.0 4.4765625
59.0 4.46875
60.0 4.453125
61.0 4.4296875
62.0 2.0625
63.0 7.09375
64.0 4.3984375
65.0 4.5390625
66.0 4.5390625
67.0 4.46875
68.0 1.2421875
69.0 7.734375
70.0 4.3984375
71.0 3.703125
72.0 4.9296875
73.0 4.421875
74.0 4.28125
75.0 4.5
76.0 4.6015625
77.0 4.609375
78.0 4.3515625
79.0 4.390625
80.0 4.5703125
81.0 4.90625
82.0 2.234375
83.0 6.9296875
84.0 4.5078125
85.0 4.5703125
86.0 0.546875
87.0 8.390625
88.0 4.421875
89.0 4.484375
90.0 4.6484375
91.0 4.5
92.0 4.46875
93.0 4.5
94.0 4.5703125
95.0 4.453125
96.0 4.4140625
97.0 4.1875
98.0 4.515625
99.0 1.1796875
100.0 7.703125
101.0 4.53125
102.0 4.578125
103.0 4.3671875
104.0 4.2734375
105.0 2.7109375
106.0 4.2734375
107.0 4.7421875
108.0 4.71875
109.0 4.796875
110.0 4.7421875
111.0 2.6015625
112.0 7.4609375
113.0 4.75
114.0 4.9453125
115.0 4.9453125
116.0 4.8671875
117.0 4.7265625
118.0 4.84375
119.0 4.546875
120.0 2.8671875
121.0 6.0625
122.0 4.3359375
123.0 1.5
124.0 7.65625
125.0 3.578125
126.0 4.9453125
127.0 4.28125
128.0 4.7734375
129.0 3.828125
130.0 3.9453125
131.0 3.5
132.0 4.15625
133.0 3.515625
134.0 4.4296875
135.0 4.25
136.0 4.0078125
137.0 4.265625
138.0 4.609375
139.0 3.96875
140.0 4.0078125
141.0 2.984375
142.0 5.3046875
143.0 4.1875
144.0 4.3359375
145.0 4.5078125
146.0 4.625
147.0 4.578125
148.0 4.4296875
149.0 0.0625
150.0 6.8671875
151.0 5.9453125
152.0 4.6953125
153.0 4.578125
154.0 4.6484375
155.0 4.4765625
156.0 4.6015625
157.0 4.328125
158.0 4.4140625
159.0 4.7265625
160.0 4.5390625
161.0 4.5078125
162.0 3.3203125
163.0 5.40625
164.0 3.578125
165.0 3.859375
166.0 4.0234375
167.0 4.2421875
168.0 4.46875
169.0 4.3671875
170.0 4.5
171.0 4.25
172.0 4.390625
173.0 4.6484375
174.0 4.4453125
175.0 4.5
176.0 3.3125
177.0 4.8359375
178.0 3.8515625
179.0 4.265625
180.0 4.2109375
181.0 4.609375
182.0 3.9921875
183.0 4.265625
184.0 4.3203125
185.0 3.703125
186.0 4.25
187.0 4.0
188.0 3.6953125
189.0 4.1328125
190.0 3.875
191.0 4.359375
192.0 4.03125
193.0 3.921875
194.0 4.5078125
195.0 4.5
196.0 4.5703125
197.0 4.328125
198.0 1.828125
199.0 7.2734375
200.0 4.625
201.0 4.6015625
202.0 4.59375
203.0 0.75
204.0 8.75
205.0 4.8984375
206.0 4.515625
207.0 4.3828125
208.0 4.59375
209.0 4.234375
210.0 4.6796875
211.0 4.546875
212.0 4.53125
213.0 4.515625
214.0 4.359375
215.0 4.0859375
216.0 4.53125
217.0 1.7578125
218.0 7.5546875
219.0 4.609375
220.0 4.484375
221.0 4.21875
222.0 1.03125
223.0 6.09375
224.0 4.0390625
225.0 4.359375
226.0 4.390625
227.0 4.46875
228.0 4.390625
229.0 4.65625
230.0 4.28125
231.0 4.3828125
232.0 4.2109375
233.0 4.265625
234.0 4.421875
235.0 2.015625
236.0 7.0390625
237.0 4.609375
238.0 4.4296875
239.0 4.0546875
240.0 4.03125
241.0 4.359375
242.0 4.390625
243.0 4.46875
244.0 3.2890625
245.0 5.9453125
246.0 4.328125
247.0 4.1875
248.0 3.9765625
249.0 3.265625
250.0 1.6171875
251.0 5.8203125
252.0 4.390625
253.0 4.5625
254.0 4.4140625
255.0 4.3984375
256.0 4.484375
257.0 4.2734375
258.0 4.0625
259.0 4.03125
260.0 3.96875
261.0 4.125
262.0 4.25
263.0 4.203125
264.0 0.2578125
265.0 8.3828125
266.0 3.8046875
267.0 4.15625
268.0 4.4296875
269.0 4.3984375
270.0 0.28125
271.0 8.4921875
272.0 4.2734375
273.0 4.453125
274.0 4.453125
275.0 4.4765625
276.0 4.296875
277.0 4.421875
278.0 4.2734375
279.0 4.46875
280.0 4.65625
281.0 4.515625
282.0 3.5625
283.0 5.828125
284.0 4.515625
285.0 4.46875
286.0 4.515625
287.0 4.5625
288.0 4.2109375
289.0 4.3671875
290.0 4.1875
291.0 3.2265625
292.0 5.109375
293.0 4.3359375
294.0 4.453125
295.0 4.3515625
296.0 4.5078125
297.0 2.4453125
298.0 6.4140625
299.0 4.5390625
300.0 4.578125
301.0 4.546875
302.0 4.5078125
303.0 4.3359375
304.0 4.359375
305.0 4.234375
306.0 4.59375
307.0 4.6484375
308.0 4.4140625
309.0 4.3203125
310.0 4.7109375
311.0 4.3515625
312.0 0.140625
313.0 8.5234375
314.0 4.3046875
315.0 4.2109375
316.0 3.828125
317.0 1.203125
318.0 7.703125
319.0 4.3046875
320.0 4.2109375
321.0 4.296875
322.0 4.4453125
323.0 4.28125
324.0 4.3515625
325.0 4.265625
326.0 3.9375
327.0 4.3671875
328.0 4.78125
329.0 4.5390625
330.0 3.1484375
331.0 5.640625
332.0 4.578125
333.0 4.4765625
334.0 4.1796875
335.0 4.3046875
336.0 4.6796875
337.0 4.5
338.0 0.2265625
339.0 8.703125
340.0 4.421875
341.0 4.546875
342.0 4.5
343.0 4.4296875
344.0 4.4453125
345.0 4.171875
346.0 0.6875
347.0 7.5078125
348.0 4.4140625
349.0 3.890625
350.0 4.296875
351.0 4.1484375
352.0 4.1484375
353.0 4.4453125
354.0 4.3984375
355.0 4.359375
356.0 4.3828125
357.0 4.7578125
358.0 4.4296875
359.0 2.484375
360.0 5.828125
361.0 4.2734375
362.0 4.28125
363.0 4.359375
364.0 4.3984375
365.0 4.3203125
366.0 4.2109375
367.0 4.484375
368.0 4.390625
369.0 4.203125
370.0 4.203125
371.0 4.46875
372.0 4.125
373.0 3.875
374.0 4.1875
375.0 4.390625
376.0 4.0
377.0 4.171875
378.0 4.21875
379.0 3.9375
380.0 4.0234375
381.0 4.234375
382.0 4.4140625
383.0 4.453125
384.0 4.1171875
385.0 3.9921875
386.0 4.0078125
387.0 4.3046875
388.0 4.0703125
389.0 4.1328125
390.0 3.9765625
391.0 3.53125
392.0 4.3203125
393.0 4.28125
394.0 3.59375
395.0 4.0
396.0 4.1171875
397.0 4.1875
398.0 4.0703125
399.0 4.1484375
400.0 4.296875
401.0 4.2421875
402.0 4.484375
403.0 2.71875
404.0 5.7890625
405.0 4.21875
406.0 4.2421875
407.0 4.296875
408.0 4.6640625
409.0 4.4453125
410.0 4.296875
411.0 4.421875
412.0 3.953125
413.0 4.0078125
414.0 4.203125
415.0 4.03125
416.0 4.359375
417.0 4.265625
418.0 3.640625
419.0 0.46875
420.0 8.5703125
421.0 4.1015625
422.0 4.3515625
423.0 4.359375
424.0 4.234375
425.0 0.1328125
426.0 7.703125
427.0 4.328125
428.0 4.21875
429.0 4.0390625
430.0 3.9765625
431.0 4.2734375
432.0 4.25
433.0 4.3203125
434.0 4.25
435.0 3.84375
436.0 3.6171875
437.0 1.4140625
438.0 6.703125
439.0 4.09375
440.0 3.90625
441.0 4.09375
442.0 3.921875
443.0 4.1015625
444.0 4.25
445.0 4.328125
446.0 4.3046875
447.0 4.296875
448.0 4.578125
449.0 2.4921875
450.0 5.9765625
451.0 4.0546875
452.0 4.0625
453.0 3.921875
454.0 3.9453125
455.0 3.9375
456.0 1.5
457.0 5.4921875
458.0 3.4921875
459.0 3.6953125
460.0 4.0
461.0 3.875
462.0 3.9140625
463.0 3.546875
464.0 3.578125
465.0 3.578125
466.0 3.703125
467.0 3.65625
468.0 2.25
469.0 4.453125
470.0 3.625
471.0 3.828125
472.0 3.9453125
473.0 4.234375
474.0 4.1875
475.0 4.1171875
476.0 4.1015625
477.0 4.0625
478.0 4.15625
479.0 4.1171875
480.0 4.3203125
481.0 4.15625
482.0 4.1484375
483.0 1.5625
484.0 6.6015625
485.0 4.3359375
486.0 4.390625
487.0 4.0859375
488.0 2.7421875
489.0 5.7890625
490.0 4.171875
491.0 1.5390625
492.0 7.078125
493.0 4.2734375
494.0 4.0625
495.0 4.0703125
496.0 4.1328125
497.0 4.0703125
498.0 4.2109375
499.0 1.5546875
500.0 7.2421875
501.0 4.25
502.0 4.390625
503.0 4.21875
504.0 4.2421875
505.0 4.3671875
506.0 4.2109375
507.0 4.5
508.0 4.421875
509.0 4.46875
510.0 4.359375
511.0 4.4140625
512.0 4.3046875
513.0 4.2109375
514.0 1.3515625
515.0 4.25
516.0 6.6015625
517.0 4.3671875
518.0 4.3046875
519.0 3.875
520.0 4.296875
521.0 2.3984375
522.0 6.2578125
523.0 4.1328125
524.0 4.328125
525.0 4.46875
526.0 3.9140625
527.0 4.1796875
528.0 4.296875
529.0 3.9765625
530.0 4.234375
531.0 4.1875
532.0 4.296875
533.0 4.3828125
534.0 4.5
535.0 2.046875
536.0 6.5703125
537.0 4.46875
538.0 4.328125
539.0 4.3984375
540.0 4.71875
541.0 4.15625
542.0 3.84375
543.0 0.0703125
544.0 9.0078125
545.0 4.25
546.0 4.171875
547.0 4.265625
548.0 4.609375
549.0 4.7265625
550.0 4.1796875
551.0 4.2421875
552.0 4.515625
553.0 1.796875
554.0 7.109375
555.0 4.65625
556.0 4.6640625
557.0 2.390625
558.0 6.09375
559.0 3.875
560.0 3.921875
561.0 4.2734375
562.0 4.171875
563.0 4.46875
564.0 4.421875
565.0 4.2734375
566.0 4.328125
567.0 4.5625
568.0 4.3203125
569.0 4.6953125
570.0 4.5078125
571.0 4.296875
572.0 0.0
573.0 9.2265625
574.0 4.609375
575.0 4.4140625
576.0 4.03125
577.0 2.4609375
578.0 6.15625
579.0 4.578125
580.0 4.3046875
581.0 4.15625
582.0 4.28125
583.0 4.2421875
584.0 4.28125
585.0 4.28125
586.0 4.4453125
587.0 4.5703125
588.0 2.265625
589.0 6.7421875
590.0 4.4765625
591.0 4.1328125
592.0 4.203125
593.0 2.671875
594.0 5.765625
595.0 4.578125
596.0 3.921875
597.0 4.0
598.0 4.4296875
599.0 4.53125
