0.0 5.6484375
1.0 5.703125
2.0 3.046875
3.0 8.3515625
4.0 5.7890625
5.0 5.7109375
6.0 3.046875
7.0 8.2109375
8.0 5.5546875
9.0 5.5546875
10.0 5.46875
11.0 5.703125
12.0 3.21875
13.0 8.328125
14.0 5.875
15.0 5.8125
16.0 5.609375
17.0 5.6328125
18.0 5.7109375
19.0 5.9453125
20.0 5.8203125
21.0 5.6796875
22.0 5.640625
23.0 5.6640625
24.0 5.4921875
25.0 5.453125
26.0 5.8203125
27.0 1.7578125
28.0 9.4921875
29.0 5.2734375
30.0 5.90625
31.0 5.3984375
32.0 5.46875
33.0 5.6015625
34.0 5.703125
35.0 5.6171875
36.0 5.515625
37.0 5.4609375
38.0 5.5546875
39.0 5.421875
40.0 5.34375
41.0 5.46875
42.0 5.578125
43.0 2.9296875
44.0 8.0546875
45.0 5.40625
46.0 5.4296875
47.0 5.6171875
48.0 0.5234375
49.0 9.9921875
50.0 5.4296875
51.0 5.3203125
52.0 5.609375
53.0 5.5234375
54.0 5.5546875
55.0 5.515625
56.0 5.2890625
57.0 5.0703125
58.0 5.515625
59.0 5.6171875
60.0 3.671875
61.0 7.5234375
62.0 5.453125
63.0 1.5625
64.0 9.640625
65.0 5.5625
66.0 5.671875
67.0 5.6328125
68.0 5.7265625
69.0 5.875
70.0 5.78125
71.0 5.5546875
72.0 5.9453125
73.0 3.265625
74.0 8.109375
75.0 5.7890625
76.0 5.7109375
77.0 5.578125
78.0 5.5625
79.0 5.7109375
80.0 5.6171875
81.0 5.6015625
82.0 5.78125
83.0 5.765625
84.0 5.671875
85.0 5.28125
86.0 5.7890625
87.0 5.6015625
88.0 1.8046875
89.0 9.625
90.0 5.75
91.0 5.703125
92.0 5.6796875
93.0 5.8203125
94.0 5.9140625
95.0 5.734375
96.0 5.7578125
97.0 5.796875
98.0 5.7265625
99.0 5.4609375
100.0 4.328125
101.0 7.09375
102.0 5.9140625
103.0 5.671875
104.0 5.703125
105.0 5.8515625
106.0 5.6328125
107.0 5.53125
108.0 5.6328125
109.0 5.875
110.0 5.96875
111.0 5.7578125
112.0 5.609375
113.0 5.609375
114.0 2.6640625
115.0 9.0078125
116.0 5.9296875
117.0 5.9296875
118.0 5.375
119.0 5.546875
120.0 5.640625
121.0 5.640625
122.0 5.3984375
123.0 5.8125
124.0 5.703125
125.0 5.75
126.0 5.5234375
127.0 5.5546875
128.0 5.484375
129.0 5.7890625
130.0 3.1328125
131.0 8.390625
132.0 5.703125
133.0 5.5
134.0 5.4375
135.0 5.34375
136.0 5.53125
137.0 5.8125
138.0 5.6015625
139.0 5.4609375
140.0 5.671875
141.0 5.5859375
142.0 5.6484375
143.0 5.5234375
144.0 5.5546875
145.0 5.8125
146.0 3.1171875
147.0 7.8828125
148.0 5.375
149.0 5.4609375
150.0 5.6328125
151.0 5.3671875
152.0 5.5546875
153.0 5.4921875
154.0 5.6484375
155.0 5.40625
156.0 5.5625
157.0 5.5
158.0 5.4921875
159.0 5.3984375
160.0 1.1328125
161.0 10.265625
162.0 5.453125
163.0 5.3984375
164.0 5.40625
165.0 5.3515625
166.0 5.125
167.0 5.734375
168.0 5.2734375
169.0 5.609375
170.0 5.6484375
171.0 5.546875
172.0 5.4375
173.0 5.6015625
174.0 5.2578125
175.0 5.6796875
176.0 5.5546875
177.0 5.53125
178.0 5.46875
179.0 4.9765625
180.0 6.09375
181.0 5.8828125
182.0 5.75
183.0 5.5625
184.0 5.75
185.0 6.0
186.0 5.828125
187.0 1.09375
188.0 10.6953125
189.0 5.828125
190.0 5.75
191.0 5.796875
192.0 5.78125
193.0 5.9765625
194.0 6.03125
195.0 5.90625
196.0 5.8203125
197.0 5.796875
198.0 5.6796875
199.0 5.6640625
200.0 1.640625
201.0 10.3828125
202.0 6.03125
203.0 5.8203125
204.0 2.15625
205.0 9.4609375
206.0 5.828125
207.0 5.875
208.0 5.90625
209.0 5.890625
210.0 5.9296875
211.0 5.84375
212.0 5.9375
213.0 5.90625
214.0 3.203125
215.0 8.2109375
216.0 5.78125
217.0 5.6328125
218.0 5.6796875
219.0 5.640625
220.0 5.9296875
221.0 5.9296875
222.0 5.7578125
223.0 5.4609375
224.0 5.6171875
225.0 5.9921875
226.0 6.0625
227.0 6.0390625
228.0 4.46875
229.0 7.4375
230.0 3.0859375
231.0 8.2421875
232.0 5.375
233.0 5.8125
234.0 6.078125
235.0 5.828125
236.0 4.65625
237.0 6.8984375
238.0 5.6953125
239.0 5.90625
240.0 5.9765625
241.0 5.6484375
242.0 5.703125
243.0 5.7265625
244.0 5.671875
245.0 5.4921875
246.0 5.640625
247.0 5.7265625
248.0 3.1171875
249.0 8.0859375
250.0 5.703125
251.0 5.5625
252.0 5.578125
253.0 5.6328125
254.0 5.5546875
255.0 5.640625
256.0 5.7578125
257.0 5.3828125
258.0 5.21875
259.0 4.25
260.0 5.40625
261.0 5.6171875
262.0 5.5859375
263.0 5.5
264.0 5.515625
265.0 5.6015625
266.0 5.3984375
267.0 5.203125
268.0 5.3828125
269.0 5.4296875
270.0 5.640625
271.0 5.578125
272.0 5.5625
273.0 5.3515625
274.0 5.6171875
275.0 0.375
276.0 10.375
277.0 5.4921875
278.0 1.890625
279.0 7.5234375
280.0 4.4765625
281.0 5.4375
282.0 5.375
283.0 5.640625
284.0 5.671875
285.0 5.8125
286.0 5.5859375
287.0 5.703125
288.0 5.8203125
289.0 5.4296875
290.0 5.4609375
291.0 5.5546875
292.0 5.6015625
293.0 5.859375
294.0 5.9453125
295.0 5.7265625
296.0 5.4296875
297.0 5.0390625
298.0 5.6796875
299.0 5.796875
300.0 5.859375
301.0 5.796875
302.0 5.546875
303.0 2.0390625
304.0 9.0703125
305.0 5.703125
306.0 5.5859375
307.0 5.7109375
308.0 4.609375
309.0 5.9609375
310.0 5.1640625
311.0 5.5
312.0 5.3828125
313.0 5.3125
314.0 5.5625
315.0 5.5234375
316.0 5.5859375
317.0 5.3828125
318.0 5.484375
319.0 5.421875
320.0 5.3828125
321.0 3.5859375
322.0 7.578125
323.0 5.5
324.0 5.640625
325.0 5.46875
326.0 5.3671875
327.0 3.3984375
328.0 7.34375
329.0 5.421875
330.0 5.7265625
331.0 5.25
332.0 5.453125
333.0 5.515625
334.0 5.4609375
335.0 5.3515625
336.0 5.53125
337.0 5.7109375
338.0 5.5234375
339.0 5.5859375
340.0 5.578125
341.0 0.359375
342.0 10.4375
343.0 5.2734375
344.0 5.53125
345.0 5.3671875
346.0 0.9375
347.0 9.90625
348.0 3.0703125
349.0 7.90625
350.0 5.484375
351.0 5.28125
352.0 5.3671875
353.0 5.640625
354.0 5.171875
355.0 5.515625
356.0 5.4296875
357.0 5.5625
358.0 5.3671875
359.0 5.3515625
360.0 4.4765625
361.0 6.5859375
362.0 3.078125
363.0 7.734375
364.0 5.5546875
365.0 5.515625
366.0 5.5
367.0 5.3984375
368.0 3.1953125
369.0 8.2890625
370.0 5.4609375
371.0 5.5625
372.0 5.640625
373.0 5.3515625
374.0 5.4921875
375.0 5.3515625
376.0 5.4609375
377.0 5.53125
378.0 5.2578125
379.0 5.6640625
380.0 5.578125
381.0 5.515625
382.0 5.7109375
383.0 0.6328125
384.0 10.4921875
385.0 5.6015625
386.0 4.75
387.0 6.421875
388.0 5.7578125
389.0 5.7265625
390.0 5.828125
391.0 5.46875
392.0 5.6171875
393.0 2.5078125
394.0 9.671875
395.0 5.6953125
396.0 6.140625
397.0 5.9765625
398.0 5.53125
399.0 6.078125
400.0 5.734375
401.0 5.5859375
402.0 5.8203125
403.0 5.78125
404.0 5.9296875
405.0 5.5859375
406.0 5.875
407.0 5.7109375
408.0 5.9765625
409.0 5.9375
410.0 5.890625
411.0 6.0078125
412.0 5.703125
413.0 5.96875
414.0 5.96875
415.0 5.5546875
416.0 4.6796875
417.0 7.046875
418.0 5.890625
419.0 5.8515625
420.0 5.796875
421.0 5.7578125
422.0 5.7890625
423.0 3.34375
424.0 8.625
425.0 5.859375
426.0 5.9296875
427.0 5.765625
428.0 5.875
429.0 5.7890625
430.0 6.0859375
431.0 6.125
432.0 5.9375
433.0 5.7265625
434.0 5.9765625
435.0 5.78125
436.0 5.8125
437.0 1.359375
438.0 10.0234375
439.0 5.875
440.0 5.6484375
441.0 5.6328125
442.0 5.578125
443.0 5.5859375
444.0 1.4609375
445.0 10.6171875
446.0 5.9375
447.0 5.8515625
448.0 5.8125
449.0 5.78125
450.0 5.6171875
451.0 5.5234375
452.0 3.2265625
453.0 8.4765625
454.0 5.609375
455.0 5.75
456.0 5.5859375
457.0 5.90625
458.0 5.78125
459.0 5.671875
460.0 5.5625
461.0 5.4296875
462.0 5.4375
463.0 5.3359375
464.0 5.515625
465.0 5.5546875
466.0 4.234375
467.0 6.984375
468.0 5.5859375
469.0 5.3359375
470.0 4.890625
471.0 0.9140625
472.0 9.328125
473.0 5.4296875
474.0 5.203125
475.0 5.125
476.0 2.78125
477.0 7.484375
478.0 5.484375
479.0 5.21875
480.0 5.6015625
481.0 5.3828125
482.0 5.3125
483.0 5.1953125
484.0 5.1015625
485.0 5.6171875
486.0 5.375
487.0 5.28125
488.0 5.046875
489.0 4.1015625
490.0 6.703125
491.0 5.4296875
492.0 5.46875
493.0 5.6015625
494.0 5.53125
495.0 5.4921875
496.0 5.3984375
497.0 5.4296875
498.0 5.7109375
499.0 5.546875
500.0 3.1328125
501.0 7.796875
502.0 5.5546875
503.0 5.375
504.0 3.140625
505.0 8.171875
506.0 5.515625
507.0 5.671875
508.0 5.6953125
509.0 5.671875
510.0 2.9609375
511.0 8.2421875
512.0 5.84375
513.0 5.7890625
514.0 5.640625
515.0 5.7578125
516.0 5.796875
517.0 5.765625
518.0 5.859375
519.0 5.7890625
520.0 5.515625
521.0 5.9609375
522.0 5.796875
523.0 5.96875
524.0 5.40625
525.0 6.3828125
526.0 5.7265625
527.0 5.875
528.0 5.9375
529.0 6.1484375
530.0 5.703125
531.0 5.859375
532.0 4.3671875
533.0 7.2734375
534.0 5.78125
535.0 5.9609375
536.0 4.890625
537.0 6.6484375
538.0 6.0234375
539.0 5.9375
540.0 5.5546875
541.0 5.546875
542.0 6.0390625
543.0 6.078125
544.0 5.671875
545.0 6.03125
546.0 5.78125
547.0 5.8125
548.0 5.8515625
549.0 5.9609375
550.0 3.765625
551.0 8.09375
552.0 5.7578125
553.0 5.96875
554.0 5.2578125
555.0 6.359375
556.0 5.859375
557.0 6.125
558.0 5.8125
559.0 5.90625
560.0 5.96875
561.0 5.890625
562.0 3.3515625
563.0 8.46875
564.0 5.8125
565.0 6.0234375
566.0 6.0
567.0 5.8828125
568.0 3.1640625
569.0 8.328125
570.0 5.6953125
571.0 5.6484375
572.0 5.78125
573.0 5.9296875
574.0 5.7890625
575.0 5.53125
576.0 5.640625
577.0 5.6484375
578.0 5.7109375
579.0 5.609375
580.0 5.9140625
581.0 5.7109375
582.0 5.8125
583.0 1.1796875
584.0 10.1640625
585.0 5.421875
586.0 5.78125
587.0 5.6484375
588.0 5.7578125
589.0 1.46875
590.0 9.7578125
591.0 5.5234375
592.0 5.6484375
593.0 5.5859375
594.0 5.3671875
595.0 5.4921875
596.0 5.6171875
597.0 5.6484375
598.0 5.453125
599.0 5.515625
