0.0 5.140625
1.0 5.5234375
2.0 5.2578125
3.0 5.109375
4.0 4.1484375
5.0 4.578125
6.0 4.875
7.0 4.796875
8.0 4.3046875
9.0 4.9765625
10.0 5.5625
11.0 5.3828125
12.0 5.1953125
13.0 4.921875
14.0 5.0234375
15.0 5.2578125
16.0 4.9453125
17.0 2.9921875
18.0 4.0546875
19.0 3.875
20.0 4.390625
21.0 4.9453125
22.0 4.8984375
23.0 5.2734375
24.0 6.03125
25.0 6.5546875
26.0 4.3984375
27.0 5.1328125
28.0 5.84375
29.0 1.5625
30.0 9.890625
31.0 5.640625
32.0 5.4609375
33.0 5.6328125
34.0 5.9296875
35.0 6.0390625
36.0 5.8515625
37.0 5.796875
38.0 5.671875
39.0 5.4375
40.0 5.84375
41.0 5.4296875
42.0 5.9609375
43.0 6.109375
44.0 6.75
45.0 6.7734375
46.0 6.1484375
47.0 5.5
48.0 4.09375
49.0 5.0703125
50.0 5.75
51.0 5.734375
52.0 5.96875
53.0 5.890625
54.0 5.671875
55.0 5.5546875
56.0 2.0390625
57.0 9.1640625
58.0 5.890625
59.0 5.9453125
60.0 0.8984375
61.0 6.6484375
62.0 2.0859375
63.0 4.8984375
64.0 4.9765625
65.0 4.5703125
66.0 6.09375
67.0 5.15625
68.0 4.75
69.0 5.1015625
70.0 5.46875
71.0 5.796875
72.0 4.9921875
73.0 6.2890625
74.0 6.0
75.0 6.0078125
76.0 5.7578125
77.0 5.765625
78.0 5.5859375
79.0 5.765625
80.0 5.671875
81.0 5.5859375
82.0 5.734375
83.0 5.7578125
84.0 5.8125
85.0 5.96875
86.0 5.8828125
87.0 3.4765625
88.0 0.703125
89.0 8.5546875
90.0 5.53125
91.0 6.078125
92.0 6.15625
93.0 5.8828125
94.0 3.734375
95.0 6.3046875
96.0 6.140625
97.0 5.6015625
98.0 4.8046875
99.0 6.0859375
100.0 6.359375
101.0 2.0859375
102.0 10.3515625
103.0 5.9296875
104.0 5.78125
105.0 5.9609375
106.0 5.7265625
107.0 4.1484375
108.0 7.9921875
109.0 6.0546875
110.0 5.9765625
111.0 4.421875
112.0 4.6015625
113.0 5.109375
114.0 5.1875
115.0 4.8671875
116.0 1.9140625
117.0 8.7109375
118.0 5.7578125
119.0 5.890625
120.0 5.3203125
121.0 5.234375
122.0 4.9765625
123.0 5.140625
124.0 5.2734375
125.0 5.21875
126.0 3.6171875
127.0 4.8984375
128.0 5.484375
129.0 5.4375
130.0 4.9765625
131.0 5.078125
132.0 5.4375
133.0 5.2890625
134.0 5.734375
135.0 5.453125
136.0 5.7109375
137.0 5.40625
138.0 5.609375
139.0 5.453125
140.0 5.0390625
141.0 6.296875
142.0 5.4375
143.0 5.6953125
144.0 5.6953125
145.0 5.578125
146.0 5.5859375
147.0 5.7578125
148.0 5.515625
149.0 1.7890625
150.0 9.5234375
151.0 5.6953125
152.0 5.765625
153.0 5.5859375
154.0 5.7109375
155.0 5.421875
156.0 5.5
157.0 5.6484375
158.0 5.671875
159.0 5.546875
160.0 4.9453125
161.0 4.859375
162.0 3.4453125
163.0 3.96875
164.0 4.6796875
165.0 5.7890625
166.0 4.65625
167.0 6.9140625
168.0 5.609375
169.0 4.6640625
170.0 5.375
171.0 4.609375
172.0 4.8046875
173.0 4.90625
174.0 5.1875
175.0 5.109375
176.0 4.6484375
177.0 5.2265625
178.0 5.4375
179.0 5.3515625
180.0 4.359375
181.0 2.4921875
182.0 7.1328125
183.0 5.2890625
184.0 5.796875
185.0 5.34375
186.0 5.1640625
187.0 4.4296875
188.0 0.0625
189.0 9.1640625
190.0 5.3515625
191.0 4.9609375
192.0 4.4765625
193.0 5.109375
194.0 5.203125
195.0 5.484375
196.0 4.4140625
197.0 4.8125
198.0 4.59375
199.0 5.0078125
200.0 5.6796875
201.0 5.578125
202.0 5.546875
203.0 5.1875
204.0 4.46875
205.0 1.015625
206.0 9.359375
207.0 5.6328125
208.0 5.671875
209.0 4.9609375
210.0 5.28125
211.0 5.4921875
212.0 5.6015625
213.0 5.7109375
214.0 5.9375
215.0 5.796875
216.0 5.796875
217.0 5.4921875
218.0 5.7578125
219.0 5.6171875
220.0 5.421875
221.0 5.6796875
222.0 1.0
223.0 10.1015625
224.0 5.53125
225.0 5.2265625
226.0 5.484375
227.0 4.6953125
228.0 4.1484375
229.0 5.3125
230.0 4.859375
231.0 5.484375
232.0 5.4296875
233.0 5.3828125
234.0 5.3984375
235.0 5.4375
236.0 4.4140625
237.0 1.625
238.0 1.3203125
239.0 2.640625
240.0 0.8984375
241.0 7.9453125
242.0 5.5625
243.0 5.6328125
244.0 5.3046875
245.0 4.9453125
246.0 4.90625
247.0 4.875
248.0 4.9921875
249.0 3.046875
250.0 0.8046875
251.0 7.046875
252.0 4.1484375
253.0 3.59375
254.0 4.0234375
255.0 5.2734375
256.0 5.203125
257.0 4.7265625
258.0 3.8828125
259.0 4.828125
260.0 4.6015625
261.0 4.9609375
262.0 5.046875
263.0 2.890625
264.0 7.375
265.0 5.3671875
266.0 4.890625
267.0 5.4609375
268.0 5.109375
269.0 5.28125
270.0 5.125
271.0 5.1328125
272.0 5.3046875
273.0 5.53125
274.0 5.5234375
275.0 5.484375
276.0 5.3671875
277.0 5.40625
278.0 5.484375
279.0 5.3515625
280.0 2.3984375
281.0 7.28125
282.0 4.515625
283.0 4.609375
284.0 4.984375
285.0 5.3203125
286.0 5.3046875
287.0 5.25
288.0 5.125
289.0 5.0078125
290.0 4.5703125
291.0 3.84375
292.0 3.0390625
293.0 4.4140625
294.0 4.28125
295.0 4.9453125
296.0 5.0078125
297.0 2.59375
298.0 6.7109375
299.0 4.78125
300.0 5.4375
301.0 1.265625
302.0 10.5546875
303.0 5.7578125
304.0 5.203125
305.0 4.984375
306.0 4.828125
307.0 4.859375
308.0 5.28125
309.0 3.8046875
310.0 4.6328125
311.0 4.0390625
312.0 4.953125
313.0 4.234375
314.0 6.5625
315.0 5.1875
316.0 5.6171875
317.0 5.3671875
318.0 4.9453125
319.0 0.0
320.0 8.46875
321.0 5.109375
322.0 4.4140625
323.0 4.828125
324.0 4.65625
325.0 2.7109375
326.0 1.375
327.0 2.0390625
328.0 4.265625
329.0 4.859375
330.0 4.890625
331.0 4.7734375
332.0 1.7109375
333.0 8.3125
334.0 4.9921875
335.0 5.4375
336.0 5.3984375
337.0 5.4921875
338.0 4.8984375
339.0 5.2734375
340.0 4.0390625
341.0 4.875
342.0 5.40625
343.0 5.6640625
344.0 5.6796875
345.0 5.6796875
346.0 5.96875
347.0 5.40625
348.0 4.625
349.0 6.0859375
350.0 6.0078125
351.0 5.9140625
352.0 4.2109375
353.0 7.9453125
354.0 5.6484375
355.0 6.03125
356.0 4.546875
357.0 6.9765625
358.0 5.8515625
359.0 4.1171875
360.0 2.6953125
361.0 2.5234375
362.0 5.4921875
363.0 5.7265625
364.0 5.484375
365.0 5.734375
366.0 5.546875
367.0 5.078125
368.0 5.21875
369.0 0.6640625
370.0 9.96875
371.0 5.8203125
372.0 5.796875
373.0 5.7890625
374.0 5.5
375.0 5.21875
376.0 5.1953125
377.0 0.96875
378.0 10.28125
379.0 5.78125
380.0 5.8515625
381.0 5.90625
382.0 5.78125
383.0 5.4375
384.0 5.4609375
385.0 5.5
386.0 5.609375
387.0 5.453125
388.0 5.515625
389.0 5.7265625
390.0 5.6328125
391.0 4.8046875
392.0 4.484375
393.0 5.375
394.0 5.2578125
395.0 4.0234375
396.0 0.125
397.0 9.046875
398.0 2.2734375
399.0 2.6640625
400.0 5.125
401.0 5.28125
402.0 5.546875
403.0 5.671875
404.0 5.5625
405.0 5.421875
406.0 5.484375
407.0 5.671875
408.0 5.5234375
409.0 5.4375
410.0 5.640625
411.0 5.703125
412.0 5.484375
413.0 5.5859375
414.0 4.953125
415.0 4.3984375
416.0 4.9453125
417.0 5.34375
418.0 5.578125
419.0 5.6015625
420.0 5.75
421.0 5.515625
422.0 5.5546875
423.0 5.828125
424.0 5.2265625
425.0 3.640625
426.0 7.515625
427.0 5.6640625
428.0 5.734375
429.0 4.8984375
430.0 2.4609375
431.0 3.1953125
432.0 4.0703125
433.0 5.078125
434.0 5.421875
435.0 4.6953125
436.0 4.4296875
437.0 4.8359375
438.0 5.2890625
439.0 5.515625
440.0 5.28125
441.0 4.6328125
442.0 5.015625
443.0 5.53125
444.0 5.6796875
445.0 5.75
446.0 5.7265625
447.0 5.8828125
448.0 5.421875
449.0 5.1875
450.0 5.46875
451.0 0.90625
452.0 10.828125
453.0 5.9296875
454.0 5.7578125
455.0 5.6015625
456.0 5.609375
457.0 4.5390625
458.0 5.90625
459.0 5.421875
460.0 5.859375
461.0 5.7109375
462.0 5.6171875
463.0 5.609375
464.0 5.640625
465.0 5.6953125
466.0 5.859375
467.0 5.8203125
468.0 5.9296875
469.0 5.796875
470.0 5.84375
471.0 1.015625
472.0 10.3125
473.0 5.2578125
474.0 5.3125
475.0 4.7265625
476.0 2.578125
477.0 8.734375
478.0 5.7265625
479.0 5.421875
480.0 5.1015625
481.0 5.5625
482.0 5.6171875
483.0 5.453125
484.0 5.6953125
485.0 5.828125
486.0 5.7890625
487.0 5.9609375
488.0 5.40625
489.0 2.3359375
490.0 8.5625
491.0 5.5625
492.0 5.6015625
493.0 5.46875
494.0 4.4140625
495.0 0.9296875
496.0 10.046875
497.0 5.8515625
498.0 5.9375
499.0 5.7578125
500.0 5.890625
501.0 5.9921875
502.0 3.796875
503.0 8.015625
504.0 5.78125
505.0 6.09375
506.0 5.765625
507.0 5.828125
508.0 5.5546875
509.0 5.8125
510.0 6.09375
511.0 5.875
512.0 6.0859375
513.0 5.46875
514.0 5.5
515.0 5.78125
516.0 1.7890625
517.0 9.0390625
518.0 5.421875
519.0 3.1484375
520.0 8.65625
521.0 6.140625
522.0 5.96875
523.0 6.0234375
524.0 5.8515625
525.0 5.859375
526.0 5.4921875
527.0 5.8125
528.0 6.0
529.0 5.234375
530.0 6.5
531.0 5.6171875
532.0 5.546875
533.0 6.0390625
534.0 5.75
535.0 6.3515625
536.0 6.3203125
537.0 5.84375
538.0 5.78125
539.0 5.4609375
540.0 5.5
541.0 5.7890625
542.0 5.734375
543.0 5.3046875
544.0 5.703125
545.0 5.6015625
546.0 5.5546875
547.0 4.2734375
548.0 5.7265625
549.0 5.6171875
550.0 5.3984375
551.0 5.765625
552.0 3.6484375
553.0 3.1796875
554.0 3.671875
555.0 3.546875
556.0 0.96875
557.0 7.21875
558.0 3.7578125
559.0 4.2109375
560.0 4.9921875
561.0 4.6328125
562.0 0.109375
563.0 9.15625
564.0 5.6171875
565.0 5.5
566.0 5.6484375
567.0 5.5
568.0 5.6015625
569.0 5.4921875
570.0 5.6328125
571.0 5.7890625
572.0 5.6640625
573.0 5.6484375
574.0 5.7890625
575.0 1.078125
576.0 10.6171875
577.0 5.8515625
578.0 4.953125
579.0 4.921875
580.0 4.90625
581.0 0.9609375
582.0 8.765625
583.0 5.015625
584.0 5.2578125
585.0 5.4375
586.0 5.234375
587.0 4.8046875
588.0 5.0234375
589.0 5.046875
590.0 5.0390625
591.0 5.3671875
592.0 5.15625
593.0 5.5625
594.0 4.8984375
595.0 1.1796875
596.0 10.265625
597.0 5.1953125
598.0 5.2265625
599.0 2.25
