0.0 0.0
1.0 6.2734375
2.0 3.140625
3.0 3.015625
4.0 1.2890625
5.0 0.0
6.0 9.1796875
7.0 5.3671875
8.0 5.3828125
9.0 5.578125
10.0 5.3046875
11.0 5.3984375
12.0 5.203125
13.0 3.890625
14.0 2.9375
15.0 3.0390625
16.0 2.8359375
17.0 0.0
18.0 6.984375
19.0 3.6484375
20.0 3.4765625
21.0 2.8671875
22.0 3.640625
23.0 2.9609375
24.0 2.6640625
25.0 4.8359375
26.0 2.9921875
27.0 5.0390625
28.0 3.546875
29.0 2.9921875
30.0 3.7109375
31.0 3.96875
32.0 4.828125
33.0 5.078125
34.0 4.859375
35.0 5.1640625
36.0 2.0390625
37.0 6.0859375
38.0 4.0625
39.0 4.546875
40.0 3.921875
41.0 4.0703125
42.0 4.6328125
43.0 4.359375
44.0 4.7421875
45.0 4.53125
46.0 4.2421875
47.0 2.96875
48.0 2.7890625
49.0 3.0859375
50.0 3.0
51.0 4.90625
52.0 1.9375
53.0 1.109375
54.0 0.6015625
55.0 0.8046875
56.0 2.8671875
57.0 2.9296875
58.0 4.921875
59.0 4.2109375
60.0 3.078125
61.0 4.0234375
62.0 0.1796875
63.0 7.9921875
64.0 5.4375
65.0 4.828125
66.0 4.3671875
67.0 5.4609375
68.0 5.5234375
69.0 5.2578125
70.0 5.2265625
71.0 5.0546875
72.0 4.984375
73.0 4.5703125
74.0 3.2578125
75.0 4.25
76.0 2.953125
77.0 2.9296875
78.0 2.75
79.0 2.75
80.0 3.7890625
81.0 4.390625
82.0 4.2109375
83.0 3.8046875
84.0 4.515625
85.0 3.734375
86.0 2.7578125
87.0 3.2890625
88.0 2.8203125
89.0 1.34375
90.0 5.515625
91.0 3.7265625
92.0 3.84375
93.0 1.796875
94.0 1.9375
95.0 3.4296875
96.0 0.6328125
97.0 7.71875
98.0 3.9921875
99.0 3.3203125
100.0 0.1953125
101.0 6.265625
102.0 3.796875
103.0 3.9375
104.0 3.46875
105.0 3.046875
106.0 3.5625
107.0 3.6953125
108.0 2.4453125
109.0 2.453125
110.0 2.90625
111.0 3.3203125
112.0 3.5546875
113.0 3.8203125
114.0 2.8515625
115.0 0.0
116.0 7.84375
117.0 3.515625
118.0 2.84375
119.0 1.7734375
120.0 0.0
121.0 5.9296875
122.0 3.6953125
123.0 4.46875
124.0 4.3359375
125.0 3.46875
126.0 4.3515625
127.0 3.4296875
128.0 2.7890625
129.0 2.515625
130.0 2.6640625
131.0 3.0
132.0 3.3984375
133.0 1.9765625
134.0 4.9296875
135.0 3.9453125
136.0 2.578125
137.0 2.640625
138.0 3.59375
139.0 4.234375
140.0 4.171875
141.0 3.8046875
142.0 0.0703125
143.0 7.6328125
144.0 3.2578125
145.0 3.0
146.0 3.265625
147.0 3.46875
148.0 3.4921875
149.0 4.1484375
150.0 4.0625
151.0 3.53125
152.0 2.890625
153.0 3.46875
154.0 3.21875
155.0 1.859375
156.0 0.2578125
157.0 0.0
158.0 0.0
159.0 0.0
160.0 6.6015625
161.0 2.90625
162.0 5.671875
163.0 3.046875
164.0 2.65625
165.0 0.7578125
166.0 0.0
167.0 5.9375
168.0 1.421875
169.0 1.859375
170.0 2.28125
171.0 2.59375
172.0 1.28125
173.0 1.0625
174.0 1.7421875
175.0 2.3046875
176.0 2.03125
177.0 2.5234375
178.0 3.140625
179.0 2.1484375
180.0 0.0
181.0 6.7109375
182.0 2.6875
183.0 1.390625
184.0 0.0
185.0 6.5703125
186.0 2.546875
187.0 2.375
188.0 2.1328125
189.0 2.3125
190.0 3.7421875
191.0 4.0703125
192.0 2.8515625
193.0 2.671875
194.0 3.046875
195.0 2.2109375
196.0 2.6015625
197.0 2.5390625
198.0 0.0
199.0 0.0
200.0 4.7265625
201.0 4.1875
202.0 3.5859375
203.0 1.8984375
204.0 2.3359375
205.0 2.5234375
206.0 0.90625
207.0 4.5703125
208.0 0.15625
209.0 6.9140625
210.0 3.3828125
211.0 3.21875
212.0 3.140625
213.0 3.40625
214.0 2.84375
215.0 3.1796875
216.0 3.078125
217.0 3.0
218.0 2.875
219.0 2.6328125
220.0 2.7265625
221.0 2.6953125
222.0 0.6171875
223.0 0.984375
224.0 0.9921875
225.0 1.0234375
226.0 1.1953125
227.0 2.4296875
228.0 2.7734375
229.0 2.9609375
230.0 2.7890625
231.0 0.078125
232.0 8.5859375
233.0 4.390625
234.0 2.578125
235.0 0.0
236.0 6.9453125
237.0 3.265625
238.0 3.4609375
239.0 3.671875
240.0 3.84375
241.0 3.9140625
242.0 4.328125
243.0 4.265625
244.0 4.0703125
245.0 3.953125
246.0 3.2265625
247.0 3.015625
248.0 3.25
249.0 0.2734375
250.0 6.203125
251.0 4.2734375
252.0 4.0
253.0 3.828125
254.0 1.5546875
255.0 7.6171875
256.0 2.8671875
257.0 2.96875
258.0 3.7421875
259.0 3.0390625
260.0 3.25
261.0 3.609375
262.0 3.4453125
263.0 4.359375
264.0 4.8046875
265.0 4.1796875
266.0 0.484375
267.0 6.8671875
268.0 3.3828125
269.0 4.0390625
270.0 4.0
271.0 4.0234375
272.0 3.171875
273.0 3.3984375
274.0 3.015625
275.0 3.2578125
276.0 3.671875
277.0 3.9765625
278.0 0.6328125
279.0 7.421875
280.0 3.875
281.0 2.9609375
282.0 3.1015625
283.0 3.1328125
284.0 4.1796875
285.0 4.53125
286.0 4.28125
287.0 4.875
288.0 4.5
289.0 4.0625
290.0 3.875
291.0 2.953125
292.0 4.21875
293.0 4.5390625
294.0 3.0234375
295.0 0.0
296.0 9.0625
297.0 4.6796875
298.0 3.7265625
299.0 5.515625
300.0 5.1328125
301.0 4.859375
302.0 4.578125
303.0 4.59375
304.0 4.2734375
305.0 3.515625
306.0 3.0703125
307.0 4.1875
308.0 4.6640625
309.0 4.6640625
310.0 5.078125
311.0 5.0390625
312.0 2.8125
313.0 0.0
314.0 7.046875
315.0 3.3984375
316.0 3.6953125
317.0 3.25
318.0 3.234375
319.0 3.1953125
320.0 0.0
321.0 7.15625
322.0 2.8359375
323.0 2.7890625
324.0 3.2265625
325.0 3.890625
326.0 4.421875
327.0 4.7734375
328.0 4.1328125
329.0 4.8671875
330.0 4.625
331.0 4.2109375
332.0 2.625
333.0 6.6328125
334.0 5.1328125
335.0 4.7421875
336.0 4.421875
337.0 5.3671875
338.0 5.2265625
339.0 5.3203125
340.0 3.7890625
341.0 1.640625
342.0 7.4375
343.0 4.3203125
344.0 4.0
345.0 3.7265625
346.0 2.8359375
347.0 1.4921875
348.0 6.0390625
349.0 4.8125
350.0 4.546875
351.0 4.1328125
352.0 0.25
353.0 8.0234375
354.0 4.265625
355.0 4.6015625
356.0 4.3828125
357.0 4.5703125
358.0 4.2109375
359.0 4.5703125
360.0 4.3515625
361.0 4.578125
362.0 4.4140625
363.0 3.734375
364.0 4.265625
365.0 3.8203125
366.0 4.3359375
367.0 4.28125
368.0 4.125
369.0 4.5
370.0 4.7421875
371.0 4.203125
372.0 3.9140625
373.0 4.0859375
374.0 3.828125
375.0 3.046875
376.0 3.171875
377.0 4.171875
378.0 4.453125
379.0 4.15625
380.0 3.4375
381.0 2.0
382.0 2.125
383.0 3.171875
384.0 4.0078125
385.0 4.28125
386.0 4.9609375
387.0 4.03125
388.0 4.1796875
389.0 3.5234375
390.0 3.9765625
391.0 3.859375
392.0 1.203125
393.0 1.4375
394.0 3.3125
395.0 3.4296875
396.0 3.4609375
397.0 4.0390625
398.0 3.90625
399.0 2.6640625
400.0 0.5234375
401.0 8.71875
402.0 3.765625
403.0 2.1796875
404.0 4.5625
405.0 3.21875
406.0 3.1796875
407.0 3.3125
408.0 4.453125
409.0 4.7109375
410.0 4.1171875
411.0 4.0625
412.0 4.7578125
413.0 4.484375
414.0 4.3359375
415.0 4.84375
416.0 4.7421875
417.0 1.3828125
418.0 7.484375
419.0 3.0859375
420.0 2.515625
421.0 2.6875
422.0 4.0703125
423.0 2.84375
424.0 1.9375
425.0 0.0
426.0 8.8046875
427.0 4.421875
428.0 3.8046875
429.0 4.78125
430.0 4.359375
431.0 3.8828125
432.0 3.109375
433.0 2.671875
434.0 2.609375
435.0 4.1796875
436.0 3.5546875
437.0 0.0
438.0 8.96875
439.0 3.3515625
440.0 4.2734375
441.0 4.4140625
442.0 4.234375
443.0 2.9609375
444.0 3.4140625
445.0 3.828125
446.0 1.5
447.0 4.7265625
448.0 2.8046875
449.0 3.4453125
450.0 5.046875
451.0 2.84375
452.0 4.3203125
453.0 4.3984375
454.0 2.7734375
455.0 2.8359375
456.0 0.34375
457.0 5.796875
458.0 4.1328125
459.0 4.875
460.0 2.78125
461.0 3.640625
462.0 3.9453125
463.0 3.859375
464.0 3.25
465.0 3.1796875
466.0 3.234375
467.0 3.0703125
468.0 4.9765625
469.0 3.546875
470.0 4.234375
471.0 4.71875
472.0 4.7265625
473.0 4.15625
474.0 5.1875
475.0 4.3671875
476.0 3.2578125
477.0 3.9765625
478.0 4.4140625
479.0 4.7109375
480.0 4.2109375
481.0 3.59375
482.0 4.3359375
483.0 4.1796875
484.0 3.4453125
485.0 4.1171875
486.0 4.9296875
487.0 0.1796875
488.0 8.71875
489.0 3.546875
490.0 2.890625
491.0 3.4921875
492.0 4.6015625
493.0 3.7734375
494.0 5.109375
495.0 4.7109375
496.0 1.359375
497.0 7.765625
498.0 4.875
499.0 4.90625
500.0 4.609375
501.0 4.515625
502.0 3.859375
503.0 1.0625
504.0 7.2890625
505.0 5.3984375
506.0 4.484375
507.0 4.4296875
508.0 4.0390625
509.0 3.890625
510.0 4.171875
511.0 4.546875
512.0 4.6640625
513.0 4.359375
514.0 3.4375
515.0 4.5390625
516.0 4.5390625
517.0 3.7890625
518.0 3.9375
519.0 4.421875
520.0 2.8125
521.0 1.3515625
522.0 6.765625
523.0 2.6953125
524.0 2.6953125
525.0 2.234375
526.0 0.984375
527.0 0.0
528.0 0.8203125
529.0 6.9296875
530.0 3.4765625
531.0 3.7265625
532.0 4.0390625
533.0 4.5390625
534.0 4.09375
535.0 2.7421875
536.0 3.0859375
537.0 3.140625
538.0 3.859375
539.0 4.5703125
540.0 0.34375
541.0 7.90625
542.0 4.3671875
543.0 3.4140625
544.0 2.7734375
545.0 2.671875
546.0 2.8515625
547.0 0.0
548.0 7.3359375
549.0 3.53125
550.0 3.25
551.0 4.6953125
552.0 3.9921875
553.0 2.8984375
554.0 2.296875
555.0 4.0390625
556.0 3.203125
557.0 3.265625
558.0 3.59375
559.0 1.6796875
560.0 5.9921875
561.0 3.5859375
562.0 3.4375
563.0 4.59375
564.0 3.9375
565.0 3.5625
566.0 4.7734375
567.0 2.953125
568.0 4.7265625
569.0 4.125
570.0 4.328125
571.0 2.578125
572.0 2.890625
573.0 4.1484375
574.0 4.03125
575.0 4.6015625
576.0 4.1328125
577.0 3.296875
578.0 4.609375
579.0 3.8203125
580.0 3.34375
581.0 4.0390625
582.0 1.59375
583.0 6.7109375
584.0 2.2734375
585.0 2.4296875
586.0 3.265625
587.0 3.796875
588.0 3.1640625
589.0 2.9375
590.0 0.0
591.0 6.9921875
592.0 2.1328125
593.0 2.4296875
594.0 3.734375
595.0 2.578125
596.0 3.1484375
597.0 4.09375
598.0 3.578125
599.0 2.875
