0.0 5.1953125
1.0 4.890625
2.0 5.125
3.0 5.0703125
4.0 5.015625
5.0 5.28125
6.0 4.921875
7.0 0.8828125
8.0 9.78125
9.0 5.3984375
10.0 5.0546875
11.0 5.2578125
12.0 4.796875
13.0 3.1171875
14.0 0.0
15.0 7.2890625
16.0 3.84375
17.0 4.65625
18.0 5.140625
19.0 2.375
20.0 8.40625
21.0 5.421875
22.0 5.5546875
23.0 5.53125
24.0 5.203125
25.0 5.2578125
26.0 5.21875
27.0 5.375
28.0 5.5859375
29.0 5.671875
30.0 5.4921875
31.0 5.546875
32.0 5.453125
33.0 5.5234375
34.0 5.4921875
35.0 5.4921875
36.0 2.015625
37.0 9.5703125
38.0 5.6171875
39.0 5.703125
40.0 2.0625
41.0 9.78125
42.0 5.421875
43.0 5.46875
44.0 5.8203125
45.0 4.71875
46.0 4.4296875
47.0 5.2734375
48.0 5.3671875
49.0 5.0078125
50.0 4.359375
51.0 4.6796875
52.0 4.7421875
53.0 5.0546875
54.0 4.625
55.0 4.625
56.0 5.5
57.0 4.9609375
58.0 5.0546875
59.0 4.8359375
60.0 4.625
61.0 5.1328125
62.0 5.1640625
63.0 0.5859375
64.0 10.5078125
65.0 5.25
66.0 4.1328125
67.0 6.3359375
68.0 5.015625
69.0 5.203125
70.0 5.0078125
71.0 4.90625
72.0 5.2734375
73.0 5.046875
74.0 5.140625
75.0 5.640625
76.0 4.90625
77.0 4.796875
78.0 3.9375
79.0 5.890625
80.0 5.3203125
81.0 4.9609375
82.0 5.5234375
83.0 5.2265625
84.0 4.84375
85.0 4.5078125
86.0 5.203125
87.0 5.40625
88.0 5.4921875
89.0 5.4296875
90.0 5.3671875
91.0 5.5
92.0 5.859375
93.0 5.5
94.0 2.0
95.0 9.1171875
96.0 5.171875
97.0 5.21875
98.0 5.4921875
99.0 5.3515625
100.0 3.4453125
101.0 7.1953125
102.0 5.484375
103.0 5.2265625
104.0 5.109375
105.0 5.0703125
106.0 1.4375
107.0 9.0078125
108.0 5.0390625
109.0 4.7578125
110.0 5.109375
111.0 4.4765625
112.0 4.9453125
113.0 4.9765625
114.0 5.234375
115.0 5.28125
116.0 5.515625
117.0 5.21875
118.0 5.2890625
119.0 4.9296875
120.0 1.5078125
121.0 8.859375
122.0 5.0234375
123.0 5.2734375
124.0 5.5234375
125.0 2.75
126.0 8.3203125
127.0 5.25
128.0 1.984375
129.0 8.3203125
130.0 4.46875
131.0 5.6015625
132.0 5.3984375
133.0 5.484375
134.0 5.3984375
135.0 5.484375
136.0 5.21875
137.0 5.5234375
138.0 5.2890625
139.0 5.234375
140.0 5.3359375
141.0 5.15625
142.0 1.03125
143.0 9.3984375
144.0 4.859375
145.0 5.0859375
146.0 5.0078125
147.0 1.421875
148.0 9.046875
149.0 4.296875
150.0 4.7109375
151.0 4.8125
152.0 5.375
153.0 5.484375
154.0 5.3984375
155.0 5.90625
156.0 5.7890625
157.0 5.15625
158.0 1.828125
159.0 7.390625
160.0 1.328125
161.0 8.234375
162.0 5.1640625
163.0 5.6796875
164.0 5.6796875
165.0 6.0625
166.0 5.7109375
167.0 5.3828125
168.0 5.5546875
169.0 5.9375
170.0 5.875
171.0 5.5
172.0 2.1484375
173.0 8.359375
174.0 5.1015625
175.0 5.2265625
176.0 4.296875
177.0 5.203125
178.0 5.234375
179.0 3.8828125
180.0 1.71875
181.0 7.8984375
182.0 5.015625
183.0 4.828125
184.0 4.9296875
185.0 4.921875
186.0 4.6796875
187.0 5.0390625
188.0 5.3203125
189.0 4.78125
190.0 4.9921875
191.0 4.828125
192.0 5.0234375
193.0 5.0859375
194.0 5.28125
195.0 4.6796875
196.0 4.578125
197.0 4.75
198.0 4.546875
199.0 4.6015625
200.0 4.5625
201.0 5.1015625
202.0 5.375
203.0 5.4609375
204.0 5.25
205.0 5.46875
206.0 5.6953125
207.0 5.40625
208.0 5.2890625
209.0 1.7734375
210.0 0.3984375
211.0 6.9765625
212.0 4.1015625
213.0 4.0
214.0 2.6875
215.0 4.3671875
216.0 4.84375
217.0 3.7578125
218.0 3.7109375
219.0 3.6171875
220.0 4.984375
221.0 5.234375
222.0 3.1796875
223.0 0.546875
224.0 9.1015625
225.0 4.484375
226.0 5.140625
227.0 4.7578125
228.0 4.1796875
229.0 5.796875
230.0 5.015625
231.0 4.8984375
232.0 4.9921875
233.0 5.234375
234.0 5.40625
235.0 5.1640625
236.0 5.40625
237.0 5.5546875
238.0 5.4375
239.0 5.609375
240.0 5.1953125
241.0 5.203125
242.0 1.03125
243.0 9.6328125
244.0 5.1953125
245.0 4.7734375
246.0 2.8984375
247.0 6.40625
248.0 4.953125
249.0 4.8984375
250.0 5.015625
251.0 4.8359375
252.0 5.046875
253.0 4.3984375
254.0 4.9921875
255.0 4.9609375
256.0 5.421875
257.0 5.34375
258.0 5.1328125
259.0 1.4921875
260.0 6.265625
261.0 1.71875
262.0 3.515625
263.0 4.46875
264.0 3.5546875
265.0 3.5546875
266.0 5.40625
267.0 5.3203125
268.0 4.953125
269.0 3.5859375
270.0 3.96875
271.0 4.515625
272.0 0.703125
273.0 6.453125
274.0 2.84375
275.0 4.7578125
276.0 4.6484375
277.0 0.609375
278.0 7.8515625
279.0 3.546875
280.0 4.3046875
281.0 4.6796875
282.0 5.125
283.0 4.9921875
284.0 4.5078125
285.0 4.796875
286.0 4.3984375
287.0 2.984375
288.0 4.484375
289.0 5.234375
290.0 4.6796875
291.0 3.8515625
292.0 4.3203125
293.0 4.84375
294.0 4.8984375
295.0 4.609375
296.0 1.671875
297.0 7.3671875
298.0 4.84375
299.0 4.796875
300.0 1.8046875
301.0 7.140625
302.0 4.46875
303.0 4.296875
304.0 5.0078125
305.0 5.015625
306.0 5.0546875
307.0 5.0546875
308.0 5.3515625
309.0 5.3125
310.0 5.1953125
311.0 5.203125
312.0 5.1875
313.0 5.3046875
314.0 5.1328125
315.0 4.6328125
316.0 3.5625
317.0 4.0390625
318.0 4.6796875
319.0 4.3671875
320.0 4.6484375
321.0 4.2109375
322.0 4.5
323.0 0.75
324.0 9.2109375
325.0 4.6640625
326.0 5.140625
327.0 4.875
328.0 3.25
329.0 6.8125
330.0 5.046875
331.0 4.9609375
332.0 4.84375
333.0 4.859375
334.0 4.5
335.0 5.0390625
336.0 4.609375
337.0 5.25
338.0 5.34375
339.0 5.2578125
340.0 4.59375
341.0 4.7109375
342.0 4.6953125
343.0 4.875
344.0 5.0703125
345.0 5.140625
346.0 5.0390625
347.0 4.9921875
348.0 5.46875
349.0 0.8671875
350.0 9.15625
351.0 4.8046875
352.0 4.2421875
353.0 2.8984375
354.0 6.4375
355.0 5.0703125
356.0 5.28125
357.0 4.9453125
358.0 5.015625
359.0 4.6484375
360.0 4.9921875
361.0 4.859375
362.0 4.9609375
363.0 4.890625
364.0 4.90625
365.0 5.2578125
366.0 5.15625
367.0 1.390625
368.0 8.9140625
369.0 4.7109375
370.0 4.875
371.0 5.1015625
372.0 2.4609375
373.0 7.7578125
374.0 5.3203125
375.0 5.21875
376.0 5.078125
377.0 5.0234375
378.0 5.0234375
379.0 5.4609375
380.0 5.484375
381.0 4.9921875
382.0 4.75
383.0 5.0390625
384.0 5.1875
385.0 5.0703125
386.0 1.4453125
387.0 8.359375
388.0 4.8984375
389.0 5.1953125
390.0 4.4296875
391.0 6.3671875
392.0 5.21875
393.0 5.3203125
394.0 3.84375
395.0 4.71875
396.0 6.1484375
397.0 5.21875
398.0 5.375
399.0 5.2578125
400.0 5.3125
401.0 5.0234375
402.0 4.484375
403.0 2.1015625
404.0 7.2890625
405.0 5.2265625
406.0 5.3359375
407.0 5.25
408.0 5.2578125
409.0 5.2265625
410.0 2.6328125
411.0 7.71875
412.0 5.2578125
413.0 4.6484375
414.0 5.0390625
415.0 5.2265625
416.0 5.1953125
417.0 4.90625
418.0 5.1328125
419.0 5.4609375
420.0 5.28125
421.0 5.5234375
422.0 5.0546875
423.0 4.90625
424.0 1.1484375
425.0 10.40625
426.0 5.546875
427.0 5.375
428.0 5.2890625
429.0 5.546875
430.0 5.125
431.0 5.28125
432.0 2.8515625
433.0 8.296875
434.0 5.578125
435.0 5.6484375
436.0 5.765625
437.0 3.921875
438.0 3.078125
439.0 2.8046875
440.0 2.7265625
441.0 2.6953125
442.0 2.8359375
443.0 4.65625
444.0 3.5
445.0 2.515625
446.0 0.7890625
447.0 5.609375
448.0 1.7890625
449.0 0.875
450.0 1.1328125
451.0 0.765625
452.0 0.390625
453.0 0.390625
454.0 0.2734375
455.0 0.0
456.0 6.3515625
457.0 5.046875
458.0 5.25
459.0 5.5
460.0 3.3828125
461.0 4.53125
462.0 3.046875
463.0 2.671875
464.0 3.046875
465.0 3.0234375
466.0 2.546875
467.0 2.1015625
468.0 1.0
469.0 0.0
470.0 0.0
471.0 5.734375
472.0 4.2421875
473.0 5.0859375
474.0 3.7109375
475.0 1.34375
476.0 1.8515625
477.0 1.9765625
478.0 2.8046875
479.0 2.8515625
480.0 0.2578125
481.0 7.546875
482.0 5.203125
483.0 5.34375
484.0 5.109375
485.0 5.2734375
486.0 5.1953125
487.0 5.140625
488.0 5.546875
489.0 5.4375
490.0 5.53125
491.0 5.515625
492.0 5.125
493.0 4.8984375
494.0 0.6875
495.0 9.2109375
496.0 2.7421875
497.0 2.890625
498.0 4.65625
499.0 5.2734375
500.0 0.6953125
501.0 9.4453125
502.0 5.046875
503.0 4.7734375
504.0 4.6484375
505.0 4.265625
506.0 3.4453125
507.0 3.6484375
508.0 4.7421875
509.0 5.34375
510.0 5.21875
511.0 4.421875
512.0 0.15625
513.0 6.390625
514.0 1.046875
515.0 5.0703125
516.0 4.0859375
517.0 4.2109375
518.0 5.3671875
519.0 2.96875
520.0 3.4296875
521.0 3.8515625
522.0 4.359375
523.0 5.1875
524.0 2.609375
525.0 5.546875
526.0 4.953125
527.0 4.921875
528.0 4.7421875
529.0 3.515625
530.0 0.1953125
531.0 8.5
532.0 5.578125
533.0 5.703125
534.0 5.6640625
535.0 3.3671875
536.0 7.703125
537.0 3.5625
538.0 5.7578125
539.0 5.1953125
540.0 5.21875
541.0 5.21875
542.0 5.6796875
543.0 5.5234375
544.0 5.4921875
545.0 5.3359375
546.0 5.5234375
547.0 4.484375
548.0 2.7734375
549.0 5.3203125
550.0 3.46875
551.0 2.34375
552.0 4.4140625
553.0 2.9609375
554.0 5.28125
555.0 5.3359375
556.0 4.0703125
557.0 0.0
558.0 8.7109375
559.0 4.8984375
560.0 5.5625
561.0 4.234375
562.0 4.8984375
563.0 3.2578125
564.0 1.8984375
565.0 1.34375
566.0 1.4765625
567.0 1.3203125
568.0 2.03125
569.0 4.1875
570.0 2.8359375
571.0 0.0
572.0 5.8125
573.0 7.359375
574.0 4.25
575.0 4.0234375
576.0 2.234375
577.0 2.3671875
578.0 2.015625
579.0 1.265625
580.0 3.078125
581.0 4.875
582.0 1.890625
583.0 7.8359375
584.0 5.375
585.0 5.40625
586.0 5.4921875
587.0 4.90625
588.0 4.203125
589.0 3.21875
590.0 4.796875
591.0 1.7734375
592.0 5.484375
593.0 5.0078125
594.0 5.6484375
595.0 5.765625
596.0 5.375
597.0 5.4609375
598.0 5.7890625
599.0 6.0859375
