0.0 5.40625
1.0 3.9453125
2.0 5.40625
3.0 4.90625
4.0 4.5703125
5.0 3.859375
6.0 4.265625
7.0 2.5703125
8.0 7.671875
9.0 3.0546875
10.0 5.9765625
11.0 5.5
12.0 6.109375
13.0 5.8125
14.0 5.28125
15.0 5.453125
16.0 6.2109375
17.0 5.46875
18.0 4.4296875
19.0 5.2734375
20.0 5.4921875
21.0 5.421875
22.0 5.96875
23.0 5.3671875
24.0 1.375
25.0 0.6328125
26.0 0.0
27.0 0.0
28.0 18.84375
29.0 3.6953125
30.0 4.171875
31.0 5.046875
32.0 4.0625
33.0 4.5625
34.0 5.8203125
35.0 5.734375
36.0 6.0
37.0 5.890625
38.0 5.9921875
39.0 3.859375
40.0 8.4140625
41.0 5.96875
42.0 6.140625
43.0 6.3046875
44.0 5.9921875
45.0 5.9375
46.0 5.515625
47.0 6.2109375
48.0 1.8828125
49.0 8.9375
50.0 4.4140625
51.0 5.5
52.0 5.3125
53.0 4.2109375
54.0 4.71875
55.0 5.5234375
56.0 5.4375
57.0 5.4921875
58.0 5.6328125
59.0 5.3984375
60.0 5.3203125
61.0 5.15625
62.0 6.0625
63.0 6.4140625
64.0 6.2421875
65.0 6.40625
66.0 3.46875
67.0 8.75
68.0 5.9296875
69.0 4.8984375
70.0 2.8125
71.0 6.0078125
72.0 3.8203125
73.0 4.484375
74.0 4.8984375
75.0 4.4765625
76.0 3.5859375
77.0 3.6484375
78.0 5.140625
79.0 5.109375
80.0 5.015625
81.0 5.3828125
82.0 5.46875
83.0 5.140625
84.0 3.9375
85.0 5.640625
86.0 5.6328125
87.0 5.3359375
88.0 4.1015625
89.0 2.578125
90.0 6.0
91.0 5.046875
92.0 5.0390625
93.0 4.3046875
94.0 4.234375
95.0 4.5
96.0 4.7265625
97.0 4.9609375
98.0 4.6015625
99.0 4.0546875
100.0 3.671875
101.0 4.421875
102.0 4.59375
103.0 1.734375
104.0 6.59375
105.0 4.296875
106.0 4.0234375
107.0 4.359375
108.0 2.59375
109.0 6.5625
110.0 4.46875
111.0 3.53125
112.0 3.53125
113.0 3.46875
114.0 3.953125
115.0 3.796875
116.0 4.0703125
117.0 4.7265625
118.0 4.546875
119.0 4.28125
120.0 3.0859375
121.0 2.8046875
122.0 1.359375
123.0 0.0
124.0 7.46875
125.0 6.5390625
126.0 6.15625
127.0 6.2265625
128.0 5.9765625
129.0 6.140625
130.0 6.2734375
131.0 4.0078125
132.0 8.328125
133.0 5.484375
134.0 5.234375
135.0 5.4375
136.0 5.40625
137.0 5.7578125
138.0 5.3984375
139.0 5.3359375
140.0 5.0078125
141.0 5.515625
142.0 5.765625
143.0 3.796875
144.0 7.5546875
145.0 4.9609375
146.0 4.5078125
147.0 4.5390625
148.0 5.125
149.0 5.125
150.0 4.7734375
151.0 4.59375
152.0 4.5078125
153.0 4.59375
154.0 4.84375
155.0 5.203125
156.0 5.1328125
157.0 4.9765625
158.0 0.875
159.0 8.5234375
160.0 4.15625
161.0 4.2734375
162.0 5.046875
163.0 5.234375
164.0 6.203125
165.0 6.390625
166.0 5.703125
167.0 5.0703125
168.0 3.46875
169.0 0.5703125
170.0 6.5546875
171.0 4.796875
172.0 5.6640625
173.0 5.5234375
174.0 4.7421875
175.0 4.9921875
176.0 5.5
177.0 4.9609375
178.0 3.84375
179.0 3.578125
180.0 1.59375
181.0 1.1796875
182.0 3.4375
183.0 3.1640625
184.0 6.484375
185.0 4.0234375
186.0 3.59375
187.0 4.359375
188.0 4.4296875
189.0 2.9375
190.0 0.0
191.0 7.4921875
192.0 2.2734375
193.0 2.1640625
194.0 2.484375
195.0 2.0390625
196.0 2.28125
197.0 3.0859375
198.0 3.0703125
199.0 2.515625
200.0 2.1953125
201.0 2.1328125
202.0 0.0
203.0 5.84375
204.0 1.4609375
205.0 2.3125
206.0 2.1640625
207.0 1.078125
208.0 2.3359375
209.0 3.25
210.0 3.2265625
211.0 2.7890625
212.0 0.1796875
213.0 6.6484375
214.0 2.71875
215.0 1.859375
216.0 2.328125
217.0 3.0390625
218.0 3.6953125
219.0 3.890625
220.0 4.0078125
221.0 4.0
222.0 3.015625
223.0 2.0625
224.0 0.0
225.0 7.734375
226.0 3.7109375
227.0 3.5625
228.0 3.4921875
229.0 3.3125
230.0 3.5625
231.0 3.765625
232.0 3.5859375
233.0 3.0546875
234.0 1.7109375
235.0 5.046875
236.0 3.4765625
237.0 2.1015625
238.0 1.4765625
239.0 1.984375
240.0 4.9609375
241.0 5.703125
242.0 5.40625
243.0 5.3515625
244.0 1.8359375
245.0 8.9453125
246.0 5.78125
247.0 5.9609375
248.0 5.546875
249.0 5.4296875
250.0 5.2890625
251.0 3.4453125
252.0 6.8046875
253.0 3.296875
254.0 5.765625
255.0 4.28125
256.0 5.2265625
257.0 5.0546875
258.0 5.1640625
259.0 5.3984375
260.0 5.6640625
261.0 4.9296875
262.0 5.5234375
263.0 5.2734375
264.0 3.890625
265.0 4.265625
266.0 4.7109375
267.0 3.640625
268.0 1.46875
269.0 7.1953125
270.0 3.546875
271.0 3.3671875
272.0 1.0859375
273.0 0.0
274.0 7.3125
275.0 3.0546875
276.0 3.1015625
277.0 2.96875
278.0 3.0859375
279.0 3.3125
280.0 3.234375
281.0 1.0546875
282.0 1.7421875
283.0 5.40625
284.0 3.828125
285.0 3.265625
286.0 3.8203125
287.0 4.0703125
288.0 3.734375
289.0 3.1953125
290.0 3.8046875
291.0 4.1796875
292.0 4.0078125
293.0 4.1015625
294.0 3.4609375
295.0 1.8984375
296.0 4.921875
297.0 4.2421875
298.0 4.09375
299.0 3.6796875
300.0 3.171875
301.0 0.0
302.0 6.9765625
303.0 3.90625
304.0 3.7109375
305.0 3.703125
306.0 3.9765625
307.0 4.28125
308.0 4.4140625
309.0 4.4140625
310.0 4.5
311.0 4.609375
312.0 4.546875
313.0 4.4765625
314.0 4.609375
315.0 3.5234375
316.0 0.03125
317.0 8.828125
318.0 4.5390625
319.0 4.46875
320.0 4.3984375
321.0 1.6484375
322.0 7.4296875
323.0 4.0078125
324.0 4.1484375
325.0 4.1796875
326.0 4.203125
327.0 4.46875
328.0 4.84375
329.0 4.453125
330.0 4.3359375
331.0 4.6640625
332.0 4.2734375
333.0 4.0703125
334.0 1.8671875
335.0 7.2578125
336.0 4.296875
337.0 4.09375
338.0 3.7578125
339.0 4.2421875
340.0 4.5
341.0 4.0703125
342.0 1.265625
343.0 6.8046875
344.0 3.90625
345.0 4.0859375
346.0 4.2109375
347.0 3.9140625
348.0 3.078125
349.0 2.65625
350.0 3.0
351.0 3.5546875
352.0 3.3125
353.0 2.390625
354.0 1.1484375
355.0 0.0
356.0 7.515625
357.0 1.109375
358.0 4.90625
359.0 3.59375
360.0 3.5
361.0 3.953125
362.0 4.1328125
363.0 3.890625
364.0 4.25
365.0 4.7578125
366.0 3.6484375
367.0 4.328125
368.0 5.0234375
369.0 5.3671875
370.0 5.7265625
371.0 3.53125
372.0 5.0703125
373.0 2.8203125
374.0 5.9140625
375.0 3.7890625
376.0 4.5625
377.0 4.21875
378.0 3.53125
379.0 4.390625
380.0 4.3046875
381.0 2.90625
382.0 5.6171875
383.0 3.3515625
384.0 3.546875
385.0 4.6328125
386.0 2.7734375
387.0 3.0859375
388.0 3.7578125
389.0 3.9921875
390.0 4.3828125
391.0 4.203125
392.0 5.2890625
393.0 4.9609375
394.0 2.875
395.0 3.265625
396.0 3.7890625
397.0 0.15625
398.0 7.7890625
399.0 4.0390625
400.0 8.53125
401.0 5.3125
402.0 4.5703125
403.0 5.515625
404.0 5.53125
405.0 3.53125
406.0 5.9921875
407.0 3.9375
408.0 6.078125
409.0 3.9140625
410.0 4.9609375
411.0 1.96875
412.0 4.0546875
413.0 3.859375
414.0 4.4296875
415.0 4.84375
416.0 5.4296875
417.0 5.3046875
418.0 5.28125
419.0 5.46875
420.0 5.109375
421.0 6.2734375
422.0 6.0234375
423.0 5.78125
424.0 6.3671875
425.0 6.3359375
426.0 6.1484375
427.0 6.75
428.0 6.3671875
429.0 6.140625
430.0 4.5078125
431.0 4.21875
432.0 5.234375
433.0 5.8203125
434.0 5.5625
435.0 5.4375
436.0 5.4609375
437.0 6.03125
438.0 6.6640625
439.0 2.640625
440.0 9.71875
441.0 3.9921875
442.0 8.625
443.0 5.5
444.0 5.796875
445.0 5.5546875
446.0 5.28125
447.0 6.078125
448.0 5.0234375
449.0 6.625
450.0 6.4140625
451.0 6.265625
452.0 5.7265625
453.0 5.3125
454.0 4.71875
455.0 2.5625
456.0 6.53125
457.0 6.515625
458.0 6.4140625
459.0 5.9375
460.0 6.109375
461.0 5.421875
462.0 6.5625
463.0 5.875
464.0 5.703125
465.0 5.796875
466.0 6.2265625
467.0 6.2421875
468.0 5.640625
469.0 5.203125
470.0 4.8359375
471.0 6.0625
472.0 5.78125
473.0 5.6015625
474.0 4.84375
475.0 7.34375
476.0 5.1640625
477.0 5.75
478.0 6.0078125
479.0 5.421875
480.0 5.828125
481.0 4.9609375
482.0 0.1328125
483.0 0.0
484.0 6.359375
485.0 1.5859375
486.0 3.4140625
487.0 5.6953125
488.0 4.9921875
489.0 5.421875
490.0 6.171875
491.0 4.9296875
492.0 6.7734375
493.0 6.7421875
494.0 6.140625
495.0 2.75
496.0 7.71875
497.0 4.546875
498.0 4.78125
499.0 5.1953125
500.0 5.0546875
501.0 4.8671875
502.0 5.4296875
503.0 4.8984375
504.0 4.5625
505.0 5.0234375
506.0 3.921875
507.0 3.9375
508.0 1.0625
509.0 8.1953125
510.0 4.390625
511.0 4.1875
512.0 4.75
513.0 5.859375
514.0 5.609375
515.0 5.4609375
516.0 5.6796875
517.0 5.3515625
518.0 5.1328125
519.0 4.3984375
520.0 0.96875
521.0 9.96875
522.0 5.6953125
523.0 5.8125
524.0 7.4296875
525.0 7.3359375
526.0 7.0390625
527.0 7.0703125
528.0 6.9140625
529.0 6.8828125
530.0 6.921875
531.0 7.34375
532.0 7.03125
533.0 7.2890625
534.0 7.515625
535.0 7.6953125
536.0 7.3671875
537.0 4.9296875
538.0 1.6171875
539.0 6.1796875
540.0 6.359375
541.0 6.46875
542.0 6.1875
543.0 5.9765625
544.0 6.1171875
545.0 5.6953125
546.0 5.234375
547.0 5.765625
548.0 6.203125
549.0 4.0859375
550.0 6.3671875
551.0 5.421875
552.0 5.0546875
553.0 4.6640625
554.0 5.125
555.0 4.1015625
556.0 5.90625
557.0 5.46875
558.0 3.34375
559.0 7.7265625
560.0 5.4375
561.0 5.515625
562.0 2.6328125
563.0 8.796875
564.0 5.34375
565.0 4.2109375
566.0 4.6640625
567.0 4.84375
568.0 4.9296875
569.0 5.109375
570.0 5.1640625
571.0 4.8671875
572.0 5.2265625
573.0 4.7734375
574.0 2.0078125
575.0 7.8203125
576.0 5.3515625
577.0 5.3125
578.0 4.8984375
579.0 6.09375
580.0 5.109375
581.0 4.5
582.0 4.609375
583.0 5.046875
584.0 5.3125
585.0 5.3984375
586.0 2.1640625
587.0 8.859375
588.0 4.4453125
589.0 4.125
590.0 4.5390625
591.0 3.4140625
592.0 2.8515625
593.0 4.0546875
594.0 2.921875
595.0 3.328125
596.0 4.3359375
597.0 3.234375
598.0 3.625
599.0 4.6953125
