0.0 4.9296875
1.0 5.0546875
2.0 5.578125
3.0 5.515625
4.0 5.96875
5.0 5.7890625
6.0 5.9296875
7.0 5.671875
8.0 5.703125
9.0 3.2890625
10.0 7.1640625
11.0 5.7265625
12.0 5.640625
13.0 5.8125
14.0 4.8046875
15.0 2.265625
16.0 7.8828125
17.0 4.859375
18.0 4.546875
19.0 5.4609375
20.0 5.609375
21.0 3.6953125
22.0 7.25
23.0 3.90625
24.0 6.65625
25.0 5.25
26.0 4.1328125
27.0 4.3046875
28.0 4.46875
29.0 4.8125
30.0 3.4765625
31.0 5.1015625
32.0 4.3984375
33.0 4.0625
34.0 4.21875
35.0 4.1796875
36.0 4.4453125
37.0 3.9453125
38.0 4.3984375
39.0 5.203125
40.0 5.3125
41.0 5.3125
42.0 5.453125
43.0 5.3828125
44.0 4.8046875
45.0 2.65625
46.0 6.53125
47.0 4.828125
48.0 4.8671875
49.0 3.6484375
50.0 5.8203125
51.0 4.6875
52.0 5.0390625
53.0 5.203125
54.0 4.8671875
55.0 5.0390625
56.0 5.4296875
57.0 5.6484375
58.0 5.40625
59.0 5.421875
60.0 5.203125
61.0 5.234375
62.0 5.0546875
63.0 5.140625
64.0 0.4375
65.0 9.875
66.0 5.0078125
67.0 5.0078125
68.0 1.609375
69.0 8.8515625
70.0 4.8125
71.0 5.234375
72.0 5.2890625
73.0 5.53125
74.0 5.3984375
75.0 3.7578125
76.0 7.09375
77.0 5.3515625
78.0 5.6171875
79.0 5.4375
80.0 5.453125
81.0 5.4375
82.0 5.421875
83.0 5.4609375
84.0 5.4375
85.0 5.4609375
86.0 5.2734375
87.0 5.3046875
88.0 4.7421875
89.0 6.125
90.0 5.3828125
91.0 5.6171875
92.0 5.5859375
93.0 5.5625
94.0 5.5
95.0 5.7578125
96.0 5.1328125
97.0 4.7578125
98.0 0.75
99.0 9.546875
100.0 5.6640625
101.0 5.0859375
102.0 4.71875
103.0 1.8984375
104.0 7.734375
105.0 2.4296875
106.0 5.4921875
107.0 5.6015625
108.0 5.5234375
109.0 5.4609375
110.0 5.3203125
111.0 5.0078125
112.0 4.6796875
113.0 4.9765625
114.0 4.953125
115.0 4.6875
116.0 3.015625
117.0 6.71875
118.0 5.046875
119.0 4.9765625
120.0 5.109375
121.0 4.953125
122.0 5.2734375
123.0 4.84375
124.0 5.3828125
125.0 5.109375
126.0 5.515625
127.0 5.5546875
128.0 5.203125
129.0 3.6484375
130.0 6.8671875
131.0 5.609375
132.0 5.2890625
133.0 5.3359375
134.0 5.40625
135.0 5.3125
136.0 5.3515625
137.0 3.8515625
138.0 7.078125
139.0 3.578125
140.0 6.2578125
141.0 4.5390625
142.0 5.515625
143.0 5.6328125
144.0 5.4921875
145.0 5.1328125
146.0 5.125
147.0 5.2890625
148.0 4.203125
149.0 6.0546875
150.0 4.65625
151.0 4.875
152.0 4.5703125
153.0 4.453125
154.0 4.890625
155.0 4.75
156.0 4.8359375
157.0 4.546875
158.0 4.9609375
159.0 4.6953125
160.0 5.2890625
161.0 5.6015625
162.0 5.53125
163.0 4.234375
164.0 6.3828125
165.0 5.1640625
166.0 5.4296875
167.0 5.5
168.0 5.3046875
169.0 2.4296875
170.0 8.5234375
171.0 5.53125
172.0 5.25
173.0 5.234375
174.0 5.140625
175.0 5.0390625
176.0 4.3046875
177.0 5.3046875
178.0 5.578125
179.0 5.7578125
180.0 5.578125
181.0 5.25
182.0 5.3125
183.0 5.0546875
184.0 5.0390625
185.0 4.8984375
186.0 4.71875
187.0 4.8125
188.0 3.7421875
189.0 6.46875
190.0 4.71875
191.0 5.2265625
192.0 5.046875
193.0 4.875
194.0 4.9296875
195.0 5.859375
196.0 5.640625
197.0 5.5234375
198.0 4.9921875
199.0 4.6328125
200.0 4.875
201.0 5.2734375
202.0 4.7109375
203.0 0.09375
204.0 9.84375
205.0 4.609375
206.0 5.2890625
207.0 5.078125
208.0 4.5390625
209.0 4.265625
210.0 3.828125
211.0 3.6484375
212.0 4.7265625
213.0 3.5
214.0 7.90625
215.0 4.984375
216.0 4.625
217.0 5.015625
218.0 3.7734375
219.0 6.2734375
220.0 4.5625
221.0 5.0234375
222.0 4.578125
223.0 4.7734375
224.0 4.7109375
225.0 4.7265625
226.0 4.7578125
227.0 4.7734375
228.0 4.796875
229.0 4.8046875
230.0 4.421875
231.0 5.0078125
232.0 5.4609375
233.0 2.96875
234.0 6.2421875
235.0 4.5703125
236.0 4.6953125
237.0 4.8046875
238.0 2.0078125
239.0 7.78125
240.0 5.078125
241.0 3.4921875
242.0 6.1796875
243.0 4.828125
244.0 4.921875
245.0 4.4140625
246.0 4.3671875
247.0 5.015625
248.0 5.671875
249.0 5.640625
250.0 5.046875
251.0 4.984375
252.0 5.078125
253.0 5.0546875
254.0 4.859375
255.0 5.015625
256.0 2.2734375
257.0 7.9140625
258.0 4.921875
259.0 4.921875
260.0 5.1640625
261.0 4.921875
262.0 0.9609375
263.0 8.296875
264.0 5.1953125
265.0 5.140625
266.0 5.734375
267.0 5.875
268.0 5.8125
269.0 5.4921875
270.0 4.796875
271.0 5.046875
272.0 4.7265625
273.0 4.875
274.0 4.984375
275.0 2.0
276.0 7.546875
277.0 4.6796875
278.0 5.1875
279.0 4.9453125
280.0 5.15625
281.0 4.7734375
282.0 5.4375
283.0 5.484375
284.0 5.6171875
285.0 5.453125
286.0 4.828125
287.0 3.40625
288.0 6.5078125
289.0 4.6796875
290.0 4.6640625
291.0 4.84375
292.0 4.9921875
293.0 4.796875
294.0 5.109375
295.0 1.0859375
296.0 7.90625
297.0 4.1484375
298.0 4.65625
299.0 4.421875
300.0 4.3984375
301.0 4.4765625
302.0 4.6796875
303.0 4.6484375
304.0 5.1875
305.0 5.0390625
306.0 5.25
307.0 4.9453125
308.0 4.84375
309.0 5.3359375
310.0 1.109375
311.0 9.4140625
312.0 5.0234375
313.0 4.921875
314.0 4.90625
315.0 1.859375
316.0 7.1640625
317.0 5.828125
318.0 5.7109375
319.0 5.3515625
320.0 5.0390625
321.0 2.8671875
322.0 6.65625
323.0 5.0859375
324.0 4.3671875
325.0 4.3203125
326.0 5.0546875
327.0 4.8125
328.0 5.0390625
329.0 5.046875
330.0 5.140625
331.0 4.9765625
332.0 5.078125
333.0 4.625
334.0 3.828125
335.0 7.421875
336.0 5.6953125
337.0 5.5546875
338.0 4.53125
339.0 4.8046875
340.0 5.375
341.0 5.140625
342.0 4.7421875
343.0 4.8046875
344.0 4.8359375
345.0 4.5078125
346.0 3.6484375
347.0 5.5625
348.0 4.71875
349.0 4.484375
350.0 4.5078125
351.0 4.5078125
352.0 4.875
353.0 5.0078125
354.0 5.9609375
355.0 4.6640625
356.0 4.6015625
357.0 4.625
358.0 4.4140625
359.0 4.6796875
360.0 4.6328125
361.0 4.2734375
362.0 4.09375
363.0 4.0625
364.0 4.6875
365.0 4.5390625
366.0 4.0234375
367.0 4.65625
368.0 1.1796875
369.0 7.6640625
370.0 5.3671875
371.0 5.859375
372.0 5.34375
373.0 4.0859375
374.0 5.15625
375.0 4.9765625
376.0 4.828125
377.0 3.2578125
378.0 4.859375
379.0 5.4375
380.0 3.53125
381.0 3.796875
382.0 4.0546875
383.0 4.1484375
384.0 3.578125
385.0 3.9453125
386.0 3.53125
387.0 4.484375
388.0 4.8125
389.0 4.78125
390.0 5.3046875
391.0 4.7109375
392.0 5.0078125
393.0 3.140625
394.0 5.875
395.0 4.4140625
396.0 5.2578125
397.0 5.484375
398.0 5.4609375
399.0 5.4375
400.0 5.4375
401.0 5.5546875
402.0 4.7734375
403.0 4.359375
404.0 4.453125
405.0 5.578125
406.0 5.7890625
407.0 5.578125
408.0 1.1171875
409.0 8.296875
410.0 4.6796875
411.0 4.9765625
412.0 4.90625
413.0 3.875
414.0 2.296875
415.0 7.84375
416.0 4.75
417.0 4.953125
418.0 4.890625
419.0 4.78125
420.0 5.0234375
421.0 5.15625
422.0 5.21875
423.0 5.671875
424.0 5.5546875
425.0 5.6328125
426.0 4.09375
427.0 6.3671875
428.0 5.6171875
429.0 5.375
430.0 5.6640625
431.0 5.4609375
432.0 5.1328125
433.0 5.0859375
434.0 4.9453125
435.0 5.0078125
436.0 5.203125
437.0 4.859375
438.0 4.796875
439.0 0.6171875
440.0 9.0078125
441.0 5.1953125
442.0 5.5
443.0 5.2265625
444.0 5.2578125
445.0 5.3125
446.0 2.75
447.0 8.265625
448.0 5.34375
449.0 5.3671875
450.0 5.5859375
451.0 5.3125
452.0 5.0703125
453.0 5.3515625
454.0 2.71875
455.0 7.6875
456.0 4.546875
457.0 4.9609375
458.0 5.1328125
459.0 5.2265625
460.0 5.234375
461.0 4.890625
462.0 5.0078125
463.0 5.0859375
464.0 5.3984375
465.0 4.953125
466.0 5.453125
467.0 5.234375
468.0 1.859375
469.0 8.078125
470.0 5.34375
471.0 4.90625
472.0 5.3671875
473.0 4.9609375
474.0 4.8984375
475.0 2.4140625
476.0 7.28125
477.0 5.1328125
478.0 4.84375
479.0 5.25
480.0 4.71875
481.0 5.4296875
482.0 5.1328125
483.0 4.84375
484.0 4.8046875
485.0 4.78125
486.0 4.90625
487.0 4.6796875
488.0 3.640625
489.0 0.90625
490.0 8.8359375
491.0 4.0546875
492.0 4.453125
493.0 5.515625
494.0 5.546875
495.0 0.78125
496.0 8.2890625
497.0 4.625
498.0 4.328125
499.0 3.25
500.0 5.890625
501.0 4.296875
502.0 4.5078125
503.0 4.578125
504.0 4.28125
505.0 4.1484375
506.0 4.265625
507.0 4.1171875
508.0 3.90625
509.0 3.8046875
510.0 5.1328125
511.0 5.53125
512.0 5.078125
513.0 3.328125
514.0 5.375
515.0 4.296875
516.0 4.5078125
517.0 4.265625
518.0 4.28125
519.0 4.15625
520.0 3.8828125
521.0 4.1171875
522.0 3.6953125
523.0 3.890625
524.0 3.96875
525.0 3.890625
526.0 1.1796875
527.0 6.7421875
528.0 5.4609375
529.0 3.7578125
530.0 6.8671875
531.0 4.625
532.0 4.4765625
533.0 4.53125
534.0 3.875
535.0 4.0625
536.0 3.859375
537.0 3.9921875
538.0 4.3671875
539.0 4.28125
540.0 4.59375
541.0 4.484375
542.0 4.3046875
543.0 4.1328125
544.0 0.1640625
545.0 9.3359375
546.0 5.1875
547.0 5.375
548.0 5.125
549.0 3.8203125
550.0 5.3984375
551.0 4.328125
552.0 4.5390625
553.0 4.5078125
554.0 4.296875
555.0 4.1015625
556.0 4.09375
557.0 4.3984375
558.0 4.953125
559.0 5.1640625
560.0 5.3984375
561.0 5.1953125
562.0 4.5625
563.0 2.5703125
564.0 7.46875
565.0 5.2578125
566.0 5.453125
567.0 5.6484375
568.0 5.28125
569.0 3.8046875
570.0 6.6328125
571.0 4.6953125
572.0 5.15625
573.0 5.2890625
574.0 5.015625
575.0 5.1015625
576.0 4.6640625
577.0 4.796875
578.0 4.875
579.0 4.515625
580.0 4.71875
581.0 5.671875
582.0 4.6640625
583.0 2.1640625
584.0 7.1953125
585.0 5.171875
586.0 5.34375
587.0 5.2578125
588.0 5.421875
589.0 5.421875
590.0 5.5859375
591.0 4.984375
592.0 4.859375
593.0 4.5703125
594.0 5.0078125
595.0 4.8125
596.0 5.1640625
597.0 4.828125
598.0 4.9921875
599.0 5.3203125
