0.0 2.5078125
1.0 1.5546875
2.0 2.4609375
3.0 3.9453125
4.0 4.3359375
5.0 3.9921875
6.0 3.296875
7.0 3.4375
8.0 2.6328125
9.0 3.890625
10.0 3.9453125
11.0 0.8125
12.0 6.984375
13.0 3.7734375
14.0 4.0390625
15.0 4.25
16.0 4.296875
17.0 4.265625
18.0 5.375
19.0 4.53125
20.0 4.0
21.0 4.25
22.0 4.46875
23.0 2.640625
24.0 6.7421875
25.0 4.625
26.0 5.140625
27.0 5.109375
28.0 4.8359375
29.0 2.8515625
30.0 5.3828125
31.0 2.015625
32.0 4.9453125
33.0 3.6171875
34.0 4.4765625
35.0 4.28125
36.0 4.03125
37.0 3.84375
38.0 4.0390625
39.0 4.21875
40.0 4.7578125
41.0 4.1015625
42.0 3.7421875
43.0 4.4296875
44.0 3.4140625
45.0 2.65625
46.0 0.0
47.0 8.015625
48.0 3.953125
49.0 3.625
50.0 3.765625
51.0 2.4609375
52.0 6.2109375
53.0 3.65625
54.0 3.5546875
55.0 4.359375
56.0 3.5
57.0 3.84375
58.0 4.0
59.0 3.1015625
60.0 3.4453125
61.0 3.375
62.0 3.7109375
63.0 3.828125
64.0 2.234375
65.0 6.2265625
66.0 3.3984375
67.0 3.625
68.0 4.03125
69.0 4.0625
70.0 2.7265625
71.0 0.0
72.0 8.3828125
73.0 3.1796875
74.0 3.5234375
75.0 3.890625
76.0 4.3203125
77.0 3.3671875
78.0 3.671875
79.0 4.421875
80.0 3.1640625
81.0 3.3515625
82.0 3.3671875
83.0 3.1484375
84.0 0.0
85.0 7.6171875
86.0 4.578125
87.0 4.6015625
88.0 4.890625
89.0 5.0390625
90.0 5.125
91.0 5.0234375
92.0 2.1328125
93.0 7.875
94.0 4.7734375
95.0 4.859375
96.0 4.828125
97.0 4.6875
98.0 4.6640625
99.0 4.578125
100.0 4.7734375
101.0 4.546875
102.0 4.234375
103.0 4.9609375
104.0 4.25
105.0 4.7734375
106.0 4.71875
107.0 4.3046875
108.0 4.1875
109.0 4.171875
110.0 3.4609375
111.0 4.0078125
112.0 4.484375
113.0 4.6484375
114.0 3.90625
115.0 0.6875
116.0 6.8359375
117.0 3.4453125
118.0 4.484375
119.0 4.3515625
120.0 4.3203125
121.0 4.5078125
122.0 4.5390625
123.0 4.46875
124.0 4.09375
125.0 3.546875
126.0 0.15625
127.0 8.0234375
128.0 3.9921875
129.0 4.125
130.0 4.171875
131.0 4.3671875
132.0 4.390625
133.0 4.1171875
134.0 4.1875
135.0 2.265625
136.0 4.6875
137.0 4.546875
138.0 4.28125
139.0 4.3203125
140.0 4.3046875
141.0 4.625
142.0 2.953125
143.0 4.7421875
144.0 4.6796875
145.0 3.109375
146.0 7.046875
147.0 4.53125
148.0 4.5
149.0 4.6328125
150.0 4.4140625
151.0 4.921875
152.0 4.984375
153.0 4.8046875
154.0 4.890625
155.0 4.578125
156.0 3.53125
157.0 3.4296875
158.0 4.6015625
159.0 4.1875
160.0 0.0
161.0 8.4140625
162.0 2.8125
163.0 4.1796875
164.0 4.9921875
165.0 4.1796875
166.0 4.265625
167.0 4.65625
168.0 4.46875
169.0 4.6484375
170.0 4.7109375
171.0 4.5703125
172.0 4.296875
173.0 0.0
174.0 10.0703125
175.0 4.6953125
176.0 4.421875
177.0 0.0
178.0 9.6328125
179.0 4.421875
180.0 4.625
181.0 4.3671875
182.0 4.453125
183.0 4.4765625
184.0 4.390625
185.0 4.3828125
186.0 4.6796875
187.0 4.6640625
188.0 4.328125
189.0 3.1328125
190.0 5.640625
191.0 4.28125
192.0 4.390625
193.0 4.2109375
194.0 4.2734375
195.0 4.4296875
196.0 4.0546875
197.0 0.0
198.0 9.0390625
199.0 4.3984375
200.0 4.1796875
201.0 3.2578125
202.0 4.359375
203.0 4.7578125
204.0 4.3828125
205.0 4.3203125
206.0 3.953125
207.0 4.4140625
208.0 4.59375
209.0 3.578125
210.0 5.671875
211.0 4.6640625
212.0 4.6796875
213.0 4.8125
214.0 4.484375
215.0 2.0078125
216.0 8.1171875
217.0 4.5625
218.0 4.828125
219.0 4.890625
220.0 4.6953125
221.0 4.984375
222.0 5.0078125
223.0 4.6640625
224.0 4.578125
225.0 4.53125
226.0 4.296875
227.0 3.0234375
228.0 0.1015625
229.0 7.796875
230.0 4.0703125
231.0 3.3984375
232.0 0.0
233.0 5.2734375
234.0 2.8984375
235.0 3.3515625
236.0 3.9140625
237.0 3.4609375
238.0 2.640625
239.0 2.1796875
240.0 2.453125
241.0 4.2421875
242.0 4.3984375
243.0 4.6875
244.0 4.6015625
245.0 4.890625
246.0 5.0078125
247.0 2.4140625
248.0 7.78125
249.0 5.015625
250.0 4.7109375
251.0 4.5078125
252.0 2.3671875
253.0 7.109375
254.0 4.6875
255.0 4.7734375
256.0 3.28125
257.0 5.6640625
258.0 4.328125
259.0 4.3984375
260.0 4.453125
261.0 4.6796875
262.0 3.0859375
263.0 2.328125
264.0 1.5234375
265.0 3.046875
266.0 1.6875
267.0 1.234375
268.0 1.203125
269.0 2.96875
270.0 3.5625
271.0 0.0
272.0 6.9609375
273.0 4.421875
274.0 4.4453125
275.0 4.2109375
276.0 2.3125
277.0 6.6796875
278.0 4.25
279.0 1.984375
280.0 2.34375
281.0 4.0
282.0 4.1015625
283.0 3.953125
284.0 4.0390625
285.0 4.09375
286.0 4.4765625
287.0 4.453125
288.0 4.4453125
289.0 2.640625
290.0 5.9609375
291.0 4.1796875
292.0 4.359375
293.0 4.7109375
294.0 4.84375
295.0 4.7734375
296.0 1.375
297.0 7.6953125
298.0 4.3359375
299.0 4.6953125
300.0 4.265625
301.0 4.359375
302.0 4.0703125
303.0 4.453125
304.0 4.4765625
305.0 4.609375
306.0 4.359375
307.0 4.6875
308.0 4.7109375
309.0 3.921875
310.0 0.0
311.0 8.0625
312.0 5.78125
313.0 4.25
314.0 4.171875
315.0 4.7734375
316.0 4.6640625
317.0 4.2734375
318.0 4.578125
319.0 4.359375
320.0 4.65625
321.0 4.84375
322.0 4.546875
323.0 4.65625
324.0 4.6640625
325.0 3.3203125
326.0 6.3515625
327.0 4.9296875
328.0 4.953125
329.0 5.0078125
330.0 3.546875
331.0 5.9375
332.0 4.453125
333.0 4.9453125
334.0 4.421875
335.0 3.296875
336.0 3.9453125
337.0 3.4296875
338.0 3.734375
339.0 3.1171875
340.0 3.65625
341.0 4.328125
342.0 4.0703125
343.0 4.6796875
344.0 4.25
345.0 4.46875
346.0 4.3203125
347.0 4.25
348.0 4.1875
349.0 4.4453125
350.0 4.1875
351.0 4.578125
352.0 4.5
353.0 4.5390625
354.0 4.546875
355.0 4.2109375
356.0 4.4453125
357.0 4.3359375
358.0 4.3984375
359.0 4.46875
360.0 4.53125
361.0 4.3203125
362.0 4.4765625
363.0 3.84375
364.0 0.0
365.0 8.5546875
366.0 4.6875
367.0 4.484375
368.0 4.5625
369.0 4.71875
370.0 4.6640625
371.0 4.3359375
372.0 1.1953125
373.0 7.703125
374.0 4.3984375
375.0 4.3828125
376.0 4.359375
377.0 4.625
378.0 4.421875
379.0 4.25
380.0 4.421875
381.0 4.3671875
382.0 4.5078125
383.0 4.359375
384.0 4.0625
385.0 0.8359375
386.0 7.671875
387.0 4.3046875
388.0 4.296875
389.0 4.5625
390.0 4.578125
391.0 4.3984375
392.0 4.2421875
393.0 3.1328125
394.0 5.40625
395.0 4.203125
396.0 3.9921875
397.0 4.0234375
398.0 4.15625
399.0 4.234375
400.0 3.8515625
401.0 4.0390625
402.0 4.1484375
403.0 3.953125
404.0 4.203125
405.0 4.1796875
406.0 4.09375
407.0 4.0390625
408.0 4.21875
409.0 4.2734375
410.0 4.1328125
411.0 2.59375
412.0 5.96875
413.0 4.265625
414.0 4.28125
415.0 4.15625
416.0 3.9375
417.0 3.8515625
418.0 3.8203125
419.0 3.90625
420.0 4.09375
421.0 4.15625
422.0 4.09375
423.0 4.1171875
424.0 3.921875
425.0 2.5234375
426.0 5.5
427.0 4.1484375
428.0 3.546875
429.0 4.0625
430.0 3.7421875
431.0 1.609375
432.0 6.078125
433.0 3.5
434.0 3.765625
435.0 3.4140625
436.0 4.171875
437.0 3.65625
438.0 3.5625
439.0 4.296875
440.0 3.96875
441.0 2.671875
442.0 6.4765625
443.0 4.15625
444.0 4.5390625
445.0 4.5390625
446.0 4.296875
447.0 4.4140625
448.0 4.328125
449.0 4.1015625
450.0 4.2734375
451.0 4.4296875
452.0 4.4765625
453.0 4.3046875
454.0 4.296875
455.0 2.625
456.0 5.90625
457.0 3.5234375
458.0 3.25
459.0 3.7265625
460.0 3.7890625
461.0 1.609375
462.0 5.640625
463.0 3.859375
464.0 3.9921875
465.0 4.1875
466.0 4.0859375
467.0 4.09375
468.0 3.734375
469.0 3.640625
470.0 4.03125
471.0 4.203125
472.0 4.234375
473.0 4.09375
474.0 3.84375
475.0 0.0
476.0 8.2578125
477.0 4.28125
478.0 3.90625
479.0 3.96875
480.0 3.9921875
481.0 1.7421875
482.0 6.296875
483.0 4.578125
484.0 4.5390625
485.0 4.453125
486.0 4.1484375
487.0 4.203125
488.0 4.2109375
489.0 3.828125
490.0 4.0234375
491.0 3.65625
492.0 3.796875
493.0 3.859375
494.0 1.4921875
495.0 6.6015625
496.0 3.9453125
497.0 4.03125
498.0 3.5625
499.0 2.8125
500.0 5.6015625
501.0 4.0078125
502.0 2.9375
503.0 3.890625
504.0 4.125
505.0 3.796875
506.0 4.1171875
507.0 4.25
508.0 4.265625
509.0 0.875
510.0 7.2421875
511.0 4.21875
512.0 4.203125
513.0 4.1484375
514.0 4.0625
515.0 4.28125
516.0 4.28125
517.0 4.265625
518.0 0.9609375
519.0 8.015625
520.0 4.21875
521.0 4.234375
522.0 4.28125
523.0 4.2734375
524.0 3.8046875
525.0 4.0625
526.0 3.84375
527.0 3.0234375
528.0 3.625
529.0 3.8515625
530.0 3.9375
531.0 4.28125
532.0 3.7265625
533.0 0.0
534.0 8.2734375
535.0 4.0703125
536.0 4.03125
537.0 2.9609375
538.0 5.609375
539.0 4.2734375
540.0 4.59375
541.0 4.7421875
542.0 4.59375
543.0 3.9921875
544.0 4.0859375
545.0 4.2734375
546.0 4.2421875
547.0 2.421875
548.0 5.515625
549.0 2.7265625
550.0 5.796875
551.0 2.7890625
552.0 6.09375
553.0 4.21875
554.0 4.296875
555.0 4.6875
556.0 4.4765625
557.0 4.4140625
558.0 4.7109375
559.0 4.5625
560.0 4.8046875
561.0 3.046875
562.0 5.7578125
563.0 4.3984375
564.0 3.921875
565.0 4.0
566.0 4.0859375
567.0 4.296875
568.0 4.0625
569.0 4.03125
570.0 3.515625
571.0 3.7109375
572.0 4.265625
573.0 4.3046875
574.0 3.90625
575.0 4.0234375
576.0 0.578125
577.0 7.8203125
578.0 4.3046875
579.0 4.0234375
580.0 3.921875
581.0 4.0703125
582.0 4.234375
583.0 4.421875
584.0 4.296875
585.0 4.328125
586.0 4.328125
587.0 4.3671875
588.0 3.859375
589.0 2.546875
590.0 5.7578125
591.0 4.453125
592.0 3.9375
593.0 4.296875
594.0 4.6484375
595.0 4.328125
596.0 2.875
597.0 6.2109375
598.0 4.390625
599.0 2.9609375
