0.0 3.2890625
1.0 3.21875
2.0 2.390625
3.0 0.0
4.0 7.421875
5.0 3.6171875
6.0 3.640625
7.0 2.8203125
8.0 2.6328125
9.0 0.5703125
10.0 0.0
11.0 0.0078125
12.0 6.1796875
13.0 1.703125
14.0 2.0703125
15.0 2.65625
16.0 3.8203125
17.0 3.921875
18.0 3.8046875
19.0 3.2578125
20.0 2.71875
21.0 0.0
22.0 7.2734375
23.0 2.4453125
24.0 1.8046875
25.0 2.015625
26.0 1.953125
27.0 2.015625
28.0 1.984375
29.0 2.09375
30.0 2.1796875
31.0 1.8359375
32.0 1.5
33.0 1.1953125
34.0 1.015625
35.0 0.0
36.0 6.171875
37.0 2.21875
38.0 1.109375
39.0 0.5234375
40.0 1.171875
41.0 2.234375
42.0 0.328125
43.0 0.0
44.0 0.0
45.0 0.0
46.0 6.078125
47.0 0.9140625
48.0 2.234375
49.0 2.5390625
50.0 2.7109375
51.0 2.3046875
52.0 1.9140625
53.0 0.6328125
54.0 0.65625
55.0 1.296875
56.0 1.390625
57.0 0.5859375
58.0 0.0
59.0 0.0
60.0 0.0
61.0 4.78125
62.0 1.0234375
63.0 2.1640625
64.0 3.546875
65.0 2.1640625
66.0 1.8828125
67.0 1.09375
68.0 0.125
69.0 0.0
70.0 5.5546875
71.0 2.453125
72.0 2.3984375
73.0 2.25
74.0 3.296875
75.0 1.09375
76.0 0.6640625
77.0 0.4609375
78.0 0.6328125
79.0 0.75
80.0 1.8046875
81.0 2.1640625
82.0 1.2109375
83.0 0.0
84.0 0.0
85.0 0.0
86.0 0.0
87.0 0.0
88.0 4.84375
89.0 0.75
90.0 0.8359375
91.0 0.2109375
92.0 2.5703125
93.0 2.15625
94.0 2.0859375
95.0 1.140625
96.0 1.046875
97.0 1.0625
98.0 1.3828125
99.0 0.8984375
100.0 1.0546875
101.0 0.015625
102.0 0.0
103.0 0.0
104.0 0.0
105.0 5.015625
106.0 0.6171875
107.0 0.375
108.0 0.3125
109.0 0.3046875
110.0 0.3125
111.0 0.8671875
112.0 1.59375
113.0 3.1015625
114.0 4.234375
115.0 3.7734375
116.0 1.0234375
117.0 7.84375
118.0 4.390625
119.0 4.2421875
120.0 4.359375
121.0 4.4453125
122.0 1.5078125
123.0 8.3828125
124.0 4.9609375
125.0 4.75
126.0 4.8046875
127.0 4.75
128.0 4.515625
129.0 4.2421875
130.0 4.8359375
131.0 4.9296875
132.0 4.9765625
133.0 5.2734375
134.0 5.109375
135.0 3.1171875
136.0 6.828125
137.0 4.796875
138.0 4.953125
139.0 4.828125
140.0 2.7109375
141.0 6.7421875
142.0 4.875
143.0 4.9296875
144.0 4.8671875
145.0 1.0625
146.0 8.3125
147.0 4.78125
148.0 4.5390625
149.0 4.8671875
150.0 4.90625
151.0 4.859375
152.0 4.7265625
153.0 4.7109375
154.0 4.09375
155.0 2.6875
156.0 3.265625
157.0 1.4375
158.0 4.515625
159.0 4.9765625
160.0 4.984375
161.0 4.796875
162.0 4.78125
163.0 4.3671875
164.0 4.4140625
165.0 4.484375
166.0 4.1328125
167.0 4.28125
168.0 4.390625
169.0 4.4296875
170.0 4.171875
171.0 1.9765625
172.0 6.625
173.0 4.578125
174.0 4.4453125
175.0 4.3046875
176.0 1.296875
177.0 7.671875
178.0 4.46875
179.0 4.5
180.0 4.3203125
181.0 4.1015625
182.0 1.4375
183.0 7.078125
184.0 3.9921875
185.0 3.609375
186.0 3.828125
187.0 3.921875
188.0 3.734375
189.0 3.859375
190.0 3.7734375
191.0 4.265625
192.0 4.0625
193.0 4.2421875
194.0 4.78125
195.0 1.5234375
196.0 7.7578125
197.0 4.1875
198.0 4.09375
199.0 4.1796875
200.0 4.0625
201.0 1.4609375
202.0 7.4375
203.0 4.1015625
204.0 4.0546875
205.0 4.3671875
206.0 4.265625
207.0 4.25
208.0 4.0625
209.0 1.390625
210.0 7.4296875
211.0 4.65625
212.0 4.78125
213.0 4.6484375
214.0 4.3984375
215.0 3.703125
216.0 3.953125
217.0 2.8984375
218.0 3.7265625
219.0 3.921875
220.0 4.265625
221.0 4.4765625
222.0 4.3203125
223.0 3.2890625
224.0 4.6640625
225.0 5.171875
226.0 4.3046875
227.0 4.1875
228.0 1.984375
229.0 6.59375
230.0 4.171875
231.0 4.515625
232.0 4.203125
233.0 4.3515625
234.0 4.3671875
235.0 4.6640625
236.0 4.0390625
237.0 4.15625
238.0 3.609375
239.0 4.125
240.0 4.3828125
241.0 4.3515625
242.0 4.4296875
243.0 4.1171875
244.0 4.3515625
245.0 2.6328125
246.0 6.421875
247.0 4.6015625
248.0 4.25
249.0 1.8984375
250.0 7.1328125
251.0 4.5390625
252.0 4.3203125
253.0 4.4296875
254.0 4.515625
255.0 4.5625
256.0 4.71875
257.0 4.5390625
258.0 4.3984375
259.0 4.296875
260.0 4.2734375
261.0 4.609375
262.0 4.5625
263.0 4.5078125
264.0 4.1875
265.0 4.4140625
266.0 4.2734375
267.0 4.7265625
268.0 5.015625
269.0 3.5
270.0 6.2109375
271.0 4.53125
272.0 4.28125
273.0 4.4140625
274.0 4.546875
275.0 4.9765625
276.0 4.546875
277.0 4.5078125
278.0 4.7734375
279.0 4.0
280.0 4.09375
281.0 4.5
282.0 4.7421875
283.0 4.71875
284.0 3.9921875
285.0 4.2734375
286.0 4.1796875
287.0 2.5234375
288.0 5.4921875
289.0 4.3359375
290.0 4.125
291.0 3.5
292.0 2.296875
293.0 5.3203125
294.0 4.3984375
295.0 4.4296875
296.0 4.234375
297.0 4.5703125
298.0 4.0703125
299.0 4.5625
300.0 4.59375
301.0 4.265625
302.0 4.234375
303.0 4.328125
304.0 4.453125
305.0 1.296875
306.0 7.6328125
307.0 4.3046875
308.0 4.7109375
309.0 4.5078125
310.0 4.3046875
311.0 3.7109375
312.0 3.59375
313.0 3.5859375
314.0 1.03125
315.0 6.8828125
316.0 4.4453125
317.0 4.25
318.0 3.796875
319.0 4.1328125
320.0 4.21875
321.0 4.3671875
322.0 4.1328125
323.0 4.390625
324.0 3.9375
325.0 4.0078125
326.0 4.265625
327.0 4.3203125
328.0 0.2578125
329.0 8.6171875
330.0 3.9140625
331.0 4.1796875
332.0 4.2734375
333.0 1.390625
334.0 7.3046875
335.0 4.28125
336.0 4.3359375
337.0 4.125
338.0 4.0234375
339.0 4.1484375
340.0 4.1875
341.0 4.203125
342.0 4.28125
343.0 4.265625
344.0 4.1328125
345.0 3.3515625
346.0 0.0
347.0 5.609375
348.0 6.59375
349.0 4.578125
350.0 4.3984375
351.0 4.1484375
352.0 3.8515625
353.0 4.3515625
354.0 4.515625
355.0 4.421875
356.0 4.46875
357.0 4.390625
358.0 4.609375
359.0 4.2734375
360.0 4.390625
361.0 4.3203125
362.0 0.015625
363.0 9.7578125
364.0 4.5078125
365.0 4.578125
366.0 4.0078125
367.0 0.546875
368.0 8.921875
369.0 4.515625
370.0 4.0703125
371.0 4.0703125
372.0 4.359375
373.0 4.3515625
374.0 4.6640625
375.0 4.1015625
376.0 2.375
377.0 0.0
378.0 7.109375
379.0 3.90625
380.0 3.1328125
381.0 4.0390625
382.0 4.15625
383.0 4.171875
384.0 4.0
385.0 3.0859375
386.0 1.625
387.0 0.9375
388.0 0.0
389.0 4.53125
390.0 1.890625
391.0 1.7109375
392.0 1.890625
393.0 2.484375
394.0 2.90625
395.0 2.0859375
396.0 1.2109375
397.0 0.0
398.0 4.484375
399.0 1.5625
400.0 1.640625
401.0 1.8203125
402.0 2.484375
403.0 3.9453125
404.0 4.203125
405.0 2.1640625
406.0 2.1328125
407.0 1.8828125
408.0 1.234375
409.0 1.2265625
410.0 0.8515625
411.0 0.390625
412.0 0.0
413.0 0.0
414.0 5.6640625
415.0 0.8984375
416.0 1.7578125
417.0 1.8203125
418.0 1.4375
419.0 1.7109375
420.0 0.84375
421.0 0.34375
422.0 0.0
423.0 0.0
424.0 5.1015625
425.0 1.4765625
426.0 1.734375
427.0 1.9453125
428.0 1.328125
429.0 1.921875
430.0 2.0625
431.0 1.9375
432.0 1.9453125
433.0 1.8515625
434.0 2.1953125
435.0 4.3828125
436.0 4.1015625
437.0 1.2421875
438.0 7.4296875
439.0 4.2109375
440.0 3.9375
441.0 0.6875
442.0 7.8671875
443.0 4.3984375
444.0 4.203125
445.0 3.734375
446.0 3.375
447.0 1.2578125
448.0 6.46875
449.0 1.3515625
450.0 6.5703125
451.0 4.1796875
452.0 4.1796875
453.0 3.65625
454.0 3.4765625
455.0 3.890625
456.0 2.90625
457.0 3.4296875
458.0 3.8515625
459.0 3.5546875
460.0 4.2109375
461.0 1.421875
462.0 7.2578125
463.0 4.5078125
464.0 3.1953125
465.0 3.4609375
466.0 4.5
467.0 4.6796875
468.0 4.421875
469.0 4.2109375
470.0 4.2421875
471.0 4.1328125
472.0 4.0390625
473.0 4.296875
474.0 4.5078125
475.0 4.578125
476.0 2.453125
477.0 6.125
478.0 3.46875
479.0 4.2421875
480.0 4.4765625
481.0 3.640625
482.0 5.203125
483.0 4.5
484.0 4.3828125
485.0 4.2734375
486.0 4.3203125
487.0 4.3515625
488.0 4.5390625
489.0 1.4140625
490.0 6.2578125
491.0 4.171875
492.0 4.296875
493.0 4.296875
494.0 4.4765625
495.0 2.328125
496.0 5.96875
497.0 4.0859375
498.0 4.0546875
499.0 3.953125
500.0 3.8046875
501.0 4.984375
502.0 5.2265625
503.0 5.2265625
504.0 4.6953125
505.0 4.7265625
506.0 4.75
507.0 4.46875
508.0 4.0703125
509.0 1.7109375
510.0 6.8671875
511.0 4.546875
512.0 4.28125
513.0 4.21875
514.0 1.5625
515.0 7.2578125
516.0 4.53125
517.0 4.3984375
518.0 4.6796875
519.0 4.7265625
520.0 4.46875
521.0 4.484375
522.0 4.3828125
523.0 4.390625
524.0 4.515625
525.0 4.3828125
526.0 4.390625
527.0 4.484375
528.0 0.0390625
529.0 7.25
530.0 3.875
531.0 4.390625
532.0 4.5
533.0 4.78125
534.0 4.4765625
535.0 1.671875
536.0 7.15625
537.0 3.90625
538.0 3.3515625
539.0 4.1171875
540.0 4.2421875
541.0 4.2734375
542.0 4.3046875
543.0 4.5390625
544.0 1.8359375
545.0 0.8671875
546.0 0.0
547.0 4.5
548.0 1.921875
549.0 1.671875
550.0 2.3671875
551.0 2.515625
552.0 3.7734375
553.0 2.4296875
554.0 1.9140625
555.0 3.203125
556.0 3.25
557.0 1.1171875
558.0 0.0
559.0 7.3984375
560.0 4.25
561.0 1.9375
562.0 6.4140625
563.0 4.21875
564.0 4.53125
565.0 4.234375
566.0 4.4296875
567.0 4.3046875
568.0 4.3828125
569.0 4.5078125
570.0 4.515625
571.0 4.1015625
572.0 4.21875
573.0 4.1015625
574.0 3.921875
575.0 1.7421875
576.0 6.53125
577.0 2.4140625
578.0 1.5
579.0 3.171875
580.0 4.3671875
581.0 1.5859375
582.0 7.2734375
583.0 4.3046875
584.0 4.1484375
585.0 4.15625
586.0 4.390625
587.0 4.3046875
588.0 4.171875
589.0 1.4609375
590.0 7.6328125
591.0 4.421875
592.0 4.6640625
593.0 1.5703125
594.0 6.65625
595.0 4.25
596.0 4.7734375
597.0 4.5625
598.0 4.4765625
599.0 4.6015625
