0.0 0.734375
1.0 8.640625
2.0 4.625
3.0 4.6953125
4.0 4.265625
5.0 5.3203125
6.0 4.4296875
7.0 4.546875
8.0 4.6953125
9.0 4.59375
10.0 4.6015625
11.0 4.7265625
12.0 4.6484375
13.0 4.484375
14.0 4.6015625
15.0 4.6484375
16.0 4.6640625
17.0 3.671875
18.0 5.9296875
19.0 4.8671875
20.0 4.7265625
21.0 4.9453125
22.0 4.9609375
23.0 4.7421875
24.0 4.234375
25.0 5.3046875
26.0 4.859375
27.0 4.7578125
28.0 4.8671875
29.0 4.8125
30.0 4.7734375
31.0 4.6953125
32.0 3.7734375
33.0 4.46875
34.0 4.90625
35.0 4.6953125
36.0 4.6328125
37.0 0.703125
38.0 8.59375
39.0 4.328125
40.0 4.28125
41.0 4.859375
42.0 4.7734375
43.0 4.2734375
44.0 0.7890625
45.0 8.71875
46.0 4.546875
47.0 5.2578125
48.0 4.859375
49.0 4.2109375
50.0 4.09375
51.0 3.5
52.0 4.8359375
53.0 4.6328125
54.0 4.65625
55.0 4.890625
56.0 4.7734375
57.0 4.6953125
58.0 0.1015625
59.0 9.890625
60.0 4.46875
61.0 4.625
62.0 3.6953125
63.0 0.046875
64.0 6.4765625
65.0 1.8203125
66.0 7.484375
67.0 4.5
68.0 4.515625
69.0 4.4140625
70.0 4.6328125
71.0 4.4453125
72.0 4.921875
73.0 4.796875
74.0 4.6484375
75.0 4.828125
76.0 4.7578125
77.0 4.390625
78.0 4.59375
79.0 4.6328125
80.0 4.6875
81.0 4.546875
82.0 3.4296875
83.0 3.953125
84.0 4.328125
85.0 4.8125
86.0 4.65625
87.0 4.859375
88.0 4.65625
89.0 3.9765625
90.0 4.0625
91.0 4.4765625
92.0 4.328125
93.0 4.609375
94.0 4.5390625
95.0 3.7578125
96.0 2.4921875
97.0 3.328125
98.0 3.953125
99.0 3.578125
100.0 3.953125
101.0 4.125
102.0 1.140625
103.0 6.59375
104.0 1.921875
105.0 3.2890625
106.0 2.8125
107.0 4.1015625
108.0 4.28125
109.0 4.3203125
110.0 4.59375
111.0 4.5625
112.0 4.578125
113.0 4.6796875
114.0 2.8671875
115.0 5.75
116.0 4.5703125
117.0 4.21875
118.0 4.4140625
119.0 4.5390625
120.0 4.2421875
121.0 1.171875
122.0 7.609375
123.0 4.546875
124.0 4.4296875
125.0 4.28125
126.0 3.859375
127.0 2.6328125
128.0 3.3671875
129.0 4.1484375
130.0 3.96875
131.0 3.765625
132.0 4.0
133.0 3.3828125
134.0 0.703125
135.0 8.5234375
136.0 4.0625
137.0 4.328125
138.0 4.359375
139.0 3.875
140.0 0.1875
141.0 8.6875
142.0 2.6953125
143.0 3.546875
144.0 2.9375
145.0 2.328125
146.0 3.1484375
147.0 4.359375
148.0 4.3984375
149.0 4.5390625
150.0 4.78125
151.0 4.484375
152.0 2.84375
153.0 6.2421875
154.0 4.25
155.0 3.9375
156.0 4.6796875
157.0 4.3046875
158.0 4.4140625
159.0 4.546875
160.0 4.6640625
161.0 4.3046875
162.0 4.421875
163.0 4.421875
164.0 4.328125
165.0 4.6015625
166.0 4.3671875
167.0 4.5078125
168.0 4.5
169.0 0.546875
170.0 9.265625
171.0 4.953125
172.0 4.828125
173.0 4.7109375
174.0 3.3125
175.0 5.9375
176.0 4.3671875
177.0 4.3984375
178.0 4.6328125
179.0 4.7109375
180.0 4.5625
181.0 4.578125
182.0 4.9296875
183.0 4.7109375
184.0 4.0859375
185.0 4.5
186.0 4.546875
187.0 1.5390625
188.0 7.109375
189.0 4.6328125
190.0 4.7265625
191.0 4.515625
192.0 2.4765625
193.0 5.90625
194.0 4.6640625
195.0 3.7578125
196.0 3.0703125
197.0 4.171875
198.0 4.4140625
199.0 4.1796875
200.0 4.265625
201.0 4.234375
202.0 4.5
203.0 2.7578125
204.0 0.0
205.0 6.40625
206.0 4.1015625
207.0 3.625
208.0 3.1328125
209.0 3.3828125
210.0 4.15625
211.0 3.3984375
212.0 3.28125
213.0 3.2890625
214.0 3.5
215.0 1.625
216.0 6.3359375
217.0 4.3828125
218.0 4.390625
219.0 4.1484375
220.0 3.21875
221.0 1.859375
222.0 0.0
223.0 4.71875
224.0 2.2734375
225.0 0.015625
226.0 1.96875
227.0 2.453125
228.0 2.9375
229.0 4.3515625
230.0 4.28125
231.0 2.5390625
232.0 2.0
233.0 0.0
234.0 5.3203125
235.0 2.7265625
236.0 3.5625
237.0 4.1171875
238.0 2.515625
239.0 1.53125
240.0 2.3125
241.0 3.625
242.0 2.90625
243.0 3.1640625
244.0 3.25
245.0 2.2109375
246.0 0.484375
247.0 8.03125
248.0 4.171875
249.0 4.0859375
250.0 4.03125
251.0 4.171875
252.0 4.1328125
253.0 3.796875
254.0 3.0390625
255.0 0.0
256.0 4.8125
257.0 1.9375
258.0 2.7734375
259.0 2.609375
260.0 4.53125
261.0 3.8046875
262.0 3.84375
263.0 3.96875
264.0 3.859375
265.0 3.90625
266.0 1.8828125
267.0 1.265625
268.0 0.0
269.0 0.0
270.0 6.1875
271.0 2.1015625
272.0 2.1640625
273.0 1.859375
274.0 1.71875
275.0 2.21875
276.0 2.265625
277.0 1.8984375
278.0 2.1875
279.0 1.34375
280.0 6.8828125
281.0 4.484375
282.0 4.546875
283.0 3.859375
284.0 4.1015625
285.0 4.5
286.0 4.6484375
287.0 3.8515625
288.0 4.6875
289.0 3.4375
290.0 4.578125
291.0 4.46875
292.0 4.28125
293.0 4.2109375
294.0 4.15625
295.0 4.1171875
296.0 4.3046875
297.0 4.21875
298.0 3.9921875
299.0 4.359375
300.0 4.484375
301.0 1.265625
302.0 7.9609375
303.0 4.7265625
304.0 4.3828125
305.0 4.390625
306.0 3.1796875
307.0 0.0
308.0 8.4609375
309.0 4.1484375
310.0 4.21875
311.0 3.7890625
312.0 3.9921875
313.0 4.2421875
314.0 3.59375
315.0 2.7421875
316.0 3.1171875
317.0 2.4609375
318.0 2.3125
319.0 0.125
320.0 4.6484375
321.0 2.1640625
322.0 1.3515625
323.0 1.1953125
324.0 3.6171875
325.0 4.4296875
326.0 4.234375
327.0 3.578125
328.0 0.40625
329.0 8.5546875
330.0 3.9375
331.0 3.4375
332.0 2.4296875
333.0 2.578125
334.0 3.203125
335.0 4.46875
336.0 4.6484375
337.0 4.171875
338.0 4.28125
339.0 4.0703125
340.0 4.2109375
341.0 0.5078125
342.0 7.9921875
343.0 4.5
344.0 4.1171875
345.0 4.2734375
346.0 1.0859375
347.0 7.578125
348.0 4.3359375
349.0 4.546875
350.0 4.5625
351.0 4.296875
352.0 4.265625
353.0 4.5703125
354.0 4.46875
355.0 4.3515625
356.0 4.03125
357.0 4.390625
358.0 4.359375
359.0 4.46875
360.0 4.328125
361.0 4.3046875
362.0 4.2421875
363.0 4.2421875
364.0 4.3671875
365.0 4.4296875
366.0 4.5
367.0 4.328125
368.0 4.3671875
369.0 4.4453125
370.0 4.328125
371.0 4.21875
372.0 4.1328125
373.0 3.59375
374.0 3.6796875
375.0 4.484375
376.0 4.2734375
377.0 4.2109375
378.0 4.1015625
379.0 4.2109375
380.0 4.2421875
381.0 4.4453125
382.0 4.234375
383.0 4.3671875
384.0 4.296875
385.0 1.296875
386.0 7.15625
387.0 4.4765625
388.0 4.3515625
389.0 4.421875
390.0 4.328125
391.0 0.0
392.0 9.0625
393.0 4.4453125
394.0 4.3828125
395.0 4.4765625
396.0 4.578125
397.0 4.4453125
398.0 4.53125
399.0 4.53125
400.0 4.515625
401.0 4.859375
402.0 4.5625
403.0 4.234375
404.0 4.2734375
405.0 4.4296875
406.0 4.6484375
407.0 4.453125
408.0 4.421875
409.0 4.3984375
410.0 4.5078125
411.0 4.4453125
412.0 4.421875
413.0 4.5
414.0 3.4296875
415.0 5.640625
416.0 4.453125
417.0 4.296875
418.0 4.6484375
419.0 4.5390625
420.0 0.734375
421.0 8.2890625
422.0 4.4765625
423.0 4.46875
424.0 4.484375
425.0 4.46875
426.0 4.3984375
427.0 4.484375
428.0 4.328125
429.0 4.484375
430.0 4.4296875
431.0 4.5
432.0 3.171875
433.0 5.4296875
434.0 4.359375
435.0 4.3984375
436.0 4.4765625
437.0 0.09375
438.0 8.6875
439.0 4.1875
440.0 4.3046875
441.0 4.4140625
442.0 4.3359375
443.0 4.78125
444.0 4.3515625
445.0 4.3359375
446.0 4.4453125
447.0 4.4296875
448.0 4.3359375
449.0 4.203125
450.0 4.171875
451.0 4.1796875
452.0 4.28125
453.0 4.265625
454.0 4.2421875
455.0 4.2734375
456.0 2.7734375
457.0 6.0625
458.0 4.2109375
459.0 4.515625
460.0 4.328125
461.0 1.421875
462.0 7.1796875
463.0 4.125
464.0 4.2734375
465.0 3.9140625
466.0 4.1015625
467.0 4.0390625
468.0 4.1484375
469.0 4.1875
470.0 4.1875
471.0 4.2421875
472.0 4.2734375
473.0 4.1484375
474.0 1.703125
475.0 7.140625
476.0 4.4765625
477.0 4.296875
478.0 4.2421875
479.0 3.8046875
480.0 0.0
481.0 9.1328125
482.0 4.390625
483.0 4.25
484.0 4.4296875
485.0 4.296875
486.0 4.28125
487.0 4.4453125
488.0 4.2109375
489.0 4.46875
490.0 4.3046875
491.0 4.5
492.0 3.1796875
493.0 5.8828125
494.0 4.5390625
495.0 4.0
496.0 4.5390625
497.0 4.5
498.0 0.0078125
499.0 9.296875
500.0 4.609375
501.0 4.6328125
502.0 4.4765625
503.0 4.390625
504.0 4.6484375
505.0 4.53125
506.0 4.328125
507.0 4.4296875
508.0 4.46875
509.0 4.3515625
510.0 4.3515625
511.0 0.0
512.0 8.984375
513.0 4.5390625
514.0 4.421875
515.0 4.515625
516.0 4.78125
517.0 4.546875
518.0 4.7578125
519.0 4.421875
520.0 4.453125
521.0 4.0234375
522.0 2.7734375
523.0 6.6484375
524.0 4.4453125
525.0 4.3984375
526.0 4.46875
527.0 4.3828125
528.0 4.453125
529.0 1.8515625
530.0 7.2421875
531.0 4.421875
532.0 4.4140625
533.0 4.5
534.0 4.3828125
535.0 4.609375
536.0 4.171875
537.0 4.25
538.0 4.1484375
539.0 4.5390625
540.0 4.5078125
541.0 4.6875
542.0 2.671875
543.0 5.859375
544.0 4.5
545.0 4.3671875
546.0 4.4296875
547.0 4.6484375
548.0 1.5546875
549.0 7.390625
550.0 4.4140625
551.0 4.4296875
552.0 4.3046875
553.0 4.421875
554.0 4.390625
555.0 4.2421875
556.0 4.296875
557.0 4.359375
558.0 4.3828125
559.0 4.484375
560.0 4.4453125
561.0 0.0
562.0 8.7734375
563.0 4.53125
564.0 4.7578125
565.0 4.890625
566.0 1.421875
567.0 7.6953125
568.0 4.546875
569.0 4.453125
570.0 4.8125
571.0 4.328125
572.0 4.3671875
573.0 4.453125
574.0 4.5390625
575.0 3.7578125
576.0 3.4375
577.0 2.75
578.0 1.2890625
579.0 5.515625
580.0 2.1015625
581.0 2.0625
582.0 4.2109375
583.0 4.390625
584.0 4.6328125
585.0 4.4453125
586.0 4.5
587.0 1.9375
588.0 7.0390625
589.0 4.53125
590.0 4.390625
591.0 4.609375
592.0 4.7578125
593.0 4.6328125
594.0 4.484375
595.0 4.7578125
596.0 4.53125
597.0 4.2734375
598.0 3.7421875
599.0 0.1015625
