0.0 6.5703125
1.0 5.234375
2.0 5.234375
3.0 4.1328125
4.0 4.6796875
5.0 2.34375
6.0 3.9140625
7.0 5.078125
8.0 4.84375
9.0 4.7421875
10.0 5.1328125
11.0 4.875
12.0 3.6796875
13.0 6.2265625
14.0 4.6953125
15.0 4.6484375
16.0 4.65625
17.0 3.40625
18.0 3.1328125
19.0 4.2734375
20.0 4.453125
21.0 4.2109375
22.0 4.390625
23.0 4.9296875
24.0 5.125
25.0 4.171875
26.0 5.890625
27.0 4.125
28.0 5.4609375
29.0 4.3515625
30.0 4.6875
31.0 4.859375
32.0 4.4296875
33.0 4.2421875
34.0 5.3125
35.0 4.8359375
36.0 4.71875
37.0 3.296875
38.0 5.28125
39.0 4.6484375
40.0 4.0
41.0 1.8046875
42.0 0.0
43.0 9.359375
44.0 4.8671875
45.0 3.796875
46.0 3.1484375
47.0 0.5546875
48.0 6.125
49.0 3.84375
50.0 3.21875
51.0 4.125
52.0 4.65625
53.0 4.484375
54.0 3.3125
55.0 3.3125
56.0 4.59375
57.0 4.5078125
58.0 4.71875
59.0 4.6640625
60.0 3.9375
61.0 5.8125
62.0 4.8671875
63.0 4.90625
64.0 4.59375
65.0 4.171875
66.0 1.5390625
67.0 6.796875
68.0 3.8828125
69.0 3.515625
70.0 3.8046875
71.0 4.1328125
72.0 4.515625
73.0 4.953125
74.0 5.0546875
75.0 5.0234375
76.0 4.8671875
77.0 4.6640625
78.0 1.8828125
79.0 5.875
80.0 3.4453125
81.0 4.8125
82.0 4.859375
83.0 4.3828125
84.0 0.9921875
85.0 7.4296875
86.0 4.828125
87.0 5.171875
88.0 5.046875
89.0 4.28125
90.0 5.9921875
91.0 4.3046875
92.0 6.0
93.0 4.421875
94.0 4.4765625
95.0 3.890625
96.0 5.6171875
97.0 5.28125
98.0 5.3984375
99.0 5.25
100.0 4.9765625
101.0 5.28125
102.0 4.78125
103.0 3.6171875
104.0 4.0703125
105.0 4.953125
106.0 1.3125
107.0 8.921875
108.0 3.828125
109.0 5.3203125
110.0 4.90625
111.0 4.8984375
112.0 5.1328125
113.0 5.3125
114.0 5.484375
115.0 5.5234375
116.0 5.6015625
117.0 5.375
118.0 5.5859375
119.0 5.6640625
120.0 4.6953125
121.0 2.34375
122.0 7.0703125
123.0 5.671875
124.0 4.390625
125.0 4.3046875
126.0 6.53125
127.0 4.7265625
128.0 6.453125
129.0 5.3515625
130.0 5.2578125
131.0 3.5546875
132.0 5.15625
133.0 4.1171875
134.0 4.5625
135.0 5.3046875
136.0 3.34375
137.0 4.3984375
138.0 5.046875
139.0 5.421875
140.0 5.109375
141.0 5.0234375
142.0 6.765625
143.0 4.9453125
144.0 6.46875
145.0 5.234375
146.0 5.0859375
147.0 4.6796875
148.0 5.203125
149.0 4.9453125
150.0 4.1875
151.0 3.3984375
152.0 4.890625
153.0 5.4296875
154.0 5.3359375
155.0 3.9140625
156.0 2.5625
157.0 0.2890625
158.0 7.3984375
159.0 5.3515625
160.0 5.375
161.0 5.1875
162.0 5.046875
163.0 4.953125
164.0 4.890625
165.0 5.015625
166.0 5.3203125
167.0 5.0078125
168.0 5.0078125
169.0 5.3359375
170.0 5.1875
171.0 0.0390625
172.0 8.8203125
173.0 4.8046875
174.0 5.2890625
175.0 0.4375
176.0 10.0703125
177.0 5.7890625
178.0 5.3671875
179.0 5.6796875
180.0 4.9296875
181.0 4.921875
182.0 5.1328125
183.0 5.125
184.0 5.6640625
185.0 6.0078125
186.0 5.6484375
187.0 5.7578125
188.0 3.171875
189.0 7.46875
190.0 4.921875
191.0 4.890625
192.0 5.234375
193.0 5.3046875
194.0 0.2890625
195.0 10.234375
196.0 5.375
197.0 5.4921875
198.0 5.3828125
199.0 5.5
200.0 5.1015625
201.0 4.7109375
202.0 4.6484375
203.0 5.4375
204.0 4.9765625
205.0 5.28125
206.0 3.9921875
207.0 0.765625
208.0 9.7421875
209.0 5.5625
210.0 5.34375
211.0 4.9765625
212.0 2.8984375
213.0 5.140625
214.0 7.65625
215.0 4.984375
216.0 5.25
217.0 5.171875
218.0 5.1015625
219.0 4.0703125
220.0 5.5625
221.0 4.453125
222.0 3.6484375
223.0 3.3671875
224.0 3.84375
225.0 3.2265625
226.0 4.4453125
227.0 4.234375
228.0 3.8046875
229.0 3.6484375
230.0 4.5703125
231.0 4.2421875
232.0 3.7421875
233.0 3.328125
234.0 3.4140625
235.0 3.671875
236.0 3.5
237.0 3.6796875
238.0 3.5625
239.0 3.921875
240.0 3.7734375
241.0 3.8046875
242.0 3.828125
243.0 3.46875
244.0 1.40625
245.0 5.6640625
246.0 3.46875
247.0 3.671875
248.0 3.46875
249.0 2.125
250.0 5.3359375
251.0 4.0546875
252.0 3.953125
253.0 3.7421875
254.0 3.6953125
255.0 3.7109375
256.0 3.5546875
257.0 3.265625
258.0 3.203125
259.0 3.40625
260.0 3.640625
261.0 3.640625
262.0 0.765625
263.0 6.75
264.0 3.5234375
265.0 3.703125
266.0 3.4765625
267.0 3.3515625
268.0 3.578125
269.0 3.5859375
270.0 2.21875
271.0 4.9296875
272.0 3.4296875
273.0 3.7890625
274.0 3.671875
275.0 3.4765625
276.0 3.640625
277.0 3.5
278.0 3.6796875
279.0 3.5625
280.0 3.3203125
281.0 3.40625
282.0 3.2890625
283.0 3.2578125
284.0 0.2109375
285.0 6.3828125
286.0 3.328125
287.0 3.140625
288.0 3.2890625
289.0 3.203125
290.0 3.0546875
291.0 0.3984375
292.0 5.90625
293.0 3.1328125
294.0 3.3203125
295.0 3.1171875
296.0 3.1953125
297.0 3.546875
298.0 3.4296875
299.0 3.53125
300.0 3.3203125
301.0 3.21875
302.0 3.28125
303.0 3.0
304.0 1.625
305.0 5.0234375
306.0 3.4609375
307.0 3.53125
308.0 3.703125
309.0 3.1953125
310.0 2.984375
311.0 3.265625
312.0 3.28125
313.0 2.1484375
314.0 0.0
315.0 6.84375
316.0 2.8359375
317.0 5.125
318.0 1.8828125
319.0 0.0
320.0 5.9765625
321.0 3.8046875
322.0 5.2265625
323.0 5.046875
324.0 4.3515625
325.0 4.5625
326.0 4.7109375
327.0 3.171875
328.0 2.1640625
329.0 2.5703125
330.0 1.828125
331.0 1.796875
332.0 0.2421875
333.0 0.0
334.0 4.6484375
335.0 2.328125
336.0 1.6796875
337.0 1.109375
338.0 1.1796875
339.0 3.5
340.0 5.078125
341.0 4.9453125
342.0 5.015625
343.0 5.21875
344.0 5.1953125
345.0 4.9453125
346.0 5.25
347.0 5.203125
348.0 4.5078125
349.0 6.0546875
350.0 5.234375
351.0 4.828125
352.0 5.25
353.0 4.953125
354.0 2.546875
355.0 8.1953125
356.0 5.78125
357.0 5.640625
358.0 3.84375
359.0 4.421875
360.0 4.9453125
361.0 5.4921875
362.0 5.203125
363.0 5.078125
364.0 4.953125
365.0 5.3125
366.0 4.9296875
367.0 2.8515625
368.0 7.4375
369.0 5.0703125
370.0 5.2890625
371.0 5.375
372.0 2.7734375
373.0 7.5078125
374.0 6.0234375
375.0 5.0234375
376.0 5.015625
377.0 4.828125
378.0 5.15625
379.0 5.4609375
380.0 5.3203125
381.0 4.1796875
382.0 4.0234375
383.0 5.109375
384.0 4.7734375
385.0 5.25
386.0 4.953125
387.0 5.34375
388.0 5.2890625
389.0 5.34375
390.0 5.2265625
391.0 5.203125
392.0 5.1328125
393.0 4.0390625
394.0 5.1015625
395.0 4.53125
396.0 5.9296875
397.0 5.2890625
398.0 5.5625
399.0 5.1953125
400.0 4.7734375
401.0 4.5
402.0 5.28125
403.0 5.1953125
404.0 4.8359375
405.0 5.0390625
406.0 5.3671875
407.0 5.015625
408.0 5.484375
409.0 5.2890625
410.0 3.3984375
411.0 6.5078125
412.0 6.0859375
413.0 5.421875
414.0 5.5234375
415.0 5.1953125
416.0 5.4609375
417.0 5.125
418.0 5.4921875
419.0 5.515625
420.0 5.40625
421.0 5.3671875
422.0 5.3046875
423.0 5.125
424.0 5.0703125
425.0 3.4375
426.0 0.0
427.0 7.2734375
428.0 3.6953125
429.0 4.4453125
430.0 5.15625
431.0 4.578125
432.0 3.9765625
433.0 4.03125
434.0 4.8125
435.0 4.4296875
436.0 4.3671875
437.0 4.6015625
438.0 3.2890625
439.0 6.2109375
440.0 4.6875
441.0 4.59375
442.0 4.71875
443.0 1.2890625
444.0 8.03125
445.0 4.4140625
446.0 4.4453125
447.0 4.71875
448.0 4.1796875
449.0 4.4140625
450.0 4.75
451.0 4.9921875
452.0 4.9765625
453.0 4.6875
454.0 4.8359375
455.0 4.8671875
456.0 3.90625
457.0 0.0
458.0 9.2109375
459.0 2.5390625
460.0 0.8515625
461.0 6.859375
462.0 3.6171875
463.0 4.0234375
464.0 4.4765625
465.0 4.21875
466.0 5.0078125
467.0 5.3671875
468.0 5.46875
469.0 5.4609375
470.0 5.578125
471.0 4.46875
472.0 4.5
473.0 2.578125
474.0 3.328125
475.0 3.046875
476.0 2.515625
477.0 4.5390625
478.0 5.1640625
479.0 5.3125
480.0 5.0390625
481.0 4.7734375
482.0 4.609375
483.0 4.5625
484.0 5.046875
485.0 4.7421875
486.0 0.21875
487.0 9.1953125
488.0 4.859375
489.0 4.7734375
490.0 4.421875
491.0 1.0
492.0 8.4140625
493.0 5.0859375
494.0 4.5390625
495.0 4.84375
496.0 4.6328125
497.0 4.609375
498.0 3.796875
499.0 5.125
500.0 5.15625
501.0 4.578125
502.0 5.9140625
503.0 4.984375
504.0 5.015625
505.0 4.9453125
506.0 5.1640625
507.0 4.953125
508.0 5.4296875
509.0 5.078125
510.0 4.28125
511.0 4.328125
512.0 5.9765625
513.0 4.90625
514.0 2.8125
515.0 0.96875
516.0 1.2265625
517.0 0.84375
518.0 1.71875
519.0 1.625
520.0 1.0625
521.0 1.1640625
522.0 2.0859375
523.0 1.171875
524.0 7.2109375
525.0 5.25
526.0 5.125
527.0 5.1015625
528.0 4.8125
529.0 4.7265625
530.0 5.0390625
531.0 4.84375
532.0 3.90625
533.0 0.96875
534.0 0.0
535.0 8.3828125
536.0 4.9921875
537.0 5.109375
538.0 4.8359375
539.0 4.7265625
540.0 4.578125
541.0 4.9453125
542.0 5.0390625
543.0 5.3125
544.0 5.46875
545.0 5.3125
546.0 5.34375
547.0 5.15625
548.0 2.8515625
549.0 7.5390625
550.0 2.34375
551.0 4.921875
552.0 5.109375
553.0 2.96875
554.0 3.4296875
555.0 5.53125
556.0 5.3359375
557.0 5.3046875
558.0 5.34375
559.0 5.3828125
560.0 4.0234375
561.0 5.796875
562.0 3.875
563.0 1.5390625
564.0 6.828125
565.0 3.8203125
566.0 4.59375
567.0 5.0078125
568.0 4.8125
569.0 5.125
570.0 4.90625
571.0 4.984375
572.0 5.15625
573.0 5.109375
574.0 4.796875
575.0 5.1640625
576.0 5.25
577.0 4.1484375
578.0 0.5546875
579.0 8.859375
580.0 4.0703125
581.0 4.6640625
582.0 2.28125
583.0 6.9296875
584.0 4.828125
585.0 4.78125
586.0 5.046875
587.0 5.0078125
588.0 5.2578125
589.0 5.21875
590.0 5.1015625
591.0 5.109375
592.0 5.40625
593.0 5.0859375
594.0 4.7109375
595.0 4.4765625
596.0 0.09375
597.0 9.7578125
598.0 4.296875
599.0 3.6796875
