0.0 5.3828125
1.0 5.609375
2.0 5.2734375
3.0 4.21875
4.0 2.671875
5.0 8.5
6.0 6.15625
7.0 3.171875
8.0 9.0703125
9.0 5.9609375
10.0 5.9609375
11.0 5.9375
12.0 4.46875
13.0 7.21875
14.0 6.03125
15.0 5.9921875
16.0 5.765625
17.0 5.859375
18.0 6.0546875
19.0 5.8828125
20.0 5.9296875
21.0 5.890625
22.0 5.9609375
23.0 5.890625
24.0 6.0625
25.0 5.78125
26.0 5.8125
27.0 5.9453125
28.0 6.0625
29.0 5.90625
30.0 4.28125
31.0 4.1796875
32.0 5.203125
33.0 5.6953125
34.0 5.859375
35.0 5.9140625
36.0 5.90625
37.0 5.7265625
38.0 6.03125
39.0 4.171875
40.0 7.34375
41.0 5.4375
42.0 4.8125
43.0 3.4140625
44.0 6.3046875
45.0 3.6953125
46.0 4.1171875
47.0 3.375
48.0 3.078125
49.0 3.578125
50.0 3.9375
51.0 4.1328125
52.0 4.71875
53.0 5.1640625
54.0 5.8203125
55.0 5.671875
56.0 6.0234375
57.0 5.78125
58.0 5.9765625
59.0 5.9296875
60.0 3.578125
61.0 7.6875
62.0 2.8515625
63.0 5.9375
64.0 6.0234375
65.0 5.9296875
66.0 3.6953125
67.0 7.8984375
68.0 5.84375
69.0 5.765625
70.0 2.6015625
71.0 8.890625
72.0 5.875
73.0 5.6640625
74.0 5.484375
75.0 5.765625
76.0 5.828125
77.0 5.9375
78.0 6.0078125
79.0 5.75
80.0 5.90625
81.0 5.6796875
82.0 5.734375
83.0 3.53125
84.0 7.84375
85.0 6.0078125
86.0 5.3515625
87.0 4.265625
88.0 6.453125
89.0 5.6484375
90.0 5.640625
91.0 5.796875
92.0 5.84375
93.0 5.796875
94.0 5.765625
95.0 5.703125
96.0 5.7109375
97.0 5.7578125
98.0 5.8515625
99.0 5.8828125
100.0 5.9296875
101.0 5.78125
102.0 6.03125
103.0 6.0859375
104.0 5.75
105.0 5.75
106.0 5.578125
107.0 5.453125
108.0 3.3984375
109.0 7.7890625
110.0 5.75
111.0 5.84375
112.0 5.765625
113.0 4.3515625
114.0 6.9921875
115.0 5.5546875
116.0 5.7265625
117.0 5.3125
118.0 5.53125
119.0 5.875
120.0 5.78125
121.0 5.7265625
122.0 5.9453125
123.0 5.7109375
124.0 5.671875
125.0 2.6640625
126.0 7.3203125
127.0 3.765625
128.0 5.9140625
129.0 5.671875
130.0 5.7109375
131.0 5.9921875
132.0 3.21875
133.0 8.3515625
134.0 5.6328125
135.0 5.6484375
136.0 6.078125
137.0 6.140625
138.0 5.875
139.0 5.84375
140.0 5.546875
141.0 5.7890625
142.0 3.53125
143.0 8.1484375
144.0 5.890625
145.0 5.8203125
146.0 5.9296875
147.0 5.703125
148.0 5.828125
149.0 5.8515625
150.0 5.796875
151.0 5.796875
152.0 5.5234375
153.0 5.765625
154.0 6.09375
155.0 5.171875
156.0 0.8359375
157.0 10.109375
158.0 5.875
159.0 5.7109375
160.0 5.546875
161.0 5.796875
162.0 1.421875
163.0 10.328125
164.0 5.734375
165.0 5.453125
166.0 5.3125
167.0 5.5859375
168.0 6.0390625
169.0 5.46875
170.0 5.453125
171.0 5.8125
172.0 6.0390625
173.0 5.9375
174.0 5.7890625
175.0 6.1484375
176.0 6.15625
177.0 6.0546875
178.0 6.0390625
179.0 5.90625
180.0 5.6796875
181.0 5.1953125
182.0 5.6953125
183.0 5.671875
184.0 5.5625
185.0 5.9375
186.0 5.0546875
187.0 6.7421875
188.0 5.875
189.0 5.9609375
190.0 5.7109375
191.0 5.890625
192.0 6.15625
193.0 5.9765625
194.0 6.15625
195.0 5.9453125
196.0 6.0234375
197.0 5.9140625
198.0 3.703125
199.0 8.0
200.0 5.5546875
201.0 5.703125
202.0 5.9765625
203.0 6.3359375
204.0 6.6875
205.0 6.4140625
206.0 5.703125
207.0 5.7578125
208.0 5.828125
209.0 6.078125
210.0 6.171875
211.0 5.0703125
212.0 6.6796875
213.0 5.734375
214.0 5.78125
215.0 5.2734375
216.0 3.4375
217.0 6.171875
218.0 5.3046875
219.0 5.375
220.0 5.2265625
221.0 5.3359375
222.0 5.484375
223.0 5.6171875
224.0 5.109375
225.0 5.3671875
226.0 4.75
227.0 5.0390625
228.0 5.1875
229.0 5.1015625
230.0 4.8984375
231.0 5.3671875
232.0 5.84375
233.0 5.8125
234.0 5.7890625
235.0 5.5
236.0 5.6484375
237.0 5.4921875
238.0 5.7578125
239.0 5.453125
240.0 4.3203125
241.0 4.1875
242.0 3.8828125
243.0 0.0
244.0 8.8984375
245.0 4.4765625
246.0 4.59375
247.0 4.9921875
248.0 4.6875
249.0 4.2421875
250.0 1.5703125
251.0 6.9140625
252.0 4.171875
253.0 4.03125
254.0 4.828125
255.0 5.7890625
256.0 5.3671875
257.0 5.421875
258.0 5.515625
259.0 5.2578125
260.0 5.5546875
261.0 5.7265625
262.0 5.828125
263.0 3.921875
264.0 7.703125
265.0 5.8515625
266.0 5.8203125
267.0 5.7265625
268.0 2.7734375
269.0 8.6171875
270.0 5.84375
271.0 5.6640625
272.0 5.78125
273.0 6.0
274.0 5.890625
275.0 5.890625
276.0 6.09375
277.0 5.7578125
278.0 5.2890625
279.0 4.390625
280.0 2.2421875
281.0 7.9375
282.0 5.7578125
283.0 5.859375
284.0 6.03125
285.0 6.03125
286.0 5.828125
287.0 5.234375
288.0 5.609375
289.0 5.890625
290.0 6.0
291.0 4.0625
292.0 7.3984375
293.0 6.03125
294.0 5.890625
295.0 5.9921875
296.0 4.546875
297.0 7.109375
298.0 5.6953125
299.0 6.1171875
300.0 6.0
301.0 5.2578125
302.0 6.4375
303.0 5.75
304.0 5.9296875
305.0 6.2109375
306.0 2.78125
307.0 8.765625
308.0 3.5
309.0 8.0625
310.0 6.03125
311.0 5.9453125
312.0 5.5859375
313.0 6.078125
314.0 5.96875
315.0 6.2578125
316.0 6.0546875
317.0 6.140625
318.0 6.2265625
319.0 6.2421875
320.0 6.140625
321.0 6.2109375
322.0 3.546875
323.0 8.890625
324.0 6.0859375
325.0 5.84375
326.0 6.1796875
327.0 6.15625
328.0 5.5859375
329.0 1.1171875
330.0 10.734375
331.0 5.734375
332.0 5.6953125
333.0 6.0546875
334.0 6.0546875
335.0 6.078125
336.0 6.1171875
337.0 5.96875
338.0 6.125
339.0 6.234375
340.0 5.9140625
341.0 4.328125
342.0 7.7890625
343.0 6.1484375
344.0 6.0390625
345.0 5.9375
346.0 3.203125
347.0 9.015625
348.0 6.140625
349.0 6.0859375
350.0 6.5078125
351.0 6.1875
352.0 2.28125
353.0 8.8515625
354.0 5.7578125
355.0 5.5859375
356.0 5.859375
357.0 5.875
358.0 5.890625
359.0 5.796875
360.0 5.84375
361.0 5.7890625
362.0 5.7109375
363.0 5.6328125
364.0 5.90625
365.0 3.890625
366.0 5.421875
367.0 5.9609375
368.0 5.546875
369.0 4.09375
370.0 7.2109375
371.0 5.2578125
372.0 5.765625
373.0 5.5234375
374.0 5.40625
375.0 5.546875
376.0 3.7109375
377.0 7.375
378.0 5.7578125
379.0 5.6484375
380.0 5.7265625
381.0 5.75
382.0 5.53125
383.0 5.5625
384.0 5.5234375
385.0 5.609375
386.0 5.546875
387.0 5.578125
388.0 3.4375
389.0 7.9140625
390.0 5.703125
391.0 5.5234375
392.0 5.796875
393.0 5.7109375
394.0 5.7265625
395.0 5.9453125
396.0 3.5
397.0 7.984375
398.0 5.828125
399.0 5.6796875
400.0 5.6640625
401.0 5.6640625
402.0 5.7109375
403.0 5.7109375
404.0 5.546875
405.0 5.6640625
406.0 5.75
407.0 5.8203125
408.0 5.40625
409.0 5.53125
410.0 6.03125
411.0 3.65625
412.0 7.8671875
413.0 5.546875
414.0 5.796875
415.0 5.890625
416.0 5.1015625
417.0 6.5703125
418.0 6.0390625
419.0 5.4375
420.0 6.453125
421.0 6.078125
422.0 5.8125
423.0 5.640625
424.0 6.1171875
425.0 5.9375
426.0 5.9609375
427.0 5.9296875
428.0 6.0234375
429.0 6.078125
430.0 6.0625
431.0 5.7578125
432.0 3.6953125
433.0 8.2890625
434.0 6.0078125
435.0 6.1484375
436.0 5.8125
437.0 6.0234375
438.0 5.546875
439.0 5.7109375
440.0 6.03125
441.0 5.875
442.0 5.9765625
443.0 5.78125
444.0 5.6171875
445.0 5.765625
446.0 6.0625
447.0 6.1796875
448.0 6.078125
449.0 5.734375
450.0 2.359375
451.0 9.984375
452.0 6.234375
453.0 6.0859375
454.0 5.96875
455.0 5.5859375
456.0 6.0625
457.0 5.453125
458.0 6.734375
459.0 5.9765625
460.0 5.9921875
461.0 6.0
462.0 6.0078125
463.0 6.203125
464.0 5.96875
465.0 6.0859375
466.0 6.0859375
467.0 5.90625
468.0 6.0390625
469.0 6.2265625
470.0 5.90625
471.0 3.65625
472.0 8.0546875
473.0 5.8828125
474.0 5.7578125
475.0 5.96875
476.0 6.0390625
477.0 6.0390625
478.0 3.7734375
479.0 8.4140625
480.0 5.8125
481.0 5.9609375
482.0 5.859375
483.0 5.96875
484.0 5.9921875
485.0 5.8828125
486.0 5.734375
487.0 6.0625
488.0 6.0078125
489.0 6.03125
490.0 3.9921875
491.0 7.875
492.0 6.0546875
493.0 5.7265625
494.0 5.84375
495.0 3.1171875
496.0 8.6875
497.0 5.7265625
498.0 5.90625
499.0 5.6328125
500.0 4.859375
501.0 5.609375
502.0 3.7734375
503.0 7.6640625
504.0 3.5
505.0 7.78125
506.0 5.734375
507.0 5.734375
508.0 5.6796875
509.0 5.796875
510.0 5.8515625
511.0 5.8203125
512.0 3.796875
513.0 7.5859375
514.0 5.7265625
515.0 5.40625
516.0 5.640625
517.0 5.640625
518.0 5.6640625
519.0 5.6015625
520.0 5.640625
521.0 5.578125
522.0 5.8125
523.0 5.7890625
524.0 5.890625
525.0 5.9609375
526.0 5.6953125
527.0 3.6484375
528.0 7.515625
529.0 5.9140625
530.0 5.546875
531.0 5.734375
532.0 5.890625
533.0 5.484375
534.0 5.6640625
535.0 5.3125
536.0 5.609375
537.0 5.7890625
538.0 6.0390625
539.0 5.84375
540.0 5.75
541.0 5.375
542.0 5.5546875
543.0 5.9375
544.0 0.8671875
545.0 10.765625
546.0 5.6640625
547.0 6.0390625
548.0 2.578125
549.0 8.40625
550.0 5.890625
551.0 5.875
552.0 5.640625
553.0 6.1796875
554.0 5.578125
555.0 6.1171875
556.0 5.6640625
557.0 6.15625
558.0 5.890625
559.0 5.8125
560.0 5.875
561.0 2.671875
562.0 8.8828125
563.0 5.4609375
564.0 4.8671875
565.0 6.4765625
566.0 5.6171875
567.0 5.3515625
568.0 5.5625
569.0 6.0078125
570.0 6.2578125
571.0 6.1171875
572.0 6.03125
573.0 6.0
574.0 6.171875
575.0 5.734375
576.0 6.2734375
577.0 0.984375
578.0 10.9375
579.0 6.0
580.0 6.109375
581.0 6.1796875
582.0 6.3203125
583.0 5.9375
584.0 5.9921875
585.0 5.7265625
586.0 5.25
587.0 5.125
588.0 5.3671875
589.0 4.7421875
590.0 5.6640625
591.0 5.1328125
592.0 5.6328125
593.0 5.6015625
594.0 5.78125
595.0 6.0
596.0 2.4296875
597.0 9.328125
598.0 5.7890625
599.0 5.6015625
