0.0 7.15625
1.0 6.140625
2.0 5.4375
3.0 6.4375
4.0 6.453125
5.0 6.8671875
6.0 5.703125
7.0 5.734375
8.0 4.8359375
9.0 5.0703125
10.0 5.171875
11.0 4.9765625
12.0 4.7421875
13.0 4.203125
14.0 4.9296875
15.0 5.1875
16.0 5.9453125
17.0 7.1796875
18.0 6.4375
19.0 6.2734375
20.0 6.8828125
21.0 5.3203125
22.0 3.890625
23.0 4.75
24.0 7.359375
25.0 6.265625
26.0 6.78125
27.0 5.2734375
28.0 5.828125
29.0 6.0625
30.0 4.4765625
31.0 1.8203125
32.0 8.046875
33.0 5.0546875
34.0 5.7109375
35.0 6.09375
36.0 4.203125
37.0 5.1953125
38.0 2.6640625
39.0 2.84375
40.0 6.09375
41.0 5.1015625
42.0 4.9765625
43.0 5.96875
44.0 7.03125
45.0 7.140625
46.0 4.9296875
47.0 5.2265625
48.0 4.03125
49.0 4.5625
50.0 3.625
51.0 5.234375
52.0 5.96875
53.0 5.3984375
54.0 4.8359375
55.0 6.265625
56.0 3.828125
57.0 1.46875
58.0 10.7109375
59.0 6.7421875
60.0 6.6171875
61.0 7.0390625
62.0 6.3671875
63.0 6.6328125
64.0 5.3046875
65.0 6.0390625
66.0 7.2421875
67.0 5.171875
68.0 2.4765625
69.0 10.140625
70.0 7.4921875
71.0 4.4140625
72.0 6.8828125
73.0 6.4765625
74.0 7.03125
75.0 6.515625
76.0 6.5703125
77.0 7.078125
78.0 7.359375
79.0 7.609375
80.0 7.375
81.0 6.6484375
82.0 4.15625
83.0 4.1875
84.0 4.9296875
85.0 6.3828125
86.0 6.3203125
87.0 3.0390625
88.0 5.765625
89.0 5.890625
90.0 4.3046875
91.0 4.7578125
92.0 5.78125
93.0 5.375
94.0 6.5078125
95.0 6.5390625
96.0 6.59375
97.0 4.6328125
98.0 2.234375
99.0 3.3125
100.0 3.0
101.0 5.890625
102.0 6.125
103.0 6.3203125
104.0 6.84375
105.0 6.4140625
106.0 6.4453125
107.0 6.5546875
108.0 6.828125
109.0 6.796875
110.0 6.234375
111.0 6.953125
112.0 7.5078125
113.0 6.0
114.0 3.015625
115.0 10.3671875
116.0 6.953125
117.0 6.6875
118.0 6.84375
119.0 7.125
120.0 6.78125
121.0 6.2109375
122.0 6.078125
123.0 6.140625
124.0 7.4609375
125.0 6.1484375
126.0 6.9296875
127.0 6.9453125
128.0 6.9921875
129.0 6.3515625
130.0 5.3203125
131.0 4.828125
132.0 4.984375
133.0 3.5234375
134.0 6.0078125
135.0 6.78125
136.0 6.484375
137.0 4.484375
138.0 5.9140625
139.0 5.1015625
140.0 3.234375
141.0 4.4140625
142.0 6.5078125
143.0 5.2734375
144.0 5.3671875
145.0 6.453125
146.0 5.640625
147.0 3.734375
148.0 4.8125
149.0 5.3203125
150.0 4.484375
151.0 2.3046875
152.0 1.984375
153.0 2.8984375
154.0 4.25
155.0 4.9921875
156.0 5.6484375
157.0 3.0
158.0 8.921875
159.0 6.6796875
160.0 6.984375
161.0 4.203125
162.0 1.890625
163.0 7.2109375
164.0 6.3828125
165.0 7.0078125
166.0 6.484375
167.0 5.6328125
168.0 5.9375
169.0 6.296875
170.0 7.515625
171.0 6.5078125
172.0 5.3359375
173.0 6.984375
174.0 6.71875
175.0 6.328125
176.0 7.4375
177.0 6.3515625
178.0 5.3671875
179.0 6.1484375
180.0 4.75
181.0 1.109375
182.0 7.3671875
183.0 3.109375
184.0 6.140625
185.0 6.265625
186.0 6.140625
187.0 5.828125
188.0 1.7578125
189.0 10.6171875
190.0 3.5625
191.0 4.1484375
192.0 0.984375
193.0 9.875
194.0 6.0546875
195.0 6.5703125
196.0 6.5625
197.0 6.8046875
198.0 6.9921875
199.0 6.6875
200.0 5.15625
201.0 4.546875
202.0 4.8046875
203.0 5.9609375
204.0 4.5625
205.0 7.3046875
206.0 5.78125
207.0 5.3828125
208.0 5.4375
209.0 4.15625
210.0 5.3671875
211.0 2.0078125
212.0 2.953125
213.0 5.90625
214.0 3.734375
215.0 4.0390625
216.0 2.8203125
217.0 3.8828125
218.0 5.5234375
219.0 5.25
220.0 5.5546875
221.0 5.515625
222.0 4.875
223.0 4.71875
224.0 6.859375
225.0 5.796875
226.0 4.3359375
227.0 4.6796875
228.0 1.9453125
229.0 1.5703125
230.0 2.71875
231.0 6.53125
232.0 3.21875
233.0 0.8203125
234.0 0.0
235.0 5.25
236.0 1.4140625
237.0 2.4140625
238.0 2.1171875
239.0 1.8046875
240.0 2.1171875
241.0 2.2734375
242.0 0.359375
243.0 0.0
244.0 5.6484375
245.0 3.296875
246.0 4.0234375
247.0 6.4375
248.0 4.2421875
249.0 3.2265625
250.0 4.8359375
251.0 6.921875
252.0 3.546875
253.0 4.2109375
254.0 6.1484375
255.0 6.9296875
256.0 6.7421875
257.0 6.7421875
258.0 6.8671875
259.0 6.421875
260.0 5.40625
261.0 6.2265625
262.0 6.5078125
263.0 6.4375
264.0 6.5
265.0 5.609375
266.0 6.0
267.0 5.875
268.0 6.0625
269.0 6.8984375
270.0 6.0078125
271.0 6.1484375
272.0 3.5234375
273.0 3.546875
274.0 1.171875
275.0 10.890625
276.0 8.171875
277.0 5.21875
278.0 4.8125
279.0 4.6484375
280.0 6.234375
281.0 7.1328125
282.0 7.359375
283.0 7.3125
284.0 5.40625
285.0 5.8828125
286.0 6.1484375
287.0 6.0234375
288.0 6.5703125
289.0 6.6875
290.0 6.3828125
291.0 6.484375
292.0 6.4453125
293.0 6.171875
294.0 6.421875
295.0 6.6328125
296.0 7.0703125
297.0 5.96875
298.0 5.875
299.0 3.53125
300.0 4.796875
301.0 5.40625
302.0 3.609375
303.0 4.5703125
304.0 4.7421875
305.0 3.7578125
306.0 2.90625
307.0 4.203125
308.0 6.984375
309.0 7.0625
310.0 2.953125
311.0 1.53125
312.0 3.109375
313.0 4.21875
314.0 5.6640625
315.0 5.9921875
316.0 6.8046875
317.0 5.4609375
318.0 1.7734375
319.0 10.7109375
320.0 6.3515625
321.0 6.7734375
322.0 6.5546875
323.0 5.9375
324.0 6.390625
325.0 6.8984375
326.0 7.0078125
327.0 6.6171875
328.0 6.859375
329.0 6.7109375
330.0 6.8125
331.0 7.078125
332.0 7.3046875
333.0 6.515625
334.0 2.375
335.0 10.2265625
336.0 6.75
337.0 6.296875
338.0 5.3046875
339.0 5.546875
340.0 7.1328125
341.0 7.0625
342.0 7.25
343.0 5.3828125
344.0 5.4375
345.0 5.796875
346.0 3.65625
347.0 9.7421875
348.0 4.59375
349.0 5.3203125
350.0 6.5625
351.0 3.765625
352.0 8.5546875
353.0 6.265625
354.0 7.2578125
355.0 6.9765625
356.0 3.3984375
357.0 4.6953125
358.0 7.609375
359.0 7.1328125
360.0 7.46875
361.0 7.5546875
362.0 6.15625
363.0 4.0078125
364.0 3.7734375
365.0 7.03125
366.0 5.53125
367.0 2.0703125
368.0 10.25
369.0 3.3671875
370.0 4.1796875
371.0 5.3515625
372.0 4.59375
373.0 3.609375
374.0 7.1328125
375.0 7.34375
376.0 6.2421875
377.0 5.484375
378.0 7.03125
379.0 7.0390625
380.0 6.7421875
381.0 6.9140625
382.0 6.59375
383.0 6.5078125
384.0 6.8125
385.0 6.9921875
386.0 2.2421875
387.0 10.828125
388.0 6.7734375
389.0 6.2265625
390.0 7.09375
391.0 7.015625
392.0 2.890625
393.0 9.390625
394.0 7.28125
395.0 7.015625
396.0 7.515625
397.0 7.359375
398.0 7.3046875
399.0 7.21875
400.0 7.5234375
401.0 6.4765625
402.0 6.8125
403.0 6.8671875
404.0 7.25
405.0 7.1875
406.0 7.2421875
407.0 6.3515625
408.0 6.125
409.0 6.921875
410.0 3.546875
411.0 10.109375
412.0 4.03125
413.0 8.9453125
414.0 6.65625
415.0 5.8203125
416.0 6.09375
417.0 5.421875
418.0 3.7265625
419.0 2.2421875
420.0 2.328125
421.0 1.5859375
422.0 4.7109375
423.0 5.4375
424.0 5.4296875
425.0 1.640625
426.0 11.1328125
427.0 5.6015625
428.0 5.765625
429.0 6.3359375
430.0 6.390625
431.0 4.9765625
432.0 1.1796875
433.0 0.0
434.0 6.890625
435.0 1.109375
436.0 1.9375
437.0 5.84375
438.0 6.9921875
439.0 7.0703125
440.0 7.109375
441.0 6.5703125
442.0 5.0078125
443.0 5.578125
444.0 6.78125
445.0 6.953125
446.0 6.1796875
447.0 2.9375
448.0 9.046875
449.0 5.375
450.0 0.984375
451.0 9.2265625
452.0 2.4765625
453.0 8.8984375
454.0 5.5546875
455.0 6.2109375
456.0 6.890625
457.0 6.5
458.0 5.96875
459.0 5.078125
460.0 4.9921875
461.0 6.515625
462.0 6.1484375
463.0 6.2265625
464.0 5.1953125
465.0 3.8828125
466.0 5.4296875
467.0 6.0546875
468.0 6.6640625
469.0 7.2578125
470.0 7.2890625
471.0 7.21875
472.0 1.921875
473.0 0.09375
474.0 8.8046875
475.0 6.890625
476.0 6.921875
477.0 5.7578125
478.0 8.46875
479.0 7.046875
480.0 6.2734375
481.0 4.921875
482.0 3.6953125
483.0 6.5703125
484.0 6.6171875
485.0 6.78125
486.0 4.890625
487.0 3.7265625
488.0 3.796875
489.0 2.21875
490.0 0.0
491.0 7.9375
492.0 3.3828125
493.0 3.6953125
494.0 3.5859375
495.0 3.609375
496.0 3.7265625
497.0 2.3671875
498.0 4.8359375
499.0 3.7890625
500.0 3.734375
501.0 3.6171875
502.0 3.90625
503.0 3.8515625
504.0 5.0234375
505.0 7.8515625
506.0 7.96875
507.0 7.5390625
508.0 7.2734375
509.0 7.1953125
510.0 7.4375
511.0 2.3359375
512.0 12.1953125
513.0 7.2890625
514.0 7.3046875
515.0 5.8203125
516.0 3.4921875
517.0 3.5
518.0 3.7890625
519.0 3.4453125
520.0 3.4375
521.0 3.25
522.0 3.25
523.0 3.265625
524.0 3.1953125
525.0 2.9921875
526.0 0.6015625
527.0 7.015625
528.0 3.5234375
529.0 3.578125
530.0 3.4609375
531.0 3.5234375
532.0 0.0
533.0 6.8125
534.0 4.0234375
535.0 3.4609375
536.0 2.921875
537.0 3.0234375
538.0 3.0234375
539.0 3.296875
540.0 3.6484375
541.0 3.6171875
542.0 2.953125
543.0 3.46875
544.0 6.2890625
545.0 6.53125
546.0 2.6640625
547.0 6.6484375
548.0 4.9921875
549.0 3.8046875
550.0 1.5234375
551.0 6.0078125
552.0 4.03125
553.0 4.171875
554.0 3.9453125
555.0 3.7734375
556.0 3.4140625
557.0 4.1875
558.0 3.7890625
559.0 3.4140625
560.0 3.65625
561.0 3.9453125
562.0 0.0390625
563.0 8.7421875
564.0 4.6796875
565.0 4.53125
566.0 4.7578125
567.0 4.625
568.0 4.0703125
569.0 6.03125
570.0 5.640625
571.0 6.6171875
572.0 7.2734375
573.0 6.2421875
574.0 6.15625
575.0 5.2265625
576.0 6.0
577.0 5.4296875
578.0 5.5625
579.0 6.265625
580.0 6.125
581.0 5.2578125
582.0 1.7109375
583.0 7.1328125
584.0 5.0703125
585.0 5.9609375
586.0 1.140625
587.0 9.390625
588.0 4.875
589.0 6.0546875
590.0 5.5546875
591.0 5.34375
592.0 5.6171875
593.0 6.2265625
594.0 6.3515625
595.0 6.53125
596.0 6.3671875
597.0 6.8828125
598.0 6.71875
599.0 1.953125
