0.0 4.7265625
1.0 4.6484375
2.0 4.5703125
3.0 3.109375
4.0 3.65625
5.0 2.5390625
6.0 1.8828125
7.0 4.875
8.0 3.7265625
9.0 3.65625
10.0 4.7578125
11.0 4.59375
12.0 4.4453125
13.0 4.390625
14.0 4.4453125
15.0 4.4140625
16.0 4.234375
17.0 4.1875
18.0 4.234375
19.0 0.609375
20.0 7.8203125
21.0 1.1796875
22.0 7.4375
23.0 4.203125
24.0 3.4140625
25.0 4.6015625
26.0 4.453125
27.0 4.6484375
28.0 4.6484375
29.0 4.25
30.0 3.953125
31.0 5.3359375
32.0 4.1875
33.0 4.21875
34.0 4.3359375
35.0 4.8671875
36.0 4.7578125
37.0 4.421875
38.0 4.7421875
39.0 4.546875
40.0 4.3828125
41.0 4.4140625
42.0 4.390625
43.0 4.4453125
44.0 3.875
45.0 5.5
46.0 4.5625
47.0 4.5390625
48.0 4.578125
49.0 4.65625
50.0 4.5078125
51.0 4.3984375
52.0 4.1796875
53.0 0.15625
54.0 6.3359375
55.0 2.453125
56.0 4.7265625
57.0 4.7734375
58.0 4.859375
59.0 4.8046875
60.0 4.7578125
61.0 4.65625
62.0 4.125
63.0 5.90625
64.0 4.3984375
65.0 4.7578125
66.0 5.015625
67.0 5.078125
68.0 4.9921875
69.0 5.1015625
70.0 4.9921875
71.0 5.0234375
72.0 4.1796875
73.0 5.6796875
74.0 4.90625
75.0 5.3515625
76.0 4.515625
77.0 6.15625
78.0 5.140625
79.0 5.125
80.0 5.25
81.0 4.84375
82.0 5.28125
83.0 5.0703125
84.0 4.890625
85.0 4.6796875
86.0 4.3515625
87.0 4.7421875
88.0 4.8984375
89.0 5.0703125
90.0 5.0234375
91.0 1.828125
92.0 8.890625
93.0 5.046875
94.0 4.6875
95.0 1.4140625
96.0 7.8125
97.0 4.65625
98.0 3.6953125
99.0 4.390625
100.0 4.828125
101.0 4.7421875
102.0 4.75
103.0 4.1015625
104.0 4.234375
105.0 4.6484375
106.0 4.6640625
107.0 4.9296875
108.0 4.8359375
109.0 0.9375
110.0 8.6796875
111.0 4.7421875
112.0 3.3671875
113.0 6.328125
114.0 4.953125
115.0 4.6875
116.0 4.7265625
117.0 4.515625
118.0 4.8671875
119.0 4.8046875
120.0 4.7109375
121.0 4.796875
122.0 4.28125
123.0 4.2734375
124.0 4.625
125.0 4.9453125
126.0 3.3828125
127.0 6.390625
128.0 4.7265625
129.0 4.59375
130.0 1.7734375
131.0 7.5859375
132.0 4.3984375
133.0 4.7421875
134.0 4.5390625
135.0 4.7421875
136.0 4.234375
137.0 4.203125
138.0 4.359375
139.0 4.578125
140.0 4.625
141.0 4.8125
142.0 3.4140625
143.0 0.4609375
144.0 8.984375
145.0 4.84375
146.0 5.3671875
147.0 4.6640625
148.0 4.484375
149.0 4.5
150.0 5.1875
151.0 4.8984375
152.0 5.109375
153.0 5.0703125
154.0 4.578125
155.0 1.625
156.0 6.3046875
157.0 3.6953125
158.0 4.0625
159.0 5.5625
160.0 3.953125
161.0 5.0703125
162.0 4.0390625
163.0 5.6640625
164.0 4.6640625
165.0 4.3984375
166.0 4.2734375
167.0 4.7734375
168.0 3.953125
169.0 4.5390625
170.0 4.8125
171.0 4.6796875
172.0 4.7578125
173.0 4.578125
174.0 4.890625
175.0 4.890625
176.0 3.859375
177.0 2.9296875
178.0 4.6640625
179.0 5.0234375
180.0 4.296875
181.0 5.46875
182.0 4.7734375
183.0 5.0546875
184.0 5.1328125
185.0 4.90625
186.0 4.7578125
187.0 4.84375
188.0 4.7578125
189.0 4.7734375
190.0 4.9296875
191.0 4.8046875
192.0 4.6015625
193.0 5.5859375
194.0 5.109375
195.0 5.1640625
196.0 5.3671875
197.0 5.2578125
198.0 5.125
199.0 5.453125
200.0 5.3125
201.0 4.6640625
202.0 0.5546875
203.0 9.3125
204.0 5.3359375
205.0 5.046875
206.0 5.0390625
207.0 5.4609375
208.0 5.1015625
209.0 5.140625
210.0 4.515625
211.0 4.6484375
212.0 4.6640625
213.0 2.7421875
214.0 7.21875
215.0 4.9296875
216.0 4.71875
217.0 4.53125
218.0 4.390625
219.0 4.4765625
220.0 3.7421875
221.0 4.46875
222.0 5.015625
223.0 5.15625
224.0 5.3203125
225.0 5.3359375
226.0 5.0859375
227.0 5.25
228.0 3.7890625
229.0 1.375
230.0 9.2265625
231.0 5.0390625
232.0 1.5
233.0 8.65625
234.0 4.453125
235.0 4.8046875
236.0 4.625
237.0 4.9609375
238.0 4.84375
239.0 4.7265625
240.0 5.1015625
241.0 4.875
242.0 5.109375
243.0 5.0078125
244.0 3.96875
245.0 0.0
246.0 9.03125
247.0 3.890625
248.0 4.0859375
249.0 2.5390625
250.0 5.34375
251.0 5.109375
252.0 4.609375
253.0 3.921875
254.0 3.6484375
255.0 4.328125
256.0 4.59375
257.0 4.546875
258.0 4.65625
259.0 4.5
260.0 4.5703125
261.0 4.578125
262.0 4.1328125
263.0 2.0390625
264.0 6.59375
265.0 4.65625
266.0 4.890625
267.0 4.7265625
268.0 3.2578125
269.0 5.6328125
270.0 4.09375
271.0 4.7109375
272.0 4.8984375
273.0 4.6484375
274.0 4.90625
275.0 4.4453125
276.0 4.4140625
277.0 5.3125
278.0 5.2265625
279.0 4.8046875
280.0 2.9296875
281.0 7.03125
282.0 5.1015625
283.0 4.6953125
284.0 4.578125
285.0 4.6328125
286.0 3.890625
287.0 5.8125
288.0 5.0234375
289.0 4.90625
290.0 3.9375
291.0 5.6328125
292.0 4.4453125
293.0 4.875
294.0 4.3984375
295.0 6.03125
296.0 4.3828125
297.0 4.171875
298.0 4.5703125
299.0 4.5390625
300.0 3.8203125
301.0 4.7421875
302.0 4.484375
303.0 3.734375
304.0 3.921875
305.0 3.828125
306.0 4.390625
307.0 4.296875
308.0 4.4296875
309.0 4.1875
310.0 4.6953125
311.0 4.609375
312.0 4.453125
313.0 4.25
314.0 4.3203125
315.0 2.9921875
316.0 0.1953125
317.0 8.71875
318.0 1.71875
319.0 3.328125
320.0 3.5546875
321.0 2.75
322.0 0.109375
323.0 8.046875
324.0 3.6171875
325.0 3.4765625
326.0 3.328125
327.0 2.9921875
328.0 3.4140625
329.0 3.25
330.0 3.4453125
331.0 3.5234375
332.0 3.5
333.0 3.5234375
334.0 2.28125
335.0 4.484375
336.0 3.3203125
337.0 3.3984375
338.0 3.3984375
339.0 3.3671875
340.0 3.671875
341.0 3.265625
342.0 3.34375
343.0 3.25
344.0 0.015625
345.0 7.375
346.0 3.46875
347.0 3.1640625
348.0 3.3828125
349.0 2.0859375
350.0 0.3359375
351.0 6.390625
352.0 3.59375
353.0 3.8828125
354.0 3.3203125
355.0 3.2265625
356.0 0.6640625
357.0 6.3828125
358.0 3.25
359.0 1.765625
360.0 4.6328125
361.0 3.53125
362.0 3.5859375
363.0 3.4296875
364.0 3.1015625
365.0 2.8515625
366.0 2.59375
367.0 4.1484375
368.0 4.9453125
369.0 5.375
370.0 5.1875
371.0 5.40625
372.0 5.4375
373.0 3.734375
374.0 6.515625
375.0 4.6953125
376.0 4.59375
377.0 4.3046875
378.0 5.0859375
379.0 5.0234375
380.0 4.8046875
381.0 4.8671875
382.0 5.0390625
383.0 4.84375
384.0 5.0234375
385.0 4.6640625
386.0 4.5
387.0 0.6171875
388.0 7.03125
389.0 2.7734375
390.0 3.28125
391.0 3.4140625
392.0 3.3984375
393.0 2.28125
394.0 0.0
395.0 7.984375
396.0 3.5234375
397.0 2.953125
398.0 3.734375
399.0 3.625
400.0 3.6484375
401.0 3.328125
402.0 3.5
403.0 3.609375
404.0 3.890625
405.0 3.6484375
406.0 2.6953125
407.0 3.6171875
408.0 3.109375
409.0 3.3828125
410.0 2.9609375
411.0 3.7578125
412.0 3.3828125
413.0 2.8671875
414.0 2.5078125
415.0 2.546875
416.0 1.7109375
417.0 1.984375
418.0 4.296875
419.0 3.5234375
420.0 3.5625
421.0 5.1015625
422.0 4.25
423.0 4.921875
424.0 4.71875
425.0 4.546875
426.0 4.421875
427.0 4.5703125
428.0 4.75
429.0 4.3046875
430.0 4.328125
431.0 4.828125
432.0 5.1640625
433.0 5.140625
434.0 4.3046875
435.0 4.3359375
436.0 2.609375
437.0 2.609375
438.0 3.7265625
439.0 5.0703125
440.0 4.515625
441.0 5.0234375
442.0 5.1875
443.0 2.484375
444.0 2.296875
445.0 1.9375
446.0 2.4453125
447.0 1.5078125
448.0 1.7109375
449.0 2.6953125
450.0 3.4453125
451.0 3.0546875
452.0 3.1640625
453.0 6.421875
454.0 3.9453125
455.0 4.09375
456.0 4.9453125
457.0 3.2890625
458.0 6.625
459.0 5.1328125
460.0 5.21875
461.0 5.21875
462.0 5.40625
463.0 5.21875
464.0 5.0703125
465.0 5.3359375
466.0 3.9765625
467.0 2.34375
468.0 2.78125
469.0 2.7890625
470.0 1.421875
471.0 5.796875
472.0 4.953125
473.0 4.515625
474.0 5.0234375
475.0 4.7734375
476.0 4.9609375
477.0 4.9609375
478.0 4.6015625
479.0 1.5546875
480.0 7.421875
481.0 4.84375
482.0 4.3984375
483.0 4.46875
484.0 4.609375
485.0 4.7109375
486.0 4.5703125
487.0 4.7265625
488.0 5.1015625
489.0 5.0546875
490.0 2.3671875
491.0 0.0
492.0 8.0859375
493.0 4.828125
494.0 5.6171875
495.0 5.9921875
496.0 5.5625
497.0 5.3828125
498.0 5.21875
499.0 5.8203125
500.0 5.140625
501.0 4.6640625
502.0 4.25
503.0 3.5859375
504.0 5.8125
505.0 4.6328125
506.0 4.8125
507.0 4.6875
508.0 4.8046875
509.0 5.015625
510.0 5.1015625
511.0 6.1796875
512.0 6.15625
513.0 5.6015625
514.0 6.109375
515.0 6.5
516.0 5.75
517.0 4.28125
518.0 6.515625
519.0 4.6328125
520.0 5.0078125
521.0 5.171875
522.0 1.1171875
523.0 8.7734375
524.0 4.9765625
525.0 4.875
526.0 4.296875
527.0 5.2734375
528.0 4.390625
529.0 3.921875
530.0 1.0546875
531.0 7.3203125
532.0 4.71875
533.0 4.3359375
534.0 4.1015625
535.0 5.4609375
536.0 4.875
537.0 5.140625
538.0 5.4609375
539.0 5.5625
540.0 5.1875
541.0 4.984375
542.0 5.234375
543.0 5.078125
544.0 5.2578125
545.0 5.078125
546.0 4.4453125
547.0 5.28125
548.0 3.9921875
549.0 5.4296875
550.0 5.0546875
551.0 4.421875
552.0 4.875
553.0 4.859375
554.0 4.59375
555.0 4.8984375
556.0 4.8359375
557.0 4.953125
558.0 4.625
559.0 4.921875
560.0 5.140625
561.0 5.2578125
562.0 4.84375
563.0 2.5234375
564.0 6.0546875
565.0 4.5390625
566.0 4.625
567.0 4.6328125
568.0 4.75
569.0 4.796875
570.0 4.984375
571.0 0.40625
572.0 9.2265625
573.0 4.6953125
574.0 5.0390625
575.0 5.015625
576.0 4.9296875
577.0 5.125
578.0 4.7109375
579.0 4.6796875
580.0 4.8984375
581.0 4.5703125
582.0 3.7109375
583.0 4.75
584.0 4.890625
585.0 4.953125
586.0 5.078125
587.0 5.203125
588.0 5.0546875
589.0 4.859375
590.0 4.921875
591.0 4.515625
592.0 4.84375
593.0 4.0546875
594.0 5.2265625
595.0 4.5078125
596.0 4.6953125
597.0 4.5078125
598.0 4.6328125
599.0 4.625
