0.0 5.046875
1.0 5.421875
2.0 5.46875
3.0 5.203125
4.0 5.40625
5.0 5.578125
6.0 5.3046875
7.0 5.9765625
8.0 5.9921875
9.0 5.421875
10.0 5.3359375
11.0 5.1953125
12.0 4.890625
13.0 6.109375
14.0 6.3203125
15.0 5.1953125
16.0 0.8046875
17.0 9.609375
18.0 5.3515625
19.0 5.34375
20.0 4.9453125
21.0 3.7578125
22.0 5.7890625
23.0 5.6171875
24.0 4.8125
25.0 5.1015625
26.0 5.125
27.0 4.0
28.0 4.3671875
29.0 1.359375
30.0 7.1015625
31.0 4.6484375
32.0 4.953125
33.0 4.5
34.0 4.03125
35.0 5.3984375
36.0 5.5546875
37.0 5.25
38.0 5.109375
39.0 4.578125
40.0 3.9375
41.0 4.203125
42.0 2.1796875
43.0 5.7890625
44.0 2.421875
45.0 5.546875
46.0 4.1328125
47.0 4.453125
48.0 3.4921875
49.0 3.6484375
50.0 4.21875
51.0 5.109375
52.0 4.296875
53.0 4.265625
54.0 4.171875
55.0 2.671875
56.0 1.6796875
57.0 3.640625
58.0 1.296875
59.0 0.0
60.0 7.484375
61.0 3.6796875
62.0 4.3828125
63.0 4.6484375
64.0 4.2734375
65.0 1.4765625
66.0 0.0
67.0 8.109375
68.0 3.546875
69.0 3.3203125
70.0 4.6796875
71.0 5.2265625
72.0 3.84375
73.0 3.796875
74.0 3.7734375
75.0 3.796875
76.0 4.59375
77.0 4.4140625
78.0 4.421875
79.0 3.84375
80.0 0.2265625
81.0 7.421875
82.0 2.09375
83.0 4.3828125
84.0 3.796875
85.0 3.3984375
86.0 4.3671875
87.0 3.9765625
88.0 3.96875
89.0 0.875
90.0 0.0
91.0 0.0
92.0 5.34375
93.0 2.640625
94.0 1.3828125
95.0 2.8515625
96.0 4.84375
97.0 5.1640625
98.0 4.5078125
99.0 1.9140625
100.0 8.5
101.0 5.34375
102.0 5.6640625
103.0 5.3984375
104.0 5.2265625
105.0 3.0703125
106.0 2.6953125
107.0 2.28125
108.0 1.9375
109.0 1.34375
110.0 0.6328125
111.0 0.0
112.0 0.0
113.0 0.0
114.0 5.671875
115.0 0.640625
116.0 0.75
117.0 0.40625
118.0 0.6015625
119.0 1.2890625
120.0 1.7109375
121.0 0.6953125
122.0 0.8125
123.0 2.8046875
124.0 5.2890625
125.0 4.90625
126.0 4.6015625
127.0 4.65625
128.0 4.9453125
129.0 4.6875
130.0 4.3203125
131.0 4.3515625
132.0 1.4140625
133.0 8.203125
134.0 4.5703125
135.0 5.25
136.0 5.375
137.0 4.9453125
138.0 2.0703125
139.0 1.7890625
140.0 2.28125
141.0 2.6328125
142.0 2.03125
143.0 2.0859375
144.0 0.984375
145.0 0.0
146.0 5.171875
147.0 1.953125
148.0 4.203125
149.0 4.609375
150.0 4.6640625
151.0 4.1015625
152.0 4.28125
153.0 5.3515625
154.0 4.9921875
155.0 1.6171875
156.0 7.015625
157.0 4.296875
158.0 5.421875
159.0 4.921875
160.0 3.2890625
161.0 6.1484375
162.0 4.28125
163.0 4.9453125
164.0 5.421875
165.0 5.2265625
166.0 4.1796875
167.0 4.1328125
168.0 4.1875
169.0 4.53125
170.0 4.65625
171.0 4.984375
172.0 5.796875
173.0 3.1640625
174.0 6.0859375
175.0 4.5625
176.0 4.890625
177.0 4.828125
178.0 0.8515625
179.0 9.1875
180.0 5.0078125
181.0 5.3828125
182.0 5.2578125
183.0 4.6015625
184.0 4.3984375
185.0 2.421875
186.0 5.9140625
187.0 4.984375
188.0 5.109375
189.0 4.9453125
190.0 4.796875
191.0 4.203125
192.0 4.546875
193.0 4.7109375
194.0 4.7109375
195.0 5.078125
196.0 5.703125
197.0 5.9453125
198.0 5.2734375
199.0 0.78125
200.0 9.578125
201.0 5.3203125
202.0 5.828125
203.0 5.3671875
204.0 5.078125
205.0 1.7890625
206.0 9.8046875
207.0 6.0546875
208.0 5.3984375
209.0 5.7109375
210.0 5.25
211.0 4.8046875
212.0 5.203125
213.0 4.9921875
214.0 5.4375
215.0 4.9921875
216.0 4.7265625
217.0 0.9140625
218.0 9.5078125
219.0 5.015625
220.0 5.375
221.0 5.5234375
222.0 4.8359375
223.0 5.0234375
224.0 5.5625
225.0 6.03125
226.0 6.359375
227.0 6.2421875
228.0 6.3828125
229.0 6.2265625
230.0 6.3828125
231.0 6.359375
232.0 6.328125
233.0 6.359375
234.0 6.390625
235.0 6.078125
236.0 3.5234375
237.0 7.28125
238.0 5.734375
239.0 5.1875
240.0 5.2265625
241.0 2.5703125
242.0 6.78125
243.0 3.671875
244.0 3.7421875
245.0 3.703125
246.0 5.15625
247.0 5.46875
248.0 4.1015625
249.0 2.8203125
250.0 4.1796875
251.0 5.6171875
252.0 5.796875
253.0 5.5625
254.0 4.921875
255.0 5.0078125
256.0 5.8125
257.0 6.421875
258.0 6.4453125
259.0 6.5078125
260.0 3.53125
261.0 9.5390625
262.0 6.6796875
263.0 6.453125
264.0 6.625
265.0 6.5078125
266.0 6.4765625
267.0 6.3359375
268.0 6.796875
269.0 6.453125
270.0 6.71875
271.0 6.46875
272.0 6.125
273.0 5.9140625
274.0 5.8203125
275.0 5.9609375
276.0 5.84375
277.0 5.796875
278.0 5.8125
279.0 5.96875
280.0 3.53125
281.0 8.5703125
282.0 5.9765625
283.0 5.9765625
284.0 5.5625
285.0 6.9765625
286.0 6.2421875
287.0 6.3515625
288.0 6.3671875
289.0 6.0625
290.0 6.1171875
291.0 6.421875
292.0 6.515625
293.0 6.8359375
294.0 6.7109375
295.0 6.6015625
296.0 6.3359375
297.0 6.453125
298.0 6.4765625
299.0 1.8828125
300.0 11.484375
301.0 6.6171875
302.0 3.015625
303.0 9.890625
304.0 6.4140625
305.0 6.2109375
306.0 6.2109375
307.0 6.078125
308.0 3.0546875
309.0 8.3203125
310.0 5.9296875
311.0 6.03125
312.0 6.125
313.0 6.3671875
314.0 6.109375
315.0 6.5625
316.0 6.484375
317.0 6.09375
318.0 6.796875
319.0 5.875
320.0 2.953125
321.0 5.3359375
322.0 2.625
323.0 5.796875
324.0 5.734375
325.0 4.4296875
326.0 4.625
327.0 4.84375
328.0 0.984375
329.0 6.0078125
330.0 3.546875
331.0 5.6328125
332.0 4.171875
333.0 5.2734375
334.0 2.7109375
335.0 7.71875
336.0 5.796875
337.0 5.15625
338.0 5.3359375
339.0 6.1484375
340.0 5.3515625
341.0 5.28125
342.0 5.6328125
343.0 4.828125
344.0 4.6015625
345.0 5.84375
346.0 6.03125
347.0 3.21875
348.0 0.0
349.0 11.1875
350.0 5.21875
351.0 5.7109375
352.0 5.0703125
353.0 3.1953125
354.0 5.9453125
355.0 1.1796875
356.0 2.5234375
357.0 6.0234375
358.0 5.1640625
359.0 5.28125
360.0 6.15625
361.0 5.5546875
362.0 5.5
363.0 6.328125
364.0 5.3046875
365.0 4.3515625
366.0 6.0625
367.0 5.546875
368.0 5.453125
369.0 5.1640625
370.0 5.421875
371.0 5.578125
372.0 2.1171875
373.0 7.84375
374.0 5.8515625
375.0 5.125
376.0 5.3671875
377.0 5.734375
378.0 5.21875
379.0 5.6796875
380.0 5.9453125
381.0 5.125
382.0 4.9296875
383.0 5.9921875
384.0 3.2265625
385.0 7.3984375
386.0 5.9375
387.0 4.484375
388.0 4.28125
389.0 5.2578125
390.0 5.171875
391.0 5.8125
392.0 6.2734375
393.0 6.0546875
394.0 6.328125
395.0 6.078125
396.0 6.0546875
397.0 5.8828125
398.0 1.6796875
399.0 10.28125
400.0 6.1171875
401.0 6.109375
402.0 6.1796875
403.0 5.9921875
404.0 5.7578125
405.0 5.6640625
406.0 5.7890625
407.0 5.0546875
408.0 4.0625
409.0 4.875
410.0 4.7578125
411.0 5.1875
412.0 4.390625
413.0 4.5390625
414.0 5.6015625
415.0 5.109375
416.0 4.8046875
417.0 2.2734375
418.0 7.375
419.0 4.59375
420.0 2.5703125
421.0 6.53125
422.0 2.953125
423.0 7.25
424.0 4.46875
425.0 5.203125
426.0 2.7578125
427.0 6.2578125
428.0 5.1015625
429.0 4.3046875
430.0 4.28125
431.0 4.25
432.0 4.328125
433.0 4.125
434.0 4.7421875
435.0 4.265625
436.0 3.1953125
437.0 4.28125
438.0 5.28125
439.0 5.2734375
440.0 1.046875
441.0 10.28125
442.0 5.8125
443.0 5.7265625
444.0 5.875
445.0 6.0
446.0 3.3671875
447.0 6.8828125
448.0 5.3515625
449.0 5.9765625
450.0 6.296875
451.0 6.0390625
452.0 5.6796875
453.0 6.0078125
454.0 6.09375
455.0 6.2421875
456.0 6.0390625
457.0 6.2421875
458.0 5.9921875
459.0 4.0546875
460.0 8.4375
461.0 6.0546875
462.0 6.0390625
463.0 6.2734375
464.0 5.2734375
465.0 6.921875
466.0 3.640625
467.0 8.234375
468.0 6.1171875
469.0 5.9296875
470.0 6.0546875
471.0 3.7890625
472.0 8.0859375
473.0 6.390625
474.0 6.171875
475.0 6.3046875
476.0 5.78125
477.0 6.8125
478.0 6.0
479.0 6.2265625
480.0 6.0390625
481.0 5.9609375
482.0 3.4609375
483.0 7.71875
484.0 5.453125
485.0 5.6015625
486.0 5.375
487.0 5.6171875
488.0 6.078125
489.0 6.0
490.0 6.2578125
491.0 6.265625
492.0 5.96875
493.0 5.859375
494.0 5.5
495.0 5.734375
496.0 4.0625
497.0 6.6796875
498.0 5.796875
499.0 5.6484375
500.0 5.78125
501.0 5.9609375
502.0 6.0078125
503.0 6.0546875
504.0 6.40625
505.0 6.03125
506.0 6.6875
507.0 6.890625
508.0 6.4140625
509.0 5.7890625
510.0 6.140625
511.0 6.0
512.0 2.0703125
513.0 7.0390625
514.0 5.9296875
515.0 6.078125
516.0 5.9765625
517.0 2.578125
518.0 9.3984375
519.0 6.3515625
520.0 5.8515625
521.0 6.0859375
522.0 5.9609375
523.0 6.2890625
524.0 5.734375
525.0 4.5625
526.0 5.765625
527.0 5.6953125
528.0 5.8125
529.0 4.46875
530.0 8.234375
531.0 6.3671875
532.0 6.328125
533.0 6.2890625
534.0 5.875
535.0 2.0625
536.0 11.0703125
537.0 6.3046875
538.0 6.6015625
539.0 5.46875
540.0 5.8125
541.0 6.1796875
542.0 3.703125
543.0 9.0625
544.0 3.4609375
545.0 8.734375
546.0 5.6015625
547.0 7.546875
548.0 6.6015625
549.0 6.5546875
550.0 6.5859375
551.0 6.5703125
552.0 6.515625
553.0 6.46875
554.0 5.9609375
555.0 6.3828125
556.0 6.1875
557.0 5.9140625
558.0 5.890625
559.0 5.84375
560.0 5.9375
561.0 5.9921875
562.0 6.0078125
563.0 6.1875
564.0 6.140625
565.0 6.2578125
566.0 6.1171875
567.0 6.2890625
568.0 3.6171875
569.0 8.859375
570.0 6.484375
571.0 6.1796875
572.0 6.46875
573.0 6.4453125
574.0 6.2734375
575.0 6.4453125
576.0 6.5859375
577.0 6.6171875
578.0 3.9375
579.0 9.359375
580.0 6.2890625
581.0 6.5703125
582.0 6.5546875
583.0 6.65625
584.0 6.4453125
585.0 6.6171875
586.0 6.3046875
587.0 6.09375
588.0 6.59375
589.0 6.3359375
590.0 6.6875
591.0 6.3203125
592.0 2.375
593.0 10.203125
594.0 6.5
595.0 6.3828125
596.0 6.3203125
597.0 6.4140625
598.0 6.109375
599.0 5.4921875
