0.0 5.6171875
1.0 5.6640625
2.0 5.7890625
3.0 5.6015625
4.0 5.75
5.0 5.2890625
6.0 5.0078125
7.0 5.015625
8.0 5.0078125
9.0 4.9921875
10.0 5.0703125
11.0 3.40625
12.0 2.15625
13.0 0.0
14.0 5.5625
15.0 2.7890625
16.0 2.9375
17.0 2.9375
18.0 2.8203125
19.0 2.8359375
20.0 2.9375
21.0 2.78125
22.0 2.96875
23.0 3.109375
24.0 3.4140625
25.0 5.15625
26.0 3.859375
27.0 5.9296875
28.0 4.5078125
29.0 4.203125
30.0 1.4375
31.0 7.71875
32.0 4.7578125
33.0 5.1953125
34.0 4.359375
35.0 4.171875
36.0 4.78125
37.0 4.9921875
38.0 4.25
39.0 3.28125
40.0 2.78125
41.0 2.7265625
42.0 4.8984375
43.0 4.75
44.0 0.1640625
45.0 9.1953125
46.0 3.0859375
47.0 3.1640625
48.0 0.0
49.0 9.78125
50.0 5.890625
51.0 6.09375
52.0 5.6640625
53.0 4.6640625
54.0 2.7109375
55.0 2.359375
56.0 2.875
57.0 4.296875
58.0 5.9765625
59.0 5.90625
60.0 2.8046875
61.0 0.359375
62.0 9.2109375
63.0 4.390625
64.0 5.2890625
65.0 3.4921875
66.0 7.9921875
67.0 4.1015625
68.0 3.40625
69.0 3.3828125
70.0 3.4140625
71.0 3.859375
72.0 3.015625
73.0 5.140625
74.0 4.3359375
75.0 5.1328125
76.0 5.0234375
77.0 2.265625
78.0 7.421875
79.0 3.265625
80.0 2.0859375
81.0 8.59375
82.0 5.46875
83.0 5.5546875
84.0 5.7109375
85.0 5.046875
86.0 4.9453125
87.0 4.90625
88.0 3.0859375
89.0 7.5546875
90.0 4.9765625
91.0 4.7578125
92.0 2.7734375
93.0 7.375
94.0 5.5859375
95.0 5.609375
96.0 5.3984375
97.0 4.875
98.0 3.015625
99.0 6.2109375
100.0 4.7265625
101.0 4.3515625
102.0 3.0546875
103.0 5.4375
104.0 5.6484375
105.0 4.9765625
106.0 6.2734375
107.0 5.0546875
108.0 5.375
109.0 5.3671875
110.0 5.4921875
111.0 5.7578125
112.0 6.0
113.0 6.234375
114.0 6.421875
115.0 6.0546875
116.0 5.640625
117.0 5.9453125
118.0 5.9453125
119.0 1.859375
120.0 8.96875
121.0 0.8515625
122.0 4.03125
123.0 5.46875
124.0 5.3984375
125.0 4.890625
126.0 6.84375
127.0 5.765625
128.0 6.0078125
129.0 6.0390625
130.0 5.6796875
131.0 5.8125
132.0 5.7265625
133.0 4.3984375
134.0 4.90625
135.0 3.8828125
136.0 2.609375
137.0 4.5078125
138.0 4.7421875
139.0 2.515625
140.0 4.3984375
141.0 4.9296875
142.0 2.8046875
143.0 7.8359375
144.0 2.8671875
145.0 3.0859375
146.0 4.1171875
147.0 4.859375
148.0 5.3359375
149.0 4.6015625
150.0 1.2421875
151.0 8.140625
152.0 3.6171875
153.0 3.8203125
154.0 5.109375
155.0 3.4609375
156.0 0.0
157.0 7.65625
158.0 3.6953125
159.0 4.5390625
160.0 3.9453125
161.0 4.09375
162.0 5.21875
163.0 4.03125
164.0 4.828125
165.0 5.1640625
166.0 3.328125
167.0 4.78125
168.0 4.9296875
169.0 2.9296875
170.0 8.03125
171.0 5.2265625
172.0 4.875
173.0 0.9296875
174.0 8.140625
175.0 4.5625
176.0 4.7109375
177.0 4.5625
178.0 4.421875
179.0 4.625
180.0 4.0703125
181.0 2.5078125
182.0 2.5625
183.0 2.515625
184.0 1.8515625
185.0 6.5078125
186.0 4.84375
187.0 5.046875
188.0 4.53125
189.0 4.546875
190.0 3.796875
191.0 1.1796875
192.0 8.2421875
193.0 4.09375
194.0 4.234375
195.0 4.6640625
196.0 5.171875
197.0 5.15625
198.0 2.9296875
199.0 6.859375
200.0 3.4921875
201.0 3.734375
202.0 5.3046875
203.0 5.375
204.0 4.3671875
205.0 5.703125
206.0 2.640625
207.0 6.46875
208.0 4.6640625
209.0 4.7109375
210.0 3.28125
211.0 7.8671875
212.0 5.125
213.0 5.0703125
214.0 5.578125
215.0 5.484375
216.0 5.6640625
217.0 5.9375
218.0 5.3125
219.0 5.125
220.0 5.515625
221.0 5.21875
222.0 5.7265625
223.0 5.1640625
224.0 5.078125
225.0 4.5390625
226.0 4.3046875
227.0 4.515625
228.0 4.296875
229.0 4.203125
230.0 5.25
231.0 4.6484375
232.0 4.8671875
233.0 5.6484375
234.0 1.765625
235.0 9.1328125
236.0 5.015625
237.0 2.0390625
238.0 5.1953125
239.0 5.421875
240.0 5.46875
241.0 6.03125
242.0 5.8515625
243.0 5.7890625
244.0 5.234375
245.0 5.21875
246.0 5.6171875
247.0 5.3203125
248.0 5.3125
249.0 5.046875
250.0 1.4765625
251.0 8.40625
252.0 4.9453125
253.0 4.7109375
254.0 5.203125
255.0 1.765625
256.0 7.6171875
257.0 5.0859375
258.0 4.6328125
259.0 4.7421875
260.0 4.921875
261.0 5.140625
262.0 4.75
263.0 4.5390625
264.0 3.7578125
265.0 4.59375
266.0 4.8359375
267.0 4.515625
268.0 4.6796875
269.0 4.546875
270.0 3.1328125
271.0 7.40625
272.0 4.0703125
273.0 4.84375
274.0 5.3671875
275.0 2.59375
276.0 6.625
277.0 5.109375
278.0 3.7109375
279.0 3.515625
280.0 4.3359375
281.0 3.734375
282.0 4.171875
283.0 3.9140625
284.0 4.234375
285.0 4.1015625
286.0 3.0234375
287.0 3.9765625
288.0 4.3203125
289.0 1.375
290.0 7.734375
291.0 4.3984375
292.0 3.015625
293.0 3.4921875
294.0 3.9921875
295.0 4.421875
296.0 4.46875
297.0 4.1171875
298.0 4.421875
299.0 4.6015625
300.0 4.609375
301.0 4.890625
302.0 4.4296875
303.0 4.4140625
304.0 4.875
305.0 4.5078125
306.0 4.8125
307.0 4.21875
308.0 4.3359375
309.0 4.8359375
310.0 4.609375
311.0 4.6015625
312.0 4.7421875
313.0 4.6875
314.0 4.5703125
315.0 4.3671875
316.0 4.03125
317.0 4.84375
318.0 4.828125
319.0 4.4765625
320.0 4.4453125
321.0 4.546875
322.0 2.6875
323.0 6.46875
324.0 4.4296875
325.0 4.5390625
326.0 4.7265625
327.0 4.5625
328.0 3.0546875
329.0 7.2734375
330.0 5.53125
331.0 5.21875
332.0 5.015625
333.0 5.21875
334.0 5.5546875
335.0 4.859375
336.0 4.7421875
337.0 4.1171875
338.0 4.9296875
339.0 4.875
340.0 4.75
341.0 4.5
342.0 0.21875
343.0 8.96875
344.0 4.0625
345.0 4.8046875
346.0 2.5390625
347.0 6.515625
348.0 3.4453125
349.0 4.296875
350.0 2.6875
351.0 7.078125
352.0 5.046875
353.0 4.1875
354.0 4.2109375
355.0 4.921875
356.0 5.015625
357.0 4.15625
358.0 4.484375
359.0 5.015625
360.0 4.609375
361.0 5.4921875
362.0 4.71875
363.0 4.453125
364.0 3.109375
365.0 0.8125
366.0 9.0078125
367.0 4.1484375
368.0 0.9375
369.0 5.3125
370.0 3.1953125
371.0 3.203125
372.0 5.0234375
373.0 4.953125
374.0 5.046875
375.0 5.0390625
376.0 4.46875
377.0 4.359375
378.0 1.328125
379.0 6.109375
380.0 5.21875
381.0 5.078125
382.0 5.1953125
383.0 4.609375
384.0 3.375
385.0 4.0
386.0 1.1171875
387.0 7.2734375
388.0 4.3359375
389.0 4.0625
390.0 3.9140625
391.0 4.359375
392.0 3.890625
393.0 4.1796875
394.0 4.5703125
395.0 4.609375
396.0 4.46875
397.0 4.390625
398.0 3.234375
399.0 4.3828125
400.0 0.0
401.0 8.5625
402.0 3.9921875
403.0 4.1875
404.0 0.703125
405.0 7.796875
406.0 4.515625
407.0 4.265625
408.0 4.3203125
409.0 4.03125
410.0 4.4296875
411.0 4.09375
412.0 4.15625
413.0 4.234375
414.0 4.484375
415.0 4.3984375
416.0 4.875
417.0 0.078125
418.0 9.3359375
419.0 3.546875
420.0 2.8359375
421.0 4.7109375
422.0 4.5
423.0 0.96875
424.0 7.453125
425.0 3.4765625
426.0 4.09375
427.0 2.984375
428.0 0.3984375
429.0 6.0234375
430.0 3.6484375
431.0 3.4140625
432.0 4.71875
433.0 3.9921875
434.0 2.046875
435.0 6.2578125
436.0 2.9296875
437.0 4.3828125
438.0 2.453125
439.0 5.234375
440.0 3.4375
441.0 3.7265625
442.0 3.28125
443.0 2.59375
444.0 2.6015625
445.0 7.03125
446.0 4.3828125
447.0 3.9375
448.0 4.8125
449.0 5.078125
450.0 4.5703125
451.0 4.9609375
452.0 5.2734375
453.0 5.1875
454.0 2.9609375
455.0 6.4140625
456.0 4.6328125
457.0 3.6953125
458.0 2.453125
459.0 7.140625
460.0 4.5078125
461.0 4.5
462.0 4.8984375
463.0 5.15625
464.0 5.1640625
465.0 5.171875
466.0 4.78125
467.0 3.9375
468.0 4.859375
469.0 5.015625
470.0 5.0859375
471.0 4.75
472.0 0.734375
473.0 8.625
474.0 5.1640625
475.0 3.59375
476.0 2.390625
477.0 4.328125
478.0 4.390625
479.0 1.609375
480.0 3.859375
481.0 3.40625
482.0 0.0
483.0 1.8515625
484.0 2.625
485.0 3.171875
486.0 2.8359375
487.0 2.0625
488.0 2.71875
489.0 4.59375
490.0 2.2421875
491.0 1.859375
492.0 2.3359375
493.0 0.3671875
494.0 6.4140625
495.0 3.2265625
496.0 2.9375
497.0 2.8515625
498.0 4.125
499.0 2.0625
500.0 6.46875
501.0 3.7421875
502.0 4.1875
503.0 4.71875
504.0 4.1171875
505.0 4.8984375
506.0 4.15625
507.0 4.0859375
508.0 3.609375
509.0 3.3203125
510.0 5.15625
511.0 5.28125
512.0 1.984375
513.0 7.9453125
514.0 5.1875
515.0 4.9609375
516.0 5.0234375
517.0 0.0703125
518.0 9.703125
519.0 4.71875
520.0 4.515625
521.0 5.1328125
522.0 4.8046875
523.0 3.234375
524.0 3.9140625
525.0 4.984375
526.0 4.21875
527.0 5.4296875
528.0 5.109375
529.0 1.984375
530.0 8.171875
531.0 5.3828125
532.0 5.109375
533.0 1.703125
534.0 6.953125
535.0 4.9609375
536.0 4.9453125
537.0 4.9765625
538.0 4.4453125
539.0 4.6875
540.0 5.0234375
541.0 4.7421875
542.0 4.7421875
543.0 4.15625
544.0 4.9296875
545.0 4.859375
546.0 4.0234375
547.0 5.53125
548.0 4.6484375
549.0 4.7109375
550.0 2.90625
551.0 6.4375
552.0 4.4453125
553.0 3.171875
554.0 1.96875
555.0 2.1484375
556.0 4.0390625
557.0 4.921875
558.0 4.6015625
559.0 4.984375
560.0 4.8046875
561.0 4.46875
562.0 4.609375
563.0 0.5546875
564.0 9.1328125
565.0 4.1328125
566.0 1.8984375
567.0 5.9296875
568.0 3.25
569.0 2.03125
570.0 1.5625
571.0 6.0
572.0 4.421875
573.0 4.421875
574.0 5.0546875
575.0 3.8046875
576.0 2.5703125
577.0 3.515625
578.0 3.015625
579.0 2.625
580.0 2.359375
581.0 1.8359375
582.0 2.3671875
583.0 2.7265625
584.0 4.296875
585.0 3.21875
586.0 0.8046875
587.0 8.421875
588.0 3.7421875
589.0 2.34375
590.0 5.9609375
591.0 3.40625
592.0 3.7890625
593.0 2.59375
594.0 0.640625
595.0 1.015625
596.0 3.6953125
597.0 5.015625
598.0 4.2109375
599.0 3.9453125
