0.0 6.5703125
1.0 6.328125
2.0 6.703125
3.0 6.40625
4.0 6.40625
5.0 6.4375
6.0 6.2421875
7.0 6.203125
8.0 6.3671875
9.0 5.765625
10.0 2.0703125
11.0 10.265625
12.0 6.1171875
13.0 3.765625
14.0 3.1171875
15.0 5.546875
16.0 5.9296875
17.0 5.7109375
18.0 5.8125
19.0 5.875
20.0 4.9609375
21.0 5.3203125
22.0 5.7265625
23.0 5.25
24.0 0.9140625
25.0 10.1171875
26.0 5.015625
27.0 5.0390625
28.0 4.75
29.0 1.171875
30.0 10.078125
31.0 3.96875
32.0 7.9375
33.0 5.9609375
34.0 5.7109375
35.0 5.515625
36.0 4.3984375
37.0 7.8671875
38.0 6.0234375
39.0 5.90625
40.0 6.0390625
41.0 4.0078125
42.0 7.765625
43.0 6.421875
44.0 6.203125
45.0 6.3203125
46.0 5.828125
47.0 3.953125
48.0 7.140625
49.0 5.640625
50.0 5.40625
51.0 5.234375
52.0 5.0859375
53.0 5.3671875
54.0 5.5234375
55.0 5.375
56.0 5.375
57.0 5.015625
58.0 5.3359375
59.0 3.4609375
60.0 7.1875
61.0 5.828125
62.0 5.6171875
63.0 5.75
64.0 5.515625
65.0 5.4375
66.0 5.25
67.0 5.9375
68.0 5.5625
69.0 5.5234375
70.0 5.421875
71.0 3.96875
72.0 7.4375
73.0 4.984375
74.0 5.125
75.0 5.3359375
76.0 5.6171875
77.0 5.7109375
78.0 5.78125
79.0 5.3359375
80.0 5.6796875
81.0 5.9296875
82.0 5.828125
83.0 6.2109375
84.0 5.7265625
85.0 5.9140625
86.0 4.0546875
87.0 7.359375
88.0 5.78125
89.0 5.9140625
90.0 6.0078125
91.0 5.640625
92.0 5.7109375
93.0 5.6484375
94.0 5.78125
95.0 5.2734375
96.0 5.125
97.0 5.6796875
98.0 5.5546875
99.0 5.515625
100.0 5.46875
101.0 6.1796875
102.0 6.0859375
103.0 6.2890625
104.0 6.515625
105.0 0.9921875
106.0 11.0234375
107.0 5.90625
108.0 5.8125
109.0 5.5625
110.0 1.8515625
111.0 10.7265625
112.0 6.140625
113.0 5.78125
114.0 5.96875
115.0 5.484375
116.0 5.4296875
117.0 5.515625
118.0 5.9140625
119.0 5.671875
120.0 5.6796875
121.0 5.96875
122.0 5.5
123.0 1.671875
124.0 9.21875
125.0 5.96875
126.0 2.6640625
127.0 6.171875
128.0 4.8671875
129.0 5.4296875
130.0 5.75
131.0 5.6171875
132.0 5.546875
133.0 4.1328125
134.0 7.1015625
135.0 4.0703125
136.0 7.3359375
137.0 5.84375
138.0 5.53125
139.0 5.1328125
140.0 5.375
141.0 3.765625
142.0 7.5859375
143.0 5.5859375
144.0 5.9453125
145.0 5.46875
146.0 5.1015625
147.0 5.0078125
148.0 5.6015625
149.0 5.96875
150.0 5.7109375
151.0 5.3984375
152.0 5.3125
153.0 5.4296875
154.0 6.2265625
155.0 4.1328125
156.0 7.8984375
157.0 5.4609375
158.0 5.3828125
159.0 5.40625
160.0 5.515625
161.0 3.875
162.0 7.640625
163.0 5.6796875
164.0 5.3125
165.0 5.5625
166.0 5.703125
167.0 5.3828125
168.0 5.421875
169.0 5.609375
170.0 5.6328125
171.0 5.5
172.0 5.1875
173.0 5.734375
174.0 5.796875
175.0 3.6953125
176.0 8.375
177.0 5.640625
178.0 3.9921875
179.0 6.296875
180.0 3.765625
181.0 3.8828125
182.0 4.5625
183.0 4.875
184.0 5.515625
185.0 3.953125
186.0 7.5546875
187.0 5.7109375
188.0 5.9765625
189.0 5.9296875
190.0 5.734375
191.0 5.53125
192.0 5.5
193.0 5.2578125
194.0 5.6171875
195.0 5.640625
196.0 5.9453125
197.0 5.84375
198.0 5.6953125
199.0 4.0
200.0 7.390625
201.0 5.765625
202.0 6.0859375
203.0 5.6640625
204.0 3.0234375
205.0 8.4375
206.0 5.5859375
207.0 5.46875
208.0 5.6328125
209.0 5.8515625
210.0 5.6796875
211.0 5.640625
212.0 4.7109375
213.0 2.3671875
214.0 3.96875
215.0 5.8203125
216.0 5.515625
217.0 5.6640625
218.0 5.7265625
219.0 5.8828125
220.0 5.7890625
221.0 6.0390625
222.0 5.7109375
223.0 5.703125
224.0 2.15625
225.0 9.9296875
226.0 5.796875
227.0 5.609375
228.0 5.3828125
229.0 5.6796875
230.0 5.515625
231.0 5.6015625
232.0 5.6640625
233.0 5.7890625
234.0 5.6640625
235.0 5.3828125
236.0 5.53125
237.0 4.3671875
238.0 7.078125
239.0 5.2578125
240.0 5.5859375
241.0 5.2734375
242.0 5.015625
243.0 2.1796875
244.0 9.4609375
245.0 5.6171875
246.0 5.7890625
247.0 6.3359375
248.0 6.03125
249.0 5.859375
250.0 5.484375
251.0 5.4609375
252.0 5.375
253.0 5.1875
254.0 4.53125
255.0 4.828125
256.0 0.671875
257.0 9.75
258.0 5.578125
259.0 5.7578125
260.0 5.6796875
261.0 5.671875
262.0 5.78125
263.0 5.9453125
264.0 1.6796875
265.0 9.8203125
266.0 5.5
267.0 3.9375
268.0 6.8671875
269.0 3.9453125
270.0 7.453125
271.0 5.9453125
272.0 5.7265625
273.0 5.8828125
274.0 5.6328125
275.0 5.109375
276.0 5.546875
277.0 5.78125
278.0 5.546875
279.0 6.0859375
280.0 5.9296875
281.0 6.109375
282.0 6.0
283.0 5.8515625
284.0 1.9765625
285.0 9.5234375
286.0 5.6484375
287.0 5.9375
288.0 5.734375
289.0 4.328125
290.0 6.6484375
291.0 4.0703125
292.0 7.109375
293.0 5.609375
294.0 5.375
295.0 5.890625
296.0 6.234375
297.0 5.6484375
298.0 5.6015625
299.0 5.5859375
300.0 6.4375
301.0 6.0234375
302.0 5.859375
303.0 5.875
304.0 5.546875
305.0 5.0859375
306.0 0.4609375
307.0 10.546875
308.0 5.6328125
309.0 5.78125
310.0 5.53125
311.0 5.6484375
312.0 2.90625
313.0 8.1953125
314.0 3.796875
315.0 5.3515625
316.0 5.8125
317.0 5.796875
318.0 5.4296875
319.0 5.4296875
320.0 5.6015625
321.0 5.1328125
322.0 5.4296875
323.0 5.453125
324.0 5.875
325.0 5.6953125
326.0 5.3828125
327.0 4.890625
328.0 5.8515625
329.0 5.6015625
330.0 6.0
331.0 5.609375
332.0 2.1953125
333.0 7.8125
334.0 5.7578125
335.0 5.5625
336.0 5.8828125
337.0 6.15625
338.0 5.6953125
339.0 6.03125
340.0 5.703125
341.0 5.40625
342.0 4.859375
343.0 5.8828125
344.0 5.875
345.0 5.46875
346.0 6.03125
347.0 5.6796875
348.0 5.7109375
349.0 5.2265625
350.0 5.34375
351.0 5.3125
352.0 4.9453125
353.0 2.7421875
354.0 8.328125
355.0 4.84375
356.0 5.3671875
357.0 5.4375
358.0 5.6484375
359.0 4.9609375
360.0 0.4296875
361.0 8.09375
362.0 4.0546875
363.0 4.453125
364.0 5.1015625
365.0 5.375
366.0 4.53125
367.0 5.8203125
368.0 5.5546875
369.0 5.578125
370.0 5.234375
371.0 5.5859375
372.0 3.2578125
373.0 6.953125
374.0 5.2890625
375.0 4.984375
376.0 5.515625
377.0 4.9765625
378.0 2.8671875
379.0 5.859375
380.0 2.59375
381.0 3.703125
382.0 4.3515625
383.0 4.296875
384.0 7.3125
385.0 4.9765625
386.0 4.828125
387.0 4.984375
388.0 4.234375
389.0 4.7578125
390.0 4.0234375
391.0 4.7578125
392.0 5.5234375
393.0 5.6640625
394.0 5.890625
395.0 5.3515625
396.0 4.8125
397.0 5.6796875
398.0 5.7265625
399.0 5.671875
400.0 4.6640625
401.0 6.1484375
402.0 4.328125
403.0 4.9609375
404.0 4.90625
405.0 5.5859375
406.0 4.890625
407.0 5.1953125
408.0 5.3671875
409.0 5.171875
410.0 5.5859375
411.0 5.109375
412.0 4.9609375
413.0 3.734375
414.0 6.8046875
415.0 3.28125
416.0 2.3984375
417.0 3.28125
418.0 4.578125
419.0 5.4296875
420.0 5.6640625
421.0 5.640625
422.0 5.25
423.0 5.0078125
424.0 5.3203125
425.0 5.34375
426.0 4.3515625
427.0 1.640625
428.0 0.0
429.0 6.59375
430.0 3.0390625
431.0 5.125
432.0 5.25
433.0 5.2578125
434.0 4.921875
435.0 4.484375
436.0 5.2734375
437.0 4.0078125
438.0 3.875
439.0 4.5
440.0 3.4296875
441.0 6.921875
442.0 4.8359375
443.0 3.28125
444.0 0.375
445.0 0.0
446.0 6.8125
447.0 4.421875
448.0 3.734375
449.0 2.3671875
450.0 2.0
451.0 2.6640625
452.0 2.7578125
453.0 2.375
454.0 1.65625
455.0 2.015625
456.0 2.546875
457.0 3.2578125
458.0 4.0078125
459.0 0.78125
460.0 5.109375
461.0 2.78125
462.0 3.0859375
463.0 2.9609375
464.0 2.84375
465.0 2.890625
466.0 2.7890625
467.0 2.421875
468.0 0.0
469.0 8.0
470.0 5.4609375
471.0 6.1875
472.0 5.875
473.0 5.9140625
474.0 4.46875
475.0 3.5
476.0 2.84375
477.0 3.0546875
478.0 3.5546875
479.0 5.46875
480.0 5.609375
481.0 3.7890625
482.0 7.1875
483.0 5.40625
484.0 4.8125
485.0 5.0390625
486.0 5.6015625
487.0 4.546875
488.0 5.765625
489.0 5.109375
490.0 3.921875
491.0 4.5390625
492.0 5.5546875
493.0 5.203125
494.0 3.734375
495.0 4.3359375
496.0 5.4609375
497.0 5.140625
498.0 5.15625
499.0 2.375
500.0 0.0
501.0 5.7265625
502.0 3.0
503.0 3.9375
504.0 4.59375
505.0 3.7421875
506.0 3.6171875
507.0 3.796875
508.0 6.5546875
509.0 3.703125
510.0 7.0390625
511.0 5.4296875
512.0 5.3125
513.0 5.484375
514.0 5.46875
515.0 5.3984375
516.0 5.6953125
517.0 5.828125
518.0 5.5859375
519.0 5.578125
520.0 5.578125
521.0 5.6171875
522.0 5.5
523.0 5.578125
524.0 0.8671875
525.0 10.3828125
526.0 5.015625
527.0 4.859375
528.0 5.34375
529.0 1.1484375
530.0 10.2578125
531.0 5.203125
532.0 4.953125
533.0 5.3046875
534.0 5.765625
535.0 5.5625
536.0 5.6953125
537.0 5.7890625
538.0 5.5234375
539.0 5.609375
540.0 5.703125
541.0 3.9140625
542.0 7.546875
543.0 5.828125
544.0 5.78125
545.0 5.421875
546.0 5.3125
547.0 5.0859375
548.0 4.7265625
549.0 5.078125
550.0 5.484375
551.0 5.3984375
552.0 5.078125
553.0 5.125
554.0 5.046875
555.0 2.671875
556.0 7.7890625
557.0 4.4453125
558.0 8.015625
559.0 5.640625
560.0 5.578125
561.0 5.9140625
562.0 6.2421875
563.0 6.3515625
564.0 6.484375
565.0 6.2109375
566.0 5.828125
567.0 6.1796875
568.0 6.078125
569.0 6.3203125
570.0 6.46875
571.0 6.15625
572.0 6.2421875
573.0 5.890625
574.0 5.5
575.0 3.7578125
576.0 7.484375
577.0 5.734375
578.0 5.8203125
579.0 5.8515625
580.0 5.6953125
581.0 4.9609375
582.0 5.015625
583.0 5.421875
584.0 5.6640625
585.0 5.703125
586.0 5.6171875
587.0 2.5625
588.0 9.78125
589.0 5.9375
590.0 5.8203125
591.0 5.5859375
592.0 5.90625
593.0 6.0390625
594.0 5.8125
595.0 6.0234375
596.0 6.0078125
597.0 6.234375
598.0 6.3359375
599.0 5.75
