0.0 2.2109375
1.0 6.3828125
2.0 4.2734375
3.0 4.921875
4.0 4.3515625
5.0 4.9609375
6.0 3.8046875
7.0 4.0703125
8.0 5.3515625
9.0 5.6328125
10.0 4.6328125
11.0 2.7890625
12.0 3.015625
13.0 1.5
14.0 6.078125
15.0 2.7890625
16.0 2.1796875
17.0 3.578125
18.0 4.1015625
19.0 1.765625
20.0 0.0
21.0 4.9765625
22.0 1.8046875
23.0 3.8046875
24.0 3.7578125
25.0 1.96875
26.0 3.515625
27.0 4.296875
28.0 3.0703125
29.0 2.484375
30.0 1.421875
31.0 0.0
32.0 5.5
33.0 2.1953125
34.0 2.375
35.0 2.515625
36.0 0.015625
37.0 0.0
38.0 5.375
39.0 2.7890625
40.0 3.625
41.0 2.71875
42.0 2.4921875
43.0 3.3671875
44.0 4.1171875
45.0 3.9453125
46.0 3.46875
47.0 4.171875
48.0 3.7734375
49.0 3.96875
50.0 2.8359375
51.0 0.0
52.0 7.359375
53.0 0.671875
54.0 3.2578125
55.0 4.1015625
56.0 4.6796875
57.0 4.453125
58.0 4.234375
59.0 2.4765625
60.0 6.2578125
61.0 4.1796875
62.0 4.21875
63.0 4.171875
64.0 4.9453125
65.0 4.859375
66.0 4.84375
67.0 4.921875
68.0 5.3046875
69.0 4.9453125
70.0 5.0859375
71.0 3.5
72.0 5.5234375
73.0 4.7578125
74.0 5.171875
75.0 4.8984375
76.0 1.203125
77.0 8.390625
78.0 3.7890625
79.0 5.0546875
80.0 6.0390625
81.0 5.3984375
82.0 5.28125
83.0 5.0546875
84.0 5.3203125
85.0 5.1015625
86.0 4.6015625
87.0 4.3359375
88.0 5.3046875
89.0 4.9296875
90.0 4.78125
91.0 5.640625
92.0 5.21875
93.0 5.171875
94.0 5.3125
95.0 5.9375
96.0 5.4296875
97.0 3.640625
98.0 6.796875
99.0 5.375
100.0 5.3046875
101.0 1.7890625
102.0 7.8203125
103.0 2.7421875
104.0 3.3828125
105.0 5.1640625
106.0 1.765625
107.0 2.1875
108.0 2.2734375
109.0 2.4140625
110.0 2.4453125
111.0 2.5390625
112.0 3.7578125
113.0 0.5234375
114.0 9.78125
115.0 5.609375
116.0 4.15625
117.0 5.2265625
118.0 2.90625
119.0 4.3984375
120.0 6.0390625
121.0 6.2890625
122.0 6.1484375
123.0 3.796875
124.0 4.25
125.0 3.921875
126.0 1.8671875
127.0 9.9609375
128.0 5.9453125
129.0 6.453125
130.0 6.3671875
131.0 6.234375
132.0 6.453125
133.0 6.203125
134.0 6.0078125
135.0 6.6484375
136.0 6.0078125
137.0 6.5
138.0 5.8515625
139.0 5.546875
140.0 6.703125
141.0 5.765625
142.0 5.6015625
143.0 4.8984375
144.0 4.5078125
145.0 5.3046875
146.0 5.3203125
147.0 1.171875
148.0 7.421875
149.0 3.5859375
150.0 3.3515625
151.0 2.8359375
152.0 2.984375
153.0 4.9921875
154.0 5.734375
155.0 5.6015625
156.0 6.421875
157.0 6.59375
158.0 5.8203125
159.0 5.3046875
160.0 1.71875
161.0 11.15625
162.0 6.1171875
163.0 6.0546875
164.0 5.890625
165.0 6.03125
166.0 5.6015625
167.0 4.9453125
168.0 3.328125
169.0 3.4296875
170.0 3.015625
171.0 2.84375
172.0 5.515625
173.0 5.6953125
174.0 2.453125
175.0 2.25
176.0 3.1328125
177.0 3.3671875
178.0 3.3984375
179.0 2.359375
180.0 4.984375
181.0 4.3046875
182.0 4.65625
183.0 3.7265625
184.0 2.7578125
185.0 0.7265625
186.0 5.1015625
187.0 5.0859375
188.0 5.171875
189.0 4.1875
190.0 3.0
191.0 2.6015625
192.0 1.796875
193.0 2.0625
194.0 3.671875
195.0 1.9140625
196.0 0.9921875
197.0 5.2265625
198.0 2.6015625
199.0 2.8515625
200.0 3.1328125
201.0 2.1484375
202.0 2.4296875
203.0 2.921875
204.0 6.5078125
205.0 5.46875
206.0 4.90625
207.0 6.2265625
208.0 6.5
209.0 5.6796875
210.0 4.984375
211.0 6.4375
212.0 5.3125
213.0 5.7890625
214.0 5.4609375
215.0 5.4375
216.0 5.90625
217.0 5.6796875
218.0 5.703125
219.0 5.6796875
220.0 2.1484375
221.0 8.765625
222.0 4.5390625
223.0 5.3359375
224.0 5.84375
225.0 5.859375
226.0 5.765625
227.0 6.078125
228.0 6.171875
229.0 5.890625
230.0 5.8828125
231.0 3.6171875
232.0 9.0390625
233.0 6.328125
234.0 5.640625
235.0 6.1484375
236.0 6.5546875
237.0 6.0078125
238.0 6.2421875
239.0 4.8671875
240.0 4.0859375
241.0 3.890625
242.0 4.4140625
243.0 5.2265625
244.0 5.84375
245.0 4.7578125
246.0 6.9921875
247.0 6.5625
248.0 6.421875
249.0 6.46875
250.0 6.390625
251.0 6.0625
252.0 6.203125
253.0 6.5
254.0 6.3046875
255.0 5.53125
256.0 4.4140625
257.0 3.859375
258.0 5.34375
259.0 6.625
260.0 6.296875
261.0 4.2734375
262.0 8.9375
263.0 6.734375
264.0 6.734375
265.0 6.8046875
266.0 6.0546875
267.0 6.515625
268.0 4.53125
269.0 5.6171875
270.0 6.1171875
271.0 4.8125
272.0 3.0859375
273.0 3.0703125
274.0 3.921875
275.0 3.4375
276.0 3.921875
277.0 4.875
278.0 4.984375
279.0 4.1171875
280.0 0.671875
281.0 5.703125
282.0 3.671875
283.0 4.8125
284.0 4.6640625
285.0 4.46875
286.0 1.984375
287.0 5.765625
288.0 2.96875
289.0 3.34375
290.0 3.2265625
291.0 3.4765625
292.0 3.4375
293.0 2.7890625
294.0 3.3828125
295.0 3.0859375
296.0 3.2265625
297.0 3.0703125
298.0 1.7578125
299.0 0.0
300.0 5.8828125
301.0 3.0234375
302.0 4.359375
303.0 4.171875
304.0 3.96875
305.0 3.3828125
306.0 7.359375
307.0 4.6484375
308.0 6.3515625
309.0 6.9609375
310.0 6.3046875
311.0 3.953125
312.0 3.8828125
313.0 3.875
314.0 3.9375
315.0 3.703125
316.0 3.015625
317.0 2.4453125
318.0 0.125
319.0 5.1328125
320.0 2.8125
321.0 2.8984375
322.0 2.671875
323.0 2.625
324.0 1.40625
325.0 0.328125
326.0 6.6484375
327.0 3.4375
328.0 5.5625
329.0 6.625
330.0 6.109375
331.0 4.59375
332.0 3.4140625
333.0 3.0390625
334.0 2.8125
335.0 2.7109375
336.0 1.6484375
337.0 9.71875
338.0 6.4453125
339.0 6.9296875
340.0 6.75
341.0 5.8828125
342.0 6.328125
343.0 6.4453125
344.0 6.328125
345.0 5.640625
346.0 5.734375
347.0 6.0078125
348.0 5.6484375
349.0 5.9296875
350.0 5.8828125
351.0 5.734375
352.0 6.3203125
353.0 3.5546875
354.0 9.8671875
355.0 6.484375
356.0 7.125
357.0 6.6484375
358.0 4.125
359.0 9.75
360.0 6.890625
361.0 5.2890625
362.0 5.7109375
363.0 6.203125
364.0 6.5390625
365.0 6.4375
366.0 5.640625
367.0 5.6484375
368.0 5.734375
369.0 6.1171875
370.0 5.6484375
371.0 1.953125
372.0 9.3671875
373.0 6.3828125
374.0 3.1171875
375.0 9.6015625
376.0 5.4296875
377.0 5.3125
378.0 6.2109375
379.0 4.9609375
380.0 5.375
381.0 6.8984375
382.0 5.4921875
383.0 4.5625
384.0 4.9296875
385.0 5.75
386.0 6.203125
387.0 5.484375
388.0 7.3671875
389.0 6.5
390.0 6.2734375
391.0 3.9921875
392.0 1.5
393.0 8.8671875
394.0 5.765625
395.0 5.25
396.0 5.0859375
397.0 5.75
398.0 5.140625
399.0 4.9609375
400.0 4.9453125
401.0 4.171875
402.0 4.59375
403.0 4.3515625
404.0 3.2890625
405.0 5.2578125
406.0 5.140625
407.0 3.5
408.0 4.328125
409.0 4.875
410.0 4.25
411.0 5.0390625
412.0 4.859375
413.0 4.6640625
414.0 5.1640625
415.0 5.1328125
416.0 5.4296875
417.0 5.6640625
418.0 5.6953125
419.0 6.2890625
420.0 5.9609375
421.0 5.734375
422.0 5.109375
423.0 5.90625
424.0 5.84375
425.0 6.234375
426.0 6.40625
427.0 6.5625
428.0 7.21875
429.0 6.78125
430.0 6.171875
431.0 1.234375
432.0 11.53125
433.0 6.9609375
434.0 7.359375
435.0 7.1640625
436.0 6.40625
437.0 6.7421875
438.0 6.5859375
439.0 7.1640625
440.0 6.4375
441.0 5.78125
442.0 6.2578125
443.0 5.9921875
444.0 2.34375
445.0 10.5078125
446.0 5.875
447.0 5.109375
448.0 5.109375
449.0 5.3046875
450.0 5.421875
451.0 5.6171875
452.0 5.6171875
453.0 5.9140625
454.0 6.15625
455.0 6.203125
456.0 6.3515625
457.0 6.0625
458.0 5.5546875
459.0 5.5
460.0 4.21875
461.0 6.484375
462.0 5.1640625
463.0 6.0859375
464.0 2.1953125
465.0 9.8984375
466.0 6.9921875
467.0 6.4375
468.0 6.6875
469.0 5.8125
470.0 2.3125
471.0 9.1328125
472.0 5.7890625
473.0 5.7890625
474.0 6.03125
475.0 6.234375
476.0 5.7890625
477.0 5.3125
478.0 5.28125
479.0 4.8359375
480.0 5.7109375
481.0 5.9609375
482.0 5.171875
483.0 4.921875
484.0 5.1875
485.0 5.859375
486.0 5.0078125
487.0 5.34375
488.0 5.2578125
489.0 5.6640625
490.0 5.4296875
491.0 4.9765625
492.0 4.6640625
493.0 4.7265625
494.0 5.046875
495.0 5.0859375
496.0 5.1328125
497.0 4.9296875
498.0 5.0546875
499.0 4.4453125
500.0 5.765625
501.0 4.65625
502.0 4.921875
503.0 5.5625
504.0 4.84375
505.0 3.9140625
506.0 0.4375
507.0 7.796875
508.0 2.8359375
509.0 2.75
510.0 3.2578125
511.0 3.1015625
512.0 2.0859375
513.0 2.1328125
514.0 3.3984375
515.0 3.078125
516.0 3.078125
517.0 1.421875
518.0 6.078125
519.0 4.65625
520.0 4.7109375
521.0 4.4765625
522.0 4.9453125
523.0 5.3203125
524.0 5.1640625
525.0 5.421875
526.0 5.609375
527.0 5.703125
528.0 5.875
529.0 6.09375
530.0 6.59375
531.0 5.9453125
532.0 5.9609375
533.0 5.84375
534.0 5.6953125
535.0 5.453125
536.0 5.046875
537.0 5.3359375
538.0 5.875
539.0 5.4921875
540.0 5.2265625
541.0 4.9453125
542.0 5.84375
543.0 5.5859375
544.0 5.765625
545.0 5.875
546.0 5.828125
547.0 5.734375
548.0 5.9140625
549.0 5.765625
550.0 5.5546875
551.0 3.015625
552.0 0.421875
553.0 6.9921875
554.0 4.9609375
555.0 5.171875
556.0 5.7890625
557.0 6.109375
558.0 6.0078125
559.0 3.953125
560.0 7.765625
561.0 5.421875
562.0 5.0234375
563.0 5.3828125
564.0 2.7890625
565.0 7.375
566.0 4.984375
567.0 4.84375
568.0 3.5
569.0 3.375
570.0 1.5625
571.0 7.09375
572.0 4.546875
573.0 4.5703125
574.0 4.46875
575.0 4.59375
576.0 4.5
577.0 4.578125
578.0 4.6796875
579.0 4.953125
580.0 4.8046875
581.0 4.8359375
582.0 3.59375
583.0 4.8125
584.0 5.0078125
585.0 4.3828125
586.0 4.5390625
587.0 4.4296875
588.0 4.2734375
589.0 4.6328125
590.0 4.7421875
591.0 4.6640625
592.0 4.1484375
593.0 3.90625
594.0 0.109375
595.0 8.5703125
596.0 5.2890625
597.0 5.1328125
598.0 5.1640625
599.0 5.25
