0.0 3.140625
1.0 3.8046875
2.0 4.0234375
3.0 3.578125
4.0 4.125
5.0 4.1875
6.0 4.1328125
7.0 4.15625
8.0 3.21875
9.0 0.75
10.0 8.4375
11.0 4.1015625
12.0 4.1328125
13.0 4.1015625
14.0 4.28125
15.0 2.1484375
16.0 6.171875
17.0 3.0
18.0 5.828125
19.0 4.5078125
20.0 4.3984375
21.0 4.3515625
22.0 4.3984375
23.0 4.28125
24.0 4.296875
25.0 4.4140625
26.0 2.046875
27.0 4.9453125
28.0 4.0859375
29.0 4.0859375
30.0 3.5
31.0 3.953125
32.0 3.5625
33.0 4.0625
34.0 3.7578125
35.0 3.734375
36.0 3.3671875
37.0 3.890625
38.0 3.84375
39.0 3.84375
40.0 3.9765625
41.0 4.0703125
42.0 4.1328125
43.0 4.25
44.0 4.1875
45.0 4.1484375
46.0 3.9375
47.0 0.5078125
48.0 7.2109375
49.0 3.765625
50.0 4.09375
51.0 4.1328125
52.0 1.8671875
53.0 4.2109375
54.0 1.625
55.0 8.6875
56.0 3.9921875
57.0 4.0
58.0 3.96875
59.0 4.03125
60.0 4.2734375
61.0 4.171875
62.0 4.125
63.0 3.7734375
64.0 3.8515625
65.0 3.7890625
66.0 3.84375
67.0 3.234375
68.0 3.875
69.0 3.6171875
70.0 4.0390625
71.0 3.6171875
72.0 3.875
73.0 3.96875
74.0 4.203125
75.0 4.0
76.0 3.3671875
77.0 4.1171875
78.0 3.859375
79.0 1.1484375
80.0 6.78125
81.0 4.0
82.0 2.1640625
83.0 6.03125
84.0 4.21875
85.0 3.3125
86.0 4.5625
87.0 4.0703125
88.0 3.6953125
89.0 3.234375
90.0 4.0
91.0 4.0
92.0 3.1015625
93.0 3.796875
94.0 4.171875
95.0 3.953125
96.0 3.9375
97.0 3.7890625
98.0 3.9140625
99.0 4.3671875
100.0 4.3359375
101.0 2.7265625
102.0 5.484375
103.0 4.28125
104.0 3.9765625
105.0 4.0546875
106.0 3.375
107.0 0.3671875
108.0 4.953125
109.0 1.3515625
110.0 0.0
111.0 6.5
112.0 3.53125
113.0 3.796875
114.0 3.578125
115.0 4.09375
116.0 4.296875
117.0 3.5859375
118.0 3.546875
119.0 2.71875
120.0 3.4296875
121.0 3.6171875
122.0 3.25
123.0 3.078125
124.0 3.140625
125.0 3.4765625
126.0 3.6171875
127.0 3.5234375
128.0 3.7265625
129.0 2.28125
130.0 3.3203125
131.0 1.28125
132.0 3.4921875
133.0 3.578125
134.0 4.0234375
135.0 4.3203125
136.0 4.7109375
137.0 3.5625
138.0 4.75
139.0 4.3046875
140.0 4.1328125
141.0 4.2421875
142.0 3.9375
143.0 4.421875
144.0 4.296875
145.0 4.1796875
146.0 4.3984375
147.0 4.7421875
148.0 4.6328125
149.0 4.6796875
150.0 4.4765625
151.0 1.6875
152.0 7.4375
153.0 4.5703125
154.0 4.484375
155.0 4.46875
156.0 3.3515625
157.0 3.53125
158.0 6.4765625
159.0 4.1796875
160.0 4.3203125
161.0 3.4765625
162.0 5.5546875
163.0 4.28125
164.0 3.765625
165.0 4.3203125
166.0 3.9765625
167.0 4.2734375
168.0 4.46875
169.0 4.4140625
170.0 4.4140625
171.0 4.5078125
172.0 4.609375
173.0 4.53125
174.0 4.2109375
175.0 4.0
176.0 3.1640625
177.0 5.8125
178.0 4.171875
179.0 4.5390625
180.0 4.4765625
181.0 4.15625
182.0 1.8046875
183.0 6.953125
184.0 4.390625
185.0 4.3203125
186.0 4.1328125
187.0 3.796875
188.0 3.3828125
189.0 4.3046875
190.0 4.6015625
191.0 4.7109375
192.0 4.359375
193.0 4.3828125
194.0 4.65625
195.0 4.3671875
196.0 0.3984375
197.0 8.6484375
198.0 4.2109375
199.0 4.2421875
200.0 4.3203125
201.0 4.203125
202.0 3.1328125
203.0 5.3828125
204.0 4.296875
205.0 4.1328125
206.0 4.3046875
207.0 4.171875
208.0 4.1484375
209.0 4.28125
210.0 4.234375
211.0 4.21875
212.0 4.328125
213.0 4.125
214.0 2.7265625
215.0 6.0390625
216.0 4.3984375
217.0 4.328125
218.0 4.1484375
219.0 4.546875
220.0 4.390625
221.0 4.5390625
222.0 4.53125
223.0 4.46875
224.0 4.609375
225.0 4.546875
226.0 4.3984375
227.0 0.8359375
228.0 7.6328125
229.0 4.0625
230.0 4.21875
231.0 4.3515625
232.0 4.453125
233.0 4.3828125
234.0 3.34375
235.0 0.453125
236.0 5.6171875
237.0 4.0703125
238.0 4.3828125
239.0 4.3515625
240.0 4.0234375
241.0 4.359375
242.0 4.2109375
243.0 4.3671875
244.0 1.34375
245.0 7.1328125
246.0 4.2109375
247.0 4.546875
248.0 4.359375
249.0 4.484375
250.0 4.6015625
251.0 4.1875
252.0 1.390625
253.0 7.2265625
254.0 4.3203125
255.0 4.3828125
256.0 4.421875
257.0 4.5703125
258.0 4.59375
259.0 4.3046875
260.0 4.09375
261.0 4.1171875
262.0 4.1875
263.0 4.5
264.0 1.3203125
265.0 7.765625
266.0 4.453125
267.0 4.4296875
268.0 1.4453125
269.0 5.875
270.0 2.2109375
271.0 3.6484375
272.0 3.9921875
273.0 3.546875
274.0 2.34375
275.0 2.3359375
276.0 3.3125
277.0 3.9453125
278.0 3.6953125
279.0 4.328125
280.0 4.1875
281.0 4.1328125
282.0 2.375
283.0 4.7734375
284.0 4.0625
285.0 4.1328125
286.0 3.515625
287.0 4.0390625
288.0 3.6171875
289.0 4.0078125
290.0 3.9921875
291.0 4.0078125
292.0 4.0078125
293.0 4.0625
294.0 3.9921875
295.0 4.2421875
296.0 4.1484375
297.0 4.1484375
298.0 0.6640625
299.0 8.015625
300.0 3.9765625
301.0 4.0390625
302.0 4.171875
303.0 4.0859375
304.0 0.2421875
305.0 8.3125
306.0 4.546875
307.0 4.359375
308.0 4.3203125
309.0 4.3359375
310.0 3.859375
311.0 4.0
312.0 4.1328125
313.0 4.203125
314.0 4.1171875
315.0 4.3671875
316.0 4.203125
317.0 1.5546875
318.0 6.75
319.0 4.15625
320.0 3.9921875
321.0 4.1328125
322.0 3.9375
323.0 0.0
324.0 9.265625
325.0 4.2734375
326.0 4.4453125
327.0 4.4296875
328.0 4.3828125
329.0 4.1171875
330.0 4.1796875
331.0 3.90625
332.0 3.640625
333.0 3.078125
334.0 3.921875
335.0 4.3203125
336.0 1.015625
337.0 8.09375
338.0 4.546875
339.0 4.453125
340.0 4.5390625
341.0 4.5390625
342.0 4.4453125
343.0 4.359375
344.0 4.2734375
345.0 4.328125
346.0 4.3046875
347.0 4.3828125
348.0 4.25
349.0 4.2109375
350.0 4.125
351.0 4.25
352.0 0.4921875
353.0 7.71875
354.0 4.0625
355.0 4.2421875
356.0 4.2421875
357.0 4.296875
358.0 4.5703125
359.0 4.6640625
360.0 4.7734375
361.0 4.390625
362.0 4.5703125
363.0 4.2734375
364.0 4.25
365.0 4.3515625
366.0 0.078125
367.0 8.1953125
368.0 3.9765625
369.0 4.1015625
370.0 1.390625
371.0 7.3671875
372.0 4.609375
373.0 3.671875
374.0 5.0703125
375.0 4.3828125
376.0 4.5390625
377.0 4.53125
378.0 4.4765625
379.0 4.3203125
380.0 4.6484375
381.0 4.46875
382.0 4.71875
383.0 4.6640625
384.0 4.890625
385.0 4.7421875
386.0 3.703125
387.0 4.515625
388.0 3.3828125
389.0 0.0
390.0 6.828125
391.0 5.3359375
392.0 4.8046875
393.0 4.59375
394.0 4.0546875
395.0 4.71875
396.0 4.65625
397.0 4.3203125
398.0 4.203125
399.0 4.2109375
400.0 3.953125
401.0 4.0859375
402.0 4.5703125
403.0 4.0859375
404.0 4.453125
405.0 4.453125
406.0 4.2421875
407.0 4.3359375
408.0 4.625
409.0 4.4765625
410.0 4.796875
411.0 4.03125
412.0 4.421875
413.0 1.359375
414.0 7.3984375
415.0 4.09375
416.0 4.3671875
417.0 3.578125
418.0 5.515625
419.0 4.578125
420.0 4.453125
421.0 4.421875
422.0 4.46875
423.0 4.53125
424.0 4.484375
425.0 4.609375
426.0 4.6953125
427.0 4.4296875
428.0 4.4140625
429.0 4.3046875
430.0 4.296875
431.0 4.4296875
432.0 4.53125
433.0 4.265625
434.0 4.609375
435.0 4.25
436.0 1.9765625
437.0 6.5078125
438.0 4.15625
439.0 4.2109375
440.0 2.2109375
441.0 6.921875
442.0 4.609375
443.0 4.3984375
444.0 4.25
445.0 4.46875
446.0 4.28125
447.0 4.2421875
448.0 4.1484375
449.0 4.4765625
450.0 4.46875
451.0 4.453125
452.0 4.4296875
453.0 2.0625
454.0 7.09375
455.0 4.3984375
456.0 4.5390625
457.0 4.5390625
458.0 4.46875
459.0 1.2421875
460.0 7.734375
461.0 4.3984375
462.0 3.703125
463.0 4.9296875
464.0 4.421875
465.0 4.28125
466.0 4.5
467.0 4.6015625
468.0 4.609375
469.0 4.3515625
470.0 4.390625
471.0 4.5703125
472.0 4.90625
473.0 2.234375
474.0 6.9296875
475.0 4.5078125
476.0 4.5703125
477.0 0.546875
478.0 8.390625
479.0 4.421875
480.0 4.484375
481.0 4.6484375
482.0 4.5
483.0 4.46875
484.0 4.5
485.0 4.5703125
486.0 4.453125
487.0 4.4140625
488.0 4.1875
489.0 4.515625
490.0 1.1796875
491.0 7.703125
492.0 4.53125
493.0 4.578125
494.0 4.3671875
495.0 4.2734375
496.0 2.7109375
497.0 4.2734375
498.0 4.7421875
499.0 4.71875
500.0 4.796875
501.0 4.7421875
502.0 2.6015625
503.0 7.4609375
504.0 4.75
505.0 4.9453125
506.0 4.9453125
507.0 4.8671875
508.0 4.7265625
509.0 4.84375
510.0 4.546875
511.0 2.8671875
512.0 6.0625
513.0 4.3359375
514.0 1.5
515.0 7.65625
516.0 3.578125
517.0 4.9453125
518.0 4.28125
519.0 4.7734375
520.0 3.828125
521.0 3.9453125
522.0 3.5
523.0 4.15625
524.0 3.515625
525.0 4.4296875
526.0 4.25
527.0 4.0078125
528.0 4.265625
529.0 4.609375
530.0 3.96875
531.0 4.0078125
532.0 2.984375
533.0 5.3046875
534.0 4.1875
535.0 4.3359375
536.0 4.5078125
537.0 4.625
538.0 4.578125
539.0 4.4296875
540.0 0.0625
541.0 6.8671875
542.0 5.9453125
543.0 4.6953125
544.0 4.578125
545.0 4.6484375
546.0 4.4765625
547.0 4.6015625
548.0 4.328125
549.0 4.4140625
550.0 4.7265625
551.0 4.5390625
552.0 4.5078125
553.0 3.3203125
554.0 5.40625
555.0 3.578125
556.0 3.859375
557.0 4.0234375
558.0 4.2421875
559.0 4.46875
560.0 4.3671875
561.0 4.5
562.0 4.25
563.0 4.390625
564.0 4.6484375
565.0 4.4453125
566.0 4.5
567.0 3.3125
568.0 4.8359375
569.0 3.8515625
570.0 4.265625
571.0 4.2109375
572.0 4.609375
573.0 3.9921875
574.0 4.265625
575.0 4.3203125
576.0 3.703125
577.0 4.25
578.0 4.0
579.0 3.6953125
580.0 4.1328125
581.0 3.875
582.0 4.359375
583.0 4.03125
584.0 3.921875
585.0 4.5078125
586.0 4.5
587.0 4.5703125
588.0 4.328125
589.0 1.828125
590.0 7.2734375
591.0 4.625
592.0 4.6015625
593.0 4.59375
594.0 0.75
595.0 8.75
596.0 4.8984375
597.0 4.515625
598.0 4.3828125
599.0 4.59375
