0.0 3.9140625
1.0 4.0078125
2.0 4.234375
3.0 2.5703125
4.0 5.671875
5.0 4.21875
6.0 4.1015625
7.0 5.3046875
8.0 5.0078125
9.0 4.25
10.0 4.0078125
11.0 5.1015625
12.0 5.25
13.0 4.2109375
14.0 0.0
15.0 10.109375
16.0 3.046875
17.0 4.4765625
18.0 4.9609375
19.0 4.3359375
20.0 1.7578125
21.0 4.296875
22.0 4.1171875
23.0 3.7578125
24.0 2.25
25.0 2.453125
26.0 1.9453125
27.0 1.0234375
28.0 0.6171875
29.0 0.8125
30.0 1.078125
31.0 1.5390625
32.0 1.203125
33.0 0.0
34.0 5.9453125
35.0 2.6953125
36.0 0.0
37.0 7.15625
38.0 3.875
39.0 3.25
40.0 2.6640625
41.0 0.8671875
42.0 0.78125
43.0 1.296875
44.0 4.03125
45.0 5.171875
46.0 4.78125
47.0 4.359375
48.0 4.84375
49.0 3.1796875
50.0 2.8359375
51.0 3.6484375
52.0 4.5625
53.0 4.5703125
54.0 4.421875
55.0 4.1796875
56.0 3.921875
57.0 3.9921875
58.0 4.1328125
59.0 3.7734375
60.0 3.9453125
61.0 3.90625
62.0 0.0
63.0 6.6015625
64.0 1.2265625
65.0 3.7734375
66.0 3.734375
67.0 3.8515625
68.0 4.6875
69.0 3.65625
70.0 3.546875
71.0 2.1953125
72.0 6.3359375
73.0 3.625
74.0 3.7109375
75.0 2.234375
76.0 6.921875
77.0 3.875
78.0 4.59375
79.0 4.5
80.0 3.921875
81.0 4.1015625
82.0 4.2421875
83.0 3.8515625
84.0 4.8046875
85.0 4.1484375
86.0 3.953125
87.0 4.2734375
88.0 3.796875
89.0 1.53125
90.0 5.78125
91.0 4.171875
92.0 3.8828125
93.0 4.3671875
94.0 0.109375
95.0 8.2109375
96.0 3.5
97.0 4.7578125
98.0 3.7109375
99.0 1.2265625
100.0 6.3515625
101.0 3.34375
102.0 3.8828125
103.0 4.1015625
104.0 4.1484375
105.0 4.6796875
106.0 4.1484375
107.0 3.859375
108.0 4.875
109.0 4.0390625
110.0 4.390625
111.0 4.5625
112.0 4.2421875
113.0 2.25
114.0 6.5390625
115.0 4.0859375
116.0 4.0859375
117.0 3.9375
118.0 3.1484375
119.0 4.9296875
120.0 3.7734375
121.0 1.7421875
122.0 7.0703125
123.0 4.7265625
124.0 5.0859375
125.0 4.3046875
126.0 4.84375
127.0 5.3203125
128.0 3.765625
129.0 4.0
130.0 4.296875
131.0 5.3359375
132.0 5.21875
133.0 3.7734375
134.0 3.4921875
135.0 3.140625
136.0 3.9453125
137.0 4.4453125
138.0 3.8828125
139.0 4.0
140.0 3.0546875
141.0 5.859375
142.0 4.0546875
143.0 4.0859375
144.0 4.0078125
145.0 4.0625
146.0 4.09375
147.0 4.1796875
148.0 4.546875
149.0 4.421875
150.0 4.5078125
151.0 4.6953125
152.0 4.53125
153.0 5.4296875
154.0 3.90625
155.0 1.109375
156.0 7.015625
157.0 5.15625
158.0 3.765625
159.0 4.84375
160.0 4.9296875
161.0 2.2109375
162.0 6.234375
163.0 5.1953125
164.0 3.953125
165.0 4.5703125
166.0 4.28125
167.0 3.90625
168.0 5.421875
169.0 3.625
170.0 4.7109375
171.0 4.171875
172.0 3.7734375
173.0 4.0
174.0 3.796875
175.0 3.875
176.0 4.5625
177.0 3.734375
178.0 3.84375
179.0 3.7109375
180.0 4.7734375
181.0 4.1875
182.0 4.15625
183.0 4.75
184.0 3.7109375
185.0 4.15625
186.0 4.125
187.0 4.171875
188.0 4.796875
189.0 3.328125
190.0 4.6796875
191.0 2.4296875
192.0 3.2265625
193.0 3.28125
194.0 4.0625
195.0 4.1484375
196.0 4.0625
197.0 3.3671875
198.0 0.5546875
199.0 7.34375
200.0 4.421875
201.0 4.1328125
202.0 4.515625
203.0 4.1328125
204.0 4.90625
205.0 4.1171875
206.0 5.4609375
207.0 4.3828125
208.0 4.3828125
209.0 5.140625
210.0 4.4296875
211.0 4.578125
212.0 4.71875
213.0 5.34375
214.0 4.15625
215.0 4.828125
216.0 4.296875
217.0 4.0859375
218.0 4.171875
219.0 4.09375
220.0 4.859375
221.0 5.15625
222.0 3.96875
223.0 3.953125
224.0 0.6640625
225.0 7.2890625
226.0 4.65625
227.0 3.7890625
228.0 4.296875
229.0 5.40625
230.0 5.2734375
231.0 3.8828125
232.0 3.8828125
233.0 3.890625
234.0 2.09375
235.0 6.6875
236.0 2.5390625
237.0 5.046875
238.0 4.171875
239.0 3.609375
240.0 3.5546875
241.0 3.53125
242.0 3.890625
243.0 3.6796875
244.0 3.703125
245.0 3.109375
246.0 3.515625
247.0 3.5546875
248.0 4.1015625
249.0 3.9140625
250.0 1.2890625
251.0 7.140625
252.0 4.265625
253.0 4.7109375
254.0 3.4921875
255.0 4.1796875
256.0 3.953125
257.0 3.515625
258.0 2.2109375
259.0 6.4453125
260.0 4.1328125
261.0 4.3046875
262.0 4.75
263.0 4.1328125
264.0 4.03125
265.0 5.3203125
266.0 4.1328125
267.0 4.421875
268.0 4.0625
269.0 4.890625
270.0 4.8671875
271.0 3.640625
272.0 0.3046875
273.0 9.296875
274.0 0.2109375
275.0 7.96875
276.0 4.6640625
277.0 3.6171875
278.0 4.796875
279.0 3.953125
280.0 4.5390625
281.0 4.8046875
282.0 3.7890625
283.0 4.796875
284.0 4.7265625
285.0 1.1953125
286.0 8.1484375
287.0 3.96875
288.0 4.59375
289.0 4.796875
290.0 4.6953125
291.0 1.8203125
292.0 5.25
293.0 4.0546875
294.0 4.515625
295.0 4.90625
296.0 4.15625
297.0 4.5625
298.0 5.78125
299.0 4.421875
300.0 3.859375
301.0 3.578125
302.0 3.4140625
303.0 5.0390625
304.0 3.9140625
305.0 4.5390625
306.0 4.0625
307.0 4.984375
308.0 4.625
309.0 3.9375
310.0 4.9921875
311.0 4.453125
312.0 4.7421875
313.0 3.796875
314.0 4.71875
315.0 5.0546875
316.0 5.171875
317.0 5.546875
318.0 5.4296875
319.0 4.5390625
320.0 4.515625
321.0 4.5390625
322.0 4.4140625
323.0 4.0078125
324.0 2.8125
325.0 6.5390625
326.0 4.09375
327.0 4.7109375
328.0 4.546875
329.0 2.7578125
330.0 5.9609375
331.0 5.140625
332.0 5.515625
333.0 4.984375
334.0 5.0859375
335.0 5.140625
336.0 5.15625
337.0 5.1015625
338.0 4.6015625
339.0 4.7421875
340.0 4.484375
341.0 3.7734375
342.0 5.203125
343.0 3.8203125
344.0 4.59375
345.0 2.9921875
346.0 3.1640625
347.0 1.9375
348.0 6.5078125
349.0 5.703125
350.0 5.734375
351.0 5.4921875
352.0 4.7734375
353.0 4.328125
354.0 5.0703125
355.0 4.0703125
356.0 3.7109375
357.0 3.1640625
358.0 3.1796875
359.0 4.171875
360.0 0.390625
361.0 9.609375
362.0 5.765625
363.0 5.546875
364.0 5.671875
365.0 6.0
366.0 5.6640625
367.0 4.8359375
368.0 5.0234375
369.0 4.15625
370.0 4.1015625
371.0 4.9609375
372.0 1.8515625
373.0 6.9921875
374.0 4.90625
375.0 4.2109375
376.0 4.75
377.0 4.8046875
378.0 4.1171875
379.0 4.203125
380.0 5.1640625
381.0 4.90625
382.0 4.09375
383.0 5.6015625
384.0 4.421875
385.0 4.0390625
386.0 0.3984375
387.0 7.375
388.0 4.0703125
389.0 4.3359375
390.0 1.34375
391.0 7.84375
392.0 4.9921875
393.0 4.0078125
394.0 2.3125
395.0 6.828125
396.0 4.1015625
397.0 3.859375
398.0 2.8046875
399.0 5.671875
400.0 4.609375
401.0 4.453125
402.0 4.5390625
403.0 3.875
404.0 4.296875
405.0 4.6796875
406.0 4.1796875
407.0 4.4296875
408.0 4.796875
409.0 3.65625
410.0 5.1640625
411.0 4.3828125
412.0 5.3046875
413.0 5.3984375
414.0 4.7421875
415.0 4.3046875
416.0 5.1875
417.0 5.3515625
418.0 4.9609375
419.0 4.7421875
420.0 5.40625
421.0 5.171875
422.0 4.9296875
423.0 1.0
424.0 9.28125
425.0 4.828125
426.0 5.171875
427.0 3.3671875
428.0 7.015625
429.0 5.109375
430.0 5.15625
431.0 2.4765625
432.0 7.640625
433.0 5.3125
434.0 5.4296875
435.0 4.984375
436.0 5.3671875
437.0 5.171875
438.0 5.2890625
439.0 5.2265625
440.0 4.7578125
441.0 4.875
442.0 4.9296875
443.0 5.109375
444.0 5.2890625
445.0 5.15625
446.0 0.3046875
447.0 8.71875
448.0 5.6328125
449.0 5.4921875
450.0 4.9609375
451.0 4.9765625
452.0 5.234375
453.0 5.4609375
454.0 5.6015625
455.0 5.3984375
456.0 5.5
457.0 5.078125
458.0 5.1953125
459.0 5.25
460.0 5.2578125
461.0 2.3671875
462.0 5.828125
463.0 8.2265625
464.0 3.7578125
465.0 6.4765625
466.0 5.46875
467.0 4.84375
468.0 3.9921875
469.0 6.9453125
470.0 5.28125
471.0 4.8984375
472.0 5.109375
473.0 5.109375
474.0 5.3515625
475.0 5.578125
476.0 5.453125
477.0 4.8984375
478.0 5.0390625
479.0 5.5234375
480.0 5.40625
481.0 5.2265625
482.0 5.2578125
483.0 5.421875
484.0 5.3515625
485.0 5.515625
486.0 5.4609375
487.0 5.6171875
488.0 5.25
489.0 5.3671875
490.0 5.609375
491.0 5.703125
492.0 5.6328125
493.0 5.578125
494.0 5.515625
495.0 3.3984375
496.0 7.0703125
497.0 5.4375
498.0 5.3984375
499.0 5.40625
500.0 5.046875
501.0 2.5078125
502.0 6.0
503.0 6.3359375
504.0 4.7421875
505.0 4.859375
506.0 4.9296875
507.0 5.1328125
508.0 5.0390625
509.0 3.9921875
510.0 6.46875
511.0 4.84375
512.0 3.515625
513.0 6.703125
514.0 4.9609375
515.0 4.8359375
516.0 4.890625
517.0 4.71875
518.0 4.65625
519.0 4.8359375
520.0 4.6640625
521.0 4.3046875
522.0 4.9453125
523.0 4.21875
524.0 5.6484375
525.0 5.1640625
526.0 5.0234375
527.0 4.265625
528.0 5.6640625
529.0 4.8984375
530.0 5.1015625
531.0 5.3984375
532.0 4.25
533.0 4.453125
534.0 4.9453125
535.0 3.828125
536.0 3.8515625
537.0 4.8984375
538.0 1.8359375
539.0 5.9375
540.0 2.7734375
541.0 5.046875
542.0 4.8984375
543.0 4.171875
544.0 4.453125
545.0 3.1171875
546.0 6.5625
547.0 4.3046875
548.0 3.84375
549.0 4.1796875
550.0 4.5
551.0 3.3125
552.0 3.953125
553.0 4.65625
554.0 2.484375
555.0 2.609375
556.0 1.8828125
557.0 1.5859375
558.0 0.0390625
559.0 6.0546875
560.0 3.90625
561.0 3.328125
562.0 2.59375
563.0 3.2265625
564.0 4.84375
565.0 5.0546875
566.0 5.0546875
567.0 5.2734375
568.0 5.2578125
569.0 5.1640625
570.0 5.3984375
571.0 5.0859375
572.0 1.625
573.0 7.8203125
574.0 4.28125
575.0 2.7421875
576.0 2.4765625
577.0 3.671875
578.0 2.546875
579.0 2.1640625
580.0 3.4609375
581.0 3.734375
582.0 3.6796875
583.0 3.6953125
584.0 3.890625
585.0 3.859375
586.0 3.734375
587.0 2.2109375
588.0 0.0
589.0 7.390625
590.0 2.0625
591.0 2.6953125
592.0 3.46875
593.0 3.7421875
594.0 3.859375
595.0 0.15625
596.0 0.0
597.0 5.640625
598.0 3.1328125
599.0 4.8046875
