0.0 2.375
1.0 8.078125
2.0 5.109375
3.0 4.9609375
4.0 5.171875
5.0 4.9296875
6.0 5.2734375
7.0 5.1328125
8.0 5.484375
9.0 5.4296875
10.0 5.4375
11.0 5.3046875
12.0 4.9921875
13.0 4.890625
14.0 5.1015625
15.0 5.6328125
16.0 5.3046875
17.0 5.515625
18.0 5.546875
19.0 1.71875
20.0 10.65625
21.0 6.1171875
22.0 5.671875
23.0 4.296875
24.0 7.015625
25.0 5.1875
26.0 5.2578125
27.0 5.46875
28.0 5.609375
29.0 5.859375
30.0 5.7890625
31.0 5.5234375
32.0 5.40625
33.0 5.5625
34.0 5.6328125
35.0 5.5859375
36.0 5.3359375
37.0 6.3828125
38.0 5.3359375
39.0 4.921875
40.0 3.9921875
41.0 6.9453125
42.0 5.6796875
43.0 5.375
44.0 5.671875
45.0 5.7890625
46.0 5.5234375
47.0 5.3359375
48.0 5.46875
49.0 5.484375
50.0 5.8203125
51.0 5.796875
52.0 5.9140625
53.0 3.875
54.0 7.0390625
55.0 6.9921875
56.0 5.9296875
57.0 5.7109375
58.0 5.703125
59.0 5.84375
60.0 5.671875
61.0 5.703125
62.0 5.3671875
63.0 5.421875
64.0 5.3984375
65.0 5.4921875
66.0 5.6015625
67.0 5.703125
68.0 2.640625
69.0 8.4375
70.0 5.7109375
71.0 5.7109375
72.0 5.734375
73.0 5.46875
74.0 2.265625
75.0 8.5546875
76.0 5.609375
77.0 5.46875
78.0 5.34375
79.0 5.234375
80.0 4.2109375
81.0 6.1796875
82.0 5.3671875
83.0 5.1875
84.0 5.1328125
85.0 5.5
86.0 5.21875
87.0 5.6015625
88.0 5.734375
89.0 5.515625
90.0 5.3828125
91.0 5.46875
92.0 5.3984375
93.0 5.5546875
94.0 5.21875
95.0 5.890625
96.0 5.7109375
97.0 5.8203125
98.0 5.484375
99.0 5.421875
100.0 0.671875
101.0 10.5859375
102.0 5.84375
103.0 5.6171875
104.0 5.8828125
105.0 5.703125
106.0 5.6953125
107.0 5.6171875
108.0 5.671875
109.0 5.671875
110.0 5.6796875
111.0 5.2890625
112.0 2.515625
113.0 8.921875
114.0 5.5859375
115.0 5.4921875
116.0 5.5859375
117.0 5.515625
118.0 5.5546875
119.0 5.6328125
120.0 5.5
121.0 5.4921875
122.0 5.640625
123.0 5.6796875
124.0 5.484375
125.0 5.4609375
126.0 5.5
127.0 5.7890625
128.0 5.375
129.0 5.5234375
130.0 5.7265625
131.0 4.390625
132.0 6.59375
133.0 5.53125
134.0 5.421875
135.0 5.4921875
136.0 0.9296875
137.0 10.0234375
138.0 5.5625
139.0 5.3359375
140.0 5.546875
141.0 5.453125
142.0 5.6015625
143.0 5.6328125
144.0 5.6328125
145.0 5.453125
146.0 5.375
147.0 5.4921875
148.0 4.6328125
149.0 6.234375
150.0 5.2734375
151.0 5.1953125
152.0 5.0703125
153.0 4.4765625
154.0 6.515625
155.0 5.640625
156.0 5.5625
157.0 5.6796875
158.0 5.828125
159.0 5.6484375
160.0 4.6796875
161.0 6.6875
162.0 5.578125
163.0 5.5
164.0 5.6796875
165.0 3.1171875
166.0 7.984375
167.0 5.8515625
168.0 5.84375
169.0 5.5234375
170.0 4.8671875
171.0 5.25
172.0 5.6328125
173.0 5.875
174.0 5.703125
175.0 5.828125
176.0 5.5234375
177.0 5.4609375
178.0 5.7109375
179.0 4.5625
180.0 6.53125
181.0 5.7578125
182.0 6.0234375
183.0 5.8828125
184.0 2.671875
185.0 9.4140625
186.0 6.0546875
187.0 5.4609375
188.0 5.421875
189.0 5.6015625
190.0 5.484375
191.0 5.90625
192.0 5.828125
193.0 5.859375
194.0 6.1875
195.0 5.6953125
196.0 5.859375
197.0 5.9140625
198.0 5.8125
199.0 5.3828125
200.0 1.765625
201.0 9.8046875
202.0 5.8828125
203.0 5.8203125
204.0 5.6796875
205.0 5.6171875
206.0 5.078125
207.0 6.78125
208.0 5.765625
209.0 5.5546875
210.0 5.4375
211.0 5.6015625
212.0 5.3203125
213.0 5.3125
214.0 5.40625
215.0 5.40625
216.0 5.4296875
217.0 5.40625
218.0 5.484375
219.0 3.3203125
220.0 8.078125
221.0 5.8515625
222.0 5.7578125
223.0 5.9375
224.0 5.859375
225.0 5.6953125
226.0 5.046875
227.0 6.453125
228.0 5.765625
229.0 5.5234375
230.0 5.3828125
231.0 5.546875
232.0 5.5234375
233.0 5.609375
234.0 5.6015625
235.0 5.6328125
236.0 5.6171875
237.0 5.859375
238.0 5.8515625
239.0 1.71875
240.0 10.3671875
241.0 5.6171875
242.0 5.5859375
243.0 5.7109375
244.0 5.5859375
245.0 4.5
246.0 5.4296875
247.0 6.3515625
248.0 5.6015625
249.0 5.6640625
250.0 5.703125
251.0 5.53125
252.0 5.671875
253.0 5.875
254.0 5.90625
255.0 5.859375
256.0 5.9140625
257.0 5.7890625
258.0 5.9921875
259.0 6.0234375
260.0 4.7265625
261.0 6.765625
262.0 5.671875
263.0 5.6484375
264.0 5.609375
265.0 5.6328125
266.0 1.3828125
267.0 10.4921875
268.0 6.2421875
269.0 6.296875
270.0 5.125
271.0 7.015625
272.0 5.5546875
273.0 5.609375
274.0 5.96875
275.0 5.5546875
276.0 5.3203125
277.0 5.1640625
278.0 4.453125
279.0 6.328125
280.0 5.234375
281.0 4.8359375
282.0 4.9609375
283.0 5.203125
284.0 5.3203125
285.0 5.3125
286.0 5.203125
287.0 5.015625
288.0 4.9296875
289.0 4.953125
290.0 4.9453125
291.0 5.140625
292.0 4.9296875
293.0 3.265625
294.0 5.796875
295.0 4.9921875
296.0 5.0390625
297.0 5.3046875
298.0 3.3515625
299.0 7.3046875
300.0 5.3671875
301.0 4.7734375
302.0 4.90625
303.0 4.8046875
304.0 4.1796875
305.0 4.09375
306.0 3.90625
307.0 3.8828125
308.0 3.890625
309.0 4.4140625
310.0 2.8125
311.0 6.125
312.0 4.8984375
313.0 5.078125
314.0 5.15625
315.0 4.890625
316.0 2.953125
317.0 7.453125
318.0 5.28125
319.0 5.2265625
320.0 4.90625
321.0 4.875
322.0 5.0078125
323.0 5.2265625
324.0 5.078125
325.0 4.75
326.0 5.0703125
327.0 5.046875
328.0 5.015625
329.0 1.9453125
330.0 8.5859375
331.0 5.375
332.0 5.5625
333.0 5.0078125
334.0 5.4296875
335.0 5.28125
336.0 4.796875
337.0 5.9453125
338.0 5.3828125
339.0 5.25
340.0 5.484375
341.0 5.515625
342.0 5.1328125
343.0 5.2734375
344.0 5.5
345.0 5.609375
346.0 5.46875
347.0 5.4375
348.0 5.9296875
349.0 5.84375
350.0 0.7578125
351.0 9.921875
352.0 5.3125
353.0 5.5234375
354.0 5.578125
355.0 2.0859375
356.0 9.25
357.0 5.8125
358.0 5.6796875
359.0 5.6484375
360.0 5.5234375
361.0 5.109375
362.0 5.515625
363.0 5.6796875
364.0 5.578125
365.0 5.640625
366.0 5.640625
367.0 5.796875
368.0 5.5546875
369.0 5.640625
370.0 5.2734375
371.0 5.75
372.0 5.3671875
373.0 5.3828125
374.0 5.4921875
375.0 5.546875
376.0 5.5234375
377.0 5.578125
378.0 3.734375
379.0 6.9296875
380.0 5.484375
381.0 5.6328125
382.0 4.515625
383.0 5.78125
384.0 4.3515625
385.0 5.109375
386.0 5.125
387.0 5.4375
388.0 5.546875
389.0 5.421875
390.0 5.3984375
391.0 5.3828125
392.0 5.40625
393.0 5.375
394.0 5.40625
395.0 5.3828125
396.0 1.46875
397.0 9.328125
398.0 4.5
399.0 6.2421875
400.0 5.3984375
401.0 5.515625
402.0 5.203125
403.0 5.3203125
404.0 5.3359375
405.0 5.4375
406.0 4.609375
407.0 6.1171875
408.0 5.4375
409.0 5.515625
410.0 5.7578125
411.0 5.7578125
412.0 5.7265625
413.0 5.8828125
414.0 4.9296875
415.0 6.5390625
416.0 5.5859375
417.0 5.578125
418.0 5.4375
419.0 5.421875
420.0 5.4609375
421.0 5.6328125
422.0 5.6796875
423.0 5.5234375
424.0 5.640625
425.0 5.7578125
426.0 5.515625
427.0 5.734375
428.0 5.578125
429.0 2.9609375
430.0 7.90625
431.0 5.609375
432.0 5.640625
433.0 4.4765625
434.0 6.84375
435.0 5.5859375
436.0 5.859375
437.0 5.671875
438.0 5.7109375
439.0 5.6328125
440.0 5.546875
441.0 5.7109375
442.0 5.8125
443.0 5.6484375
444.0 5.9765625
445.0 6.0390625
446.0 5.2578125
447.0 6.8359375
448.0 6.0546875
449.0 6.1484375
450.0 5.8125
451.0 5.5625
452.0 1.609375
453.0 9.5703125
454.0 5.5234375
455.0 4.8125
456.0 6.5625
457.0 5.875
458.0 5.640625
459.0 5.7265625
460.0 5.84375
461.0 5.703125
462.0 5.6953125
463.0 5.6796875
464.0 5.6640625
465.0 5.5859375
466.0 5.3984375
467.0 5.078125
468.0 5.15625
469.0 4.484375
470.0 6.828125
471.0 5.828125
472.0 5.7265625
473.0 5.7109375
474.0 5.578125
475.0 0.390625
476.0 10.4453125
477.0 5.5859375
478.0 5.453125
479.0 5.640625
480.0 5.4375
481.0 5.6796875
482.0 5.609375
483.0 5.703125
484.0 5.484375
485.0 5.5546875
486.0 5.546875
487.0 2.71875
488.0 8.421875
489.0 5.75
490.0 4.921875
491.0 4.484375
492.0 3.3203125
493.0 7.03125
494.0 5.5859375
495.0 5.53125
496.0 5.6640625
497.0 5.6484375
498.0 5.640625
499.0 5.0703125
500.0 4.59375
501.0 5.6796875
502.0 5.875
503.0 5.796875
504.0 4.8671875
505.0 6.6015625
506.0 4.8671875
507.0 6.5859375
508.0 5.671875
509.0 5.6484375
510.0 5.6640625
511.0 5.703125
512.0 4.7734375
513.0 6.71875
514.0 6.265625
515.0 6.2265625
516.0 6.2265625
517.0 6.109375
518.0 6.03125
519.0 5.96875
520.0 5.90625
521.0 5.78125
522.0 5.8203125
523.0 4.0234375
524.0 7.640625
525.0 6.125
526.0 5.9375
527.0 5.8203125
528.0 5.640625
529.0 5.4921875
530.0 5.640625
531.0 5.765625
532.0 5.703125
533.0 5.4921875
534.0 4.7734375
535.0 5.4375
536.0 4.3203125
537.0 4.3203125
538.0 4.546875
539.0 4.7421875
540.0 4.4140625
541.0 4.25
542.0 4.9921875
543.0 4.8359375
544.0 4.390625
545.0 4.484375
546.0 4.1484375
547.0 4.0078125
548.0 4.296875
549.0 2.8359375
550.0 5.6796875
551.0 4.2734375
552.0 4.2421875
553.0 4.546875
554.0 2.9921875
555.0 8.4140625
556.0 6.09375
557.0 5.734375
558.0 6.078125
559.0 6.140625
560.0 6.0859375
561.0 5.9921875
562.0 5.609375
563.0 5.9921875
564.0 6.1171875
565.0 6.078125
566.0 5.640625
567.0 4.625
568.0 5.890625
569.0 5.3984375
570.0 5.28125
571.0 5.3984375
572.0 5.9609375
573.0 3.9140625
574.0 8.1328125
575.0 6.0234375
576.0 6.0078125
577.0 6.140625
578.0 5.8203125
579.0 6.125
580.0 5.9921875
581.0 6.0625
582.0 5.484375
583.0 4.5078125
584.0 1.1953125
585.0 9.8359375
586.0 4.6796875
587.0 6.4375
588.0 5.546875
589.0 5.7265625
590.0 5.5625
591.0 5.46875
592.0 5.5859375
593.0 5.484375
594.0 5.6328125
595.0 5.609375
596.0 5.6640625
597.0 5.5
598.0 5.6015625
599.0 5.5625
