0.0 3.765625
1.0 3.140625
2.0 3.4453125
3.0 4.921875
4.0 5.0078125
5.0 4.9296875
6.0 4.8984375
7.0 3.1015625
8.0 3.7265625
9.0 6.796875
10.0 7.8984375
11.0 6.3046875
12.0 0.8671875
13.0 6.6484375
14.0 9.7265625
15.0 5.3359375
16.0 4.2421875
17.0 2.640625
18.0 2.8671875
19.0 4.859375
20.0 5.0703125
21.0 3.0390625
22.0 2.25
23.0 2.21875
24.0 2.453125
25.0 1.984375
26.0 6.53125
27.0 3.4609375
28.0 4.0390625
29.0 2.7578125
30.0 5.1953125
31.0 6.0859375
32.0 3.3984375
33.0 4.484375
34.0 4.953125
35.0 6.0859375
36.0 5.9609375
37.0 2.7578125
38.0 7.7890625
39.0 4.171875
40.0 5.75
41.0 6.59375
42.0 3.265625
43.0 3.46875
44.0 5.796875
45.0 5.828125
46.0 2.484375
47.0 2.0390625
48.0 4.203125
49.0 6.125
50.0 4.4453125
51.0 7.8984375
52.0 4.6640625
53.0 6.421875
54.0 6.75
55.0 6.234375
56.0 3.609375
57.0 1.3515625
58.0 5.734375
59.0 6.3671875
60.0 5.2265625
61.0 5.5625
62.0 4.0546875
63.0 6.7734375
64.0 6.6328125
65.0 7.125
66.0 6.765625
67.0 3.96875
68.0 6.3203125
69.0 6.2421875
70.0 2.59375
71.0 8.171875
72.0 3.1328125
73.0 5.2265625
74.0 6.2578125
75.0 5.9921875
76.0 5.0703125
77.0 3.796875
78.0 2.4921875
79.0 9.3671875
80.0 7.0078125
81.0 5.3203125
82.0 2.546875
83.0 2.5078125
84.0 1.8203125
85.0 8.3125
86.0 6.5625
87.0 3.7578125
88.0 5.734375
89.0 7.6953125
90.0 7.9453125
91.0 6.765625
92.0 4.1171875
93.0 5.0078125
94.0 7.0703125
95.0 7.515625
96.0 6.0625
97.0 3.53125
98.0 1.0546875
99.0 8.0625
100.0 7.4375
101.0 6.796875
102.0 4.484375
103.0 6.1875
104.0 7.3046875
105.0 6.921875
106.0 6.125
107.0 3.625
108.0 4.7109375
109.0 6.8359375
110.0 7.015625
111.0 5.9296875
112.0 2.7734375
113.0 3.28125
114.0 4.2109375
115.0 2.3125
116.0 7.90625
117.0 3.078125
118.0 3.3984375
119.0 4.5703125
120.0 5.796875
121.0 6.2578125
122.0 3.578125
123.0 0.359375
124.0 8.6015625
125.0 4.890625
126.0 4.7578125
127.0 0.125
128.0 6.171875
129.0 4.75
130.0 5.0703125
131.0 4.859375
132.0 3.734375
133.0 5.2734375
134.0 5.0703125
135.0 7.2578125
136.0 7.546875
137.0 3.7890625
138.0 2.0859375
139.0 8.9453125
140.0 8.2109375
141.0 6.8671875
142.0 3.4921875
143.0 2.6640625
144.0 7.2578125
145.0 4.90625
146.0 3.765625
147.0 2.984375
148.0 4.53125
149.0 7.6875
150.0 8.2421875
151.0 5.9453125
152.0 3.4609375
153.0 3.0234375
154.0 6.1171875
155.0 7.578125
156.0 7.2265625
157.0 2.21875
158.0 5.7109375
159.0 6.2578125
160.0 6.0234375
161.0 6.75
162.0 3.609375
163.0 2.8671875
164.0 7.578125
165.0 6.6171875
166.0 4.8984375
167.0 2.4921875
168.0 6.78125
169.0 7.359375
170.0 7.0078125
171.0 5.0078125
172.0 4.15625
173.0 4.265625
174.0 6.4765625
175.0 7.40625
176.0 7.65625
177.0 3.875
178.0 4.6875
179.0 6.453125
180.0 6.7421875
181.0 4.0703125
182.0 3.4375
183.0 1.8515625
184.0 9.25
185.0 6.65625
186.0 6.0859375
187.0 4.21875
188.0 6.7734375
189.0 6.9765625
190.0 7.0078125
191.0 7.65625
192.0 4.03125
193.0 2.84375
194.0 9.5234375
195.0 6.828125
196.0 6.0390625
197.0 2.28125
198.0 1.859375
199.0 5.2734375
200.0 10.1953125
201.0 7.0625
202.0 4.296875
203.0 6.15625
204.0 7.1015625
205.0 6.6484375
206.0 7.28125
207.0 4.1171875
208.0 4.0
209.0 6.0078125
210.0 5.6328125
211.0 6.7421875
212.0 4.265625
213.0 6.2109375
214.0 7.453125
215.0 6.2890625
216.0 5.9296875
217.0 5.34375
218.0 5.203125
219.0 6.7109375
220.0 7.5703125
221.0 7.0390625
222.0 7.5703125
223.0 7.5390625
224.0 6.71875
225.0 6.3359375
226.0 6.2578125
227.0 6.703125
228.0 6.0859375
229.0 7.21875
230.0 6.0390625
231.0 0.8984375
232.0 9.0625
233.0 4.7578125
234.0 3.7421875
235.0 2.890625
236.0 2.0859375
237.0 5.28125
238.0 3.578125
239.0 3.203125
240.0 5.140625
241.0 6.9140625
242.0 5.7890625
243.0 5.1640625
244.0 3.671875
245.0 4.7578125
246.0 5.3671875
247.0 4.3203125
248.0 4.0390625
249.0 2.5703125
250.0 0.0
251.0 0.140625
252.0 6.765625
253.0 7.5078125
254.0 3.59375
255.0 4.0546875
256.0 5.9453125
257.0 3.8828125
258.0 3.1953125
259.0 1.796875
260.0 1.796875
261.0 2.609375
262.0 2.1171875
263.0 2.1875
264.0 2.984375
265.0 3.8828125
266.0 6.3359375
267.0 6.3359375
268.0 6.78125
269.0 4.0390625
270.0 3.7578125
271.0 0.0
272.0 8.828125
273.0 2.953125
274.0 2.8515625
275.0 3.296875
276.0 2.953125
277.0 4.453125
278.0 2.546875
279.0 1.734375
280.0 3.1171875
281.0 3.859375
282.0 8.8359375
283.0 4.1328125
284.0 1.796875
285.0 1.65625
286.0 4.71875
287.0 3.578125
288.0 2.8671875
289.0 2.0859375
290.0 2.3984375
291.0 3.140625
292.0 3.5234375
293.0 0.0
294.0 5.7578125
295.0 3.0
296.0 4.8359375
297.0 6.6328125
298.0 5.4375
299.0 4.9453125
300.0 5.96875
301.0 6.2890625
302.0 7.7578125
303.0 7.2421875
304.0 2.3984375
305.0 3.1328125
306.0 7.96875
307.0 4.2734375
308.0 7.6328125
309.0 4.453125
310.0 6.390625
311.0 7.2265625
312.0 6.9453125
313.0 6.828125
314.0 6.4765625
315.0 8.1796875
316.0 7.5859375
317.0 7.78125
318.0 3.7890625
319.0 2.8203125
320.0 3.46875
321.0 0.9296875
322.0 6.0390625
323.0 2.9296875
324.0 2.4140625
325.0 2.8203125
326.0 3.796875
327.0 2.96875
328.0 2.2109375
329.0 1.3828125
330.0 0.0
331.0 2.953125
332.0 4.6875
333.0 3.1484375
334.0 2.578125
335.0 3.265625
336.0 2.1953125
337.0 2.1015625
338.0 2.6328125
339.0 1.953125
340.0 1.796875
341.0 1.9375
342.0 1.640625
343.0 1.5546875
344.0 0.703125
345.0 0.0
346.0 4.9609375
347.0 2.125
348.0 1.8984375
349.0 1.5
350.0 1.8515625
351.0 2.1328125
352.0 1.96875
353.0 1.765625
354.0 1.3203125
355.0 0.0
356.0 0.0
357.0 5.8203125
358.0 2.0703125
359.0 1.4375
360.0 1.5703125
361.0 2.0
362.0 1.6875
363.0 2.1171875
364.0 1.8984375
365.0 1.765625
366.0 2.2734375
367.0 3.109375
368.0 3.84375
369.0 2.4296875
370.0 0.0
371.0 7.9453125
372.0 3.671875
373.0 2.953125
374.0 2.359375
375.0 0.0078125
376.0 8.0625
377.0 6.125
378.0 6.265625
379.0 3.1484375
380.0 5.3046875
381.0 5.671875
382.0 6.0859375
383.0 5.96875
384.0 2.4296875
385.0 5.046875
386.0 7.5703125
387.0 6.7421875
388.0 6.59375
389.0 1.3125
390.0 7.5703125
391.0 7.9296875
392.0 7.8125
393.0 6.234375
394.0 3.34375
395.0 10.375
396.0 8.8515625
397.0 8.359375
398.0 7.5546875
399.0 5.640625
400.0 6.2734375
401.0 6.0234375
402.0 5.796875
403.0 7.5703125
404.0 5.21875
405.0 6.8125
406.0 3.171875
407.0 12.015625
408.0 8.0234375
409.0 5.140625
410.0 7.421875
411.0 8.921875
412.0 8.7421875
413.0 7.1875
414.0 3.3828125
415.0 7.609375
416.0 5.765625
417.0 6.9296875
418.0 7.6953125
419.0 3.9140625
420.0 5.453125
421.0 4.8125
422.0 8.015625
423.0 5.4296875
424.0 4.484375
425.0 7.0078125
426.0 8.203125
427.0 6.484375
428.0 6.6640625
429.0 4.578125
430.0 5.21875
431.0 5.421875
432.0 6.421875
433.0 5.109375
434.0 3.609375
435.0 6.2734375
436.0 7.375
437.0 8.0859375
438.0 7.5703125
439.0 3.2578125
440.0 8.8671875
441.0 4.8125
442.0 9.453125
443.0 4.0625
444.0 4.9296875
445.0 3.21875
446.0 4.5078125
447.0 4.9296875
448.0 6.234375
449.0 4.3359375
450.0 5.53125
451.0 6.4140625
452.0 6.3359375
453.0 5.34375
454.0 3.9765625
455.0 3.546875
456.0 6.46875
457.0 6.2734375
458.0 2.09375
459.0 8.7109375
460.0 4.5625
461.0 7.375
462.0 2.609375
463.0 8.171875
464.0 2.65625
465.0 3.3828125
466.0 4.71875
467.0 0.734375
468.0 1.328125
469.0 3.2265625
470.0 5.0859375
471.0 5.4296875
472.0 5.4921875
473.0 3.3515625
474.0 4.6015625
475.0 5.7265625
476.0 4.7421875
477.0 4.234375
478.0 4.8125
479.0 3.7734375
480.0 5.15625
481.0 7.1953125
482.0 6.1796875
483.0 5.1640625
484.0 2.953125
485.0 1.5703125
486.0 6.765625
487.0 5.8125
488.0 4.1171875
489.0 1.296875
490.0 1.984375
491.0 4.3671875
492.0 6.796875
493.0 4.5703125
494.0 5.7109375
495.0 4.0390625
496.0 5.2734375
497.0 6.6640625
498.0 5.0546875
499.0 4.203125
500.0 4.8984375
501.0 3.7109375
502.0 4.203125
503.0 3.6796875
504.0 2.9921875
505.0 3.5234375
506.0 1.0234375
507.0 6.1484375
508.0 4.59375
509.0 1.9140625
510.0 1.7109375
511.0 3.0390625
512.0 2.3046875
513.0 0.0
514.0 5.2734375
515.0 1.8984375
516.0 3.296875
517.0 3.6796875
518.0 3.3984375
519.0 1.8828125
520.0 2.1171875
521.0 2.59375
522.0 3.4453125
523.0 2.390625
524.0 1.4375
525.0 1.71875
526.0 1.140625
527.0 0.0
528.0 4.984375
529.0 2.1640625
530.0 2.0390625
531.0 4.2109375
532.0 6.265625
533.0 3.875
534.0 2.4140625
535.0 1.9453125
536.0 4.890625
537.0 6.171875
538.0 5.046875
539.0 1.828125
540.0 2.890625
541.0 1.9765625
542.0 3.328125
543.0 3.921875
544.0 2.5078125
545.0 4.390625
546.0 4.515625
547.0 4.3984375
548.0 2.1796875
549.0 5.3828125
550.0 3.59375
551.0 2.9296875
552.0 5.453125
553.0 5.6953125
554.0 3.8828125
555.0 3.171875
556.0 9.1328125
557.0 6.6171875
558.0 4.796875
559.0 1.765625
560.0 3.2265625
561.0 4.828125
562.0 3.0703125
563.0 2.265625
564.0 1.8046875
565.0 1.2265625
566.0 1.03125
567.0 1.265625
568.0 1.6875
569.0 3.3125
570.0 2.5625
571.0 4.828125
572.0 5.15625
573.0 5.3203125
574.0 4.0546875
575.0 4.390625
576.0 6.140625
577.0 4.7265625
578.0 4.890625
579.0 2.84375
580.0 0.5859375
581.0 5.0703125
582.0 6.265625
583.0 5.6484375
584.0 2.4453125
585.0 2.71875
586.0 4.6015625
587.0 5.46875
588.0 5.2265625
589.0 2.421875
590.0 3.6171875
591.0 6.1796875
592.0 4.0234375
593.0 1.96875
594.0 0.0
595.0 6.09375
596.0 3.3203125
597.0 4.7578125
598.0 5.0703125
599.0 3.1484375
