0.0 0.28125
1.0 0.0
2.0 4.4765625
3.0 2.4296875
4.0 2.2734375
5.0 3.0
6.0 3.5546875
7.0 2.96875
8.0 2.7421875
9.0 3.3984375
10.0 3.46875
11.0 2.2421875
12.0 1.7890625
13.0 2.4921875
14.0 2.8046875
15.0 2.4140625
16.0 0.453125
17.0 4.7734375
18.0 2.8359375
19.0 3.1484375
20.0 2.921875
21.0 2.7734375
22.0 2.390625
23.0 0.03125
24.0 5.9921875
25.0 2.4453125
26.0 2.8046875
27.0 2.375
28.0 2.953125
29.0 2.8125
30.0 2.65625
31.0 2.1796875
32.0 1.8515625
33.0 2.96875
34.0 3.265625
35.0 3.21875
36.0 1.359375
37.0 0.0
38.0 5.6328125
39.0 1.53125
40.0 0.4921875
41.0 1.1171875
42.0 1.9375
43.0 2.4296875
44.0 3.1796875
45.0 2.78125
46.0 2.28125
47.0 2.015625
48.0 2.265625
49.0 3.1015625
50.0 2.7421875
51.0 0.0
52.0 6.0
53.0 3.0234375
54.0 2.7421875
55.0 3.1640625
56.0 2.328125
57.0 0.0
58.0 7.25
59.0 3.3984375
60.0 3.609375
61.0 3.3828125
62.0 3.65625
63.0 3.578125
64.0 3.4609375
65.0 3.59375
66.0 3.4296875
67.0 3.328125
68.0 2.9609375
69.0 0.453125
70.0 4.6015625
71.0 3.0546875
72.0 2.6640625
73.0 2.8671875
74.0 3.25
75.0 3.25
76.0 3.6953125
77.0 3.328125
78.0 2.234375
79.0 0.0
80.0 7.671875
81.0 3.078125
82.0 3.1953125
83.0 2.09375
84.0 4.484375
85.0 2.921875
86.0 2.5390625
87.0 2.7109375
88.0 3.1171875
89.0 3.5625
90.0 3.0390625
91.0 2.8125
92.0 2.6328125
93.0 1.65625
94.0 0.0
95.0 5.640625
96.0 0.5078125
97.0 2.0
98.0 0.9140625
99.0 0.9609375
100.0 1.4765625
101.0 2.2109375
102.0 3.96875
103.0 3.7109375
104.0 4.125
105.0 4.125
106.0 3.3984375
107.0 0.0
108.0 5.9296875
109.0 0.78125
110.0 0.5859375
111.0 2.15625
112.0 2.8515625
113.0 0.0
114.0 7.8515625
115.0 3.875
116.0 3.3828125
117.0 3.203125
118.0 3.921875
119.0 2.8359375
120.0 3.1015625
121.0 1.28125
122.0 1.6484375
123.0 3.796875
124.0 4.125
125.0 3.6953125
126.0 0.40625
127.0 8.1640625
128.0 4.234375
129.0 4.359375
130.0 4.3359375
131.0 4.3359375
132.0 4.359375
133.0 3.921875
134.0 0.765625
135.0 6.65625
136.0 3.953125
137.0 4.03125
138.0 4.171875
139.0 2.1796875
140.0 3.296875
141.0 4.3359375
142.0 3.0390625
143.0 3.5546875
144.0 3.4140625
145.0 1.9453125
146.0 0.9609375
147.0 0.0
148.0 7.46875
149.0 3.546875
150.0 3.671875
151.0 3.4140625
152.0 4.15625
153.0 4.0625
154.0 4.5625
155.0 4.2109375
156.0 4.1328125
157.0 4.0
158.0 3.5546875
159.0 1.3125
160.0 6.515625
161.0 2.75
162.0 1.9765625
163.0 2.2109375
164.0 2.7734375
165.0 0.4609375
166.0 4.828125
167.0 2.09375
168.0 2.2109375
169.0 4.3984375
170.0 4.7578125
171.0 4.78125
172.0 4.5625
173.0 1.015625
174.0 7.6328125
175.0 4.3984375
176.0 4.75
177.0 4.6953125
178.0 4.9453125
179.0 4.7109375
180.0 4.78125
181.0 4.5078125
182.0 3.8515625
183.0 3.7109375
184.0 3.96875
185.0 4.2421875
186.0 3.65625
187.0 5.2265625
188.0 4.5078125
189.0 4.0234375
190.0 3.7734375
191.0 3.96875
192.0 3.625
193.0 1.046875
194.0 7.359375
195.0 4.4140625
196.0 3.90625
197.0 4.234375
198.0 4.359375
199.0 3.9140625
200.0 3.7109375
201.0 3.703125
202.0 3.3125
203.0 3.25
204.0 3.7421875
205.0 2.890625
206.0 0.0
207.0 6.3359375
208.0 3.828125
209.0 3.3828125
210.0 3.171875
211.0 2.5078125
212.0 4.75
213.0 3.3828125
214.0 3.4375
215.0 2.6875
216.0 4.8359375
217.0 2.25
218.0 4.7578125
219.0 3.59375
220.0 3.7421875
221.0 2.265625
222.0 4.7578125
223.0 4.09375
224.0 3.515625
225.0 3.2578125
226.0 2.5234375
227.0 3.28125
228.0 3.4375
229.0 2.3671875
230.0 3.7734375
231.0 0.9453125
232.0 1.8671875
233.0 0.453125
234.0 1.625
235.0 1.6796875
236.0 1.4921875
237.0 0.9140625
238.0 1.921875
239.0 1.8359375
240.0 1.7578125
241.0 1.765625
242.0 1.6796875
243.0 1.5703125
244.0 2.0
245.0 2.265625
246.0 1.828125
247.0 0.484375
248.0 0.0
249.0 0.0
250.0 5.859375
251.0 1.7734375
252.0 1.765625
253.0 1.8203125
254.0 1.703125
255.0 1.828125
256.0 1.890625
257.0 0.765625
258.0 0.0
259.0 6.8359375
260.0 3.140625
261.0 1.375
262.0 1.2890625
263.0 1.765625
264.0 1.140625
265.0 1.171875
266.0 1.8671875
267.0 1.953125
268.0 2.1796875
269.0 2.015625
270.0 2.96875
271.0 2.359375
272.0 0.0
273.0 6.6875
274.0 4.1484375
275.0 3.90625
276.0 3.921875
277.0 2.6328125
278.0 0.0
279.0 7.2890625
280.0 4.03125
281.0 4.15625
282.0 3.8046875
283.0 1.6796875
284.0 6.5
285.0 4.0390625
286.0 3.9453125
287.0 3.7109375
288.0 3.4765625
289.0 3.3125
290.0 3.375
291.0 4.1796875
292.0 3.5234375
293.0 3.7421875
294.0 3.609375
295.0 3.7109375
296.0 4.1015625
297.0 2.3984375
298.0 0.9296875
299.0 7.7265625
300.0 1.34375
301.0 3.5546875
302.0 3.609375
303.0 3.7265625
304.0 4.0078125
305.0 4.03125
306.0 3.8203125
307.0 3.5546875
308.0 3.28125
309.0 3.9375
310.0 2.890625
311.0 0.0
312.0 7.875
313.0 4.0703125
314.0 4.0234375
315.0 3.765625
316.0 1.8359375
317.0 5.7109375
318.0 3.96875
319.0 4.09375
320.0 3.5546875
321.0 3.875
322.0 3.9765625
323.0 3.875
324.0 3.578125
325.0 3.171875
326.0 4.0625
327.0 4.1875
328.0 3.84375
329.0 0.7578125
330.0 6.5859375
331.0 3.3671875
332.0 3.2890625
333.0 3.8515625
334.0 3.84375
335.0 3.515625
336.0 0.390625
337.0 6.4375
338.0 3.53125
339.0 3.265625
340.0 3.9140625
341.0 3.5546875
342.0 4.03125
343.0 4.3046875
344.0 4.5390625
345.0 3.7265625
346.0 4.3515625
347.0 4.1171875
348.0 4.4453125
349.0 4.5703125
350.0 0.6015625
351.0 7.9453125
352.0 3.875
353.0 3.515625
354.0 0.0
355.0 8.359375
356.0 3.90625
357.0 3.4609375
358.0 3.0546875
359.0 2.328125
360.0 1.7578125
361.0 1.3125
362.0 0.0
363.0 4.625
364.0 2.6640625
365.0 3.96875
366.0 3.8828125
367.0 3.4453125
368.0 3.6484375
369.0 3.84375
370.0 3.90625
371.0 3.6484375
372.0 3.59375
373.0 3.4453125
374.0 3.734375
375.0 3.59375
376.0 1.5078125
377.0 5.4921875
378.0 3.5546875
379.0 3.34375
380.0 3.46875
381.0 3.796875
382.0 1.765625
383.0 4.890625
384.0 3.9921875
385.0 3.109375
386.0 5.578125
387.0 4.25
388.0 4.5390625
389.0 4.3828125
390.0 4.65625
391.0 4.3828125
392.0 4.359375
393.0 3.90625
394.0 3.5234375
395.0 4.484375
396.0 4.421875
397.0 4.609375
398.0 4.09375
399.0 4.0
400.0 3.0234375
401.0 4.328125
402.0 4.390625
403.0 4.7109375
404.0 4.453125
405.0 1.703125
406.0 6.828125
407.0 5.3046875
408.0 4.953125
409.0 4.5703125
410.0 1.640625
411.0 8.4375
412.0 5.0078125
413.0 4.1875
414.0 4.1328125
415.0 4.2421875
416.0 4.03125
417.0 3.890625
418.0 3.84375
419.0 3.8203125
420.0 4.0234375
421.0 0.8359375
422.0 7.5703125
423.0 3.7421875
424.0 0.125
425.0 6.6171875
426.0 3.9921875
427.0 3.7421875
428.0 3.734375
429.0 4.75
430.0 4.65625
431.0 4.1015625
432.0 4.4765625
433.0 4.4296875
434.0 4.1171875
435.0 3.875
436.0 2.015625
437.0 0.8046875
438.0 0.0
439.0 8.703125
440.0 4.296875
441.0 4.796875
442.0 4.8046875
443.0 4.8984375
444.0 4.4765625
445.0 4.21875
446.0 4.1484375
447.0 4.359375
448.0 5.1015625
449.0 4.296875
450.0 3.7265625
451.0 1.0234375
452.0 3.734375
453.0 6.359375
454.0 5.1328125
455.0 3.34375
456.0 4.328125
457.0 3.546875
458.0 0.0078125
459.0 8.1484375
460.0 3.4921875
461.0 3.65625
462.0 3.96875
463.0 3.7109375
464.0 3.640625
465.0 3.1484375
466.0 2.8671875
467.0 3.1484375
468.0 3.25
469.0 0.1953125
470.0 7.2265625
471.0 4.421875
472.0 4.484375
473.0 4.203125
474.0 4.03125
475.0 4.0859375
476.0 3.625
477.0 3.59375
478.0 3.9375
479.0 4.1875
480.0 1.8515625
481.0 5.3671875
482.0 3.875
483.0 4.4453125
484.0 4.1171875
485.0 4.46875
486.0 4.3515625
487.0 4.125
488.0 4.4453125
489.0 5.46875
490.0 5.140625
491.0 4.8984375
492.0 2.921875
493.0 6.03125
494.0 5.171875
495.0 5.171875
496.0 5.484375
497.0 4.2734375
498.0 2.265625
499.0 0.0
500.0 8.203125
501.0 3.375
502.0 3.8046875
503.0 4.421875
504.0 4.71875
505.0 4.6484375
506.0 4.1171875
507.0 3.171875
508.0 4.953125
509.0 3.8828125
510.0 3.7734375
511.0 3.828125
512.0 3.5
513.0 3.5234375
514.0 3.265625
515.0 3.2890625
516.0 3.34375
517.0 4.0703125
518.0 4.421875
519.0 4.453125
520.0 3.328125
521.0 4.875
522.0 3.9140625
523.0 3.59375
524.0 3.4375
525.0 4.21875
526.0 4.4453125
527.0 4.7578125
528.0 4.75
529.0 4.78125
530.0 4.5390625
531.0 0.75
532.0 8.5703125
533.0 3.59375
534.0 4.515625
535.0 4.09375
536.0 3.703125
537.0 1.859375
538.0 0.0
539.0 7.9375
540.0 1.171875
541.0 4.9296875
542.0 2.046875
543.0 2.3359375
544.0 4.1015625
545.0 3.640625
546.0 3.7578125
547.0 3.4375
548.0 2.21875
549.0 2.4765625
550.0 3.6796875
551.0 4.515625
552.0 4.609375
553.0 4.8125
554.0 0.2578125
555.0 9.0703125
556.0 4.5625
557.0 4.7578125
558.0 4.53125
559.0 4.3984375
560.0 3.5546875
561.0 1.640625
562.0 0.0
563.0 6.5625
564.0 4.53125
565.0 4.6953125
566.0 4.8125
567.0 4.8984375
568.0 4.9296875
569.0 4.578125
570.0 4.4765625
571.0 4.4453125
572.0 4.75
573.0 4.28125
574.0 2.1640625
575.0 6.453125
576.0 3.7421875
577.0 2.9609375
578.0 2.3671875
579.0 3.7890625
580.0 3.8828125
581.0 4.5
582.0 4.3359375
583.0 4.3671875
584.0 4.7109375
585.0 4.8984375
586.0 4.65625
587.0 5.1875
588.0 4.171875
589.0 4.4765625
590.0 5.015625
591.0 4.8984375
592.0 3.90625
593.0 0.5234375
594.0 8.796875
595.0 3.5
596.0 3.609375
597.0 3.7421875
598.0 4.125
599.0 4.203125
