0.0 3.859375
1.0 4.515625
2.0 4.9921875
3.0 5.015625
4.0 4.9453125
5.0 4.5703125
6.0 4.5703125
7.0 4.75
8.0 4.296875
9.0 4.515625
10.0 4.6953125
11.0 4.4296875
12.0 1.921875
13.0 7.734375
14.0 4.6328125
15.0 5.1875
16.0 4.828125
17.0 4.9921875
18.0 0.2890625
19.0 8.6484375
20.0 5.203125
21.0 4.1796875
22.0 5.1640625
23.0 4.78125
24.0 4.53125
25.0 5.15625
26.0 5.1640625
27.0 4.9296875
28.0 4.9921875
29.0 4.9609375
30.0 4.265625
31.0 0.0
32.0 9.1484375
33.0 4.4140625
34.0 4.6015625
35.0 4.8046875
36.0 4.171875
37.0 0.0
38.0 9.6953125
39.0 4.9609375
40.0 4.6015625
41.0 4.8046875
42.0 4.3984375
43.0 4.6875
44.0 4.4296875
45.0 4.5390625
46.0 4.6015625
47.0 4.2734375
48.0 1.828125
49.0 0.34375
50.0 0.0
51.0 7.3046875
52.0 3.7265625
53.0 2.7109375
54.0 2.671875
55.0 3.9765625
56.0 4.625
57.0 0.578125
58.0 6.140625
59.0 3.0546875
60.0 2.453125
61.0 4.4296875
62.0 4.390625
63.0 1.2890625
64.0 7.671875
65.0 4.0234375
66.0 2.890625
67.0 4.21875
68.0 4.5
69.0 3.7890625
70.0 0.875
71.0 7.34375
72.0 4.5
73.0 4.03125
74.0 3.953125
75.0 4.2109375
76.0 4.390625
77.0 3.4140625
78.0 4.3828125
79.0 3.4140625
80.0 4.3515625
81.0 4.03125
82.0 4.171875
83.0 4.21875
84.0 4.1875
85.0 3.609375
86.0 3.6484375
87.0 5.0078125
88.0 4.7109375
89.0 3.4921875
90.0 4.359375
91.0 4.3203125
92.0 3.3515625
93.0 4.5078125
94.0 5.28125
95.0 3.671875
96.0 4.0703125
97.0 4.9921875
98.0 4.28125
99.0 4.84375
100.0 4.203125
101.0 5.46875
102.0 5.671875
103.0 5.5625
104.0 6.0390625
105.0 5.6171875
106.0 5.015625
107.0 4.234375
108.0 5.109375
109.0 1.5625
110.0 8.734375
111.0 3.328125
112.0 6.6328125
113.0 5.0390625
114.0 5.0859375
115.0 5.0546875
116.0 5.890625
117.0 5.25
118.0 5.2734375
119.0 4.8359375
120.0 5.234375
121.0 4.328125
122.0 4.5703125
123.0 2.421875
124.0 2.0625
125.0 2.046875
126.0 2.4609375
127.0 2.3671875
128.0 1.828125
129.0 1.7734375
130.0 1.8046875
131.0 0.515625
132.0 0.0
133.0 5.828125
134.0 2.2734375
135.0 2.3359375
136.0 2.2734375
137.0 2.2421875
138.0 2.125
139.0 2.5390625
140.0 0.03125
141.0 4.390625
142.0 2.0859375
143.0 2.1875
144.0 2.453125
145.0 4.25
146.0 2.8671875
147.0 6.796875
148.0 4.8359375
149.0 4.6328125
150.0 4.828125
151.0 4.3203125
152.0 4.1171875
153.0 4.6015625
154.0 4.75
155.0 3.34375
156.0 5.2265625
157.0 4.5
158.0 5.0390625
159.0 5.25
160.0 5.171875
161.0 4.8046875
162.0 4.7578125
163.0 5.0546875
164.0 5.1015625
165.0 4.828125
166.0 4.515625
167.0 4.546875
168.0 4.8359375
169.0 4.7421875
170.0 2.3359375
171.0 6.265625
172.0 4.1015625
173.0 3.34375
174.0 1.2421875
175.0 6.328125
176.0 4.3046875
177.0 4.0
178.0 3.9921875
179.0 4.15625
180.0 3.015625
181.0 3.0
182.0 4.5625
183.0 1.2890625
184.0 7.6171875
185.0 5.34375
186.0 5.1875
187.0 4.546875
188.0 2.7734375
189.0 2.2421875
190.0 2.1484375
191.0 2.484375
192.0 1.7421875
193.0 1.71875
194.0 1.734375
195.0 1.671875
196.0 1.5703125
197.0 1.640625
198.0 0.0
199.0 4.9453125
200.0 0.28125
201.0 0.0
202.0 4.6015625
203.0 1.921875
204.0 2.3046875
205.0 2.3359375
206.0 2.1015625
207.0 2.3046875
208.0 1.921875
209.0 1.8203125
210.0 2.125
211.0 2.0
212.0 1.7578125
213.0 1.8359375
214.0 2.0
215.0 2.09375
216.0 1.71875
217.0 0.0
218.0 6.234375
219.0 3.4921875
220.0 3.6796875
221.0 2.1484375
222.0 0.8828125
223.0 0.0
224.0 4.6328125
225.0 2.9375
226.0 3.7109375
227.0 3.21875
228.0 2.1953125
229.0 3.9140625
230.0 3.53125
231.0 3.4140625
232.0 3.40625
233.0 3.40625
234.0 3.6953125
235.0 4.25
236.0 4.1484375
237.0 3.890625
238.0 3.7265625
239.0 3.546875
240.0 3.765625
241.0 3.609375
242.0 3.9375
243.0 3.796875
244.0 1.171875
245.0 5.40625
246.0 3.3828125
247.0 2.6875
248.0 4.421875
249.0 4.0859375
250.0 4.1484375
251.0 3.21875
252.0 3.7109375
253.0 3.171875
254.0 3.3515625
255.0 3.1484375
256.0 3.9921875
257.0 4.625
258.0 3.828125
259.0 0.6640625
260.0 6.8828125
261.0 4.1875
262.0 3.53125
263.0 3.7109375
264.0 3.9921875
265.0 3.953125
266.0 3.9921875
267.0 3.8203125
268.0 4.09375
269.0 4.0859375
270.0 3.9375
271.0 4.171875
272.0 4.1015625
273.0 4.203125
274.0 0.2734375
275.0 8.046875
276.0 4.1484375
277.0 3.953125
278.0 3.96875
279.0 0.765625
280.0 7.8203125
281.0 4.3203125
282.0 4.1875
283.0 4.3046875
284.0 3.8828125
285.0 3.828125
286.0 3.9140625
287.0 3.7421875
288.0 0.34375
289.0 6.4453125
290.0 3.9921875
291.0 4.578125
292.0 4.46875
293.0 4.515625
294.0 5.171875
295.0 4.546875
296.0 4.0703125
297.0 4.1171875
298.0 2.59375
299.0 4.0625
300.0 4.4140625
301.0 4.75
302.0 3.703125
303.0 4.359375
304.0 4.609375
305.0 4.5625
306.0 4.65625
307.0 4.1171875
308.0 4.6953125
309.0 5.046875
310.0 4.859375
311.0 4.65625
312.0 4.171875
313.0 0.1953125
314.0 8.5859375
315.0 4.390625
316.0 4.984375
317.0 4.21875
318.0 1.734375
319.0 4.71875
320.0 4.90625
321.0 4.4453125
322.0 5.234375
323.0 5.3359375
324.0 4.6796875
325.0 4.828125
326.0 4.4296875
327.0 4.9609375
328.0 4.78125
329.0 4.828125
330.0 4.890625
331.0 5.0078125
332.0 5.2890625
333.0 4.796875
334.0 1.984375
335.0 7.7890625
336.0 4.7265625
337.0 4.6484375
338.0 4.6953125
339.0 4.0859375
340.0 0.5703125
341.0 0.0
342.0 6.265625
343.0 1.9140625
344.0 1.5390625
345.0 0.9375
346.0 1.2265625
347.0 1.5390625
348.0 0.9453125
349.0 0.5859375
350.0 0.90625
351.0 1.1484375
352.0 1.59375
353.0 1.4609375
354.0 0.6953125
355.0 0.0
356.0 4.78125
357.0 1.1796875
358.0 1.609375
359.0 3.1328125
360.0 2.484375
361.0 1.65625
362.0 1.4921875
363.0 0.390625
364.0 0.0
365.0 6.65625
366.0 2.2421875
367.0 3.078125
368.0 2.2734375
369.0 2.359375
370.0 2.1953125
371.0 0.6015625
372.0 1.4609375
373.0 2.2109375
374.0 1.640625
375.0 1.078125
376.0 2.78125
377.0 3.6171875
378.0 0.375
379.0 0.0
380.0 5.734375
381.0 1.296875
382.0 2.7265625
383.0 2.875
384.0 2.3046875
385.0 0.3671875
386.0 0.0
387.0 5.8515625
388.0 0.5546875
389.0 3.5625
390.0 1.3125
391.0 2.046875
392.0 1.6484375
393.0 1.8671875
394.0 1.265625
395.0 1.734375
396.0 2.3125
397.0 1.5
398.0 1.6875
399.0 1.1796875
400.0 2.640625
401.0 3.625
402.0 2.1953125
403.0 0.453125
404.0 5.9765625
405.0 4.0234375
406.0 4.1875
407.0 4.03125
408.0 1.7109375
409.0 2.0078125
410.0 3.4765625
411.0 2.28125
412.0 5.0390625
413.0 3.5625
414.0 2.8203125
415.0 2.2421875
416.0 1.09375
417.0 1.0625
418.0 1.1328125
419.0 1.65625
420.0 2.359375
421.0 2.6328125
422.0 2.1328125
423.0 2.7734375
424.0 2.015625
425.0 0.0
426.0 4.609375
427.0 3.0703125
428.0 2.71875
429.0 1.921875
430.0 1.421875
431.0 1.9140625
432.0 2.5390625
433.0 3.203125
434.0 1.171875
435.0 5.75
436.0 2.8359375
437.0 2.7265625
438.0 2.3046875
439.0 3.921875
440.0 4.6640625
441.0 3.0390625
442.0 2.546875
443.0 3.4921875
444.0 3.140625
445.0 3.0
446.0 2.59375
447.0 2.5078125
448.0 5.046875
449.0 2.671875
450.0 2.625
451.0 3.3515625
452.0 2.25
453.0 1.8046875
454.0 1.65625
455.0 0.0
456.0 5.2734375
457.0 1.8671875
458.0 1.1328125
459.0 1.7890625
460.0 2.1484375
461.0 2.234375
462.0 2.453125
463.0 3.0234375
464.0 3.6953125
465.0 2.8046875
466.0 1.9765625
467.0 3.265625
468.0 2.7734375
469.0 0.9375
470.0 7.65625
471.0 3.578125
472.0 3.5234375
473.0 3.7734375
474.0 3.7265625
475.0 2.4765625
476.0 4.9296875
477.0 4.0625
478.0 4.4765625
479.0 5.21875
480.0 4.5703125
481.0 3.546875
482.0 4.125
483.0 4.0078125
484.0 3.9453125
485.0 4.171875
486.0 3.90625
487.0 4.171875
488.0 3.9140625
489.0 3.4765625
490.0 0.75
491.0 6.9765625
492.0 4.3828125
493.0 4.3828125
494.0 4.2109375
495.0 4.328125
496.0 4.4296875
497.0 4.3984375
498.0 4.515625
499.0 4.90625
500.0 5.0703125
501.0 4.9921875
502.0 3.140625
503.0 0.0
504.0 7.34375
505.0 4.6796875
506.0 4.9609375
507.0 2.7734375
508.0 6.9453125
509.0 5.40625
510.0 2.59375
511.0 6.796875
512.0 3.34375
513.0 4.828125
514.0 4.625
515.0 4.3828125
516.0 5.078125
517.0 4.546875
518.0 4.6328125
519.0 4.0859375
520.0 2.609375
521.0 1.9765625
522.0 4.4453125
523.0 3.9140625
524.0 3.375
525.0 4.4140625
526.0 5.078125
527.0 3.609375
528.0 2.953125
529.0 0.0
530.0 7.1953125
531.0 3.7421875
532.0 4.125
533.0 4.15625
534.0 4.203125
535.0 2.21875
536.0 4.8671875
537.0 3.59375
538.0 4.0390625
539.0 2.125
540.0 2.5390625
541.0 4.0390625
542.0 3.640625
543.0 3.640625
544.0 4.03125
545.0 3.5234375
546.0 3.671875
547.0 3.328125
548.0 3.1171875
549.0 0.3984375
550.0 7.2109375
551.0 3.5546875
552.0 3.859375
553.0 3.953125
554.0 1.7734375
555.0 6.7109375
556.0 4.03125
557.0 4.203125
558.0 4.203125
559.0 3.953125
560.0 4.25
561.0 3.7421875
562.0 3.4140625
563.0 3.40625
564.0 4.265625
565.0 4.484375
566.0 4.0546875
567.0 2.4609375
568.0 5.546875
569.0 4.1875
570.0 3.515625
571.0 4.1484375
572.0 4.2734375
573.0 2.4609375
574.0 0.0
575.0 7.0390625
576.0 2.296875
577.0 3.140625
578.0 3.0
579.0 3.953125
580.0 3.90625
581.0 3.921875
582.0 4.4765625
583.0 4.1875
584.0 4.515625
585.0 4.1875
586.0 4.2421875
587.0 2.609375
588.0 0.0
589.0 8.234375
590.0 3.46875
591.0 3.7109375
592.0 3.3984375
593.0 0.671875
594.0 5.890625
595.0 2.8046875
596.0 3.515625
597.0 3.3515625
598.0 3.90625
599.0 3.3515625
