0.0 4.9765625
1.0 4.6484375
2.0 5.109375
3.0 5.1953125
4.0 5.109375
5.0 5.171875
6.0 5.171875
7.0 5.1328125
8.0 1.0
9.0 9.453125
10.0 4.9765625
11.0 4.9609375
12.0 4.171875
13.0 5.875
14.0 5.15625
15.0 5.046875
16.0 4.90625
17.0 4.828125
18.0 5.109375
19.0 5.375
20.0 5.1015625
21.0 4.9453125
22.0 5.1328125
23.0 4.8359375
24.0 5.21875
25.0 5.0078125
26.0 1.59375
27.0 8.765625
28.0 5.3515625
29.0 5.15625
30.0 4.25
31.0 6.203125
32.0 4.921875
33.0 4.9921875
34.0 3.84375
35.0 6.1796875
36.0 5.4296875
37.0 4.9609375
38.0 5.0546875
39.0 4.890625
40.0 4.796875
41.0 4.5703125
42.0 4.546875
43.0 4.9609375
44.0 4.7734375
45.0 4.953125
46.0 4.890625
47.0 4.78125
48.0 1.8046875
49.0 8.1796875
50.0 5.15625
51.0 5.140625
52.0 5.109375
53.0 4.75
54.0 1.5390625
55.0 7.96875
56.0 4.8984375
57.0 5.2578125
58.0 4.515625
59.0 5.3359375
60.0 4.75
61.0 5.203125
62.0 4.921875
63.0 4.5
64.0 4.8046875
65.0 4.9609375
66.0 4.9296875
67.0 4.9453125
68.0 4.9765625
69.0 5.015625
70.0 4.9296875
71.0 1.46875
72.0 8.296875
73.0 4.8359375
74.0 4.796875
75.0 5.046875
76.0 4.9296875
77.0 4.75
78.0 4.8984375
79.0 2.453125
80.0 0.671875
81.0 0.0
82.0 0.0
83.0 5.828125
84.0 2.25
85.0 2.1328125
86.0 2.3046875
87.0 2.359375
88.0 2.5625
89.0 2.4453125
90.0 2.265625
91.0 2.34375
92.0 2.359375
93.0 1.9140625
94.0 0.0
95.0 2.6015625
96.0 4.4296875
97.0 2.2109375
98.0 2.0703125
99.0 2.3984375
100.0 2.375
101.0 1.8515625
102.0 0.0
103.0 5.890625
104.0 2.28125
105.0 2.3359375
106.0 4.1484375
107.0 4.8125
108.0 4.71875
109.0 4.921875
110.0 4.9296875
111.0 4.59375
112.0 4.84375
113.0 4.78125
114.0 4.3359375
115.0 2.9375
116.0 0.0
117.0 8.4609375
118.0 5.140625
119.0 4.8984375
120.0 5.0703125
121.0 4.9765625
122.0 4.359375
123.0 0.2578125
124.0 9.296875
125.0 4.3671875
126.0 4.78125
127.0 4.9296875
128.0 4.859375
129.0 4.7421875
130.0 4.7265625
131.0 4.9921875
132.0 4.6953125
133.0 5.015625
134.0 3.3984375
135.0 6.3828125
136.0 5.046875
137.0 5.046875
138.0 5.0078125
139.0 4.75
140.0 4.8984375
141.0 5.0703125
142.0 4.859375
143.0 5.0078125
144.0 5.1640625
145.0 4.921875
146.0 4.921875
147.0 1.6484375
148.0 7.7890625
149.0 4.8046875
150.0 4.625
151.0 3.59375
152.0 5.9375
153.0 5.015625
154.0 4.8125
155.0 5.125
156.0 4.7265625
157.0 4.78125
158.0 4.625
159.0 4.71875
160.0 4.7578125
161.0 5.15625
162.0 5.078125
163.0 4.6015625
164.0 4.0546875
165.0 0.4296875
166.0 9.3671875
167.0 4.78125
168.0 4.8125
169.0 4.890625
170.0 0.4921875
171.0 9.6328125
172.0 4.9765625
173.0 5.21875
174.0 4.953125
175.0 4.890625
176.0 4.7109375
177.0 4.9765625
178.0 4.3828125
179.0 3.3828125
180.0 4.203125
181.0 4.1875
182.0 0.2109375
183.0 8.5546875
184.0 4.28125
185.0 3.7890625
186.0 4.4765625
187.0 0.34375
188.0 7.4921875
189.0 2.8359375
190.0 5.46875
191.0 3.375
192.0 4.28125
193.0 3.5625
194.0 4.21875
195.0 4.4140625
196.0 3.765625
197.0 4.1015625
198.0 4.5
199.0 3.4765625
200.0 2.546875
201.0 2.515625
202.0 2.1171875
203.0 3.7265625
204.0 0.0703125
205.0 7.1015625
206.0 0.0
207.0 7.15625
208.0 0.9375
209.0 3.84375
210.0 3.078125
211.0 4.7578125
212.0 4.6015625
213.0 4.390625
214.0 4.265625
215.0 4.7109375
216.0 4.65625
217.0 4.1796875
218.0 3.5859375
219.0 3.1796875
220.0 0.15625
221.0 7.7890625
222.0 4.0078125
223.0 4.1328125
224.0 2.390625
225.0 6.265625
226.0 3.96875
227.0 3.40625
228.0 3.3984375
229.0 3.3671875
230.0 3.9765625
231.0 4.609375
232.0 4.6328125
233.0 4.6015625
234.0 4.6875
235.0 4.59375
236.0 3.9140625
237.0 0.0
238.0 7.09375
239.0 4.4296875
240.0 4.7734375
241.0 4.625
242.0 4.46875
243.0 4.421875
244.0 3.9140625
245.0 1.609375
246.0 0.0
247.0 0.0
248.0 5.8203125
249.0 4.0546875
250.0 4.3828125
251.0 4.2109375
252.0 4.5390625
253.0 4.75
254.0 4.6953125
255.0 4.9453125
256.0 4.2734375
257.0 3.0703125
258.0 1.828125
259.0 1.5234375
260.0 1.0
261.0 4.7109375
262.0 4.9296875
263.0 4.75
264.0 4.859375
265.0 4.9765625
266.0 4.8046875
267.0 4.75
268.0 4.9765625
269.0 4.6640625
270.0 4.171875
271.0 0.25
272.0 0.0
273.0 6.5703125
274.0 2.296875
275.0 2.4765625
276.0 2.6015625
277.0 2.296875
278.0 1.171875
279.0 2.8515625
280.0 5.0234375
281.0 5.0390625
282.0 4.890625
283.0 5.0234375
284.0 4.9296875
285.0 4.0546875
286.0 5.90625
287.0 4.953125
288.0 4.953125
289.0 5.3203125
290.0 5.2734375
291.0 5.078125
292.0 1.6875
293.0 8.234375
294.0 5.015625
295.0 5.0078125
296.0 4.8984375
297.0 5.0078125
298.0 5.046875
299.0 5.0234375
300.0 5.15625
301.0 5.1640625
302.0 5.078125
303.0 1.3828125
304.0 8.859375
305.0 5.0859375
306.0 5.140625
307.0 5.3125
308.0 5.3046875
309.0 5.3125
310.0 5.375
311.0 5.375
312.0 5.421875
313.0 4.9609375
314.0 4.8984375
315.0 5.078125
316.0 5.28125
317.0 5.203125
318.0 5.6796875
319.0 5.5625
320.0 5.9296875
321.0 6.1484375
322.0 5.3984375
323.0 6.03125
324.0 6.0078125
325.0 5.6796875
326.0 1.5390625
327.0 10.5
328.0 5.7109375
329.0 5.7109375
330.0 5.703125
331.0 5.2734375
332.0 5.25
333.0 5.9140625
334.0 5.3671875
335.0 4.8671875
336.0 4.4765625
337.0 4.65625
338.0 5.046875
339.0 4.921875
340.0 0.2734375
341.0 5.4921875
342.0 3.46875
343.0 5.0078125
344.0 4.875
345.0 5.109375
346.0 5.1640625
347.0 5.0703125
348.0 5.109375
349.0 0.3984375
350.0 9.6015625
351.0 4.5625
352.0 4.921875
353.0 4.5625
354.0 3.9921875
355.0 5.546875
356.0 4.65625
357.0 4.6875
358.0 4.796875
359.0 5.0234375
360.0 4.6953125
361.0 4.9453125
362.0 5.234375
363.0 5.40625
364.0 5.4375
365.0 5.25
366.0 5.3515625
367.0 5.15625
368.0 5.3828125
369.0 5.4296875
370.0 5.3125
371.0 5.234375
372.0 5.5625
373.0 5.0703125
374.0 4.9765625
375.0 4.6875
376.0 1.09375
377.0 10.0859375
378.0 5.1640625
379.0 4.921875
380.0 4.15625
381.0 6.5546875
382.0 5.3046875
383.0 5.1640625
384.0 5.3828125
385.0 5.1640625
386.0 4.8046875
387.0 5.0703125
388.0 5.453125
389.0 5.484375
390.0 5.25
391.0 5.0234375
392.0 2.046875
393.0 8.671875
394.0 5.421875
395.0 5.3984375
396.0 5.5
397.0 5.515625
398.0 5.4609375
399.0 5.5625
400.0 5.0703125
401.0 4.171875
402.0 0.34375
403.0 8.765625
404.0 4.75
405.0 5.0703125
406.0 5.25
407.0 4.7265625
408.0 5.7109375
409.0 4.796875
410.0 4.9453125
411.0 4.65625
412.0 4.953125
413.0 5.1328125
414.0 5.078125
415.0 5.0390625
416.0 5.078125
417.0 5.375
418.0 5.078125
419.0 4.796875
420.0 0.21875
421.0 0.34375
422.0 6.8125
423.0 3.859375
424.0 4.7421875
425.0 5.4375
426.0 5.4921875
427.0 5.3515625
428.0 4.9609375
429.0 0.515625
430.0 9.6328125
431.0 5.4375
432.0 5.3203125
433.0 5.203125
434.0 3.3203125
435.0 6.53125
436.0 4.8671875
437.0 5.015625
438.0 4.890625
439.0 5.2734375
440.0 5.1015625
441.0 5.25
442.0 5.1875
443.0 5.3125
444.0 5.1640625
445.0 2.640625
446.0 3.1015625
447.0 5.171875
448.0 5.1640625
449.0 5.140625
450.0 5.40625
451.0 4.25
452.0 6.1875
453.0 5.3671875
454.0 5.4609375
455.0 5.25
456.0 2.515625
457.0 8.3515625
458.0 5.3984375
459.0 5.046875
460.0 4.7109375
461.0 4.796875
462.0 5.140625
463.0 5.2578125
464.0 5.34375
465.0 5.1640625
466.0 5.3515625
467.0 5.234375
468.0 5.0703125
469.0 5.1328125
470.0 4.7421875
471.0 5.125
472.0 5.0234375
473.0 4.9921875
474.0 4.953125
475.0 1.9140625
476.0 8.1171875
477.0 5.0234375
478.0 4.8359375
479.0 5.0390625
480.0 4.421875
481.0 0.0
482.0 9.953125
483.0 5.0078125
484.0 5.0078125
485.0 4.5078125
486.0 4.125
487.0 4.2109375
488.0 3.4140625
489.0 3.9140625
490.0 4.75
491.0 4.515625
492.0 4.8671875
493.0 0.7265625
494.0 6.65625
495.0 6.296875
496.0 5.1953125
497.0 4.6015625
498.0 3.203125
499.0 2.0625
500.0 3.7421875
501.0 4.65625
502.0 5.0859375
503.0 5.171875
504.0 5.40625
505.0 5.140625
506.0 5.203125
507.0 4.984375
508.0 2.8515625
509.0 0.640625
510.0 9.4453125
511.0 5.3671875
512.0 4.90625
513.0 0.0
514.0 8.859375
515.0 5.5234375
516.0 5.7578125
517.0 5.6484375
518.0 5.2890625
519.0 5.171875
520.0 5.2265625
521.0 5.3359375
522.0 5.15625
523.0 5.25
524.0 5.2890625
525.0 5.0859375
526.0 0.9921875
527.0 8.8984375
528.0 5.28125
529.0 5.1640625
530.0 4.90625
531.0 1.2109375
532.0 9.09375
533.0 5.34375
534.0 5.28125
535.0 5.0546875
536.0 5.40625
537.0 5.2734375
538.0 5.3046875
539.0 5.25
540.0 5.3359375
541.0 5.484375
542.0 3.609375
543.0 7.09375
544.0 5.375
545.0 5.5
546.0 5.203125
547.0 5.3515625
548.0 5.453125
549.0 5.2890625
550.0 5.2578125
551.0 5.40625
552.0 5.15625
553.0 5.2265625
554.0 5.0078125
555.0 4.8359375
556.0 5.25
557.0 4.7109375
558.0 4.921875
559.0 4.71875
560.0 5.140625
561.0 5.1875
562.0 5.203125
563.0 5.171875
564.0 5.3125
565.0 5.3203125
566.0 5.3984375
567.0 5.109375
568.0 5.125
569.0 5.453125
570.0 5.25
571.0 5.28125
572.0 5.515625
573.0 5.4296875
574.0 5.28125
575.0 5.3671875
576.0 5.3125
577.0 2.28125
578.0 8.375
579.0 5.3515625
580.0 4.9296875
581.0 4.7421875
582.0 2.640625
583.0 7.5234375
584.0 5.1953125
585.0 5.1953125
586.0 5.15625
587.0 4.9921875
588.0 4.484375
589.0 3.796875
590.0 4.796875
591.0 5.140625
592.0 5.1875
593.0 5.0859375
594.0 5.2890625
595.0 3.96875
596.0 6.40625
597.0 5.25
598.0 5.4921875
599.0 5.4921875
