0.0 5.15625
1.0 5.3671875
2.0 5.3671875
3.0 5.421875
4.0 5.3203125
5.0 5.203125
6.0 5.2265625
7.0 5.078125
8.0 5.2578125
9.0 5.3828125
10.0 5.3359375
11.0 5.0703125
12.0 5.421875
13.0 5.46875
14.0 5.7109375
15.0 5.234375
16.0 5.40625
17.0 5.3203125
18.0 5.453125
19.0 5.4609375
20.0 5.2890625
21.0 5.25
22.0 5.3671875
23.0 5.546875
24.0 5.53125
25.0 5.453125
26.0 5.375
27.0 5.4609375
28.0 5.5859375
29.0 2.21875
30.0 8.1484375
31.0 4.8359375
32.0 5.1875
33.0 5.3984375
34.0 5.3203125
35.0 2.9296875
36.0 7.8359375
37.0 2.484375
38.0 8.1328125
39.0 3.4453125
40.0 3.0546875
41.0 0.5703125
42.0 0.8046875
43.0 2.4453125
44.0 5.203125
45.0 5.015625
46.0 5.3046875
47.0 4.921875
48.0 5.4921875
49.0 5.0390625
50.0 5.4921875
51.0 5.0546875
52.0 2.15625
53.0 1.2890625
54.0 1.4765625
55.0 1.7109375
56.0 2.3984375
57.0 2.0703125
58.0 0.0
59.0 0.0
60.0 5.140625
61.0 1.03125
62.0 4.4296875
63.0 5.2265625
64.0 5.734375
65.0 4.71875
66.0 5.2265625
67.0 5.171875
68.0 5.4296875
69.0 5.3828125
70.0 5.46875
71.0 5.5625
72.0 1.1484375
73.0 10.046875
74.0 5.203125
75.0 4.6875
76.0 2.296875
77.0 7.40625
78.0 3.6171875
79.0 1.8828125
80.0 2.2734375
81.0 5.21875
82.0 5.3203125
83.0 5.3203125
84.0 5.5
85.0 5.3203125
86.0 5.125
87.0 5.171875
88.0 0.0
89.0 5.9296875
90.0 1.4140625
91.0 1.5
92.0 3.8828125
93.0 3.234375
94.0 3.0546875
95.0 4.625
96.0 5.609375
97.0 5.609375
98.0 5.5
99.0 5.640625
100.0 1.921875
101.0 9.125
102.0 2.96875
103.0 2.6875
104.0 5.5625
105.0 5.234375
106.0 3.8515625
107.0 1.5625
108.0 1.65625
109.0 1.5859375
110.0 1.0234375
111.0 1.03125
112.0 2.265625
113.0 1.6484375
114.0 3.9140625
115.0 5.0546875
116.0 3.53125
117.0 6.125
118.0 4.921875
119.0 5.0703125
120.0 5.375
121.0 5.375
122.0 5.3515625
123.0 5.125
124.0 4.9453125
125.0 4.9609375
126.0 5.125
127.0 5.0546875
128.0 5.1640625
129.0 5.1953125
130.0 5.2578125
131.0 5.0078125
132.0 4.9296875
133.0 5.125
134.0 5.375
135.0 2.515625
136.0 1.8046875
137.0 2.1328125
138.0 3.6953125
139.0 5.6171875
140.0 5.3671875
141.0 5.4921875
142.0 5.5234375
143.0 5.5234375
144.0 5.2734375
145.0 3.859375
146.0 2.7578125
147.0 1.6171875
148.0 0.0
149.0 7.046875
150.0 5.21875
151.0 5.3125
152.0 5.28125
153.0 5.5234375
154.0 5.3203125
155.0 4.9921875
156.0 4.828125
157.0 4.546875
158.0 4.828125
159.0 1.0859375
160.0 5.9296875
161.0 7.09375
162.0 5.109375
163.0 5.46875
164.0 4.359375
165.0 4.6875
166.0 4.921875
167.0 5.109375
168.0 4.9765625
169.0 4.859375
170.0 5.203125
171.0 5.171875
172.0 5.0078125
173.0 2.6015625
174.0 4.6484375
175.0 4.1171875
176.0 4.3046875
177.0 5.0078125
178.0 4.875
179.0 4.9296875
180.0 4.8984375
181.0 4.65625
182.0 5.125
183.0 4.7734375
184.0 5.0234375
185.0 5.2890625
186.0 5.28125
187.0 5.46875
188.0 4.125
189.0 6.8671875
190.0 5.6953125
191.0 5.3671875
192.0 5.40625
193.0 5.25
194.0 5.34375
195.0 5.3671875
196.0 5.3515625
197.0 5.3125
198.0 5.546875
199.0 4.390625
200.0 4.984375
201.0 4.75
202.0 5.453125
203.0 5.1953125
204.0 5.3984375
205.0 5.4609375
206.0 5.203125
207.0 5.0546875
208.0 4.90625
209.0 5.203125
210.0 4.9765625
211.0 5.2734375
212.0 5.3203125
213.0 4.546875
214.0 4.296875
215.0 4.875
216.0 4.8359375
217.0 4.3203125
218.0 5.2265625
219.0 4.78125
220.0 5.046875
221.0 5.0703125
222.0 4.953125
223.0 5.0859375
224.0 5.1875
225.0 4.8046875
226.0 5.6171875
227.0 4.984375
228.0 4.828125
229.0 5.109375
230.0 5.0390625
231.0 5.34375
232.0 4.78125
233.0 4.9921875
234.0 4.7734375
235.0 4.8125
236.0 4.9921875
237.0 4.6640625
238.0 4.71875
239.0 5.484375
240.0 5.5859375
241.0 5.375
242.0 5.4609375
243.0 5.6328125
244.0 4.7109375
245.0 6.3671875
246.0 5.375
247.0 5.3125
248.0 5.125
249.0 5.40625
250.0 5.3515625
251.0 5.3203125
252.0 5.3203125
253.0 5.578125
254.0 5.3203125
255.0 5.375
256.0 5.40625
257.0 5.453125
258.0 5.421875
259.0 5.3984375
260.0 5.1875
261.0 4.0546875
262.0 6.15625
263.0 4.75
264.0 4.8984375
265.0 5.0078125
266.0 5.1328125
267.0 2.7734375
268.0 7.6328125
269.0 5.3828125
270.0 3.7578125
271.0 5.3125
272.0 5.25
273.0 5.203125
274.0 5.234375
275.0 5.2265625
276.0 5.4609375
277.0 5.6015625
278.0 5.6171875
279.0 5.5546875
280.0 5.3984375
281.0 5.3984375
282.0 5.3046875
283.0 5.421875
284.0 1.4140625
285.0 9.7578125
286.0 5.4296875
287.0 5.5
288.0 5.375
289.0 5.421875
290.0 5.0234375
291.0 6.0546875
292.0 5.484375
293.0 5.5234375
294.0 5.40625
295.0 5.4921875
296.0 5.4609375
297.0 4.859375
298.0 6.296875
299.0 5.078125
300.0 5.109375
301.0 2.890625
302.0 7.390625
303.0 5.140625
304.0 5.3359375
305.0 2.0390625
306.0 2.9375
307.0 3.859375
308.0 3.140625
309.0 2.578125
310.0 2.1796875
311.0 3.21875
312.0 5.2578125
313.0 5.2890625
314.0 5.0234375
315.0 3.640625
316.0 3.90625
317.0 4.296875
318.0 4.4453125
319.0 3.7421875
320.0 2.421875
321.0 2.8515625
322.0 1.59375
323.0 8.890625
324.0 2.625
325.0 7.984375
326.0 5.1328125
327.0 5.6796875
328.0 5.1640625
329.0 4.90625
330.0 4.9453125
331.0 5.6171875
332.0 5.046875
333.0 4.71875
334.0 4.875
335.0 5.2578125
336.0 5.3203125
337.0 5.2734375
338.0 5.453125
339.0 5.140625
340.0 5.5
341.0 5.3359375
342.0 5.4609375
343.0 5.5
344.0 5.4609375
345.0 5.6015625
346.0 5.3359375
347.0 5.6328125
348.0 5.4609375
349.0 5.1875
350.0 5.734375
351.0 4.859375
352.0 5.171875
353.0 1.421875
354.0 9.2265625
355.0 5.3828125
356.0 5.2734375
357.0 5.078125
358.0 5.421875
359.0 5.515625
360.0 5.3828125
361.0 5.4921875
362.0 5.2578125
363.0 5.1640625
364.0 5.0234375
365.0 5.3515625
366.0 5.2890625
367.0 5.171875
368.0 0.4296875
369.0 10.203125
370.0 5.3984375
371.0 5.3984375
372.0 4.9921875
373.0 0.8125
374.0 9.8359375
375.0 5.2734375
376.0 5.046875
377.0 5.3359375
378.0 5.0078125
379.0 5.25
380.0 5.375
381.0 5.484375
382.0 5.2734375
383.0 4.3515625
384.0 6.515625
385.0 5.2265625
386.0 5.21875
387.0 5.21875
388.0 2.890625
389.0 7.2265625
390.0 5.078125
391.0 5.2734375
392.0 5.3515625
393.0 5.203125
394.0 5.171875
395.0 5.2890625
396.0 5.0859375
397.0 3.296875
398.0 2.953125
399.0 4.3359375
400.0 4.265625
401.0 4.9765625
402.0 2.90625
403.0 6.2265625
404.0 5.2734375
405.0 4.359375
406.0 4.984375
407.0 4.859375
408.0 4.328125
409.0 4.578125
410.0 4.875
411.0 4.890625
412.0 4.9296875
413.0 4.7421875
414.0 5.1640625
415.0 5.015625
416.0 5.40625
417.0 5.5625
418.0 4.234375
419.0 1.9375
420.0 9.328125
421.0 4.5
422.0 2.5703125
423.0 5.9375
424.0 2.359375
425.0 0.6640625
426.0 0.578125
427.0 1.609375
428.0 4.84375
429.0 5.0078125
430.0 5.421875
431.0 5.3125
432.0 5.4921875
433.0 5.171875
434.0 5.5546875
435.0 5.3984375
436.0 5.375
437.0 4.578125
438.0 5.4296875
439.0 5.375
440.0 5.3828125
441.0 5.421875
442.0 3.328125
443.0 8.34375
444.0 5.3828125
445.0 1.96875
446.0 5.5859375
447.0 4.9609375
448.0 5.3359375
449.0 5.515625
450.0 5.2578125
451.0 5.1328125
452.0 5.1015625
453.0 5.3203125
454.0 5.125
455.0 4.828125
456.0 5.3125
457.0 5.2734375
458.0 5.3046875
459.0 0.65625
460.0 9.8125
461.0 4.9765625
462.0 4.8125
463.0 4.296875
464.0 0.0
465.0 5.421875
466.0 2.7578125
467.0 3.1328125
468.0 4.5078125
469.0 5.3046875
470.0 5.421875
471.0 5.3359375
472.0 5.2890625
473.0 5.3125
474.0 5.3125
475.0 5.3125
476.0 5.6953125
477.0 4.953125
478.0 5.34375
479.0 5.1015625
480.0 5.140625
481.0 5.3984375
482.0 5.25
483.0 5.28125
484.0 4.6875
485.0 5.1015625
486.0 3.0390625
487.0 3.0234375
488.0 2.4921875
489.0 1.640625
490.0 2.1171875
491.0 5.1328125
492.0 5.453125
493.0 5.8515625
494.0 5.4609375
495.0 4.2109375
496.0 3.1171875
497.0 3.1328125
498.0 3.2265625
499.0 2.046875
500.0 0.0
501.0 7.1015625
502.0 2.0703125
503.0 1.890625
504.0 3.9765625
505.0 5.5546875
506.0 5.703125
507.0 5.7109375
508.0 5.7578125
509.0 5.3828125
510.0 3.4921875
511.0 0.0
512.0 6.0546875
513.0 2.90625
514.0 1.1640625
515.0 1.0546875
516.0 3.4765625
517.0 5.7265625
518.0 5.78125
519.0 5.859375
520.0 5.453125
521.0 5.3515625
522.0 2.34375
523.0 2.5234375
524.0 1.1328125
525.0 0.0
526.0 8.65625
527.0 4.9765625
528.0 5.703125
529.0 5.5
530.0 5.609375
531.0 5.5234375
532.0 5.609375
533.0 5.53125
534.0 5.3125
535.0 5.8203125
536.0 5.6328125
537.0 5.5859375
538.0 5.3671875
539.0 0.765625
540.0 8.03125
541.0 7.9609375
542.0 5.5859375
543.0 5.421875
544.0 5.4296875
545.0 4.7265625
546.0 5.1328125
547.0 5.1328125
548.0 5.0078125
549.0 5.375
550.0 5.234375
551.0 5.234375
552.0 5.140625
553.0 5.53125
554.0 5.2734375
555.0 5.2890625
556.0 5.2734375
557.0 5.4375
558.0 2.3671875
559.0 8.59375
560.0 5.2265625
561.0 5.5234375
562.0 5.3359375
563.0 5.3125
564.0 1.34375
565.0 9.3359375
566.0 5.4375
567.0 5.2890625
568.0 5.1953125
569.0 5.3203125
570.0 5.46875
571.0 5.3125
572.0 4.5
573.0 5.40625
574.0 4.9921875
575.0 4.5390625
576.0 4.859375
577.0 5.3046875
578.0 4.2109375
579.0 2.953125
580.0 4.7421875
581.0 3.265625
582.0 2.90625
583.0 2.78125
584.0 4.1171875
585.0 5.2734375
586.0 3.0
587.0 7.5390625
588.0 4.1484375
589.0 2.5703125
590.0 2.546875
591.0 0.2265625
592.0 6.625
593.0 5.0390625
594.0 5.40625
595.0 2.5390625
596.0 5.875
597.0 4.9609375
598.0 5.2734375
599.0 5.734375
