0.0 5.9453125
1.0 5.6015625
2.0 5.5234375
3.0 5.6015625
4.0 5.4375
5.0 5.703125
6.0 5.3046875
7.0 5.3984375
8.0 5.4921875
9.0 5.859375
10.0 5.6328125
11.0 5.671875
12.0 5.375
13.0 5.5
14.0 4.8984375
15.0 4.84375
16.0 4.3203125
17.0 3.8828125
18.0 4.0078125
19.0 5.25
20.0 5.3671875
21.0 5.28125
22.0 4.859375
23.0 3.734375
24.0 3.5859375
25.0 1.859375
26.0 6.75
27.0 4.3828125
28.0 3.40625
29.0 1.953125
30.0 6.8984375
31.0 5.3671875
32.0 5.0859375
33.0 4.9765625
34.0 5.4375
35.0 5.015625
36.0 5.3671875
37.0 1.1171875
38.0 7.640625
39.0 4.0078125
40.0 5.1640625
41.0 5.53125
42.0 5.6328125
43.0 4.7734375
44.0 4.875
45.0 4.9921875
46.0 4.7578125
47.0 4.609375
48.0 4.1875
49.0 3.796875
50.0 1.2109375
51.0 10.1328125
52.0 5.9296875
53.0 5.421875
54.0 5.34375
55.0 5.375
56.0 5.15625
57.0 4.921875
58.0 5.1640625
59.0 5.3828125
60.0 5.171875
61.0 4.8046875
62.0 5.578125
63.0 5.6640625
64.0 5.3125
65.0 2.546875
66.0 7.7890625
67.0 5.1640625
68.0 4.6796875
69.0 5.15625
70.0 4.390625
71.0 4.6484375
72.0 5.2265625
73.0 5.5
74.0 3.4765625
75.0 6.4375
76.0 5.4921875
77.0 4.7421875
78.0 4.9765625
79.0 5.3359375
80.0 5.4296875
81.0 5.3671875
82.0 5.1953125
83.0 5.53125
84.0 4.4765625
85.0 3.4453125
86.0 1.5546875
87.0 0.0
88.0 6.0859375
89.0 4.03125
90.0 5.7109375
91.0 4.171875
92.0 2.3671875
93.0 0.0
94.0 6.1484375
95.0 3.859375
96.0 4.71875
97.0 5.5625
98.0 5.578125
99.0 4.25
100.0 5.0546875
101.0 5.5625
102.0 5.3984375
103.0 4.3515625
104.0 5.3984375
105.0 4.6875
106.0 0.6640625
107.0 9.6328125
108.0 3.875
109.0 5.3203125
110.0 4.6875
111.0 1.640625
112.0 0.0
113.0 0.0390625
114.0 6.8828125
115.0 1.3828125
116.0 5.1015625
117.0 5.5
118.0 5.25
119.0 3.90625
120.0 4.7734375
121.0 4.5390625
122.0 5.0078125
123.0 4.828125
124.0 4.859375
125.0 4.9765625
126.0 4.234375
127.0 4.125
128.0 5.421875
129.0 5.6171875
130.0 5.6328125
131.0 5.25
132.0 4.78125
133.0 4.8125
134.0 4.1875
135.0 3.8046875
136.0 4.1875
137.0 4.84375
138.0 4.984375
139.0 4.890625
140.0 4.4765625
141.0 5.6484375
142.0 5.4296875
143.0 5.6484375
144.0 5.640625
145.0 5.765625
146.0 5.7890625
147.0 5.7578125
148.0 5.578125
149.0 5.46875
150.0 5.6640625
151.0 5.6484375
152.0 5.484375
153.0 5.25
154.0 5.578125
155.0 5.546875
156.0 5.7109375
157.0 5.8515625
158.0 6.03125
159.0 5.4609375
160.0 5.7890625
161.0 5.4296875
162.0 5.6015625
163.0 5.5
164.0 5.75
165.0 5.6953125
166.0 4.0390625
167.0 4.1484375
168.0 5.484375
169.0 5.0234375
170.0 0.9453125
171.0 10.046875
172.0 5.0390625
173.0 4.7109375
174.0 1.1171875
175.0 9.96875
176.0 5.3984375
177.0 5.765625
178.0 5.5234375
179.0 5.4375
180.0 5.234375
181.0 5.3125
182.0 5.890625
183.0 5.828125
184.0 5.28125
185.0 5.796875
186.0 5.8515625
187.0 2.1953125
188.0 9.8125
189.0 6.03125
190.0 6.09375
191.0 6.1171875
192.0 1.1796875
193.0 10.7421875
194.0 6.0625
195.0 5.40625
196.0 5.6484375
197.0 5.640625
198.0 5.9453125
199.0 5.765625
200.0 5.9765625
201.0 5.8125
202.0 5.9609375
203.0 5.9375
204.0 4.3828125
205.0 7.421875
206.0 5.796875
207.0 6.0859375
208.0 6.0546875
209.0 6.03125
210.0 5.6796875
211.0 5.0546875
212.0 5.671875
213.0 5.8515625
214.0 5.9375
215.0 5.90625
216.0 5.828125
217.0 5.7109375
218.0 5.6484375
219.0 5.859375
220.0 5.8125
221.0 5.8828125
222.0 5.765625
223.0 5.7109375
224.0 5.453125
225.0 5.0546875
226.0 5.0234375
227.0 5.7109375
228.0 5.4296875
229.0 5.6328125
230.0 5.5546875
231.0 5.9375
232.0 5.8125
233.0 5.21875
234.0 5.9140625
235.0 5.765625
236.0 5.859375
237.0 5.40625
238.0 6.4140625
239.0 5.3359375
240.0 5.734375
241.0 5.890625
242.0 5.5546875
243.0 5.28125
244.0 5.6171875
245.0 5.2734375
246.0 5.015625
247.0 4.5625
248.0 5.2890625
249.0 5.0078125
250.0 5.21875
251.0 4.984375
252.0 5.1015625
253.0 5.7265625
254.0 5.9140625
255.0 5.6484375
256.0 5.6171875
257.0 5.703125
258.0 5.3125
259.0 0.8203125
260.0 7.609375
261.0 7.90625
262.0 4.7421875
263.0 5.2265625
264.0 5.046875
265.0 5.171875
266.0 5.4296875
267.0 4.421875
268.0 4.6328125
269.0 5.46875
270.0 5.421875
271.0 5.671875
272.0 5.6796875
273.0 5.2265625
274.0 4.296875
275.0 6.78125
276.0 3.671875
277.0 4.59375
278.0 4.9921875
279.0 4.578125
280.0 4.4453125
281.0 4.515625
282.0 4.125
283.0 4.65625
284.0 4.984375
285.0 5.125
286.0 4.9453125
287.0 4.8984375
288.0 4.796875
289.0 4.9609375
290.0 4.953125
291.0 4.921875
292.0 4.8046875
293.0 0.6171875
294.0 7.4609375
295.0 4.3828125
296.0 4.7734375
297.0 4.9609375
298.0 2.359375
299.0 6.3046875
300.0 4.6484375
301.0 4.8125
302.0 5.2734375
303.0 4.71875
304.0 3.765625
305.0 4.515625
306.0 3.65625
307.0 4.6953125
308.0 5.1953125
309.0 4.125
310.0 4.453125
311.0 0.8828125
312.0 7.03125
313.0 4.6328125
314.0 5.4609375
315.0 3.6796875
316.0 6.0390625
317.0 4.7578125
318.0 5.203125
319.0 5.515625
320.0 3.7265625
321.0 2.296875
322.0 1.828125
323.0 2.0
324.0 2.4765625
325.0 2.7890625
326.0 2.015625
327.0 1.9140625
328.0 1.203125
329.0 0.0
330.0 4.921875
331.0 2.5703125
332.0 2.75
333.0 2.7734375
334.0 2.8671875
335.0 2.7890625
336.0 2.7734375
337.0 2.7734375
338.0 1.6171875
339.0 6.734375
340.0 5.1875
341.0 2.8359375
342.0 2.8203125
343.0 2.84375
344.0 2.609375
345.0 2.609375
346.0 3.1328125
347.0 2.7578125
348.0 2.75
349.0 2.875
350.0 3.0703125
351.0 1.5546875
352.0 0.0
353.0 7.03125
354.0 0.8671875
355.0 2.125
356.0 2.8359375
357.0 3.921875
358.0 5.8203125
359.0 3.7265625
360.0 3.90625
361.0 5.9765625
362.0 3.3671875
363.0 6.5703125
364.0 5.734375
365.0 5.546875
366.0 5.734375
367.0 5.90625
368.0 5.6953125
369.0 5.6640625
370.0 5.6796875
371.0 5.8125
372.0 5.765625
373.0 5.0078125
374.0 5.4921875
375.0 6.3828125
376.0 6.09375
377.0 5.859375
378.0 5.453125
379.0 2.6640625
380.0 3.109375
381.0 2.953125
382.0 3.375
383.0 2.96875
384.0 2.875
385.0 2.984375
386.0 3.0
387.0 2.3984375
388.0 0.0
389.0 7.390625
390.0 3.0
391.0 3.4140625
392.0 2.9296875
393.0 2.7578125
394.0 0.671875
395.0 5.25
396.0 2.71875
397.0 2.71875
398.0 2.328125
399.0 1.9140625
400.0 4.984375
401.0 5.171875
402.0 4.125
403.0 5.5234375
404.0 5.2265625
405.0 4.3671875
406.0 5.765625
407.0 4.0078125
408.0 8.265625
409.0 6.2890625
410.0 6.265625
411.0 5.21875
412.0 3.65625
413.0 7.3671875
414.0 5.78125
415.0 5.421875
416.0 5.765625
417.0 4.5390625
418.0 2.6640625
419.0 2.7421875
420.0 2.4140625
421.0 2.5703125
422.0 2.7890625
423.0 3.4375
424.0 2.921875
425.0 1.140625
426.0 0.0
427.0 7.1953125
428.0 2.71875
429.0 3.1015625
430.0 2.8671875
431.0 1.1328125
432.0 0.0
433.0 7.734375
434.0 4.7421875
435.0 5.25
436.0 5.21875
437.0 5.171875
438.0 1.421875
439.0 1.859375
440.0 2.671875
441.0 2.1640625
442.0 2.453125
443.0 3.265625
444.0 2.3046875
445.0 5.6953125
446.0 4.0
447.0 4.984375
448.0 4.0703125
449.0 2.0390625
450.0 8.2109375
451.0 4.4140625
452.0 4.328125
453.0 3.859375
454.0 5.375
455.0 3.734375
456.0 4.0859375
457.0 5.1015625
458.0 4.4296875
459.0 4.8984375
460.0 2.5703125
461.0 1.96875
462.0 6.953125
463.0 5.3515625
464.0 4.515625
465.0 6.40625
466.0 5.4609375
467.0 5.6640625
468.0 5.640625
469.0 5.578125
470.0 5.6640625
471.0 5.9296875
472.0 5.6796875
473.0 5.3828125
474.0 5.96875
475.0 5.609375
476.0 5.6171875
477.0 5.2578125
478.0 6.265625
479.0 5.7109375
480.0 5.890625
481.0 5.84375
482.0 5.2734375
483.0 5.7890625
484.0 5.828125
485.0 4.5
486.0 6.765625
487.0 5.6953125
488.0 5.8515625
489.0 5.96875
490.0 6.140625
491.0 6.0234375
492.0 5.125
493.0 6.453125
494.0 4.7421875
495.0 5.46875
496.0 5.9765625
497.0 6.203125
498.0 6.109375
499.0 5.6640625
500.0 5.9453125
501.0 5.4921875
502.0 5.8515625
503.0 5.9453125
504.0 5.96875
505.0 3.1015625
506.0 8.625
507.0 5.9140625
508.0 5.8203125
509.0 6.0859375
510.0 6.0625
511.0 5.9140625
512.0 6.0234375
513.0 5.8515625
514.0 6.1484375
515.0 6.0859375
516.0 6.0078125
517.0 5.5859375
518.0 5.5234375
519.0 5.546875
520.0 5.75
521.0 6.3203125
522.0 6.2890625
523.0 1.40625
524.0 10.5
525.0 5.7109375
526.0 4.9921875
527.0 5.0546875
528.0 5.96875
529.0 5.84375
530.0 5.6015625
531.0 3.90625
532.0 4.78125
533.0 5.5
534.0 1.5546875
535.0 8.171875
536.0 5.0703125
537.0 4.25
538.0 4.7734375
539.0 5.78125
540.0 4.6484375
541.0 1.2578125
542.0 9.03125
543.0 4.3359375
544.0 3.6796875
545.0 2.4921875
546.0 3.046875
547.0 3.90625
548.0 4.390625
549.0 4.8359375
550.0 6.1484375
551.0 4.625
552.0 4.6484375
553.0 5.3671875
554.0 1.046875
555.0 6.515625
556.0 2.8359375
557.0 4.84375
558.0 5.546875
559.0 4.21875
560.0 5.4609375
561.0 3.578125
562.0 6.265625
563.0 4.09375
564.0 5.4296875
565.0 4.25
566.0 1.1484375
567.0 7.4921875
568.0 4.4765625
569.0 3.8203125
570.0 4.875
571.0 5.0546875
572.0 5.34375
573.0 4.515625
574.0 5.546875
575.0 4.2109375
576.0 3.953125
577.0 4.65625
578.0 5.3359375
579.0 5.109375
580.0 5.5234375
581.0 5.578125
582.0 5.515625
583.0 5.3125
584.0 5.3203125
585.0 5.2734375
586.0 5.25
587.0 5.6328125
588.0 5.4921875
589.0 5.3984375
590.0 5.6640625
591.0 5.3828125
592.0 5.171875
593.0 2.25
594.0 0.375
595.0 9.9296875
596.0 5.796875
597.0 3.9765625
598.0 7.7265625
599.0 5.7578125
