0.0 6.8984375
1.0 6.5078125
2.0 6.828125
3.0 6.2734375
4.0 6.65625
5.0 4.171875
6.0 6.6640625
7.0 6.109375
8.0 5.8203125
9.0 6.2421875
10.0 6.359375
11.0 6.3046875
12.0 5.9296875
13.0 4.546875
14.0 5.203125
15.0 5.1640625
16.0 1.9375
17.0 8.640625
18.0 6.2734375
19.0 6.0
20.0 6.234375
21.0 5.90625
22.0 4.859375
23.0 8.2421875
24.0 6.84375
25.0 6.8828125
26.0 6.296875
27.0 6.203125
28.0 6.6328125
29.0 6.3671875
30.0 5.1015625
31.0 5.421875
32.0 5.890625
33.0 5.671875
34.0 6.7734375
35.0 5.6015625
36.0 7.40625
37.0 6.296875
38.0 5.8125
39.0 6.828125
40.0 5.6484375
41.0 6.1484375
42.0 6.8125
43.0 6.2734375
44.0 3.1796875
45.0 6.4765625
46.0 5.9296875
47.0 6.15625
48.0 6.078125
49.0 6.0234375
50.0 5.6328125
51.0 4.3359375
52.0 8.59375
53.0 5.28125
54.0 5.21875
55.0 1.5
56.0 10.640625
57.0 5.78125
58.0 5.1875
59.0 5.25
60.0 5.9609375
61.0 5.1640625
62.0 4.59375
63.0 4.3515625
64.0 4.1875
65.0 4.0625
66.0 5.2890625
67.0 5.7578125
68.0 2.78125
69.0 9.6953125
70.0 4.2421875
71.0 7.8671875
72.0 5.875
73.0 6.4765625
74.0 6.53125
75.0 6.6484375
76.0 6.796875
77.0 6.2265625
78.0 6.2109375
79.0 6.6484375
80.0 6.8046875
81.0 6.2421875
82.0 6.3515625
83.0 6.296875
84.0 1.5
85.0 11.25
86.0 6.6171875
87.0 3.28125
88.0 9.2265625
89.0 6.15625
90.0 6.2109375
91.0 6.6640625
92.0 4.171875
93.0 8.2421875
94.0 6.8984375
95.0 7.21875
96.0 6.9453125
97.0 7.09375
98.0 7.0078125
99.0 7.15625
100.0 4.3671875
101.0 8.765625
102.0 6.78125
103.0 6.53125
104.0 6.46875
105.0 6.46875
106.0 6.984375
107.0 6.46875
108.0 6.75
109.0 6.8828125
110.0 6.5859375
111.0 6.203125
112.0 6.5390625
113.0 6.2421875
114.0 6.125
115.0 6.078125
116.0 5.9296875
117.0 6.7421875
118.0 6.8125
119.0 6.921875
120.0 6.9921875
121.0 7.0078125
122.0 7.140625
123.0 6.3828125
124.0 2.296875
125.0 9.5703125
126.0 4.828125
127.0 5.9375
128.0 6.8671875
129.0 6.4765625
130.0 5.109375
131.0 5.578125
132.0 4.875
133.0 4.71875
134.0 8.9375
135.0 5.171875
136.0 3.2578125
137.0 5.9765625
138.0 6.703125
139.0 6.15625
140.0 6.7421875
141.0 6.859375
142.0 7.1875
143.0 5.1953125
144.0 5.078125
145.0 5.3046875
146.0 5.3203125
147.0 3.6953125
148.0 2.03125
149.0 9.90625
150.0 6.59375
151.0 6.4765625
152.0 5.5546875
153.0 5.7265625
154.0 5.1953125
155.0 1.859375
156.0 9.0
157.0 6.0
158.0 6.3203125
159.0 5.90625
160.0 6.0390625
161.0 6.5859375
162.0 5.6328125
163.0 5.5625
164.0 5.640625
165.0 5.484375
166.0 5.7890625
167.0 6.15625
168.0 6.0
169.0 1.1796875
170.0 10.640625
171.0 5.203125
172.0 2.4765625
173.0 9.5390625
174.0 6.484375
175.0 6.328125
176.0 6.71875
177.0 6.75
178.0 6.84375
179.0 6.5625
180.0 6.9609375
181.0 6.421875
182.0 6.09375
183.0 6.125
184.0 3.9765625
185.0 8.6484375
186.0 6.4375
187.0 6.796875
188.0 6.46875
189.0 2.7578125
190.0 10.5234375
191.0 7.3203125
192.0 7.1328125
193.0 6.8984375
194.0 4.234375
195.0 9.4140625
196.0 6.8125
197.0 6.4765625
198.0 6.7109375
199.0 6.6015625
200.0 6.171875
201.0 5.7890625
202.0 3.5234375
203.0 7.6640625
204.0 4.578125
205.0 5.0234375
206.0 5.578125
207.0 5.6484375
208.0 4.4765625
209.0 5.1953125
210.0 3.1328125
211.0 3.875
212.0 5.078125
213.0 4.09375
214.0 3.25
215.0 3.0
216.0 1.2265625
217.0 0.0
218.0 7.2265625
219.0 3.3203125
220.0 1.9453125
221.0 2.296875
222.0 2.6640625
223.0 2.1484375
224.0 2.8046875
225.0 3.671875
226.0 3.765625
227.0 3.5234375
228.0 4.6484375
229.0 7.125
230.0 6.265625
231.0 5.34375
232.0 5.9140625
233.0 6.390625
234.0 6.15625
235.0 4.4453125
236.0 7.578125
237.0 5.9296875
238.0 5.484375
239.0 3.4609375
240.0 7.2734375
241.0 4.46875
242.0 4.921875
243.0 4.5390625
244.0 4.9921875
245.0 4.8984375
246.0 5.9921875
247.0 6.53125
248.0 5.375
249.0 7.4921875
250.0 6.3828125
251.0 6.125
252.0 6.5546875
253.0 5.6953125
254.0 1.421875
255.0 9.484375
256.0 5.3125
257.0 5.7109375
258.0 5.1328125
259.0 4.7109375
260.0 5.4296875
261.0 5.7578125
262.0 5.46875
263.0 5.796875
264.0 6.0
265.0 5.2578125
266.0 5.3515625
267.0 5.8828125
268.0 6.203125
269.0 6.7734375
270.0 6.7734375
271.0 6.859375
272.0 5.6796875
273.0 1.1171875
274.0 7.453125
275.0 1.375
276.0 2.515625
277.0 5.203125
278.0 5.671875
279.0 5.3515625
280.0 1.4921875
281.0 9.8515625
282.0 5.9921875
283.0 5.9921875
284.0 5.5234375
285.0 2.6875
286.0 2.5234375
287.0 4.3984375
288.0 5.1875
289.0 6.078125
290.0 5.4609375
291.0 5.3984375
292.0 5.9296875
293.0 5.9453125
294.0 5.9921875
295.0 6.3359375
296.0 5.96875
297.0 6.109375
298.0 6.4453125
299.0 6.2578125
300.0 6.265625
301.0 5.9140625
302.0 6.4375
303.0 6.40625
304.0 6.9296875
305.0 7.1015625
306.0 6.8828125
307.0 6.5703125
308.0 6.6484375
309.0 6.765625
310.0 4.3203125
311.0 9.03125
312.0 6.828125
313.0 7.3671875
314.0 6.5625
315.0 6.5859375
316.0 6.703125
317.0 6.6171875
318.0 6.5859375
319.0 6.421875
320.0 6.1875
321.0 6.4140625
322.0 5.46875
323.0 7.359375
324.0 6.078125
325.0 6.390625
326.0 6.328125
327.0 6.1875
328.0 2.6640625
329.0 9.1796875
330.0 6.109375
331.0 6.140625
332.0 5.765625
333.0 5.96875
334.0 6.03125
335.0 6.2734375
336.0 4.1484375
337.0 8.5390625
338.0 6.5546875
339.0 6.484375
340.0 6.6171875
341.0 6.5
342.0 6.265625
343.0 5.7890625
344.0 5.8828125
345.0 6.859375
346.0 6.4765625
347.0 6.390625
348.0 6.1875
349.0 4.5390625
350.0 8.6796875
351.0 6.2578125
352.0 6.328125
353.0 6.75
354.0 6.6328125
355.0 6.6640625
356.0 6.6328125
357.0 6.4140625
358.0 5.8515625
359.0 3.1484375
360.0 10.0234375
361.0 6.5703125
362.0 5.578125
363.0 3.921875
364.0 4.21875
365.0 1.4921875
366.0 8.40625
367.0 2.4765625
368.0 2.4296875
369.0 2.125
370.0 3.953125
371.0 4.5078125
372.0 3.8828125
373.0 3.53125
374.0 3.234375
375.0 3.4765625
376.0 3.59375
377.0 3.7421875
378.0 3.7578125
379.0 2.5234375
380.0 0.0
381.0 8.203125
382.0 3.546875
383.0 2.8984375
384.0 0.0
385.0 6.828125
386.0 3.46875
387.0 3.203125
388.0 3.0234375
389.0 3.4375
390.0 3.7890625
391.0 3.7578125
392.0 3.6796875
393.0 3.859375
394.0 4.28125
395.0 6.078125
396.0 6.5703125
397.0 6.15625
398.0 6.2734375
399.0 6.5
400.0 6.765625
401.0 6.484375
402.0 6.2890625
403.0 5.8828125
404.0 3.40625
405.0 8.8203125
406.0 3.4375
407.0 3.5625
408.0 4.6484375
409.0 5.96875
410.0 4.0859375
411.0 8.5546875
412.0 6.421875
413.0 5.4296875
414.0 5.5859375
415.0 5.5546875
416.0 6.2109375
417.0 5.171875
418.0 6.2734375
419.0 6.6796875
420.0 6.3359375
421.0 6.84375
422.0 4.578125
423.0 9.265625
424.0 6.2890625
425.0 6.5546875
426.0 6.6015625
427.0 6.625
428.0 5.0234375
429.0 1.375
430.0 10.1953125
431.0 6.859375
432.0 7.109375
433.0 6.484375
434.0 5.453125
435.0 6.1171875
436.0 5.5859375
437.0 4.4765625
438.0 5.703125
439.0 7.09375
440.0 6.078125
441.0 6.3515625
442.0 3.296875
443.0 9.2265625
444.0 6.8046875
445.0 6.6015625
446.0 3.9375
447.0 8.96875
448.0 3.078125
449.0 2.65625
450.0 5.140625
451.0 6.7109375
452.0 6.84375
453.0 6.953125
454.0 6.9453125
455.0 6.5703125
456.0 6.734375
457.0 6.5859375
458.0 6.3828125
459.0 6.2578125
460.0 6.6015625
461.0 6.234375
462.0 5.6484375
463.0 6.984375
464.0 4.609375
465.0 9.7421875
466.0 7.2890625
467.0 7.1640625
468.0 7.4296875
469.0 6.7109375
470.0 5.3046875
471.0 4.515625
472.0 5.8515625
473.0 7.078125
474.0 6.75
475.0 6.7109375
476.0 5.765625
477.0 3.96875
478.0 1.7890625
479.0 8.1171875
480.0 7.046875
481.0 7.1796875
482.0 7.65625
483.0 6.828125
484.0 6.796875
485.0 6.5546875
486.0 6.421875
487.0 6.6640625
488.0 6.484375
489.0 6.4765625
490.0 6.1875
491.0 6.453125
492.0 6.734375
493.0 6.7421875
494.0 5.9140625
495.0 2.3671875
496.0 7.9296875
497.0 7.1328125
498.0 7.03125
499.0 7.5078125
500.0 7.5078125
501.0 6.765625
502.0 7.359375
503.0 4.828125
504.0 3.6796875
505.0 3.734375
506.0 4.7265625
507.0 3.828125
508.0 2.3984375
509.0 8.59375
510.0 7.421875
511.0 6.9921875
512.0 4.15625
513.0 5.7109375
514.0 6.2734375
515.0 7.0390625
516.0 7.0625
517.0 6.421875
518.0 6.5859375
519.0 6.859375
520.0 5.9296875
521.0 3.9140625
522.0 4.8125
523.0 6.0
524.0 6.125
525.0 4.6875
526.0 4.890625
527.0 6.515625
528.0 6.234375
529.0 6.6484375
530.0 6.828125
531.0 6.3515625
532.0 6.5078125
533.0 6.53125
534.0 6.1796875
535.0 5.46875
536.0 6.2734375
537.0 5.125
538.0 6.359375
539.0 5.796875
540.0 5.75
541.0 7.046875
542.0 7.0078125
543.0 6.296875
544.0 4.9609375
545.0 7.7265625
546.0 6.3203125
547.0 2.6328125
548.0 9.8203125
549.0 5.6953125
550.0 2.4453125
551.0 7.65625
552.0 6.5078125
553.0 6.8125
554.0 6.8046875
555.0 7.015625
556.0 6.5625
557.0 6.3671875
558.0 5.46875
559.0 6.4375
560.0 6.4765625
561.0 6.71875
562.0 7.0625
563.0 7.0625
564.0 5.6640625
565.0 5.9609375
566.0 4.3046875
567.0 3.1328125
568.0 5.46875
569.0 3.46875
570.0 4.9765625
571.0 6.4453125
572.0 5.21875
573.0 5.3046875
574.0 7.2578125
575.0 6.9921875
576.0 6.84375
577.0 7.0625
578.0 7.2109375
579.0 7.0390625
580.0 6.9765625
581.0 6.625
582.0 6.6484375
583.0 5.9296875
584.0 6.2734375
585.0 2.1015625
586.0 11.0234375
587.0 6.3828125
588.0 6.4453125
589.0 7.078125
590.0 7.1875
591.0 4.8046875
592.0 4.6953125
593.0 5.3125
594.0 5.84375
595.0 6.7109375
596.0 6.9140625
597.0 6.4140625
598.0 6.15625
599.0 6.8828125
