0.0 5.4375
1.0 5.25
2.0 5.34375
3.0 5.421875
4.0 4.2734375
5.0 6.484375
6.0 5.6953125
7.0 5.6328125
8.0 5.765625
9.0 1.0859375
10.0 10.703125
11.0 5.9921875
12.0 5.3828125
13.0 4.984375
14.0 5.5234375
15.0 5.828125
16.0 5.9453125
17.0 5.3515625
18.0 5.34375
19.0 5.5625
20.0 5.96875
21.0 5.828125
22.0 5.96875
23.0 5.46875
24.0 4.7578125
25.0 6.796875
26.0 5.8125
27.0 5.8515625
28.0 6.328125
29.0 6.0859375
30.0 2.4296875
31.0 9.5078125
32.0 5.9921875
33.0 5.53125
34.0 6.03125
35.0 6.0625
36.0 6.1796875
37.0 5.8203125
38.0 5.734375
39.0 5.6171875
40.0 5.90625
41.0 5.640625
42.0 5.9140625
43.0 3.9453125
44.0 7.7265625
45.0 5.6171875
46.0 5.3125
47.0 1.5859375
48.0 10.2578125
49.0 6.265625
50.0 6.3203125
51.0 5.5546875
52.0 5.7890625
53.0 5.3828125
54.0 5.9453125
55.0 5.0390625
56.0 3.578125
57.0 3.609375
58.0 4.3203125
59.0 4.6640625
60.0 5.1328125
61.0 5.3984375
62.0 5.5625
63.0 0.6328125
64.0 9.9921875
65.0 5.203125
66.0 5.3046875
67.0 5.484375
68.0 3.4921875
69.0 1.8828125
70.0 9.21875
71.0 4.9921875
72.0 4.78125
73.0 4.7734375
74.0 5.21875
75.0 4.1171875
76.0 6.734375
77.0 5.6171875
78.0 4.953125
79.0 4.984375
80.0 5.046875
81.0 5.734375
82.0 5.546875
83.0 5.8203125
84.0 5.9921875
85.0 5.7890625
86.0 5.609375
87.0 5.453125
88.0 5.609375
89.0 1.53125
90.0 10.0546875
91.0 5.0390625
92.0 5.5
93.0 5.8203125
94.0 0.9140625
95.0 10.5
96.0 5.484375
97.0 5.6796875
98.0 5.6640625
99.0 5.5234375
100.0 6.203125
101.0 5.703125
102.0 5.4921875
103.0 5.6953125
104.0 5.7109375
105.0 5.3125
106.0 5.1875
107.0 5.1640625
108.0 5.421875
109.0 5.4609375
110.0 5.375
111.0 5.3671875
112.0 5.234375
113.0 5.5546875
114.0 5.3515625
115.0 5.2578125
116.0 5.4921875
117.0 5.375
118.0 5.40625
119.0 4.890625
120.0 5.734375
121.0 5.8515625
122.0 5.78125
123.0 5.7578125
124.0 5.46875
125.0 5.7890625
126.0 6.0078125
127.0 5.53125
128.0 5.765625
129.0 5.8515625
130.0 5.890625
131.0 5.53125
132.0 5.7265625
133.0 5.6328125
134.0 5.703125
135.0 5.828125
136.0 5.890625
137.0 5.7265625
138.0 5.6328125
139.0 5.7109375
140.0 5.6484375
141.0 5.7265625
142.0 5.6484375
143.0 5.84375
144.0 5.96875
145.0 6.0546875
146.0 6.0390625
147.0 5.9921875
148.0 6.0390625
149.0 5.9921875
150.0 5.4609375
151.0 5.7890625
152.0 5.7578125
153.0 5.75
154.0 5.9296875
155.0 5.484375
156.0 5.671875
157.0 6.0078125
158.0 3.3125
159.0 8.5
160.0 6.1171875
161.0 5.8828125
162.0 5.671875
163.0 5.3125
164.0 5.640625
165.0 5.46875
166.0 5.3515625
167.0 5.5625
168.0 5.4921875
169.0 5.4609375
170.0 5.609375
171.0 4.8984375
172.0 4.453125
173.0 4.3046875
174.0 5.5
175.0 5.4296875
176.0 2.6328125
177.0 8.40625
178.0 5.6796875
179.0 5.0078125
180.0 2.4296875
181.0 7.25
182.0 4.828125
183.0 5.5859375
184.0 5.6796875
185.0 5.78125
186.0 5.640625
187.0 5.5859375
188.0 5.4609375
189.0 5.3671875
190.0 5.6953125
191.0 5.890625
192.0 5.140625
193.0 2.4140625
194.0 8.6484375
195.0 5.3515625
196.0 5.53125
197.0 5.4296875
198.0 5.15625
199.0 2.84375
200.0 7.875
201.0 5.5859375
202.0 5.5546875
203.0 5.7578125
204.0 5.6328125
205.0 5.234375
206.0 4.6484375
207.0 5.046875
208.0 5.484375
209.0 5.3828125
210.0 4.9921875
211.0 4.84375
212.0 5.0234375
213.0 1.5625
214.0 8.390625
215.0 4.828125
216.0 5.015625
217.0 3.7890625
218.0 5.453125
219.0 4.3515625
220.0 4.796875
221.0 5.1953125
222.0 4.7578125
223.0 4.7265625
224.0 4.8359375
225.0 5.0546875
226.0 4.890625
227.0 4.546875
228.0 4.6484375
229.0 5.109375
230.0 5.078125
231.0 5.3671875
232.0 5.2265625
233.0 5.1953125
234.0 5.140625
235.0 5.109375
236.0 5.2734375
237.0 5.375
238.0 5.4296875
239.0 5.3671875
240.0 5.6484375
241.0 5.640625
242.0 5.2734375
243.0 5.1875
244.0 5.5234375
245.0 5.234375
246.0 5.40625
247.0 5.5546875
248.0 5.4609375
249.0 5.46875
250.0 5.78125
251.0 5.578125
252.0 5.109375
253.0 5.203125
254.0 5.1875
255.0 5.171875
256.0 4.7421875
257.0 5.234375
258.0 5.3125
259.0 5.1640625
260.0 5.0234375
261.0 4.875
262.0 4.6953125
263.0 4.4296875
264.0 4.8046875
265.0 4.859375
266.0 4.9921875
267.0 4.875
268.0 4.984375
269.0 5.109375
270.0 5.15625
271.0 5.140625
272.0 5.1953125
273.0 5.2890625
274.0 5.234375
275.0 3.609375
276.0 6.71875
277.0 3.515625
278.0 5.546875
279.0 4.7734375
280.0 4.828125
281.0 4.9921875
282.0 5.546875
283.0 5.2578125
284.0 5.140625
285.0 4.7734375
286.0 4.4453125
287.0 5.21875
288.0 5.671875
289.0 5.3671875
290.0 5.640625
291.0 5.3203125
292.0 1.234375
293.0 9.984375
294.0 5.828125
295.0 5.6015625
296.0 5.609375
297.0 5.515625
298.0 0.8828125
299.0 10.3671875
300.0 5.5546875
301.0 5.046875
302.0 4.46875
303.0 5.15625
304.0 5.2265625
305.0 4.8125
306.0 4.3828125
307.0 5.3671875
308.0 5.9296875
309.0 5.875
310.0 5.8828125
311.0 5.3515625
312.0 5.3125
313.0 5.40625
314.0 5.3046875
315.0 5.53125
316.0 5.21875
317.0 4.9921875
318.0 5.3671875
319.0 5.203125
320.0 2.7421875
321.0 7.65625
322.0 5.2578125
323.0 5.234375
324.0 5.0078125
325.0 4.9453125
326.0 5.4609375
327.0 5.140625
328.0 2.6015625
329.0 8.2578125
330.0 5.421875
331.0 5.515625
332.0 6.1484375
333.0 5.4921875
334.0 1.9453125
335.0 8.2109375
336.0 5.5859375
337.0 5.8828125
338.0 5.53125
339.0 5.3515625
340.0 5.3046875
341.0 5.3828125
342.0 5.53125
343.0 5.4296875
344.0 5.46875
345.0 5.75
346.0 5.8828125
347.0 2.671875
348.0 8.1484375
349.0 5.5
350.0 5.3671875
351.0 5.484375
352.0 5.375
353.0 2.9375
354.0 7.71875
355.0 4.75
356.0 2.5234375
357.0 5.5859375
358.0 5.6015625
359.0 5.25
360.0 5.3203125
361.0 4.65625
362.0 5.15625
363.0 5.3671875
364.0 5.3203125
365.0 4.53125
366.0 6.359375
367.0 5.2265625
368.0 5.0703125
369.0 5.3828125
370.0 5.2578125
371.0 5.2734375
372.0 5.6640625
373.0 5.515625
374.0 5.453125
375.0 5.6796875
376.0 5.8125
377.0 5.34375
378.0 5.21875
379.0 5.640625
380.0 5.9609375
381.0 5.84375
382.0 5.828125
383.0 5.7109375
384.0 5.765625
385.0 6.109375
386.0 6.078125
387.0 5.859375
388.0 5.4609375
389.0 5.5234375
390.0 5.5234375
391.0 5.9375
392.0 5.5859375
393.0 5.2734375
394.0 5.546875
395.0 5.640625
396.0 5.375
397.0 5.3515625
398.0 5.3203125
399.0 4.390625
400.0 5.6640625
401.0 5.609375
402.0 5.109375
403.0 5.3671875
404.0 5.5234375
405.0 5.1875
406.0 5.2734375
407.0 5.21875
408.0 5.2265625
409.0 5.3359375
410.0 4.6875
411.0 5.2578125
412.0 5.3671875
413.0 5.203125
414.0 5.171875
415.0 5.375
416.0 4.5
417.0 5.875
418.0 4.9765625
419.0 5.1328125
420.0 5.21875
421.0 1.34375
422.0 9.1171875
423.0 5.3125
424.0 5.5234375
425.0 5.25
426.0 5.140625
427.0 5.1953125
428.0 5.3359375
429.0 5.859375
430.0 5.4296875
431.0 5.25
432.0 5.5546875
433.0 5.6171875
434.0 4.2109375
435.0 7.1640625
436.0 5.7109375
437.0 5.6640625
438.0 5.3046875
439.0 5.6015625
440.0 3.0
441.0 7.90625
442.0 5.3203125
443.0 5.0390625
444.0 5.0859375
445.0 5.125
446.0 4.8984375
447.0 3.8515625
448.0 4.578125
449.0 5.453125
450.0 5.046875
451.0 5.4375
452.0 5.421875
453.0 2.5078125
454.0 8.328125
455.0 5.75
456.0 5.6015625
457.0 5.2890625
458.0 5.34375
459.0 1.6171875
460.0 9.2421875
461.0 4.9921875
462.0 5.2578125
463.0 5.4375
464.0 5.3828125
465.0 5.515625
466.0 5.3828125
467.0 5.2734375
468.0 5.0390625
469.0 4.9296875
470.0 4.6796875
471.0 5.1640625
472.0 1.703125
473.0 9.1015625
474.0 5.375
475.0 3.65625
476.0 0.0703125
477.0 9.1875
478.0 5.703125
479.0 5.609375
480.0 5.21875
481.0 4.859375
482.0 6.140625
483.0 5.28125
484.0 5.3828125
485.0 5.546875
486.0 5.3203125
487.0 5.53125
488.0 5.890625
489.0 5.8125
490.0 5.546875
491.0 5.5234375
492.0 5.9921875
493.0 5.890625
494.0 6.0078125
495.0 5.765625
496.0 0.765625
497.0 10.578125
498.0 5.3046875
499.0 5.4921875
500.0 5.1015625
501.0 0.578125
502.0 8.1171875
503.0 7.28125
504.0 5.640625
505.0 4.9921875
506.0 5.171875
507.0 5.8125
508.0 5.3125
509.0 5.5546875
510.0 5.609375
511.0 5.5
512.0 4.78125
513.0 4.7109375
514.0 5.0078125
515.0 5.0859375
516.0 4.7421875
517.0 5.15625
518.0 5.078125
519.0 3.9453125
520.0 5.0234375
521.0 5.25
522.0 5.140625
523.0 5.5625
524.0 5.875
525.0 5.8125
526.0 5.734375
527.0 5.4375
528.0 5.671875
529.0 5.53125
530.0 5.765625
531.0 5.75
532.0 5.4921875
533.0 5.7890625
534.0 5.6953125
535.0 5.75
536.0 5.515625
537.0 5.546875
538.0 5.453125
539.0 5.375
540.0 5.546875
541.0 5.453125
542.0 5.46875
543.0 5.3046875
544.0 5.4609375
545.0 5.34375
546.0 4.7109375
547.0 5.5546875
548.0 5.6015625
549.0 5.0703125
550.0 5.15625
551.0 4.9765625
552.0 5.3046875
553.0 5.2265625
554.0 5.5546875
555.0 4.0703125
556.0 6.4375
557.0 1.890625
558.0 9.03125
559.0 5.5
560.0 5.6953125
561.0 5.7265625
562.0 5.3359375
563.0 5.078125
564.0 5.15625
565.0 5.484375
566.0 4.9765625
567.0 4.53125
568.0 4.6796875
569.0 5.1015625
570.0 4.828125
571.0 3.6953125
572.0 5.9375
573.0 2.5625
574.0 6.9765625
575.0 4.8671875
576.0 4.84375
577.0 3.4609375
578.0 6.6328125
579.0 5.4609375
580.0 5.3046875
581.0 4.90625
582.0 5.0546875
583.0 5.4296875
584.0 5.3515625
585.0 5.609375
586.0 5.40625
587.0 5.7265625
588.0 5.6328125
589.0 5.53125
590.0 5.6171875
591.0 2.8671875
592.0 8.140625
593.0 5.0703125
594.0 5.7890625
595.0 5.53125
596.0 4.0234375
597.0 7.2578125
598.0 5.546875
599.0 5.5859375
