0.0 4.7109375
1.0 4.7265625
2.0 4.8671875
3.0 4.9453125
4.0 4.0703125
5.0 5.7265625
6.0 5.1015625
7.0 4.5625
8.0 4.03125
9.0 3.0390625
10.0 5.5234375
11.0 4.4453125
12.0 4.3984375
13.0 4.59375
14.0 4.25
15.0 4.390625
16.0 4.25
17.0 4.796875
18.0 4.8125
19.0 4.7421875
20.0 4.7109375
21.0 4.75
22.0 4.875
23.0 2.875
24.0 6.5078125
25.0 4.75
26.0 4.9296875
27.0 4.6953125
28.0 0.5546875
29.0 8.71875
30.0 4.7734375
31.0 4.84375
32.0 4.875
33.0 5.015625
34.0 4.71875
35.0 4.9921875
36.0 4.921875
37.0 5.0078125
38.0 4.859375
39.0 5.0703125
40.0 4.203125
41.0 5.484375
42.0 4.9609375
43.0 4.6484375
44.0 4.84375
45.0 4.59375
46.0 4.296875
47.0 0.2109375
48.0 0.0
49.0 7.03125
50.0 3.1640625
51.0 4.8671875
52.0 4.921875
53.0 4.9609375
54.0 5.1015625
55.0 4.984375
56.0 2.03125
57.0 7.6328125
58.0 4.6875
59.0 4.8359375
60.0 1.328125
61.0 8.34375
62.0 4.84375
63.0 5.1015625
64.0 5.125
65.0 5.21875
66.0 4.9765625
67.0 5.046875
68.0 4.75
69.0 4.7265625
70.0 4.7578125
71.0 4.921875
72.0 4.9765625
73.0 1.1328125
74.0 8.4609375
75.0 4.890625
76.0 4.8046875
77.0 1.0625
78.0 8.4375
79.0 4.78125
80.0 4.7109375
81.0 4.859375
82.0 4.6015625
83.0 4.484375
84.0 4.7578125
85.0 4.1171875
86.0 5.1640625
87.0 4.984375
88.0 5.0078125
89.0 4.921875
90.0 4.953125
91.0 4.5078125
92.0 5.34375
93.0 4.921875
94.0 4.953125
95.0 4.5078125
96.0 5.125
97.0 4.546875
98.0 4.6328125
99.0 4.625
100.0 4.796875
101.0 4.609375
102.0 4.5078125
103.0 4.4296875
104.0 4.5
105.0 4.609375
106.0 4.7109375
107.0 4.515625
108.0 4.5078125
109.0 4.3671875
110.0 5.3203125
111.0 5.046875
112.0 4.984375
113.0 4.8359375
114.0 4.890625
115.0 4.8125
116.0 4.8359375
117.0 4.84375
118.0 4.7734375
119.0 4.8359375
120.0 4.828125
121.0 4.7578125
122.0 3.5546875
123.0 4.53125
124.0 2.15625
125.0 7.3203125
126.0 4.7734375
127.0 4.84375
128.0 1.4609375
129.0 8.46875
130.0 4.953125
131.0 4.71875
132.0 4.0703125
133.0 4.7578125
134.0 4.953125
135.0 5.015625
136.0 4.9453125
137.0 4.90625
138.0 4.953125
139.0 5.015625
140.0 5.078125
141.0 2.296875
142.0 7.640625
143.0 4.9921875
144.0 5.2578125
145.0 4.890625
146.0 1.8203125
147.0 7.5859375
148.0 4.59375
149.0 4.7421875
150.0 4.90625
151.0 5.1640625
152.0 4.9765625
153.0 5.0859375
154.0 4.8046875
155.0 4.8046875
156.0 4.9921875
157.0 4.8125
158.0 3.5625
159.0 6.0078125
160.0 4.84375
161.0 4.921875
162.0 4.7578125
163.0 4.7109375
164.0 4.859375
165.0 4.9296875
166.0 4.7734375
167.0 0.6640625
168.0 8.640625
169.0 4.578125
170.0 4.7265625
171.0 4.7578125
172.0 4.6328125
173.0 4.65625
174.0 4.7578125
175.0 4.8671875
176.0 4.953125
177.0 4.828125
178.0 4.578125
179.0 3.328125
180.0 6.2265625
181.0 4.796875
182.0 5.015625
183.0 5.109375
184.0 4.890625
185.0 4.953125
186.0 0.78125
187.0 9.390625
188.0 4.921875
189.0 4.828125
190.0 4.9609375
191.0 5.1015625
192.0 4.8359375
193.0 4.8984375
194.0 4.7421875
195.0 4.890625
196.0 5.0390625
197.0 4.796875
198.0 2.03125
199.0 8.140625
200.0 5.0859375
201.0 4.875
202.0 5.0703125
203.0 4.9765625
204.0 3.8203125
205.0 6.140625
206.0 5.078125
207.0 4.796875
208.0 4.921875
209.0 4.8984375
210.0 5.0859375
211.0 4.859375
212.0 5.34375
213.0 5.0703125
214.0 5.1015625
215.0 5.1015625
216.0 4.9921875
217.0 5.1640625
218.0 5.1015625
219.0 5.015625
220.0 5.15625
221.0 5.1328125
222.0 5.15625
223.0 5.0390625
224.0 4.8359375
225.0 4.484375
226.0 0.5703125
227.0 9.515625
228.0 5.2890625
229.0 4.9765625
230.0 4.9609375
231.0 4.84375
232.0 4.8359375
233.0 4.90625
234.0 5.0234375
235.0 5.0234375
236.0 4.9453125
237.0 4.7734375
238.0 4.953125
239.0 4.75
240.0 4.90625
241.0 0.15625
242.0 9.21875
243.0 4.8671875
244.0 4.7578125
245.0 4.84375
246.0 4.875
247.0 4.71875
248.0 5.0546875
249.0 4.9296875
250.0 3.0859375
251.0 6.9921875
252.0 4.953125
253.0 5.0546875
254.0 5.0234375
255.0 5.0703125
256.0 5.046875
257.0 5.15625
258.0 5.0546875
259.0 5.0859375
260.0 4.9453125
261.0 5.0078125
262.0 5.0234375
263.0 1.0625
264.0 8.953125
265.0 4.9453125
266.0 5.0390625
267.0 5.0703125
268.0 5.0859375
269.0 1.5546875
270.0 8.4140625
271.0 5.0390625
272.0 5.0390625
273.0 5.15625
274.0 4.9296875
275.0 4.9609375
276.0 5.046875
277.0 4.984375
278.0 5.1875
279.0 4.8671875
280.0 4.6484375
281.0 4.8671875
282.0 0.5859375
283.0 9.6875
284.0 5.109375
285.0 5.28125
286.0 4.984375
287.0 5.3671875
288.0 5.0078125
289.0 5.0234375
290.0 5.015625
291.0 5.0078125
292.0 5.078125
293.0 5.3046875
294.0 4.90625
295.0 4.953125
296.0 5.0390625
297.0 4.8984375
298.0 5.078125
299.0 4.71875
300.0 5.171875
301.0 4.78125
302.0 5.1640625
303.0 4.8984375
304.0 2.6953125
305.0 7.40625
306.0 4.9609375
307.0 5.0390625
308.0 4.8671875
309.0 4.828125
310.0 5.0703125
311.0 4.53125
312.0 5.1953125
313.0 4.8046875
314.0 5.0078125
315.0 4.6796875
316.0 5.046875
317.0 4.8984375
318.0 4.8984375
319.0 4.890625
320.0 5.015625
321.0 4.625
322.0 5.203125
323.0 4.9453125
324.0 4.984375
325.0 4.8671875
326.0 4.9453125
327.0 5.0390625
328.0 5.046875
329.0 5.1015625
330.0 4.984375
331.0 4.9453125
332.0 0.984375
333.0 9.3046875
334.0 5.2890625
335.0 5.375
336.0 5.3125
337.0 5.0703125
338.0 5.046875
339.0 5.125
340.0 5.0390625
341.0 4.9921875
342.0 5.0390625
343.0 4.65625
344.0 4.6328125
345.0 1.0
346.0 8.7421875
347.0 5.046875
348.0 5.1328125
349.0 5.0234375
350.0 5.140625
351.0 5.2578125
352.0 5.1875
353.0 5.15625
354.0 4.9765625
355.0 0.6015625
356.0 8.8046875
357.0 4.890625
358.0 5.078125
359.0 5.15625
360.0 4.84375
361.0 3.203125
362.0 6.359375
363.0 4.9609375
364.0 4.9921875
365.0 5.125
366.0 5.0546875
367.0 4.984375
368.0 5.0078125
369.0 4.9453125
370.0 4.9765625
371.0 4.796875
372.0 4.8984375
373.0 4.75
374.0 4.3046875
375.0 5.6953125
376.0 4.796875
377.0 4.71875
378.0 4.875
379.0 4.7578125
380.0 4.7265625
381.0 4.84375
382.0 4.796875
383.0 4.78125
384.0 4.515625
385.0 0.578125
386.0 8.2421875
387.0 4.796875
388.0 4.71875
389.0 4.7734375
390.0 4.875
391.0 5.1328125
392.0 4.9765625
393.0 1.0
394.0 8.765625
395.0 5.0859375
396.0 4.921875
397.0 5.3125
398.0 5.3125
399.0 5.1875
400.0 5.2734375
401.0 5.15625
402.0 4.875
403.0 5.140625
404.0 5.1328125
405.0 5.3203125
406.0 3.140625
407.0 6.9765625
408.0 5.0546875
409.0 4.8984375
410.0 4.953125
411.0 4.828125
412.0 0.671875
413.0 9.078125
414.0 4.7109375
415.0 4.7421875
416.0 4.84375
417.0 4.796875
418.0 4.7734375
419.0 4.5703125
420.0 4.828125
421.0 4.5390625
422.0 4.921875
423.0 4.875
424.0 5.015625
425.0 4.890625
426.0 4.828125
427.0 4.9296875
428.0 5.015625
429.0 4.7421875
430.0 4.8359375
431.0 1.296875
432.0 8.4453125
433.0 4.84375
434.0 5.1015625
435.0 4.59375
436.0 5.046875
437.0 5.109375
438.0 5.21875
439.0 4.953125
440.0 5.0703125
441.0 5.140625
442.0 5.171875
443.0 5.140625
444.0 4.9453125
445.0 4.875
446.0 5.15625
447.0 5.1328125
448.0 5.1640625
449.0 3.890625
450.0 6.4140625
451.0 4.921875
452.0 5.25
453.0 5.125
454.0 5.0078125
455.0 4.9453125
456.0 5.109375
457.0 4.78125
458.0 5.2265625
459.0 5.2265625
460.0 5.1875
461.0 5.1953125
462.0 4.9921875
463.0 5.25
464.0 5.125
465.0 5.203125
466.0 5.3828125
467.0 5.1015625
468.0 5.171875
469.0 3.9453125
470.0 6.2265625
471.0 5.0546875
472.0 4.8359375
473.0 5.125
474.0 5.0390625
475.0 4.0859375
476.0 5.875
477.0 4.9609375
478.0 4.9765625
479.0 5.0078125
480.0 4.9453125
481.0 4.890625
482.0 5.125
483.0 4.9609375
484.0 5.109375
485.0 5.0546875
486.0 4.8671875
487.0 4.9921875
488.0 5.0703125
489.0 4.8125
490.0 4.7109375
491.0 4.7421875
492.0 4.8984375
493.0 4.9921875
494.0 5.015625
495.0 5.1875
496.0 0.1640625
497.0 10.1015625
498.0 5.0234375
499.0 4.796875
500.0 1.203125
501.0 8.96875
502.0 4.9453125
503.0 5.109375
504.0 1.2421875
505.0 7.9296875
506.0 5.0703125
507.0 5.125
508.0 5.4375
509.0 5.2734375
510.0 5.046875
511.0 5.25
512.0 5.2890625
513.0 5.3515625
514.0 5.203125
515.0 4.8125
516.0 4.953125
517.0 5.2734375
518.0 1.078125
519.0 9.2734375
520.0 5.3203125
521.0 4.3359375
522.0 6.0
523.0 5.1015625
524.0 4.9921875
525.0 5.0234375
526.0 5.078125
527.0 4.890625
528.0 4.75
529.0 4.953125
530.0 4.953125
531.0 4.953125
532.0 4.9921875
533.0 5.0078125
534.0 4.21875
535.0 0.8671875
536.0 9.59375
537.0 5.0234375
538.0 5.0546875
539.0 4.9453125
540.0 2.296875
541.0 7.578125
542.0 4.90625
543.0 5.0078125
544.0 4.8984375
545.0 4.7578125
546.0 4.9296875
547.0 4.7734375
548.0 4.828125
549.0 4.9453125
550.0 4.984375
551.0 4.890625
552.0 4.7578125
553.0 1.609375
554.0 8.1171875
555.0 4.6796875
556.0 4.84375
557.0 3.0859375
558.0 6.78125
559.0 4.515625
560.0 5.171875
561.0 5.0078125
562.0 5.125
563.0 5.0390625
564.0 5.28125
565.0 4.875
566.0 5.453125
567.0 5.21875
568.0 5.3671875
569.0 5.0546875
570.0 4.78125
571.0 5.21875
572.0 4.9609375
573.0 4.890625
574.0 4.859375
575.0 5.140625
576.0 5.46875
577.0 5.140625
578.0 5.0703125
579.0 5.125
580.0 5.15625
581.0 5.375
582.0 5.2578125
583.0 5.015625
584.0 5.0703125
585.0 4.8984375
586.0 5.0390625
587.0 5.125
588.0 5.2578125
589.0 5.2265625
590.0 2.7265625
591.0 7.015625
592.0 4.7109375
593.0 5.0390625
594.0 5.0078125
595.0 4.859375
596.0 3.6484375
597.0 6.3046875
598.0 4.6796875
599.0 4.859375
