0.0 0.0
1.0 5.6640625
2.0 1.7109375
3.0 1.265625
4.0 2.7734375
5.0 3.203125
6.0 3.4296875
7.0 0.0
8.0 6.109375
9.0 2.1796875
10.0 2.09375
11.0 2.0703125
12.0 1.8984375
13.0 1.8828125
14.0 1.9453125
15.0 2.421875
16.0 3.8203125
17.0 3.9921875
18.0 4.46875
19.0 5.1953125
20.0 2.359375
21.0 6.359375
22.0 5.3125
23.0 5.046875
24.0 4.828125
25.0 5.1640625
26.0 5.0546875
27.0 5.84375
28.0 5.6640625
29.0 5.3671875
30.0 4.6328125
31.0 5.109375
32.0 5.6171875
33.0 5.6796875
34.0 5.3125
35.0 4.171875
36.0 4.4296875
37.0 5.3515625
38.0 5.9921875
39.0 5.84375
40.0 5.2734375
41.0 1.2265625
42.0 7.6640625
43.0 5.078125
44.0 5.796875
45.0 5.671875
46.0 3.8203125
47.0 7.8125
48.0 5.171875
49.0 6.171875
50.0 6.0546875
51.0 5.8125
52.0 6.2109375
53.0 6.140625
54.0 6.4765625
55.0 6.4375
56.0 6.0078125
57.0 6.5703125
58.0 6.734375
59.0 6.890625
60.0 2.71875
61.0 8.953125
62.0 5.4921875
63.0 3.9453125
64.0 5.734375
65.0 2.7109375
66.0 4.3671875
67.0 5.90625
68.0 6.0859375
69.0 6.3203125
70.0 3.265625
71.0 9.6015625
72.0 3.90625
73.0 0.9453125
74.0 0.1328125
75.0 0.0
76.0 0.0
77.0 0.0
78.0 6.3671875
79.0 0.65625
80.0 0.359375
81.0 0.3671875
82.0 0.390625
83.0 0.2890625
84.0 0.8125
85.0 2.671875
86.0 2.7265625
87.0 2.5703125
88.0 2.5625
89.0 3.0234375
90.0 0.6953125
91.0 5.515625
92.0 2.671875
93.0 2.2734375
94.0 2.8203125
95.0 2.9921875
96.0 3.296875
97.0 0.0
98.0 6.3203125
99.0 3.4140625
100.0 3.3125
101.0 0.0
102.0 6.0546875
103.0 2.7265625
104.0 2.8125
105.0 3.1171875
106.0 3.4375
107.0 2.4140625
108.0 4.515625
109.0 3.953125
110.0 3.1796875
111.0 5.53125
112.0 5.8828125
113.0 6.203125
114.0 6.2109375
115.0 6.46875
116.0 6.7734375
117.0 6.6875
118.0 6.5625
119.0 6.4453125
120.0 6.9453125
121.0 6.03125
122.0 5.96875
123.0 5.421875
124.0 5.875
125.0 5.0390625
126.0 5.84375
127.0 6.1796875
128.0 5.6953125
129.0 5.2734375
130.0 5.484375
131.0 5.1875
132.0 5.8203125
133.0 5.28125
134.0 5.4296875
135.0 5.171875
136.0 4.7734375
137.0 5.15625
138.0 5.890625
139.0 6.296875
140.0 6.7109375
141.0 6.765625
142.0 6.6015625
143.0 6.5390625
144.0 5.9609375
145.0 6.328125
146.0 5.875
147.0 1.4140625
148.0 5.9921875
149.0 5.890625
150.0 4.890625
151.0 1.359375
152.0 10.2890625
153.0 6.2109375
154.0 6.2265625
155.0 6.1796875
156.0 5.875
157.0 5.9453125
158.0 6.1796875
159.0 6.109375
160.0 6.328125
161.0 6.3203125
162.0 5.9921875
163.0 6.0390625
164.0 6.328125
165.0 4.515625
166.0 3.3125
167.0 3.2265625
168.0 2.2109375
169.0 0.0
170.0 7.375
171.0 0.71875
172.0 2.8125
173.0 3.40625
174.0 3.0546875
175.0 2.640625
176.0 2.421875
177.0 3.1796875
178.0 2.921875
179.0 1.390625
180.0 0.0
181.0 0.0
182.0 6.1171875
183.0 3.1796875
184.0 3.40625
185.0 3.34375
186.0 3.21875
187.0 1.0
188.0 9.3984375
189.0 7.1640625
190.0 6.46875
191.0 5.9765625
192.0 5.875
193.0 5.515625
194.0 4.953125
195.0 5.0859375
196.0 6.265625
197.0 6.15625
198.0 6.5
199.0 6.484375
200.0 6.4140625
201.0 6.1875
202.0 5.3984375
203.0 5.3046875
204.0 6.6484375
205.0 6.2734375
206.0 6.3203125
207.0 3.546875
208.0 6.5
209.0 6.296875
210.0 6.71875
211.0 6.390625
212.0 6.78125
213.0 5.7890625
214.0 6.171875
215.0 6.3046875
216.0 6.5078125
217.0 6.71875
218.0 5.7890625
219.0 5.0703125
220.0 5.9140625
221.0 4.421875
222.0 4.6640625
223.0 6.2265625
224.0 6.15625
225.0 6.6484375
226.0 6.0625
227.0 3.2578125
228.0 1.390625
229.0 0.0
230.0 5.84375
231.0 5.0546875
232.0 6.484375
233.0 4.5
234.0 2.4765625
235.0 2.671875
236.0 1.7421875
237.0 2.8671875
238.0 5.6484375
239.0 2.7265625
240.0 0.3671875
241.0 0.0
242.0 10.828125
243.0 4.9921875
244.0 3.7890625
245.0 3.203125
246.0 5.8203125
247.0 5.5
248.0 5.171875
249.0 5.125
250.0 3.2578125
251.0 2.953125
252.0 2.8671875
253.0 3.296875
254.0 3.8046875
255.0 3.1953125
256.0 3.234375
257.0 3.3125
258.0 3.21875
259.0 3.1171875
260.0 2.4296875
261.0 3.0
262.0 3.65625
263.0 3.609375
264.0 3.3984375
265.0 3.578125
266.0 3.5234375
267.0 3.4921875
268.0 3.25
269.0 1.34375
270.0 0.0
271.0 7.3671875
272.0 3.4609375
273.0 3.203125
274.0 3.1484375
275.0 2.78125
276.0 1.1328125
277.0 6.0
278.0 4.2734375
279.0 4.328125
280.0 6.234375
281.0 5.4609375
282.0 5.6640625
283.0 6.0234375
284.0 6.515625
285.0 6.625
286.0 6.2890625
287.0 4.1484375
288.0 1.5234375
289.0 8.671875
290.0 6.734375
291.0 5.6796875
292.0 3.7421875
293.0 5.3828125
294.0 6.2421875
295.0 5.8125
296.0 5.7265625
297.0 6.6796875
298.0 6.4765625
299.0 6.421875
300.0 6.1484375
301.0 6.59375
302.0 4.9921875
303.0 4.3203125
304.0 6.8828125
305.0 7.09375
306.0 7.140625
307.0 4.8125
308.0 8.2265625
309.0 5.859375
310.0 3.40625
311.0 10.7265625
312.0 7.8515625
313.0 7.5078125
314.0 7.28125
315.0 5.734375
316.0 3.4765625
317.0 3.1796875
318.0 3.1796875
319.0 0.8984375
320.0 5.5625
321.0 3.4296875
322.0 3.65625
323.0 3.953125
324.0 7.140625
325.0 6.4765625
326.0 6.2421875
327.0 6.0546875
328.0 6.2265625
329.0 4.859375
330.0 2.9296875
331.0 6.515625
332.0 6.78125
333.0 6.265625
334.0 6.1875
335.0 6.203125
336.0 6.0078125
337.0 6.1875
338.0 3.5546875
339.0 2.75
340.0 3.2265625
341.0 2.953125
342.0 2.890625
343.0 3.1484375
344.0 2.9375
345.0 2.515625
346.0 7.8671875
347.0 6.9140625
348.0 6.8671875
349.0 6.53125
350.0 6.9921875
351.0 6.9453125
352.0 6.65625
353.0 6.6875
354.0 6.9453125
355.0 6.921875
356.0 6.5078125
357.0 6.390625
358.0 6.390625
359.0 6.78125
360.0 7.140625
361.0 7.3984375
362.0 7.5859375
363.0 5.9140625
364.0 6.6171875
365.0 7.8515625
366.0 7.375
367.0 6.8125
368.0 4.6328125
369.0 7.0390625
370.0 7.3359375
371.0 7.15625
372.0 7.2890625
373.0 7.5390625
374.0 7.484375
375.0 7.640625
376.0 6.734375
377.0 6.9296875
378.0 6.4375
379.0 6.7734375
380.0 6.4453125
381.0 6.6484375
382.0 6.8125
383.0 6.953125
384.0 7.1015625
385.0 6.9609375
386.0 6.953125
387.0 7.015625
388.0 7.28125
389.0 7.3046875
390.0 6.46875
391.0 5.2890625
392.0 6.296875
393.0 7.125
394.0 7.125
395.0 6.828125
396.0 7.0390625
397.0 7.0703125
398.0 6.8125
399.0 2.6953125
400.0 11.5703125
401.0 5.46875
402.0 4.3984375
403.0 2.0625
404.0 10.8046875
405.0 6.2109375
406.0 5.9921875
407.0 6.4453125
408.0 6.765625
409.0 7.015625
410.0 6.9296875
411.0 7.09375
412.0 6.9140625
413.0 6.7734375
414.0 5.1328125
415.0 3.2578125
416.0 2.9609375
417.0 2.71875
418.0 0.9609375
419.0 0.734375
420.0 0.84375
421.0 0.046875
422.0 4.7109375
423.0 3.3203125
424.0 3.3671875
425.0 3.3515625
426.0 3.4375
427.0 3.3671875
428.0 1.265625
429.0 0.0
430.0 5.96875
431.0 1.2578125
432.0 2.421875
433.0 3.1953125
434.0 2.28125
435.0 2.2421875
436.0 2.09375
437.0 2.6953125
438.0 3.171875
439.0 3.1640625
440.0 1.6796875
441.0 2.2734375
442.0 2.5703125
443.0 0.0
444.0 0.0
445.0 3.65625
446.0 6.171875
447.0 3.7265625
448.0 3.296875
449.0 3.40625
450.0 2.2734375
451.0 0.0
452.0 7.4921875
453.0 3.4453125
454.0 4.1875
455.0 3.6484375
456.0 4.8125
457.0 3.9921875
458.0 3.4921875
459.0 3.4140625
460.0 2.3984375
461.0 4.7578125
462.0 3.640625
463.0 0.0390625
464.0 7.0625
465.0 3.34375
466.0 3.4296875
467.0 3.328125
468.0 5.34375
469.0 4.7265625
470.0 3.953125
471.0 4.359375
472.0 2.4453125
473.0 6.859375
474.0 5.4921875
475.0 5.6484375
476.0 4.328125
477.0 0.046875
478.0 7.9140625
479.0 4.9921875
480.0 4.3515625
481.0 4.203125
482.0 4.0625
483.0 4.0859375
484.0 3.703125
485.0 5.609375
486.0 6.8046875
487.0 6.5859375
488.0 6.5703125
489.0 6.9140625
490.0 5.6953125
491.0 8.0859375
492.0 6.9609375
493.0 6.59375
494.0 6.8046875
495.0 6.5546875
496.0 6.7734375
497.0 1.7890625
498.0 11.4453125
499.0 6.453125
500.0 6.6484375
501.0 7.1640625
502.0 6.9921875
503.0 6.484375
504.0 6.296875
505.0 6.421875
506.0 6.625
507.0 6.078125
508.0 6.0859375
509.0 6.4140625
510.0 6.4375
511.0 6.3671875
512.0 6.109375
513.0 6.0546875
514.0 6.2265625
515.0 6.421875
516.0 5.9140625
517.0 6.1484375
518.0 6.5390625
519.0 6.625
520.0 6.953125
521.0 7.0390625
522.0 6.8984375
523.0 7.0078125
524.0 6.84375
525.0 1.796875
526.0 11.8671875
527.0 6.5625
528.0 5.96875
529.0 6.15625
530.0 6.515625
531.0 6.59375
532.0 5.875
533.0 5.9375
534.0 6.453125
535.0 6.4453125
536.0 6.5078125
537.0 4.6796875
538.0 8.265625
539.0 6.4765625
540.0 6.6875
541.0 6.796875
542.0 7.0703125
543.0 6.9765625
544.0 5.109375
545.0 8.5
546.0 6.828125
547.0 6.3515625
548.0 4.09375
549.0 3.1328125
550.0 3.21875
551.0 3.3125
552.0 3.4453125
553.0 3.40625
554.0 3.40625
555.0 3.1953125
556.0 1.0546875
557.0 6.0546875
558.0 3.0546875
559.0 3.25
560.0 2.8046875
561.0 1.71875
562.0 0.0
563.0 6.8828125
564.0 3.109375
565.0 3.046875
566.0 2.984375
567.0 3.203125
568.0 3.140625
569.0 3.0
570.0 3.4921875
571.0 3.3125
572.0 3.2578125
573.0 0.03125
574.0 6.203125
575.0 3.203125
576.0 3.7109375
577.0 3.1171875
578.0 3.2578125
579.0 3.7109375
580.0 6.0
581.0 6.4765625
582.0 6.6171875
583.0 6.734375
584.0 6.6875
585.0 6.3515625
586.0 6.6640625
587.0 6.75
588.0 6.5078125
589.0 6.625
590.0 6.7734375
591.0 6.3828125
592.0 6.78125
593.0 6.65625
594.0 6.625
595.0 6.3046875
596.0 5.7890625
597.0 3.21875
598.0 5.25
599.0 4.859375
