0.0 3.1640625
1.0 9.2265625
2.0 6.5703125
3.0 6.796875
4.0 6.5859375
5.0 5.078125
6.0 5.640625
7.0 6.4765625
8.0 7.3046875
9.0 7.4375
10.0 4.1015625
11.0 10.4375
12.0 6.9765625
13.0 6.625
14.0 6.984375
15.0 6.3671875
16.0 6.2734375
17.0 7.5546875
18.0 6.9609375
19.0 7.2578125
20.0 6.921875
21.0 6.8984375
22.0 6.2890625
23.0 7.2421875
24.0 7.2734375
25.0 7.09375
26.0 7.609375
27.0 7.6328125
28.0 7.75
29.0 2.234375
30.0 12.6796875
31.0 7.0390625
32.0 7.2421875
33.0 4.6015625
34.0 10.109375
35.0 6.953125
36.0 3.9921875
37.0 10.1796875
38.0 7.3046875
39.0 7.1328125
40.0 7.3046875
41.0 6.734375
42.0 5.84375
43.0 6.15625
44.0 6.6484375
45.0 6.59375
46.0 3.46875
47.0 9.3984375
48.0 6.1484375
49.0 5.6640625
50.0 6.734375
51.0 5.6328125
52.0 2.5078125
53.0 8.8828125
54.0 7.1640625
55.0 6.2578125
56.0 5.640625
57.0 5.6953125
58.0 5.8203125
59.0 5.078125
60.0 4.6640625
61.0 5.484375
62.0 5.3828125
63.0 5.8515625
64.0 5.890625
65.0 5.1328125
66.0 6.0234375
67.0 3.265625
68.0 2.9921875
69.0 5.15625
70.0 5.75
71.0 5.015625
72.0 3.3203125
73.0 5.484375
74.0 5.2265625
75.0 4.5390625
76.0 5.7578125
77.0 6.0390625
78.0 5.5546875
79.0 3.84375
80.0 8.3515625
81.0 6.6640625
82.0 4.6640625
83.0 5.9296875
84.0 6.5078125
85.0 6.3828125
86.0 6.109375
87.0 3.8515625
88.0 3.6171875
89.0 5.6953125
90.0 6.2734375
91.0 6.15625
92.0 6.6328125
93.0 7.0078125
94.0 7.1640625
95.0 6.9140625
96.0 5.40625
97.0 0.0
98.0 10.4140625
99.0 6.5390625
100.0 6.5859375
101.0 6.8984375
102.0 6.625
103.0 6.859375
104.0 7.140625
105.0 6.5
106.0 7.078125
107.0 6.78125
108.0 6.3515625
109.0 6.9921875
110.0 6.8125
111.0 6.8984375
112.0 7.1796875
113.0 5.7109375
114.0 7.65625
115.0 6.8125
116.0 7.09375
117.0 7.015625
118.0 7.140625
119.0 6.5703125
120.0 3.625
121.0 10.1640625
122.0 5.6484375
123.0 6.1171875
124.0 5.9609375
125.0 5.0859375
126.0 3.4140625
127.0 4.6796875
128.0 5.765625
129.0 4.1875
130.0 4.4296875
131.0 5.2265625
132.0 2.84375
133.0 10.0
134.0 3.6953125
135.0 9.640625
136.0 6.234375
137.0 5.078125
138.0 3.1328125
139.0 9.0390625
140.0 6.0859375
141.0 6.46875
142.0 6.84375
143.0 5.96875
144.0 5.5859375
145.0 7.28125
146.0 5.8515625
147.0 5.0546875
148.0 6.5703125
149.0 6.984375
150.0 6.59375
151.0 7.2109375
152.0 6.171875
153.0 4.5
154.0 0.9921875
155.0 11.421875
156.0 5.9296875
157.0 6.1484375
158.0 7.1640625
159.0 7.109375
160.0 6.921875
161.0 6.6875
162.0 7.125
163.0 6.8125
164.0 4.59375
165.0 3.5546875
166.0 0.1640625
167.0 11.359375
168.0 6.765625
169.0 6.5
170.0 5.9453125
171.0 7.046875
172.0 7.125
173.0 7.1875
174.0 6.59375
175.0 5.8828125
176.0 5.3203125
177.0 6.1796875
178.0 5.9765625
179.0 4.59375
180.0 3.109375
181.0 2.4453125
182.0 0.671875
183.0 6.7421875
184.0 2.640625
185.0 4.1875
186.0 4.46875
187.0 2.8125
188.0 6.6015625
189.0 2.5625
190.0 2.953125
191.0 2.0
192.0 2.5234375
193.0 2.6640625
194.0 3.7890625
195.0 4.0234375
196.0 3.7421875
197.0 3.9921875
198.0 5.125
199.0 5.671875
200.0 4.5390625
201.0 7.7578125
202.0 4.828125
203.0 6.9765625
204.0 3.4453125
205.0 2.609375
206.0 0.421875
207.0 8.671875
208.0 5.0390625
209.0 5.6171875
210.0 5.796875
211.0 6.03125
212.0 6.625
213.0 4.171875
214.0 2.28125
215.0 1.8828125
216.0 3.859375
217.0 5.171875
218.0 6.2734375
219.0 2.296875
220.0 6.765625
221.0 6.765625
222.0 6.9296875
223.0 7.0625
224.0 6.390625
225.0 5.96875
226.0 7.3125
227.0 7.0703125
228.0 7.2265625
229.0 7.1875
230.0 5.1875
231.0 3.609375
232.0 2.7890625
233.0 2.25
234.0 2.2734375
235.0 5.6640625
236.0 2.359375
237.0 2.34375
238.0 1.3828125
239.0 4.3515625
240.0 4.265625
241.0 4.09375
242.0 3.625
243.0 5.859375
244.0 7.3125
245.0 6.7734375
246.0 6.9453125
247.0 7.2265625
248.0 6.7734375
249.0 6.46875
250.0 3.375
251.0 10.65625
252.0 7.3359375
253.0 6.953125
254.0 4.84375
255.0 5.9609375
256.0 6.453125
257.0 7.09375
258.0 7.1328125
259.0 4.75
260.0 6.296875
261.0 7.15625
262.0 7.3125
263.0 6.5546875
264.0 1.8671875
265.0 10.4453125
266.0 6.6875
267.0 6.8984375
268.0 6.9453125
269.0 6.9921875
270.0 7.6015625
271.0 5.4921875
272.0 7.3125
273.0 5.203125
274.0 5.4921875
275.0 5.046875
276.0 6.3359375
277.0 6.5625
278.0 6.078125
279.0 6.1875
280.0 5.9375
281.0 4.3828125
282.0 3.4921875
283.0 3.8046875
284.0 5.3125
285.0 4.890625
286.0 5.2578125
287.0 5.4921875
288.0 5.5625
289.0 2.390625
290.0 6.09375
291.0 6.9453125
292.0 3.375
293.0 5.578125
294.0 3.3125
295.0 5.0390625
296.0 1.984375
297.0 2.4765625
298.0 3.3125
299.0 5.7890625
300.0 6.78125
301.0 4.9921875
302.0 3.640625
303.0 3.4375
304.0 4.484375
305.0 1.8671875
306.0 9.75
307.0 6.9296875
308.0 5.828125
309.0 4.234375
310.0 1.734375
311.0 10.4296875
312.0 4.5625
313.0 3.0390625
314.0 1.4453125
315.0 2.2109375
316.0 3.9453125
317.0 2.5625
318.0 3.7421875
319.0 4.859375
320.0 5.78125
321.0 6.4375
322.0 5.96875
323.0 2.8046875
324.0 9.515625
325.0 6.7421875
326.0 6.890625
327.0 6.8671875
328.0 7.0078125
329.0 6.703125
330.0 5.5625
331.0 3.3671875
332.0 9.0390625
333.0 6.3828125
334.0 6.4453125
335.0 6.4375
336.0 6.6171875
337.0 6.6875
338.0 6.8984375
339.0 6.9296875
340.0 6.703125
341.0 6.9765625
342.0 6.09375
343.0 6.9609375
344.0 6.8828125
345.0 4.28125
346.0 10.078125
347.0 6.9140625
348.0 5.9296875
349.0 0.0
350.0 6.9296875
351.0 1.5
352.0 3.515625
353.0 3.1953125
354.0 2.03125
355.0 1.9140625
356.0 5.5546875
357.0 6.78125
358.0 7.09375
359.0 6.2578125
360.0 6.0625
361.0 6.5625
362.0 3.7734375
363.0 8.375
364.0 2.75
365.0 0.8984375
366.0 1.1796875
367.0 2.3984375
368.0 2.484375
369.0 0.1328125
370.0 0.0
371.0 5.1875
372.0 3.1953125
373.0 4.09375
374.0 4.21875
375.0 6.6640625
376.0 6.78125
377.0 4.4140625
378.0 5.3359375
379.0 5.3984375
380.0 3.84375
381.0 5.21875
382.0 6.2109375
383.0 5.3671875
384.0 4.6328125
385.0 6.125
386.0 4.0703125
387.0 7.6875
388.0 0.328125
389.0 3.2890625
390.0 5.7890625
391.0 6.4375
392.0 4.1015625
393.0 0.046875
394.0 5.8828125
395.0 6.6328125
396.0 6.71875
397.0 6.3203125
398.0 6.6484375
399.0 5.9140625
400.0 2.9921875
401.0 3.703125
402.0 5.8125
403.0 4.4296875
404.0 6.5546875
405.0 7.25
406.0 7.15625
407.0 6.5859375
408.0 6.453125
409.0 3.515625
410.0 7.3125
411.0 7.078125
412.0 6.2578125
413.0 2.8984375
414.0 10.84375
415.0 7.34375
416.0 6.953125
417.0 6.9765625
418.0 6.3203125
419.0 7.125
420.0 6.6640625
421.0 6.4140625
422.0 6.0
423.0 7.1875
424.0 7.140625
425.0 6.078125
426.0 6.890625
427.0 6.0078125
428.0 2.390625
429.0 3.5546875
430.0 6.6015625
431.0 6.9609375
432.0 4.90625
433.0 8.359375
434.0 6.8046875
435.0 7.078125
436.0 6.6484375
437.0 7.046875
438.0 6.625
439.0 6.171875
440.0 6.8984375
441.0 6.9609375
442.0 7.03125
443.0 6.453125
444.0 6.6796875
445.0 6.703125
446.0 4.6796875
447.0 9.3359375
448.0 3.5
449.0 10.203125
450.0 7.359375
451.0 7.0625
452.0 6.4453125
453.0 6.4140625
454.0 6.84375
455.0 6.65625
456.0 6.265625
457.0 6.515625
458.0 3.8515625
459.0 9.9296875
460.0 6.9921875
461.0 7.2734375
462.0 3.9140625
463.0 10.65625
464.0 6.296875
465.0 6.7421875
466.0 7.0078125
467.0 7.2265625
468.0 7.0703125
469.0 6.9609375
470.0 6.9453125
471.0 6.9453125
472.0 6.8359375
473.0 6.09375
474.0 7.0625
475.0 6.765625
476.0 5.171875
477.0 2.5390625
478.0 7.609375
479.0 6.859375
480.0 6.796875
481.0 7.34375
482.0 3.7890625
483.0 11.328125
484.0 4.234375
485.0 10.5859375
486.0 6.984375
487.0 7.3984375
488.0 7.3203125
489.0 7.359375
490.0 7.03125
491.0 6.8984375
492.0 6.8671875
493.0 6.890625
494.0 7.046875
495.0 6.9453125
496.0 7.1328125
497.0 6.984375
498.0 7.2421875
499.0 3.046875
500.0 1.703125
501.0 1.828125
502.0 3.609375
503.0 3.53125
504.0 3.0390625
505.0 2.8671875
506.0 3.7109375
507.0 6.8671875
508.0 6.6640625
509.0 1.328125
510.0 9.578125
511.0 4.5
512.0 6.6171875
513.0 5.0390625
514.0 0.546875
515.0 6.4453125
516.0 4.6328125
517.0 5.25
518.0 6.6171875
519.0 6.984375
520.0 6.2578125
521.0 3.25
522.0 5.9375
523.0 5.9296875
524.0 4.4453125
525.0 6.734375
526.0 6.65625
527.0 3.65625
528.0 10.25
529.0 6.296875
530.0 4.3671875
531.0 1.0625
532.0 8.703125
533.0 1.4921875
534.0 1.359375
535.0 1.2265625
536.0 0.9453125
537.0 1.4453125
538.0 2.609375
539.0 4.0234375
540.0 1.8984375
541.0 1.4375
542.0 1.9453125
543.0 2.890625
544.0 2.390625
545.0 0.015625
546.0 6.859375
547.0 3.25
548.0 3.1015625
549.0 2.953125
550.0 2.0390625
551.0 0.0
552.0 7.3984375
553.0 4.21875
554.0 4.6953125
555.0 4.3359375
556.0 3.7109375
557.0 4.1875
558.0 3.3125
559.0 2.7109375
560.0 2.921875
561.0 2.5078125
562.0 2.59375
563.0 3.5625
564.0 3.6796875
565.0 0.46875
566.0 8.9765625
567.0 4.0859375
568.0 3.5859375
569.0 2.5390625
570.0 0.0078125
571.0 4.8984375
572.0 3.171875
573.0 1.671875
574.0 3.9765625
575.0 4.8046875
576.0 3.28125
577.0 4.0234375
578.0 4.1796875
579.0 2.6328125
580.0 2.0625
581.0 3.5234375
582.0 3.5234375
583.0 3.5234375
584.0 0.2109375
585.0 6.5703125
586.0 3.3671875
587.0 2.6015625
588.0 2.3125
589.0 1.0546875
590.0 0.0
591.0 0.0
592.0 6.78125
593.0 5.203125
594.0 3.40625
595.0 7.09375
596.0 4.296875
597.0 5.84375
598.0 6.0859375
599.0 6.171875
