0.0 4.4765625
1.0 4.1328125
2.0 4.15625
3.0 4.296875
4.0 4.46875
5.0 4.421875
6.0 4.46875
7.0 4.4296875
8.0 4.3515625
9.0 4.296875
10.0 4.53125
11.0 4.484375
12.0 4.75
13.0 4.390625
14.0 3.7421875
15.0 5.3359375
16.0 4.3828125
17.0 4.546875
18.0 4.5078125
19.0 4.6875
20.0 4.2421875
21.0 1.390625
22.0 7.1328125
23.0 4.25
24.0 4.15625
25.0 4.5078125
26.0 4.3515625
27.0 4.46875
28.0 4.515625
29.0 4.6328125
30.0 4.4765625
31.0 4.2109375
32.0 4.453125
33.0 4.6875
34.0 4.53125
35.0 4.59375
36.0 4.7734375
37.0 4.6640625
38.0 4.6015625
39.0 4.6328125
40.0 4.546875
41.0 1.015625
42.0 8.1640625
43.0 4.25
44.0 4.5078125
45.0 4.4140625
46.0 4.3984375
47.0 4.5625
48.0 0.2734375
49.0 8.859375
50.0 4.53125
51.0 4.5390625
52.0 4.5625
53.0 4.328125
54.0 4.296875
55.0 4.328125
56.0 4.3671875
57.0 4.1015625
58.0 4.09375
59.0 4.0390625
60.0 0.0
61.0 8.234375
62.0 4.0
63.0 4.03125
64.0 4.1328125
65.0 3.8828125
66.0 3.875
67.0 4.0234375
68.0 4.1484375
69.0 4.125
70.0 3.9765625
71.0 4.03125
72.0 4.0078125
73.0 1.234375
74.0 7.2734375
75.0 4.28125
76.0 4.0703125
77.0 2.3046875
78.0 6.3046875
79.0 4.2734375
80.0 4.4140625
81.0 4.484375
82.0 4.4296875
83.0 4.3828125
84.0 4.4453125
85.0 4.28125
86.0 4.2421875
87.0 3.953125
88.0 4.1328125
89.0 4.1796875
90.0 3.859375
91.0 1.328125
92.0 6.890625
93.0 1.5
94.0 7.0703125
95.0 3.9765625
96.0 4.4140625
97.0 3.8515625
98.0 5.0703125
99.0 4.53125
100.0 4.0546875
101.0 4.3671875
102.0 4.4296875
103.0 4.1484375
104.0 4.0234375
105.0 4.203125
106.0 3.9921875
107.0 3.9921875
108.0 4.3515625
109.0 4.203125
110.0 4.515625
111.0 4.453125
112.0 2.34375
113.0 6.3515625
114.0 4.203125
115.0 4.28125
116.0 3.875
117.0 1.390625
118.0 5.6015625
119.0 3.46875
120.0 4.1171875
121.0 4.390625
122.0 4.1484375
123.0 4.3046875
124.0 4.203125
125.0 3.0390625
126.0 3.671875
127.0 4.1328125
128.0 4.1796875
129.0 1.7578125
130.0 0.0
131.0 7.5234375
132.0 3.9765625
133.0 4.421875
134.0 4.9921875
135.0 4.625
136.0 4.4140625
137.0 4.21875
138.0 3.8515625
139.0 2.1953125
140.0 4.828125
141.0 4.1015625
142.0 2.671875
143.0 4.265625
144.0 4.5703125
145.0 4.5625
146.0 4.5625
147.0 4.0859375
148.0 4.3984375
149.0 4.171875
150.0 4.3046875
151.0 4.265625
152.0 4.296875
153.0 3.109375
154.0 5.2578125
155.0 4.59375
156.0 4.3203125
157.0 4.296875
158.0 4.578125
159.0 4.1171875
160.0 1.8828125
161.0 6.6015625
162.0 4.5625
163.0 4.5
164.0 4.46875
165.0 4.1875
166.0 4.203125
167.0 3.9375
168.0 4.1796875
169.0 4.2734375
170.0 4.1796875
171.0 3.734375
172.0 4.0078125
173.0 3.5625
174.0 1.203125
175.0 5.578125
176.0 3.875
177.0 4.3515625
178.0 4.46875
179.0 4.3046875
180.0 4.296875
181.0 0.078125
182.0 8.75
183.0 3.859375
184.0 4.1015625
185.0 4.1484375
186.0 4.15625
187.0 4.296875
188.0 4.5
189.0 4.6953125
190.0 4.1328125
191.0 4.0546875
192.0 3.921875
193.0 4.09375
194.0 0.40625
195.0 7.9296875
196.0 3.703125
197.0 2.7734375
198.0 5.2265625
199.0 2.8359375
200.0 5.2578125
201.0 4.1796875
202.0 4.1328125
203.0 4.15625
204.0 4.65625
205.0 4.265625
206.0 3.0546875
207.0 5.0234375
208.0 4.0625
209.0 4.21875
210.0 4.3515625
211.0 4.359375
212.0 4.3046875
213.0 4.1796875
214.0 4.46875
215.0 4.2734375
216.0 4.25
217.0 4.1875
218.0 4.359375
219.0 4.3828125
220.0 4.59375
221.0 3.1015625
222.0 5.875
223.0 4.546875
224.0 3.4375
225.0 5.4921875
226.0 4.2734375
227.0 4.3046875
228.0 4.59375
229.0 4.5390625
230.0 4.515625
231.0 4.796875
232.0 4.6796875
233.0 4.5625
234.0 4.4765625
235.0 4.7265625
236.0 4.7421875
237.0 4.4453125
238.0 3.203125
239.0 0.515625
240.0 8.5703125
241.0 3.0546875
242.0 4.3828125
243.0 2.375
244.0 0.984375
245.0 0.0
246.0 5.796875
247.0 2.2421875
248.0 2.4140625
249.0 2.265625
250.0 2.1875
251.0 1.65625
252.0 2.390625
253.0 2.8203125
254.0 4.265625
255.0 4.8046875
256.0 4.625
257.0 4.390625
258.0 4.0703125
259.0 1.046875
260.0 7.8828125
261.0 4.6484375
262.0 4.4765625
263.0 4.296875
264.0 2.8984375
265.0 5.796875
266.0 4.515625
267.0 4.421875
268.0 4.3046875
269.0 4.4296875
270.0 4.25
271.0 4.453125
272.0 4.328125
273.0 4.8671875
274.0 4.4765625
275.0 4.5625
276.0 4.4296875
277.0 3.2578125
278.0 5.4375
279.0 4.5078125
280.0 4.828125
281.0 4.8671875
282.0 4.828125
283.0 4.921875
284.0 2.7890625
285.0 6.921875
286.0 4.5625
287.0 4.546875
288.0 4.7578125
289.0 4.859375
290.0 4.8984375
291.0 4.6640625
292.0 4.5390625
293.0 4.515625
294.0 4.8125
295.0 4.3359375
296.0 2.671875
297.0 6.7109375
298.0 4.7109375
299.0 4.890625
300.0 4.578125
301.0 3.296875
302.0 5.421875
303.0 4.484375
304.0 3.046875
305.0 3.0
306.0 3.234375
307.0 4.328125
308.0 4.6015625
309.0 3.0390625
310.0 2.8125
311.0 3.0703125
312.0 5.828125
313.0 4.578125
314.0 4.59375
315.0 4.609375
316.0 1.953125
317.0 1.1328125
318.0 1.890625
319.0 3.8515625
320.0 4.4296875
321.0 4.515625
322.0 4.4453125
323.0 4.5703125
324.0 4.65625
325.0 4.7421875
326.0 4.9765625
327.0 1.171875
328.0 8.5625
329.0 4.78125
330.0 4.7734375
331.0 3.21875
332.0 0.4921875
333.0 7.1875
334.0 2.5078125
335.0 2.2109375
336.0 1.5625
337.0 2.9921875
338.0 4.546875
339.0 4.6484375
340.0 4.9296875
341.0 4.953125
342.0 4.7109375
343.0 4.7109375
344.0 4.984375
345.0 4.0859375
346.0 5.4609375
347.0 4.625
348.0 4.5078125
349.0 1.28125
350.0 8.2421875
351.0 3.4453125
352.0 5.8515625
353.0 4.5
354.0 4.359375
355.0 4.5625
356.0 4.6796875
357.0 4.4453125
358.0 4.46875
359.0 4.515625
360.0 4.0546875
361.0 4.6484375
362.0 4.6875
363.0 4.71875
364.0 4.59375
365.0 4.6015625
366.0 3.1171875
367.0 6.1171875
368.0 4.46875
369.0 4.46875
370.0 4.859375
371.0 4.78125
372.0 4.5625
373.0 5.0546875
374.0 4.796875
375.0 4.6484375
376.0 5.140625
377.0 4.7421875
378.0 4.7578125
379.0 4.78125
380.0 3.9921875
381.0 2.3984375
382.0 3.8828125
383.0 4.90625
384.0 4.7265625
385.0 4.9921875
386.0 4.7265625
387.0 4.6484375
388.0 4.7109375
389.0 4.7734375
390.0 1.28125
391.0 8.03125
392.0 4.6796875
393.0 4.6640625
394.0 4.1875
395.0 2.0859375
396.0 6.8125
397.0 4.1328125
398.0 4.1171875
399.0 3.9765625
400.0 4.1328125
401.0 4.4765625
402.0 4.3671875
403.0 4.25
404.0 4.328125
405.0 4.21875
406.0 4.4296875
407.0 4.421875
408.0 2.8515625
409.0 5.46875
410.0 4.453125
411.0 4.390625
412.0 4.203125
413.0 4.1328125
414.0 2.3125
415.0 0.0
416.0 5.375
417.0 0.359375
418.0 0.5703125
419.0 1.046875
420.0 1.9453125
421.0 4.4765625
422.0 4.3046875
423.0 4.4765625
424.0 4.3828125
425.0 4.5078125
426.0 3.890625
427.0 0.75
428.0 6.9609375
429.0 4.2734375
430.0 4.5703125
431.0 4.3828125
432.0 4.5078125
433.0 4.5078125
434.0 1.9765625
435.0 6.7109375
436.0 4.2734375
437.0 4.4140625
438.0 4.7265625
439.0 4.6875
440.0 4.609375
441.0 3.109375
442.0 5.53125
443.0 4.203125
444.0 4.4296875
445.0 4.546875
446.0 3.65625
447.0 3.34375
448.0 4.296875
449.0 4.3828125
450.0 3.921875
451.0 4.328125
452.0 4.3515625
453.0 4.5390625
454.0 4.5078125
455.0 3.0390625
456.0 6.2421875
457.0 4.265625
458.0 3.3515625
459.0 4.546875
460.0 4.4453125
461.0 4.4453125
462.0 4.46875
463.0 4.4140625
464.0 4.0625
465.0 4.3359375
466.0 4.4453125
467.0 4.296875
468.0 4.296875
469.0 4.203125
470.0 4.1875
471.0 4.328125
472.0 1.9375
473.0 6.625
474.0 4.09375
475.0 3.5546875
476.0 0.0
477.0 8.5234375
478.0 4.234375
479.0 4.328125
480.0 4.46875
481.0 4.421875
482.0 4.3671875
483.0 4.296875
484.0 4.0234375
485.0 4.2109375
486.0 4.265625
487.0 4.3203125
488.0 4.5625
489.0 1.8515625
490.0 7.1796875
491.0 4.203125
492.0 4.25
493.0 4.203125
494.0 4.3828125
495.0 3.0859375
496.0 6.40625
497.0 4.421875
498.0 4.0703125
499.0 4.5625
500.0 4.7421875
501.0 4.4140625
502.0 4.25
503.0 4.0390625
504.0 4.3046875
505.0 4.3203125
506.0 3.1015625
507.0 0.0
508.0 4.859375
509.0 0.0
510.0 0.0
511.0 0.0
512.0 0.0
513.0 0.0
514.0 0.0
515.0 0.0
516.0 0.0
517.0 0.0
518.0 0.0
519.0 0.0
520.0 0.0
521.0 0.0
522.0 3.4609375
523.0 4.7421875
524.0 5.078125
525.0 3.46875
526.0 6.1875
527.0 4.90625
528.0 4.625
529.0 4.78125
530.0 4.859375
531.0 4.15625
532.0 4.53125
533.0 3.4609375
534.0 6.2421875
535.0 3.5625
536.0 6.40625
537.0 5.1015625
538.0 5.0078125
539.0 5.0078125
540.0 4.7734375
541.0 4.421875
542.0 4.6953125
543.0 4.84375
544.0 4.2109375
545.0 3.84375
546.0 3.5859375
547.0 5.484375
548.0 4.25
549.0 4.5078125
550.0 4.6875
551.0 4.5
552.0 4.3515625
553.0 4.5625
554.0 4.515625
555.0 4.1796875
556.0 4.2421875
557.0 3.6171875
558.0 3.828125
559.0 2.9921875
560.0 5.5546875
561.0 4.609375
562.0 4.546875
563.0 4.7421875
564.0 4.625
565.0 4.78125
566.0 4.5390625
567.0 4.6015625
568.0 4.4296875
569.0 3.90625
570.0 4.296875
571.0 4.625
572.0 4.3203125
573.0 4.625
574.0 1.390625
575.0 7.8359375
576.0 4.5625
577.0 4.6015625
578.0 4.546875
579.0 2.5625
580.0 0.0
581.0 5.75
582.0 3.796875
583.0 4.0390625
584.0 3.953125
585.0 4.25
586.0 2.7265625
587.0 2.1796875
588.0 1.171875
589.0 3.0703125
590.0 4.46875
591.0 4.25
592.0 4.6015625
593.0 4.546875
594.0 2.375
595.0 6.7421875
596.0 4.515625
597.0 4.28125
598.0 2.90625
599.0 5.8515625
