0.0 6.1875
1.0 6.5078125
2.0 3.8203125
3.0 9.8359375
4.0 6.265625
5.0 4.9296875
6.0 4.78125
7.0 5.078125
8.0 5.8515625
9.0 5.890625
10.0 5.453125
11.0 4.65625
12.0 5.0078125
13.0 5.140625
14.0 5.5546875
15.0 1.4375
16.0 10.5
17.0 5.0390625
18.0 4.921875
19.0 0.546875
20.0 8.796875
21.0 5.078125
22.0 5.8125
23.0 5.3671875
24.0 4.890625
25.0 4.7265625
26.0 5.4921875
27.0 4.78125
28.0 4.6484375
29.0 4.546875
30.0 4.796875
31.0 4.71875
32.0 1.34375
33.0 8.046875
34.0 4.4140625
35.0 4.3359375
36.0 4.4140625
37.0 2.015625
38.0 9.359375
39.0 6.0625
40.0 5.0859375
41.0 1.3828125
42.0 7.96875
43.0 4.25
44.0 3.21875
45.0 3.7265625
46.0 2.78125
47.0 3.1171875
48.0 5.6171875
49.0 4.0859375
50.0 2.7890625
51.0 3.0
52.0 1.265625
53.0 4.8671875
54.0 3.296875
55.0 1.9140625
56.0 2.5390625
57.0 2.875
58.0 2.96875
59.0 1.8984375
60.0 2.5234375
61.0 3.7109375
62.0 3.34375
63.0 3.40625
64.0 3.234375
65.0 3.3125
66.0 2.984375
67.0 0.0
68.0 7.9296875
69.0 4.0390625
70.0 3.5546875
71.0 2.921875
72.0 0.90625
73.0 0.1328125
74.0 8.2109375
75.0 2.7265625
76.0 2.21875
77.0 2.625
78.0 3.703125
79.0 6.09375
80.0 3.609375
81.0 3.4765625
82.0 3.2265625
83.0 3.546875
84.0 3.3671875
85.0 3.109375
86.0 0.0
87.0 6.859375
88.0 0.6328125
89.0 2.875
90.0 3.1796875
91.0 2.890625
92.0 1.4921875
93.0 0.640625
94.0 0.703125
95.0 1.34375
96.0 2.046875
97.0 0.8125
98.0 0.0
99.0 5.6640625
100.0 3.84375
101.0 5.3046875
102.0 4.3984375
103.0 4.453125
104.0 5.5234375
105.0 4.9453125
106.0 2.21875
107.0 9.4140625
108.0 6.3828125
109.0 6.2265625
110.0 5.6328125
111.0 4.3203125
112.0 8.5234375
113.0 6.4140625
114.0 5.7109375
115.0 5.8515625
116.0 6.234375
117.0 6.2109375
118.0 6.5078125
119.0 6.0859375
120.0 6.265625
121.0 6.234375
122.0 6.6484375
123.0 6.515625
124.0 5.7890625
125.0 1.140625
126.0 11.6328125
127.0 6.9296875
128.0 3.0859375
129.0 10.96875
130.0 7.1328125
131.0 7.28125
132.0 7.109375
133.0 7.2265625
134.0 3.921875
135.0 3.7265625
136.0 3.9921875
137.0 3.28125
138.0 2.7890625
139.0 0.0
140.0 6.796875
141.0 3.2578125
142.0 3.2890625
143.0 3.9765625
144.0 2.78125
145.0 0.9609375
146.0 4.90625
147.0 3.25
148.0 3.0390625
149.0 3.1328125
150.0 3.5859375
151.0 3.3515625
152.0 3.8046875
153.0 3.046875
154.0 3.4765625
155.0 3.2890625
156.0 3.4375
157.0 3.578125
158.0 3.203125
159.0 0.484375
160.0 5.9609375
161.0 3.1953125
162.0 3.328125
163.0 0.9921875
164.0 6.4765625
165.0 3.59375
166.0 3.640625
167.0 3.6953125
168.0 3.59375
169.0 3.0703125
170.0 3.7890625
171.0 3.1640625
172.0 4.328125
173.0 3.328125
174.0 3.46875
175.0 3.6484375
176.0 3.9375
177.0 4.7265625
178.0 4.3828125
179.0 3.3828125
180.0 3.3671875
181.0 3.0546875
182.0 3.0546875
183.0 3.1328125
184.0 3.609375
185.0 3.671875
186.0 3.7421875
187.0 3.9140625
188.0 4.421875
189.0 3.8828125
190.0 3.34375
191.0 3.375
192.0 3.734375
193.0 3.46875
194.0 3.8203125
195.0 3.46875
196.0 3.109375
197.0 3.9375
198.0 3.890625
199.0 4.5625
200.0 3.5546875
201.0 3.1328125
202.0 3.640625
203.0 3.5625
204.0 4.265625
205.0 4.3828125
206.0 2.1640625
207.0 5.53125
208.0 2.03125
209.0 4.328125
210.0 4.390625
211.0 3.1796875
212.0 4.28125
213.0 5.3515625
214.0 3.703125
215.0 1.375
216.0 8.5546875
217.0 5.1875
218.0 5.578125
219.0 6.6328125
220.0 5.7265625
221.0 2.7265625
222.0 7.71875
223.0 5.6796875
224.0 6.234375
225.0 5.421875
226.0 5.109375
227.0 5.5234375
228.0 4.5390625
229.0 5.28125
230.0 5.28125
231.0 5.90625
232.0 4.9765625
233.0 2.2734375
234.0 8.8046875
235.0 5.546875
236.0 6.6875
237.0 3.953125
238.0 9.1171875
239.0 6.421875
240.0 5.6484375
241.0 6.0
242.0 7.1953125
243.0 6.3359375
244.0 5.6796875
245.0 6.3359375
246.0 6.2734375
247.0 6.2890625
248.0 6.78125
249.0 6.15625
250.0 2.0703125
251.0 10.890625
252.0 5.609375
253.0 5.859375
254.0 4.9765625
255.0 2.984375
256.0 7.765625
257.0 6.7734375
258.0 6.5390625
259.0 5.75
260.0 6.296875
261.0 5.6171875
262.0 5.90625
263.0 6.1875
264.0 5.21875
265.0 5.640625
266.0 6.03125
267.0 5.5
268.0 1.28125
269.0 10.5625
270.0 5.6015625
271.0 5.828125
272.0 6.140625
273.0 5.859375
274.0 1.4140625
275.0 10.8515625
276.0 5.7265625
277.0 6.2578125
278.0 6.53125
279.0 5.9453125
280.0 6.3515625
281.0 5.7578125
282.0 6.328125
283.0 6.53125
284.0 5.9453125
285.0 5.5625
286.0 7.4921875
287.0 6.703125
288.0 6.6328125
289.0 6.625
290.0 6.390625
291.0 6.2578125
292.0 6.5078125
293.0 5.4609375
294.0 2.296875
295.0 9.890625
296.0 7.078125
297.0 5.9375
298.0 1.703125
299.0 6.40625
300.0 5.3359375
301.0 6.421875
302.0 6.3359375
303.0 5.796875
304.0 6.6796875
305.0 5.4609375
306.0 5.875
307.0 6.2578125
308.0 5.890625
309.0 6.6640625
310.0 6.71875
311.0 6.4140625
312.0 4.921875
313.0 6.2421875
314.0 7.46875
315.0 6.0625
316.0 5.734375
317.0 6.3046875
318.0 6.5859375
319.0 6.9609375
320.0 5.8125
321.0 6.0625
322.0 5.8828125
323.0 6.5859375
324.0 5.9140625
325.0 5.375
326.0 6.796875
327.0 3.2890625
328.0 6.9921875
329.0 5.9375
330.0 6.171875
331.0 4.9921875
332.0 6.7421875
333.0 6.328125
334.0 5.640625
335.0 5.9921875
336.0 5.765625
337.0 5.375
338.0 2.515625
339.0 3.171875
340.0 0.1953125
341.0 6.390625
342.0 2.96875
343.0 4.4453125
344.0 5.46875
345.0 5.859375
346.0 6.0390625
347.0 5.515625
348.0 4.8359375
349.0 6.1875
350.0 6.0078125
351.0 6.5390625
352.0 6.296875
353.0 5.8828125
354.0 6.453125
355.0 6.3359375
356.0 5.7109375
357.0 5.5625
358.0 3.3203125
359.0 0.140625
360.0 9.90625
361.0 6.0
362.0 6.0625
363.0 5.90625
364.0 5.4609375
365.0 5.6171875
366.0 5.640625
367.0 5.5625
368.0 5.6953125
369.0 5.96875
370.0 5.3828125
371.0 6.3203125
372.0 5.6015625
373.0 5.5546875
374.0 5.765625
375.0 5.9375
376.0 5.9765625
377.0 5.6640625
378.0 5.890625
379.0 5.9296875
380.0 6.2265625
381.0 5.84375
382.0 6.1171875
383.0 6.03125
384.0 4.8359375
385.0 3.0703125
386.0 4.21875
387.0 3.609375
388.0 4.421875
389.0 5.1328125
390.0 5.7265625
391.0 5.15625
392.0 2.90625
393.0 5.734375
394.0 4.6328125
395.0 5.375
396.0 5.8125
397.0 5.765625
398.0 3.5625
399.0 3.65625
400.0 4.6796875
401.0 5.1015625
402.0 5.78125
403.0 5.1640625
404.0 5.7578125
405.0 5.1328125
406.0 5.3125
407.0 6.171875
408.0 5.7890625
409.0 5.890625
410.0 5.8515625
411.0 4.546875
412.0 5.1328125
413.0 4.421875
414.0 4.0
415.0 3.9765625
416.0 5.6953125
417.0 5.109375
418.0 5.8125
419.0 5.0390625
420.0 5.6953125
421.0 6.078125
422.0 5.515625
423.0 5.3125
424.0 5.4375
425.0 5.484375
426.0 5.1953125
427.0 5.828125
428.0 6.0078125
429.0 6.2578125
430.0 6.453125
431.0 6.6171875
432.0 5.6484375
433.0 5.5546875
434.0 5.8828125
435.0 5.21875
436.0 4.984375
437.0 4.3984375
438.0 6.3203125
439.0 5.7578125
440.0 5.3046875
441.0 4.8671875
442.0 1.7734375
443.0 9.890625
444.0 6.3203125
445.0 4.6015625
446.0 6.0234375
447.0 5.8125
448.0 5.6484375
449.0 6.6875
450.0 6.296875
451.0 6.15625
452.0 5.8125
453.0 6.2890625
454.0 6.40625
455.0 2.9609375
456.0 0.0
457.0 7.9609375
458.0 4.9453125
459.0 3.3515625
460.0 0.0
461.0 7.21875
462.0 4.6015625
463.0 4.1015625
464.0 4.75
465.0 6.0078125
466.0 5.0859375
467.0 4.09375
468.0 4.984375
469.0 5.0703125
470.0 6.0
471.0 5.2265625
472.0 5.3359375
473.0 4.6640625
474.0 5.765625
475.0 4.6640625
476.0 5.125
477.0 5.9375
478.0 3.8203125
479.0 6.2734375
480.0 5.9140625
481.0 5.2734375
482.0 4.828125
483.0 6.0234375
484.0 5.671875
485.0 5.828125
486.0 6.6484375
487.0 5.640625
488.0 6.53125
489.0 6.5859375
490.0 4.03125
491.0 7.7890625
492.0 5.796875
493.0 7.109375
494.0 6.0
495.0 6.984375
496.0 6.2265625
497.0 5.7578125
498.0 5.96875
499.0 5.4921875
500.0 5.53125
501.0 5.5625
502.0 6.6015625
503.0 6.0859375
504.0 6.2109375
505.0 5.578125
506.0 5.2734375
507.0 5.0078125
508.0 6.078125
509.0 6.1171875
510.0 6.2265625
511.0 5.2890625
512.0 7.0703125
513.0 6.9140625
514.0 6.8671875
515.0 6.8828125
516.0 7.0703125
517.0 7.046875
518.0 6.5546875
519.0 2.0625
520.0 11.0390625
521.0 6.40625
522.0 6.71875
523.0 6.734375
524.0 6.734375
525.0 5.9609375
526.0 4.890625
527.0 4.9609375
528.0 6.3046875
529.0 6.5390625
530.0 6.5078125
531.0 5.7578125
532.0 5.75
533.0 6.0078125
534.0 6.0546875
535.0 3.953125
536.0 9.28125
537.0 4.0234375
538.0 5.671875
539.0 6.8359375
540.0 6.453125
541.0 6.9921875
542.0 7.3046875
543.0 7.71875
544.0 7.4296875
545.0 7.1328125
546.0 6.859375
547.0 6.1484375
548.0 6.2109375
549.0 6.2421875
550.0 5.5625
551.0 6.1171875
552.0 7.015625
553.0 6.6328125
554.0 1.828125
555.0 11.3828125
556.0 5.609375
557.0 1.953125
558.0 9.0625
559.0 6.0078125
560.0 7.0390625
561.0 7.3984375
562.0 7.0390625
563.0 7.015625
564.0 7.375
565.0 7.46875
566.0 6.984375
567.0 6.2109375
568.0 6.296875
569.0 5.6015625
570.0 2.3984375
571.0 9.9921875
572.0 6.6796875
573.0 6.8359375
574.0 5.3984375
575.0 0.71875
576.0 11.65625
577.0 7.1796875
578.0 7.25
579.0 5.6015625
580.0 6.3671875
581.0 6.6484375
582.0 7.015625
583.0 7.375
584.0 6.40625
585.0 7.03125
586.0 6.2890625
587.0 5.484375
588.0 6.984375
589.0 3.5625
590.0 10.234375
591.0 6.953125
592.0 6.421875
593.0 6.6875
594.0 7.03125
595.0 7.03125
596.0 6.9921875
597.0 7.1015625
598.0 7.3203125
599.0 7.3984375
