0.0 5.6484375
1.0 4.875
2.0 2.9609375
3.0 4.9921875
4.0 3.7578125
5.0 7.0390625
6.0 6.390625
7.0 3.34375
8.0 4.21875
9.0 4.625
10.0 4.0078125
11.0 3.9140625
12.0 5.9140625
13.0 5.609375
14.0 4.8984375
15.0 4.7578125
16.0 7.5078125
17.0 6.734375
18.0 6.9765625
19.0 5.4296875
20.0 7.03125
21.0 5.1953125
22.0 6.1796875
23.0 6.2734375
24.0 7.0625
25.0 5.9765625
26.0 5.734375
27.0 5.578125
28.0 4.859375
29.0 4.6640625
30.0 6.3203125
31.0 4.0625
32.0 5.5546875
33.0 5.6171875
34.0 6.296875
35.0 5.7109375
36.0 5.7109375
37.0 6.296875
38.0 5.484375
39.0 5.8828125
40.0 6.328125
41.0 6.0234375
42.0 6.6796875
43.0 5.0078125
44.0 7.8671875
45.0 7.8984375
46.0 7.65625
47.0 6.796875
48.0 7.078125
49.0 5.25
50.0 1.2578125
51.0 4.796875
52.0 3.1015625
53.0 3.5
54.0 2.1953125
55.0 3.015625
56.0 4.984375
57.0 4.1484375
58.0 5.0546875
59.0 4.8984375
60.0 5.25
61.0 5.3984375
62.0 3.546875
63.0 2.1484375
64.0 0.0
65.0 0.0
66.0 6.125
67.0 1.890625
68.0 1.9140625
69.0 1.375
70.0 2.2109375
71.0 3.375
72.0 5.0390625
73.0 6.1796875
74.0 5.6640625
75.0 5.1640625
76.0 5.3671875
77.0 3.1015625
78.0 9.6953125
79.0 7.0078125
80.0 7.34375
81.0 6.4375
82.0 6.734375
83.0 6.2109375
84.0 6.4453125
85.0 6.5
86.0 4.84375
87.0 5.7890625
88.0 5.765625
89.0 5.125
90.0 1.328125
91.0 0.0
92.0 5.609375
93.0 2.1953125
94.0 2.3671875
95.0 6.0625
96.0 7.3359375
97.0 6.9140625
98.0 3.0859375
99.0 11.3359375
100.0 5.546875
101.0 4.7734375
102.0 2.8671875
103.0 5.7578125
104.0 7.078125
105.0 6.6015625
106.0 6.859375
107.0 7.0703125
108.0 6.984375
109.0 6.9921875
110.0 5.453125
111.0 5.96875
112.0 7.046875
113.0 7.09375
114.0 4.15625
115.0 2.2109375
116.0 5.6796875
117.0 3.53125
118.0 4.1171875
119.0 3.921875
120.0 4.453125
121.0 4.1484375
122.0 3.53125
123.0 2.9921875
124.0 3.1953125
125.0 3.8515625
126.0 3.859375
127.0 2.4609375
128.0 6.0234375
129.0 5.609375
130.0 5.2578125
131.0 4.28125
132.0 5.9375
133.0 6.6796875
134.0 4.6875
135.0 5.796875
136.0 7.8828125
137.0 3.40625
138.0 3.171875
139.0 2.5078125
140.0 4.8984375
141.0 5.2734375
142.0 5.6796875
143.0 6.140625
144.0 4.6875
145.0 3.9375
146.0 3.8828125
147.0 3.7578125
148.0 2.59375
149.0 2.515625
150.0 2.8671875
151.0 3.3828125
152.0 2.4453125
153.0 0.0
154.0 0.0
155.0 1.359375
156.0 6.453125
157.0 2.3359375
158.0 2.578125
159.0 0.765625
160.0 0.0
161.0 0.0
162.0 6.1796875
163.0 2.7734375
164.0 3.1171875
165.0 3.3203125
166.0 2.484375
167.0 2.28125
168.0 2.578125
169.0 3.4453125
170.0 4.4296875
171.0 4.28125
172.0 5.203125
173.0 5.6015625
174.0 6.40625
175.0 3.0390625
176.0 2.1875
177.0 2.4140625
178.0 1.921875
179.0 0.75
180.0 0.0
181.0 0.0
182.0 0.0
183.0 4.7265625
184.0 2.34375
185.0 1.2265625
186.0 0.8359375
187.0 0.703125
188.0 0.8203125
189.0 1.9375
190.0 3.546875
191.0 2.3984375
192.0 1.390625
193.0 2.015625
194.0 0.9609375
195.0 0.6875
196.0 1.078125
197.0 0.578125
198.0 0.0
199.0 0.0
200.0 6.7734375
201.0 2.21875
202.0 4.1171875
203.0 2.640625
204.0 1.5
205.0 0.0
206.0 4.6640625
207.0 3.0859375
208.0 3.921875
209.0 3.4765625
210.0 3.1796875
211.0 2.5234375
212.0 1.765625
213.0 0.5859375
214.0 0.6171875
215.0 1.0546875
216.0 2.3671875
217.0 3.015625
218.0 4.9609375
219.0 6.2265625
220.0 0.0625
221.0 10.5078125
222.0 5.3515625
223.0 5.0703125
224.0 2.03125
225.0 8.734375
226.0 5.796875
227.0 6.2421875
228.0 5.5546875
229.0 5.546875
230.0 5.765625
231.0 5.9765625
232.0 6.515625
233.0 6.5703125
234.0 6.3828125
235.0 5.765625
236.0 1.8359375
237.0 6.6171875
238.0 3.5859375
239.0 3.3671875
240.0 1.40625
241.0 10.0234375
242.0 6.421875
243.0 6.625
244.0 5.3671875
245.0 4.125
246.0 2.9375
247.0 3.171875
248.0 1.1171875
249.0 1.203125
250.0 3.4453125
251.0 5.125
252.0 4.84375
253.0 0.0625
254.0 9.0390625
255.0 5.5
256.0 5.1015625
257.0 2.0859375
258.0 0.0
259.0 5.53125
260.0 1.859375
261.0 0.0
262.0 1.671875
263.0 3.3671875
264.0 3.3671875
265.0 2.625
266.0 2.5234375
267.0 2.046875
268.0 2.640625
269.0 6.0859375
270.0 6.8125
271.0 7.2734375
272.0 6.4375
273.0 5.6015625
274.0 5.3046875
275.0 6.171875
276.0 5.96875
277.0 4.4765625
278.0 6.1796875
279.0 5.859375
280.0 5.3125
281.0 5.6796875
282.0 5.6796875
283.0 6.0625
284.0 6.3203125
285.0 5.6796875
286.0 5.3125
287.0 6.6484375
288.0 7.015625
289.0 5.5859375
290.0 5.6953125
291.0 4.9921875
292.0 6.3671875
293.0 4.6015625
294.0 4.9609375
295.0 5.84375
296.0 6.03125
297.0 6.0390625
298.0 5.5234375
299.0 1.171875
300.0 8.796875
301.0 4.5703125
302.0 4.6875
303.0 4.625
304.0 1.171875
305.0 9.65625
306.0 2.6015625
307.0 1.3125
308.0 1.3515625
309.0 2.3359375
310.0 1.3515625
311.0 1.671875
312.0 1.625
313.0 2.125
314.0 2.546875
315.0 1.65625
316.0 0.25
317.0 5.0390625
318.0 4.3515625
319.0 2.84375
320.0 2.546875
321.0 2.984375
322.0 1.8515625
323.0 0.6328125
324.0 0.0
325.0 0.0
326.0 5.046875
327.0 1.625
328.0 3.5859375
329.0 2.296875
330.0 1.375
331.0 1.328125
332.0 2.3359375
333.0 7.640625
334.0 5.84375
335.0 5.875
336.0 5.8125
337.0 4.84375
338.0 4.8125
339.0 5.1875
340.0 5.5859375
341.0 5.28125
342.0 2.984375
343.0 3.875
344.0 4.984375
345.0 4.609375
346.0 1.4140625
347.0 7.6953125
348.0 4.2109375
349.0 3.0859375
350.0 1.234375
351.0 6.65625
352.0 4.0703125
353.0 5.609375
354.0 6.140625
355.0 6.3046875
356.0 5.9765625
357.0 6.453125
358.0 6.109375
359.0 5.8125
360.0 5.609375
361.0 5.859375
362.0 6.0078125
363.0 2.921875
364.0 9.015625
365.0 5.9140625
366.0 6.3515625
367.0 6.0078125
368.0 4.359375
369.0 6.2109375
370.0 1.8984375
371.0 5.640625
372.0 4.359375
373.0 3.703125
374.0 5.234375
375.0 5.15625
376.0 5.4375
377.0 5.875
378.0 6.1875
379.0 6.1171875
380.0 5.640625
381.0 5.6328125
382.0 5.5859375
383.0 5.9375
384.0 5.7890625
385.0 6.5390625
386.0 6.65625
387.0 3.3671875
388.0 9.1640625
389.0 5.9375
390.0 5.6640625
391.0 5.875
392.0 6.0546875
393.0 5.96875
394.0 2.71875
395.0 9.5703125
396.0 3.4765625
397.0 6.1875
398.0 6.4375
399.0 6.15625
400.0 6.15625
401.0 6.078125
402.0 5.828125
403.0 5.484375
404.0 4.3203125
405.0 6.9609375
406.0 2.6328125
407.0 4.0390625
408.0 3.9140625
409.0 5.1015625
410.0 4.8671875
411.0 5.578125
412.0 0.96875
413.0 9.0390625
414.0 4.8125
415.0 5.6953125
416.0 6.0625
417.0 5.75
418.0 2.4296875
419.0 6.2265625
420.0 3.546875
421.0 5.9921875
422.0 4.1015625
423.0 4.3515625
424.0 5.3359375
425.0 4.828125
426.0 0.078125
427.0 8.1796875
428.0 3.9140625
429.0 5.0390625
430.0 3.109375
431.0 0.0
432.0 6.3828125
433.0 4.84375
434.0 3.515625
435.0 6.109375
436.0 6.3515625
437.0 2.7265625
438.0 7.2578125
439.0 3.3671875
440.0 2.6640625
441.0 1.4453125
442.0 2.8125
443.0 0.125
444.0 6.0234375
445.0 4.0859375
446.0 3.3984375
447.0 3.6171875
448.0 5.109375
449.0 5.5234375
450.0 6.0234375
451.0 6.1875
452.0 6.078125
453.0 5.6953125
454.0 4.7734375
455.0 1.6796875
456.0 0.578125
457.0 0.0
458.0 6.3828125
459.0 4.421875
460.0 0.90625
461.0 1.2890625
462.0 1.421875
463.0 1.8984375
464.0 1.1484375
465.0 0.0
466.0 0.0
467.0 4.9296875
468.0 5.9609375
469.0 5.0078125
470.0 1.734375
471.0 0.9921875
472.0 1.5390625
473.0 2.640625
474.0 3.90625
475.0 3.296875
476.0 2.890625
477.0 3.28125
478.0 3.9453125
479.0 5.3125
480.0 2.8046875
481.0 1.8359375
482.0 0.0
483.0 8.59375
484.0 4.84375
485.0 3.4609375
486.0 2.1015625
487.0 2.296875
488.0 2.296875
489.0 3.21875
490.0 4.78125
491.0 4.4296875
492.0 4.6953125
493.0 4.0234375
494.0 5.453125
495.0 4.1328125
496.0 3.8515625
497.0 3.734375
498.0 5.109375
499.0 2.1953125
500.0 0.8828125
501.0 0.5703125
502.0 1.4140625
503.0 4.59375
504.0 5.6953125
505.0 5.6640625
506.0 5.484375
507.0 3.3671875
508.0 2.3046875
509.0 5.3671875
510.0 5.0078125
511.0 1.265625
512.0 4.953125
513.0 4.6484375
514.0 4.828125
515.0 2.8046875
516.0 2.484375
517.0 1.5625
518.0 0.0
519.0 6.6796875
520.0 4.125
521.0 3.34375
522.0 4.7421875
523.0 4.71875
524.0 4.1796875
525.0 3.96875
526.0 2.4453125
527.0 2.953125
528.0 2.5234375
529.0 2.75
530.0 2.6640625
531.0 0.7265625
532.0 0.5703125
533.0 6.9609375
534.0 2.640625
535.0 2.1796875
536.0 2.1796875
537.0 2.0078125
538.0 0.0
539.0 5.9453125
540.0 3.5234375
541.0 3.1171875
542.0 2.4453125
543.0 1.46875
544.0 2.390625
545.0 2.0703125
546.0 2.8671875
547.0 2.1484375
548.0 2.59375
549.0 3.234375
550.0 1.4140625
551.0 5.6328125
552.0 3.234375
553.0 3.328125
554.0 4.65625
555.0 3.53125
556.0 1.921875
557.0 0.34375
558.0 0.0
559.0 5.9765625
560.0 2.4765625
561.0 3.375
562.0 2.1015625
563.0 1.9375
564.0 2.8359375
565.0 2.6015625
566.0 2.640625
567.0 2.3046875
568.0 2.7734375
569.0 4.4765625
570.0 4.3359375
571.0 2.8125
572.0 0.0
573.0 5.734375
574.0 2.9375
575.0 2.96875
576.0 2.8515625
577.0 2.7890625
578.0 0.0
579.0 5.3203125
580.0 2.9609375
581.0 3.0
582.0 3.0859375
583.0 2.578125
584.0 2.75
585.0 2.4453125
586.0 2.5625
587.0 2.421875
588.0 3.1640625
589.0 2.65625
590.0 2.0
591.0 0.0
592.0 0.0
593.0 0.0
594.0 0.0
595.0 0.0625
596.0 4.53125
597.0 0.3125
598.0 0.3046875
599.0 0.421875
