0.0 6.296875
1.0 6.3046875
2.0 3.890625
3.0 3.609375
4.0 4.1484375
5.0 6.734375
6.0 6.734375
7.0 6.328125
8.0 5.7890625
9.0 5.96875
10.0 5.9296875
11.0 5.515625
12.0 5.2265625
13.0 4.5078125
14.0 4.5078125
15.0 5.109375
16.0 5.6328125
17.0 4.5625
18.0 4.8125
19.0 3.953125
20.0 5.0078125
21.0 5.703125
22.0 5.8828125
23.0 5.765625
24.0 5.8515625
25.0 5.640625
26.0 5.46875
27.0 5.6328125
28.0 5.4296875
29.0 4.6484375
30.0 2.6953125
31.0 1.0625
32.0 1.796875
33.0 0.6171875
34.0 0.65625
35.0 0.5546875
36.0 0.0
37.0 0.0
38.0 0.0
39.0 0.0
40.0 0.0
41.0 0.0
42.0 4.84375
43.0 0.6953125
44.0 0.6015625
45.0 0.734375
46.0 0.9453125
47.0 0.9140625
48.0 1.0234375
49.0 3.6484375
50.0 5.15625
51.0 4.828125
52.0 3.640625
53.0 3.0
54.0 3.0
55.0 3.5546875
56.0 3.7265625
57.0 4.890625
58.0 5.7265625
59.0 5.78125
60.0 5.890625
61.0 5.8515625
62.0 5.6015625
63.0 4.515625
64.0 4.5390625
65.0 4.59375
66.0 3.0390625
67.0 7.5234375
68.0 5.515625
69.0 5.796875
70.0 5.828125
71.0 5.9296875
72.0 4.890625
73.0 2.7265625
74.0 2.421875
75.0 5.046875
76.0 4.171875
77.0 5.9765625
78.0 6.078125
79.0 6.0234375
80.0 4.8359375
81.0 4.59375
82.0 3.6171875
83.0 4.90625
84.0 3.734375
85.0 1.390625
86.0 1.4375
87.0 1.03125
88.0 4.625
89.0 3.3984375
90.0 3.4609375
91.0 4.7109375
92.0 5.015625
93.0 4.5625
94.0 6.0078125
95.0 6.3671875
96.0 6.125
97.0 6.1796875
98.0 5.6484375
99.0 2.4296875
100.0 8.0546875
101.0 4.7421875
102.0 4.59375
103.0 4.625
104.0 5.140625
105.0 5.6484375
106.0 5.4296875
107.0 5.2265625
108.0 5.2265625
109.0 5.5546875
110.0 5.6484375
111.0 5.7109375
112.0 5.015625
113.0 5.21875
114.0 5.3046875
115.0 5.140625
116.0 5.3125
117.0 5.0234375
118.0 5.46875
119.0 5.3046875
120.0 5.2265625
121.0 5.3125
122.0 5.3203125
123.0 4.9921875
124.0 4.7578125
125.0 4.9765625
126.0 5.3203125
127.0 4.578125
128.0 4.6640625
129.0 5.3515625
130.0 5.5
131.0 5.34375
132.0 5.375
133.0 4.8046875
134.0 4.6328125
135.0 3.90625
136.0 3.4765625
137.0 3.703125
138.0 4.203125
139.0 4.1875
140.0 3.828125
141.0 2.5390625
142.0 5.0859375
143.0 4.828125
144.0 5.0390625
145.0 4.5390625
146.0 4.0546875
147.0 4.3671875
148.0 4.21875
149.0 3.203125
150.0 2.484375
151.0 3.3828125
152.0 4.625
153.0 4.5
154.0 4.546875
155.0 0.734375
156.0 8.9765625
157.0 4.9453125
158.0 4.6640625
159.0 4.5078125
160.0 2.5078125
161.0 1.7890625
162.0 0.0
163.0 8.5546875
164.0 3.890625
165.0 2.3046875
166.0 3.1953125
167.0 4.25
168.0 5.90625
169.0 6.109375
170.0 5.859375
171.0 6.03125
172.0 6.65625
173.0 6.6484375
174.0 5.3359375
175.0 1.1171875
176.0 9.21875
177.0 6.140625
178.0 5.9765625
179.0 5.6953125
180.0 5.2578125
181.0 0.6328125
182.0 10.140625
183.0 5.5859375
184.0 5.765625
185.0 5.9453125
186.0 5.8125
187.0 4.890625
188.0 5.140625
189.0 4.5
190.0 3.3828125
191.0 4.28125
192.0 4.6640625
193.0 5.0390625
194.0 3.765625
195.0 5.21875
196.0 4.9921875
197.0 5.9453125
198.0 6.3671875
199.0 6.40625
200.0 6.3203125
201.0 6.0
202.0 4.7578125
203.0 5.7109375
204.0 6.0078125
205.0 6.078125
206.0 5.7578125
207.0 6.2265625
208.0 6.171875
209.0 6.1875
210.0 5.78125
211.0 3.6796875
212.0 1.109375
213.0 0.0
214.0 6.84375
215.0 5.3984375
216.0 6.0546875
217.0 4.875
218.0 5.28125
219.0 4.875
220.0 5.5
221.0 4.890625
222.0 5.7578125
223.0 6.0546875
224.0 6.125
225.0 5.84375
226.0 4.59375
227.0 3.2265625
228.0 4.3046875
229.0 6.0
230.0 4.0703125
231.0 2.8671875
232.0 7.25
233.0 5.9921875
234.0 5.75
235.0 4.65625
236.0 5.21875
237.0 5.7265625
238.0 6.265625
239.0 6.390625
240.0 5.3203125
241.0 3.1015625
242.0 3.9765625
243.0 6.3515625
244.0 6.1171875
245.0 4.296875
246.0 4.828125
247.0 6.078125
248.0 6.0625
249.0 6.3203125
250.0 6.3046875
251.0 6.2734375
252.0 6.09375
253.0 6.4453125
254.0 6.3203125
255.0 5.1953125
256.0 6.140625
257.0 6.1484375
258.0 6.0234375
259.0 6.0390625
260.0 5.796875
261.0 5.0859375
262.0 5.9765625
263.0 5.40625
264.0 5.609375
265.0 5.7265625
266.0 5.6328125
267.0 5.6796875
268.0 4.875
269.0 1.1640625
270.0 9.28125
271.0 6.078125
272.0 4.6640625
273.0 5.671875
274.0 6.1171875
275.0 4.28125
276.0 0.671875
277.0 0.1015625
278.0 0.0
279.0 0.0
280.0 6.984375
281.0 3.140625
282.0 2.34375
283.0 1.203125
284.0 3.0
285.0 2.78125
286.0 2.125
287.0 3.6171875
288.0 4.8125
289.0 2.6875
290.0 2.6875
291.0 5.3515625
292.0 1.8515625
293.0 0.0
294.0 5.4375
295.0 2.328125
296.0 4.78125
297.0 5.2890625
298.0 3.203125
299.0 0.0
300.0 0.0
301.0 6.5
302.0 2.9296875
303.0 2.984375
304.0 2.9609375
305.0 2.9296875
306.0 4.3828125
307.0 6.2265625
308.0 5.671875
309.0 5.828125
310.0 5.8203125
311.0 6.0546875
312.0 5.890625
313.0 5.6171875
314.0 5.515625
315.0 5.546875
316.0 5.796875
317.0 5.5546875
318.0 5.6015625
319.0 5.8203125
320.0 5.765625
321.0 3.46875
322.0 6.53125
323.0 6.2265625
324.0 6.234375
325.0 4.59375
326.0 2.453125
327.0 4.6328125
328.0 5.5546875
329.0 5.28125
330.0 5.5546875
331.0 5.1328125
332.0 5.8828125
333.0 6.1875
334.0 4.6015625
335.0 5.640625
336.0 2.84375
337.0 6.6015625
338.0 6.4453125
339.0 6.3671875
340.0 5.7109375
341.0 3.3828125
342.0 8.703125
343.0 5.9375
344.0 5.78125
345.0 3.21875
346.0 7.6953125
347.0 6.09375
348.0 6.109375
349.0 6.3359375
350.0 6.0234375
351.0 6.2890625
352.0 6.203125
353.0 6.265625
354.0 6.140625
355.0 6.6640625
356.0 6.5
357.0 6.0
358.0 5.78125
359.0 6.109375
360.0 6.1171875
361.0 5.828125
362.0 5.171875
363.0 5.8203125
364.0 5.453125
365.0 5.234375
366.0 4.75
367.0 5.875
368.0 3.953125
369.0 8.0546875
370.0 5.421875
371.0 4.359375
372.0 5.8125
373.0 5.671875
374.0 6.125
375.0 6.234375
376.0 5.8125
377.0 4.984375
378.0 5.34375
379.0 4.4296875
380.0 4.84375
381.0 5.4375
382.0 5.5
383.0 5.3984375
384.0 5.4375
385.0 1.7890625
386.0 10.234375
387.0 5.9140625
388.0 5.9765625
389.0 5.6328125
390.0 2.296875
391.0 7.9921875
392.0 5.671875
393.0 5.6953125
394.0 5.7265625
395.0 5.8515625
396.0 6.0546875
397.0 6.0234375
398.0 6.09375
399.0 6.0546875
400.0 6.2734375
401.0 6.3828125
402.0 6.984375
403.0 6.109375
404.0 0.875
405.0 9.875
406.0 6.453125
407.0 5.703125
408.0 5.9765625
409.0 6.2578125
410.0 5.875
411.0 6.09375
412.0 6.3203125
413.0 5.5546875
414.0 5.9375
415.0 6.0625
416.0 5.140625
417.0 5.484375
418.0 5.859375
419.0 2.7578125
420.0 7.9375
421.0 3.4375
422.0 4.1484375
423.0 1.6875
424.0 8.5
425.0 5.5859375
426.0 5.171875
427.0 4.453125
428.0 3.8046875
429.0 1.5078125
430.0 1.7890625
431.0 2.1328125
432.0 5.3828125
433.0 6.6640625
434.0 6.390625
435.0 6.6015625
436.0 6.8828125
437.0 6.6171875
438.0 6.5078125
439.0 6.5625
440.0 5.828125
441.0 6.3671875
442.0 5.828125
443.0 3.5859375
444.0 7.1015625
445.0 5.046875
446.0 5.015625
447.0 5.46875
448.0 5.671875
449.0 5.9453125
450.0 5.9453125
451.0 5.53125
452.0 4.875
453.0 5.203125
454.0 5.3203125
455.0 5.4296875
456.0 5.453125
457.0 5.53125
458.0 5.3515625
459.0 5.28125
460.0 5.1328125
461.0 4.9296875
462.0 0.359375
463.0 10.375
464.0 6.1484375
465.0 5.8515625
466.0 7.6015625
467.0 6.65625
468.0 6.3671875
469.0 6.171875
470.0 5.9453125
471.0 5.109375
472.0 5.9609375
473.0 6.4375
474.0 6.421875
475.0 5.890625
476.0 6.03125
477.0 5.4921875
478.0 5.6171875
479.0 5.9921875
480.0 5.484375
481.0 5.6640625
482.0 4.6796875
483.0 3.234375
484.0 0.375
485.0 7.640625
486.0 5.515625
487.0 5.8203125
488.0 5.8828125
489.0 5.6015625
490.0 5.796875
491.0 6.328125
492.0 6.2578125
493.0 6.453125
494.0 6.71875
495.0 5.9765625
496.0 5.7890625
497.0 5.7109375
498.0 5.8828125
499.0 5.6640625
500.0 5.9375
501.0 6.46875
502.0 6.2421875
503.0 6.03125
504.0 5.9921875
505.0 6.1484375
506.0 6.625
507.0 6.203125
508.0 6.140625
509.0 6.484375
510.0 1.390625
511.0 10.703125
512.0 5.90625
513.0 5.2890625
514.0 2.375
515.0 9.671875
516.0 5.9140625
517.0 6.1171875
518.0 6.359375
519.0 6.2265625
520.0 6.421875
521.0 6.890625
522.0 6.6015625
523.0 6.59375
524.0 6.625
525.0 5.859375
526.0 7.671875
527.0 6.9609375
528.0 6.8828125
529.0 4.4140625
530.0 1.8515625
531.0 6.6171875
532.0 5.78125
533.0 6.0546875
534.0 6.484375
535.0 6.3359375
536.0 6.7734375
537.0 6.53125
538.0 4.1484375
539.0 8.390625
540.0 6.2265625
541.0 3.7734375
542.0 4.484375
543.0 5.703125
544.0 4.9453125
545.0 3.8046875
546.0 5.2734375
547.0 6.65625
548.0 6.65625
549.0 5.640625
550.0 5.234375
551.0 3.140625
552.0 5.171875
553.0 6.265625
554.0 5.7578125
555.0 4.609375
556.0 4.4765625
557.0 2.25
558.0 7.6953125
559.0 4.5703125
560.0 5.109375
561.0 5.78125
562.0 5.2734375
563.0 5.7578125
564.0 5.28125
565.0 4.59375
566.0 5.125
567.0 5.9765625
568.0 5.5625
569.0 5.640625
570.0 5.8203125
571.0 0.671875
572.0 10.2890625
573.0 5.75
574.0 6.328125
575.0 6.6171875
576.0 6.15625
577.0 6.2734375
578.0 6.0625
579.0 6.359375
580.0 6.6015625
581.0 6.7734375
582.0 6.453125
583.0 6.4375
584.0 6.2734375
585.0 6.0234375
586.0 6.078125
587.0 2.34375
588.0 10.21875
589.0 5.9140625
590.0 5.9296875
591.0 6.6015625
592.0 6.6328125
593.0 6.6796875
594.0 6.5
595.0 6.3671875
596.0 6.59375
597.0 6.59375
598.0 5.5234375
599.0 5.015625
