0.0 6.3515625
1.0 5.9296875
2.0 6.6484375
3.0 6.828125
4.0 6.4375
5.0 6.0078125
6.0 5.84375
7.0 5.828125
8.0 6.078125
9.0 6.6328125
10.0 6.03125
11.0 6.1875
12.0 6.03125
13.0 5.6171875
14.0 6.65625
15.0 5.28125
16.0 3.96875
17.0 5.6015625
18.0 5.5859375
19.0 5.40625
20.0 5.828125
21.0 4.9453125
22.0 5.2890625
23.0 5.234375
24.0 3.109375
25.0 7.515625
26.0 5.0859375
27.0 5.46875
28.0 4.9921875
29.0 5.1015625
30.0 4.578125
31.0 5.140625
32.0 5.453125
33.0 5.4375
34.0 5.9921875
35.0 6.4765625
36.0 6.078125
37.0 5.96875
38.0 6.2109375
39.0 6.0859375
40.0 6.5859375
41.0 6.7109375
42.0 6.5859375
43.0 6.6328125
44.0 2.8984375
45.0 9.65625
46.0 6.109375
47.0 6.1875
48.0 6.0859375
49.0 4.84375
50.0 7.3359375
51.0 6.078125
52.0 6.140625
53.0 6.0
54.0 6.203125
55.0 6.4765625
56.0 6.125
57.0 6.3515625
58.0 6.140625
59.0 6.484375
60.0 6.109375
61.0 1.640625
62.0 10.5078125
63.0 5.7578125
64.0 5.9140625
65.0 6.1796875
66.0 5.2734375
67.0 6.0625
68.0 6.0234375
69.0 6.0859375
70.0 5.9296875
71.0 5.9140625
72.0 6.359375
73.0 6.1484375
74.0 5.7109375
75.0 5.8828125
76.0 5.78125
77.0 5.7578125
78.0 6.0
79.0 5.9140625
80.0 2.3359375
81.0 8.953125
82.0 5.9375
83.0 6.0
84.0 3.765625
85.0 5.828125
86.0 8.5546875
87.0 5.859375
88.0 6.2578125
89.0 6.296875
90.0 6.171875
91.0 5.2734375
92.0 7.2109375
93.0 6.3203125
94.0 6.171875
95.0 6.078125
96.0 6.0546875
97.0 6.125
98.0 6.09375
99.0 6.3046875
100.0 6.109375
101.0 6.265625
102.0 6.234375
103.0 6.2109375
104.0 6.15625
105.0 6.359375
106.0 6.421875
107.0 1.390625
108.0 11.5703125
109.0 6.46875
110.0 6.296875
111.0 6.359375
112.0 6.5546875
113.0 6.4375
114.0 6.3515625
115.0 3.1953125
116.0 10.546875
117.0 7.359375
118.0 6.296875
119.0 3.3828125
120.0 9.71875
121.0 6.5546875
122.0 6.71875
123.0 6.8828125
124.0 6.71875
125.0 6.84375
126.0 6.625
127.0 6.421875
128.0 6.2734375
129.0 6.5859375
130.0 6.953125
131.0 6.9296875
132.0 6.4375
133.0 6.125
134.0 6.53125
135.0 6.859375
136.0 6.6015625
137.0 6.8125
138.0 6.734375
139.0 6.6796875
140.0 6.6015625
141.0 6.5625
142.0 6.2421875
143.0 6.3671875
144.0 6.4453125
145.0 6.796875
146.0 6.6015625
147.0 6.8828125
148.0 6.84375
149.0 6.9453125
150.0 1.4609375
151.0 11.828125
152.0 6.78125
153.0 6.625
154.0 6.8671875
155.0 6.890625
156.0 6.53125
157.0 6.4140625
158.0 6.6875
159.0 6.5546875
160.0 6.6015625
161.0 6.53125
162.0 6.46875
163.0 6.5625
164.0 6.6328125
165.0 6.6484375
166.0 2.2109375
167.0 10.828125
168.0 6.5546875
169.0 5.875
170.0 5.3203125
171.0 6.3671875
172.0 2.4453125
173.0 5.40625
174.0 5.6171875
175.0 5.6796875
176.0 5.578125
177.0 5.6640625
178.0 6.2421875
179.0 5.734375
180.0 5.90625
181.0 5.5234375
182.0 2.8125
183.0 9.7421875
184.0 6.5546875
185.0 6.359375
186.0 6.203125
187.0 5.671875
188.0 3.234375
189.0 8.34375
190.0 5.7890625
191.0 5.8125
192.0 6.0234375
193.0 6.1484375
194.0 5.6796875
195.0 1.390625
196.0 4.2421875
197.0 5.1328125
198.0 5.5859375
199.0 6.0234375
200.0 5.796875
201.0 5.875
202.0 5.96875
203.0 6.15625
204.0 6.3828125
205.0 3.296875
206.0 9.421875
207.0 6.140625
208.0 5.9609375
209.0 6.421875
210.0 5.8203125
211.0 6.265625
212.0 5.828125
213.0 5.9609375
214.0 6.5078125
215.0 6.453125
216.0 6.7109375
217.0 6.5703125
218.0 6.328125
219.0 6.2578125
220.0 5.9765625
221.0 5.21875
222.0 5.828125
223.0 6.234375
224.0 6.5
225.0 6.2265625
226.0 1.8515625
227.0 10.3984375
228.0 5.6640625
229.0 6.1171875
230.0 5.546875
231.0 1.3515625
232.0 0.0
233.0 5.8828125
234.0 2.234375
235.0 6.40625
236.0 6.171875
237.0 5.8203125
238.0 6.0625
239.0 5.5
240.0 5.4921875
241.0 3.0703125
242.0 9.4609375
243.0 6.78125
244.0 6.7734375
245.0 3.2578125
246.0 10.296875
247.0 6.234375
248.0 6.6796875
249.0 6.421875
250.0 3.546875
251.0 3.1796875
252.0 2.0703125
253.0 2.125
254.0 2.9609375
255.0 3.1953125
256.0 4.296875
257.0 6.7734375
258.0 6.4375
259.0 6.515625
260.0 6.40625
261.0 6.6015625
262.0 6.75
263.0 5.0703125
264.0 4.7421875
265.0 5.640625
266.0 6.3671875
267.0 5.9375
268.0 6.2890625
269.0 6.171875
270.0 6.0546875
271.0 6.6015625
272.0 6.7421875
273.0 6.890625
274.0 6.484375
275.0 6.2734375
276.0 6.4765625
277.0 4.4453125
278.0 7.9296875
279.0 6.3671875
280.0 6.453125
281.0 6.1171875
282.0 2.046875
283.0 10.7734375
284.0 6.125
285.0 4.8984375
286.0 5.2734375
287.0 5.203125
288.0 6.4765625
289.0 6.15625
290.0 5.84375
291.0 5.796875
292.0 5.15625
293.0 2.453125
294.0 6.6171875
295.0 6.3203125
296.0 6.203125
297.0 5.6640625
298.0 5.4921875
299.0 5.796875
300.0 6.125
301.0 5.9453125
302.0 5.46875
303.0 3.1328125
304.0 8.265625
305.0 5.4296875
306.0 4.21875
307.0 6.0234375
308.0 6.5078125
309.0 6.1796875
310.0 6.140625
311.0 6.0234375
312.0 1.3203125
313.0 10.3984375
314.0 5.3671875
315.0 4.5390625
316.0 6.3203125
317.0 6.6171875
318.0 6.5703125
319.0 6.6796875
320.0 6.6171875
321.0 7.046875
322.0 7.140625
323.0 6.703125
324.0 6.0625
325.0 6.75
326.0 6.7109375
327.0 6.03125
328.0 6.453125
329.0 6.7734375
330.0 6.4765625
331.0 6.8046875
332.0 6.5703125
333.0 5.9765625
334.0 6.171875
335.0 6.1875
336.0 6.109375
337.0 6.71875
338.0 6.984375
339.0 6.6796875
340.0 6.453125
341.0 6.46875
342.0 6.796875
343.0 6.6171875
344.0 2.7109375
345.0 10.5
346.0 6.625
347.0 5.6953125
348.0 6.0546875
349.0 3.078125
350.0 8.640625
351.0 3.0546875
352.0 8.9765625
353.0 6.359375
354.0 6.1796875
355.0 5.90625
356.0 6.2265625
357.0 6.3828125
358.0 6.1171875
359.0 6.2734375
360.0 6.2734375
361.0 6.796875
362.0 6.953125
363.0 6.984375
364.0 7.1328125
365.0 6.7421875
366.0 6.734375
367.0 6.5859375
368.0 6.5625
369.0 6.484375
370.0 6.5390625
371.0 6.5703125
372.0 6.5390625
373.0 3.234375
374.0 9.078125
375.0 6.4453125
376.0 6.6640625
377.0 6.8125
378.0 6.6875
379.0 5.046875
380.0 8.1640625
381.0 6.8125
382.0 6.78125
383.0 6.234375
384.0 6.0
385.0 3.4296875
386.0 9.890625
387.0 6.65625
388.0 6.9296875
389.0 6.5703125
390.0 6.46875
391.0 6.5546875
392.0 6.296875
393.0 6.59375
394.0 6.6484375
395.0 6.8359375
396.0 7.0703125
397.0 6.1171875
398.0 4.7265625
399.0 8.640625
400.0 6.5703125
401.0 3.5
402.0 8.75
403.0 5.6328125
404.0 6.453125
405.0 6.78125
406.0 5.9921875
407.0 4.3515625
408.0 3.0546875
409.0 4.859375
410.0 5.53125
411.0 5.765625
412.0 5.9609375
413.0 6.109375
414.0 6.0390625
415.0 3.265625
416.0 8.046875
417.0 5.2734375
418.0 5.3046875
419.0 1.5234375
420.0 9.8984375
421.0 6.0
422.0 4.578125
423.0 4.8046875
424.0 5.8828125
425.0 5.5234375
426.0 5.4296875
427.0 5.109375
428.0 5.640625
429.0 6.0390625
430.0 6.0078125
431.0 5.4921875
432.0 2.4921875
433.0 7.9921875
434.0 5.9140625
435.0 6.5859375
436.0 4.296875
437.0 8.5
438.0 6.203125
439.0 5.890625
440.0 6.140625
441.0 6.140625
442.0 5.90625
443.0 6.421875
444.0 6.2890625
445.0 6.0625
446.0 5.859375
447.0 6.296875
448.0 6.2265625
449.0 1.8515625
450.0 10.53125
451.0 6.390625
452.0 6.703125
453.0 6.4375
454.0 2.78125
455.0 9.046875
456.0 4.921875
457.0 3.609375
458.0 3.6171875
459.0 5.0859375
460.0 5.875
461.0 5.4296875
462.0 5.453125
463.0 5.4609375
464.0 4.796875
465.0 3.671875
466.0 6.2109375
467.0 5.015625
468.0 5.0546875
469.0 4.65625
470.0 5.3359375
471.0 5.53125
472.0 5.2265625
473.0 2.671875
474.0 7.8515625
475.0 5.4921875
476.0 4.9453125
477.0 4.8046875
478.0 0.046875
479.0 5.734375
480.0 8.46875
481.0 6.1171875
482.0 5.7109375
483.0 4.875
484.0 5.0390625
485.0 5.2578125
486.0 5.140625
487.0 5.4375
488.0 4.75
489.0 5.171875
490.0 5.75
491.0 5.9140625
492.0 6.2734375
493.0 6.078125
494.0 5.1953125
495.0 5.3984375
496.0 5.0390625
497.0 4.6328125
498.0 3.1953125
499.0 4.9296875
500.0 5.421875
501.0 2.6875
502.0 7.9375
503.0 5.453125
504.0 6.03125
505.0 5.9453125
506.0 3.9765625
507.0 8.640625
508.0 6.5
509.0 6.71875
510.0 6.5625
511.0 6.5703125
512.0 6.3671875
513.0 6.0546875
514.0 6.3359375
515.0 6.4375
516.0 6.078125
517.0 6.4765625
518.0 6.5
519.0 3.0234375
520.0 9.2421875
521.0 6.2265625
522.0 6.3828125
523.0 6.40625
524.0 6.140625
525.0 3.4921875
526.0 8.6796875
527.0 6.6328125
528.0 6.65625
529.0 6.328125
530.0 5.6953125
531.0 5.875
532.0 6.265625
533.0 6.3203125
534.0 6.65625
535.0 6.84375
536.0 6.703125
537.0 2.6328125
538.0 10.640625
539.0 6.4375
540.0 6.390625
541.0 6.3671875
542.0 6.5390625
543.0 6.6875
544.0 2.625
545.0 10.21875
546.0 6.6171875
547.0 6.390625
548.0 6.5
549.0 6.9921875
550.0 6.828125
551.0 6.3671875
552.0 7.2734375
553.0 6.5078125
554.0 6.7734375
555.0 6.734375
556.0 6.6484375
557.0 5.9140625
558.0 6.09375
559.0 6.2421875
560.0 6.4453125
561.0 5.96875
562.0 5.859375
563.0 5.5859375
564.0 5.828125
565.0 5.8125
566.0 6.0390625
567.0 5.9453125
568.0 6.2265625
569.0 5.8515625
570.0 5.609375
571.0 6.5859375
572.0 6.0234375
573.0 2.7421875
574.0 4.5078125
575.0 6.6171875
576.0 3.078125
577.0 7.140625
578.0 6.265625
579.0 5.9453125
580.0 6.2421875
581.0 6.2109375
582.0 6.171875
583.0 6.265625
584.0 6.109375
585.0 5.9921875
586.0 5.9296875
587.0 6.359375
588.0 6.3828125
589.0 6.15625
590.0 5.9921875
591.0 5.9375
592.0 6.3046875
593.0 6.421875
594.0 6.5703125
595.0 6.0390625
596.0 4.9921875
597.0 4.59375
598.0 9.046875
599.0 3.4140625
