0.0 4.3203125
1.0 4.3984375
2.0 3.171875
3.0 5.2890625
4.0 4.453125
5.0 4.2109375
6.0 4.21875
7.0 4.3671875
8.0 4.125
9.0 4.125
10.0 3.4921875
11.0 3.1484375
12.0 3.890625
13.0 4.3984375
14.0 4.21875
15.0 3.9921875
16.0 4.0078125
17.0 0.640625
18.0 6.9453125
19.0 4.171875
20.0 3.921875
21.0 3.8828125
22.0 3.765625
23.0 0.3359375
24.0 6.984375
25.0 3.3984375
26.0 3.4375
27.0 3.4765625
28.0 3.828125
29.0 3.703125
30.0 3.4921875
31.0 3.9453125
32.0 3.046875
33.0 4.9921875
34.0 4.203125
35.0 3.7265625
36.0 3.6796875
37.0 3.9921875
38.0 3.515625
39.0 3.6484375
40.0 3.5625
41.0 3.796875
42.0 3.96875
43.0 3.8828125
44.0 4.265625
45.0 4.234375
46.0 2.546875
47.0 5.890625
48.0 4.3671875
49.0 4.1875
50.0 3.5625
51.0 1.296875
52.0 5.8203125
53.0 3.546875
54.0 3.2265625
55.0 3.6796875
56.0 3.640625
57.0 3.8515625
58.0 3.7578125
59.0 3.9765625
60.0 3.8046875
61.0 3.7421875
62.0 3.4921875
63.0 3.203125
64.0 1.609375
65.0 5.8515625
66.0 4.15625
67.0 4.0390625
68.0 4.3828125
69.0 3.9921875
70.0 4.296875
71.0 4.484375
72.0 4.234375
73.0 3.8828125
74.0 2.0703125
75.0 5.90625
76.0 3.6796875
77.0 3.7421875
78.0 3.4921875
79.0 3.9140625
80.0 3.8515625
81.0 3.953125
82.0 3.9921875
83.0 3.3515625
84.0 3.6953125
85.0 3.5625
86.0 3.1328125
87.0 0.1953125
88.0 6.8671875
89.0 4.6328125
90.0 4.1171875
91.0 4.2109375
92.0 4.1796875
93.0 3.65625
94.0 4.5078125
95.0 4.3359375
96.0 4.203125
97.0 4.5
98.0 3.5859375
99.0 3.375
100.0 4.0546875
101.0 4.1015625
102.0 3.671875
103.0 3.640625
104.0 3.9765625
105.0 4.5078125
106.0 4.546875
107.0 4.421875
108.0 4.2109375
109.0 3.859375
110.0 4.2734375
111.0 3.9140625
112.0 3.765625
113.0 3.8046875
114.0 1.9140625
115.0 5.9765625
116.0 3.59375
117.0 3.578125
118.0 3.328125
119.0 1.3125
120.0 7.3359375
121.0 4.3828125
122.0 3.46875
123.0 5.0859375
124.0 0.1640625
125.0 0.5703125
126.0 1.1484375
127.0 3.265625
128.0 2.7265625
129.0 3.7734375
130.0 4.1875
131.0 4.1875
132.0 3.9765625
133.0 3.796875
134.0 3.8515625
135.0 3.5
136.0 4.0
137.0 3.875
138.0 4.1328125
139.0 3.828125
140.0 3.765625
141.0 2.671875
142.0 0.0625
143.0 7.1953125
144.0 3.953125
145.0 3.90625
146.0 3.875
147.0 3.59375
148.0 3.625
149.0 3.671875
150.0 3.3984375
151.0 4.03125
152.0 3.8046875
153.0 3.9765625
154.0 0.6015625
155.0 7.3203125
156.0 4.4140625
157.0 4.421875
158.0 4.0703125
159.0 4.234375
160.0 4.328125
161.0 3.6484375
162.0 1.7890625
163.0 5.875
164.0 4.0703125
165.0 3.4921875
166.0 4.7421875
167.0 4.0546875
168.0 4.359375
169.0 4.21875
170.0 4.390625
171.0 4.328125
172.0 4.296875
173.0 4.2734375
174.0 3.3125
175.0 0.375
176.0 6.390625
177.0 4.3515625
178.0 4.0625
179.0 3.4375
180.0 2.3359375
181.0 2.0
182.0 0.0
183.0 6.0625
184.0 3.078125
185.0 1.9765625
186.0 2.4140625
187.0 3.7890625
188.0 3.5234375
189.0 3.4453125
190.0 3.5546875
191.0 3.84375
192.0 3.1640625
193.0 3.6171875
194.0 3.7890625
195.0 2.4140625
196.0 5.0859375
197.0 3.203125
198.0 2.90625
199.0 3.765625
200.0 3.3203125
201.0 2.1953125
202.0 4.8359375
203.0 3.0390625
204.0 3.4765625
205.0 2.8984375
206.0 2.6953125
207.0 2.546875
208.0 3.203125
209.0 3.0859375
210.0 3.2265625
211.0 3.6953125
212.0 3.2265625
213.0 3.0859375
214.0 3.3671875
215.0 0.6015625
216.0 0.0
217.0 7.3203125
218.0 3.7265625
219.0 3.046875
220.0 2.7421875
221.0 3.2890625
222.0 2.4453125
223.0 4.921875
224.0 3.4375
225.0 3.9375
226.0 4.1484375
227.0 2.546875
228.0 1.5625
229.0 0.2109375
230.0 0.359375
231.0 0.2890625
232.0 0.2265625
233.0 0.25
234.0 0.765625
235.0 0.6875
236.0 0.609375
237.0 0.0
238.0 0.0
239.0 5.609375
240.0 2.6328125
241.0 2.65625
242.0 2.59375
243.0 2.6875
244.0 2.96875
245.0 2.9921875
246.0 2.84375
247.0 2.7890625
248.0 3.1953125
249.0 2.953125
250.0 2.1328125
251.0 0.4296875
252.0 0.0
253.0 4.796875
254.0 2.390625
255.0 2.625
256.0 2.1484375
257.0 0.0
258.0 6.75
259.0 3.1484375
260.0 3.34375
261.0 2.9375
262.0 2.9921875
263.0 3.2265625
264.0 3.5234375
265.0 3.4921875
266.0 3.2265625
267.0 3.0234375
268.0 2.453125
269.0 3.1953125
270.0 3.2890625
271.0 2.1015625
272.0 0.0
273.0 8.0625
274.0 1.6875
275.0 4.5625
276.0 2.96875
277.0 3.0859375
278.0 2.96875
279.0 3.0703125
280.0 3.015625
281.0 3.1171875
282.0 3.4140625
283.0 3.0234375
284.0 3.1953125
285.0 3.171875
286.0 3.015625
287.0 2.984375
288.0 0.8203125
289.0 4.796875
290.0 2.609375
291.0 0.46875
292.0 2.7578125
293.0 2.71875
294.0 2.7734375
295.0 2.9609375
296.0 2.2421875
297.0 3.015625
298.0 2.921875
299.0 3.1171875
300.0 1.1171875
301.0 0.0
302.0 7.5703125
303.0 3.2890625
304.0 3.1171875
305.0 2.984375
306.0 0.15625
307.0 6.2578125
308.0 3.140625
309.0 3.2578125
310.0 3.34375
311.0 3.1328125
312.0 3.265625
313.0 3.0
314.0 2.640625
315.0 3.234375
316.0 3.015625
317.0 3.1015625
318.0 2.84375
319.0 0.515625
320.0 5.3515625
321.0 2.6328125
322.0 2.5234375
323.0 3.0546875
324.0 0.78125
325.0 4.875
326.0 2.578125
327.0 2.640625
328.0 2.4765625
329.0 2.9609375
330.0 2.84375
331.0 2.8984375
332.0 2.7890625
333.0 2.7578125
334.0 2.8046875
335.0 1.859375
336.0 0.75
337.0 0.0
338.0 5.6953125
339.0 2.4453125
340.0 2.546875
341.0 2.6953125
342.0 2.7734375
343.0 2.546875
344.0 1.59375
345.0 0.328125
346.0 0.0
347.0 6.953125
348.0 4.1796875
349.0 4.3046875
350.0 3.7734375
351.0 3.5
352.0 4.5625
353.0 4.8671875
354.0 4.84375
355.0 4.84375
356.0 4.1796875
357.0 4.5625
358.0 2.578125
359.0 0.078125
360.0 7.515625
361.0 4.2109375
362.0 4.125
363.0 4.59375
364.0 2.6015625
365.0 4.1875
366.0 4.828125
367.0 6.8125
368.0 4.2109375
369.0 4.0546875
370.0 4.546875
371.0 3.9140625
372.0 4.03125
373.0 4.3359375
374.0 4.5703125
375.0 4.6328125
376.0 4.296875
377.0 3.3828125
378.0 3.6953125
379.0 4.421875
380.0 4.0078125
381.0 3.7890625
382.0 4.25
383.0 4.21875
384.0 4.59375
385.0 2.8203125
386.0 0.703125
387.0 8.5625
388.0 3.96875
389.0 4.7265625
390.0 3.6796875
391.0 0.5546875
392.0 7.5546875
393.0 5.015625
394.0 2.6015625
395.0 0.8203125
396.0 0.515625
397.0 0.5078125
398.0 0.3984375
399.0 0.4921875
400.0 0.5546875
401.0 1.5
402.0 2.8359375
403.0 3.578125
404.0 2.75
405.0 4.28125
406.0 3.8515625
407.0 3.40625
408.0 1.9765625
409.0 4.1875
410.0 3.203125
411.0 4.0703125
412.0 2.7734375
413.0 3.96875
414.0 3.4765625
415.0 3.4140625
416.0 3.609375
417.0 3.234375
418.0 3.5234375
419.0 3.4765625
420.0 3.3203125
421.0 3.4375
422.0 3.640625
423.0 3.6953125
424.0 4.1171875
425.0 4.53125
426.0 4.625
427.0 3.4453125
428.0 0.1953125
429.0 9.7734375
430.0 4.6328125
431.0 4.65625
432.0 2.640625
433.0 6.6875
434.0 4.578125
435.0 4.53125
436.0 4.390625
437.0 4.359375
438.0 4.5703125
439.0 4.4765625
440.0 4.3984375
441.0 3.90625
442.0 1.96875
443.0 6.15625
444.0 4.6328125
445.0 4.5
446.0 4.625
447.0 4.4765625
448.0 4.625
449.0 4.6640625
450.0 4.71875
451.0 4.8046875
452.0 4.9453125
453.0 5.0859375
454.0 4.6640625
455.0 4.921875
456.0 2.1328125
457.0 7.421875
458.0 4.625
459.0 4.4296875
460.0 4.4296875
461.0 4.5625
462.0 0.2890625
463.0 8.3828125
464.0 4.8046875
465.0 4.4140625
466.0 4.828125
467.0 5.1875
468.0 4.8984375
469.0 4.5625
470.0 4.546875
471.0 4.9765625
472.0 4.828125
473.0 4.75
474.0 5.078125
475.0 4.84375
476.0 4.8984375
477.0 4.359375
478.0 4.9296875
479.0 5.21875
480.0 1.2890625
481.0 9.3359375
482.0 5.3203125
483.0 4.9296875
484.0 6.0
485.0 5.6640625
486.0 5.203125
487.0 5.0703125
488.0 5.1328125
489.0 5.15625
490.0 4.8046875
491.0 4.46875
492.0 5.046875
493.0 5.3125
494.0 4.9609375
495.0 4.7578125
496.0 4.6875
497.0 1.828125
498.0 7.1328125
499.0 6.15625
500.0 4.3046875
501.0 4.3984375
502.0 4.7421875
503.0 4.0
504.0 3.96875
505.0 4.2109375
506.0 4.7421875
507.0 5.3125
508.0 5.109375
509.0 4.9609375
510.0 5.1015625
511.0 5.1875
512.0 3.8046875
513.0 5.875
514.0 5.0703125
515.0 5.0546875
516.0 5.484375
517.0 5.5625
518.0 5.078125
519.0 4.1328125
520.0 5.8828125
521.0 5.1015625
522.0 5.0703125
523.0 4.5625
524.0 4.59375
525.0 4.453125
526.0 2.9296875
527.0 5.046875
528.0 2.484375
529.0 1.65625
530.0 3.1328125
531.0 5.171875
532.0 3.6796875
533.0 4.390625
534.0 4.0234375
535.0 4.65625
536.0 5.078125
537.0 5.0390625
538.0 5.0390625
539.0 4.59375
540.0 4.609375
541.0 4.9453125
542.0 4.84375
543.0 4.484375
544.0 4.6875
545.0 0.34375
546.0 9.390625
547.0 5.0390625
548.0 3.296875
549.0 0.0
550.0 6.296875
551.0 0.734375
552.0 0.0
553.0 0.0
554.0 3.46875
555.0 0.5859375
556.0 0.8359375
557.0 0.1640625
558.0 0.0
559.0 0.0
560.0 0.5546875
561.0 1.2421875
562.0 0.984375
563.0 1.28125
564.0 0.9140625
565.0 0.6171875
566.0 1.59375
567.0 4.5625
568.0 5.6640625
569.0 2.9609375
570.0 3.5625
571.0 3.8515625
572.0 6.6015625
573.0 5.6640625
574.0 5.5234375
575.0 2.9921875
576.0 8.5625
577.0 5.15625
578.0 6.0078125
579.0 4.921875
580.0 4.3359375
581.0 3.921875
582.0 3.5
583.0 3.625
584.0 3.9375
585.0 3.4296875
586.0 4.15625
587.0 0.0078125
588.0 7.7578125
589.0 1.5
590.0 4.4140625
591.0 3.5546875
592.0 3.234375
593.0 4.6796875
594.0 4.6015625
595.0 2.3671875
596.0 7.6328125
597.0 4.9609375
598.0 4.6328125
599.0 4.8671875
