0.0 4.125
1.0 4.03125
2.0 5.3671875
3.0 3.953125
4.0 4.3671875
5.0 4.6015625
6.0 2.59375
7.0 0.0
8.0 0.0
9.0 5.0234375
10.0 4.3359375
11.0 5.0234375
12.0 4.2109375
13.0 4.515625
14.0 5.4921875
15.0 4.875
16.0 4.859375
17.0 4.59375
18.0 4.25
19.0 4.6875
20.0 2.7265625
21.0 7.1875
22.0 5.3671875
23.0 3.703125
24.0 3.8203125
25.0 1.328125
26.0 3.921875
27.0 4.921875
28.0 0.8046875
29.0 1.3125
30.0 1.1484375
31.0 2.453125
32.0 4.3828125
33.0 4.5078125
34.0 2.4296875
35.0 3.25
36.0 1.46875
37.0 0.0
38.0 5.203125
39.0 4.2421875
40.0 5.3828125
41.0 3.9140625
42.0 4.8046875
43.0 5.90625
44.0 5.84375
45.0 5.96875
46.0 5.7265625
47.0 5.203125
48.0 5.140625
49.0 5.6640625
50.0 6.3515625
51.0 6.484375
52.0 6.5
53.0 6.625
54.0 6.390625
55.0 6.46875
56.0 5.9609375
57.0 1.9453125
58.0 0.0
59.0 4.9609375
60.0 2.875
61.0 3.890625
62.0 5.9609375
63.0 4.3359375
64.0 7.1640625
65.0 6.390625
66.0 6.828125
67.0 6.859375
68.0 6.8828125
69.0 7.03125
70.0 7.0078125
71.0 7.03125
72.0 6.5390625
73.0 6.75
74.0 6.5859375
75.0 4.4296875
76.0 8.2421875
77.0 4.6875
78.0 8.1328125
79.0 6.078125
80.0 5.125
81.0 5.1015625
82.0 5.859375
83.0 5.9609375
84.0 6.140625
85.0 4.984375
86.0 4.5625
87.0 4.0625
88.0 4.515625
89.0 4.59375
90.0 4.46875
91.0 1.0625
92.0 9.578125
93.0 5.203125
94.0 4.828125
95.0 4.2734375
96.0 2.7265625
97.0 0.0
98.0 7.484375
99.0 2.890625
100.0 2.8359375
101.0 2.8984375
102.0 4.0
103.0 3.609375
104.0 1.9765625
105.0 2.640625
106.0 4.2734375
107.0 4.90625
108.0 5.203125
109.0 5.2578125
110.0 5.1328125
111.0 1.7109375
112.0 4.0546875
113.0 4.9921875
114.0 2.65625
115.0 2.546875
116.0 2.671875
117.0 1.0625
118.0 0.0
119.0 5.84375
120.0 0.84375
121.0 1.109375
122.0 2.4609375
123.0 3.1484375
124.0 1.8515625
125.0 2.2734375
126.0 2.25
127.0 2.9375
128.0 2.546875
129.0 2.71875
130.0 2.390625
131.0 0.0703125
132.0 4.984375
133.0 0.1796875
134.0 5.1015625
135.0 0.984375
136.0 0.7578125
137.0 2.1015625
138.0 2.875
139.0 1.078125
140.0 1.7734375
141.0 1.5078125
142.0 4.609375
143.0 3.9765625
144.0 3.84375
145.0 4.46875
146.0 4.1796875
147.0 3.3671875
148.0 4.0546875
149.0 3.765625
150.0 3.25
151.0 1.765625
152.0 2.8125
153.0 2.484375
154.0 0.4375
155.0 8.140625
156.0 3.6484375
157.0 4.78125
158.0 1.5078125
159.0 0.0
160.0 5.1875
161.0 3.703125
162.0 3.6796875
163.0 3.375
164.0 3.859375
165.0 3.5234375
166.0 3.7578125
167.0 3.6171875
168.0 3.5234375
169.0 3.4921875
170.0 3.0859375
171.0 3.40625
172.0 2.4140625
173.0 0.4296875
174.0 0.0
175.0 6.46875
176.0 5.15625
177.0 4.1796875
178.0 4.25
179.0 4.2109375
180.0 4.21875
181.0 4.265625
182.0 4.0703125
183.0 3.953125
184.0 3.8828125
185.0 4.3359375
186.0 3.890625
187.0 3.96875
188.0 3.7578125
189.0 3.671875
190.0 1.0
191.0 6.390625
192.0 3.7109375
193.0 3.546875
194.0 3.4765625
195.0 2.1875
196.0 0.0
197.0 7.875
198.0 3.84375
199.0 3.65625
200.0 3.5
201.0 3.7265625
202.0 3.5546875
203.0 3.7578125
204.0 3.9453125
205.0 3.8203125
206.0 4.3671875
207.0 4.0703125
208.0 3.8046875
209.0 1.1796875
210.0 1.3515625
211.0 6.5703125
212.0 2.1171875
213.0 1.4609375
214.0 1.0625
215.0 0.8359375
216.0 1.734375
217.0 2.8515625
218.0 5.9609375
219.0 4.578125
220.0 4.796875
221.0 3.625
222.0 5.8828125
223.0 4.296875
224.0 4.3203125
225.0 3.234375
226.0 2.6015625
227.0 3.5859375
228.0 4.421875
229.0 4.453125
230.0 4.46875
231.0 4.03125
232.0 3.765625
233.0 3.796875
234.0 2.3984375
235.0 0.6953125
236.0 6.40625
237.0 3.546875
238.0 2.7109375
239.0 2.2734375
240.0 3.3203125
241.0 4.3359375
242.0 3.7578125
243.0 4.875
244.0 4.7578125
245.0 4.7109375
246.0 4.46875
247.0 4.609375
248.0 4.875
249.0 4.9921875
250.0 4.875
251.0 4.6015625
252.0 4.9609375
253.0 4.984375
254.0 3.8828125
255.0 3.1015625
256.0 0.0
257.0 8.296875
258.0 4.5
259.0 4.59375
260.0 4.7265625
261.0 4.4140625
262.0 4.46875
263.0 4.6015625
264.0 4.4296875
265.0 4.6484375
266.0 5.421875
267.0 5.4296875
268.0 5.4921875
269.0 5.3515625
270.0 3.1953125
271.0 6.0078125
272.0 5.28125
273.0 5.28125
274.0 0.65625
275.0 9.1171875
276.0 3.1328125
277.0 2.6328125
278.0 2.5703125
279.0 2.21875
280.0 1.8671875
281.0 3.4296875
282.0 3.875
283.0 2.484375
284.0 2.6328125
285.0 3.578125
286.0 2.453125
287.0 6.234375
288.0 4.0390625
289.0 5.140625
290.0 4.7109375
291.0 3.9453125
292.0 1.28125
293.0 6.1171875
294.0 5.40625
295.0 5.046875
296.0 4.7265625
297.0 4.4140625
298.0 3.7109375
299.0 3.8828125
300.0 3.296875
301.0 4.1328125
302.0 4.75
303.0 4.9921875
304.0 4.7421875
305.0 5.015625
306.0 5.1015625
307.0 5.3203125
308.0 5.015625
309.0 4.984375
310.0 4.46875
311.0 1.53125
312.0 0.0
313.0 6.328125
314.0 2.6328125
315.0 5.375
316.0 5.078125
317.0 4.0703125
318.0 4.59375
319.0 4.5078125
320.0 4.0390625
321.0 4.234375
322.0 5.203125
323.0 5.203125
324.0 4.296875
325.0 4.390625
326.0 4.6328125
327.0 3.859375
328.0 4.21875
329.0 4.921875
330.0 5.1015625
331.0 2.3125
332.0 6.3203125
333.0 3.53125
334.0 6.6015625
335.0 4.9921875
336.0 4.75
337.0 4.3984375
338.0 4.3515625
339.0 4.5390625
340.0 3.7421875
341.0 3.6171875
342.0 4.828125
343.0 4.0078125
344.0 3.1328125
345.0 2.9296875
346.0 2.375
347.0 0.65625
348.0 5.4375
349.0 4.546875
350.0 4.453125
351.0 4.4453125
352.0 5.0859375
353.0 5.078125
354.0 4.8046875
355.0 4.875
356.0 4.796875
357.0 5.3203125
358.0 5.109375
359.0 4.46875
360.0 0.8828125
361.0 6.6328125
362.0 1.5625
363.0 8.4609375
364.0 3.8203125
365.0 5.21875
366.0 5.5234375
367.0 5.3125
368.0 5.5
369.0 5.3203125
370.0 5.046875
371.0 4.7109375
372.0 4.1328125
373.0 3.7578125
374.0 4.625
375.0 2.65625
376.0 6.2890625
377.0 4.7734375
378.0 4.625
379.0 4.8046875
380.0 4.953125
381.0 5.171875
382.0 5.28125
383.0 5.0078125
384.0 4.984375
385.0 5.2890625
386.0 4.796875
387.0 4.7265625
388.0 1.359375
389.0 6.9765625
390.0 3.9921875
391.0 4.8046875
392.0 4.875
393.0 4.796875
394.0 4.9765625
395.0 0.703125
396.0 9.1953125
397.0 4.9609375
398.0 5.109375
399.0 4.8671875
400.0 4.828125
401.0 5.0859375
402.0 5.0546875
403.0 4.78125
404.0 4.984375
405.0 4.3359375
406.0 2.671875
407.0 5.734375
408.0 4.9296875
409.0 5.078125
410.0 5.2734375
411.0 5.140625
412.0 5.203125
413.0 4.0546875
414.0 5.2265625
415.0 4.3203125
416.0 4.4140625
417.0 5.140625
418.0 4.921875
419.0 4.859375
420.0 3.3671875
421.0 6.296875
422.0 4.65625
423.0 2.4140625
424.0 2.9296875
425.0 0.078125
426.0 8.5078125
427.0 4.953125
428.0 4.3984375
429.0 4.8359375
430.0 4.6953125
431.0 4.6953125
432.0 4.828125
433.0 1.5859375
434.0 8.0625
435.0 4.1015625
436.0 4.1484375
437.0 4.6484375
438.0 4.7109375
439.0 2.671875
440.0 2.7421875
441.0 3.7890625
442.0 4.59375
443.0 4.453125
444.0 4.65625
445.0 4.5390625
446.0 4.5703125
447.0 0.1796875
448.0 9.3671875
449.0 4.4453125
450.0 4.5078125
451.0 4.5390625
452.0 3.59375
453.0 5.8828125
454.0 4.859375
455.0 3.515625
456.0 5.734375
457.0 4.1015625
458.0 4.203125
459.0 3.9765625
460.0 4.3984375
461.0 3.203125
462.0 5.109375
463.0 3.90625
464.0 6.328125
465.0 5.171875
466.0 4.5625
467.0 3.28125
468.0 5.453125
469.0 3.96875
470.0 4.3203125
471.0 4.484375
472.0 3.578125
473.0 2.5078125
474.0 4.390625
475.0 3.5
476.0 4.875
477.0 2.90625
478.0 4.265625
479.0 4.5390625
480.0 4.3359375
481.0 4.6640625
482.0 4.828125
483.0 4.8046875
484.0 4.875
485.0 4.265625
486.0 4.3671875
487.0 4.2734375
488.0 4.3203125
489.0 3.9921875
490.0 0.2109375
491.0 7.8125
492.0 4.5
493.0 4.859375
494.0 4.6015625
495.0 4.4765625
496.0 4.3984375
497.0 3.796875
498.0 4.8046875
499.0 4.546875
500.0 4.609375
501.0 4.578125
502.0 4.21875
503.0 4.0390625
504.0 4.1875
505.0 3.59375
506.0 3.40625
507.0 3.6796875
508.0 3.4296875
509.0 2.1640625
510.0 3.640625
511.0 2.046875
512.0 0.5703125
513.0 7.7578125
514.0 3.1796875
515.0 3.015625
516.0 3.5546875
517.0 0.6640625
518.0 5.9609375
519.0 3.2578125
520.0 2.546875
521.0 3.921875
522.0 3.3984375
523.0 3.3828125
524.0 2.96875
525.0 3.1015625
526.0 3.296875
527.0 0.765625
528.0 6.0
529.0 3.0703125
530.0 2.953125
531.0 3.0
532.0 3.28125
533.0 3.140625
534.0 3.1953125
535.0 2.84375
536.0 2.7890625
537.0 3.0234375
538.0 3.21875
539.0 3.171875
540.0 3.5234375
541.0 1.03125
542.0 5.78125
543.0 3.59375
544.0 3.4609375
545.0 3.4140625
546.0 3.078125
547.0 3.375
548.0 3.3515625
549.0 3.34375
550.0 3.3515625
551.0 3.875
552.0 3.921875
553.0 2.3671875
554.0 5.7265625
555.0 3.8515625
556.0 4.296875
557.0 3.578125
558.0 3.515625
559.0 3.6953125
560.0 3.6171875
561.0 3.40625
562.0 0.0
563.0 6.703125
564.0 3.203125
565.0 3.28125
566.0 3.3125
567.0 3.640625
568.0 3.515625
569.0 3.234375
570.0 3.3203125
571.0 2.4921875
572.0 3.9921875
573.0 3.1484375
574.0 3.1796875
575.0 3.546875
576.0 3.25
577.0 2.546875
578.0 2.5625
579.0 3.2265625
580.0 4.5390625
581.0 2.59375
582.0 7.0390625
583.0 2.1953125
584.0 7.125
585.0 3.1171875
586.0 6.4140625
587.0 4.65625
588.0 4.7734375
589.0 3.4609375
590.0 5.765625
591.0 3.328125
592.0 5.421875
593.0 2.90625
594.0 2.90625
595.0 4.21875
596.0 3.8515625
597.0 2.1484375
598.0 2.8671875
599.0 2.34375
