0.0 3.796875
1.0 3.3515625
2.0 0.0
3.0 7.578125
4.0 3.7890625
5.0 3.8046875
6.0 3.8828125
7.0 4.0546875
8.0 3.859375
9.0 3.7265625
10.0 0.75
11.0 6.6171875
12.0 3.90625
13.0 3.4609375
14.0 3.21875
15.0 3.2890625
16.0 3.6953125
17.0 3.5546875
18.0 3.9140625
19.0 3.9921875
20.0 4.203125
21.0 3.703125
22.0 4.0625
23.0 2.3984375
24.0 0.0
25.0 8.359375
26.0 3.4921875
27.0 3.546875
28.0 3.5625
29.0 0.0390625
30.0 7.421875
31.0 3.7421875
32.0 3.703125
33.0 3.8515625
34.0 3.7109375
35.0 3.5
36.0 3.671875
37.0 3.7578125
38.0 3.828125
39.0 3.96875
40.0 4.125
41.0 3.921875
42.0 0.2109375
43.0 7.65625
44.0 3.9375
45.0 3.8515625
46.0 3.9375
47.0 3.7265625
48.0 0.671875
49.0 6.890625
50.0 3.5546875
51.0 3.5234375
52.0 3.703125
53.0 3.40625
54.0 3.625
55.0 3.640625
56.0 3.4453125
57.0 1.6484375
58.0 2.8515625
59.0 3.5859375
60.0 3.3671875
61.0 0.0
62.0 7.3984375
63.0 3.7109375
64.0 3.7265625
65.0 3.8828125
66.0 3.90625
67.0 1.0859375
68.0 6.109375
69.0 3.3984375
70.0 3.0234375
71.0 3.328125
72.0 3.3515625
73.0 3.0
74.0 2.375
75.0 3.5
76.0 3.1640625
77.0 3.3515625
78.0 3.7578125
79.0 2.296875
80.0 0.0
81.0 6.171875
82.0 0.9140625
83.0 2.015625
84.0 2.875
85.0 3.4296875
86.0 3.4921875
87.0 3.65625
88.0 3.296875
89.0 3.5625
90.0 3.3671875
91.0 1.1640625
92.0 6.3828125
93.0 3.4296875
94.0 3.015625
95.0 0.1796875
96.0 5.609375
97.0 3.59375
98.0 3.7109375
99.0 3.640625
100.0 3.2890625
101.0 3.265625
102.0 2.7421875
103.0 3.203125
104.0 3.1328125
105.0 2.0703125
106.0 0.7890625
107.0 0.4296875
108.0 0.578125
109.0 0.109375
110.0 0.0
111.0 4.4765625
112.0 1.4609375
113.0 1.2890625
114.0 1.375
115.0 0.609375
116.0 0.8046875
117.0 1.1328125
118.0 1.2265625
119.0 1.4453125
120.0 1.5625
121.0 1.03125
122.0 0.0
123.0 6.296875
124.0 3.6171875
125.0 3.28125
126.0 2.2109375
127.0 3.203125
128.0 0.4609375
129.0 6.171875
130.0 3.7578125
131.0 3.625
132.0 3.65625
133.0 3.671875
134.0 3.7109375
135.0 3.90625
136.0 2.8203125
137.0 2.0859375
138.0 1.0859375
139.0 0.9921875
140.0 2.0625
141.0 3.140625
142.0 1.1171875
143.0 0.0
144.0 6.1875
145.0 3.1640625
146.0 3.0703125
147.0 3.203125
148.0 1.5
149.0 0.0
150.0 6.078125
151.0 2.984375
152.0 2.1875
153.0 3.0
154.0 3.5
155.0 3.4296875
156.0 3.546875
157.0 3.40625
158.0 3.4453125
159.0 3.625
160.0 3.6484375
161.0 3.2890625
162.0 0.0
163.0 7.0078125
164.0 3.59375
165.0 3.21875
166.0 3.28125
167.0 3.0
168.0 1.6484375
169.0 5.453125
170.0 3.4453125
171.0 3.5
172.0 3.3125
173.0 3.4140625
174.0 3.4765625
175.0 3.3828125
176.0 3.3671875
177.0 3.546875
178.0 2.3125
179.0 2.7734375
180.0 1.9453125
181.0 4.984375
182.0 3.625
183.0 3.640625
184.0 3.546875
185.0 3.5234375
186.0 3.0546875
187.0 3.0703125
188.0 1.5546875
189.0 5.25
190.0 3.046875
191.0 3.515625
192.0 3.21875
193.0 3.5234375
194.0 3.1328125
195.0 3.015625
196.0 3.1953125
197.0 3.4296875
198.0 3.3984375
199.0 3.296875
200.0 3.53125
201.0 3.5
202.0 3.4609375
203.0 3.171875
204.0 2.453125
205.0 0.0
206.0 7.1328125
207.0 0.5859375
208.0 1.5390625
209.0 0.7890625
210.0 1.8984375
211.0 2.1875
212.0 2.1171875
213.0 3.3671875
214.0 3.5
215.0 2.328125
216.0 0.96875
217.0 0.0
218.0 6.6015625
219.0 3.3203125
220.0 3.2265625
221.0 3.5546875
222.0 3.59375
223.0 3.84375
224.0 3.9375
225.0 3.875
226.0 3.828125
227.0 3.7578125
228.0 3.875
229.0 0.671875
230.0 7.4921875
231.0 4.1875
232.0 3.9140625
233.0 4.0390625
234.0 3.9453125
235.0 3.40625
236.0 0.0
237.0 8.2421875
238.0 3.5859375
239.0 3.375
240.0 0.875
241.0 6.515625
242.0 3.6953125
243.0 3.3515625
244.0 3.4375
245.0 3.2578125
246.0 3.625
247.0 3.578125
248.0 3.625
249.0 3.8203125
250.0 3.625
251.0 3.9375
252.0 3.828125
253.0 2.28125
254.0 5.1640625
255.0 1.8828125
256.0 5.4609375
257.0 3.578125
258.0 3.859375
259.0 3.40625
260.0 3.078125
261.0 2.9296875
262.0 3.7734375
263.0 4.1796875
264.0 3.6953125
265.0 3.4765625
266.0 3.53125
267.0 3.5234375
268.0 3.5859375
269.0 3.7109375
270.0 3.4765625
271.0 3.53125
272.0 3.703125
273.0 2.5078125
274.0 1.4921875
275.0 1.0546875
276.0 3.140625
277.0 4.0078125
278.0 2.640625
279.0 0.0
280.0 8.6171875
281.0 4.09375
282.0 3.828125
283.0 2.0859375
284.0 5.7578125
285.0 4.0703125
286.0 3.7109375
287.0 3.4375
288.0 3.5859375
289.0 3.875
290.0 4.03125
291.0 4.1796875
292.0 3.828125
293.0 4.0390625
294.0 3.7109375
295.0 2.8125
296.0 4.9921875
297.0 4.1015625
298.0 4.0078125
299.0 3.765625
300.0 3.625
301.0 3.3671875
302.0 3.40625
303.0 2.6328125
304.0 0.0
305.0 8.3125
306.0 3.7109375
307.0 3.4765625
308.0 3.828125
309.0 3.734375
310.0 2.8203125
311.0 2.484375
312.0 2.9375
313.0 3.3984375
314.0 3.6484375
315.0 3.640625
316.0 0.984375
317.0 5.6015625
318.0 3.3828125
319.0 3.1015625
320.0 3.2578125
321.0 3.671875
322.0 3.203125
323.0 0.0
324.0 4.1875
325.0 6.40625
326.0 3.3203125
327.0 3.4375
328.0 3.40625
329.0 3.21875
330.0 0.484375
331.0 6.2109375
332.0 3.0546875
333.0 3.0859375
334.0 3.1796875
335.0 2.34375
336.0 2.609375
337.0 3.1484375
338.0 3.140625
339.0 3.328125
340.0 3.4453125
341.0 3.40625
342.0 0.5546875
343.0 6.2265625
344.0 3.546875
345.0 3.28125
346.0 0.0
347.0 6.140625
348.0 3.671875
349.0 3.7734375
350.0 3.5625
351.0 3.578125
352.0 3.6953125
353.0 3.7109375
354.0 3.8203125
355.0 3.7578125
356.0 3.7890625
357.0 3.6796875
358.0 3.4453125
359.0 3.171875
360.0 0.0
361.0 6.125
362.0 3.59375
363.0 3.734375
364.0 3.4765625
365.0 1.59375
366.0 0.0
367.0 7.3671875
368.0 3.6484375
369.0 3.5
370.0 3.171875
371.0 3.078125
372.0 1.5703125
373.0 5.484375
374.0 3.7734375
375.0 3.5625
376.0 3.3203125
377.0 3.625
378.0 3.203125
379.0 3.5234375
380.0 3.765625
381.0 3.6171875
382.0 3.5859375
383.0 3.5859375
384.0 3.3515625
385.0 2.984375
386.0 0.0
387.0 7.5078125
388.0 3.5625
389.0 3.5625
390.0 3.90625
391.0 3.6953125
392.0 3.5625
393.0 1.1171875
394.0 6.5703125
395.0 3.7578125
396.0 3.1796875
397.0 2.3046875
398.0 2.9609375
399.0 2.8125
400.0 2.546875
401.0 2.515625
402.0 2.3359375
403.0 2.390625
404.0 2.28125
405.0 2.4140625
406.0 0.1015625
407.0 0.0
408.0 6.5859375
409.0 2.484375
410.0 2.5390625
411.0 2.578125
412.0 2.71875
413.0 2.625
414.0 1.171875
415.0 0.0
416.0 6.5703125
417.0 2.5625
418.0 3.5234375
419.0 3.96875
420.0 3.890625
421.0 3.5625
422.0 3.609375
423.0 3.5625
424.0 0.0
425.0 6.8671875
426.0 1.8515625
427.0 2.8671875
428.0 3.109375
429.0 3.015625
430.0 2.953125
431.0 3.2890625
432.0 3.109375
433.0 2.8359375
434.0 2.875
435.0 2.546875
436.0 1.828125
437.0 0.0
438.0 6.0546875
439.0 2.6953125
440.0 2.7265625
441.0 2.6875
442.0 2.9375
443.0 2.5078125
444.0 2.6015625
445.0 2.984375
446.0 2.484375
447.0 3.0
448.0 2.0625
449.0 0.0
450.0 6.734375
451.0 3.734375
452.0 3.5234375
453.0 3.3984375
454.0 3.4765625
455.0 4.03125
456.0 3.9140625
457.0 3.859375
458.0 3.796875
459.0 3.796875
460.0 2.921875
461.0 5.1953125
462.0 4.0390625
463.0 4.09375
464.0 3.9453125
465.0 3.5234375
466.0 0.0
467.0 8.40625
468.0 4.0
469.0 4.1015625
470.0 4.0625
471.0 4.1015625
472.0 3.828125
473.0 3.9140625
474.0 4.0234375
475.0 3.6953125
476.0 3.25
477.0 3.765625
478.0 3.2265625
479.0 0.0
480.0 7.8671875
481.0 3.40625
482.0 3.296875
483.0 2.4609375
484.0 0.0
485.0 6.6875
486.0 3.3671875
487.0 3.7734375
488.0 3.6796875
489.0 4.15625
490.0 4.0078125
491.0 4.1796875
492.0 3.875
493.0 3.84375
494.0 3.890625
495.0 4.1484375
496.0 1.6875
497.0 6.6640625
498.0 4.0859375
499.0 3.9765625
500.0 3.546875
501.0 3.4765625
502.0 3.9375
503.0 3.765625
504.0 3.0703125
505.0 0.0
506.0 8.0625
507.0 3.7421875
508.0 3.40625
509.0 3.078125
510.0 0.0
511.0 7.5546875
512.0 3.3203125
513.0 2.4609375
514.0 3.1484375
515.0 2.5625
516.0 2.1328125
517.0 2.890625
518.0 2.25
519.0 2.0390625
520.0 3.1171875
521.0 2.9921875
522.0 1.96875
523.0 0.2421875
524.0 5.46875
525.0 1.9140625
526.0 2.1875
527.0 3.4140625
528.0 3.59375
529.0 1.7421875
530.0 5.890625
531.0 3.7734375
532.0 0.6171875
533.0 5.0703125
534.0 1.28125
535.0 2.984375
536.0 3.65625
537.0 3.84375
538.0 4.0234375
539.0 3.765625
540.0 3.84375
541.0 3.9140625
542.0 3.890625
543.0 2.9921875
544.0 4.8359375
545.0 3.8046875
546.0 3.7109375
547.0 3.515625
548.0 3.609375
549.0 3.796875
550.0 3.8046875
551.0 3.8515625
552.0 3.796875
553.0 3.90625
554.0 3.84375
555.0 3.796875
556.0 3.9375
557.0 3.7890625
558.0 0.2421875
559.0 7.1953125
560.0 1.1171875
561.0 3.1171875
562.0 3.5859375
563.0 3.5
564.0 3.625
565.0 1.9375
566.0 5.4921875
567.0 3.796875
568.0 3.703125
569.0 3.5859375
570.0 3.5625
571.0 3.7265625
572.0 3.6953125
573.0 3.328125
574.0 3.46875
575.0 3.5625
576.0 1.9765625
577.0 5.3671875
578.0 3.546875
579.0 3.7265625
580.0 3.90625
581.0 3.7578125
582.0 3.8203125
583.0 3.8046875
584.0 3.7578125
585.0 2.296875
586.0 0.0
587.0 7.6015625
588.0 0.40625
589.0 3.59375
590.0 3.9140625
591.0 3.875
592.0 4.0625
593.0 4.1484375
594.0 3.796875
595.0 1.8203125
596.0 0.1328125
597.0 8.234375
598.0 3.671875
599.0 3.859375
