0.0 10.1171875
1.0 6.71875
2.0 6.4375
3.0 6.15625
4.0 3.90625
5.0 3.0546875
6.0 1.8671875
7.0 4.484375
8.0 6.3203125
9.0 5.96875
10.0 5.765625
11.0 6.078125
12.0 6.140625
13.0 6.2890625
14.0 6.65625
15.0 5.9375
16.0 4.84375
17.0 6.921875
18.0 4.4765625
19.0 2.8203125
20.0 1.890625
21.0 3.921875
22.0 5.9375
23.0 6.0859375
24.0 5.7578125
25.0 5.9140625
26.0 5.859375
27.0 6.0390625
28.0 5.9453125
29.0 3.9140625
30.0 7.71875
31.0 5.796875
32.0 5.859375
33.0 6.2109375
34.0 4.0625
35.0 8.0
36.0 6.359375
37.0 6.1796875
38.0 6.3359375
39.0 6.1484375
40.0 5.8828125
41.0 5.96875
42.0 5.875
43.0 6.2109375
44.0 6.1796875
45.0 6.1796875
46.0 4.4765625
47.0 7.71875
48.0 6.1171875
49.0 6.171875
50.0 6.203125
51.0 4.0859375
52.0 8.2734375
53.0 4.1171875
54.0 8.3515625
55.0 4.21875
56.0 8.2421875
57.0 6.0390625
58.0 6.03125
59.0 6.1171875
60.0 5.90625
61.0 5.5234375
62.0 5.34375
63.0 5.734375
64.0 5.9296875
65.0 6.0390625
66.0 5.7890625
67.0 6.0
68.0 5.5
69.0 5.8125
70.0 1.765625
71.0 9.28125
72.0 5.4375
73.0 4.3671875
74.0 7.2734375
75.0 5.421875
76.0 5.9609375
77.0 5.96875
78.0 5.90625
79.0 3.7109375
80.0 7.0703125
81.0 5.9453125
82.0 6.109375
83.0 6.140625
84.0 6.4375
85.0 6.1875
86.0 6.125
87.0 6.109375
88.0 5.859375
89.0 5.4375
90.0 4.53125
91.0 5.3046875
92.0 0.6953125
93.0 10.0703125
94.0 6.2734375
95.0 5.890625
96.0 6.265625
97.0 6.0234375
98.0 5.8125
99.0 6.0
100.0 4.8984375
101.0 3.4453125
102.0 0.25
103.0 6.171875
104.0 2.21875
105.0 2.1875
106.0 1.6875
107.0 1.921875
108.0 5.234375
109.0 6.4765625
110.0 6.390625
111.0 6.0859375
112.0 6.125
113.0 6.234375
114.0 5.8203125
115.0 5.6015625
116.0 6.8984375
117.0 6.078125
118.0 6.1796875
119.0 6.2578125
120.0 6.3046875
121.0 5.9609375
122.0 5.9921875
123.0 5.734375
124.0 6.328125
125.0 6.2734375
126.0 6.3203125
127.0 6.3671875
128.0 5.2890625
129.0 7.1875
130.0 5.828125
131.0 5.7890625
132.0 6.234375
133.0 6.40625
134.0 5.8828125
135.0 6.140625
136.0 5.8125
137.0 6.2578125
138.0 6.3359375
139.0 3.859375
140.0 5.34375
141.0 5.84375
142.0 5.1328125
143.0 5.453125
144.0 6.265625
145.0 5.890625
146.0 5.703125
147.0 6.0390625
148.0 6.2265625
149.0 6.203125
150.0 5.9921875
151.0 6.203125
152.0 6.0078125
153.0 6.2421875
154.0 6.40625
155.0 6.234375
156.0 5.578125
157.0 4.8046875
158.0 8.2890625
159.0 6.1171875
160.0 6.078125
161.0 5.9609375
162.0 5.9140625
163.0 3.109375
164.0 9.4609375
165.0 6.0859375
166.0 5.890625
167.0 6.1796875
168.0 6.03125
169.0 6.1171875
170.0 6.109375
171.0 6.0625
172.0 6.0625
173.0 6.0234375
174.0 6.203125
175.0 6.1875
176.0 1.1796875
177.0 11.265625
178.0 6.4140625
179.0 6.109375
180.0 6.3515625
181.0 3.375
182.0 8.859375
183.0 6.109375
184.0 5.90625
185.0 5.875
186.0 5.859375
187.0 4.0078125
188.0 7.65625
189.0 4.0546875
190.0 7.8359375
191.0 5.53125
192.0 6.09375
193.0 6.09375
194.0 6.171875
195.0 6.078125
196.0 6.2265625
197.0 6.2734375
198.0 6.265625
199.0 6.125
200.0 6.1796875
201.0 6.5859375
202.0 6.2421875
203.0 5.3984375
204.0 7.0390625
205.0 6.1875
206.0 6.1875
207.0 6.0625
208.0 5.671875
209.0 6.390625
210.0 5.890625
211.0 6.0234375
212.0 5.9140625
213.0 6.421875
214.0 6.203125
215.0 6.3515625
216.0 5.96875
217.0 5.2578125
218.0 5.765625
219.0 5.046875
220.0 6.6875
221.0 6.1171875
222.0 6.2734375
223.0 6.2421875
224.0 6.625
225.0 6.5859375
226.0 6.5078125
227.0 6.390625
228.0 6.421875
229.0 6.5859375
230.0 6.46875
231.0 6.2578125
232.0 4.75
233.0 5.96875
234.0 6.7734375
235.0 6.0234375
236.0 6.0546875
237.0 5.2578125
238.0 4.5390625
239.0 7.1953125
240.0 6.078125
241.0 5.84375
242.0 6.1171875
243.0 6.140625
244.0 6.0
245.0 5.734375
246.0 5.90625
247.0 5.9140625
248.0 5.890625
249.0 5.8515625
250.0 5.765625
251.0 5.515625
252.0 5.7109375
253.0 2.328125
254.0 9.328125
255.0 5.8203125
256.0 5.796875
257.0 5.6796875
258.0 5.6796875
259.0 1.28125
260.0 9.7890625
261.0 5.78125
262.0 6.1796875
263.0 6.3203125
264.0 6.0625
265.0 6.2421875
266.0 5.765625
267.0 5.765625
268.0 5.8828125
269.0 6.0859375
270.0 5.7890625
271.0 5.765625
272.0 6.09375
273.0 5.8828125
274.0 5.9375
275.0 5.796875
276.0 5.6796875
277.0 4.8984375
278.0 6.8046875
279.0 4.1328125
280.0 7.6875
281.0 5.703125
282.0 6.0390625
283.0 5.78125
284.0 5.6171875
285.0 5.703125
286.0 6.0078125
287.0 5.9765625
288.0 6.234375
289.0 6.140625
290.0 6.1171875
291.0 6.0078125
292.0 6.296875
293.0 5.046875
294.0 7.34375
295.0 6.0234375
296.0 6.09375
297.0 3.921875
298.0 7.796875
299.0 5.8828125
300.0 6.0546875
301.0 6.0625
302.0 6.125
303.0 6.109375
304.0 5.9921875
305.0 6.2421875
306.0 6.0859375
307.0 5.9453125
308.0 5.9296875
309.0 4.0234375
310.0 7.671875
311.0 6.0546875
312.0 5.84375
313.0 5.7109375
314.0 3.4140625
315.0 8.3203125
316.0 5.828125
317.0 5.9140625
318.0 5.859375
319.0 5.96875
320.0 5.8828125
321.0 5.796875
322.0 5.8203125
323.0 5.890625
324.0 5.859375
325.0 5.9140625
326.0 2.7734375
327.0 9.265625
328.0 6.09375
329.0 6.0390625
330.0 6.109375
331.0 1.796875
332.0 10.4453125
333.0 6.0859375
334.0 5.9609375
335.0 6.0390625
336.0 6.3671875
337.0 6.03125
338.0 6.0546875
339.0 5.7890625
340.0 5.9765625
341.0 5.453125
342.0 5.734375
343.0 6.03125
344.0 1.6875
345.0 10.3984375
346.0 5.890625
347.0 6.125
348.0 5.9296875
349.0 6.09375
350.0 6.2890625
351.0 5.8203125
352.0 5.1953125
353.0 6.203125
354.0 6.171875
355.0 6.234375
356.0 5.8125
357.0 5.859375
358.0 0.9140625
359.0 10.5
360.0 6.03125
361.0 5.8828125
362.0 5.75
363.0 6.0078125
364.0 5.9140625
365.0 5.875
366.0 5.9921875
367.0 6.2265625
368.0 6.03125
369.0 6.1484375
370.0 4.71875
371.0 7.4375
372.0 6.296875
373.0 6.3046875
374.0 6.3203125
375.0 6.2421875
376.0 5.6796875
377.0 6.6328125
378.0 5.90625
379.0 5.8515625
380.0 5.9609375
381.0 5.875
382.0 5.9765625
383.0 6.125
384.0 5.96875
385.0 5.9375
386.0 5.875
387.0 5.90625
388.0 6.0078125
389.0 6.03125
390.0 2.4296875
391.0 9.1875
392.0 6.1796875
393.0 6.125
394.0 1.5
395.0 10.3671875
396.0 6.078125
397.0 3.8046875
398.0 7.6015625
399.0 5.703125
400.0 5.9609375
401.0 4.0
402.0 6.84375
403.0 5.703125
404.0 6.265625
405.0 6.09375
406.0 6.5546875
407.0 6.125
408.0 6.109375
409.0 6.0859375
410.0 6.203125
411.0 5.859375
412.0 5.90625
413.0 5.734375
414.0 6.15625
415.0 5.96875
416.0 6.5703125
417.0 6.296875
418.0 6.265625
419.0 1.890625
420.0 10.953125
421.0 6.2890625
422.0 6.140625
423.0 6.125
424.0 3.671875
425.0 9.078125
426.0 6.2890625
427.0 4.5
428.0 8.46875
429.0 4.421875
430.0 7.765625
431.0 3.8828125
432.0 8.2265625
433.0 6.515625
434.0 6.328125
435.0 6.40625
436.0 6.3828125
437.0 4.4140625
438.0 8.078125
439.0 5.8203125
440.0 6.484375
441.0 5.9296875
442.0 5.90625
443.0 6.328125
444.0 6.6640625
445.0 6.5
446.0 6.5859375
447.0 5.703125
448.0 5.765625
449.0 5.9921875
450.0 5.96875
451.0 6.359375
452.0 1.734375
453.0 9.8203125
454.0 3.671875
455.0 3.515625
456.0 2.296875
457.0 7.8984375
458.0 6.6796875
459.0 6.8671875
460.0 6.296875
461.0 6.3671875
462.0 6.53125
463.0 6.40625
464.0 5.9609375
465.0 5.859375
466.0 6.265625
467.0 2.8984375
468.0 8.1796875
469.0 5.6953125
470.0 6.5859375
471.0 6.8828125
472.0 6.8671875
473.0 6.984375
474.0 6.8984375
475.0 6.5625
476.0 6.5625
477.0 4.8359375
478.0 8.65625
479.0 6.7109375
480.0 6.5078125
481.0 6.484375
482.0 5.7265625
483.0 6.203125
484.0 6.078125
485.0 6.078125
486.0 5.9453125
487.0 5.875
488.0 6.0546875
489.0 6.1875
490.0 6.234375
491.0 5.3984375
492.0 0.6015625
493.0 7.640625
494.0 4.59375
495.0 4.390625
496.0 1.7421875
497.0 6.921875
498.0 5.796875
499.0 5.6171875
500.0 5.7890625
501.0 5.9453125
502.0 5.6015625
503.0 6.0546875
504.0 5.5234375
505.0 4.125
506.0 4.203125
507.0 4.171875
508.0 6.3515625
509.0 4.265625
510.0 6.6015625
511.0 5.90625
512.0 5.171875
513.0 5.375
514.0 4.2734375
515.0 5.421875
516.0 5.7265625
517.0 5.7265625
518.0 5.609375
519.0 5.8203125
520.0 6.2578125
521.0 6.2109375
522.0 5.84375
523.0 5.7109375
524.0 6.109375
525.0 5.75
526.0 6.0078125
527.0 6.03125
528.0 6.421875
529.0 6.109375
530.0 5.9453125
531.0 6.03125
532.0 6.2421875
533.0 5.109375
534.0 7.2265625
535.0 6.0859375
536.0 6.140625
537.0 5.9765625
538.0 6.2421875
539.0 5.9140625
540.0 6.171875
541.0 5.7578125
542.0 5.796875
543.0 4.1015625
544.0 8.046875
545.0 6.15625
546.0 6.125
547.0 6.15625
548.0 6.265625
549.0 4.5625
550.0 8.2578125
551.0 6.5703125
552.0 6.59375
553.0 6.5390625
554.0 6.796875
555.0 3.4375
556.0 9.5078125
557.0 6.2421875
558.0 6.1796875
559.0 6.140625
560.0 6.3359375
561.0 6.328125
562.0 6.4765625
563.0 6.2890625
564.0 6.515625
565.0 6.59375
566.0 6.53125
567.0 6.4453125
568.0 6.59375
569.0 4.46875
570.0 7.9609375
571.0 6.03125
572.0 6.3046875
573.0 6.390625
574.0 4.328125
575.0 2.1796875
576.0 6.5625
577.0 4.2421875
578.0 5.453125
579.0 6.0078125
580.0 6.09375
581.0 5.828125
582.0 6.0390625
583.0 5.9453125
584.0 5.9453125
585.0 6.3203125
586.0 6.6640625
587.0 6.734375
588.0 4.0703125
589.0 9.78125
590.0 6.4375
591.0 5.9921875
592.0 5.90625
593.0 2.84375
594.0 5.2890625
595.0 2.5234375
596.0 3.796875
597.0 4.5703125
598.0 5.2578125
599.0 5.1015625
