0.0 4.25
1.0 4.3046875
2.0 4.234375
3.0 4.3359375
4.0 4.28125
5.0 0.359375
6.0 8.1640625
7.0 3.9765625
8.0 3.828125
9.0 1.203125
10.0 7.1796875
11.0 3.9765625
12.0 3.2578125
13.0 3.53125
14.0 4.0625
15.0 4.0078125
16.0 3.1953125
17.0 4.3046875
18.0 3.734375
19.0 3.5546875
20.0 4.28125
21.0 4.3203125
22.0 3.1484375
23.0 0.0
24.0 9.015625
25.0 2.2734375
26.0 6.0390625
27.0 4.1015625
28.0 4.5703125
29.0 4.2109375
30.0 4.0390625
31.0 3.9765625
32.0 4.3359375
33.0 3.5859375
34.0 2.953125
35.0 2.625
36.0 3.296875
37.0 3.1171875
38.0 2.453125
39.0 0.0
40.0 7.84375
41.0 3.4296875
42.0 3.28125
43.0 3.1015625
44.0 2.8203125
45.0 2.9609375
46.0 0.0
47.0 5.7109375
48.0 2.90625
49.0 3.0703125
50.0 1.171875
51.0 4.3828125
52.0 2.7734375
53.0 3.0
54.0 2.7890625
55.0 2.6875
56.0 2.453125
57.0 2.546875
58.0 1.796875
59.0 1.890625
60.0 2.65625
61.0 2.4296875
62.0 3.078125
63.0 3.734375
64.0 4.578125
65.0 0.65625
66.0 7.46875
67.0 1.1953125
68.0 3.546875
69.0 3.5546875
70.0 4.265625
71.0 4.4296875
72.0 4.5
73.0 4.234375
74.0 0.0
75.0 7.8984375
76.0 3.640625
77.0 3.546875
78.0 3.5625
79.0 0.0
80.0 8.7421875
81.0 3.578125
82.0 3.7890625
83.0 3.875
84.0 3.3671875
85.0 4.25
86.0 4.390625
87.0 4.1484375
88.0 4.1171875
89.0 3.90625
90.0 3.7734375
91.0 3.609375
92.0 0.75
93.0 6.0625
94.0 3.4453125
95.0 2.953125
96.0 2.9375
97.0 0.7578125
98.0 0.0
99.0 6.53125
100.0 2.8203125
101.0 2.8984375
102.0 3.0234375
103.0 3.1953125
104.0 3.1171875
105.0 3.375
106.0 3.3984375
107.0 3.578125
108.0 3.4609375
109.0 3.265625
110.0 1.5625
111.0 6.2421875
112.0 3.546875
113.0 3.265625
114.0 3.265625
115.0 3.3203125
116.0 3.4921875
117.0 3.4375
118.0 3.4296875
119.0 3.4453125
120.0 3.4921875
121.0 2.9921875
122.0 0.0
123.0 6.71875
124.0 3.2890625
125.0 3.109375
126.0 3.234375
127.0 3.3515625
128.0 3.4140625
129.0 2.296875
130.0 0.0
131.0 5.3125
132.0 4.6875
133.0 3.171875
134.0 2.9609375
135.0 3.171875
136.0 3.0
137.0 3.0703125
138.0 2.96875
139.0 3.046875
140.0 2.609375
141.0 3.0234375
142.0 3.1953125
143.0 3.0703125
144.0 3.078125
145.0 2.546875
146.0 0.0
147.0 6.9296875
148.0 2.921875
149.0 3.21875
150.0 2.28125
151.0 2.15625
152.0 0.0
153.0 6.8359375
154.0 2.4609375
155.0 2.390625
156.0 2.59375
157.0 3.28125
158.0 3.203125
159.0 3.34375
160.0 2.9375
161.0 3.0234375
162.0 3.2265625
163.0 2.3125
164.0 0.0
165.0 8.015625
166.0 3.625
167.0 3.4375
168.0 3.7578125
169.0 3.375
170.0 3.4921875
171.0 3.3984375
172.0 3.4765625
173.0 3.8515625
174.0 3.546875
175.0 3.3203125
176.0 0.4375
177.0 5.671875
178.0 2.7109375
179.0 2.4609375
180.0 2.4453125
181.0 0.3359375
182.0 6.234375
183.0 4.359375
184.0 4.453125
185.0 4.3515625
186.0 4.359375
187.0 4.5625
188.0 3.8828125
189.0 4.359375
190.0 3.875
191.0 4.578125
192.0 4.0390625
193.0 4.3515625
194.0 2.5390625
195.0 6.3046875
196.0 4.6484375
197.0 4.921875
198.0 4.890625
199.0 5.046875
200.0 4.609375
201.0 2.3359375
202.0 0.0
203.0 6.796875
204.0 1.53125
205.0 3.8515625
206.0 4.453125
207.0 4.3046875
208.0 4.328125
209.0 3.8046875
210.0 1.296875
211.0 6.6796875
212.0 3.875
213.0 3.921875
214.0 4.390625
215.0 4.3203125
216.0 3.7578125
217.0 4.0234375
218.0 3.2265625
219.0 2.09375
220.0 0.0
221.0 6.2421875
222.0 2.8046875
223.0 3.2265625
224.0 3.296875
225.0 2.7578125
226.0 3.7265625
227.0 3.203125
228.0 0.46875
229.0 4.6875
230.0 3.25
231.0 3.3828125
232.0 3.203125
233.0 3.40625
234.0 3.4609375
235.0 3.3203125
236.0 3.25
237.0 3.171875
238.0 3.40625
239.0 3.3828125
240.0 2.9921875
241.0 3.1015625
242.0 2.65625
243.0 0.0
244.0 7.4296875
245.0 3.546875
246.0 3.328125
247.0 3.6171875
248.0 2.0390625
249.0 0.2109375
250.0 7.9921875
251.0 3.3515625
252.0 2.640625
253.0 2.390625
254.0 2.359375
255.0 1.7421875
256.0 3.609375
257.0 3.703125
258.0 3.7578125
259.0 3.828125
260.0 3.796875
261.0 2.5625
262.0 0.7890625
263.0 8.46875
264.0 4.0546875
265.0 3.84375
266.0 3.203125
267.0 0.0
268.0 6.4453125
269.0 1.3828125
270.0 2.296875
271.0 1.9375
272.0 2.890625
273.0 3.0703125
274.0 2.96875
275.0 3.515625
276.0 3.21875
277.0 3.859375
278.0 3.21875
279.0 0.0078125
280.0 6.4140625
281.0 2.75
282.0 3.4609375
283.0 3.9140625
284.0 1.0
285.0 5.90625
286.0 2.640625
287.0 2.78125
288.0 3.5859375
289.0 3.5
290.0 3.625
291.0 3.765625
292.0 3.8828125
293.0 3.625
294.0 3.671875
295.0 3.4296875
296.0 3.171875
297.0 0.8515625
298.0 0.328125
299.0 7.9609375
300.0 4.609375
301.0 4.21875
302.0 3.578125
303.0 0.0
304.0 8.2421875
305.0 4.2734375
306.0 3.8515625
307.0 3.9765625
308.0 3.9765625
309.0 3.9921875
310.0 4.0
311.0 4.203125
312.0 4.21875
313.0 4.234375
314.0 4.171875
315.0 2.96875
316.0 0.0
317.0 8.0625
318.0 3.4921875
319.0 3.859375
320.0 3.875
321.0 3.640625
322.0 0.0
323.0 7.46875
324.0 3.5859375
325.0 4.3046875
326.0 4.0234375
327.0 3.7578125
328.0 3.5234375
329.0 3.515625
330.0 3.515625
331.0 3.84375
332.0 3.53125
333.0 3.28125
334.0 1.5625
335.0 0.0
336.0 5.484375
337.0 2.375
338.0 2.484375
339.0 2.5078125
340.0 2.7421875
341.0 3.34375
342.0 0.9453125
343.0 6.0234375
344.0 3.4609375
345.0 0.8203125
346.0 4.9765625
347.0 1.6875
348.0 4.1875
349.0 2.984375
350.0 3.1796875
351.0 3.34375
352.0 3.53125
353.0 3.59375
354.0 3.921875
355.0 3.2578125
356.0 3.65625
357.0 1.9765625
358.0 4.3046875
359.0 2.890625
360.0 3.296875
361.0 3.8828125
362.0 3.296875
363.0 3.296875
364.0 3.4296875
365.0 3.4375
366.0 3.4296875
367.0 3.46875
368.0 3.703125
369.0 3.59375
370.0 3.7734375
371.0 3.4609375
372.0 3.3203125
373.0 0.0
374.0 7.75
375.0 3.0703125
376.0 3.65625
377.0 4.796875
378.0 4.453125
379.0 0.0
380.0 8.4375
381.0 4.0859375
382.0 4.390625
383.0 4.1875
384.0 4.1328125
385.0 3.84375
386.0 3.3125
387.0 3.921875
388.0 4.265625
389.0 3.234375
390.0 1.2578125
391.0 4.6484375
392.0 3.890625
393.0 3.8515625
394.0 3.3203125
395.0 2.515625
396.0 3.609375
397.0 4.1328125
398.0 0.125
399.0 8.140625
400.0 4.5703125
401.0 3.53125
402.0 3.953125
403.0 4.7109375
404.0 4.5625
405.0 4.515625
406.0 4.234375
407.0 3.9921875
408.0 3.7265625
409.0 3.9765625
410.0 3.3671875
411.0 0.078125
412.0 0.5546875
413.0 7.6328125
414.0 3.40625
415.0 3.7421875
416.0 2.234375
417.0 0.0
418.0 5.421875
419.0 2.21875
420.0 2.2734375
421.0 0.9296875
422.0 2.0390625
423.0 2.6015625
424.0 3.34375
425.0 4.171875
426.0 4.7734375
427.0 4.2734375
428.0 4.46875
429.0 3.265625
430.0 0.765625
431.0 0.0
432.0 5.25
433.0 1.1796875
434.0 2.234375
435.0 3.890625
436.0 4.3046875
437.0 4.0703125
438.0 4.171875
439.0 4.578125
440.0 4.4765625
441.0 4.296875
442.0 3.65625
443.0 0.0
444.0 6.1171875
445.0 1.8984375
446.0 2.5390625
447.0 4.7109375
448.0 4.75
449.0 4.1015625
450.0 3.9140625
451.0 1.5546875
452.0 2.59375
453.0 4.2109375
454.0 3.5234375
455.0 2.8203125
456.0 1.1328125
457.0 0.0
458.0 7.1953125
459.0 3.0546875
460.0 3.203125
461.0 3.015625
462.0 2.3984375
463.0 2.8515625
464.0 2.96875
465.0 3.0859375
466.0 2.7265625
467.0 1.65625
468.0 0.0
469.0 7.5859375
470.0 1.1171875
471.0 1.5546875
472.0 2.8984375
473.0 1.6875
474.0 4.15625
475.0 3.015625
476.0 2.9296875
477.0 2.6875
478.0 2.453125
479.0 2.6875
480.0 2.890625
481.0 2.5703125
482.0 2.921875
483.0 3.1015625
484.0 2.78125
485.0 2.8671875
486.0 1.671875
487.0 0.640625
488.0 0.0
489.0 0.0
490.0 6.828125
491.0 3.0546875
492.0 3.015625
493.0 2.7578125
494.0 2.9296875
495.0 3.0859375
496.0 2.890625
497.0 0.0
498.0 6.515625
499.0 2.984375
500.0 3.0859375
501.0 3.1015625
502.0 2.9921875
503.0 2.7890625
504.0 2.65625
505.0 1.5859375
506.0 4.03125
507.0 2.75
508.0 2.8515625
509.0 3.0546875
510.0 2.9609375
511.0 2.8125
512.0 2.9921875
513.0 2.9609375
514.0 2.9375
515.0 3.34375
516.0 2.9921875
517.0 3.015625
518.0 3.140625
519.0 2.78125
520.0 0.515625
521.0 0.0
522.0 6.265625
523.0 2.9296875
524.0 2.890625
525.0 2.78125
526.0 2.5625
527.0 0.15625
528.0 0.0
529.0 4.6328125
530.0 1.3203125
531.0 1.0546875
532.0 1.1328125
533.0 3.703125
534.0 3.2890625
535.0 2.78125
536.0 2.7265625
537.0 1.7890625
538.0 1.65625
539.0 1.4609375
540.0 1.609375
541.0 0.4609375
542.0 0.0
543.0 7.109375
544.0 3.4140625
545.0 3.890625
546.0 4.0625
547.0 4.0078125
548.0 4.0078125
549.0 4.3828125
550.0 2.1328125
551.0 5.1640625
552.0 3.9140625
553.0 4.0703125
554.0 4.03125
555.0 3.9765625
556.0 3.4453125
557.0 3.1484375
558.0 2.9609375
559.0 2.2421875
560.0 3.7109375
561.0 4.171875
562.0 3.90625
563.0 3.8046875
564.0 0.0
565.0 8.0
566.0 3.7890625
567.0 1.9140625
568.0 5.140625
569.0 3.640625
570.0 4.15625
571.0 4.5703125
572.0 4.5703125
573.0 3.9140625
574.0 3.890625
575.0 3.921875
576.0 3.8515625
577.0 4.21875
578.0 4.2421875
579.0 4.4140625
580.0 3.0546875
581.0 6.421875
582.0 4.859375
583.0 4.6328125
584.0 3.640625
585.0 4.3046875
586.0 0.0
587.0 9.0
588.0 4.0859375
589.0 4.4765625
590.0 4.6953125
591.0 4.875
592.0 4.5
593.0 4.7109375
594.0 4.828125
595.0 4.828125
596.0 5.015625
597.0 4.75
598.0 3.640625
599.0 5.6015625
