0.0 1.8984375
1.0 2.9296875
2.0 2.6875
3.0 6.125
4.0 5.640625
5.0 5.8828125
6.0 6.078125
7.0 5.96875
8.0 5.25
9.0 4.234375
10.0 4.265625
11.0 4.328125
12.0 4.5
13.0 4.515625
14.0 4.4140625
15.0 3.1015625
16.0 5.9296875
17.0 4.5703125
18.0 3.203125
19.0 5.484375
20.0 4.3984375
21.0 4.609375
22.0 4.7109375
23.0 4.6484375
24.0 4.6640625
25.0 4.78125
26.0 4.6015625
27.0 4.625
28.0 3.53125
29.0 6.125
30.0 3.5234375
31.0 6.0078125
32.0 3.7421875
33.0 5.9921875
34.0 4.71875
35.0 4.7109375
36.0 4.75
37.0 5.671875
38.0 6.15625
39.0 5.9453125
40.0 6.515625
41.0 5.8828125
42.0 4.625
43.0 7.6875
44.0 6.2109375
45.0 6.0234375
46.0 6.125
47.0 6.0625
48.0 6.0234375
49.0 6.0859375
50.0 5.8125
51.0 4.921875
52.0 4.1484375
53.0 4.890625
54.0 3.96875
55.0 6.1171875
56.0 4.578125
57.0 7.765625
58.0 6.0234375
59.0 6.1796875
60.0 6.2578125
61.0 5.6328125
62.0 5.1015625
63.0 4.7421875
64.0 5.734375
65.0 6.0859375
66.0 6.03125
67.0 6.1171875
68.0 6.0234375
69.0 5.671875
70.0 4.3828125
71.0 6.890625
72.0 4.1484375
73.0 6.9921875
74.0 3.171875
75.0 2.7734375
76.0 5.0703125
77.0 5.9609375
78.0 6.0
79.0 6.3203125
80.0 6.359375
81.0 6.0859375
82.0 6.15625
83.0 5.859375
84.0 6.3203125
85.0 5.96875
86.0 3.4375
87.0 8.953125
88.0 6.0625
89.0 5.859375
90.0 6.0625
91.0 2.609375
92.0 10.53125
93.0 5.96875
94.0 6.2734375
95.0 6.2109375
96.0 6.1875
97.0 6.2265625
98.0 5.9296875
99.0 5.7890625
100.0 6.171875
101.0 6.078125
102.0 5.7890625
103.0 5.7109375
104.0 4.296875
105.0 8.0
106.0 5.8515625
107.0 5.8828125
108.0 5.8203125
109.0 6.2734375
110.0 6.15625
111.0 5.765625
112.0 6.4140625
113.0 6.5546875
114.0 6.2890625
115.0 5.890625
116.0 5.84375
117.0 5.796875
118.0 5.3046875
119.0 5.8515625
120.0 6.078125
121.0 5.5625
122.0 7.359375
123.0 6.703125
124.0 6.2421875
125.0 2.015625
126.0 10.7890625
127.0 6.140625
128.0 5.875
129.0 6.265625
130.0 6.296875
131.0 6.1796875
132.0 5.78125
133.0 5.5
134.0 3.921875
135.0 5.7109375
136.0 6.2890625
137.0 6.265625
138.0 4.46875
139.0 7.65625
140.0 6.46875
141.0 6.2578125
142.0 6.0625
143.0 5.3359375
144.0 6.5625
145.0 6.0234375
146.0 6.1484375
147.0 6.2734375
148.0 6.125
149.0 6.2109375
150.0 6.03125
151.0 6.0078125
152.0 4.609375
153.0 7.5859375
154.0 6.3359375
155.0 6.15625
156.0 6.2890625
157.0 6.2734375
158.0 6.3359375
159.0 5.9375
160.0 5.5859375
161.0 6.171875
162.0 6.0546875
163.0 6.125
164.0 5.90625
165.0 5.640625
166.0 0.640625
167.0 10.34375
168.0 5.75
169.0 5.84375
170.0 6.0390625
171.0 5.890625
172.0 6.0546875
173.0 2.96875
174.0 9.0625
175.0 6.0
176.0 6.2421875
177.0 6.2578125
178.0 6.3828125
179.0 6.328125
180.0 6.3671875
181.0 5.9765625
182.0 6.1875
183.0 6.2578125
184.0 6.359375
185.0 6.203125
186.0 2.2421875
187.0 10.21875
188.0 6.203125
189.0 6.40625
190.0 6.0390625
191.0 3.4765625
192.0 9.1171875
193.0 6.53125
194.0 6.2890625
195.0 6.4765625
196.0 6.4453125
197.0 6.390625
198.0 6.3515625
199.0 6.2890625
200.0 5.9453125
201.0 6.1875
202.0 6.2890625
203.0 6.2265625
204.0 3.96875
205.0 8.5234375
206.0 6.234375
207.0 5.9453125
208.0 3.3671875
209.0 9.1328125
210.0 6.40625
211.0 6.484375
212.0 6.1796875
213.0 6.078125
214.0 6.1484375
215.0 6.2734375
216.0 6.3203125
217.0 6.1796875
218.0 6.3046875
219.0 6.2421875
220.0 6.0625
221.0 4.75
222.0 0.0
223.0 7.1796875
224.0 3.6484375
225.0 5.796875
226.0 6.3203125
227.0 5.6796875
228.0 0.2734375
229.0 0.75
230.0 8.3515625
231.0 3.4609375
232.0 7.1640625
233.0 5.28125
234.0 6.3671875
235.0 6.15625
236.0 5.734375
237.0 5.3984375
238.0 4.8046875
239.0 4.9765625
240.0 3.8515625
241.0 6.453125
242.0 5.5859375
243.0 6.2421875
244.0 6.2578125
245.0 6.359375
246.0 4.8046875
247.0 7.8125
248.0 6.1484375
249.0 5.96875
250.0 0.2890625
251.0 4.21875
252.0 6.0234375
253.0 6.2109375
254.0 6.359375
255.0 6.3203125
256.0 6.125
257.0 6.171875
258.0 5.9453125
259.0 6.3046875
260.0 4.6953125
261.0 7.6640625
262.0 6.0234375
263.0 4.8671875
264.0 5.2578125
265.0 6.1875
266.0 6.125
267.0 6.1875
268.0 5.9296875
269.0 6.265625
270.0 6.2890625
271.0 6.2265625
272.0 6.203125
273.0 6.0234375
274.0 6.234375
275.0 4.8359375
276.0 0.0078125
277.0 9.5390625
278.0 4.90625
279.0 4.8359375
280.0 0.9921875
281.0 8.59375
282.0 4.796875
283.0 4.71875
284.0 4.8984375
285.0 5.125
286.0 4.84375
287.0 4.984375
288.0 4.984375
289.0 4.6875
290.0 5.4609375
291.0 6.3046875
292.0 6.453125
293.0 2.8203125
294.0 10.03125
295.0 6.4453125
296.0 6.2421875
297.0 6.171875
298.0 6.234375
299.0 5.078125
300.0 7.5234375
301.0 6.2265625
302.0 6.3203125
303.0 6.4375
304.0 6.296875
305.0 6.1171875
306.0 6.078125
307.0 5.90625
308.0 5.9765625
309.0 6.15625
310.0 6.125
311.0 6.71875
312.0 6.3828125
313.0 1.2421875
314.0 10.8203125
315.0 5.890625
316.0 5.9140625
317.0 1.3125
318.0 9.1328125
319.0 8.078125
320.0 6.1171875
321.0 5.203125
322.0 5.5625
323.0 6.296875
324.0 6.2421875
325.0 6.03125
326.0 5.796875
327.0 5.796875
328.0 6.328125
329.0 5.578125
330.0 4.859375
331.0 5.1015625
332.0 5.34375
333.0 6.2890625
334.0 6.0390625
335.0 6.328125
336.0 5.8203125
337.0 3.3125
338.0 8.5
339.0 5.859375
340.0 5.6796875
341.0 5.78125
342.0 5.9921875
343.0 6.0078125
344.0 6.3203125
345.0 5.6640625
346.0 4.9765625
347.0 6.71875
348.0 5.515625
349.0 6.0625
350.0 4.7421875
351.0 7.390625
352.0 4.5703125
353.0 6.734375
354.0 5.0703125
355.0 5.75
356.0 6.0859375
357.0 6.0
358.0 6.2578125
359.0 6.296875
360.0 6.078125
361.0 5.8828125
362.0 5.9453125
363.0 6.234375
364.0 6.2265625
365.0 5.9453125
366.0 6.0078125
367.0 1.921875
368.0 9.875
369.0 6.171875
370.0 6.296875
371.0 6.03125
372.0 6.15625
373.0 6.125
374.0 6.15625
375.0 6.1796875
376.0 6.2421875
377.0 5.4375
378.0 4.9921875
379.0 5.21875
380.0 5.2265625
381.0 5.0078125
382.0 4.6875
383.0 3.6953125
384.0 5.734375
385.0 4.84375
386.0 4.8671875
387.0 5.15625
388.0 4.9765625
389.0 4.796875
390.0 4.6015625
391.0 3.5234375
392.0 5.5625
393.0 5.234375
394.0 4.609375
395.0 4.609375
396.0 4.3828125
397.0 4.65625
398.0 5.1640625
399.0 4.984375
400.0 6.0859375
401.0 5.890625
402.0 5.8203125
403.0 5.609375
404.0 5.8203125
405.0 5.6953125
406.0 5.734375
407.0 5.84375
408.0 5.6796875
409.0 5.75
410.0 5.75
411.0 6.0078125
412.0 5.828125
413.0 5.6640625
414.0 5.6015625
415.0 5.484375
416.0 5.6640625
417.0 5.8125
418.0 5.8125
419.0 5.703125
420.0 6.03125
421.0 6.3515625
422.0 5.203125
423.0 6.890625
424.0 5.7890625
425.0 6.0
426.0 3.5234375
427.0 8.421875
428.0 5.9375
429.0 5.7890625
430.0 5.7890625
431.0 5.8828125
432.0 6.0
433.0 5.8125
434.0 5.671875
435.0 5.421875
436.0 5.3671875
437.0 6.3515625
438.0 5.7578125
439.0 5.5234375
440.0 5.5625
441.0 6.2109375
442.0 5.796875
443.0 6.0078125
444.0 5.796875
445.0 5.734375
446.0 5.734375
447.0 5.78125
448.0 6.1171875
449.0 5.828125
450.0 3.3984375
451.0 8.8515625
452.0 6.09375
453.0 5.9375
454.0 5.9140625
455.0 3.7890625
456.0 7.71875
457.0 5.9765625
458.0 5.75
459.0 5.546875
460.0 5.546875
461.0 5.796875
462.0 5.796875
463.0 5.9609375
464.0 4.484375
465.0 6.9609375
466.0 5.515625
467.0 5.1953125
468.0 5.84375
469.0 5.875
470.0 5.765625
471.0 5.734375
472.0 5.765625
473.0 5.859375
474.0 5.9296875
475.0 5.890625
476.0 5.9375
477.0 6.09375
478.0 5.9453125
479.0 1.5703125
480.0 10.2578125
481.0 5.890625
482.0 6.0546875
483.0 3.4921875
484.0 8.75
485.0 6.0546875
486.0 5.78125
487.0 5.7578125
488.0 5.8828125
489.0 4.859375
490.0 4.6953125
491.0 4.90625
492.0 4.2734375
493.0 7.0390625
494.0 5.6328125
495.0 5.40625
496.0 4.1875
497.0 4.28125
498.0 4.59375
499.0 4.59375
500.0 4.75
501.0 4.71875
502.0 4.578125
503.0 4.359375
504.0 4.1796875
505.0 2.125
506.0 6.6171875
507.0 5.2890625
508.0 5.7265625
509.0 5.5625
510.0 5.3515625
511.0 4.78125
512.0 4.4765625
513.0 5.46875
514.0 5.703125
515.0 5.8515625
516.0 3.765625
517.0 7.5390625
518.0 4.265625
519.0 4.921875
520.0 5.5625
521.0 5.34375
522.0 5.3671875
523.0 5.5859375
524.0 5.5625
525.0 5.2890625
526.0 5.40625
527.0 5.53125
528.0 5.6640625
529.0 2.3046875
530.0 9.1015625
531.0 5.6796875
532.0 5.734375
533.0 5.765625
534.0 5.7265625
535.0 3.921875
536.0 7.125
537.0 5.6484375
538.0 5.6953125
539.0 5.25
540.0 5.34375
541.0 4.484375
542.0 4.3671875
543.0 5.2734375
544.0 5.640625
545.0 5.53125
546.0 5.6171875
547.0 5.15625
548.0 0.40625
549.0 9.4296875
550.0 5.109375
551.0 5.0234375
552.0 5.046875
553.0 5.1875
554.0 0.34375
555.0 9.59375
556.0 5.2265625
557.0 5.234375
558.0 5.3828125
559.0 5.3671875
560.0 5.3125
561.0 5.125
562.0 5.2890625
563.0 5.28125
564.0 5.515625
565.0 5.4375
566.0 5.5
567.0 2.3359375
568.0 7.515625
569.0 6.796875
570.0 5.6640625
571.0 5.3203125
572.0 5.53125
573.0 4.7578125
574.0 3.046875
575.0 5.546875
576.0 5.5859375
577.0 5.671875
578.0 5.5625
579.0 5.4375
580.0 5.6484375
581.0 5.484375
582.0 5.640625
583.0 0.6953125
584.0 10.703125
585.0 6.140625
586.0 6.0234375
587.0 5.484375
588.0 6.1171875
589.0 6.1171875
590.0 5.6171875
591.0 5.8203125
592.0 5.640625
593.0 4.6640625
594.0 5.0546875
595.0 5.8515625
596.0 5.703125
597.0 5.46875
598.0 5.8125
599.0 5.84375
