0.0 6.140625
1.0 6.171875
2.0 6.7734375
3.0 6.8125
4.0 7.0703125
5.0 6.3203125
6.0 6.5625
7.0 6.078125
8.0 6.234375
9.0 4.90625
10.0 7.984375
11.0 3.9375
12.0 3.0
13.0 3.375
14.0 2.640625
15.0 6.4453125
16.0 6.8671875
17.0 6.5625
18.0 5.1328125
19.0 2.9609375
20.0 3.7578125
21.0 4.5078125
22.0 1.5234375
23.0 7.1953125
24.0 6.921875
25.0 6.359375
26.0 6.5390625
27.0 6.2578125
28.0 6.6875
29.0 5.7578125
30.0 6.8125
31.0 6.515625
32.0 6.65625
33.0 6.6328125
34.0 6.8359375
35.0 5.9140625
36.0 1.140625
37.0 10.5234375
38.0 6.15625
39.0 6.3515625
40.0 6.203125
41.0 6.0234375
42.0 5.875
43.0 5.3515625
44.0 1.9765625
45.0 9.515625
46.0 5.6015625
47.0 5.6171875
48.0 5.1875
49.0 6.0234375
50.0 5.8515625
51.0 5.40625
52.0 5.5234375
53.0 5.78125
54.0 5.6015625
55.0 6.3203125
56.0 5.734375
57.0 2.578125
58.0 9.90625
59.0 5.96875
60.0 5.90625
61.0 6.2109375
62.0 6.40625
63.0 6.4140625
64.0 6.5
65.0 6.1796875
66.0 6.2109375
67.0 5.78125
68.0 5.796875
69.0 5.5546875
70.0 5.78125
71.0 6.3359375
72.0 5.9453125
73.0 5.4609375
74.0 6.078125
75.0 6.3828125
76.0 5.6640625
77.0 6.390625
78.0 6.359375
79.0 5.3203125
80.0 7.28125
81.0 6.296875
82.0 6.171875
83.0 5.640625
84.0 3.140625
85.0 8.4375
86.0 6.0546875
87.0 5.6953125
88.0 6.2109375
89.0 5.8828125
90.0 5.84375
91.0 4.6796875
92.0 4.5703125
93.0 6.2421875
94.0 5.828125
95.0 5.703125
96.0 5.84375
97.0 5.0703125
98.0 3.234375
99.0 4.328125
100.0 6.4453125
101.0 4.21875
102.0 4.5703125
103.0 3.4609375
104.0 5.15625
105.0 3.859375
106.0 4.03125
107.0 3.7421875
108.0 3.9140625
109.0 4.3515625
110.0 4.4296875
111.0 4.265625
112.0 4.828125
113.0 4.03125
114.0 3.828125
115.0 3.609375
116.0 1.953125
117.0 4.9921875
118.0 3.7265625
119.0 4.921875
120.0 1.078125
121.0 1.765625
122.0 3.0390625
123.0 3.8203125
124.0 4.328125
125.0 4.6953125
126.0 4.1484375
127.0 4.0
128.0 4.609375
129.0 4.7265625
130.0 5.0234375
131.0 4.578125
132.0 4.2734375
133.0 0.5078125
134.0 8.9375
135.0 5.375
136.0 5.171875
137.0 5.5546875
138.0 4.6796875
139.0 5.96875
140.0 5.171875
141.0 5.1328125
142.0 4.9921875
143.0 5.234375
144.0 5.125
145.0 4.8359375
146.0 4.9609375
147.0 4.7421875
148.0 4.7109375
149.0 4.328125
150.0 5.078125
151.0 4.75
152.0 2.640625
153.0 0.734375
154.0 1.265625
155.0 0.3984375
156.0 0.1953125
157.0 0.1328125
158.0 0.7265625
159.0 0.9609375
160.0 0.0625
161.0 0.5390625
162.0 0.421875
163.0 0.2421875
164.0 0.2109375
165.0 1.2421875
166.0 1.0546875
167.0 0.0
168.0 0.0
169.0 6.8984375
170.0 3.40625
171.0 3.7734375
172.0 0.71875
173.0 10.0546875
174.0 4.8046875
175.0 4.890625
176.0 4.2421875
177.0 4.171875
178.0 4.3984375
179.0 4.125
180.0 4.6015625
181.0 4.828125
182.0 4.78125
183.0 4.546875
184.0 4.84375
185.0 4.5
186.0 4.46875
187.0 2.6328125
188.0 5.765625
189.0 2.1328125
190.0 3.96875
191.0 4.578125
192.0 3.4453125
193.0 4.0546875
194.0 4.328125
195.0 4.3203125
196.0 0.875
197.0 8.40625
198.0 3.859375
199.0 4.3046875
200.0 4.0234375
201.0 4.21875
202.0 4.46875
203.0 0.15625
204.0 7.2578125
205.0 1.7734375
206.0 1.0234375
207.0 0.1953125
208.0 0.2265625
209.0 0.0703125
210.0 1.1484375
211.0 0.5703125
212.0 1.375
213.0 0.359375
214.0 0.140625
215.0 0.34375
216.0 1.34375
217.0 0.2578125
218.0 1.375
219.0 0.609375
220.0 0.3046875
221.0 0.25
222.0 0.453125
223.0 0.640625
224.0 0.4609375
225.0 0.109375
226.0 0.7578125
227.0 0.0
228.0 0.0703125
229.0 0.15625
230.0 0.2421875
231.0 6.2578125
232.0 0.6953125
233.0 1.8515625
234.0 0.0
235.0 0.0
236.0 3.7734375
237.0 0.0
238.0 0.0
239.0 0.0
240.0 0.0
241.0 0.0
242.0 0.0
243.0 0.0
244.0 5.0390625
245.0 0.375
246.0 3.3203125
247.0 3.5625
248.0 0.359375
249.0 0.9296875
250.0 4.25
251.0 0.78125
252.0 0.1796875
253.0 1.8515625
254.0 4.921875
255.0 0.5078125
256.0 0.09375
257.0 0.0
258.0 1.1953125
259.0 0.2265625
260.0 0.3359375
261.0 0.5078125
262.0 0.3359375
263.0 0.046875
264.0 0.9296875
265.0 0.21875
266.0 0.25
267.0 0.5234375
268.0 0.375
269.0 0.5234375
270.0 0.0
271.0 1.671875
272.0 6.8671875
273.0 2.5390625
274.0 5.6953125
275.0 4.5
276.0 4.328125
277.0 4.1796875
278.0 4.21875
279.0 3.578125
280.0 2.09375
281.0 0.71875
282.0 0.6015625
283.0 0.421875
284.0 0.4609375
285.0 1.4765625
286.0 3.953125
287.0 1.3828125
288.0 8.0
289.0 5.0703125
290.0 5.3671875
291.0 5.7109375
292.0 5.453125
293.0 5.4296875
294.0 4.5078125
295.0 4.203125
296.0 6.078125
297.0 6.1171875
298.0 5.3125
299.0 5.0078125
300.0 5.0078125
301.0 4.0234375
302.0 3.1640625
303.0 0.34375
304.0 7.5390625
305.0 3.6484375
306.0 5.6171875
307.0 5.421875
308.0 4.8984375
309.0 3.9140625
310.0 4.328125
311.0 2.03125
312.0 1.5625
313.0 1.8046875
314.0 3.1640625
315.0 4.3359375
316.0 5.5546875
317.0 0.9921875
318.0 10.1640625
319.0 5.9453125
320.0 3.921875
321.0 0.2421875
322.0 9.15625
323.0 5.2265625
324.0 2.78125
325.0 3.734375
326.0 3.734375
327.0 2.4140625
328.0 0.4921875
329.0 0.40625
330.0 0.109375
331.0 0.9296875
332.0 3.6171875
333.0 5.0078125
334.0 0.328125
335.0 1.5703125
336.0 5.8203125
337.0 1.0234375
338.0 4.5390625
339.0 4.65625
340.0 1.921875
341.0 6.296875
342.0 0.109375
343.0 0.0
344.0 0.0
345.0 0.0
346.0 0.0
347.0 0.0
348.0 0.0
349.0 0.0
350.0 0.1875
351.0 0.125
352.0 0.8671875
353.0 4.4765625
354.0 0.5859375
355.0 0.1953125
356.0 0.4609375
357.0 0.90625
358.0 0.2421875
359.0 0.1328125
360.0 0.671875
361.0 0.75
362.0 0.5703125
363.0 0.6640625
364.0 0.2734375
365.0 0.125
366.0 1.921875
367.0 0.9609375
368.0 6.796875
369.0 4.890625
370.0 4.3203125
371.0 1.8515625
372.0 3.5234375
373.0 5.21875
374.0 4.1171875
375.0 0.015625
376.0 0.0
377.0 0.0
378.0 0.0078125
379.0 0.0
380.0 0.0
381.0 0.0
382.0 0.0
383.0 0.0
384.0 0.0
385.0 0.0
386.0 0.0
387.0 0.0
388.0 8.5625
389.0 0.2109375
390.0 1.046875
391.0 1.8828125
392.0 5.2890625
393.0 1.3828125
394.0 0.6015625
395.0 0.3125
396.0 0.8984375
397.0 0.546875
398.0 0.2109375
399.0 0.703125
400.0 0.3671875
401.0 0.0
402.0 0.328125
403.0 1.203125
404.0 1.8203125
405.0 3.765625
406.0 6.3828125
407.0 5.4921875
408.0 3.546875
409.0 0.0625
410.0 0.765625
411.0 0.0
412.0 0.359375
413.0 0.484375
414.0 0.09375
415.0 0.46875
416.0 1.8828125
417.0 4.796875
418.0 1.1328125
419.0 5.2265625
420.0 5.25
421.0 1.703125
422.0 0.1015625
423.0 1.28125
424.0 2.0859375
425.0 5.3125
426.0 2.59375
427.0 0.4375
428.0 1.625
429.0 0.2109375
430.0 0.0390625
431.0 1.8515625
432.0 2.0390625
433.0 0.8125
434.0 0.2109375
435.0 0.03125
436.0 0.5703125
437.0 1.1484375
438.0 0.2109375
439.0 0.3984375
440.0 0.0
441.0 1.046875
442.0 1.4140625
443.0 0.6875
444.0 0.7265625
445.0 0.0
446.0 0.0
447.0 0.2109375
448.0 0.4609375
449.0 0.2421875
450.0 0.03125
451.0 0.0
452.0 8.3515625
453.0 3.171875
454.0 7.1875
455.0 5.3046875
456.0 5.7109375
457.0 5.8828125
458.0 5.84375
459.0 5.4296875
460.0 2.1328125
461.0 7.046875
462.0 5.0390625
463.0 4.71875
464.0 4.7421875
465.0 4.890625
466.0 0.28125
467.0 4.21875
468.0 2.9921875
469.0 4.3671875
470.0 5.34375
471.0 5.5
472.0 5.0546875
473.0 1.7421875
474.0 9.8203125
475.0 3.7421875
476.0 0.1015625
477.0 4.8125
478.0 2.5703125
479.0 2.9921875
480.0 3.0703125
481.0 2.84375
482.0 3.3828125
483.0 2.96875
484.0 2.328125
485.0 3.0546875
486.0 3.2265625
487.0 5.3828125
488.0 5.078125
489.0 4.8671875
490.0 4.25
491.0 5.234375
492.0 6.078125
493.0 4.5703125
494.0 0.75
495.0 8.984375
496.0 5.2265625
497.0 5.25
498.0 5.3671875
499.0 5.4296875
500.0 5.6328125
501.0 5.6015625
502.0 5.5
503.0 5.203125
504.0 5.3828125
505.0 5.515625
506.0 5.0859375
507.0 4.71875
508.0 3.53125
509.0 6.3359375
510.0 5.0078125
511.0 5.0078125
512.0 5.1015625
513.0 4.796875
514.0 5.4296875
515.0 5.375
516.0 5.453125
517.0 5.1015625
518.0 4.84375
519.0 1.328125
520.0 4.8046875
521.0 5.171875
522.0 4.9609375
523.0 2.7734375
524.0 1.3828125
525.0 5.5546875
526.0 4.953125
527.0 4.8984375
528.0 4.8046875
529.0 1.0546875
530.0 8.328125
531.0 5.6328125
532.0 5.2734375
533.0 4.7109375
534.0 4.6484375
535.0 3.875
536.0 5.609375
537.0 5.96875
538.0 5.0390625
539.0 5.109375
540.0 7.46875
541.0 5.6953125
542.0 5.7109375
543.0 5.796875
544.0 6.359375
545.0 6.453125
546.0 6.15625
547.0 6.7734375
548.0 6.3046875
549.0 5.25
550.0 5.6796875
551.0 6.078125
552.0 6.4765625
553.0 4.90625
554.0 7.8984375
555.0 6.515625
556.0 6.3046875
557.0 5.0703125
558.0 7.5234375
559.0 6.234375
560.0 5.3671875
561.0 6.40625
562.0 3.4375
563.0 6.2578125
564.0 6.2578125
565.0 1.6875
566.0 1.46875
567.0 0.765625
568.0 1.0625
569.0 2.671875
570.0 2.375
571.0 2.15625
572.0 0.6171875
573.0 0.0
574.0 0.0
575.0 4.90625
576.0 1.0546875
577.0 0.7890625
578.0 0.9453125
579.0 1.4453125
580.0 2.0703125
581.0 0.4375
582.0 0.0
583.0 0.0
584.0 5.4921875
585.0 0.421875
586.0 0.640625
587.0 0.7578125
588.0 0.5859375
589.0 0.421875
590.0 0.8125
591.0 2.7421875
592.0 2.84375
593.0 2.6953125
594.0 1.40625
595.0 1.4453125
596.0 3.953125
597.0 7.1015625
598.0 4.9921875
599.0 1.421875
