0.0 1.859375
1.0 7.796875
2.0 4.859375
3.0 5.0546875
4.0 2.890625
5.0 4.7578125
6.0 5.75
7.0 5.25
8.0 1.8984375
9.0 9.0
10.0 4.46875
11.0 4.625
12.0 4.609375
13.0 4.5390625
14.0 5.109375
15.0 4.6015625
16.0 1.6796875
17.0 7.8359375
18.0 4.953125
19.0 5.203125
20.0 3.6953125
21.0 1.0546875
22.0 0.2734375
23.0 7.65625
24.0 4.46875
25.0 4.171875
26.0 4.421875
27.0 4.9765625
28.0 4.78125
29.0 4.484375
30.0 4.78125
31.0 4.6015625
32.0 1.71875
33.0 7.5859375
34.0 4.71875
35.0 2.0625
36.0 1.7421875
37.0 2.046875
38.0 1.34375
39.0 1.46875
40.0 1.34375
41.0 2.0703125
42.0 3.703125
43.0 3.8828125
44.0 4.5625
45.0 4.5625
46.0 4.3828125
47.0 0.3984375
48.0 9.453125
49.0 4.3828125
50.0 2.7265625
51.0 0.0
52.0 7.484375
53.0 3.046875
54.0 2.953125
55.0 3.53125
56.0 3.3203125
57.0 3.28125
58.0 1.2265625
59.0 5.703125
60.0 4.6796875
61.0 3.9453125
62.0 5.140625
63.0 4.890625
64.0 4.5
65.0 4.6796875
66.0 4.46875
67.0 4.421875
68.0 4.921875
69.0 5.375
70.0 5.2734375
71.0 5.5234375
72.0 5.609375
73.0 5.25
74.0 5.6953125
75.0 5.5234375
76.0 1.390625
77.0 10.2890625
78.0 5.75
79.0 3.5859375
80.0 7.546875
81.0 5.2265625
82.0 5.7578125
83.0 5.53125
84.0 5.3359375
85.0 5.2578125
86.0 4.1875
87.0 4.515625
88.0 5.3671875
89.0 5.046875
90.0 5.2265625
91.0 2.8359375
92.0 7.875
93.0 4.546875
94.0 6.765625
95.0 6.3046875
96.0 5.375
97.0 5.4296875
98.0 4.125
99.0 2.3359375
100.0 1.4765625
101.0 2.96875
102.0 4.3671875
103.0 2.921875
104.0 3.0
105.0 2.7734375
106.0 2.2421875
107.0 0.0
108.0 6.75
109.0 4.390625
110.0 5.828125
111.0 6.0625
112.0 6.5
113.0 5.859375
114.0 5.53125
115.0 1.65625
116.0 9.625
117.0 6.0625
118.0 6.6484375
119.0 5.7890625
120.0 5.9140625
121.0 5.2890625
122.0 7.0625
123.0 6.484375
124.0 7.0625
125.0 6.8125
126.0 6.8125
127.0 6.53125
128.0 6.5859375
129.0 6.6640625
130.0 5.8125
131.0 5.5625
132.0 5.8203125
133.0 6.2265625
134.0 5.8203125
135.0 5.734375
136.0 5.3359375
137.0 3.1015625
138.0 1.7109375
139.0 1.375
140.0 1.4140625
141.0 1.1953125
142.0 0.9296875
143.0 2.1015625
144.0 2.0
145.0 0.5859375
146.0 0.0
147.0 5.171875
148.0 1.1796875
149.0 1.5546875
150.0 1.8046875
151.0 2.1484375
152.0 3.3203125
153.0 3.1171875
154.0 2.4140625
155.0 1.9453125
156.0 2.3125
157.0 2.484375
158.0 1.4765625
159.0 0.0
160.0 0.0
161.0 5.8515625
162.0 1.7734375
163.0 2.390625
164.0 1.8828125
165.0 2.046875
166.0 2.296875
167.0 1.65625
168.0 0.609375
169.0 0.0
170.0 5.1953125
171.0 1.1484375
172.0 0.8671875
173.0 1.40625
174.0 1.34375
175.0 2.046875
176.0 1.6796875
177.0 1.65625
178.0 1.8515625
179.0 0.5859375
180.0 0.0
181.0 6.0078125
182.0 1.4609375
183.0 1.1171875
184.0 3.7265625
185.0 2.2734375
186.0 2.7265625
187.0 2.0625
188.0 2.3125
189.0 1.5859375
190.0 1.6875
191.0 1.7421875
192.0 1.796875
193.0 1.4140625
194.0 1.5625
195.0 1.8203125
196.0 1.7421875
197.0 2.2734375
198.0 0.46875
199.0 5.1640625
200.0 2.65625
201.0 2.1171875
202.0 1.6484375
203.0 1.9453125
204.0 1.046875
205.0 0.0
206.0 5.28125
207.0 1.8984375
208.0 1.8984375
209.0 1.4921875
210.0 1.53125
211.0 1.8203125
212.0 2.328125
213.0 2.0078125
214.0 1.734375
215.0 1.71875
216.0 1.8203125
217.0 2.3671875
218.0 1.171875
219.0 0.0
220.0 6.46875
221.0 2.6015625
222.0 2.390625
223.0 2.5390625
224.0 1.9453125
225.0 0.0
226.0 0.0
227.0 5.234375
228.0 1.3515625
229.0 0.0
230.0 2.03125
231.0 2.328125
232.0 2.375
233.0 2.4296875
234.0 1.7578125
235.0 2.96875
236.0 3.578125
237.0 2.234375
238.0 2.5234375
239.0 0.375
240.0 0.0
241.0 5.28125
242.0 1.265625
243.0 1.0625
244.0 0.0
245.0 1.4765625
246.0 2.03125
247.0 1.5
248.0 0.5546875
249.0 0.0
250.0 4.234375
251.0 1.2421875
252.0 1.03125
253.0 1.4765625
254.0 1.6484375
255.0 0.8515625
256.0 0.8203125
257.0 0.984375
258.0 0.8046875
259.0 1.328125
260.0 1.703125
261.0 1.2578125
262.0 1.1796875
263.0 0.1875
264.0 0.0
265.0 4.6640625
266.0 1.703125
267.0 1.59375
268.0 1.9140625
269.0 1.6796875
270.0 1.640625
271.0 2.265625
272.0 2.1171875
273.0 1.703125
274.0 0.2890625
275.0 0.0
276.0 1.5625
277.0 4.5703125
278.0 1.0546875
279.0 0.0
280.0 0.46875
281.0 2.09375
282.0 3.4375
283.0 2.8984375
284.0 1.9453125
285.0 2.578125
286.0 1.9453125
287.0 1.6875
288.0 1.9453125
289.0 1.3828125
290.0 0.0
291.0 0.0
292.0 6.890625
293.0 3.078125
294.0 3.28125
295.0 3.1796875
296.0 3.2578125
297.0 0.109375
298.0 6.3515625
299.0 2.78125
300.0 2.2734375
301.0 3.203125
302.0 2.75
303.0 3.3125
304.0 3.7890625
305.0 4.3359375
306.0 3.0390625
307.0 2.7578125
308.0 2.640625
309.0 2.7265625
310.0 0.0
311.0 5.765625
312.0 2.890625
313.0 2.453125
314.0 2.7109375
315.0 1.359375
316.0 0.0
317.0 6.65625
318.0 4.0234375
319.0 2.625
320.0 2.0703125
321.0 3.4609375
322.0 3.4765625
323.0 3.5546875
324.0 2.2421875
325.0 2.359375
326.0 2.4921875
327.0 2.96875
328.0 2.5703125
329.0 0.1875
330.0 0.0
331.0 5.6328125
332.0 2.5078125
333.0 1.9140625
334.0 1.5859375
335.0 1.9453125
336.0 0.78125
337.0 0.0
338.0 6.0859375
339.0 2.546875
340.0 2.1171875
341.0 1.7421875
342.0 1.625
343.0 1.4609375
344.0 1.6875
345.0 1.6796875
346.0 1.828125
347.0 2.4921875
348.0 2.890625
349.0 2.5078125
350.0 1.390625
351.0 0.0
352.0 0.109375
353.0 6.9921875
354.0 0.09375
355.0 1.8828125
356.0 1.171875
357.0 1.8828125
358.0 1.7109375
359.0 1.8671875
360.0 2.4140625
361.0 1.3515625
362.0 2.4296875
363.0 3.84375
364.0 6.109375
365.0 6.2578125
366.0 5.46875
367.0 6.6015625
368.0 6.6484375
369.0 7.546875
370.0 6.8046875
371.0 5.203125
372.0 5.3671875
373.0 4.875
374.0 5.1640625
375.0 6.921875
376.0 6.390625
377.0 5.421875
378.0 4.6953125
379.0 4.8125
380.0 6.734375
381.0 6.5
382.0 6.09375
383.0 7.1796875
384.0 5.53125
385.0 4.921875
386.0 4.796875
387.0 3.734375
388.0 3.90625
389.0 5.53125
390.0 7.109375
391.0 6.734375
392.0 5.96875
393.0 4.0625
394.0 5.6796875
395.0 6.1796875
396.0 4.828125
397.0 8.9140625
398.0 6.7734375
399.0 7.1953125
400.0 7.1015625
401.0 6.84375
402.0 6.515625
403.0 6.234375
404.0 7.3203125
405.0 7.34375
406.0 6.6171875
407.0 6.65625
408.0 6.109375
409.0 6.7421875
410.0 6.765625
411.0 6.828125
412.0 7.3125
413.0 7.1875
414.0 7.1796875
415.0 6.9609375
416.0 5.9453125
417.0 4.7265625
418.0 3.7421875
419.0 5.484375
420.0 5.6015625
421.0 5.734375
422.0 6.859375
423.0 7.2421875
424.0 4.7109375
425.0 9.3671875
426.0 5.2265625
427.0 5.234375
428.0 6.0
429.0 5.6796875
430.0 5.796875
431.0 6.359375
432.0 5.84375
433.0 5.9296875
434.0 6.234375
435.0 6.296875
436.0 5.9921875
437.0 6.390625
438.0 2.1171875
439.0 9.890625
440.0 6.0546875
441.0 5.9765625
442.0 6.1875
443.0 5.9765625
444.0 6.8671875
445.0 7.2265625
446.0 6.8125
447.0 7.046875
448.0 5.84375
449.0 6.390625
450.0 6.0546875
451.0 3.765625
452.0 8.7890625
453.0 7.046875
454.0 7.453125
455.0 6.9921875
456.0 7.6875
457.0 7.125
458.0 7.1328125
459.0 5.703125
460.0 6.6328125
461.0 7.28125
462.0 7.3203125
463.0 7.34375
464.0 6.6171875
465.0 6.625
466.0 7.09375
467.0 6.7109375
468.0 7.09375
469.0 7.1796875
470.0 6.9765625
471.0 6.8125
472.0 7.015625
473.0 7.2421875
474.0 7.078125
475.0 4.7734375
476.0 6.921875
477.0 7.109375
478.0 5.90625
479.0 5.34375
480.0 5.0703125
481.0 6.390625
482.0 6.9609375
483.0 6.8671875
484.0 7.2578125
485.0 7.2265625
486.0 7.078125
487.0 7.25
488.0 6.7734375
489.0 7.4296875
490.0 7.2734375
491.0 7.09375
492.0 7.84375
493.0 7.5078125
494.0 7.609375
495.0 7.109375
496.0 6.4453125
497.0 7.4609375
498.0 7.078125
499.0 7.0390625
500.0 7.1640625
501.0 7.40625
502.0 6.953125
503.0 6.953125
504.0 6.921875
505.0 4.03125
506.0 8.9140625
507.0 6.5703125
508.0 6.2578125
509.0 6.5390625
510.0 7.1015625
511.0 7.2890625
512.0 7.2265625
513.0 7.140625
514.0 7.4296875
515.0 4.6484375
516.0 5.8203125
517.0 5.9296875
518.0 1.28125
519.0 10.1796875
520.0 6.6015625
521.0 7.1875
522.0 2.9375
523.0 0.328125
524.0 5.4921875
525.0 7.2578125
526.0 7.46875
527.0 7.15625
528.0 6.8671875
529.0 6.203125
530.0 5.046875
531.0 4.1328125
532.0 4.796875
533.0 5.7578125
534.0 5.640625
535.0 5.6796875
536.0 5.6796875
537.0 5.9765625
538.0 7.671875
539.0 7.4609375
540.0 7.5859375
541.0 7.390625
542.0 7.2734375
543.0 7.7265625
544.0 7.78125
545.0 7.453125
546.0 7.546875
547.0 7.734375
548.0 7.5703125
549.0 7.6875
550.0 3.078125
551.0 12.109375
552.0 7.7578125
553.0 7.4609375
554.0 7.2265625
555.0 2.2421875
556.0 9.1171875
557.0 7.6328125
558.0 8.0
559.0 7.5390625
560.0 7.546875
561.0 7.984375
562.0 7.71875
563.0 7.9296875
564.0 7.734375
565.0 7.375
566.0 7.2734375
567.0 7.6328125
568.0 6.9921875
569.0 2.8515625
570.0 11.3828125
571.0 6.9609375
572.0 2.9609375
573.0 10.5078125
574.0 6.3203125
575.0 7.5390625
576.0 7.2421875
577.0 7.21875
578.0 7.609375
579.0 7.5390625
580.0 7.46875
581.0 6.3359375
582.0 5.8203125
583.0 7.09375
584.0 7.28125
585.0 7.1015625
586.0 7.2890625
587.0 7.375
588.0 6.9921875
589.0 7.2109375
590.0 7.421875
591.0 7.359375
592.0 7.3046875
593.0 7.3359375
594.0 7.6171875
595.0 7.1640625
596.0 7.1328125
597.0 6.8828125
598.0 7.109375
599.0 6.9609375
