0.0 6.859375
1.0 4.953125
2.0 4.796875
3.0 5.1015625
4.0 5.6171875
5.0 4.7578125
6.0 4.953125
7.0 5.34375
8.0 4.890625
9.0 2.7734375
10.0 5.8828125
11.0 4.984375
12.0 4.5625
13.0 4.53125
14.0 4.9765625
15.0 4.171875
16.0 4.515625
17.0 3.90625
18.0 3.859375
19.0 4.3984375
20.0 3.625
21.0 2.328125
22.0 5.4296875
23.0 4.0703125
24.0 3.90625
25.0 3.765625
26.0 3.3828125
27.0 3.8515625
28.0 3.578125
29.0 3.375
30.0 3.875
31.0 4.1171875
32.0 0.96875
33.0 0.0
34.0 8.796875
35.0 3.890625
36.0 4.2421875
37.0 4.15625
38.0 3.875
39.0 3.828125
40.0 3.9765625
41.0 4.0625
42.0 4.0
43.0 4.15625
44.0 4.0234375
45.0 0.7265625
46.0 8.1328125
47.0 4.0859375
48.0 4.2421875
49.0 4.171875
50.0 2.4609375
51.0 5.9921875
52.0 3.875
53.0 4.0234375
54.0 4.0546875
55.0 3.875
56.0 4.0703125
57.0 4.21875
58.0 3.7109375
59.0 3.9140625
60.0 3.84375
61.0 3.9765625
62.0 4.0
63.0 4.2421875
64.0 0.8203125
65.0 7.03125
66.0 3.5859375
67.0 3.859375
68.0 3.96875
69.0 4.1796875
70.0 4.2734375
71.0 4.1875
72.0 3.9921875
73.0 3.328125
74.0 5.140625
75.0 4.0078125
76.0 3.2265625
77.0 2.1953125
78.0 3.140625
79.0 1.046875
80.0 6.53125
81.0 4.03125
82.0 4.2421875
83.0 4.84375
84.0 4.8046875
85.0 4.6015625
86.0 2.6640625
87.0 3.3203125
88.0 5.15625
89.0 3.203125
90.0 3.84375
91.0 4.4453125
92.0 4.3046875
93.0 3.0859375
94.0 2.625
95.0 2.8515625
96.0 3.8515625
97.0 4.1796875
98.0 4.0859375
99.0 4.203125
100.0 4.6015625
101.0 3.515625
102.0 0.984375
103.0 6.1484375
104.0 4.75
105.0 4.59375
106.0 4.6328125
107.0 3.828125
108.0 4.8125
109.0 4.515625
110.0 4.3828125
111.0 4.359375
112.0 4.28125
113.0 3.859375
114.0 3.46875
115.0 4.0390625
116.0 3.515625
117.0 2.5703125
118.0 3.296875
119.0 3.765625
120.0 1.1171875
121.0 0.453125
122.0 0.0
123.0 7.6875
124.0 3.65625
125.0 3.7890625
126.0 3.8515625
127.0 3.8203125
128.0 4.203125
129.0 4.625
130.0 4.5390625
131.0 4.25
132.0 3.1171875
133.0 0.0
134.0 7.609375
135.0 4.0703125
136.0 4.6015625
137.0 3.5859375
138.0 2.1796875
139.0 2.984375
140.0 4.0390625
141.0 3.9921875
142.0 3.765625
143.0 3.703125
144.0 4.3984375
145.0 4.3984375
146.0 3.4921875
147.0 1.375
148.0 0.0
149.0 7.796875
150.0 4.9453125
151.0 4.890625
152.0 4.5
153.0 4.796875
154.0 1.796875
155.0 0.0
156.0 8.796875
157.0 3.53125
158.0 4.3515625
159.0 2.5234375
160.0 2.25
161.0 2.0078125
162.0 3.8203125
163.0 4.4453125
164.0 4.03125
165.0 2.2734375
166.0 4.515625
167.0 4.578125
168.0 2.0625
169.0 0.0
170.0 6.7421875
171.0 3.2265625
172.0 4.0859375
173.0 4.9296875
174.0 4.1328125
175.0 0.8828125
176.0 6.3046875
177.0 3.4609375
178.0 2.234375
179.0 1.8671875
180.0 3.2265625
181.0 4.0625
182.0 3.90625
183.0 4.0078125
184.0 4.265625
185.0 4.234375
186.0 4.0625
187.0 4.0703125
188.0 2.515625
189.0 0.0
190.0 0.0
191.0 0.0
192.0 8.59375
193.0 4.0078125
194.0 4.1328125
195.0 4.3203125
196.0 4.3359375
197.0 4.921875
198.0 4.7109375
199.0 4.265625
200.0 2.7421875
201.0 2.609375
202.0 3.546875
203.0 4.5703125
204.0 4.09375
205.0 3.234375
206.0 3.5
207.0 3.328125
208.0 3.4453125
209.0 3.4921875
210.0 3.578125
211.0 0.9453125
212.0 0.8671875
213.0 7.5078125
214.0 3.3515625
215.0 2.375
216.0 1.296875
217.0 0.0
218.0 4.7265625
219.0 2.1328125
220.0 2.015625
221.0 2.75
222.0 2.625
223.0 2.8046875
224.0 2.875
225.0 3.1015625
226.0 2.421875
227.0 2.5078125
228.0 3.40625
229.0 3.0
230.0 3.65625
231.0 2.3125
232.0 0.0
233.0 6.703125
234.0 3.4296875
235.0 2.984375
236.0 0.96875
237.0 0.0
238.0 7.109375
239.0 3.1640625
240.0 3.6171875
241.0 2.359375
242.0 1.8203125
243.0 1.6796875
244.0 3.109375
245.0 3.3515625
246.0 1.8359375
247.0 2.6328125
248.0 3.4921875
249.0 2.609375
250.0 4.5078125
251.0 2.8125
252.0 1.7109375
253.0 2.3359375
254.0 4.0234375
255.0 3.8828125
256.0 3.703125
257.0 3.7578125
258.0 3.53125
259.0 0.9609375
260.0 4.796875
261.0 3.84375
262.0 3.8515625
263.0 3.3125
264.0 3.5625
265.0 2.6875
266.0 2.0703125
267.0 2.0390625
268.0 2.8984375
269.0 3.875
270.0 3.9140625
271.0 3.8046875
272.0 4.1484375
273.0 3.9765625
274.0 1.7890625
275.0 0.9453125
276.0 6.859375
277.0 0.0
278.0 4.515625
279.0 4.0625
280.0 3.2265625
281.0 2.0
282.0 5.1328125
283.0 3.7265625
284.0 3.59375
285.0 3.578125
286.0 2.28125
287.0 5.25
288.0 3.5625
289.0 2.4140625
290.0 6.171875
291.0 4.0625
292.0 4.515625
293.0 3.9375
294.0 4.0390625
295.0 2.125
296.0 5.6328125
297.0 4.9609375
298.0 4.7109375
299.0 4.7265625
300.0 4.1796875
301.0 4.0
302.0 4.3828125
303.0 4.953125
304.0 4.625
305.0 4.609375
306.0 4.828125
307.0 4.0625
308.0 4.4453125
309.0 4.5390625
310.0 3.7578125
311.0 4.453125
312.0 5.28125
313.0 2.9296875
314.0 7.046875
315.0 2.984375
316.0 4.0859375
317.0 4.453125
318.0 4.421875
319.0 4.7265625
320.0 3.4609375
321.0 3.3828125
322.0 0.0
323.0 6.296875
324.0 3.515625
325.0 3.84375
326.0 3.3671875
327.0 4.203125
328.0 4.1171875
329.0 4.4296875
330.0 4.4453125
331.0 4.0625
332.0 2.9609375
333.0 3.2265625
334.0 3.609375
335.0 2.234375
336.0 0.0
337.0 5.5546875
338.0 1.7421875
339.0 1.6171875
340.0 3.4609375
341.0 3.046875
342.0 3.4140625
343.0 3.1015625
344.0 2.484375
345.0 0.0
346.0 4.8359375
347.0 3.4140625
348.0 3.8203125
349.0 3.96875
350.0 4.0234375
351.0 4.3515625
352.0 4.265625
353.0 3.7890625
354.0 3.7265625
355.0 3.7578125
356.0 3.875
357.0 3.65625
358.0 3.9921875
359.0 2.96875
360.0 5.96875
361.0 4.328125
362.0 4.1015625
363.0 4.1015625
364.0 1.078125
365.0 7.3046875
366.0 3.7890625
367.0 3.8515625
368.0 4.03125
369.0 3.9921875
370.0 3.921875
371.0 4.171875
372.0 4.2109375
373.0 3.9453125
374.0 4.0625
375.0 4.75
376.0 4.09375
377.0 4.1015625
378.0 2.640625
379.0 0.0
380.0 7.78125
381.0 3.8828125
382.0 3.4375
383.0 2.1171875
384.0 5.640625
385.0 4.3203125
386.0 3.703125
387.0 3.9140625
388.0 3.65625
389.0 3.90625
390.0 3.9921875
391.0 3.5
392.0 2.7578125
393.0 3.3828125
394.0 3.375
395.0 3.2578125
396.0 3.1796875
397.0 0.1953125
398.0 8.078125
399.0 3.4375
400.0 3.9140625
401.0 4.4765625
402.0 4.984375
403.0 5.0703125
404.0 3.8203125
405.0 0.7578125
406.0 7.578125
407.0 3.765625
408.0 3.859375
409.0 1.2421875
410.0 7.25
411.0 5.0234375
412.0 4.359375
413.0 4.0234375
414.0 4.234375
415.0 4.5625
416.0 5.0703125
417.0 4.9765625
418.0 4.59375
419.0 4.1015625
420.0 2.953125
421.0 1.8046875
422.0 6.296875
423.0 1.5859375
424.0 4.578125
425.0 1.1328125
426.0 2.15625
427.0 4.6484375
428.0 3.9140625
429.0 4.3671875
430.0 5.0390625
431.0 4.453125
432.0 4.203125
433.0 4.7578125
434.0 4.5390625
435.0 4.2734375
436.0 4.5078125
437.0 3.5859375
438.0 0.7265625
439.0 0.0
440.0 5.3125
441.0 0.0
442.0 0.0
443.0 3.1484375
444.0 1.015625
445.0 3.171875
446.0 3.8515625
447.0 4.453125
448.0 4.1796875
449.0 4.234375
450.0 4.578125
451.0 4.6796875
452.0 3.7109375
453.0 3.078125
454.0 3.953125
455.0 4.296875
456.0 3.6796875
457.0 2.015625
458.0 6.328125
459.0 3.890625
460.0 3.25
461.0 3.2265625
462.0 4.0546875
463.0 4.0625
464.0 4.6953125
465.0 4.5390625
466.0 4.75
467.0 4.1796875
468.0 3.9375
469.0 1.7734375
470.0 6.3828125
471.0 4.3359375
472.0 4.6640625
473.0 3.46875
474.0 2.609375
475.0 6.359375
476.0 2.4453125
477.0 4.21875
478.0 3.859375
479.0 4.203125
480.0 3.96875
481.0 3.828125
482.0 3.4296875
483.0 3.21875
484.0 3.90625
485.0 3.671875
486.0 3.7578125
487.0 1.0
488.0 5.1328125
489.0 5.234375
490.0 3.7578125
491.0 2.921875
492.0 3.671875
493.0 3.5
494.0 5.28125
495.0 3.8828125
496.0 4.1328125
497.0 3.796875
498.0 3.65625
499.0 3.4296875
500.0 3.1640625
501.0 3.2578125
502.0 3.671875
503.0 3.734375
504.0 3.65625
505.0 3.234375
506.0 2.71875
507.0 4.0078125
508.0 4.6484375
509.0 3.109375
510.0 0.9453125
511.0 9.59375
512.0 4.5390625
513.0 4.4453125
514.0 1.359375
515.0 7.546875
516.0 4.4453125
517.0 4.0625
518.0 4.234375
519.0 4.0078125
520.0 3.796875
521.0 3.8046875
522.0 3.265625
523.0 0.0
524.0 9.0703125
525.0 4.8984375
526.0 4.515625
527.0 2.8203125
528.0 3.625
529.0 2.609375
530.0 4.328125
531.0 3.9921875
532.0 4.3046875
533.0 4.6484375
534.0 4.484375
535.0 4.9296875
536.0 5.3203125
537.0 3.0390625
538.0 3.5546875
539.0 5.1953125
540.0 4.875
541.0 3.1328125
542.0 5.5
543.0 4.5
544.0 3.34375
545.0 2.84375
546.0 4.0234375
547.0 4.1484375
548.0 5.421875
549.0 5.203125
550.0 5.46875
551.0 2.296875
552.0 8.2578125
553.0 6.078125
554.0 5.3828125
555.0 5.2890625
556.0 4.3203125
557.0 2.7890625
558.0 2.09375
559.0 1.8671875
560.0 2.65625
561.0 3.109375
562.0 2.9296875
563.0 3.3828125
564.0 3.3203125
565.0 0.0390625
566.0 6.0234375
567.0 2.84375
568.0 6.84375
569.0 4.4453125
570.0 5.0078125
571.0 5.0703125
572.0 4.84375
573.0 3.953125
574.0 5.0703125
575.0 4.125
576.0 4.6015625
577.0 1.984375
578.0 7.7890625
579.0 3.265625
580.0 5.453125
581.0 4.90625
582.0 4.328125
583.0 4.859375
584.0 3.8515625
585.0 3.7890625
586.0 3.4921875
587.0 3.21875
588.0 4.1015625
589.0 3.625
590.0 4.359375
591.0 3.515625
592.0 3.6953125
593.0 3.90625
594.0 3.375
595.0 2.875
596.0 4.5
597.0 4.9921875
598.0 4.875
599.0 4.921875
