0.0 6.921875
1.0 6.953125
2.0 7.2890625
3.0 7.28125
4.0 7.5078125
5.0 7.2734375
6.0 6.7421875
7.0 6.9921875
8.0 6.421875
9.0 7.1875
10.0 7.2734375
11.0 6.7734375
12.0 6.703125
13.0 7.421875
14.0 6.984375
15.0 7.671875
16.0 7.359375
17.0 7.7890625
18.0 6.9296875
19.0 7.0078125
20.0 6.234375
21.0 6.3046875
22.0 6.65625
23.0 6.8359375
24.0 6.296875
25.0 7.2265625
26.0 6.796875
27.0 3.625
28.0 10.3515625
29.0 6.2421875
30.0 6.828125
31.0 6.71875
32.0 7.0078125
33.0 7.0390625
34.0 7.0625
35.0 7.4609375
36.0 7.015625
37.0 7.09375
38.0 7.8671875
39.0 7.65625
40.0 7.25
41.0 6.4375
42.0 6.6875
43.0 6.4765625
44.0 6.140625
45.0 6.5390625
46.0 7.2421875
47.0 7.0390625
48.0 2.7890625
49.0 11.1015625
50.0 7.28125
51.0 7.4921875
52.0 6.2890625
53.0 7.1953125
54.0 7.2578125
55.0 6.2265625
56.0 6.59375
57.0 6.6875
58.0 6.2109375
59.0 6.53125
60.0 6.0234375
61.0 6.4765625
62.0 4.21875
63.0 2.3125
64.0 2.4609375
65.0 5.078125
66.0 6.9765625
67.0 3.9453125
68.0 0.0
69.0 7.3203125
70.0 3.9140625
71.0 5.3203125
72.0 6.453125
73.0 6.2890625
74.0 6.5390625
75.0 1.1640625
76.0 8.1640625
77.0 2.6015625
78.0 3.8515625
79.0 6.71875
80.0 6.828125
81.0 6.53125
82.0 6.140625
83.0 6.7734375
84.0 6.5390625
85.0 4.65625
86.0 6.0390625
87.0 4.9296875
88.0 2.5234375
89.0 7.6171875
90.0 6.265625
91.0 6.4765625
92.0 5.6484375
93.0 5.0546875
94.0 3.953125
95.0 0.0
96.0 9.421875
97.0 6.71875
98.0 6.71875
99.0 5.765625
100.0 5.9453125
101.0 5.96875
102.0 5.5234375
103.0 5.1953125
104.0 6.421875
105.0 6.0625
106.0 2.421875
107.0 10.8828125
108.0 7.359375
109.0 6.8046875
110.0 6.5703125
111.0 6.4765625
112.0 6.5
113.0 6.1484375
114.0 5.234375
115.0 6.7109375
116.0 6.625
117.0 6.6796875
118.0 6.484375
119.0 7.5390625
120.0 6.2578125
121.0 6.8046875
122.0 6.4765625
123.0 6.15625
124.0 6.6796875
125.0 6.953125
126.0 5.6171875
127.0 5.9765625
128.0 5.6015625
129.0 6.6171875
130.0 6.8125
131.0 6.484375
132.0 5.75
133.0 6.2265625
134.0 6.2421875
135.0 6.4765625
136.0 5.75
137.0 6.5703125
138.0 4.8125
139.0 4.03125
140.0 4.203125
141.0 3.3984375
142.0 0.9453125
143.0 7.3046875
144.0 1.265625
145.0 6.0
146.0 1.8984375
147.0 4.1875
148.0 3.328125
149.0 3.3125
150.0 3.8203125
151.0 4.859375
152.0 2.0078125
153.0 7.4375
154.0 3.203125
155.0 3.1484375
156.0 4.3828125
157.0 3.40625
158.0 4.1796875
159.0 4.84375
160.0 6.6015625
161.0 6.2734375
162.0 6.6328125
163.0 5.125
164.0 5.3984375
165.0 8.296875
166.0 7.1875
167.0 7.125
168.0 7.21875
169.0 7.2265625
170.0 7.1875
171.0 7.6640625
172.0 5.8828125
173.0 4.875
174.0 5.1015625
175.0 4.390625
176.0 3.53125
177.0 3.703125
178.0 2.890625
179.0 3.8046875
180.0 4.6953125
181.0 5.6953125
182.0 2.2109375
183.0 2.65625
184.0 2.1171875
185.0 1.265625
186.0 1.65625
187.0 1.265625
188.0 1.5
189.0 2.7421875
190.0 2.2421875
191.0 1.2890625
192.0 0.0
193.0 5.2265625
194.0 2.1015625
195.0 2.59375
196.0 3.1796875
197.0 4.8046875
198.0 5.6953125
199.0 5.828125
200.0 5.3203125
201.0 3.9453125
202.0 5.4375
203.0 1.640625
204.0 0.984375
205.0 0.4921875
206.0 0.4296875
207.0 0.96875
208.0 2.328125
209.0 6.1484375
210.0 5.453125
211.0 6.140625
212.0 6.4765625
213.0 6.328125
214.0 5.6640625
215.0 6.484375
216.0 6.0859375
217.0 5.5
218.0 6.0
219.0 4.9609375
220.0 5.9609375
221.0 5.3984375
222.0 5.84375
223.0 5.875
224.0 5.7578125
225.0 4.84375
226.0 5.484375
227.0 6.0625
228.0 6.2734375
229.0 6.296875
230.0 5.53125
231.0 1.4375
232.0 10.265625
233.0 5.7265625
234.0 1.5859375
235.0 9.0625
236.0 5.9296875
237.0 5.671875
238.0 4.7734375
239.0 3.84375
240.0 5.546875
241.0 6.0234375
242.0 5.890625
243.0 6.4453125
244.0 6.4375
245.0 6.828125
246.0 5.7890625
247.0 6.65625
248.0 6.3515625
249.0 5.78125
250.0 5.9453125
251.0 5.5234375
252.0 4.9453125
253.0 5.609375
254.0 5.484375
255.0 6.390625
256.0 6.5078125
257.0 5.9296875
258.0 6.7109375
259.0 6.6875
260.0 6.2265625
261.0 6.2890625
262.0 6.0859375
263.0 6.0625
264.0 6.109375
265.0 6.078125
266.0 6.1484375
267.0 6.453125
268.0 6.265625
269.0 3.4609375
270.0 5.3203125
271.0 6.109375
272.0 6.2890625
273.0 6.203125
274.0 5.5859375
275.0 6.6640625
276.0 6.53125
277.0 5.9296875
278.0 5.671875
279.0 5.96875
280.0 5.828125
281.0 5.75
282.0 5.734375
283.0 5.8828125
284.0 5.796875
285.0 6.0234375
286.0 2.9609375
287.0 7.140625
288.0 5.9453125
289.0 6.6640625
290.0 5.9140625
291.0 5.8125
292.0 6.7421875
293.0 5.9453125
294.0 4.5390625
295.0 1.1328125
296.0 8.390625
297.0 5.421875
298.0 1.765625
299.0 8.8828125
300.0 6.1171875
301.0 4.9609375
302.0 5.8515625
303.0 5.6328125
304.0 5.234375
305.0 4.90625
306.0 5.421875
307.0 5.3359375
308.0 5.421875
309.0 5.2890625
310.0 4.875
311.0 4.3984375
312.0 6.2734375
313.0 4.9609375
314.0 5.6640625
315.0 4.9765625
316.0 1.046875
317.0 9.2265625
318.0 3.8203125
319.0 4.6640625
320.0 4.8046875
321.0 5.3046875
322.0 5.6953125
323.0 5.125
324.0 5.125
325.0 4.8125
326.0 4.9921875
327.0 3.4296875
328.0 1.5625
329.0 5.8125
330.0 4.3984375
331.0 4.9453125
332.0 4.59375
333.0 3.7421875
334.0 5.890625
335.0 4.0859375
336.0 4.5703125
337.0 4.2109375
338.0 5.3984375
339.0 4.9296875
340.0 5.8515625
341.0 5.40625
342.0 5.3671875
343.0 4.71875
344.0 5.609375
345.0 5.15625
346.0 4.8125
347.0 4.5078125
348.0 4.921875
349.0 5.28125
350.0 5.6171875
351.0 6.4375
352.0 5.859375
353.0 5.6640625
354.0 5.5625
355.0 6.5078125
356.0 5.609375
357.0 5.7109375
358.0 5.78125
359.0 5.9921875
360.0 6.234375
361.0 6.3203125
362.0 1.28125
363.0 9.609375
364.0 6.9921875
365.0 6.53125
366.0 6.9609375
367.0 7.7578125
368.0 7.09375
369.0 6.9765625
370.0 6.703125
371.0 7.2421875
372.0 6.171875
373.0 4.5625
374.0 9.046875
375.0 7.0703125
376.0 5.765625
377.0 4.1796875
378.0 3.515625
379.0 4.5
380.0 4.90625
381.0 5.875
382.0 5.375
383.0 6.0234375
384.0 6.328125
385.0 5.640625
386.0 5.6796875
387.0 5.046875
388.0 6.1484375
389.0 6.6875
390.0 2.71875
391.0 11.3671875
392.0 6.3828125
393.0 4.484375
394.0 7.125
395.0 5.9765625
396.0 5.96875
397.0 6.078125
398.0 6.0
399.0 6.078125
400.0 5.703125
401.0 5.78125
402.0 6.265625
403.0 4.546875
404.0 2.3671875
405.0 8.3203125
406.0 6.203125
407.0 6.5078125
408.0 6.6484375
409.0 6.84375
410.0 6.4140625
411.0 6.796875
412.0 7.109375
413.0 6.4140625
414.0 4.28125
415.0 6.9296875
416.0 2.390625
417.0 2.2734375
418.0 4.1171875
419.0 6.7109375
420.0 6.0
421.0 6.109375
422.0 3.6796875
423.0 5.0546875
424.0 5.453125
425.0 5.3984375
426.0 5.5859375
427.0 5.8125
428.0 3.765625
429.0 3.1953125
430.0 5.3203125
431.0 3.3515625
432.0 3.0
433.0 1.4921875
434.0 2.8203125
435.0 4.5390625
436.0 3.4765625
437.0 0.0
438.0 8.4375
439.0 4.7578125
440.0 2.484375
441.0 6.3671875
442.0 5.1953125
443.0 5.609375
444.0 5.4609375
445.0 4.9609375
446.0 5.2890625
447.0 6.0625
448.0 5.8515625
449.0 5.734375
450.0 5.375
451.0 5.3984375
452.0 5.6171875
453.0 3.7734375
454.0 6.7109375
455.0 4.3828125
456.0 5.9921875
457.0 5.453125
458.0 1.6796875
459.0 7.984375
460.0 5.6796875
461.0 6.0
462.0 6.2265625
463.0 6.71875
464.0 6.515625
465.0 6.5625
466.0 6.4765625
467.0 6.75
468.0 7.0703125
469.0 6.71875
470.0 6.7734375
471.0 7.75
472.0 7.9140625
473.0 7.9296875
474.0 7.671875
475.0 7.09375
476.0 7.0390625
477.0 7.09375
478.0 6.4375
479.0 6.3671875
480.0 6.953125
481.0 7.6640625
482.0 2.5390625
483.0 8.71875
484.0 4.7734375
485.0 4.234375
486.0 5.171875
487.0 6.109375
488.0 7.1640625
489.0 7.1015625
490.0 7.1328125
491.0 6.296875
492.0 6.8125
493.0 5.765625
494.0 4.6640625
495.0 8.109375
496.0 6.1875
497.0 5.6171875
498.0 5.6171875
499.0 5.46875
500.0 1.4453125
501.0 8.8828125
502.0 3.5
503.0 3.8203125
504.0 5.453125
505.0 2.4140625
506.0 4.0390625
507.0 5.453125
508.0 5.578125
509.0 5.765625
510.0 6.140625
511.0 6.5859375
512.0 6.8046875
513.0 2.6640625
514.0 9.5078125
515.0 5.0078125
516.0 6.09375
517.0 5.3515625
518.0 5.484375
519.0 6.0859375
520.0 5.6328125
521.0 4.8046875
522.0 2.9609375
523.0 3.46875
524.0 2.71875
525.0 2.28125
526.0 2.640625
527.0 3.2890625
528.0 4.0078125
529.0 3.140625
530.0 5.34375
531.0 4.15625
532.0 5.078125
533.0 5.015625
534.0 2.984375
535.0 0.0
536.0 7.375
537.0 5.6484375
538.0 5.9609375
539.0 4.2109375
540.0 3.9453125
541.0 5.4375
542.0 5.578125
543.0 5.9921875
544.0 5.96875
545.0 5.8125
546.0 5.046875
547.0 3.5234375
548.0 0.8515625
549.0 0.0
550.0 6.890625
551.0 5.3671875
552.0 5.515625
553.0 5.765625
554.0 6.2890625
555.0 6.2734375
556.0 0.8515625
557.0 10.265625
558.0 5.6328125
559.0 4.8359375
560.0 4.0859375
561.0 1.1796875
562.0 7.140625
563.0 4.71875
564.0 5.7265625
565.0 5.78125
566.0 5.890625
567.0 6.0859375
568.0 6.390625
569.0 5.96875
570.0 5.9140625
571.0 5.75
572.0 5.6640625
573.0 4.6328125
574.0 0.0
575.0 9.5390625
576.0 4.8984375
577.0 3.8046875
578.0 0.0
579.0 9.90625
580.0 5.25
581.0 5.453125
582.0 5.078125
583.0 5.6953125
584.0 5.6640625
585.0 5.3046875
586.0 6.265625
587.0 6.3828125
588.0 6.0859375
589.0 5.84375
590.0 5.6953125
591.0 3.2890625
592.0 6.9765625
593.0 4.84375
594.0 6.140625
595.0 6.3046875
596.0 6.2734375
597.0 5.640625
598.0 6.203125
599.0 5.9609375
