0.0 6.9765625
1.0 5.9609375
2.0 3.859375
3.0 7.2578125
4.0 4.6875
5.0 3.21875
6.0 3.0703125
7.0 3.171875
8.0 3.7890625
9.0 2.8671875
10.0 3.0546875
11.0 3.171875
12.0 3.203125
13.0 3.015625
14.0 0.0
15.0 7.796875
16.0 5.9296875
17.0 6.0234375
18.0 6.3828125
19.0 6.3046875
20.0 5.9375
21.0 6.3046875
22.0 6.140625
23.0 6.109375
24.0 5.90625
25.0 6.15625
26.0 6.515625
27.0 6.2578125
28.0 5.6484375
29.0 5.515625
30.0 5.890625
31.0 2.4765625
32.0 9.953125
33.0 6.3828125
34.0 6.1484375
35.0 6.3828125
36.0 5.8515625
37.0 3.1953125
38.0 9.6640625
39.0 6.390625
40.0 5.515625
41.0 5.78125
42.0 5.578125
43.0 5.703125
44.0 6.6640625
45.0 5.2578125
46.0 7.1015625
47.0 6.1484375
48.0 5.9921875
49.0 6.359375
50.0 6.109375
51.0 5.9140625
52.0 5.640625
53.0 5.796875
54.0 6.171875
55.0 6.515625
56.0 6.0546875
57.0 6.0390625
58.0 6.515625
59.0 1.7578125
60.0 10.8515625
61.0 6.390625
62.0 6.0546875
63.0 4.0
64.0 7.4609375
65.0 5.96875
66.0 5.6484375
67.0 5.859375
68.0 5.8125
69.0 5.3828125
70.0 6.0546875
71.0 6.03125
72.0 6.0234375
73.0 6.0625
74.0 5.90625
75.0 5.765625
76.0 6.0546875
77.0 5.6015625
78.0 5.859375
79.0 5.78125
80.0 5.765625
81.0 5.796875
82.0 6.3203125
83.0 5.7890625
84.0 1.7578125
85.0 9.6640625
86.0 5.75
87.0 5.4921875
88.0 5.4609375
89.0 6.2734375
90.0 5.5859375
91.0 5.78125
92.0 5.8515625
93.0 6.296875
94.0 6.125
95.0 6.1796875
96.0 6.359375
97.0 5.8203125
98.0 5.6015625
99.0 6.46875
100.0 6.4140625
101.0 3.734375
102.0 8.75
103.0 5.765625
104.0 5.859375
105.0 5.875
106.0 2.7265625
107.0 9.515625
108.0 6.109375
109.0 5.96875
110.0 5.765625
111.0 5.4609375
112.0 5.578125
113.0 5.6328125
114.0 5.875
115.0 5.75
116.0 5.453125
117.0 5.4609375
118.0 5.9609375
119.0 5.3984375
120.0 5.6484375
121.0 5.6015625
122.0 5.46875
123.0 5.671875
124.0 5.1640625
125.0 5.421875
126.0 6.0859375
127.0 5.671875
128.0 5.796875
129.0 5.875
130.0 5.5234375
131.0 5.1015625
132.0 4.28125
133.0 4.859375
134.0 4.234375
135.0 4.828125
136.0 4.8046875
137.0 4.8671875
138.0 5.671875
139.0 6.171875
140.0 5.9140625
141.0 4.6796875
142.0 5.3046875
143.0 5.15625
144.0 5.75
145.0 6.0625
146.0 6.5078125
147.0 6.2421875
148.0 6.09375
149.0 6.0859375
150.0 6.078125
151.0 6.0234375
152.0 6.09375
153.0 6.09375
154.0 6.4140625
155.0 6.1875
156.0 5.765625
157.0 3.6484375
158.0 8.53125
159.0 6.171875
160.0 6.125
161.0 5.734375
162.0 6.46875
163.0 6.2578125
164.0 5.9140625
165.0 3.0234375
166.0 7.5703125
167.0 5.171875
168.0 5.0859375
169.0 4.9296875
170.0 5.25
171.0 5.2578125
172.0 5.015625
173.0 4.2421875
174.0 5.5546875
175.0 5.0078125
176.0 5.2265625
177.0 4.3984375
178.0 3.0234375
179.0 7.1640625
180.0 4.7265625
181.0 5.421875
182.0 5.0859375
183.0 1.5546875
184.0 8.859375
185.0 4.390625
186.0 5.0078125
187.0 5.5859375
188.0 5.6640625
189.0 6.1796875
190.0 4.8671875
191.0 4.9765625
192.0 5.546875
193.0 6.078125
194.0 6.3203125
195.0 6.3515625
196.0 5.9375
197.0 6.2890625
198.0 6.1875
199.0 5.8125
200.0 5.9921875
201.0 4.3984375
202.0 3.0
203.0 7.3984375
204.0 5.15625
205.0 4.4765625
206.0 4.3359375
207.0 6.5078125
208.0 5.375
209.0 5.40625
210.0 4.7734375
211.0 5.0546875
212.0 4.7734375
213.0 4.21875
214.0 5.4609375
215.0 3.203125
216.0 4.421875
217.0 5.90625
218.0 5.1875
219.0 1.375
220.0 9.515625
221.0 6.2109375
222.0 6.0
223.0 6.2734375
224.0 6.1484375
225.0 5.9765625
226.0 6.109375
227.0 5.4296875
228.0 3.875
229.0 7.7890625
230.0 5.3671875
231.0 5.9765625
232.0 3.6484375
233.0 0.7578125
234.0 0.0
235.0 6.390625
236.0 0.0
237.0 4.9453125
238.0 0.0
239.0 5.6328125
240.0 4.75
241.0 5.84375
242.0 5.859375
243.0 5.078125
244.0 3.3125
245.0 3.0390625
246.0 4.421875
247.0 2.96875
248.0 5.375
249.0 4.8671875
250.0 4.0234375
251.0 2.8203125
252.0 4.3359375
253.0 6.3203125
254.0 5.9921875
255.0 4.484375
256.0 0.4296875
257.0 9.7265625
258.0 5.609375
259.0 5.421875
260.0 5.078125
261.0 3.1015625
262.0 8.0859375
263.0 5.828125
264.0 5.796875
265.0 5.734375
266.0 5.6328125
267.0 5.703125
268.0 5.3046875
269.0 5.078125
270.0 5.125
271.0 5.3671875
272.0 6.2109375
273.0 5.6953125
274.0 4.9609375
275.0 5.28125
276.0 5.671875
277.0 5.875
278.0 6.0234375
279.0 6.2421875
280.0 5.453125
281.0 5.5859375
282.0 5.765625
283.0 5.2890625
284.0 4.4296875
285.0 3.1953125
286.0 0.6640625
287.0 8.8671875
288.0 4.3203125
289.0 1.2421875
290.0 8.828125
291.0 5.3125
292.0 5.109375
293.0 4.953125
294.0 5.046875
295.0 4.6875
296.0 5.125
297.0 4.953125
298.0 4.625
299.0 4.984375
300.0 5.4609375
301.0 5.25
302.0 5.2734375
303.0 0.078125
304.0 9.4921875
305.0 4.5
306.0 4.4296875
307.0 4.5390625
308.0 2.4609375
309.0 6.2734375
310.0 4.6875
311.0 4.546875
312.0 4.1875
313.0 4.6640625
314.0 5.15625
315.0 5.9609375
316.0 5.640625
317.0 5.3828125
318.0 6.203125
319.0 5.2578125
320.0 3.7421875
321.0 8.6796875
322.0 5.890625
323.0 5.796875
324.0 5.9609375
325.0 5.796875
326.0 5.7578125
327.0 1.609375
328.0 10.2265625
329.0 5.3203125
330.0 5.8828125
331.0 4.0
332.0 3.625
333.0 3.4296875
334.0 5.484375
335.0 5.0859375
336.0 4.5
337.0 4.4140625
338.0 4.59375
339.0 4.9765625
340.0 5.171875
341.0 5.1640625
342.0 5.34375
343.0 5.640625
344.0 5.171875
345.0 5.0234375
346.0 4.421875
347.0 1.1640625
348.0 10.0234375
349.0 5.8125
350.0 6.0078125
351.0 5.9140625
352.0 5.5625
353.0 5.9453125
354.0 5.2890625
355.0 5.2265625
356.0 5.46875
357.0 5.078125
358.0 5.6171875
359.0 3.515625
360.0 8.8046875
361.0 6.359375
362.0 6.5
363.0 6.5859375
364.0 6.6640625
365.0 6.140625
366.0 6.5546875
367.0 6.5
368.0 2.3671875
369.0 0.0
370.0 7.25
371.0 0.640625
372.0 2.640625
373.0 3.1015625
374.0 2.84375
375.0 3.4296875
376.0 3.8515625
377.0 6.515625
378.0 6.6484375
379.0 6.296875
380.0 5.53125
381.0 5.515625
382.0 5.96875
383.0 6.703125
384.0 5.375
385.0 2.34375
386.0 1.9140625
387.0 0.0
388.0 5.078125
389.0 3.0859375
390.0 2.984375
391.0 3.6953125
392.0 3.734375
393.0 3.59375
394.0 3.53125
395.0 3.5625
396.0 3.171875
397.0 0.9296875
398.0 0.03125
399.0 7.3359375
400.0 1.7578125
401.0 1.859375
402.0 2.3046875
403.0 2.8125
404.0 2.78125
405.0 3.0234375
406.0 2.546875
407.0 3.0234375
408.0 2.921875
409.0 0.0625
410.0 5.0546875
411.0 2.7734375
412.0 2.4765625
413.0 2.5234375
414.0 2.484375
415.0 2.375
416.0 1.0546875
417.0 4.875
418.0 3.015625
419.0 3.65625
420.0 2.8359375
421.0 1.59375
422.0 1.0546875
423.0 1.1953125
424.0 2.2734375
425.0 2.609375
426.0 3.203125
427.0 2.984375
428.0 3.28125
429.0 2.8515625
430.0 0.0
431.0 7.015625
432.0 3.1171875
433.0 3.34375
434.0 0.9140625
435.0 5.734375
436.0 3.1640625
437.0 2.890625
438.0 0.0
439.0 7.1328125
440.0 3.4140625
441.0 3.3125
442.0 3.8515625
443.0 2.96875
444.0 2.6640625
445.0 3.1796875
446.0 3.109375
447.0 4.265625
448.0 3.1953125
449.0 3.0546875
450.0 2.8515625
451.0 2.875
452.0 0.2109375
453.0 5.4921875
454.0 2.875
455.0 2.90625
456.0 2.5390625
457.0 2.671875
458.0 1.4609375
459.0 0.0
460.0 6.390625
461.0 4.6953125
462.0 5.34375
463.0 5.0703125
464.0 5.0859375
465.0 4.9921875
466.0 5.2265625
467.0 5.3671875
468.0 4.796875
469.0 5.0546875
470.0 4.8046875
471.0 3.21875
472.0 7.765625
473.0 5.234375
474.0 4.9765625
475.0 5.2890625
476.0 4.9609375
477.0 4.0546875
478.0 6.0625
479.0 4.9921875
480.0 5.96875
481.0 6.3515625
482.0 5.9453125
483.0 4.8359375
484.0 4.78125
485.0 4.875
486.0 5.6484375
487.0 5.53125
488.0 5.3359375
489.0 1.171875
490.0 10.3828125
491.0 5.9140625
492.0 5.90625
493.0 5.5546875
494.0 5.4609375
495.0 5.4375
496.0 5.25
497.0 4.5390625
498.0 5.3671875
499.0 5.3203125
500.0 5.2890625
501.0 5.34375
502.0 5.5859375
503.0 5.46875
504.0 5.546875
505.0 5.5
506.0 5.3515625
507.0 5.125
508.0 5.3125
509.0 5.1640625
510.0 4.8984375
511.0 4.0859375
512.0 4.515625
513.0 1.1171875
514.0 8.828125
515.0 5.703125
516.0 5.375
517.0 4.6015625
518.0 3.296875
519.0 1.421875
520.0 7.109375
521.0 5.1875
522.0 3.90625
523.0 2.8515625
524.0 2.984375
525.0 5.1328125
526.0 5.609375
527.0 5.5859375
528.0 5.40625
529.0 5.46875
530.0 5.21875
531.0 4.5703125
532.0 2.2109375
533.0 8.328125
534.0 5.96875
535.0 5.3984375
536.0 5.3515625
537.0 5.515625
538.0 5.34375
539.0 4.984375
540.0 4.4453125
541.0 0.9296875
542.0 10.234375
543.0 6.03125
544.0 5.6484375
545.0 5.875
546.0 5.9921875
547.0 5.7578125
548.0 5.78125
549.0 5.828125
550.0 5.796875
551.0 5.515625
552.0 5.828125
553.0 5.3984375
554.0 3.4921875
555.0 0.2421875
556.0 5.5
557.0 6.125
558.0 5.8828125
559.0 2.6328125
560.0 7.0390625
561.0 4.7265625
562.0 6.4375
563.0 5.9609375
564.0 5.8515625
565.0 5.0390625
566.0 3.890625
567.0 5.5234375
568.0 5.5234375
569.0 5.4296875
570.0 5.828125
571.0 5.484375
572.0 2.015625
573.0 9.8359375
574.0 5.1953125
575.0 5.90625
576.0 6.09375
577.0 6.1171875
578.0 6.2109375
579.0 5.609375
580.0 5.84375
581.0 5.171875
582.0 5.171875
583.0 5.40625
584.0 5.46875
585.0 5.6796875
586.0 6.03125
587.0 5.7109375
588.0 5.859375
589.0 6.3515625
590.0 2.515625
591.0 9.15625
592.0 5.546875
593.0 5.5625
594.0 3.6484375
595.0 0.5078125
596.0 8.09375
597.0 3.6484375
598.0 5.5859375
599.0 3.546875
