0.0 4.890625
1.0 5.2890625
2.0 5.203125
3.0 4.7734375
4.0 5.171875
5.0 1.953125
6.0 9.078125
7.0 5.7578125
8.0 5.421875
9.0 5.4609375
10.0 5.796875
11.0 5.9453125
12.0 5.6953125
13.0 5.0546875
14.0 5.421875
15.0 5.6484375
16.0 5.375
17.0 4.875
18.0 3.0
19.0 7.796875
20.0 3.4921875
21.0 3.96875
22.0 2.71875
23.0 5.1953125
24.0 3.7890625
25.0 4.9296875
26.0 3.8046875
27.0 4.3828125
28.0 5.0234375
29.0 4.453125
30.0 4.5390625
31.0 4.4453125
32.0 4.609375
33.0 3.203125
34.0 3.21875
35.0 0.8125
36.0 6.2109375
37.0 3.0546875
38.0 3.5625
39.0 3.609375
40.0 3.4765625
41.0 2.984375
42.0 0.1796875
43.0 6.265625
44.0 1.5625
45.0 2.1640625
46.0 3.234375
47.0 3.546875
48.0 3.8046875
49.0 4.78125
50.0 3.84375
51.0 3.5
52.0 4.3359375
53.0 2.84375
54.0 4.2734375
55.0 4.1875
56.0 3.3125
57.0 2.8046875
58.0 2.4140625
59.0 2.2421875
60.0 2.15625
61.0 1.40625
62.0 1.46875
63.0 1.890625
64.0 1.796875
65.0 2.515625
66.0 3.3125
67.0 3.796875
68.0 0.6171875
69.0 7.3359375
70.0 4.3203125
71.0 4.3828125
72.0 3.9375
73.0 3.7890625
74.0 0.0
75.0 8.2421875
76.0 4.1484375
77.0 3.5859375
78.0 3.921875
79.0 4.8125
80.0 5.1875
81.0 5.2265625
82.0 4.859375
83.0 5.34375
84.0 5.515625
85.0 5.2890625
86.0 1.2578125
87.0 8.5625
88.0 4.9453125
89.0 5.4375
90.0 5.6328125
91.0 1.140625
92.0 9.84375
93.0 5.15625
94.0 5.140625
95.0 5.234375
96.0 5.46875
97.0 5.1953125
98.0 5.828125
99.0 5.421875
100.0 5.578125
101.0 5.5859375
102.0 5.1953125
103.0 5.7265625
104.0 5.4375
105.0 5.3984375
106.0 5.703125
107.0 5.0859375
108.0 5.3828125
109.0 4.75
110.0 5.1640625
111.0 4.1328125
112.0 6.3203125
113.0 5.1640625
114.0 4.9765625
115.0 4.6953125
116.0 2.2109375
117.0 7.421875
118.0 4.6953125
119.0 4.9296875
120.0 4.9921875
121.0 4.953125
122.0 4.78125
123.0 5.203125
124.0 5.2265625
125.0 5.25
126.0 5.3671875
127.0 5.28125
128.0 5.140625
129.0 5.34375
130.0 5.859375
131.0 5.34375
132.0 5.375
133.0 5.3046875
134.0 5.890625
135.0 4.7578125
136.0 0.0
137.0 0.0
138.0 0.0
139.0 0.0
140.0 0.0
141.0 0.2734375
142.0 7.9375
143.0 5.7578125
144.0 5.6171875
145.0 4.6796875
146.0 4.234375
147.0 5.3046875
148.0 5.3515625
149.0 5.1015625
150.0 5.4375
151.0 5.4921875
152.0 1.71875
153.0 8.9453125
154.0 4.859375
155.0 5.2578125
156.0 5.125
157.0 0.0
158.0 9.9609375
159.0 4.234375
160.0 3.59375
161.0 5.546875
162.0 5.734375
163.0 5.5546875
164.0 5.3125
165.0 5.4609375
166.0 5.1640625
167.0 5.0546875
168.0 4.515625
169.0 3.3125
170.0 0.3671875
171.0 9.6328125
172.0 4.84375
173.0 5.3671875
174.0 5.375
175.0 5.1875
176.0 2.09375
177.0 9.0703125
178.0 5.640625
179.0 5.5859375
180.0 5.578125
181.0 5.40625
182.0 5.2265625
183.0 5.46875
184.0 5.6953125
185.0 5.28125
186.0 5.0078125
187.0 2.7890625
188.0 7.5390625
189.0 5.2265625
190.0 5.53125
191.0 5.375
192.0 2.453125
193.0 0.4609375
194.0 0.0
195.0 8.4375
196.0 5.6640625
197.0 5.828125
198.0 4.0859375
199.0 3.7578125
200.0 4.2734375
201.0 4.84375
202.0 5.46875
203.0 4.625
204.0 3.96875
205.0 3.28125
206.0 3.203125
207.0 1.6484375
208.0 0.0
209.0 6.3828125
210.0 3.1484375
211.0 2.9296875
212.0 2.4453125
213.0 2.5703125
214.0 2.390625
215.0 0.4375
216.0 6.0859375
217.0 3.7265625
218.0 2.3984375
219.0 3.1796875
220.0 2.921875
221.0 2.0859375
222.0 2.328125
223.0 2.65625
224.0 4.0859375
225.0 2.9921875
226.0 3.7109375
227.0 4.8359375
228.0 2.9609375
229.0 7.2578125
230.0 5.3046875
231.0 5.234375
232.0 5.2890625
233.0 4.90625
234.0 5.6484375
235.0 5.7578125
236.0 5.9296875
237.0 5.7109375
238.0 4.8359375
239.0 4.9609375
240.0 5.546875
241.0 5.4296875
242.0 5.7578125
243.0 5.46875
244.0 5.1015625
245.0 4.3046875
246.0 3.875
247.0 0.8515625
248.0 5.3515625
249.0 1.796875
250.0 2.484375
251.0 3.6484375
252.0 4.484375
253.0 4.1796875
254.0 1.5234375
255.0 8.6171875
256.0 2.4296875
257.0 3.6171875
258.0 2.84375
259.0 3.0390625
260.0 4.625
261.0 5.140625
262.0 5.9140625
263.0 5.546875
264.0 6.5390625
265.0 5.640625
266.0 5.3046875
267.0 5.84375
268.0 5.8828125
269.0 5.1640625
270.0 5.3046875
271.0 3.2890625
272.0 7.390625
273.0 5.875
274.0 6.171875
275.0 6.078125
276.0 6.4453125
277.0 5.859375
278.0 5.7265625
279.0 5.9296875
280.0 5.9140625
281.0 5.875
282.0 5.6328125
283.0 5.1015625
284.0 5.140625
285.0 4.8125
286.0 4.953125
287.0 4.65625
288.0 0.765625
289.0 10.2578125
290.0 5.7890625
291.0 5.703125
292.0 5.9140625
293.0 5.84375
294.0 5.828125
295.0 5.6953125
296.0 5.84375
297.0 5.0859375
298.0 5.609375
299.0 5.859375
300.0 6.0
301.0 6.2890625
302.0 3.109375
303.0 8.734375
304.0 6.1796875
305.0 3.8203125
306.0 3.3125
307.0 5.28125
308.0 5.640625
309.0 5.3125
310.0 5.3828125
311.0 5.671875
312.0 5.7578125
313.0 6.0625
314.0 6.140625
315.0 5.9609375
316.0 2.6953125
317.0 9.75
318.0 6.03125
319.0 4.953125
320.0 2.8515625
321.0 5.90625
322.0 3.578125
323.0 4.8125
324.0 5.7890625
325.0 4.6875
326.0 3.6171875
327.0 4.75
328.0 5.140625
329.0 4.8046875
330.0 4.953125
331.0 3.4609375
332.0 2.1328125
333.0 1.8359375
334.0 3.0703125
335.0 0.9921875
336.0 1.8046875
337.0 0.734375
338.0 0.0
339.0 6.8828125
340.0 5.125
341.0 4.9765625
342.0 5.6953125
343.0 1.171875
344.0 9.046875
345.0 5.234375
346.0 5.0390625
347.0 5.609375
348.0 5.4296875
349.0 4.4296875
350.0 5.109375
351.0 5.9296875
352.0 5.859375
353.0 2.875
354.0 3.5
355.0 4.6953125
356.0 5.046875
357.0 3.7578125
358.0 1.5234375
359.0 0.0
360.0 0.0
361.0 5.3125
362.0 1.7890625
363.0 0.1796875
364.0 3.5546875
365.0 4.5703125
366.0 5.1953125
367.0 3.4609375
368.0 2.8125
369.0 2.4921875
370.0 2.7578125
371.0 3.875
372.0 2.609375
373.0 0.6171875
374.0 5.0859375
375.0 3.9453125
376.0 4.875
377.0 2.640625
378.0 2.34375
379.0 2.6953125
380.0 1.8984375
381.0 0.0
382.0 5.9609375
383.0 5.5546875
384.0 5.2265625
385.0 5.0234375
386.0 4.203125
387.0 5.125
388.0 5.3046875
389.0 3.34375
390.0 2.2421875
391.0 1.609375
392.0 1.375
393.0 1.2578125
394.0 0.734375
395.0 0.0
396.0 6.453125
397.0 3.265625
398.0 4.203125
399.0 3.015625
400.0 2.7578125
401.0 1.984375
402.0 1.3828125
403.0 0.0
404.0 0.0
405.0 6.7109375
406.0 2.28125
407.0 2.09375
408.0 3.4921875
409.0 3.078125
410.0 2.96875
411.0 2.7265625
412.0 2.7734375
413.0 4.0546875
414.0 3.1953125
415.0 3.1484375
416.0 3.859375
417.0 4.875
418.0 1.5625
419.0 0.0
420.0 8.1953125
421.0 4.6640625
422.0 1.3125
423.0 6.09375
424.0 5.5859375
425.0 4.3203125
426.0 3.6171875
427.0 5.1953125
428.0 4.53125
429.0 3.921875
430.0 4.5390625
431.0 5.3125
432.0 4.1171875
433.0 4.3984375
434.0 4.921875
435.0 5.109375
436.0 5.6015625
437.0 5.875
438.0 5.5234375
439.0 5.1015625
440.0 1.234375
441.0 5.234375
442.0 1.8515625
443.0 1.6875
444.0 3.0859375
445.0 2.984375
446.0 3.828125
447.0 3.34375
448.0 3.671875
449.0 0.875
450.0 7.7265625
451.0 5.6328125
452.0 5.3046875
453.0 5.375
454.0 5.734375
455.0 5.6640625
456.0 5.34375
457.0 4.6953125
458.0 4.125
459.0 4.5078125
460.0 5.4921875
461.0 5.2734375
462.0 5.890625
463.0 5.578125
464.0 5.6953125
465.0 5.546875
466.0 4.5390625
467.0 1.9765625
468.0 4.2109375
469.0 3.8046875
470.0 4.1328125
471.0 4.90625
472.0 5.375
473.0 5.6171875
474.0 4.7734375
475.0 4.8984375
476.0 3.9921875
477.0 0.8515625
478.0 6.4765625
479.0 2.375
480.0 2.59375
481.0 3.640625
482.0 2.8984375
483.0 4.03125
484.0 2.671875
485.0 2.4140625
486.0 3.2890625
487.0 3.25
488.0 2.4765625
489.0 2.671875
490.0 2.421875
491.0 0.0
492.0 6.6171875
493.0 2.7578125
494.0 3.171875
495.0 3.6953125
496.0 2.4609375
497.0 2.09375
498.0 0.0
499.0 5.6328125
500.0 2.265625
501.0 2.8515625
502.0 4.84375
503.0 3.9140625
504.0 2.625
505.0 0.84375
506.0 4.484375
507.0 3.6953125
508.0 0.0
509.0 5.015625
510.0 3.0546875
511.0 1.96875
512.0 2.3984375
513.0 2.71875
514.0 2.015625
515.0 2.1796875
516.0 2.1328125
517.0 2.28125
518.0 2.453125
519.0 2.65625
520.0 2.4296875
521.0 1.7890625
522.0 2.1328125
523.0 0.765625
524.0 4.59375
525.0 3.0546875
526.0 3.9921875
527.0 3.203125
528.0 3.0859375
529.0 2.875
530.0 4.625
531.0 3.3671875
532.0 3.1796875
533.0 4.296875
534.0 0.6875
535.0 6.5859375
536.0 3.4375
537.0 3.296875
538.0 4.1171875
539.0 4.6015625
540.0 3.671875
541.0 4.3671875
542.0 4.953125
543.0 4.6875
544.0 4.6484375
545.0 4.9453125
546.0 4.5703125
547.0 4.0546875
548.0 0.2578125
549.0 5.5234375
550.0 1.6171875
551.0 3.21875
552.0 4.4140625
553.0 3.8828125
554.0 3.015625
555.0 2.7265625
556.0 3.4453125
557.0 1.296875
558.0 1.2109375
559.0 3.3671875
560.0 3.0234375
561.0 0.3046875
562.0 6.2734375
563.0 3.734375
564.0 5.171875
565.0 4.515625
566.0 1.140625
567.0 7.84375
568.0 4.9296875
569.0 5.4296875
570.0 2.25
571.0 9.359375
572.0 5.6171875
573.0 5.546875
574.0 6.0078125
575.0 5.6328125
576.0 5.703125
577.0 5.7890625
578.0 4.6953125
579.0 3.53125
580.0 5.203125
581.0 5.375
582.0 5.375
583.0 1.3203125
584.0 9.8203125
585.0 5.484375
586.0 4.21875
587.0 4.90625
588.0 5.234375
589.0 5.28125
590.0 5.0390625
591.0 4.71875
592.0 5.515625
593.0 1.140625
594.0 9.3046875
595.0 3.53125
596.0 3.8515625
597.0 3.234375
598.0 0.9140625
599.0 8.234375
