0.0 1.3203125
1.0 2.03125
2.0 1.640625
3.0 1.8828125
4.0 1.2890625
5.0 2.8203125
6.0 2.578125
7.0 1.03125
8.0 0.0
9.0 0.0
10.0 0.0
11.0 5.78125
12.0 1.28125
13.0 1.7890625
14.0 1.7734375
15.0 1.8203125
16.0 1.421875
17.0 1.5390625
18.0 0.8203125
19.0 0.1640625
20.0 0.0
21.0 0.0
22.0 0.0
23.0 0.0
24.0 0.0
25.0 0.0
26.0 4.6796875
27.0 0.4375
28.0 0.5859375
29.0 0.6953125
30.0 0.4375
31.0 0.765625
32.0 2.28125
33.0 2.4765625
34.0 1.5625
35.0 3.34375
36.0 2.7890625
37.0 1.0546875
38.0 1.40625
39.0 0.7578125
40.0 0.8515625
41.0 1.1796875
42.0 0.75
43.0 0.2890625
44.0 0.0
45.0 0.0
46.0 4.9609375
47.0 3.5234375
48.0 2.1484375
49.0 0.71875
50.0 1.078125
51.0 1.1171875
52.0 0.9609375
53.0 1.265625
54.0 1.1171875
55.0 1.8046875
56.0 2.125
57.0 0.8046875
58.0 0.0
59.0 6.0234375
60.0 3.40625
61.0 3.671875
62.0 3.59375
63.0 4.9921875
64.0 3.671875
65.0 2.4140625
66.0 1.4453125
67.0 0.0
68.0 0.0
69.0 5.3828125
70.0 1.03125
71.0 0.0
72.0 0.0
73.0 0.6328125
74.0 0.734375
75.0 0.6953125
76.0 0.671875
77.0 0.6328125
78.0 0.7265625
79.0 0.8359375
80.0 0.75
81.0 0.6015625
82.0 0.6875
83.0 0.8203125
84.0 0.5546875
85.0 1.078125
86.0 1.0859375
87.0 0.765625
88.0 0.7890625
89.0 0.4609375
90.0 0.0
91.0 0.0
92.0 0.0
93.0 0.0
94.0 0.0
95.0 4.5703125
96.0 0.546875
97.0 0.7890625
98.0 1.5546875
99.0 2.3046875
100.0 1.5625
101.0 0.8046875
102.0 0.8359375
103.0 0.8984375
104.0 0.8359375
105.0 0.8828125
106.0 0.8125
107.0 0.8046875
108.0 0.875
109.0 0.0
110.0 0.0
111.0 0.0
112.0 0.0
113.0 5.9765625
114.0 1.609375
115.0 1.0859375
116.0 2.0390625
117.0 1.390625
118.0 1.28125
119.0 0.9140625
120.0 0.984375
121.0 0.8125
122.0 1.03125
123.0 3.1328125
124.0 1.0625
125.0 9.7890625
126.0 2.328125
127.0 9.5703125
128.0 5.171875
129.0 5.4609375
130.0 4.359375
131.0 4.8046875
132.0 5.7890625
133.0 6.4140625
134.0 7.0625
135.0 7.515625
136.0 7.546875
137.0 5.2578125
138.0 3.609375
139.0 0.0625
140.0 11.1328125
141.0 7.390625
142.0 7.1796875
143.0 5.8515625
144.0 2.390625
145.0 5.9375
146.0 0.8125
147.0 0.0
148.0 0.0
149.0 0.734375
150.0 5.15625
151.0 6.765625
152.0 6.6171875
153.0 6.828125
154.0 3.859375
155.0 1.1640625
156.0 1.5
157.0 3.5546875
158.0 3.53125
159.0 3.328125
160.0 4.0078125
161.0 4.3046875
162.0 6.3671875
163.0 7.6875
164.0 6.0859375
165.0 5.0703125
166.0 6.6171875
167.0 7.578125
168.0 7.71875
169.0 7.015625
170.0 6.9921875
171.0 4.71875
172.0 1.8046875
173.0 1.2578125
174.0 1.234375
175.0 1.5859375
176.0 2.2421875
177.0 0.484375
178.0 0.0
179.0 8.640625
180.0 2.625
181.0 2.7578125
182.0 1.5
183.0 1.6171875
184.0 0.3984375
185.0 0.0
186.0 0.0
187.0 0.0
188.0 4.7109375
189.0 0.9140625
190.0 1.6484375
191.0 3.1796875
192.0 2.75
193.0 3.0390625
194.0 3.4921875
195.0 2.7734375
196.0 2.875
197.0 1.1484375
198.0 0.9375
199.0 1.46875
200.0 2.390625
201.0 1.421875
202.0 0.8515625
203.0 0.0
204.0 0.0
205.0 5.4296875
206.0 3.4140625
207.0 1.953125
208.0 2.3046875
209.0 2.5390625
210.0 2.1953125
211.0 2.234375
212.0 2.3984375
213.0 2.234375
214.0 0.0
215.0 5.3515625
216.0 3.0546875
217.0 3.828125
218.0 2.4296875
219.0 1.3515625
220.0 1.3828125
221.0 0.8671875
222.0 0.765625
223.0 0.9921875
224.0 0.71875
225.0 0.5234375
226.0 0.5078125
227.0 0.7890625
228.0 0.84375
229.0 0.125
230.0 0.0
231.0 0.0
232.0 0.0
233.0 0.0
234.0 3.4609375
235.0 0.0
236.0 0.0
237.0 3.4609375
238.0 1.0546875
239.0 2.6328125
240.0 3.46875
241.0 1.734375
242.0 0.9140625
243.0 1.34375
244.0 1.9453125
245.0 2.4765625
246.0 3.765625
247.0 3.828125
248.0 3.0234375
249.0 1.0625
250.0 0.0
251.0 5.734375
252.0 3.40625
253.0 2.75
254.0 2.5625
255.0 3.015625
256.0 3.171875
257.0 0.6875
258.0 6.5546875
259.0 6.5546875
260.0 2.6953125
261.0 1.7109375
262.0 2.1328125
263.0 1.9375
264.0 0.7265625
265.0 0.0
266.0 3.7890625
267.0 1.7421875
268.0 0.3671875
269.0 2.6015625
270.0 3.703125
271.0 3.59375
272.0 4.1796875
273.0 3.859375
274.0 4.390625
275.0 3.6171875
276.0 3.703125
277.0 3.578125
278.0 3.0234375
279.0 0.2109375
280.0 7.6953125
281.0 3.59375
282.0 2.8515625
283.0 1.078125
284.0 4.421875
285.0 1.0859375
286.0 0.5546875
287.0 0.5390625
288.0 0.2265625
289.0 0.0
290.0 0.0
291.0 0.0
292.0 0.0
293.0 1.828125
294.0 2.015625
295.0 2.578125
296.0 2.0625
297.0 1.859375
298.0 2.0078125
299.0 0.0
300.0 4.0078125
301.0 2.015625
302.0 0.7890625
303.0 0.0
304.0 3.5
305.0 1.5234375
306.0 2.328125
307.0 2.875
308.0 2.0703125
309.0 0.96875
310.0 1.0
311.0 0.78125
312.0 0.609375
313.0 1.734375
314.0 3.296875
315.0 1.5234375
316.0 1.1640625
317.0 2.0859375
318.0 1.0
319.0 5.828125
320.0 4.5390625
321.0 4.25
322.0 3.765625
323.0 3.46875
324.0 3.8515625
325.0 6.7734375
326.0 7.3203125
327.0 4.3515625
328.0 4.28125
329.0 3.9140625
330.0 3.4296875
331.0 2.09375
332.0 2.8046875
333.0 2.96875
334.0 3.640625
335.0 3.546875
336.0 3.703125
337.0 3.9765625
338.0 0.0
339.0 5.3984375
340.0 0.6015625
341.0 1.7890625
342.0 1.671875
343.0 3.21875
344.0 1.46875
345.0 2.1953125
346.0 3.0
347.0 2.7421875
348.0 1.203125
349.0 1.015625
350.0 2.1953125
351.0 3.4375
352.0 1.703125
353.0 0.3125
354.0 0.0
355.0 0.0
356.0 5.3515625
357.0 4.3046875
358.0 3.640625
359.0 4.4765625
360.0 4.1015625
361.0 3.546875
362.0 7.90625
363.0 7.71875
364.0 8.171875
365.0 7.7578125
366.0 7.8515625
367.0 8.34375
368.0 7.9140625
369.0 7.875
370.0 7.9921875
371.0 7.8203125
372.0 6.234375
373.0 5.3203125
374.0 7.359375
375.0 6.2890625
376.0 7.7578125
377.0 5.0078125
378.0 7.28125
379.0 7.0703125
380.0 7.6015625
381.0 7.34375
382.0 7.1953125
383.0 7.28125
384.0 7.9140625
385.0 7.96875
386.0 6.9140625
387.0 7.40625
388.0 7.7578125
389.0 7.390625
390.0 3.921875
391.0 11.578125
392.0 8.0234375
393.0 7.875
394.0 8.1953125
395.0 7.8359375
396.0 7.453125
397.0 7.9375
398.0 8.296875
399.0 7.640625
400.0 7.6171875
401.0 7.8515625
402.0 7.6171875
403.0 7.6015625
404.0 5.8203125
405.0 6.765625
406.0 7.484375
407.0 7.640625
408.0 7.609375
409.0 7.453125
410.0 7.8359375
411.0 4.3046875
412.0 10.4140625
413.0 7.484375
414.0 6.71875
415.0 5.1328125
416.0 7.5390625
417.0 6.53125
418.0 6.9140625
419.0 7.8515625
420.0 7.4921875
421.0 7.375
422.0 7.046875
423.0 6.796875
424.0 4.1796875
425.0 0.9921875
426.0 8.1953125
427.0 7.3203125
428.0 7.7265625
429.0 6.9296875
430.0 6.5390625
431.0 5.890625
432.0 8.0625
433.0 7.2734375
434.0 7.1640625
435.0 7.0078125
436.0 7.40625
437.0 7.375
438.0 7.421875
439.0 7.2421875
440.0 7.6953125
441.0 7.671875
442.0 7.671875
443.0 7.3046875
444.0 3.0234375
445.0 11.6796875
446.0 7.046875
447.0 7.1328125
448.0 6.1796875
449.0 8.140625
450.0 5.6953125
451.0 5.28125
452.0 4.484375
453.0 5.796875
454.0 7.6015625
455.0 7.8125
456.0 7.421875
457.0 6.03125
458.0 5.609375
459.0 6.6640625
460.0 5.96875
461.0 7.40625
462.0 5.96875
463.0 6.7109375
464.0 7.21875
465.0 5.6953125
466.0 6.421875
467.0 6.2109375
468.0 5.90625
469.0 6.8046875
470.0 7.078125
471.0 6.0078125
472.0 7.046875
473.0 7.8125
474.0 7.40625
475.0 7.8671875
476.0 7.6015625
477.0 6.5546875
478.0 1.7734375
479.0 10.8203125
480.0 7.2265625
481.0 7.3125
482.0 7.1640625
483.0 4.65625
484.0 9.25
485.0 6.3828125
486.0 5.1640625
487.0 7.5078125
488.0 7.421875
489.0 7.2734375
490.0 7.90625
491.0 8.0625
492.0 7.5078125
493.0 7.671875
494.0 7.4375
495.0 6.5546875
496.0 3.0546875
497.0 0.3671875
498.0 8.59375
499.0 4.8046875
500.0 3.25
501.0 0.75
502.0 8.171875
503.0 7.1953125
504.0 6.359375
505.0 6.4453125
506.0 6.8984375
507.0 6.5078125
508.0 5.75
509.0 6.7421875
510.0 7.390625
511.0 7.140625
512.0 7.3359375
513.0 7.65625
514.0 6.0625
515.0 9.3984375
516.0 7.5234375
517.0 7.5859375
518.0 7.6953125
519.0 7.3359375
520.0 4.6015625
521.0 10.2265625
522.0 7.65625
523.0 8.234375
524.0 8.2109375
525.0 7.4296875
526.0 7.2265625
527.0 7.5703125
528.0 7.1875
529.0 7.359375
530.0 8.0859375
531.0 8.1640625
532.0 8.1328125
533.0 7.1328125
534.0 5.4296875
535.0 9.046875
536.0 7.8671875
537.0 7.6171875
538.0 4.4140625
539.0 5.0234375
540.0 6.7734375
541.0 6.9609375
542.0 7.3359375
543.0 6.6171875
544.0 7.0078125
545.0 7.765625
546.0 4.6640625
547.0 3.8203125
548.0 6.1875
549.0 6.6015625
550.0 5.96875
551.0 6.828125
552.0 6.9140625
553.0 7.8359375
554.0 5.3125
555.0 5.21875
556.0 8.1640625
557.0 3.5234375
558.0 7.375
559.0 6.8671875
560.0 6.4453125
561.0 6.484375
562.0 3.9375
563.0 6.15625
564.0 5.796875
565.0 5.9375
566.0 6.4453125
567.0 6.265625
568.0 6.3203125
569.0 3.4140625
570.0 4.8359375
571.0 5.609375
572.0 5.7578125
573.0 5.125
574.0 5.796875
575.0 6.1796875
576.0 4.15625
577.0 4.3984375
578.0 5.546875
579.0 5.75
580.0 4.7109375
581.0 6.359375
582.0 5.6328125
583.0 5.9765625
584.0 5.9453125
585.0 7.046875
586.0 7.2890625
587.0 7.140625
588.0 7.15625
589.0 5.90625
590.0 4.8125
591.0 2.65625
592.0 7.5234375
593.0 7.359375
594.0 6.125
595.0 6.8125
596.0 7.109375
597.0 7.4921875
598.0 6.203125
599.0 6.2109375
