0.0 6.921875
1.0 7.2734375
2.0 6.8125
3.0 6.6328125
4.0 2.671875
5.0 10.34375
6.0 6.5625
7.0 6.3515625
8.0 6.2734375
9.0 6.8125
10.0 6.1875
11.0 6.390625
12.0 6.1484375
13.0 6.109375
14.0 5.6953125
15.0 3.8515625
16.0 1.4375
17.0 4.9453125
18.0 3.96875
19.0 2.015625
20.0 2.609375
21.0 1.0234375
22.0 0.0
23.0 0.0
24.0 6.15625
25.0 2.6953125
26.0 2.265625
27.0 3.3671875
28.0 5.2265625
29.0 5.078125
30.0 4.203125
31.0 6.6640625
32.0 7.1015625
33.0 5.53125
34.0 5.3671875
35.0 6.3046875
36.0 5.765625
37.0 4.1328125
38.0 0.0
39.0 7.6640625
40.0 2.265625
41.0 2.2109375
42.0 3.0859375
43.0 0.6640625
44.0 5.6171875
45.0 5.3984375
46.0 4.4453125
47.0 6.5625
48.0 6.765625
49.0 6.2265625
50.0 6.7734375
51.0 5.8515625
52.0 6.46875
53.0 6.703125
54.0 6.9765625
55.0 6.140625
56.0 6.3671875
57.0 7.3984375
58.0 5.75
59.0 6.8046875
60.0 5.375
61.0 6.390625
62.0 5.515625
63.0 1.0234375
64.0 10.6953125
65.0 6.203125
66.0 6.2890625
67.0 6.4140625
68.0 6.3828125
69.0 6.2890625
70.0 6.359375
71.0 6.8671875
72.0 6.7421875
73.0 7.2421875
74.0 7.1796875
75.0 6.84375
76.0 6.9296875
77.0 7.1875
78.0 6.09375
79.0 5.2734375
80.0 5.84375
81.0 5.96875
82.0 4.2734375
83.0 0.09375
84.0 8.8828125
85.0 4.8359375
86.0 4.2734375
87.0 1.4453125
88.0 7.1953125
89.0 4.1015625
90.0 4.15625
91.0 4.90625
92.0 4.421875
93.0 4.796875
94.0 4.3984375
95.0 4.859375
96.0 5.0546875
97.0 6.4375
98.0 5.1953125
99.0 3.0234375
100.0 6.0234375
101.0 6.3203125
102.0 4.0078125
103.0 6.4453125
104.0 6.2578125
105.0 5.546875
106.0 6.109375
107.0 6.2265625
108.0 6.2109375
109.0 4.484375
110.0 5.890625
111.0 6.5859375
112.0 7.109375
113.0 8.046875
114.0 7.875
115.0 7.8125
116.0 4.484375
117.0 11.0859375
118.0 7.515625
119.0 7.03125
120.0 7.453125
121.0 7.2265625
122.0 8.2421875
123.0 7.6328125
124.0 7.546875
125.0 5.0859375
126.0 8.765625
127.0 5.125
128.0 6.0234375
129.0 7.5703125
130.0 6.9296875
131.0 7.421875
132.0 4.5078125
133.0 3.546875
134.0 4.296875
135.0 6.5703125
136.0 6.953125
137.0 6.9609375
138.0 6.9765625
139.0 5.484375
140.0 7.015625
141.0 7.8671875
142.0 5.53125
143.0 6.5390625
144.0 6.328125
145.0 4.359375
146.0 1.5703125
147.0 3.203125
148.0 5.8515625
149.0 5.5859375
150.0 6.03125
151.0 6.53125
152.0 6.9765625
153.0 6.953125
154.0 4.75
155.0 9.1796875
156.0 6.0390625
157.0 4.296875
158.0 5.53125
159.0 5.671875
160.0 6.484375
161.0 6.1796875
162.0 6.1875
163.0 6.09375
164.0 5.4609375
165.0 6.15625
166.0 6.6875
167.0 5.109375
168.0 6.1171875
169.0 5.40625
170.0 5.9375
171.0 5.7890625
172.0 5.6015625
173.0 5.53125
174.0 5.0078125
175.0 5.859375
176.0 4.4140625
177.0 5.140625
178.0 4.84375
179.0 4.65625
180.0 3.4453125
181.0 0.5546875
182.0 9.3671875
183.0 4.796875
184.0 3.53125
185.0 8.0859375
186.0 6.171875
187.0 6.625
188.0 5.6796875
189.0 2.3671875
190.0 6.2578125
191.0 6.2734375
192.0 5.796875
193.0 6.40625
194.0 6.59375
195.0 7.0703125
196.0 6.453125
197.0 5.203125
198.0 0.0078125
199.0 0.0
200.0 0.0
201.0 5.53125
202.0 2.4296875
203.0 5.234375
204.0 6.328125
205.0 6.1796875
206.0 6.125
207.0 6.0234375
208.0 5.3125
209.0 3.6171875
210.0 2.8125
211.0 5.9453125
212.0 5.375
213.0 9.6328125
214.0 5.671875
215.0 5.140625
216.0 5.640625
217.0 4.71875
218.0 6.0859375
219.0 5.34375
220.0 6.453125
221.0 6.0
222.0 4.875
223.0 4.1796875
224.0 5.8203125
225.0 5.203125
226.0 4.4296875
227.0 3.140625
228.0 3.40625
229.0 5.15625
230.0 2.78125
231.0 2.9609375
232.0 6.6484375
233.0 7.21875
234.0 6.8984375
235.0 7.109375
236.0 7.1015625
237.0 5.96875
238.0 4.890625
239.0 8.390625
240.0 5.8828125
241.0 4.90625
242.0 3.65625
243.0 2.328125
244.0 4.8359375
245.0 7.6953125
246.0 7.84375
247.0 7.3984375
248.0 4.6953125
249.0 9.1015625
250.0 7.3671875
251.0 6.5
252.0 4.6015625
253.0 3.7265625
254.0 2.71875
255.0 2.9921875
256.0 4.328125
257.0 4.5
258.0 5.7578125
259.0 5.5859375
260.0 4.8359375
261.0 4.8671875
262.0 5.5625
263.0 4.9609375
264.0 5.734375
265.0 2.1484375
266.0 0.0
267.0 7.5859375
268.0 6.7734375
269.0 4.875
270.0 5.3515625
271.0 6.0
272.0 5.2734375
273.0 4.7734375
274.0 4.5390625
275.0 3.4140625
276.0 1.4140625
277.0 1.375
278.0 4.15625
279.0 6.6171875
280.0 8.046875
281.0 7.8828125
282.0 8.1796875
283.0 3.5625
284.0 8.09375
285.0 4.25
286.0 3.25
287.0 8.9453125
288.0 5.3359375
289.0 6.328125
290.0 6.9140625
291.0 6.125
292.0 4.984375
293.0 5.0703125
294.0 5.4609375
295.0 4.453125
296.0 4.28125
297.0 6.953125
298.0 7.078125
299.0 6.7421875
300.0 6.453125
301.0 4.0859375
302.0 9.8359375
303.0 5.5
304.0 6.65625
305.0 6.140625
306.0 6.59375
307.0 5.640625
308.0 7.1875
309.0 6.453125
310.0 5.203125
311.0 5.2265625
312.0 1.953125
313.0 1.0234375
314.0 0.9296875
315.0 0.640625
316.0 0.5078125
317.0 1.5234375
318.0 2.1640625
319.0 4.6484375
320.0 4.1796875
321.0 7.484375
322.0 5.125
323.0 4.7734375
324.0 6.1171875
325.0 5.7265625
326.0 4.6484375
327.0 6.2890625
328.0 5.6328125
329.0 4.453125
330.0 5.6953125
331.0 6.0390625
332.0 5.84375
333.0 6.203125
334.0 6.6875
335.0 7.1640625
336.0 6.484375
337.0 1.2265625
338.0 8.671875
339.0 6.46875
340.0 6.140625
341.0 3.3671875
342.0 1.2421875
343.0 0.03125
344.0 0.0
345.0 5.1328125
346.0 1.65625
347.0 1.4375
348.0 1.8515625
349.0 2.4140625
350.0 1.1640625
351.0 1.6171875
352.0 0.9296875
353.0 0.65625
354.0 1.0546875
355.0 1.8984375
356.0 4.4453125
357.0 6.5546875
358.0 6.8984375
359.0 2.0859375
360.0 11.6015625
361.0 6.65625
362.0 7.3671875
363.0 7.5703125
364.0 6.9453125
365.0 1.5390625
366.0 9.9296875
367.0 4.9609375
368.0 3.1328125
369.0 6.2578125
370.0 4.203125
371.0 5.546875
372.0 6.59375
373.0 5.9453125
374.0 5.1015625
375.0 3.9765625
376.0 6.09375
377.0 4.46875
378.0 3.7265625
379.0 5.8125
380.0 5.515625
381.0 8.296875
382.0 5.9140625
383.0 7.0625
384.0 6.296875
385.0 6.2421875
386.0 2.296875
387.0 9.71875
388.0 6.515625
389.0 6.5390625
390.0 5.671875
391.0 6.3515625
392.0 6.3671875
393.0 6.703125
394.0 6.953125
395.0 5.703125
396.0 5.5859375
397.0 5.0546875
398.0 1.4140625
399.0 10.1015625
400.0 4.15625
401.0 4.8125
402.0 1.046875
403.0 4.515625
404.0 6.2421875
405.0 5.375
406.0 4.8671875
407.0 3.109375
408.0 4.3359375
409.0 3.6484375
410.0 2.25
411.0 5.2734375
412.0 1.671875
413.0 2.28125
414.0 2.7734375
415.0 5.7578125
416.0 2.8203125
417.0 1.03125
418.0 5.1640625
419.0 5.765625
420.0 3.25
421.0 2.046875
422.0 4.3671875
423.0 3.546875
424.0 4.265625
425.0 4.7109375
426.0 4.859375
427.0 4.7421875
428.0 4.5625
429.0 4.171875
430.0 4.859375
431.0 5.4296875
432.0 4.90625
433.0 5.34375
434.0 3.6171875
435.0 4.984375
436.0 5.3515625
437.0 0.0
438.0 8.3828125
439.0 4.7265625
440.0 2.609375
441.0 5.859375
442.0 3.4453125
443.0 3.8203125
444.0 3.1796875
445.0 6.765625
446.0 1.1171875
447.0 5.078125
448.0 4.3515625
449.0 2.046875
450.0 1.2890625
451.0 4.8984375
452.0 3.265625
453.0 1.859375
454.0 1.6171875
455.0 3.1171875
456.0 3.0546875
457.0 5.3671875
458.0 3.25
459.0 4.1484375
460.0 5.0703125
461.0 4.8359375
462.0 5.5859375
463.0 5.734375
464.0 5.6171875
465.0 5.3203125
466.0 6.2109375
467.0 6.1875
468.0 6.5078125
469.0 5.671875
470.0 3.953125
471.0 6.8671875
472.0 5.7890625
473.0 5.3203125
474.0 4.0390625
475.0 0.9140625
476.0 9.0703125
477.0 4.75
478.0 5.28125
479.0 3.90625
480.0 5.6015625
481.0 5.078125
482.0 5.3203125
483.0 4.0859375
484.0 2.453125
485.0 2.6328125
486.0 2.8359375
487.0 0.703125
488.0 0.0
489.0 0.0
490.0 6.8671875
491.0 0.671875
492.0 2.0703125
493.0 2.7734375
494.0 2.546875
495.0 1.0
496.0 0.7890625
497.0 1.46875
498.0 2.328125
499.0 4.25
500.0 6.078125
501.0 2.3671875
502.0 10.3828125
503.0 5.9765625
504.0 5.546875
505.0 6.5
506.0 6.6640625
507.0 6.65625
508.0 6.359375
509.0 6.484375
510.0 6.5859375
511.0 6.1875
512.0 7.1015625
513.0 5.1015625
514.0 4.6328125
515.0 6.15625
516.0 6.5703125
517.0 6.890625
518.0 4.828125
519.0 5.078125
520.0 5.6171875
521.0 4.28125
522.0 5.421875
523.0 6.1171875
524.0 4.78125
525.0 6.2734375
526.0 5.578125
527.0 4.8359375
528.0 1.28125
529.0 11.6484375
530.0 5.3125
531.0 7.359375
532.0 6.6328125
533.0 6.921875
534.0 6.703125
535.0 6.9609375
536.0 6.6328125
537.0 5.5
538.0 6.453125
539.0 6.359375
540.0 5.9453125
541.0 6.3671875
542.0 6.9140625
543.0 6.484375
544.0 6.65625
545.0 2.8046875
546.0 0.46875
547.0 0.0
548.0 6.7734375
549.0 3.0546875
550.0 5.609375
551.0 5.7265625
552.0 6.2109375
553.0 3.8828125
554.0 8.0625
555.0 5.375
556.0 5.90625
557.0 6.1796875
558.0 5.546875
559.0 3.1171875
560.0 4.0546875
561.0 8.234375
562.0 5.6640625
563.0 5.5625
564.0 5.3046875
565.0 5.4375
566.0 6.03125
567.0 5.3984375
568.0 6.2578125
569.0 6.15625
570.0 5.2734375
571.0 5.9609375
572.0 6.5078125
573.0 6.796875
574.0 4.25
575.0 8.6796875
576.0 3.3125
577.0 3.3828125
578.0 2.7421875
579.0 0.5546875
580.0 8.0
581.0 4.65625
582.0 5.7578125
583.0 5.421875
584.0 6.2421875
585.0 5.7890625
586.0 5.9921875
587.0 3.6796875
588.0 5.796875
589.0 6.2734375
590.0 6.515625
591.0 6.9296875
592.0 4.65625
593.0 8.734375
594.0 6.453125
595.0 7.2890625
596.0 7.15625
597.0 7.0703125
598.0 2.8125
599.0 12.125
