0.0 5.859375
1.0 6.0625
2.0 6.03125
3.0 6.2421875
4.0 5.609375
5.0 7.4921875
6.0 6.40625
7.0 6.921875
8.0 6.53125
9.0 6.828125
10.0 6.453125
11.0 6.53125
12.0 6.3515625
13.0 6.5703125
14.0 6.3359375
15.0 6.2109375
16.0 6.3203125
17.0 6.0625
18.0 2.578125
19.0 10.8203125
20.0 5.15625
21.0 4.546875
22.0 6.7109375
23.0 6.40625
24.0 6.2890625
25.0 6.4453125
26.0 6.484375
27.0 6.46875
28.0 5.3203125
29.0 7.546875
30.0 5.8125
31.0 6.9140625
32.0 5.7578125
33.0 6.7109375
34.0 6.6328125
35.0 7.0625
36.0 6.9609375
37.0 5.96875
38.0 5.6328125
39.0 5.9765625
40.0 5.9765625
41.0 5.703125
42.0 6.5390625
43.0 2.8515625
44.0 10.1796875
45.0 6.4140625
46.0 6.203125
47.0 3.640625
48.0 9.3359375
49.0 6.984375
50.0 5.796875
51.0 7.4375
52.0 6.9453125
53.0 6.9609375
54.0 6.515625
55.0 5.7890625
56.0 5.96875
57.0 6.125
58.0 2.5625
59.0 10.2890625
60.0 6.8828125
61.0 3.171875
62.0 9.6953125
63.0 6.515625
64.0 5.3515625
65.0 5.4609375
66.0 4.921875
67.0 4.6953125
68.0 5.1640625
69.0 5.96875
70.0 5.2265625
71.0 5.3671875
72.0 5.890625
73.0 5.578125
74.0 6.078125
75.0 6.8671875
76.0 6.140625
77.0 6.4140625
78.0 6.421875
79.0 5.0234375
80.0 7.34375
81.0 7.1875
82.0 6.953125
83.0 6.6484375
84.0 2.4609375
85.0 10.921875
86.0 6.8359375
87.0 5.96875
88.0 6.328125
89.0 6.4140625
90.0 6.484375
91.0 6.203125
92.0 5.90625
93.0 2.6328125
94.0 8.296875
95.0 5.578125
96.0 5.609375
97.0 6.109375
98.0 6.265625
99.0 6.078125
100.0 5.7109375
101.0 6.9140625
102.0 6.6640625
103.0 6.6796875
104.0 6.40625
105.0 6.5390625
106.0 6.5625
107.0 6.3203125
108.0 3.921875
109.0 3.5625
110.0 4.125
111.0 3.3203125
112.0 3.3203125
113.0 1.96875
114.0 1.953125
115.0 6.15625
116.0 3.640625
117.0 3.4140625
118.0 3.3515625
119.0 3.703125
120.0 2.578125
121.0 0.0
122.0 8.234375
123.0 3.3828125
124.0 3.5234375
125.0 5.15625
126.0 6.3515625
127.0 6.78125
128.0 6.4140625
129.0 6.6484375
130.0 6.484375
131.0 6.78125
132.0 6.2421875
133.0 3.671875
134.0 6.2265625
135.0 4.84375
136.0 6.2578125
137.0 5.84375
138.0 4.9765625
139.0 4.84375
140.0 1.5
141.0 8.859375
142.0 6.1484375
143.0 5.9375
144.0 6.5859375
145.0 6.46875
146.0 6.3515625
147.0 5.8203125
148.0 6.2890625
149.0 6.6171875
150.0 6.5078125
151.0 6.984375
152.0 5.9609375
153.0 7.2265625
154.0 6.71875
155.0 6.8671875
156.0 6.46875
157.0 6.2734375
158.0 6.75
159.0 6.4453125
160.0 6.125
161.0 6.265625
162.0 6.4765625
163.0 6.484375
164.0 6.46875
165.0 6.296875
166.0 5.796875
167.0 7.359375
168.0 6.421875
169.0 6.7734375
170.0 6.4765625
171.0 5.609375
172.0 7.6171875
173.0 6.109375
174.0 6.59375
175.0 4.84375
176.0 4.390625
177.0 5.6484375
178.0 5.5625
179.0 6.390625
180.0 6.1484375
181.0 6.2109375
182.0 5.859375
183.0 6.296875
184.0 6.84375
185.0 2.7265625
186.0 10.765625
187.0 6.2109375
188.0 6.5
189.0 6.828125
190.0 6.5
191.0 6.0859375
192.0 6.125
193.0 4.453125
194.0 6.2109375
195.0 5.78125
196.0 6.2421875
197.0 6.6171875
198.0 6.828125
199.0 6.3515625
200.0 6.0390625
201.0 6.0625
202.0 6.5078125
203.0 5.421875
204.0 8.8203125
205.0 6.4453125
206.0 3.921875
207.0 6.8359375
208.0 6.234375
209.0 5.53125
210.0 6.71875
211.0 6.3515625
212.0 5.796875
213.0 5.796875
214.0 5.125
215.0 4.796875
216.0 5.3359375
217.0 5.5
218.0 5.46875
219.0 5.1875
220.0 1.171875
221.0 9.8515625
222.0 3.953125
223.0 7.34375
224.0 6.0234375
225.0 6.2109375
226.0 5.3046875
227.0 6.3515625
228.0 6.296875
229.0 6.421875
230.0 5.9609375
231.0 4.6015625
232.0 6.9453125
233.0 6.6640625
234.0 6.484375
235.0 5.828125
236.0 5.4296875
237.0 5.765625
238.0 5.1328125
239.0 7.46875
240.0 6.6875
241.0 5.7578125
242.0 5.8828125
243.0 4.90625
244.0 5.078125
245.0 6.46875
246.0 6.9296875
247.0 6.8359375
248.0 6.84375
249.0 6.921875
250.0 6.71875
251.0 6.53125
252.0 3.2578125
253.0 8.296875
254.0 6.5703125
255.0 5.546875
256.0 5.75
257.0 6.4453125
258.0 4.0859375
259.0 7.2265625
260.0 6.234375
261.0 6.71875
262.0 6.78125
263.0 7.09375
264.0 6.859375
265.0 6.5625
266.0 7.4375
267.0 7.3046875
268.0 6.859375
269.0 7.3359375
270.0 7.1796875
271.0 6.8125
272.0 6.0078125
273.0 0.9453125
274.0 9.9296875
275.0 6.7734375
276.0 5.7578125
277.0 6.6171875
278.0 6.078125
279.0 6.9140625
280.0 6.9140625
281.0 6.9453125
282.0 6.8671875
283.0 7.09375
284.0 6.75
285.0 4.265625
286.0 0.578125
287.0 0.65625
288.0 1.828125
289.0 3.5234375
290.0 1.65625
291.0 0.2890625
292.0 8.078125
293.0 3.0
294.0 0.4296875
295.0 6.140625
296.0 3.25
297.0 2.2734375
298.0 1.953125
299.0 2.1640625
300.0 2.3125
301.0 0.90625
302.0 0.5078125
303.0 0.5703125
304.0 0.578125
305.0 0.8046875
306.0 1.1328125
307.0 1.265625
308.0 0.0625
309.0 0.0
310.0 0.0
311.0 5.3203125
312.0 0.703125
313.0 0.75
314.0 0.7890625
315.0 0.78125
316.0 1.71875
317.0 3.4609375
318.0 4.125
319.0 7.1328125
320.0 6.3671875
321.0 4.859375
322.0 0.03125
323.0 9.5390625
324.0 3.2578125
325.0 1.34375
326.0 0.3984375
327.0 1.0625
328.0 2.421875
329.0 1.5234375
330.0 10.375
331.0 6.3359375
332.0 5.453125
333.0 5.015625
334.0 6.0859375
335.0 6.296875
336.0 6.421875
337.0 5.125
338.0 5.890625
339.0 3.40625
340.0 3.5546875
341.0 3.5625
342.0 5.4921875
343.0 6.3828125
344.0 6.453125
345.0 3.953125
346.0 1.4375
347.0 0.0
348.0 10.25
349.0 5.75
350.0 5.203125
351.0 7.2421875
352.0 6.1484375
353.0 6.3203125
354.0 5.203125
355.0 8.1640625
356.0 6.328125
357.0 6.6484375
358.0 6.7734375
359.0 6.5859375
360.0 5.4609375
361.0 6.78125
362.0 6.1796875
363.0 6.203125
364.0 5.9296875
365.0 5.609375
366.0 5.3125
367.0 6.6328125
368.0 6.265625
369.0 6.5703125
370.0 5.9609375
371.0 5.4375
372.0 6.40625
373.0 6.4453125
374.0 5.9453125
375.0 6.8359375
376.0 5.015625
377.0 6.8671875
378.0 5.8125
379.0 4.8046875
380.0 4.28125
381.0 6.140625
382.0 6.46875
383.0 7.015625
384.0 5.9140625
385.0 5.8125
386.0 6.3359375
387.0 6.5859375
388.0 5.875
389.0 5.8515625
390.0 5.6953125
391.0 1.6796875
392.0 7.546875
393.0 5.1015625
394.0 6.0234375
395.0 5.9921875
396.0 5.375
397.0 4.0703125
398.0 6.5390625
399.0 5.75
400.0 5.9921875
401.0 5.765625
402.0 5.453125
403.0 5.0078125
404.0 5.890625
405.0 5.5859375
406.0 6.234375
407.0 5.34375
408.0 5.546875
409.0 5.4375
410.0 6.0859375
411.0 5.96875
412.0 7.1328125
413.0 6.0390625
414.0 4.421875
415.0 7.3671875
416.0 7.0625
417.0 5.8125
418.0 5.3828125
419.0 5.2578125
420.0 2.9296875
421.0 7.96875
422.0 4.21875
423.0 1.8515625
424.0 1.7109375
425.0 4.296875
426.0 6.296875
427.0 4.0234375
428.0 4.0078125
429.0 6.2421875
430.0 6.328125
431.0 5.0234375
432.0 3.203125
433.0 4.953125
434.0 6.703125
435.0 6.6640625
436.0 6.859375
437.0 6.515625
438.0 6.328125
439.0 6.0390625
440.0 6.4140625
441.0 5.6640625
442.0 4.90625
443.0 6.2890625
444.0 1.0625
445.0 6.2890625
446.0 4.46875
447.0 5.203125
448.0 5.0546875
449.0 4.7578125
450.0 4.5625
451.0 5.046875
452.0 5.375
453.0 5.0703125
454.0 5.3125
455.0 5.3671875
456.0 4.6484375
457.0 4.5390625
458.0 2.15625
459.0 0.0
460.0 8.6875
461.0 4.796875
462.0 5.7578125
463.0 5.0234375
464.0 0.375
465.0 8.9765625
466.0 3.3203125
467.0 3.5
468.0 4.0078125
469.0 4.6015625
470.0 4.390625
471.0 4.59375
472.0 4.3671875
473.0 4.6484375
474.0 3.3984375
475.0 3.796875
476.0 3.5625
477.0 4.75
478.0 3.2265625
479.0 4.7265625
480.0 4.71875
481.0 3.953125
482.0 0.1953125
483.0 4.5078125
484.0 3.3515625
485.0 4.0390625
486.0 4.3046875
487.0 4.09375
488.0 4.0078125
489.0 4.84375
490.0 4.0234375
491.0 4.484375
492.0 4.1015625
493.0 3.5625
494.0 4.828125
495.0 4.7578125
496.0 2.390625
497.0 6.5390625
498.0 3.953125
499.0 4.4765625
500.0 4.1171875
501.0 4.6015625
502.0 4.0546875
503.0 2.890625
504.0 5.2265625
505.0 3.765625
506.0 4.2734375
507.0 4.359375
508.0 3.7890625
509.0 4.7109375
510.0 4.7734375
511.0 5.1875
512.0 4.78125
513.0 4.171875
514.0 1.109375
515.0 7.09375
516.0 5.578125
517.0 0.578125
518.0 0.1328125
519.0 0.1796875
520.0 0.4609375
521.0 0.4921875
522.0 4.7578125
523.0 3.1953125
524.0 0.3984375
525.0 0.6171875
526.0 0.6328125
527.0 0.484375
528.0 0.2109375
529.0 0.15625
530.0 1.1640625
531.0 0.5078125
532.0 0.4375
533.0 0.4375
534.0 0.6953125
535.0 0.6875
536.0 0.4921875
537.0 1.421875
538.0 0.2890625
539.0 0.09375
540.0 2.0390625
541.0 0.25
542.0 7.09375
543.0 0.765625
544.0 0.0
545.0 3.1171875
546.0 5.2890625
547.0 0.5703125
548.0 1.0
549.0 2.3984375
550.0 5.1953125
551.0 0.9921875
552.0 0.0
553.0 1.765625
554.0 0.125
555.0 0.7265625
556.0 1.796875
557.0 7.5078125
558.0 5.25
559.0 5.578125
560.0 2.9921875
561.0 2.71875
562.0 0.0
563.0 7.0390625
564.0 3.5859375
565.0 2.296875
566.0 3.1640625
567.0 4.0546875
568.0 4.0078125
569.0 0.546875
570.0 0.0
571.0 6.0859375
572.0 0.1015625
573.0 0.109375
574.0 0.0
575.0 0.0
576.0 0.0
577.0 0.0625
578.0 0.2734375
579.0 0.1015625
580.0 0.7265625
581.0 0.5390625
582.0 0.21875
583.0 0.6171875
584.0 2.34375
585.0 3.3515625
586.0 2.25
587.0 0.2109375
588.0 0.1328125
589.0 2.484375
590.0 1.953125
591.0 0.71875
592.0 0.078125
593.0 1.078125
594.0 0.75
595.0 0.3984375
596.0 1.03125
597.0 1.53125
598.0 1.171875
599.0 0.1875
