0.0 2.5390625
1.0 3.1796875
2.0 2.1796875
3.0 2.0703125
4.0 2.75
5.0 2.625
6.0 1.5234375
7.0 2.9921875
8.0 0.09375
9.0 4.8359375
10.0 1.0
11.0 2.046875
12.0 5.1015625
13.0 4.03125
14.0 4.7109375
15.0 1.5078125
16.0 7.75
17.0 4.125
18.0 4.5390625
19.0 5.203125
20.0 5.4609375
21.0 5.8828125
22.0 5.765625
23.0 5.9296875
24.0 4.71875
25.0 4.28125
26.0 3.9453125
27.0 4.1875
28.0 4.296875
29.0 0.1796875
30.0 7.6953125
31.0 2.359375
32.0 4.390625
33.0 5.125
34.0 1.1953125
35.0 8.2734375
36.0 4.8984375
37.0 5.375
38.0 5.75
39.0 5.640625
40.0 5.125
41.0 5.0546875
42.0 5.578125
43.0 5.84375
44.0 4.9296875
45.0 1.8515625
46.0 8.1484375
47.0 5.1640625
48.0 5.3984375
49.0 4.3359375
50.0 4.84375
51.0 5.6328125
52.0 5.5859375
53.0 5.6328125
54.0 4.9453125
55.0 5.9609375
56.0 5.7109375
57.0 4.3515625
58.0 0.8203125
59.0 6.4453125
60.0 4.296875
61.0 3.7734375
62.0 4.7109375
63.0 4.515625
64.0 4.1015625
65.0 0.8046875
66.0 7.609375
67.0 4.8984375
68.0 4.4296875
69.0 3.8515625
70.0 4.421875
71.0 5.6796875
72.0 4.953125
73.0 4.5625
74.0 3.4296875
75.0 2.8046875
76.0 0.0
77.0 5.734375
78.0 3.4375
79.0 4.1875
80.0 4.4453125
81.0 4.1875
82.0 4.9609375
83.0 4.5703125
84.0 4.1796875
85.0 4.0390625
86.0 3.6953125
87.0 2.015625
88.0 2.0078125
89.0 2.2421875
90.0 2.515625
91.0 4.4765625
92.0 4.609375
93.0 5.0546875
94.0 5.578125
95.0 5.25
96.0 6.359375
97.0 5.6640625
98.0 4.8671875
99.0 5.5859375
100.0 2.4609375
101.0 9.4609375
102.0 5.6015625
103.0 4.1171875
104.0 7.78125
105.0 5.2265625
106.0 5.21875
107.0 4.8984375
108.0 5.078125
109.0 4.65625
110.0 5.25
111.0 3.5859375
112.0 4.78125
113.0 5.8828125
114.0 5.8203125
115.0 5.546875
116.0 5.2265625
117.0 5.234375
118.0 4.8046875
119.0 4.515625
120.0 4.7265625
121.0 5.015625
122.0 3.96875
123.0 3.8828125
124.0 5.1640625
125.0 5.3359375
126.0 1.390625
127.0 8.71875
128.0 5.6484375
129.0 5.84375
130.0 5.828125
131.0 5.6015625
132.0 4.421875
133.0 5.5234375
134.0 5.5546875
135.0 5.0703125
136.0 5.578125
137.0 5.828125
138.0 5.453125
139.0 5.2578125
140.0 5.6171875
141.0 5.8828125
142.0 5.5625
143.0 4.984375
144.0 0.96875
145.0 9.5234375
146.0 5.5625
147.0 5.2890625
148.0 4.5390625
149.0 3.109375
150.0 3.015625
151.0 3.859375
152.0 4.859375
153.0 4.9296875
154.0 4.0625
155.0 0.0
156.0 7.8125
157.0 1.953125
158.0 2.09375
159.0 4.921875
160.0 4.1328125
161.0 1.1796875
162.0 8.078125
163.0 5.46875
164.0 4.2421875
165.0 6.0859375
166.0 6.1875
167.0 5.9296875
168.0 5.609375
169.0 5.1640625
170.0 5.796875
171.0 5.859375
172.0 5.6015625
173.0 5.640625
174.0 5.0234375
175.0 5.6796875
176.0 5.1953125
177.0 5.3828125
178.0 4.0859375
179.0 0.0
180.0 9.4609375
181.0 5.0546875
182.0 4.3203125
183.0 3.25
184.0 3.515625
185.0 3.2265625
186.0 3.1953125
187.0 4.1796875
188.0 4.78125
189.0 5.9375
190.0 5.3984375
191.0 1.40625
192.0 9.21875
193.0 5.0078125
194.0 4.0
195.0 4.59375
196.0 2.578125
197.0 6.0859375
198.0 0.03125
199.0 8.328125
200.0 5.640625
201.0 4.9765625
202.0 5.765625
203.0 5.4296875
204.0 4.0546875
205.0 3.953125
206.0 5.078125
207.0 5.671875
208.0 5.3828125
209.0 4.9921875
210.0 5.125
211.0 5.515625
212.0 4.8046875
213.0 5.3515625
214.0 5.546875
215.0 5.1875
216.0 5.0859375
217.0 4.2421875
218.0 0.96875
219.0 7.3046875
220.0 5.421875
221.0 5.171875
222.0 5.6484375
223.0 5.203125
224.0 5.2890625
225.0 5.734375
226.0 4.8671875
227.0 4.21875
228.0 3.1328125
229.0 4.1875
230.0 3.90625
231.0 4.0703125
232.0 4.3203125
233.0 4.0
234.0 0.0
235.0 7.1875
236.0 0.734375
237.0 1.234375
238.0 1.953125
239.0 4.1328125
240.0 4.71875
241.0 3.9453125
242.0 4.03125
243.0 0.546875
244.0 7.40625
245.0 4.53125
246.0 3.3125
247.0 4.1484375
248.0 4.7109375
249.0 2.0390625
250.0 8.046875
251.0 4.1796875
252.0 3.53125
253.0 4.7578125
254.0 3.84375
255.0 4.453125
256.0 5.0859375
257.0 4.3359375
258.0 3.640625
259.0 4.9453125
260.0 4.9921875
261.0 4.8359375
262.0 5.75
263.0 4.6953125
264.0 2.4140625
265.0 4.8984375
266.0 5.7109375
267.0 5.734375
268.0 5.640625
269.0 4.59375
270.0 0.0
271.0 7.3984375
272.0 3.890625
273.0 5.0234375
274.0 4.9765625
275.0 4.515625
276.0 4.8671875
277.0 5.1953125
278.0 1.4609375
279.0 8.625
280.0 4.9453125
281.0 4.4296875
282.0 1.9765625
283.0 5.3125
284.0 3.21875
285.0 2.359375
286.0 2.1484375
287.0 3.296875
288.0 3.1640625
289.0 3.4140625
290.0 3.140625
291.0 3.328125
292.0 4.0
293.0 3.578125
294.0 3.078125
295.0 1.0546875
296.0 0.0
297.0 0.0
298.0 6.0390625
299.0 2.4609375
300.0 1.2890625
301.0 2.0859375
302.0 2.875
303.0 3.828125
304.0 2.984375
305.0 5.078125
306.0 5.3828125
307.0 5.3046875
308.0 4.3984375
309.0 5.34375
310.0 6.140625
311.0 5.3515625
312.0 5.234375
313.0 5.2734375
314.0 3.84375
315.0 3.1484375
316.0 4.2421875
317.0 4.984375
318.0 5.1640625
319.0 4.0859375
320.0 3.8828125
321.0 4.28125
322.0 3.46875
323.0 3.609375
324.0 4.0234375
325.0 3.5625
326.0 0.0
327.0 5.90625
328.0 0.4609375
329.0 4.0078125
330.0 4.1484375
331.0 5.6328125
332.0 6.0078125
333.0 5.734375
334.0 4.9921875
335.0 6.0
336.0 5.828125
337.0 5.6640625
338.0 5.2734375
339.0 5.3671875
340.0 5.25
341.0 4.09375
342.0 5.78125
343.0 5.171875
344.0 5.046875
345.0 2.21875
346.0 4.2421875
347.0 1.4921875
348.0 6.0078125
349.0 5.234375
350.0 5.3125
351.0 4.6484375
352.0 4.890625
353.0 5.4375
354.0 5.3203125
355.0 5.2734375
356.0 5.3671875
357.0 4.9609375
358.0 4.6328125
359.0 4.1484375
360.0 5.28125
361.0 5.046875
362.0 6.296875
363.0 4.65625
364.0 4.609375
365.0 0.484375
366.0 7.3671875
367.0 4.1875
368.0 5.2265625
369.0 4.625
370.0 5.453125
371.0 5.734375
372.0 5.5859375
373.0 3.703125
374.0 4.3671875
375.0 6.1875
376.0 5.453125
377.0 5.3515625
378.0 5.7578125
379.0 5.3671875
380.0 3.109375
381.0 3.171875
382.0 5.109375
383.0 5.703125
384.0 5.75
385.0 5.7109375
386.0 5.7109375
387.0 5.90625
388.0 6.0
389.0 5.4296875
390.0 2.015625
391.0 9.15625
392.0 4.9921875
393.0 3.578125
394.0 6.9453125
395.0 5.5234375
396.0 4.9296875
397.0 4.0
398.0 3.5859375
399.0 3.296875
400.0 0.421875
401.0 4.7265625
402.0 1.4375
403.0 3.015625
404.0 4.7421875
405.0 3.5234375
406.0 3.1328125
407.0 4.609375
408.0 3.3515625
409.0 3.265625
410.0 4.625
411.0 3.4921875
412.0 0.0
413.0 5.5625
414.0 7.3203125
415.0 4.6328125
416.0 5.703125
417.0 4.21875
418.0 5.34375
419.0 5.6640625
420.0 5.7109375
421.0 5.46875
422.0 5.2265625
423.0 3.7734375
424.0 1.953125
425.0 1.1953125
426.0 2.3125
427.0 5.421875
428.0 5.7890625
429.0 5.671875
430.0 5.5625
431.0 5.5234375
432.0 5.4375
433.0 5.1953125
434.0 4.171875
435.0 5.640625
436.0 4.328125
437.0 4.3671875
438.0 6.265625
439.0 5.640625
440.0 5.9609375
441.0 6.0625
442.0 5.796875
443.0 6.0078125
444.0 5.796875
445.0 5.734375
446.0 6.0234375
447.0 5.9765625
448.0 5.90625
449.0 6.0390625
450.0 5.8125
451.0 5.515625
452.0 6.203125
453.0 5.7109375
454.0 4.953125
455.0 5.6953125
456.0 5.765625
457.0 5.7265625
458.0 5.25
459.0 5.828125
460.0 5.9765625
461.0 5.9921875
462.0 6.0625
463.0 5.828125
464.0 5.3203125
465.0 4.8359375
466.0 5.5859375
467.0 5.1015625
468.0 5.7578125
469.0 6.140625
470.0 6.1796875
471.0 5.9140625
472.0 5.375
473.0 5.7109375
474.0 5.3984375
475.0 5.421875
476.0 5.2265625
477.0 4.890625
478.0 3.8515625
479.0 5.3046875
480.0 4.5
481.0 4.953125
482.0 6.1171875
483.0 5.78125
484.0 5.875
485.0 5.703125
486.0 1.609375
487.0 9.5078125
488.0 3.8046875
489.0 0.2578125
490.0 7.8828125
491.0 4.578125
492.0 4.7578125
493.0 5.9296875
494.0 5.8828125
495.0 5.8828125
496.0 5.5546875
497.0 4.984375
498.0 5.3125
499.0 4.25
500.0 4.0
501.0 2.4453125
502.0 4.8125
503.0 2.34375
504.0 1.6796875
505.0 2.65625
506.0 3.0859375
507.0 3.296875
508.0 4.2109375
509.0 4.2109375
510.0 4.0078125
511.0 4.6875
512.0 3.4921875
513.0 2.671875
514.0 4.25
515.0 4.1796875
516.0 4.8359375
517.0 4.5
518.0 4.5390625
519.0 4.4765625
520.0 2.1796875
521.0 6.390625
522.0 4.265625
523.0 3.5859375
524.0 2.0703125
525.0 2.2734375
526.0 1.6875
527.0 5.4921875
528.0 4.609375
529.0 2.8984375
530.0 2.890625
531.0 2.6015625
532.0 5.40625
533.0 5.3828125
534.0 5.5234375
535.0 4.796875
536.0 4.2421875
537.0 4.625
538.0 4.3359375
539.0 0.9375
540.0 7.6328125
541.0 4.953125
542.0 5.1015625
543.0 4.3046875
544.0 0.8046875
545.0 7.0390625
546.0 5.125
547.0 3.1328125
548.0 4.515625
549.0 5.3828125
550.0 4.828125
551.0 4.9453125
552.0 4.515625
553.0 5.3046875
554.0 4.8359375
555.0 5.28125
556.0 4.796875
557.0 1.2109375
558.0 0.0
559.0 5.8203125
560.0 0.8203125
561.0 0.5546875
562.0 0.6953125
563.0 1.2265625
564.0 1.1328125
565.0 1.265625
566.0 2.328125
567.0 7.140625
568.0 3.4140625
569.0 1.6796875
570.0 0.7265625
571.0 0.6328125
572.0 0.5859375
573.0 0.421875
574.0 1.5
575.0 2.1640625
576.0 0.9453125
577.0 1.4609375
578.0 1.9453125
579.0 1.109375
580.0 0.0
581.0 5.9375
582.0 2.3984375
583.0 1.328125
584.0 1.5390625
585.0 4.6328125
586.0 4.1796875
587.0 5.2578125
588.0 3.6953125
589.0 3.0234375
590.0 3.1484375
591.0 5.171875
592.0 0.0
593.0 6.453125
594.0 1.28125
595.0 4.8359375
596.0 5.578125
597.0 5.2265625
598.0 4.1171875
599.0 3.2890625
