0.0 6.359375
1.0 5.21875
2.0 3.9453125
3.0 3.609375
4.0 6.3203125
5.0 7.109375
6.0 7.4296875
7.0 6.8125
8.0 7.03125
9.0 6.859375
10.0 5.9140625
11.0 8.4453125
12.0 7.484375
13.0 7.359375
14.0 7.140625
15.0 5.5625
16.0 9.09375
17.0 6.8046875
18.0 7.1640625
19.0 7.0625
20.0 6.8125
21.0 7.0078125
22.0 6.4375
23.0 6.3203125
24.0 7.125
25.0 5.5625
26.0 8.53125
27.0 6.921875
28.0 6.78125
29.0 6.6328125
30.0 6.953125
31.0 6.984375
32.0 6.78125
33.0 7.5703125
34.0 7.1953125
35.0 6.796875
36.0 7.15625
37.0 7.546875
38.0 6.4765625
39.0 6.7734375
40.0 3.640625
41.0 11.453125
42.0 7.0703125
43.0 5.1328125
44.0 8.671875
45.0 6.8671875
46.0 6.7109375
47.0 5.171875
48.0 4.5390625
49.0 4.453125
50.0 4.3984375
51.0 4.3984375
52.0 4.5703125
53.0 3.765625
54.0 4.1484375
55.0 4.875
56.0 5.015625
57.0 4.0703125
58.0 0.8203125
59.0 7.28125
60.0 4.2109375
61.0 3.703125
62.0 0.8671875
63.0 7.375
64.0 5.25
65.0 5.7578125
66.0 5.078125
67.0 4.1015625
68.0 3.9765625
69.0 5.46875
70.0 4.6015625
71.0 4.15625
72.0 3.40625
73.0 3.8515625
74.0 4.0703125
75.0 3.1328125
76.0 0.28125
77.0 0.0
78.0 0.0
79.0 5.609375
80.0 3.7109375
81.0 3.3125
82.0 1.921875
83.0 0.8125
84.0 6.171875
85.0 5.125
86.0 5.3359375
87.0 3.859375
88.0 6.5546875
89.0 5.765625
90.0 5.21875
91.0 5.5625
92.0 4.625
93.0 3.6484375
94.0 6.15625
95.0 3.9453125
96.0 5.5859375
97.0 4.6328125
98.0 4.984375
99.0 4.75
100.0 4.4765625
101.0 4.875
102.0 4.890625
103.0 5.140625
104.0 5.109375
105.0 5.1875
106.0 5.3359375
107.0 4.75
108.0 4.390625
109.0 3.3671875
110.0 5.859375
111.0 5.0390625
112.0 4.1171875
113.0 4.5
114.0 4.5703125
115.0 3.0859375
116.0 5.9375
117.0 4.890625
118.0 4.6796875
119.0 4.6484375
120.0 4.8359375
121.0 5.109375
122.0 4.71875
123.0 3.6953125
124.0 5.484375
125.0 4.5390625
126.0 4.328125
127.0 4.4296875
128.0 4.0
129.0 4.265625
130.0 4.296875
131.0 4.3046875
132.0 4.28125
133.0 4.3984375
134.0 3.140625
135.0 4.3203125
136.0 4.4296875
137.0 3.3671875
138.0 5.1953125
139.0 4.7265625
140.0 5.046875
141.0 5.015625
142.0 5.5234375
143.0 7.15625
144.0 7.0703125
145.0 6.9765625
146.0 7.1328125
147.0 7.21875
148.0 7.2890625
149.0 7.5703125
150.0 7.453125
151.0 6.0234375
152.0 9.2265625
153.0 7.359375
154.0 7.3671875
155.0 7.140625
156.0 6.0546875
157.0 4.890625
158.0 5.6484375
159.0 5.34375
160.0 5.5546875
161.0 4.328125
162.0 7.3125
163.0 6.2265625
164.0 6.171875
165.0 6.7734375
166.0 6.6875
167.0 6.703125
168.0 6.078125
169.0 6.3203125
170.0 6.4140625
171.0 6.296875
172.0 6.0859375
173.0 6.453125
174.0 5.578125
175.0 5.75
176.0 6.3828125
177.0 3.1953125
178.0 8.46875
179.0 5.3359375
180.0 6.09375
181.0 5.9296875
182.0 2.046875
183.0 8.890625
184.0 5.0859375
185.0 4.46875
186.0 8.4765625
187.0 6.4375
188.0 6.9609375
189.0 6.8125
190.0 6.9296875
191.0 7.3046875
192.0 6.0625
193.0 6.1796875
194.0 5.515625
195.0 5.875
196.0 5.9140625
197.0 6.171875
198.0 6.0078125
199.0 6.5546875
200.0 6.0390625
201.0 3.7109375
202.0 4.1796875
203.0 4.3203125
204.0 4.3828125
205.0 4.859375
206.0 4.4453125
207.0 3.6953125
208.0 4.7734375
209.0 4.6796875
210.0 3.46875
211.0 2.4296875
212.0 3.5234375
213.0 2.84375
214.0 5.0078125
215.0 4.203125
216.0 4.359375
217.0 4.296875
218.0 3.8828125
219.0 3.96875
220.0 3.1328125
221.0 1.8671875
222.0 3.0234375
223.0 4.3984375
224.0 4.359375
225.0 2.3984375
226.0 1.34375
227.0 0.0
228.0 0.0
229.0 0.0
230.0 3.609375
231.0 6.171875
232.0 1.5703125
233.0 1.09375
234.0 0.0
235.0 3.875
236.0 0.96875
237.0 0.8984375
238.0 0.8046875
239.0 0.734375
240.0 1.2265625
241.0 2.9375
242.0 2.4609375
243.0 1.5
244.0 0.8671875
245.0 1.5625
246.0 2.5078125
247.0 2.5234375
248.0 5.4609375
249.0 4.3515625
250.0 4.4453125
251.0 4.6640625
252.0 5.203125
253.0 3.6953125
254.0 5.828125
255.0 3.8046875
256.0 5.9921875
257.0 3.46875
258.0 2.7109375
259.0 3.703125
260.0 5.609375
261.0 4.6953125
262.0 4.0859375
263.0 4.3203125
264.0 3.671875
265.0 3.546875
266.0 4.3359375
267.0 4.5
268.0 4.3984375
269.0 4.7734375
270.0 3.4375
271.0 3.1015625
272.0 4.5
273.0 5.0078125
274.0 3.3671875
275.0 6.265625
276.0 3.5859375
277.0 3.7265625
278.0 3.90625
279.0 0.1640625
280.0 7.7578125
281.0 4.875
282.0 4.0546875
283.0 2.8671875
284.0 3.0
285.0 3.7890625
286.0 2.71875
287.0 2.4296875
288.0 3.6171875
289.0 4.453125
290.0 4.21875
291.0 2.9609375
292.0 0.5390625
293.0 8.171875
294.0 3.8203125
295.0 4.21875
296.0 3.7265625
297.0 3.625
298.0 4.03125
299.0 0.40625
300.0 9.7890625
301.0 2.390625
302.0 2.671875
303.0 3.890625
304.0 7.09375
305.0 6.03125
306.0 6.0625
307.0 6.03125
308.0 5.5859375
309.0 6.4140625
310.0 6.0078125
311.0 6.140625
312.0 6.1484375
313.0 6.4765625
314.0 6.796875
315.0 6.140625
316.0 6.6796875
317.0 2.21875
318.0 11.09375
319.0 4.3203125
320.0 7.1015625
321.0 6.7109375
322.0 4.890625
323.0 6.5078125
324.0 6.40625
325.0 5.4609375
326.0 6.7421875
327.0 6.125
328.0 6.625
329.0 5.4609375
330.0 6.265625
331.0 6.1875
332.0 6.828125
333.0 6.765625
334.0 1.640625
335.0 11.953125
336.0 6.8828125
337.0 6.84375
338.0 7.15625
339.0 3.2890625
340.0 10.1171875
341.0 6.8359375
342.0 6.5546875
343.0 7.25
344.0 7.0078125
345.0 6.8671875
346.0 3.703125
347.0 3.578125
348.0 0.0
349.0 10.8203125
350.0 4.15625
351.0 3.5234375
352.0 4.453125
353.0 4.2109375
354.0 3.40625
355.0 2.0703125
356.0 5.0234375
357.0 4.3984375
358.0 6.4375
359.0 7.109375
360.0 5.3203125
361.0 5.5234375
362.0 7.0078125
363.0 6.71875
364.0 6.84375
365.0 5.21875
366.0 3.5546875
367.0 3.7890625
368.0 3.1640625
369.0 0.0078125
370.0 6.140625
371.0 1.5703125
372.0 2.4609375
373.0 3.578125
374.0 3.8828125
375.0 3.5546875
376.0 3.640625
377.0 3.734375
378.0 3.828125
379.0 1.09375
380.0 5.8515625
381.0 3.640625
382.0 3.078125
383.0 2.875
384.0 1.421875
385.0 0.1796875
386.0 7.5078125
387.0 3.21875
388.0 3.296875
389.0 3.3984375
390.0 3.2890625
391.0 3.0234375
392.0 2.75
393.0 3.3515625
394.0 3.3203125
395.0 3.1640625
396.0 3.4375
397.0 2.890625
398.0 0.0
399.0 7.734375
400.0 3.578125
401.0 3.2578125
402.0 2.9375
403.0 0.3125
404.0 0.0
405.0 5.0390625
406.0 1.765625
407.0 1.59375
408.0 1.4609375
409.0 1.7421875
410.0 1.625
411.0 1.8828125
412.0 2.09375
413.0 2.125
414.0 2.1171875
415.0 2.65625
416.0 2.515625
417.0 2.5390625
418.0 1.375
419.0 0.0
420.0 5.3984375
421.0 2.375
422.0 2.4453125
423.0 2.78125
424.0 2.2421875
425.0 0.640625
426.0 0.1328125
427.0 7.6875
428.0 3.3125
429.0 3.4375
430.0 2.78125
431.0 3.5546875
432.0 3.5625
433.0 3.109375
434.0 3.171875
435.0 2.984375
436.0 2.6328125
437.0 2.125
438.0 1.40625
439.0 0.0
440.0 0.0
441.0 5.6640625
442.0 1.5
443.0 1.6171875
444.0 1.34375
445.0 1.7421875
446.0 2.0390625
447.0 2.34375
448.0 2.4765625
449.0 1.4453125
450.0 4.9296875
451.0 3.5
452.0 3.34375
453.0 3.515625
454.0 4.625
455.0 3.9375
456.0 3.1015625
457.0 2.484375
458.0 5.0390625
459.0 3.2890625
460.0 3.265625
461.0 2.453125
462.0 2.421875
463.0 2.1796875
464.0 1.8671875
465.0 2.046875
466.0 2.359375
467.0 2.5703125
468.0 3.6953125
469.0 2.375
470.0 0.1328125
471.0 4.7265625
472.0 2.921875
473.0 5.15625
474.0 3.1640625
475.0 2.6328125
476.0 2.609375
477.0 2.7890625
478.0 3.6953125
479.0 4.859375
480.0 2.71875
481.0 2.21875
482.0 1.1796875
483.0 0.0
484.0 6.125
485.0 2.59375
486.0 2.0625
487.0 1.59375
488.0 1.46875
489.0 1.03125
490.0 0.0625
491.0 0.0
492.0 5.515625
493.0 2.8203125
494.0 2.3984375
495.0 2.0078125
496.0 2.1015625
497.0 1.8515625
498.0 1.953125
499.0 2.3359375
500.0 3.078125
501.0 3.4921875
502.0 1.859375
503.0 1.4765625
504.0 0.0
505.0 0.0
506.0 6.3359375
507.0 2.9375
508.0 2.390625
509.0 2.0859375
510.0 2.296875
511.0 2.6953125
512.0 3.515625
513.0 2.65625
514.0 2.5234375
515.0 1.328125
516.0 0.0
517.0 5.9375
518.0 1.3828125
519.0 2.1640625
520.0 2.125
521.0 2.1484375
522.0 2.3125
523.0 2.640625
524.0 2.75
525.0 3.1015625
526.0 3.4765625
527.0 2.421875
528.0 0.4609375
529.0 0.0
530.0 8.015625
531.0 5.1015625
532.0 6.8828125
533.0 6.71875
534.0 6.6875
535.0 5.3046875
536.0 8.3125
537.0 5.2734375
538.0 7.703125
539.0 6.53125
540.0 6.625
541.0 6.4453125
542.0 7.0390625
543.0 7.109375
544.0 6.8828125
545.0 6.7734375
546.0 6.6875
547.0 7.2109375
548.0 7.15625
549.0 7.0078125
550.0 6.5703125
551.0 5.21875
552.0 8.65625
553.0 6.109375
554.0 6.203125
555.0 6.5546875
556.0 5.4921875
557.0 6.5078125
558.0 4.0390625
559.0 3.46875
560.0 4.78125
561.0 5.515625
562.0 6.3046875
563.0 5.75
564.0 8.828125
565.0 7.15625
566.0 7.0625
567.0 7.2890625
568.0 6.921875
569.0 7.046875
570.0 6.71875
571.0 6.296875
572.0 6.6484375
573.0 6.5
574.0 6.1796875
575.0 5.4296875
576.0 3.6953125
577.0 8.0625
578.0 6.390625
579.0 6.3046875
580.0 6.6015625
581.0 3.625
582.0 2.21875
583.0 0.0
584.0 9.5703125
585.0 6.53125
586.0 3.40625
587.0 4.0859375
588.0 4.8046875
589.0 5.75
590.0 3.4296875
591.0 3.34375
592.0 3.7578125
593.0 4.9921875
594.0 4.4140625
595.0 3.40625
596.0 0.5703125
597.0 1.5390625
598.0 6.6015625
599.0 2.2734375
