0.0 4.78125
1.0 3.1796875
2.0 7.1015625
3.0 4.9296875
4.0 3.8828125
5.0 5.203125
6.0 5.2265625
7.0 4.875
8.0 4.484375
9.0 4.59375
10.0 5.0859375
11.0 5.3203125
12.0 5.6015625
13.0 4.3359375
14.0 4.5703125
15.0 4.6953125
16.0 3.96875
17.0 3.4609375
18.0 4.59375
19.0 3.9140625
20.0 4.8046875
21.0 5.015625
22.0 3.875
23.0 4.8046875
24.0 4.09375
25.0 4.3046875
26.0 5.1640625
27.0 5.046875
28.0 2.9296875
29.0 6.2890625
30.0 3.90625
31.0 5.0859375
32.0 4.609375
33.0 4.25
34.0 4.5625
35.0 4.6015625
36.0 4.0859375
37.0 4.7265625
38.0 4.8125
39.0 4.71875
40.0 4.65625
41.0 4.9453125
42.0 4.71875
43.0 4.5703125
44.0 4.75
45.0 4.0234375
46.0 0.9921875
47.0 8.5390625
48.0 4.296875
49.0 4.5390625
50.0 4.6328125
51.0 0.0390625
52.0 7.046875
53.0 5.578125
54.0 4.0
55.0 4.7109375
56.0 4.7421875
57.0 4.28125
58.0 3.9453125
59.0 4.0859375
60.0 4.1796875
61.0 4.1328125
62.0 4.3515625
63.0 4.4140625
64.0 2.671875
65.0 4.3203125
66.0 3.34375
67.0 3.765625
68.0 4.203125
69.0 5.421875
70.0 3.8203125
71.0 3.59375
72.0 4.0
73.0 3.90625
74.0 4.4453125
75.0 3.8203125
76.0 4.0234375
77.0 3.8203125
78.0 4.453125
79.0 3.84375
80.0 0.109375
81.0 5.4609375
82.0 5.3671875
83.0 2.71875
84.0 3.0390625
85.0 2.625
86.0 3.1484375
87.0 3.3984375
88.0 2.2421875
89.0 5.5859375
90.0 4.0390625
91.0 3.625
92.0 4.0859375
93.0 3.9140625
94.0 4.1328125
95.0 4.4140625
96.0 4.9296875
97.0 5.3046875
98.0 5.2734375
99.0 5.5546875
100.0 5.0859375
101.0 5.2578125
102.0 4.7734375
103.0 5.109375
104.0 4.546875
105.0 1.2109375
106.0 9.84375
107.0 5.25
108.0 3.578125
109.0 7.2578125
110.0 5.2890625
111.0 5.671875
112.0 5.53125
113.0 5.4921875
114.0 5.7890625
115.0 5.578125
116.0 5.5546875
117.0 5.578125
118.0 5.6171875
119.0 5.34375
120.0 5.515625
121.0 2.1796875
122.0 9.2265625
123.0 4.8671875
124.0 4.9765625
125.0 4.84375
126.0 5.34375
127.0 4.7421875
128.0 3.3984375
129.0 2.3984375
130.0 7.984375
131.0 4.453125
132.0 4.578125
133.0 4.6484375
134.0 3.921875
135.0 4.28125
136.0 5.15625
137.0 5.421875
138.0 5.3359375
139.0 4.6328125
140.0 4.9765625
141.0 4.921875
142.0 3.609375
143.0 0.0
144.0 6.921875
145.0 1.65625
146.0 1.8046875
147.0 0.0
148.0 5.515625
149.0 4.578125
150.0 5.3125
151.0 5.3046875
152.0 5.421875
153.0 5.125
154.0 5.234375
155.0 5.3125
156.0 5.375
157.0 6.15625
158.0 5.9453125
159.0 5.578125
160.0 5.140625
161.0 5.7265625
162.0 2.7734375
163.0 8.5390625
164.0 5.828125
165.0 6.328125
166.0 6.078125
167.0 1.6171875
168.0 9.96875
169.0 5.796875
170.0 5.515625
171.0 5.40625
172.0 5.640625
173.0 5.703125
174.0 6.0546875
175.0 6.0625
176.0 5.3046875
177.0 5.3046875
178.0 4.78125
179.0 4.8125
180.0 1.359375
181.0 8.96875
182.0 4.6484375
183.0 2.125
184.0 7.5078125
185.0 3.8203125
186.0 3.375
187.0 4.8671875
188.0 5.3828125
189.0 4.875
190.0 5.1015625
191.0 4.65625
192.0 5.2578125
193.0 5.40625
194.0 4.59375
195.0 4.75
196.0 5.3125
197.0 3.4921875
198.0 6.0078125
199.0 4.0625
200.0 5.3046875
201.0 5.3046875
202.0 6.0234375
203.0 5.3359375
204.0 5.109375
205.0 5.234375
206.0 4.9296875
207.0 4.6328125
208.0 4.328125
209.0 3.8203125
210.0 4.828125
211.0 4.65625
212.0 5.2578125
213.0 4.9921875
214.0 5.140625
215.0 0.3125
216.0 9.453125
217.0 4.921875
218.0 5.15625
219.0 4.9453125
220.0 2.7265625
221.0 6.9609375
222.0 3.7734375
223.0 4.0703125
224.0 4.9453125
225.0 4.9296875
226.0 5.0703125
227.0 4.4453125
228.0 4.984375
229.0 4.578125
230.0 4.6328125
231.0 4.5390625
232.0 4.6015625
233.0 4.359375
234.0 5.28125
235.0 5.0546875
236.0 4.890625
237.0 5.0546875
238.0 3.234375
239.0 7.1015625
240.0 4.9453125
241.0 5.0703125
242.0 4.59375
243.0 5.1328125
244.0 4.6875
245.0 5.1015625
246.0 4.625
247.0 4.453125
248.0 4.984375
249.0 4.8984375
250.0 4.9921875
251.0 4.59375
252.0 4.6015625
253.0 1.5546875
254.0 0.0
255.0 6.4375
256.0 4.421875
257.0 4.8984375
258.0 5.078125
259.0 5.0078125
260.0 5.96875
261.0 5.453125
262.0 5.25
263.0 5.1640625
264.0 4.359375
265.0 4.5
266.0 4.328125
267.0 4.125
268.0 4.0234375
269.0 4.8359375
270.0 4.6640625
271.0 4.7421875
272.0 1.375
273.0 6.2734375
274.0 3.6484375
275.0 5.234375
276.0 3.8828125
277.0 1.671875
278.0 4.3671875
279.0 4.59375
280.0 3.53125
281.0 4.6640625
282.0 4.1328125
283.0 5.078125
284.0 4.90625
285.0 5.609375
286.0 5.5234375
287.0 5.2734375
288.0 5.515625
289.0 5.609375
290.0 5.9609375
291.0 6.1875
292.0 5.1640625
293.0 6.171875
294.0 5.375
295.0 5.5859375
296.0 5.484375
297.0 4.21875
298.0 5.6171875
299.0 5.4921875
300.0 5.8203125
301.0 5.28125
302.0 5.28125
303.0 5.3203125
304.0 5.234375
305.0 5.46875
306.0 5.3125
307.0 5.6171875
308.0 5.3125
309.0 4.203125
310.0 0.0
311.0 9.359375
312.0 5.3046875
313.0 4.7265625
314.0 3.9765625
315.0 5.96875
316.0 5.40625
317.0 4.8671875
318.0 5.703125
319.0 5.203125
320.0 4.125
321.0 3.328125
322.0 5.0546875
323.0 5.765625
324.0 5.53125
325.0 5.3984375
326.0 4.6796875
327.0 4.6328125
328.0 0.640625
329.0 8.34375
330.0 4.84375
331.0 4.875
332.0 5.171875
333.0 5.5546875
334.0 5.3671875
335.0 5.75
336.0 5.828125
337.0 5.7265625
338.0 4.7265625
339.0 5.0078125
340.0 5.46875
341.0 5.015625
342.0 3.3515625
343.0 8.2265625
344.0 5.4609375
345.0 5.1953125
346.0 4.9609375
347.0 5.609375
348.0 5.1328125
349.0 4.875
350.0 2.4140625
351.0 0.0
352.0 4.546875
353.0 0.84375
354.0 2.3671875
355.0 4.3046875
356.0 3.046875
357.0 6.953125
358.0 4.28125
359.0 4.8984375
360.0 5.3984375
361.0 5.703125
362.0 6.09375
363.0 5.8203125
364.0 5.6953125
365.0 5.4921875
366.0 5.3828125
367.0 5.9765625
368.0 3.7109375
369.0 7.421875
370.0 5.2578125
371.0 5.3671875
372.0 5.6640625
373.0 4.890625
374.0 4.21875
375.0 4.609375
376.0 4.796875
377.0 4.171875
378.0 5.6640625
379.0 5.6796875
380.0 5.9453125
381.0 5.546875
382.0 5.5859375
383.0 4.1484375
384.0 7.1796875
385.0 5.8828125
386.0 5.7265625
387.0 5.8828125
388.0 3.65625
389.0 7.421875
390.0 6.3046875
391.0 5.5546875
392.0 5.8828125
393.0 5.203125
394.0 5.2890625
395.0 5.015625
396.0 5.3359375
397.0 3.6171875
398.0 3.9375
399.0 4.390625
400.0 5.046875
401.0 5.4921875
402.0 0.6640625
403.0 10.2265625
404.0 5.3828125
405.0 4.859375
406.0 2.9921875
407.0 5.15625
408.0 8.1953125
409.0 5.9921875
410.0 5.671875
411.0 4.6953125
412.0 4.5625
413.0 5.7578125
414.0 5.28125
415.0 5.6953125
416.0 5.640625
417.0 5.5546875
418.0 5.53125
419.0 5.3671875
420.0 5.421875
421.0 5.375
422.0 0.6640625
423.0 10.109375
424.0 5.421875
425.0 5.640625
426.0 5.2578125
427.0 5.0859375
428.0 2.453125
429.0 7.984375
430.0 4.8125
431.0 5.125
432.0 5.765625
433.0 5.046875
434.0 5.1953125
435.0 5.171875
436.0 4.28125
437.0 1.703125
438.0 0.0
439.0 6.3046875
440.0 4.4453125
441.0 4.0234375
442.0 4.0
443.0 4.2109375
444.0 4.8125
445.0 4.5390625
446.0 4.453125
447.0 4.625
448.0 4.7578125
449.0 5.421875
450.0 3.046875
451.0 3.4296875
452.0 4.234375
453.0 4.84375
454.0 4.953125
455.0 4.953125
456.0 2.421875
457.0 6.484375
458.0 4.2109375
459.0 4.65625
460.0 4.546875
461.0 3.8828125
462.0 5.0390625
463.0 2.5625
464.0 2.8046875
465.0 2.890625
466.0 1.8359375
467.0 2.4296875
468.0 1.671875
469.0 3.40625
470.0 4.1796875
471.0 3.671875
472.0 2.953125
473.0 3.96875
474.0 3.59375
475.0 1.421875
476.0 4.6015625
477.0 3.140625
478.0 2.0390625
479.0 2.0
480.0 1.9453125
481.0 2.265625
482.0 2.0078125
483.0 1.046875
484.0 0.0
485.0 5.609375
486.0 1.6875
487.0 1.6484375
488.0 1.59375
489.0 2.4296875
490.0 2.4296875
491.0 2.2421875
492.0 2.1953125
493.0 2.3125
494.0 2.1015625
495.0 1.671875
496.0 0.390625
497.0 0.0
498.0 6.4375
499.0 2.609375
500.0 2.375
501.0 2.4296875
502.0 2.2734375
503.0 2.296875
504.0 1.640625
505.0 2.2109375
506.0 1.203125
507.0 0.0
508.0 6.390625
509.0 2.484375
510.0 1.828125
511.0 2.0
512.0 2.1015625
513.0 2.046875
514.0 2.125
515.0 2.0
516.0 3.109375
517.0 2.84375
518.0 1.1328125
519.0 0.0
520.0 4.6484375
521.0 1.796875
522.0 0.9609375
523.0 0.9921875
524.0 1.09375
525.0 1.5859375
526.0 1.734375
527.0 1.984375
528.0 2.0078125
529.0 1.921875
530.0 1.171875
531.0 0.0
532.0 0.0
533.0 5.46875
534.0 2.4140625
535.0 2.28125
536.0 2.359375
537.0 1.8984375
538.0 1.8828125
539.0 0.2890625
540.0 0.0
541.0 6.46875
542.0 2.0703125
543.0 2.5390625
544.0 2.6953125
545.0 3.109375
546.0 3.1171875
547.0 3.28125
548.0 2.0859375
549.0 1.8203125
550.0 1.8515625
551.0 2.234375
552.0 2.21875
553.0 1.640625
554.0 0.0
555.0 4.6953125
556.0 2.2421875
557.0 2.359375
558.0 2.1875
559.0 2.6953125
560.0 2.1171875
561.0 0.8046875
562.0 0.0
563.0 5.765625
564.0 2.421875
565.0 2.34375
566.0 1.8828125
567.0 2.1875
568.0 1.5
569.0 3.53125
570.0 1.390625
571.0 2.984375
572.0 2.1328125
573.0 1.5625
574.0 2.03125
575.0 2.359375
576.0 2.6328125
577.0 2.671875
578.0 1.65625
579.0 3.3984375
580.0 3.3984375
581.0 2.5390625
582.0 2.5625
583.0 2.484375
584.0 2.625
585.0 2.3125
586.0 2.296875
587.0 1.9453125
588.0 1.5703125
589.0 1.859375
590.0 0.15625
591.0 4.0234375
592.0 2.0703125
593.0 1.5078125
594.0 1.9765625
595.0 1.765625
596.0 1.953125
597.0 2.484375
598.0 2.6015625
599.0 2.5625
