0.0 4.78125
1.0 4.859375
2.0 5.1328125
3.0 5.0546875
4.0 5.21875
5.0 5.421875
6.0 5.2890625
7.0 1.7890625
8.0 8.625
9.0 4.828125
10.0 4.9921875
11.0 4.796875
12.0 0.875
13.0 8.5546875
14.0 4.8359375
15.0 5.2578125
16.0 5.1328125
17.0 5.015625
18.0 5.234375
19.0 5.1015625
20.0 5.21875
21.0 4.90625
22.0 5.46875
23.0 5.375
24.0 5.3515625
25.0 5.3671875
26.0 5.0078125
27.0 5.34375
28.0 4.984375
29.0 4.7734375
30.0 4.484375
31.0 4.8125
32.0 5.3203125
33.0 5.0390625
34.0 5.3984375
35.0 5.0546875
36.0 2.1640625
37.0 8.078125
38.0 4.21875
39.0 5.234375
40.0 4.9765625
41.0 4.8359375
42.0 5.5859375
43.0 3.6796875
44.0 5.34375
45.0 5.21875
46.0 4.9453125
47.0 5.2734375
48.0 5.1640625
49.0 4.9453125
50.0 4.84375
51.0 4.859375
52.0 4.71875
53.0 3.6953125
54.0 5.125
55.0 5.125
56.0 4.9921875
57.0 5.1875
58.0 5.140625
59.0 5.125
60.0 1.671875
61.0 8.6875
62.0 5.0390625
63.0 5.4921875
64.0 5.2578125
65.0 5.2890625
66.0 5.3359375
67.0 5.1953125
68.0 5.0234375
69.0 5.34375
70.0 5.375
71.0 5.3359375
72.0 4.7421875
73.0 5.171875
74.0 0.6953125
75.0 8.9375
76.0 4.4140625
77.0 3.765625
78.0 3.4921875
79.0 2.1875
80.0 6.109375
81.0 4.78125
82.0 4.90625
83.0 4.9296875
84.0 4.875
85.0 4.9296875
86.0 5.1953125
87.0 4.984375
88.0 4.9765625
89.0 5.2578125
90.0 5.203125
91.0 5.15625
92.0 5.0390625
93.0 0.7578125
94.0 9.84375
95.0 4.5390625
96.0 3.5625
97.0 7.3125
98.0 5.1328125
99.0 4.6953125
100.0 4.4296875
101.0 4.71875
102.0 4.875
103.0 4.15625
104.0 4.3203125
105.0 4.0625
106.0 4.3984375
107.0 4.2421875
108.0 4.53125
109.0 5.28125
110.0 5.1640625
111.0 0.28125
112.0 10.015625
113.0 5.46875
114.0 3.765625
115.0 7.09375
116.0 5.21875
117.0 5.578125
118.0 5.3671875
119.0 5.046875
120.0 4.7109375
121.0 4.6953125
122.0 4.890625
123.0 5.046875
124.0 5.3125
125.0 5.3203125
126.0 5.2734375
127.0 3.171875
128.0 7.9453125
129.0 4.9921875
130.0 5.28125
131.0 5.0234375
132.0 3.5625
133.0 6.8125
134.0 5.1640625
135.0 5.078125
136.0 5.21875
137.0 5.421875
138.0 4.8359375
139.0 5.015625
140.0 5.3125
141.0 5.6015625
142.0 5.0546875
143.0 4.65625
144.0 4.9296875
145.0 5.3984375
146.0 1.046875
147.0 8.265625
148.0 4.6953125
149.0 5.3671875
150.0 5.3203125
151.0 5.3046875
152.0 0.765625
153.0 9.390625
154.0 5.1953125
155.0 5.28125
156.0 5.2265625
157.0 5.28125
158.0 5.1953125
159.0 4.546875
160.0 4.9453125
161.0 5.4609375
162.0 5.6953125
163.0 5.3046875
164.0 5.3984375
165.0 4.09375
166.0 7.6640625
167.0 4.625
168.0 4.53125
169.0 3.953125
170.0 6.265625
171.0 5.421875
172.0 5.28125
173.0 5.28125
174.0 5.453125
175.0 5.375
176.0 5.578125
177.0 5.5
178.0 5.5234375
179.0 5.5
180.0 5.6484375
181.0 5.765625
182.0 5.4296875
183.0 5.6640625
184.0 5.5
185.0 5.3125
186.0 5.578125
187.0 5.140625
188.0 2.8203125
189.0 7.5234375
190.0 3.8515625
191.0 5.7109375
192.0 4.6796875
193.0 5.3671875
194.0 5.578125
195.0 5.109375
196.0 5.2578125
197.0 4.9296875
198.0 4.5703125
199.0 5.421875
200.0 5.640625
201.0 5.3203125
202.0 5.546875
203.0 5.609375
204.0 5.28125
205.0 5.28125
206.0 5.796875
207.0 5.8515625
208.0 5.9140625
209.0 5.7109375
210.0 5.6484375
211.0 5.2578125
212.0 5.5
213.0 5.546875
214.0 5.546875
215.0 5.40625
216.0 5.46875
217.0 5.3515625
218.0 5.453125
219.0 5.7890625
220.0 5.484375
221.0 5.6015625
222.0 3.0
223.0 8.6171875
224.0 5.84375
225.0 5.875
226.0 5.578125
227.0 4.6015625
228.0 6.7109375
229.0 5.5625
230.0 5.5625
231.0 5.734375
232.0 5.53125
233.0 5.75
234.0 2.8359375
235.0 7.90625
236.0 5.875
237.0 5.7265625
238.0 3.3671875
239.0 8.1171875
240.0 5.796875
241.0 5.578125
242.0 5.546875
243.0 5.671875
244.0 5.4921875
245.0 5.5546875
246.0 5.6015625
247.0 5.28125
248.0 5.703125
249.0 5.734375
250.0 5.7265625
251.0 5.5234375
252.0 5.6015625
253.0 2.34375
254.0 8.8359375
255.0 5.5625
256.0 5.515625
257.0 5.609375
258.0 2.75
259.0 8.734375
260.0 5.546875
261.0 5.7578125
262.0 5.484375
263.0 5.6015625
264.0 5.5859375
265.0 5.5859375
266.0 5.1328125
267.0 5.4609375
268.0 5.5625
269.0 5.7109375
270.0 5.5859375
271.0 3.0390625
272.0 8.1796875
273.0 5.515625
274.0 5.578125
275.0 5.765625
276.0 4.84375
277.0 6.625
278.0 5.6015625
279.0 5.6328125
280.0 5.78125
281.0 5.6328125
282.0 5.515625
283.0 5.546875
284.0 5.5859375
285.0 5.34375
286.0 5.671875
287.0 5.6796875
288.0 5.7890625
289.0 5.484375
290.0 2.5078125
291.0 8.53125
292.0 5.3515625
293.0 5.6484375
294.0 5.734375
295.0 1.28125
296.0 10.2890625
297.0 5.25
298.0 5.40625
299.0 5.7265625
300.0 5.3671875
301.0 5.5546875
302.0 5.5
303.0 5.6953125
304.0 5.5234375
305.0 5.6640625
306.0 5.859375
307.0 5.671875
308.0 2.6640625
309.0 8.1640625
310.0 5.4375
311.0 5.0234375
312.0 5.40625
313.0 5.3671875
314.0 5.2578125
315.0 5.53125
316.0 5.3046875
317.0 5.40625
318.0 5.109375
319.0 4.9296875
320.0 4.59375
321.0 4.890625
322.0 5.0234375
323.0 5.3359375
324.0 5.1328125
325.0 5.1953125
326.0 5.2890625
327.0 3.4765625
328.0 7.375
329.0 4.625
330.0 4.859375
331.0 4.8671875
332.0 4.4140625
333.0 6.109375
334.0 5.2578125
335.0 4.9453125
336.0 4.9765625
337.0 4.828125
338.0 4.8125
339.0 5.0078125
340.0 5.1328125
341.0 5.171875
342.0 3.078125
343.0 4.515625
344.0 8.1328125
345.0 5.1015625
346.0 4.9609375
347.0 5.125
348.0 4.453125
349.0 5.171875
350.0 4.8125
351.0 5.3359375
352.0 4.78125
353.0 4.484375
354.0 4.578125
355.0 2.546875
356.0 3.7890625
357.0 4.796875
358.0 4.0625
359.0 5.515625
360.0 4.0546875
361.0 4.8125
362.0 4.2734375
363.0 4.71875
364.0 4.6953125
365.0 4.390625
366.0 4.921875
367.0 4.84375
368.0 4.7109375
369.0 4.4453125
370.0 4.609375
371.0 4.6640625
372.0 5.15625
373.0 4.2421875
374.0 4.3359375
375.0 4.4296875
376.0 4.5
377.0 4.390625
378.0 3.6484375
379.0 3.6796875
380.0 4.0703125
381.0 4.125
382.0 4.484375
383.0 4.59375
384.0 4.1875
385.0 4.6875
386.0 4.0390625
387.0 4.3515625
388.0 4.234375
389.0 4.9921875
390.0 3.0390625
391.0 7.4375
392.0 5.234375
393.0 5.3359375
394.0 5.34375
395.0 4.859375
396.0 5.15625
397.0 4.875
398.0 4.578125
399.0 4.5703125
400.0 4.9765625
401.0 4.828125
402.0 4.8984375
403.0 5.2265625
404.0 3.7578125
405.0 1.9453125
406.0 4.5625
407.0 5.2265625
408.0 5.171875
409.0 5.1015625
410.0 4.84375
411.0 5.21875
412.0 4.8046875
413.0 5.0234375
414.0 5.2265625
415.0 4.3671875
416.0 6.2890625
417.0 5.046875
418.0 5.4609375
419.0 5.1953125
420.0 3.625
421.0 6.9609375
422.0 5.171875
423.0 4.828125
424.0 5.1015625
425.0 4.9609375
426.0 4.1171875
427.0 3.34375
428.0 7.8515625
429.0 5.171875
430.0 5.2734375
431.0 5.234375
432.0 5.171875
433.0 4.9765625
434.0 5.3828125
435.0 5.3828125
436.0 5.375
437.0 5.125
438.0 3.875
439.0 6.4765625
440.0 5.3125
441.0 4.9609375
442.0 5.25
443.0 5.375
444.0 4.953125
445.0 5.109375
446.0 5.1875
447.0 5.2578125
448.0 5.0703125
449.0 5.6328125
450.0 5.4296875
451.0 5.4296875
452.0 5.1875
453.0 3.7578125
454.0 5.8515625
455.0 5.6015625
456.0 5.0703125
457.0 5.0078125
458.0 5.2890625
459.0 4.46875
460.0 4.125
461.0 4.828125
462.0 5.140625
463.0 5.21875
464.0 5.2734375
465.0 5.1953125
466.0 4.0
467.0 7.28125
468.0 4.578125
469.0 5.15625
470.0 4.9453125
471.0 5.15625
472.0 5.109375
473.0 5.0078125
474.0 3.0546875
475.0 5.796875
476.0 6.265625
477.0 4.6484375
478.0 4.515625
479.0 4.3203125
480.0 4.8984375
481.0 4.5625
482.0 4.8046875
483.0 4.28125
484.0 4.7109375
485.0 4.3203125
486.0 4.9765625
487.0 4.5625
488.0 4.8984375
489.0 4.875
490.0 2.25
491.0 8.3203125
492.0 3.1015625
493.0 7.2265625
494.0 5.21875
495.0 5.1640625
496.0 5.53125
497.0 5.2265625
498.0 2.78125
499.0 6.9453125
500.0 4.5
501.0 5.125
502.0 4.9609375
503.0 4.5625
504.0 5.1953125
505.0 5.0703125
506.0 4.84375
507.0 5.421875
508.0 3.1328125
509.0 7.2265625
510.0 5.1015625
511.0 5.53125
512.0 5.375
513.0 5.1875
514.0 5.1640625
515.0 5.515625
516.0 4.8984375
517.0 5.3515625
518.0 5.1953125
519.0 5.28125
520.0 5.5
521.0 5.4921875
522.0 5.2890625
523.0 3.203125
524.0 5.6796875
525.0 7.765625
526.0 4.5625
527.0 5.21875
528.0 5.1015625
529.0 5.4375
530.0 5.140625
531.0 5.46875
532.0 5.2578125
533.0 4.921875
534.0 5.2578125
535.0 5.40625
536.0 5.2734375
537.0 5.6015625
538.0 5.53125
539.0 5.671875
540.0 5.578125
541.0 5.5
542.0 5.40625
543.0 5.4375
544.0 4.7421875
545.0 6.0625
546.0 5.1015625
547.0 5.34375
548.0 5.140625
549.0 5.28125
550.0 5.421875
551.0 5.3984375
552.0 5.515625
553.0 5.3125
554.0 5.3359375
555.0 5.46875
556.0 5.2890625
557.0 5.4375
558.0 5.484375
559.0 1.4453125
560.0 9.546875
561.0 5.1875
562.0 5.78125
563.0 5.40625
564.0 5.4609375
565.0 5.53125
566.0 5.4921875
567.0 5.375
568.0 2.0625
569.0 8.5
570.0 4.7109375
571.0 5.2265625
572.0 5.421875
573.0 5.375
574.0 5.3671875
575.0 4.921875
576.0 5.40625
577.0 5.2890625
578.0 5.28125
579.0 5.34375
580.0 5.0234375
581.0 4.7421875
582.0 1.4375
583.0 9.125
584.0 5.171875
585.0 5.3515625
586.0 5.3515625
587.0 5.171875
588.0 5.671875
589.0 5.5234375
590.0 5.1015625
591.0 5.1875
592.0 5.46875
593.0 5.421875
594.0 5.3125
595.0 5.3984375
596.0 3.4140625
597.0 7.0703125
598.0 5.0546875
599.0 4.6796875
