0.0 6.6484375
1.0 6.203125
2.0 5.125
3.0 3.1953125
4.0 7.03125
5.0 5.9453125
6.0 5.46875
7.0 5.5859375
8.0 5.40625
9.0 5.5234375
10.0 5.3203125
11.0 5.3046875
12.0 5.2578125
13.0 5.3203125
14.0 4.890625
15.0 4.390625
16.0 0.9140625
17.0 7.78125
18.0 4.453125
19.0 4.7421875
20.0 4.90625
21.0 2.7890625
22.0 7.1875
23.0 5.0078125
24.0 5.171875
25.0 5.0703125
26.0 5.171875
27.0 4.3203125
28.0 1.328125
29.0 1.9140625
30.0 4.9609375
31.0 5.0078125
32.0 4.53125
33.0 4.609375
34.0 5.1328125
35.0 5.703125
36.0 5.7265625
37.0 4.3359375
38.0 6.3203125
39.0 5.3828125
40.0 5.2265625
41.0 4.9921875
42.0 4.859375
43.0 1.4765625
44.0 9.421875
45.0 5.1015625
46.0 4.9765625
47.0 5.0078125
48.0 5.515625
49.0 5.3671875
50.0 5.3359375
51.0 4.875
52.0 5.6328125
53.0 5.25
54.0 5.109375
55.0 4.84375
56.0 2.6015625
57.0 0.0
58.0 6.65625
59.0 1.71875
60.0 4.1171875
61.0 4.6328125
62.0 3.1796875
63.0 3.3203125
64.0 4.0703125
65.0 1.5078125
66.0 7.2890625
67.0 3.078125
68.0 6.2265625
69.0 6.828125
70.0 5.046875
71.0 5.0546875
72.0 5.3359375
73.0 5.15625
74.0 4.5625
75.0 4.71875
76.0 4.7421875
77.0 5.1640625
78.0 5.3515625
79.0 5.6328125
80.0 5.0703125
81.0 3.046875
82.0 7.578125
83.0 5.25
84.0 5.40625
85.0 3.5234375
86.0 7.6171875
87.0 3.8203125
88.0 3.90625
89.0 4.1015625
90.0 3.3671875
91.0 5.5234375
92.0 3.890625
93.0 3.6953125
94.0 5.140625
95.0 4.6875
96.0 3.9140625
97.0 4.6640625
98.0 5.2265625
99.0 2.09375
100.0 6.84375
101.0 4.1875
102.0 4.59375
103.0 4.484375
104.0 4.6875
105.0 5.5625
106.0 3.2265625
107.0 0.8984375
108.0 7.40625
109.0 4.3359375
110.0 4.28125
111.0 4.484375
112.0 4.15625
113.0 5.375
114.0 4.359375
115.0 3.7265625
116.0 5.6328125
117.0 4.609375
118.0 4.75
119.0 4.9296875
120.0 4.2421875
121.0 0.21875
122.0 8.8515625
123.0 4.6484375
124.0 4.7109375
125.0 2.8359375
126.0 8.234375
127.0 2.984375
128.0 6.265625
129.0 4.7421875
130.0 4.84375
131.0 3.0234375
132.0 6.75
133.0 4.6328125
134.0 4.390625
135.0 4.5703125
136.0 4.9296875
137.0 5.140625
138.0 2.90625
139.0 3.953125
140.0 3.9921875
141.0 2.1015625
142.0 2.046875
143.0 2.71875
144.0 4.8671875
145.0 2.984375
146.0 0.0
147.0 6.7421875
148.0 3.328125
149.0 5.1640625
150.0 5.171875
151.0 4.5078125
152.0 1.8046875
153.0 8.59375
154.0 5.3671875
155.0 4.71875
156.0 4.8125
157.0 4.65625
158.0 4.4140625
159.0 4.65625
160.0 4.875
161.0 4.0703125
162.0 4.484375
163.0 4.828125
164.0 4.7265625
165.0 0.359375
166.0 9.1328125
167.0 4.6484375
168.0 4.546875
169.0 4.6875
170.0 4.125
171.0 4.328125
172.0 4.453125
173.0 2.1484375
174.0 6.734375
175.0 4.71875
176.0 4.6328125
177.0 4.7109375
178.0 4.8046875
179.0 5.2734375
180.0 4.46875
181.0 5.9375
182.0 4.5078125
183.0 4.7265625
184.0 5.1015625
185.0 4.921875
186.0 4.5625
187.0 4.984375
188.0 4.7578125
189.0 3.171875
190.0 2.6640625
191.0 2.578125
192.0 2.359375
193.0 0.0
194.0 5.34375
195.0 2.84375
196.0 2.6015625
197.0 2.8203125
198.0 2.953125
199.0 2.578125
200.0 2.609375
201.0 0.0
202.0 6.2109375
203.0 2.6640625
204.0 3.1796875
205.0 2.8984375
206.0 2.8046875
207.0 2.8203125
208.0 2.546875
209.0 2.625
210.0 3.0703125
211.0 2.7109375
212.0 2.8125
213.0 2.625
214.0 0.578125
215.0 5.0234375
216.0 2.8671875
217.0 2.78125
218.0 2.3359375
219.0 2.296875
220.0 2.1328125
221.0 1.7421875
222.0 0.0
223.0 7.3203125
224.0 3.171875
225.0 2.671875
226.0 3.21875
227.0 4.0234375
228.0 4.0
229.0 3.921875
230.0 4.03125
231.0 4.125
232.0 4.1484375
233.0 4.2734375
234.0 4.78125
235.0 4.171875
236.0 0.5703125
237.0 9.046875
238.0 4.28125
239.0 4.1015625
240.0 2.125
241.0 6.8359375
242.0 4.2421875
243.0 4.9609375
244.0 5.203125
245.0 4.3671875
246.0 4.9921875
247.0 4.4296875
248.0 5.1328125
249.0 5.0234375
250.0 5.234375
251.0 5.1875
252.0 5.453125
253.0 3.6796875
254.0 6.5546875
255.0 4.6953125
256.0 5.40625
257.0 4.8984375
258.0 1.9140625
259.0 8.1484375
260.0 4.828125
261.0 4.8046875
262.0 5.1953125
263.0 4.4453125
264.0 5.015625
265.0 3.5234375
266.0 3.515625
267.0 3.578125
268.0 2.96875
269.0 1.9375
270.0 0.0
271.0 5.546875
272.0 3.4140625
273.0 3.1953125
274.0 2.7578125
275.0 3.515625
276.0 3.0546875
277.0 3.0703125
278.0 3.4296875
279.0 2.984375
280.0 2.609375
281.0 3.0859375
282.0 2.4140625
283.0 0.0
284.0 7.4921875
285.0 3.6484375
286.0 4.0546875
287.0 3.953125
288.0 3.734375
289.0 0.6875
290.0 0.0
291.0 0.0
292.0 7.9140625
293.0 3.515625
294.0 3.3828125
295.0 3.3515625
296.0 3.1484375
297.0 2.4921875
298.0 3.0
299.0 2.8203125
300.0 2.28125
301.0 3.53125
302.0 3.6953125
303.0 3.171875
304.0 2.234375
305.0 0.0
306.0 5.234375
307.0 1.796875
308.0 2.9609375
309.0 2.265625
310.0 2.6953125
311.0 3.1328125
312.0 3.2890625
313.0 3.53125
314.0 3.4609375
315.0 1.7578125
316.0 6.6328125
317.0 4.0
318.0 4.0703125
319.0 4.0
320.0 3.203125
321.0 1.890625
322.0 2.21875
323.0 3.1328125
324.0 3.328125
325.0 3.5
326.0 3.84375
327.0 3.5234375
328.0 1.53125
329.0 0.0
330.0 6.7421875
331.0 1.0234375
332.0 1.796875
333.0 3.5234375
334.0 4.296875
335.0 2.953125
336.0 2.1328125
337.0 2.25
338.0 2.5234375
339.0 1.1640625
340.0 0.0
341.0 6.9296875
342.0 3.4296875
343.0 4.3515625
344.0 4.484375
345.0 4.453125
346.0 4.4296875
347.0 4.3046875
348.0 3.8046875
349.0 3.7734375
350.0 4.125
351.0 3.59375
352.0 0.5546875
353.0 7.0078125
354.0 4.0859375
355.0 4.390625
356.0 4.6796875
357.0 3.9375
358.0 5.203125
359.0 4.53125
360.0 4.5390625
361.0 3.9140625
362.0 3.953125
363.0 4.390625
364.0 4.328125
365.0 4.0
366.0 3.3984375
367.0 2.9375
368.0 4.09375
369.0 3.8515625
370.0 0.328125
371.0 7.0625
372.0 3.5
373.0 3.9765625
374.0 3.6796875
375.0 4.03125
376.0 4.125
377.0 4.09375
378.0 0.546875
379.0 6.5390625
380.0 3.34375
381.0 4.0703125
382.0 3.84375
383.0 4.828125
384.0 5.1640625
385.0 5.171875
386.0 5.0234375
387.0 4.625
388.0 4.546875
389.0 4.796875
390.0 4.4765625
391.0 0.7578125
392.0 9.0078125
393.0 4.6875
394.0 4.25
395.0 4.1015625
396.0 3.859375
397.0 1.7734375
398.0 6.9765625
399.0 4.921875
400.0 4.65625
401.0 4.6640625
402.0 4.859375
403.0 4.78125
404.0 5.1328125
405.0 5.0390625
406.0 4.8125
407.0 4.4765625
408.0 2.609375
409.0 7.25
410.0 5.078125
411.0 4.1796875
412.0 3.84375
413.0 3.046875
414.0 4.578125
415.0 3.7734375
416.0 4.7421875
417.0 4.546875
418.0 1.984375
419.0 6.828125
420.0 3.265625
421.0 4.78125
422.0 3.5
423.0 3.9765625
424.0 5.46875
425.0 5.3125
426.0 5.2890625
427.0 4.8359375
428.0 5.375
429.0 5.2734375
430.0 5.4375
431.0 5.3359375
432.0 5.703125
433.0 5.8125
434.0 4.921875
435.0 4.421875
436.0 5.0234375
437.0 3.671875
438.0 4.125
439.0 4.6484375
440.0 4.5078125
441.0 4.53125
442.0 4.390625
443.0 3.9375
444.0 3.8046875
445.0 3.921875
446.0 2.875
447.0 3.5546875
448.0 3.078125
449.0 0.0
450.0 5.78125
451.0 3.1015625
452.0 3.8515625
453.0 4.0625
454.0 2.1640625
455.0 0.5703125
456.0 8.203125
457.0 4.5625
458.0 4.359375
459.0 4.9609375
460.0 5.2734375
461.0 5.0390625
462.0 4.5078125
463.0 5.1953125
464.0 5.1015625
465.0 4.3515625
466.0 4.7265625
467.0 4.953125
468.0 4.6640625
469.0 3.5859375
470.0 4.3046875
471.0 2.9609375
472.0 6.03125
473.0 4.5390625
474.0 3.2578125
475.0 2.3125
476.0 2.4921875
477.0 1.640625
478.0 2.921875
479.0 4.421875
480.0 4.875
481.0 4.578125
482.0 5.0390625
483.0 2.78125
484.0 0.6640625
485.0 0.0
486.0 6.8828125
487.0 4.6796875
488.0 4.75
489.0 4.7734375
490.0 5.171875
491.0 4.9765625
492.0 5.1328125
493.0 5.6640625
494.0 5.859375
495.0 5.78125
496.0 5.5859375
497.0 3.640625
498.0 2.578125
499.0 0.1796875
500.0 4.8046875
501.0 1.984375
502.0 1.828125
503.0 3.1171875
504.0 2.046875
505.0 1.5078125
506.0 0.0
507.0 0.2421875
508.0 6.765625
509.0 1.375
510.0 1.8046875
511.0 3.7109375
512.0 2.1953125
513.0 2.296875
514.0 2.453125
515.0 1.5625
516.0 1.5546875
517.0 1.7890625
518.0 1.703125
519.0 0.578125
520.0 0.0
521.0 0.0
522.0 4.5390625
523.0 1.59375
524.0 0.5546875
525.0 0.9296875
526.0 1.1953125
527.0 1.1171875
528.0 0.5703125
529.0 1.5390625
530.0 2.8515625
531.0 3.7890625
532.0 2.5234375
533.0 1.4921875
534.0 1.1796875
535.0 1.5
536.0 1.140625
537.0 0.0
538.0 5.078125
539.0 1.9375
540.0 1.796875
541.0 2.359375
542.0 4.8671875
543.0 4.3984375
544.0 4.125
545.0 1.7109375
546.0 5.1953125
547.0 2.96875
548.0 3.3125
549.0 2.640625
550.0 2.78125
551.0 4.875
552.0 3.171875
553.0 3.875
554.0 4.625
555.0 4.3046875
556.0 4.78125
557.0 4.21875
558.0 2.609375
559.0 5.90625
560.0 3.53125
561.0 3.7578125
562.0 4.9453125
563.0 5.5
564.0 1.390625
565.0 8.5078125
566.0 4.21875
567.0 5.0234375
568.0 4.0625
569.0 4.171875
570.0 4.7265625
571.0 4.953125
572.0 2.75
573.0 4.546875
574.0 6.0859375
575.0 3.7578125
576.0 0.5078125
577.0 8.296875
578.0 5.3515625
579.0 4.4296875
580.0 4.0859375
581.0 3.34375
582.0 4.9609375
583.0 4.6328125
584.0 4.875
585.0 5.1875
586.0 5.171875
587.0 4.7578125
588.0 4.8671875
589.0 4.796875
590.0 4.8671875
591.0 3.3125
592.0 6.15625
593.0 5.2265625
594.0 5.015625
595.0 3.703125
596.0 7.109375
597.0 3.9921875
598.0 7.2890625
599.0 5.15625
