0.0 4.953125
1.0 0.734375
2.0 9.21875
3.0 4.78125
4.0 4.8984375
5.0 5.0703125
6.0 4.828125
7.0 0.9921875
8.0 9.1328125
9.0 4.8046875
10.0 4.0625
11.0 3.4140625
12.0 2.578125
13.0 1.1171875
14.0 1.171875
15.0 2.65625
16.0 1.796875
17.0 2.5078125
18.0 3.2265625
19.0 1.8203125
20.0 0.0
21.0 6.515625
22.0 2.640625
23.0 3.5234375
24.0 4.6640625
25.0 3.8203125
26.0 2.0703125
27.0 0.0
28.0 6.9140625
29.0 3.4375
30.0 2.8671875
31.0 3.7734375
32.0 2.578125
33.0 3.328125
34.0 4.7734375
35.0 4.9921875
36.0 5.1015625
37.0 4.9921875
38.0 4.6484375
39.0 4.421875
40.0 4.9296875
41.0 5.1328125
42.0 5.4375
43.0 5.40625
44.0 5.3359375
45.0 5.0859375
46.0 4.8671875
47.0 5.0546875
48.0 5.046875
49.0 5.0390625
50.0 5.046875
51.0 5.4375
52.0 5.0234375
53.0 5.0546875
54.0 0.546875
55.0 9.7421875
56.0 1.109375
57.0 8.8203125
58.0 5.1640625
59.0 5.140625
60.0 5.21875
61.0 5.375
62.0 5.21875
63.0 5.4375
64.0 5.28125
65.0 5.125
66.0 5.3203125
67.0 5.109375
68.0 5.140625
69.0 5.125
70.0 0.8671875
71.0 8.9765625
72.0 4.8671875
73.0 4.75
74.0 5.2734375
75.0 5.203125
76.0 5.234375
77.0 5.078125
78.0 2.6640625
79.0 6.5625
80.0 4.953125
81.0 4.7734375
82.0 4.71875
83.0 4.625
84.0 5.078125
85.0 4.890625
86.0 5.078125
87.0 4.9921875
88.0 4.953125
89.0 4.9921875
90.0 4.921875
91.0 5.0234375
92.0 4.625
93.0 5.3828125
94.0 4.8359375
95.0 1.203125
96.0 8.6875
97.0 5.0078125
98.0 4.9453125
99.0 4.8984375
100.0 4.7421875
101.0 4.5
102.0 5.1640625
103.0 4.9453125
104.0 4.7421875
105.0 4.453125
106.0 2.890625
107.0 6.234375
108.0 4.984375
109.0 5.234375
110.0 5.2265625
111.0 5.015625
112.0 4.8671875
113.0 4.7578125
114.0 4.8984375
115.0 4.4296875
116.0 4.75
117.0 4.6328125
118.0 4.59375
119.0 4.875
120.0 4.9765625
121.0 4.6796875
122.0 0.6328125
123.0 9.390625
124.0 5.0234375
125.0 5.109375
126.0 4.6953125
127.0 1.234375
128.0 8.9375
129.0 5.25
130.0 5.1328125
131.0 4.90625
132.0 4.421875
133.0 4.59375
134.0 4.609375
135.0 4.8125
136.0 5.015625
137.0 4.8984375
138.0 4.5625
139.0 5.15625
140.0 3.3671875
141.0 6.53125
142.0 4.875
143.0 5.078125
144.0 5.1015625
145.0 4.5390625
146.0 5.0859375
147.0 4.859375
148.0 4.9609375
149.0 4.71875
150.0 5.015625
151.0 5.0546875
152.0 4.796875
153.0 4.28125
154.0 3.1796875
155.0 6.328125
156.0 4.90625
157.0 4.8984375
158.0 4.71875
159.0 4.9921875
160.0 2.2421875
161.0 7.75
162.0 4.875
163.0 4.984375
164.0 5.0078125
165.0 4.9296875
166.0 4.625
167.0 4.7578125
168.0 4.4140625
169.0 4.859375
170.0 5.15625
171.0 5.1328125
172.0 5.15625
173.0 5.078125
174.0 2.1875
175.0 7.3984375
176.0 5.015625
177.0 4.8359375
178.0 5.25
179.0 4.890625
180.0 1.0859375
181.0 9.1015625
182.0 4.984375
183.0 4.0078125
184.0 4.9765625
185.0 5.0546875
186.0 4.4765625
187.0 4.5390625
188.0 4.6953125
189.0 4.5703125
190.0 4.796875
191.0 4.6953125
192.0 4.515625
193.0 2.75
194.0 0.0
195.0 7.21875
196.0 4.5390625
197.0 4.28125
198.0 4.6328125
199.0 5.078125
200.0 4.859375
201.0 5.0859375
202.0 4.875
203.0 4.65625
204.0 3.734375
205.0 5.875
206.0 3.21875
207.0 6.6484375
208.0 5.0859375
209.0 5.28125
210.0 4.8125
211.0 4.84375
212.0 3.4140625
213.0 6.09375
214.0 4.8125
215.0 4.9609375
216.0 3.5859375
217.0 5.9296875
218.0 4.5703125
219.0 4.984375
220.0 5.046875
221.0 4.859375
222.0 3.140625
223.0 6.71875
224.0 4.9921875
225.0 4.3046875
226.0 4.859375
227.0 4.6953125
228.0 4.5390625
229.0 4.890625
230.0 4.7109375
231.0 4.84375
232.0 4.9296875
233.0 4.5703125
234.0 4.984375
235.0 5.046875
236.0 5.28125
237.0 1.7734375
238.0 8.65625
239.0 5.046875
240.0 5.34375
241.0 5.3203125
242.0 3.90625
243.0 6.40625
244.0 5.0546875
245.0 4.7109375
246.0 5.0078125
247.0 5.0859375
248.0 4.90625
249.0 5.1875
250.0 5.1328125
251.0 5.125
252.0 5.5234375
253.0 5.28125
254.0 5.453125
255.0 4.7421875
256.0 0.65625
257.0 8.8046875
258.0 4.546875
259.0 4.9453125
260.0 5.109375
261.0 4.75
262.0 3.65625
263.0 6.8671875
264.0 4.8671875
265.0 4.984375
266.0 5.046875
267.0 5.015625
268.0 5.15625
269.0 5.0546875
270.0 5.046875
271.0 5.0703125
272.0 5.125
273.0 5.109375
274.0 5.1328125
275.0 5.1875
276.0 0.375
277.0 9.5390625
278.0 4.953125
279.0 5.140625
280.0 4.9296875
281.0 3.109375
282.0 7.0703125
283.0 5.140625
284.0 4.8671875
285.0 5.3515625
286.0 5.0859375
287.0 5.109375
288.0 5.1640625
289.0 5.0703125
290.0 5.6015625
291.0 5.203125
292.0 5.25
293.0 5.3515625
294.0 5.0703125
295.0 5.0234375
296.0 5.3828125
297.0 5.0078125
298.0 4.953125
299.0 4.828125
300.0 5.109375
301.0 5.1328125
302.0 3.46875
303.0 6.8984375
304.0 5.046875
305.0 4.9453125
306.0 4.9765625
307.0 5.3671875
308.0 4.921875
309.0 4.9453125
310.0 4.75
311.0 4.7734375
312.0 4.65625
313.0 4.828125
314.0 4.8046875
315.0 4.796875
316.0 4.7578125
317.0 1.3203125
318.0 8.6796875
319.0 4.6484375
320.0 4.8671875
321.0 5.1015625
322.0 4.7734375
323.0 0.15625
324.0 9.1015625
325.0 4.5625
326.0 4.4453125
327.0 4.3203125
328.0 4.65625
329.0 4.5625
330.0 4.90625
331.0 4.6640625
332.0 4.65625
333.0 4.6640625
334.0 4.6953125
335.0 4.78125
336.0 4.4453125
337.0 3.703125
338.0 4.0
339.0 4.46875
340.0 4.6484375
341.0 2.9296875
342.0 6.4140625
343.0 4.1875
344.0 3.96875
345.0 3.859375
346.0 3.5546875
347.0 3.8046875
348.0 3.5234375
349.0 3.4296875
350.0 3.8515625
351.0 4.3203125
352.0 3.046875
353.0 1.7421875
354.0 0.0
355.0 7.4296875
356.0 3.53125
357.0 5.15625
358.0 5.15625
359.0 5.21875
360.0 5.1015625
361.0 5.125
362.0 5.3125
363.0 5.2734375
364.0 5.3125
365.0 5.2265625
366.0 5.078125
367.0 1.140625
368.0 9.1328125
369.0 5.21875
370.0 4.9453125
371.0 4.6328125
372.0 1.703125
373.0 8.1796875
374.0 5.15625
375.0 5.2890625
376.0 5.421875
377.0 5.3828125
378.0 5.1328125
379.0 5.53125
380.0 3.609375
381.0 7.1015625
382.0 5.46875
383.0 5.5
384.0 5.34375
385.0 5.2734375
386.0 5.2578125
387.0 5.34375
388.0 5.34375
389.0 5.1328125
390.0 5.0078125
391.0 4.8359375
392.0 5.0703125
393.0 5.484375
394.0 2.4140625
395.0 8.1796875
396.0 5.140625
397.0 5.2578125
398.0 5.171875
399.0 4.171875
400.0 6.359375
401.0 5.1015625
402.0 4.9453125
403.0 5.109375
404.0 5.2265625
405.0 5.375
406.0 5.484375
407.0 5.4609375
408.0 5.4609375
409.0 5.171875
410.0 5.0234375
411.0 5.2265625
412.0 5.1328125
413.0 4.9453125
414.0 5.0234375
415.0 5.0859375
416.0 4.6953125
417.0 4.890625
418.0 5.046875
419.0 4.7734375
420.0 4.7265625
421.0 4.7421875
422.0 4.9609375
423.0 4.4140625
424.0 4.515625
425.0 4.0703125
426.0 3.0859375
427.0 5.7578125
428.0 4.484375
429.0 4.421875
430.0 4.171875
431.0 4.5
432.0 5.046875
433.0 4.953125
434.0 4.84375
435.0 4.6796875
436.0 4.6796875
437.0 3.4375
438.0 3.1953125
439.0 4.53125
440.0 4.796875
441.0 3.5625
442.0 2.984375
443.0 4.5
444.0 3.3671875
445.0 1.0625
446.0 7.0078125
447.0 5.015625
448.0 5.109375
449.0 4.9296875
450.0 4.90625
451.0 5.140625
452.0 5.1015625
453.0 4.8984375
454.0 4.953125
455.0 4.8125
456.0 3.5234375
457.0 6.3515625
458.0 4.71875
459.0 4.7734375
460.0 4.84375
461.0 4.7734375
462.0 4.65625
463.0 4.515625
464.0 4.65625
465.0 4.9609375
466.0 4.6484375
467.0 4.5390625
468.0 4.3203125
469.0 4.6640625
470.0 2.7265625
471.0 6.421875
472.0 4.8671875
473.0 4.9765625
474.0 4.7734375
475.0 4.9765625
476.0 4.5078125
477.0 4.8046875
478.0 4.8359375
479.0 4.6796875
480.0 2.21875
481.0 7.2421875
482.0 4.1171875
483.0 3.578125
484.0 4.890625
485.0 5.0703125
486.0 5.015625
487.0 4.78125
488.0 4.3359375
489.0 4.1875
490.0 3.9375
491.0 4.3515625
492.0 5.109375
493.0 3.515625
494.0 6.796875
495.0 4.6640625
496.0 4.7265625
497.0 4.2421875
498.0 5.1328125
499.0 5.171875
500.0 5.3125
501.0 0.7578125
502.0 9.1640625
503.0 4.6796875
504.0 4.9453125
505.0 4.84375
506.0 5.0546875
507.0 5.0234375
508.0 5.21875
509.0 4.8359375
510.0 4.953125
511.0 4.1796875
512.0 5.9609375
513.0 4.546875
514.0 4.8359375
515.0 4.6796875
516.0 4.8046875
517.0 4.8671875
518.0 5.1875
519.0 5.1640625
520.0 5.375
521.0 5.234375
522.0 4.9609375
523.0 5.0078125
524.0 5.0546875
525.0 4.25
526.0 5.9296875
527.0 4.75
528.0 4.7578125
529.0 4.8984375
530.0 3.21875
531.0 6.921875
532.0 5.234375
533.0 4.8671875
534.0 3.3203125
535.0 4.75
536.0 5.0078125
537.0 4.859375
538.0 4.953125
539.0 4.921875
540.0 4.9765625
541.0 4.8125
542.0 4.9765625
543.0 2.453125
544.0 7.7578125
545.0 5.109375
546.0 4.875
547.0 4.90625
548.0 4.8984375
549.0 5.171875
550.0 5.25
551.0 5.140625
552.0 5.125
553.0 5.2265625
554.0 3.6171875
555.0 6.828125
556.0 4.6796875
557.0 4.90625
558.0 3.375
559.0 6.2421875
560.0 5.140625
561.0 5.0703125
562.0 5.0234375
563.0 5.140625
564.0 4.8671875
565.0 5.0546875
566.0 5.0078125
567.0 4.9765625
568.0 3.3671875
569.0 4.65625
570.0 6.5078125
571.0 4.6484375
572.0 5.015625
573.0 5.125
574.0 4.9609375
575.0 4.828125
576.0 4.71875
577.0 4.53125
578.0 4.6015625
579.0 4.8046875
580.0 4.3359375
581.0 4.6015625
582.0 4.796875
583.0 4.921875
584.0 0.515625
585.0 8.75
586.0 4.4140625
587.0 4.7734375
588.0 4.6953125
589.0 4.9296875
590.0 4.75
591.0 4.90625
592.0 4.8046875
593.0 4.265625
594.0 4.453125
595.0 4.3984375
596.0 4.9296875
597.0 4.953125
598.0 4.609375
599.0 3.90625
