0.0 2.625
1.0 3.34375
2.0 4.0390625
3.0 4.1015625
4.0 3.859375
5.0 5.1328125
6.0 5.453125
7.0 1.265625
8.0 9.390625
9.0 4.3203125
10.0 5.9609375
11.0 4.9921875
12.0 4.03125
13.0 1.4140625
14.0 7.875
15.0 4.8984375
16.0 4.6875
17.0 5.2578125
18.0 4.984375
19.0 5.140625
20.0 5.203125
21.0 5.015625
22.0 4.71875
23.0 3.25
24.0 4.15625
25.0 4.0234375
26.0 4.578125
27.0 4.5703125
28.0 4.609375
29.0 3.7578125
30.0 4.2734375
31.0 4.359375
32.0 5.2578125
33.0 4.625
34.0 4.53125
35.0 4.46875
36.0 4.59375
37.0 4.5703125
38.0 1.4765625
39.0 6.2578125
40.0 3.953125
41.0 3.8203125
42.0 2.15625
43.0 6.125
44.0 4.2109375
45.0 2.484375
46.0 3.8515625
47.0 3.1328125
48.0 2.921875
49.0 3.4609375
50.0 4.234375
51.0 3.234375
52.0 4.1796875
53.0 4.8984375
54.0 5.015625
55.0 5.4609375
56.0 1.8671875
57.0 9.0703125
58.0 5.421875
59.0 5.4609375
60.0 4.7421875
61.0 1.4140625
62.0 8.1328125
63.0 3.96875
64.0 3.40625
65.0 3.96875
66.0 4.265625
67.0 1.9375
68.0 5.875
69.0 5.109375
70.0 5.171875
71.0 4.0234375
72.0 4.390625
73.0 6.5859375
74.0 6.1796875
75.0 5.6015625
76.0 5.4921875
77.0 5.1875
78.0 4.265625
79.0 5.046875
80.0 5.5546875
81.0 2.8359375
82.0 7.875
83.0 5.828125
84.0 5.703125
85.0 1.703125
86.0 0.0
87.0 6.4375
88.0 1.09375
89.0 4.71875
90.0 3.4375
91.0 4.3046875
92.0 3.875
93.0 4.5
94.0 3.078125
95.0 5.5546875
96.0 3.734375
97.0 4.7734375
98.0 4.65625
99.0 4.171875
100.0 4.390625
101.0 1.9453125
102.0 6.5703125
103.0 5.375
104.0 5.140625
105.0 5.6640625
106.0 4.828125
107.0 2.8515625
108.0 4.921875
109.0 2.875
110.0 6.9609375
111.0 4.1328125
112.0 5.4921875
113.0 6.0
114.0 5.828125
115.0 4.921875
116.0 4.921875
117.0 3.34375
118.0 3.1796875
119.0 4.2734375
120.0 5.1875
121.0 5.453125
122.0 5.234375
123.0 1.9765625
124.0 8.734375
125.0 5.515625
126.0 4.1796875
127.0 5.4921875
128.0 6.125
129.0 6.078125
130.0 5.7890625
131.0 5.0859375
132.0 5.40625
133.0 5.6328125
134.0 5.6171875
135.0 5.234375
136.0 5.640625
137.0 6.0078125
138.0 5.7578125
139.0 5.2734375
140.0 1.203125
141.0 7.703125
142.0 5.515625
143.0 6.0
144.0 6.109375
145.0 5.9453125
146.0 1.53125
147.0 10.4765625
148.0 5.765625
149.0 6.6875
150.0 6.6484375
151.0 5.671875
152.0 6.171875
153.0 6.0078125
154.0 6.359375
155.0 6.328125
156.0 6.078125
157.0 3.1796875
158.0 8.6484375
159.0 6.109375
160.0 5.0859375
161.0 4.6640625
162.0 5.40625
163.0 6.09375
164.0 6.2421875
165.0 6.4375
166.0 6.5
167.0 1.7421875
168.0 10.625
169.0 6.59375
170.0 5.640625
171.0 5.8828125
172.0 5.9140625
173.0 5.5625
174.0 5.4296875
175.0 4.4140625
176.0 4.171875
177.0 3.40625
178.0 2.0078125
179.0 0.0
180.0 0.0
181.0 8.328125
182.0 5.5625
183.0 5.2578125
184.0 4.9609375
185.0 5.0546875
186.0 5.46875
187.0 3.25
188.0 4.9296875
189.0 3.34375
190.0 8.2890625
191.0 1.8671875
192.0 3.7578125
193.0 0.3359375
194.0 0.0
195.0 6.7421875
196.0 6.1875
197.0 5.734375
198.0 6.2734375
199.0 5.609375
200.0 6.2109375
201.0 3.4375
202.0 8.078125
203.0 5.9296875
204.0 6.734375
205.0 3.7265625
206.0 9.8203125
207.0 6.265625
208.0 6.4765625
209.0 6.9765625
210.0 6.6171875
211.0 6.3515625
212.0 5.734375
213.0 3.859375
214.0 5.640625
215.0 5.546875
216.0 4.4765625
217.0 5.84375
218.0 4.0546875
219.0 0.65625
220.0 7.4609375
221.0 2.65625
222.0 2.890625
223.0 2.96875
224.0 0.5390625
225.0 4.9765625
226.0 3.078125
227.0 3.3984375
228.0 2.6015625
229.0 1.8515625
230.0 1.4140625
231.0 2.09375
232.0 1.6796875
233.0 1.171875
234.0 2.875
235.0 3.4921875
236.0 1.8828125
237.0 0.7890625
238.0 5.4609375
239.0 3.828125
240.0 4.625
241.0 5.046875
242.0 4.6875
243.0 4.984375
244.0 6.203125
245.0 6.0078125
246.0 5.46875
247.0 3.015625
248.0 7.3203125
249.0 5.5859375
250.0 4.921875
251.0 4.6015625
252.0 4.921875
253.0 4.75
254.0 4.421875
255.0 4.7578125
256.0 4.21875
257.0 3.8515625
258.0 4.3828125
259.0 4.65625
260.0 2.453125
261.0 6.390625
262.0 4.6484375
263.0 5.1328125
264.0 3.8046875
265.0 3.046875
266.0 0.25
267.0 9.2109375
268.0 4.921875
269.0 5.8203125
270.0 5.5546875
271.0 5.2265625
272.0 4.6953125
273.0 4.9765625
274.0 5.53125
275.0 4.6015625
276.0 4.15625
277.0 5.28125
278.0 4.796875
279.0 1.1640625
280.0 0.0
281.0 5.828125
282.0 2.1875
283.0 2.0703125
284.0 2.359375
285.0 2.515625
286.0 3.140625
287.0 2.59375
288.0 0.0
289.0 7.0390625
290.0 3.375
291.0 3.28125
292.0 3.6796875
293.0 3.609375
294.0 3.3671875
295.0 3.875
296.0 3.265625
297.0 2.1328125
298.0 2.265625
299.0 1.7109375
300.0 1.6875
301.0 0.0
302.0 4.6875
303.0 2.78125
304.0 3.3828125
305.0 4.7109375
306.0 4.25
307.0 4.53125
308.0 4.796875
309.0 3.953125
310.0 3.90625
311.0 0.0
312.0 6.3359375
313.0 0.984375
314.0 1.390625
315.0 1.1484375
316.0 4.578125
317.0 0.9921875
318.0 3.546875
319.0 2.7265625
320.0 1.6875
321.0 1.9453125
322.0 2.9921875
323.0 2.2109375
324.0 2.1953125
325.0 2.1640625
326.0 1.984375
327.0 1.5625
328.0 1.921875
329.0 4.6953125
330.0 4.6953125
331.0 4.3984375
332.0 1.4453125
333.0 0.0
334.0 2.6953125
335.0 4.2734375
336.0 0.0625
337.0 1.5859375
338.0 3.0546875
339.0 2.78125
340.0 6.5
341.0 4.3984375
342.0 3.109375
343.0 3.078125
344.0 1.609375
345.0 0.9296875
346.0 2.1875
347.0 4.0703125
348.0 3.2890625
349.0 1.734375
350.0 3.4296875
351.0 2.875
352.0 2.71875
353.0 0.0703125
354.0 0.0
355.0 7.46875
356.0 4.515625
357.0 4.8046875
358.0 3.4375
359.0 3.3515625
360.0 1.2421875
361.0 0.0
362.0 5.6796875
363.0 0.015625
364.0 8.0859375
365.0 4.6796875
366.0 4.9765625
367.0 2.953125
368.0 5.7578125
369.0 5.75
370.0 3.171875
371.0 2.34375
372.0 4.71875
373.0 5.578125
374.0 4.234375
375.0 0.5546875
376.0 0.0
377.0 7.8359375
378.0 5.515625
379.0 3.234375
380.0 2.65625
381.0 1.65625
382.0 0.8828125
383.0 2.7890625
384.0 5.765625
385.0 5.171875
386.0 5.9375
387.0 5.0703125
388.0 3.671875
389.0 3.6171875
390.0 4.546875
391.0 1.796875
392.0 0.0
393.0 6.5703125
394.0 4.328125
395.0 4.46875
396.0 4.0
397.0 3.1171875
398.0 1.1328125
399.0 6.6015625
400.0 2.6953125
401.0 3.8515625
402.0 4.71875
403.0 4.6640625
404.0 3.53125
405.0 2.8671875
406.0 1.921875
407.0 1.671875
408.0 2.28125
409.0 4.125
410.0 4.203125
411.0 0.734375
412.0 8.1953125
413.0 4.453125
414.0 4.453125
415.0 4.3203125
416.0 3.875
417.0 2.4765625
418.0 5.5546875
419.0 4.515625
420.0 4.28125
421.0 4.546875
422.0 4.15625
423.0 4.2734375
424.0 2.6640625
425.0 2.78125
426.0 4.5
427.0 4.515625
428.0 4.484375
429.0 4.859375
430.0 4.90625
431.0 0.4609375
432.0 8.5234375
433.0 4.6875
434.0 4.578125
435.0 4.3671875
436.0 4.6953125
437.0 4.5625
438.0 0.71875
439.0 8.5703125
440.0 4.25
441.0 4.6484375
442.0 4.6328125
443.0 4.6875
444.0 4.2734375
445.0 4.4453125
446.0 4.546875
447.0 3.4921875
448.0 2.9296875
449.0 1.5859375
450.0 5.421875
451.0 4.0703125
452.0 4.3203125
453.0 4.4453125
454.0 4.3203125
455.0 4.2421875
456.0 4.3671875
457.0 4.515625
458.0 4.3515625
459.0 4.0703125
460.0 4.03125
461.0 3.875
462.0 3.546875
463.0 5.1328125
464.0 4.65625
465.0 4.1328125
466.0 4.7421875
467.0 4.1796875
468.0 4.0703125
469.0 4.65625
470.0 4.3046875
471.0 4.0
472.0 4.296875
473.0 3.953125
474.0 3.9765625
475.0 4.171875
476.0 3.65625
477.0 3.96875
478.0 3.609375
479.0 0.0703125
480.0 7.9921875
481.0 4.6796875
482.0 4.59375
483.0 4.75
484.0 4.6796875
485.0 4.65625
486.0 4.7109375
487.0 4.890625
488.0 4.296875
489.0 2.4921875
490.0 0.0
491.0 8.1328125
492.0 3.703125
493.0 4.0703125
494.0 4.3515625
495.0 4.65625
496.0 4.9453125
497.0 4.7578125
498.0 5.0546875
499.0 5.0859375
500.0 4.359375
501.0 3.9140625
502.0 1.234375
503.0 6.6875
504.0 4.1484375
505.0 3.703125
506.0 4.4296875
507.0 4.5078125
508.0 4.46875
509.0 1.09375
510.0 5.671875
511.0 1.5625
512.0 4.4140625
513.0 4.5703125
514.0 4.1015625
515.0 3.9453125
516.0 4.3203125
517.0 4.65625
518.0 4.546875
519.0 4.7265625
520.0 4.1796875
521.0 4.59375
522.0 4.453125
523.0 4.453125
524.0 4.796875
525.0 4.65625
526.0 4.828125
527.0 1.4453125
528.0 7.8359375
529.0 4.515625
530.0 4.359375
531.0 2.7109375
532.0 5.1953125
533.0 4.828125
534.0 4.6484375
535.0 4.21875
536.0 4.59375
537.0 4.5625
538.0 4.0625
539.0 4.546875
540.0 4.1796875
541.0 4.3828125
542.0 4.515625
543.0 4.3984375
544.0 2.390625
545.0 5.3046875
546.0 4.15625
547.0 4.7109375
548.0 4.828125
549.0 4.203125
550.0 2.296875
551.0 4.7734375
552.0 5.2265625
553.0 5.0703125
554.0 4.484375
555.0 2.125
556.0 1.1796875
557.0 2.1015625
558.0 4.3359375
559.0 5.015625
560.0 4.90625
561.0 4.796875
562.0 4.796875
563.0 2.7265625
564.0 6.6640625
565.0 2.5234375
566.0 6.390625
567.0 4.5078125
568.0 4.984375
569.0 4.9609375
570.0 4.7578125
571.0 4.5390625
572.0 4.21875
573.0 5.0234375
574.0 4.53125
575.0 4.5
576.0 4.796875
577.0 4.484375
578.0 4.3046875
579.0 4.921875
580.0 2.5703125
581.0 2.2734375
582.0 2.78125
583.0 4.6875
584.0 1.2265625
585.0 6.5390625
586.0 4.0
587.0 4.46875
588.0 4.390625
589.0 3.9140625
590.0 4.1796875
591.0 4.7421875
592.0 4.234375
593.0 4.5703125
594.0 4.1796875
595.0 3.921875
596.0 3.9453125
597.0 4.1796875
598.0 4.328125
599.0 0.2734375
