0.0 4.6875
1.0 5.3515625
2.0 5.15625
3.0 4.234375
4.0 2.671875
5.0 6.109375
6.0 3.5546875
7.0 4.828125
8.0 4.90625
9.0 5.15625
10.0 5.1328125
11.0 4.921875
12.0 4.9296875
13.0 4.9921875
14.0 4.953125
15.0 4.7421875
16.0 4.3203125
17.0 4.84375
18.0 5.1875
19.0 5.1015625
20.0 1.0859375
21.0 8.8671875
22.0 4.7421875
23.0 4.984375
24.0 4.7578125
25.0 0.0
26.0 9.8046875
27.0 4.796875
28.0 4.8671875
29.0 4.625
30.0 4.71875
31.0 4.6953125
32.0 4.9609375
33.0 4.953125
34.0 4.984375
35.0 4.890625
36.0 4.625
37.0 2.921875
38.0 0.0
39.0 6.1796875
40.0 1.984375
41.0 3.0234375
42.0 4.890625
43.0 4.6875
44.0 0.578125
45.0 8.921875
46.0 5.0078125
47.0 5.0390625
48.0 5.171875
49.0 5.015625
50.0 4.7734375
51.0 4.6015625
52.0 4.15625
53.0 4.4453125
54.0 4.1796875
55.0 4.5390625
56.0 4.8359375
57.0 4.8125
58.0 0.4609375
59.0 8.9140625
60.0 3.8203125
61.0 3.7734375
62.0 0.8125
63.0 8.4765625
64.0 4.90625
65.0 4.5078125
66.0 4.1015625
67.0 4.828125
68.0 5.0703125
69.0 4.9609375
70.0 4.984375
71.0 5.0546875
72.0 5.0859375
73.0 4.9921875
74.0 4.890625
75.0 4.9453125
76.0 4.7109375
77.0 4.8671875
78.0 5.0078125
79.0 4.6484375
80.0 5.046875
81.0 5.1015625
82.0 5.2890625
83.0 4.7578125
84.0 4.6640625
85.0 4.5078125
86.0 5.0703125
87.0 5.3359375
88.0 5.2890625
89.0 5.421875
90.0 5.453125
91.0 5.3359375
92.0 5.2265625
93.0 5.3984375
94.0 5.203125
95.0 4.9609375
96.0 2.0859375
97.0 8.015625
98.0 2.8359375
99.0 7.2578125
100.0 2.7421875
101.0 6.9140625
102.0 5.0234375
103.0 4.1171875
104.0 4.9296875
105.0 4.8125
106.0 4.59375
107.0 4.71875
108.0 4.1796875
109.0 4.578125
110.0 4.828125
111.0 4.4296875
112.0 4.4765625
113.0 3.8515625
114.0 4.125
115.0 4.1796875
116.0 5.1328125
117.0 4.5078125
118.0 2.3671875
119.0 5.40625
120.0 4.1796875
121.0 3.890625
122.0 4.0546875
123.0 4.5
124.0 4.0703125
125.0 4.0390625
126.0 4.5625
127.0 4.828125
128.0 4.75
129.0 3.1640625
130.0 3.1640625
131.0 4.0234375
132.0 4.0859375
133.0 4.2109375
134.0 4.453125
135.0 4.0703125
136.0 3.8828125
137.0 4.4765625
138.0 4.578125
139.0 4.0390625
140.0 3.921875
141.0 3.515625
142.0 4.265625
143.0 4.328125
144.0 4.6875
145.0 4.6640625
146.0 5.0703125
147.0 4.546875
148.0 5.25
149.0 5.0546875
150.0 1.0546875
151.0 9.6640625
152.0 3.7109375
153.0 6.6796875
154.0 5.1875
155.0 4.8125
156.0 4.453125
157.0 3.703125
158.0 3.4453125
159.0 4.3359375
160.0 4.3984375
161.0 4.8359375
162.0 4.84375
163.0 5.046875
164.0 5.1875
165.0 5.2578125
166.0 2.484375
167.0 8.1796875
168.0 5.0078125
169.0 5.234375
170.0 5.25
171.0 5.1875
172.0 5.0390625
173.0 2.546875
174.0 7.9296875
175.0 4.875
176.0 4.90625
177.0 4.3203125
178.0 4.265625
179.0 4.7109375
180.0 1.1171875
181.0 8.1484375
182.0 4.234375
183.0 4.6875
184.0 5.3125
185.0 5.125
186.0 4.84375
187.0 4.9609375
188.0 4.890625
189.0 4.828125
190.0 5.0546875
191.0 4.84375
192.0 4.859375
193.0 4.984375
194.0 5.203125
195.0 0.515625
196.0 9.1484375
197.0 4.875
198.0 5.0703125
199.0 4.359375
200.0 5.5546875
201.0 4.8046875
202.0 4.546875
203.0 4.2421875
204.0 4.71875
205.0 4.796875
206.0 4.8125
207.0 4.78125
208.0 4.84375
209.0 4.6953125
210.0 4.7421875
211.0 4.546875
212.0 4.6796875
213.0 3.59375
214.0 0.0
215.0 9.265625
216.0 4.625
217.0 2.453125
218.0 5.890625
219.0 3.875
220.0 5.0859375
221.0 4.5703125
222.0 4.25
223.0 3.1328125
224.0 3.1484375
225.0 3.515625
226.0 2.21875
227.0 3.5546875
228.0 4.0703125
229.0 4.0546875
230.0 2.5390625
231.0 5.84375
232.0 4.7734375
233.0 4.828125
234.0 4.9921875
235.0 5.203125
236.0 5.28125
237.0 5.0703125
238.0 5.0546875
239.0 4.9609375
240.0 5.0546875
241.0 5.2734375
242.0 5.0859375
243.0 5.0703125
244.0 5.0078125
245.0 3.4453125
246.0 6.6796875
247.0 4.6015625
248.0 4.1328125
249.0 0.4375
250.0 5.2265625
251.0 4.7578125
252.0 4.984375
253.0 4.8359375
254.0 4.90625
255.0 4.6796875
256.0 4.25
257.0 4.46875
258.0 4.59375
259.0 3.765625
260.0 5.3125
261.0 4.71875
262.0 4.7265625
263.0 4.484375
264.0 2.625
265.0 6.3828125
266.0 4.6484375
267.0 4.578125
268.0 4.7578125
269.0 4.6640625
270.0 4.875
271.0 4.828125
272.0 4.90625
273.0 4.7578125
274.0 4.8125
275.0 4.7109375
276.0 4.875
277.0 4.9453125
278.0 4.25
279.0 4.578125
280.0 4.9453125
281.0 4.78125
282.0 0.2578125
283.0 9.8359375
284.0 4.921875
285.0 4.6640625
286.0 4.328125
287.0 5.21875
288.0 4.2421875
289.0 4.15625
290.0 4.7578125
291.0 5.125
292.0 5.125
293.0 4.9609375
294.0 5.1015625
295.0 5.015625
296.0 5.0390625
297.0 4.84375
298.0 4.7578125
299.0 4.6015625
300.0 1.28125
301.0 8.5546875
302.0 4.8671875
303.0 4.6015625
304.0 5.0078125
305.0 5.015625
306.0 5.234375
307.0 5.0546875
308.0 4.90625
309.0 4.9296875
310.0 4.9765625
311.0 0.421875
312.0 9.046875
313.0 3.515625
314.0 4.0234375
315.0 5.0546875
316.0 5.3828125
317.0 5.2265625
318.0 5.2578125
319.0 5.25
320.0 5.28125
321.0 5.2265625
322.0 5.3203125
323.0 4.859375
324.0 4.9609375
325.0 5.7890625
326.0 5.109375
327.0 5.0703125
328.0 5.3671875
329.0 5.3203125
330.0 5.140625
331.0 4.453125
332.0 4.5
333.0 3.90625
334.0 4.2421875
335.0 4.6953125
336.0 4.5625
337.0 4.359375
338.0 4.71875
339.0 0.6171875
340.0 8.1171875
341.0 4.3984375
342.0 3.7265625
343.0 2.6015625
344.0 6.171875
345.0 4.484375
346.0 4.71875
347.0 4.2734375
348.0 3.90625
349.0 4.53125
350.0 4.5625
351.0 4.3984375
352.0 4.6953125
353.0 4.171875
354.0 4.1171875
355.0 4.5078125
356.0 4.8046875
357.0 2.78125
358.0 7.25
359.0 5.21875
360.0 5.0234375
361.0 4.875
362.0 5.234375
363.0 5.203125
364.0 4.609375
365.0 4.203125
366.0 5.5234375
367.0 4.828125
368.0 5.3125
369.0 4.390625
370.0 5.3125
371.0 5.1953125
372.0 5.3671875
373.0 5.421875
374.0 5.5
375.0 5.1328125
376.0 5.125
377.0 4.5390625
378.0 4.65625
379.0 5.078125
380.0 2.8984375
381.0 7.3984375
382.0 5.15625
383.0 4.984375
384.0 4.84375
385.0 5.3359375
386.0 5.1015625
387.0 5.15625
388.0 3.171875
389.0 7.4375
390.0 5.0234375
391.0 5.1875
392.0 5.6171875
393.0 5.515625
394.0 5.3046875
395.0 5.4375
396.0 4.984375
397.0 5.15625
398.0 5.484375
399.0 4.3984375
400.0 4.171875
401.0 5.0703125
402.0 3.8203125
403.0 0.0
404.0 9.359375
405.0 4.5390625
406.0 3.671875
407.0 5.234375
408.0 3.9921875
409.0 4.75
410.0 4.90625
411.0 4.46875
412.0 4.8125
413.0 4.6484375
414.0 4.578125
415.0 4.6796875
416.0 4.9921875
417.0 4.6640625
418.0 4.9296875
419.0 5.0234375
420.0 2.8203125
421.0 6.234375
422.0 5.28125
423.0 4.859375
424.0 5.015625
425.0 5.0859375
426.0 4.7265625
427.0 0.6328125
428.0 8.4453125
429.0 4.9609375
430.0 5.3046875
431.0 5.3125
432.0 5.28125
433.0 5.1015625
434.0 5.0390625
435.0 4.71875
436.0 5.15625
437.0 5.1328125
438.0 5.4921875
439.0 5.3984375
440.0 5.2578125
441.0 0.484375
442.0 10.109375
443.0 5.3203125
444.0 5.078125
445.0 5.2734375
446.0 4.6953125
447.0 1.4140625
448.0 6.8671875
449.0 4.84375
450.0 4.4140625
451.0 5.1328125
452.0 4.8671875
453.0 5.0234375
454.0 4.9765625
455.0 5.078125
456.0 5.0078125
457.0 3.890625
458.0 2.125
459.0 7.578125
460.0 5.0546875
461.0 5.1328125
462.0 4.7734375
463.0 5.3671875
464.0 5.40625
465.0 4.9296875
466.0 4.65625
467.0 3.5
468.0 3.34375
469.0 0.96875
470.0 8.7890625
471.0 5.1953125
472.0 5.203125
473.0 4.9296875
474.0 4.8046875
475.0 4.3671875
476.0 4.0859375
477.0 3.7578125
478.0 4.234375
479.0 4.234375
480.0 5.046875
481.0 5.3671875
482.0 4.9921875
483.0 5.703125
484.0 5.3359375
485.0 5.4296875
486.0 5.2578125
487.0 5.34375
488.0 3.734375
489.0 6.9140625
490.0 5.3359375
491.0 5.3359375
492.0 5.2890625
493.0 5.3515625
494.0 2.7734375
495.0 6.4375
496.0 4.8359375
497.0 4.953125
498.0 5.0078125
499.0 5.28125
500.0 5.1015625
501.0 5.171875
502.0 4.90625
503.0 4.828125
504.0 5.4375
505.0 5.453125
506.0 5.3125
507.0 5.1953125
508.0 5.3125
509.0 2.640625
510.0 7.9296875
511.0 5.0078125
512.0 5.25
513.0 2.9609375
514.0 7.9453125
515.0 5.25
516.0 5.671875
517.0 5.3984375
518.0 4.78125
519.0 5.34375
520.0 5.109375
521.0 5.3125
522.0 5.015625
523.0 5.3828125
524.0 5.2265625
525.0 5.3046875
526.0 5.546875
527.0 4.328125
528.0 6.3046875
529.0 5.484375
530.0 5.234375
531.0 5.1875
532.0 0.078125
533.0 9.25
534.0 4.890625
535.0 5.1875
536.0 5.1328125
537.0 5.3125
538.0 5.1953125
539.0 4.6484375
540.0 1.1796875
541.0 8.375
542.0 4.203125
543.0 4.7578125
544.0 5.3046875
545.0 5.234375
546.0 5.421875
547.0 5.4921875
548.0 5.21875
549.0 5.2265625
550.0 5.25
551.0 5.5
552.0 5.3515625
553.0 5.2265625
554.0 5.140625
555.0 5.484375
556.0 5.3203125
557.0 5.3828125
558.0 5.4921875
559.0 5.25
560.0 2.0078125
561.0 8.890625
562.0 5.3984375
563.0 5.546875
564.0 5.203125
565.0 5.1953125
566.0 5.5546875
567.0 5.421875
568.0 5.453125
569.0 1.671875
570.0 9.0
571.0 5.2578125
572.0 5.25
573.0 5.109375
574.0 5.0078125
575.0 5.3828125
576.0 5.3671875
577.0 5.171875
578.0 5.34375
579.0 5.1953125
580.0 4.9765625
581.0 4.53125
582.0 5.25
583.0 5.1875
584.0 0.765625
585.0 9.7734375
586.0 5.1015625
587.0 5.25
588.0 5.0078125
589.0 5.4296875
590.0 5.0078125
591.0 4.8359375
592.0 5.25
593.0 5.234375
594.0 5.2734375
595.0 5.21875
596.0 5.484375
597.0 4.9765625
598.0 4.28125
599.0 2.8515625
