0.0 4.59375
1.0 1.6875
2.0 7.359375
3.0 4.5625
4.0 4.390625
5.0 5.2265625
6.0 4.484375
7.0 3.203125
8.0 6.9609375
9.0 4.8671875
10.0 4.1328125
11.0 4.328125
12.0 4.59375
13.0 4.4453125
14.0 4.578125
15.0 4.796875
16.0 4.9765625
17.0 4.5
18.0 4.359375
19.0 4.203125
20.0 5.125
21.0 4.8046875
22.0 4.9296875
23.0 0.3125
24.0 8.296875
25.0 5.2578125
26.0 5.078125
27.0 5.3046875
28.0 5.046875
29.0 4.796875
30.0 4.53125
31.0 4.8125
32.0 4.609375
33.0 4.6328125
34.0 4.2109375
35.0 0.4921875
36.0 8.3828125
37.0 5.375
38.0 4.65625
39.0 4.453125
40.0 4.09375
41.0 4.0
42.0 4.0859375
43.0 4.1875
44.0 3.9140625
45.0 3.9921875
46.0 3.9140625
47.0 4.0078125
48.0 2.1328125
49.0 6.140625
50.0 4.1171875
51.0 4.171875
52.0 4.21875
53.0 4.203125
54.0 4.21875
55.0 2.234375
56.0 6.328125
57.0 4.296875
58.0 4.3515625
59.0 4.3359375
60.0 4.125
61.0 4.03125
62.0 3.859375
63.0 2.6953125
64.0 4.5625
65.0 2.7734375
66.0 5.125
67.0 3.65625
68.0 3.9140625
69.0 4.1015625
70.0 3.9140625
71.0 2.96875
72.0 5.0859375
73.0 4.0703125
74.0 4.3671875
75.0 4.3203125
76.0 4.125
77.0 4.1875
78.0 4.1171875
79.0 3.9765625
80.0 4.0625
81.0 4.03125
82.0 4.03125
83.0 4.0546875
84.0 3.96875
85.0 4.03125
86.0 3.9765625
87.0 0.71875
88.0 8.140625
89.0 4.84375
90.0 4.9921875
91.0 4.8046875
92.0 0.15625
93.0 9.453125
94.0 4.71875
95.0 4.828125
96.0 4.9296875
97.0 5.0546875
98.0 5.9140625
99.0 5.2578125
100.0 5.21875
101.0 4.984375
102.0 4.9765625
103.0 4.3203125
104.0 4.4765625
105.0 4.8359375
106.0 3.1484375
107.0 4.7265625
108.0 4.6328125
109.0 4.7734375
110.0 4.8125
111.0 4.71875
112.0 0.4609375
113.0 8.7421875
114.0 4.90625
115.0 4.8125
116.0 4.7109375
117.0 4.171875
118.0 2.5234375
119.0 5.3671875
120.0 4.3515625
121.0 4.6796875
122.0 4.65625
123.0 5.0234375
124.0 4.921875
125.0 4.9296875
126.0 4.9765625
127.0 4.75
128.0 4.859375
129.0 4.828125
130.0 4.828125
131.0 1.34375
132.0 8.40625
133.0 4.7578125
134.0 4.8984375
135.0 5.15625
136.0 5.5625
137.0 4.796875
138.0 5.0078125
139.0 5.0390625
140.0 4.828125
141.0 1.6171875
142.0 6.78125
143.0 4.515625
144.0 4.6640625
145.0 4.6796875
146.0 4.0234375
147.0 5.203125
148.0 4.953125
149.0 4.8671875
150.0 4.5625
151.0 4.7578125
152.0 4.796875
153.0 4.859375
154.0 4.859375
155.0 4.8984375
156.0 4.9921875
157.0 4.953125
158.0 4.7265625
159.0 1.984375
160.0 6.2109375
161.0 5.8828125
162.0 4.921875
163.0 4.6484375
164.0 4.8046875
165.0 4.8671875
166.0 4.625
167.0 4.03125
168.0 3.578125
169.0 3.59375
170.0 3.8828125
171.0 4.3359375
172.0 4.1796875
173.0 4.6015625
174.0 4.6953125
175.0 4.625
176.0 4.53125
177.0 4.515625
178.0 4.53125
179.0 4.6328125
180.0 4.6953125
181.0 4.7109375
182.0 4.203125
183.0 4.234375
184.0 3.578125
185.0 0.09375
186.0 7.1640625
187.0 4.4140625
188.0 4.5703125
189.0 4.5703125
190.0 4.28125
191.0 0.6875
192.0 7.09375
193.0 3.9375
194.0 4.0703125
195.0 4.75
196.0 4.78125
197.0 4.5078125
198.0 4.59375
199.0 2.234375
200.0 6.78125
201.0 4.5625
202.0 4.4296875
203.0 4.7109375
204.0 4.9765625
205.0 4.8671875
206.0 5.0234375
207.0 4.953125
208.0 4.953125
209.0 4.4765625
210.0 4.3203125
211.0 4.1796875
212.0 4.1484375
213.0 1.5078125
214.0 6.78125
215.0 2.6640625
216.0 6.484375
217.0 4.265625
218.0 4.0390625
219.0 4.53125
220.0 4.7578125
221.0 4.9296875
222.0 5.015625
223.0 3.4375
224.0 6.234375
225.0 4.6484375
226.0 4.7109375
227.0 4.9765625
228.0 4.9765625
229.0 4.71875
230.0 4.9296875
231.0 4.6640625
232.0 4.859375
233.0 4.8046875
234.0 4.65625
235.0 4.484375
236.0 4.3671875
237.0 2.875
238.0 6.53125
239.0 4.953125
240.0 4.8671875
241.0 4.875
242.0 4.8671875
243.0 1.7734375
244.0 8.2890625
245.0 5.0234375
246.0 5.109375
247.0 5.0390625
248.0 5.078125
249.0 5.015625
250.0 4.859375
251.0 4.8359375
252.0 5.203125
253.0 4.921875
254.0 4.8671875
255.0 4.9453125
256.0 3.9140625
257.0 5.7109375
258.0 4.84375
259.0 4.65625
260.0 4.84375
261.0 4.75
262.0 3.203125
263.0 6.125
264.0 4.828125
265.0 4.625
266.0 4.75
267.0 4.75
268.0 4.859375
269.0 4.875
270.0 4.921875
271.0 4.7265625
272.0 4.6640625
273.0 4.78125
274.0 4.78125
275.0 2.046875
276.0 7.2578125
277.0 4.7109375
278.0 4.6328125
279.0 4.5703125
280.0 5.203125
281.0 4.9921875
282.0 4.984375
283.0 4.625
284.0 4.6015625
285.0 4.0625
286.0 4.515625
287.0 4.9609375
288.0 4.828125
289.0 4.5625
290.0 5.0078125
291.0 4.9453125
292.0 4.78125
293.0 2.21875
294.0 7.65625
295.0 4.6953125
296.0 4.390625
297.0 5.2734375
298.0 4.9453125
299.0 4.796875
300.0 4.84375
301.0 4.875
302.0 4.859375
303.0 4.8984375
304.0 4.953125
305.0 3.3203125
306.0 5.6953125
307.0 4.328125
308.0 4.296875
309.0 4.6484375
310.0 4.4765625
311.0 3.5
312.0 5.6953125
313.0 4.3359375
314.0 4.3984375
315.0 3.3828125
316.0 5.859375
317.0 4.8984375
318.0 4.9609375
319.0 3.640625
320.0 6.1484375
321.0 3.703125
322.0 6.109375
323.0 4.7734375
324.0 4.75
325.0 4.78125
326.0 4.984375
327.0 5.0703125
328.0 4.984375
329.0 4.953125
330.0 4.65625
331.0 4.5390625
332.0 4.828125
333.0 4.625
334.0 4.71875
335.0 3.734375
336.0 5.8828125
337.0 4.8984375
338.0 4.9296875
339.0 4.9609375
340.0 5.015625
341.0 4.625
342.0 1.8515625
343.0 8.2578125
344.0 5.21875
345.0 5.109375
346.0 4.5
347.0 4.7109375
348.0 4.6328125
349.0 4.6796875
350.0 4.5078125
351.0 4.6484375
352.0 4.84375
353.0 4.0
354.0 5.6953125
355.0 4.1015625
356.0 4.0078125
357.0 3.7109375
358.0 3.640625
359.0 3.40625
360.0 3.515625
361.0 3.6953125
362.0 3.0234375
363.0 0.1796875
364.0 7.2578125
365.0 3.0546875
366.0 5.0078125
367.0 4.828125
368.0 4.6640625
369.0 4.421875
370.0 4.484375
371.0 4.6015625
372.0 4.5
373.0 4.3359375
374.0 4.0859375
375.0 4.1015625
376.0 1.7421875
377.0 6.5
378.0 4.1015625
379.0 4.0078125
380.0 4.0546875
381.0 3.34375
382.0 4.921875
383.0 4.21875
384.0 4.0625
385.0 1.078125
386.0 7.3984375
387.0 3.375
388.0 4.0546875
389.0 4.6015625
390.0 4.3359375
391.0 4.3203125
392.0 4.515625
393.0 4.578125
394.0 4.78125
395.0 4.6796875
396.0 4.484375
397.0 4.875
398.0 4.6640625
399.0 2.2421875
400.0 6.7421875
401.0 4.984375
402.0 5.078125
403.0 5.0390625
404.0 4.828125
405.0 3.171875
406.0 6.5859375
407.0 4.6640625
408.0 4.7265625
409.0 4.7265625
410.0 4.7578125
411.0 4.8359375
412.0 4.5390625
413.0 4.8046875
414.0 4.6796875
415.0 4.5625
416.0 4.65625
417.0 4.7109375
418.0 4.8359375
419.0 5.0859375
420.0 4.8046875
421.0 1.375
422.0 7.8828125
423.0 4.5703125
424.0 4.4296875
425.0 3.2890625
426.0 6.0390625
427.0 4.546875
428.0 4.6328125
429.0 3.4921875
430.0 5.5625
431.0 4.71875
432.0 4.59375
433.0 4.609375
434.0 4.8125
435.0 3.640625
436.0 5.4921875
437.0 4.4296875
438.0 4.25
439.0 4.390625
440.0 4.5078125
441.0 4.8125
442.0 4.65625
443.0 4.3046875
444.0 4.0703125
445.0 4.4140625
446.0 4.5390625
447.0 4.5625
448.0 4.6796875
449.0 2.5078125
450.0 6.78125
451.0 4.9453125
452.0 4.7734375
453.0 4.53125
454.0 4.6015625
455.0 1.703125
456.0 7.875
457.0 4.6953125
458.0 4.4453125
459.0 4.875
460.0 4.8125
461.0 4.6875
462.0 4.65625
463.0 4.4296875
464.0 4.4140625
465.0 4.265625
466.0 4.234375
467.0 5.3828125
468.0 5.578125
469.0 2.6875
470.0 7.8671875
471.0 5.2890625
472.0 5.1875
473.0 4.484375
474.0 5.90625
475.0 5.0390625
476.0 5.3828125
477.0 5.171875
478.0 5.1328125
479.0 4.9765625
480.0 5.015625
481.0 4.984375
482.0 5.046875
483.0 5.0859375
484.0 4.9765625
485.0 5.015625
486.0 5.0078125
487.0 0.28125
488.0 9.2265625
489.0 4.0625
490.0 5.5859375
491.0 4.828125
492.0 5.0078125
493.0 4.84375
494.0 5.015625
495.0 4.7578125
496.0 4.5390625
497.0 4.5625
498.0 4.78125
499.0 4.7734375
500.0 4.8125
501.0 4.7734375
502.0 4.71875
503.0 3.2265625
504.0 5.9921875
505.0 4.6953125
506.0 4.859375
507.0 4.5625
508.0 3.5546875
509.0 5.703125
510.0 4.8125
511.0 4.75
512.0 4.7421875
513.0 4.6875
514.0 4.7265625
515.0 4.8984375
516.0 4.4296875
517.0 4.7265625
518.0 4.9453125
519.0 4.796875
520.0 4.7578125
521.0 1.234375
522.0 8.0625
523.0 4.8046875
524.0 1.5390625
525.0 8.4140625
526.0 4.859375
527.0 4.8671875
528.0 4.921875
529.0 4.6953125
530.0 4.484375
531.0 4.6953125
532.0 4.7578125
533.0 3.734375
534.0 6.140625
535.0 3.65625
536.0 6.09375
537.0 4.8984375
538.0 4.75
539.0 4.875
540.0 5.0703125
541.0 3.9140625
542.0 6.2890625
543.0 5.046875
544.0 5.1015625
545.0 4.859375
546.0 4.7734375
547.0 4.8984375
548.0 5.234375
549.0 5.1328125
550.0 4.921875
551.0 4.9765625
552.0 4.8984375
553.0 4.546875
554.0 4.75
555.0 4.9921875
556.0 0.1875
557.0 9.890625
558.0 4.796875
559.0 4.3828125
560.0 1.7578125
561.0 8.0
562.0 5.078125
563.0 5.046875
564.0 5.453125
565.0 4.953125
566.0 4.875
567.0 5.0078125
568.0 4.8046875
569.0 4.8046875
570.0 4.859375
571.0 4.6875
572.0 4.2109375
573.0 0.0
574.0 8.6484375
575.0 4.828125
576.0 4.8671875
577.0 4.8125
578.0 4.8671875
579.0 1.5546875
580.0 7.640625
581.0 4.7265625
582.0 4.5390625
583.0 4.625
584.0 4.625
585.0 4.6796875
586.0 4.6796875
587.0 4.4453125
588.0 4.3828125
589.0 4.578125
590.0 4.75
591.0 4.7578125
592.0 1.34375
593.0 8.4609375
594.0 4.6875
595.0 4.875
596.0 4.75
597.0 4.796875
598.0 4.796875
599.0 4.9921875
