0.0 4.484375
1.0 4.5625
2.0 4.6953125
3.0 4.359375
4.0 5.1328125
5.0 4.171875
6.0 0.6171875
7.0 7.8671875
8.0 3.6484375
9.0 4.6015625
10.0 4.1875
11.0 3.890625
12.0 3.6796875
13.0 4.7734375
14.0 4.5625
15.0 3.9765625
16.0 4.15625
17.0 4.9921875
18.0 5.234375
19.0 5.1875
20.0 0.1640625
21.0 7.9921875
22.0 4.3828125
23.0 4.7421875
24.0 2.59375
25.0 5.765625
26.0 4.9296875
27.0 4.8046875
28.0 5.046875
29.0 3.6953125
30.0 4.2109375
31.0 4.09375
32.0 5.234375
33.0 4.859375
34.0 4.4765625
35.0 4.484375
36.0 4.8046875
37.0 4.8125
38.0 5.2734375
39.0 5.2890625
40.0 5.2734375
41.0 5.015625
42.0 4.1328125
43.0 4.1171875
44.0 4.578125
45.0 5.1640625
46.0 4.5078125
47.0 5.0078125
48.0 4.3984375
49.0 5.703125
50.0 4.578125
51.0 4.8046875
52.0 4.5703125
53.0 3.875
54.0 3.0546875
55.0 4.8671875
56.0 3.796875
57.0 3.9453125
58.0 3.609375
59.0 3.4140625
60.0 3.765625
61.0 4.203125
62.0 3.1015625
63.0 3.2265625
64.0 3.2578125
65.0 3.8203125
66.0 4.125
67.0 4.5078125
68.0 4.65625
69.0 4.4453125
70.0 4.7265625
71.0 4.6484375
72.0 4.53125
73.0 3.53125
74.0 3.9765625
75.0 3.7421875
76.0 3.0
77.0 2.9921875
78.0 3.734375
79.0 0.0
80.0 8.3828125
81.0 4.328125
82.0 3.3203125
83.0 0.0
84.0 7.7265625
85.0 5.15625
86.0 4.515625
87.0 5.1015625
88.0 4.09375
89.0 5.5546875
90.0 4.875
91.0 5.1875
92.0 4.9765625
93.0 5.1640625
94.0 5.078125
95.0 3.796875
96.0 3.9921875
97.0 4.484375
98.0 3.734375
99.0 4.6796875
100.0 4.71875
101.0 4.6875
102.0 4.78125
103.0 4.8671875
104.0 5.46875
105.0 5.5625
106.0 5.28125
107.0 3.625
108.0 6.796875
109.0 5.1875
110.0 5.5234375
111.0 5.4375
112.0 3.953125
113.0 6.6015625
114.0 4.421875
115.0 0.0
116.0 0.0
117.0 2.25
118.0 0.0
119.0 3.46875
120.0 0.3359375
121.0 0.0
122.0 0.0
123.0 0.0
124.0 0.84375
125.0 2.9921875
126.0 3.1796875
127.0 3.4453125
128.0 3.59375
129.0 3.859375
130.0 3.9765625
131.0 3.5859375
132.0 3.9140625
133.0 2.8046875
134.0 5.9375
135.0 3.671875
136.0 3.671875
137.0 3.84375
138.0 3.875
139.0 3.8046875
140.0 3.8515625
141.0 3.1015625
142.0 2.984375
143.0 2.9296875
144.0 3.546875
145.0 2.9609375
146.0 3.2265625
147.0 0.8125
148.0 5.671875
149.0 2.9609375
150.0 2.484375
151.0 2.3984375
152.0 2.375
153.0 2.5078125
154.0 2.484375
155.0 0.0
156.0 5.203125
157.0 2.125
158.0 1.9453125
159.0 1.375
160.0 1.890625
161.0 4.3046875
162.0 2.8359375
163.0 0.0
164.0 5.2890625
165.0 0.640625
166.0 2.0078125
167.0 1.46875
168.0 1.8671875
169.0 3.171875
170.0 2.7421875
171.0 3.1171875
172.0 2.5625
173.0 3.5
174.0 3.828125
175.0 2.8671875
176.0 1.953125
177.0 1.703125
178.0 1.171875
179.0 2.453125
180.0 2.5390625
181.0 1.859375
182.0 2.1953125
183.0 1.5078125
184.0 1.09375
185.0 0.0
186.0 4.4453125
187.0 2.0
188.0 2.1953125
189.0 2.1484375
190.0 2.265625
191.0 2.328125
192.0 2.375
193.0 2.6640625
194.0 2.0859375
195.0 0.390625
196.0 0.0
197.0 6.078125
198.0 1.09375
199.0 2.4921875
200.0 3.203125
201.0 3.140625
202.0 3.3828125
203.0 3.7265625
204.0 2.7265625
205.0 3.59375
206.0 3.3515625
207.0 2.0625
208.0 1.5703125
209.0 0.765625
210.0 0.0
211.0 5.9296875
212.0 2.125
213.0 2.265625
214.0 2.0625
215.0 2.265625
216.0 3.7109375
217.0 3.7109375
218.0 2.671875
219.0 1.3125
220.0 4.515625
221.0 4.0234375
222.0 3.6796875
223.0 3.0390625
224.0 4.1875
225.0 3.546875
226.0 2.8359375
227.0 4.8046875
228.0 4.78125
229.0 4.578125
230.0 4.53125
231.0 4.28125
232.0 4.1875
233.0 1.7890625
234.0 5.75
235.0 3.6953125
236.0 3.328125
237.0 3.1171875
238.0 1.984375
239.0 0.0
240.0 7.65625
241.0 2.890625
242.0 2.640625
243.0 2.7109375
244.0 3.046875
245.0 3.34375
246.0 3.3671875
247.0 4.0546875
248.0 4.0390625
249.0 4.0546875
250.0 3.734375
251.0 3.734375
252.0 0.9140625
253.0 6.859375
254.0 3.53125
255.0 4.0625
256.0 3.6796875
257.0 1.59375
258.0 6.7421875
259.0 3.4921875
260.0 4.2421875
261.0 3.8515625
262.0 3.515625
263.0 4.265625
264.0 3.9921875
265.0 3.96875
266.0 4.0859375
267.0 3.84375
268.0 3.7265625
269.0 4.1328125
270.0 4.2421875
271.0 3.7578125
272.0 4.0078125
273.0 4.796875
274.0 4.5625
275.0 4.796875
276.0 4.6484375
277.0 2.9921875
278.0 0.4609375
279.0 8.6796875
280.0 4.609375
281.0 4.9921875
282.0 4.203125
283.0 1.1953125
284.0 5.8828125
285.0 3.796875
286.0 3.5546875
287.0 2.9296875
288.0 3.46875
289.0 3.1484375
290.0 3.171875
291.0 3.515625
292.0 3.1796875
293.0 2.5390625
294.0 0.3984375
295.0 0.28125
296.0 7.078125
297.0 2.4609375
298.0 2.6953125
299.0 2.390625
300.0 2.5390625
301.0 0.2734375
302.0 0.0
303.0 7.640625
304.0 1.8515625
305.0 1.4609375
306.0 3.4453125
307.0 5.109375
308.0 5.0390625
309.0 5.125
310.0 4.6796875
311.0 4.4453125
312.0 4.984375
313.0 5.34375
314.0 4.859375
315.0 2.7734375
316.0 6.5859375
317.0 4.5
318.0 4.796875
319.0 4.6015625
320.0 4.359375
321.0 0.3671875
322.0 9.2421875
323.0 4.828125
324.0 4.1328125
325.0 3.9921875
326.0 1.1796875
327.0 1.40625
328.0 0.0
329.0 0.0
330.0 2.25
331.0 4.6875
332.0 4.8984375
333.0 4.9453125
334.0 4.0859375
335.0 5.828125
336.0 4.71875
337.0 4.9609375
338.0 4.7265625
339.0 4.7734375
340.0 4.71875
341.0 4.5703125
342.0 3.859375
343.0 4.234375
344.0 4.796875
345.0 4.828125
346.0 4.0234375
347.0 5.140625
348.0 4.828125
349.0 4.9296875
350.0 3.9921875
351.0 4.171875
352.0 4.3359375
353.0 3.140625
354.0 2.390625
355.0 2.3984375
356.0 2.3984375
357.0 0.1328125
358.0 4.71875
359.0 2.0078125
360.0 4.203125
361.0 4.6484375
362.0 4.6640625
363.0 2.8671875
364.0 0.2265625
365.0 0.0
366.0 5.671875
367.0 4.421875
368.0 4.859375
369.0 5.3984375
370.0 2.8671875
371.0 2.34375
372.0 2.3984375
373.0 2.625
374.0 2.453125
375.0 2.2109375
376.0 3.0234375
377.0 4.25
378.0 4.421875
379.0 1.9765625
380.0 5.765625
381.0 2.1484375
382.0 2.453125
383.0 4.3359375
384.0 4.1875
385.0 3.9375
386.0 2.5390625
387.0 3.0703125
388.0 2.609375
389.0 3.578125
390.0 4.0390625
391.0 5.0234375
392.0 0.328125
393.0 10.25
394.0 4.90625
395.0 4.5
396.0 0.8046875
397.0 8.8046875
398.0 5.0859375
399.0 4.75
400.0 4.8359375
401.0 4.6796875
402.0 4.4296875
403.0 4.625
404.0 4.84375
405.0 4.5703125
406.0 4.1171875
407.0 1.203125
408.0 7.96875
409.0 5.3984375
410.0 5.078125
411.0 5.078125
412.0 6.109375
413.0 5.515625
414.0 5.234375
415.0 5.4609375
416.0 5.640625
417.0 5.5625
418.0 5.640625
419.0 5.46875
420.0 3.4609375
421.0 7.453125
422.0 4.0234375
423.0 1.8203125
424.0 1.3515625
425.0 0.0
426.0 9.03125
427.0 5.6015625
428.0 5.4296875
429.0 4.9609375
430.0 4.9921875
431.0 6.1796875
432.0 6.6015625
433.0 6.6484375
434.0 7.0390625
435.0 6.765625
436.0 6.2265625
437.0 6.328125
438.0 4.84375
439.0 7.8203125
440.0 6.765625
441.0 6.6171875
442.0 5.75
443.0 2.09375
444.0 9.3125
445.0 5.34375
446.0 5.9453125
447.0 6.2578125
448.0 6.2109375
449.0 6.078125
450.0 5.9453125
451.0 5.890625
452.0 5.25
453.0 4.921875
454.0 6.3046875
455.0 6.328125
456.0 6.59375
457.0 3.59375
458.0 1.953125
459.0 0.0
460.0 4.6640625
461.0 3.21875
462.0 3.9453125
463.0 4.265625
464.0 5.96875
465.0 6.3203125
466.0 5.8203125
467.0 5.5859375
468.0 5.7578125
469.0 5.703125
470.0 6.2421875
471.0 5.375
472.0 5.6796875
473.0 5.2578125
474.0 5.3203125
475.0 5.2734375
476.0 5.25
477.0 5.078125
478.0 4.6484375
479.0 5.1640625
480.0 4.953125
481.0 6.7109375
482.0 5.7578125
483.0 4.3046875
484.0 3.671875
485.0 5.140625
486.0 4.3359375
487.0 2.390625
488.0 9.4921875
489.0 6.2265625
490.0 6.6015625
491.0 6.0546875
492.0 6.1171875
493.0 7.9609375
494.0 6.3359375
495.0 3.4140625
496.0 4.8984375
497.0 5.875
498.0 6.03125
499.0 6.078125
500.0 5.8125
501.0 5.6484375
502.0 5.34375
503.0 5.8203125
504.0 5.96875
505.0 5.828125
506.0 6.0546875
507.0 1.7578125
508.0 9.015625
509.0 2.96875
510.0 9.296875
511.0 6.2265625
512.0 6.109375
513.0 6.03125
514.0 5.8515625
515.0 5.6171875
516.0 6.1171875
517.0 5.5546875
518.0 5.0078125
519.0 4.828125
520.0 4.7578125
521.0 4.7734375
522.0 4.7734375
523.0 0.1640625
524.0 7.2421875
525.0 4.4296875
526.0 4.4140625
527.0 2.296875
528.0 6.859375
529.0 4.0625
530.0 3.6171875
531.0 4.1875
532.0 4.5390625
533.0 4.296875
534.0 4.2734375
535.0 4.84375
536.0 4.7734375
537.0 4.46875
538.0 4.5078125
539.0 4.25
540.0 0.5234375
541.0 9.25
542.0 4.6796875
543.0 4.7265625
544.0 4.6796875
545.0 4.7265625
546.0 4.6796875
547.0 4.8046875
548.0 4.859375
549.0 1.3203125
550.0 7.2265625
551.0 4.453125
552.0 4.6484375
553.0 4.7578125
554.0 4.6015625
555.0 2.5703125
556.0 7.2265625
557.0 5.203125
558.0 4.9765625
559.0 4.6328125
560.0 4.8125
561.0 4.84375
562.0 4.8359375
563.0 4.9921875
564.0 4.6015625
565.0 4.6875
566.0 4.421875
567.0 3.828125
568.0 1.171875
569.0 7.9453125
570.0 5.3671875
571.0 5.7578125
572.0 5.578125
573.0 4.953125
574.0 5.34375
575.0 4.84375
576.0 4.625
577.0 0.0
578.0 8.8984375
579.0 4.0
580.0 2.8515625
581.0 3.609375
582.0 3.1953125
583.0 2.875
584.0 3.1171875
585.0 3.25
586.0 2.9609375
587.0 2.671875
588.0 2.6328125
589.0 0.6953125
590.0 5.6484375
591.0 5.6640625
592.0 3.9453125
593.0 4.6796875
594.0 5.8828125
595.0 5.0859375
596.0 5.28125
597.0 4.8125
598.0 4.5703125
599.0 4.4296875
