0.0 8.5
1.0 5.5859375
2.0 5.75
3.0 5.671875
4.0 5.34375
5.0 5.46875
6.0 5.1875
7.0 5.3203125
8.0 5.453125
9.0 4.90625
10.0 5.1640625
11.0 5.375
12.0 1.5859375
13.0 9.03125
14.0 5.234375
15.0 5.0703125
16.0 5.25
17.0 5.3046875
18.0 5.3203125
19.0 1.2109375
20.0 9.28125
21.0 5.4921875
22.0 5.28125
23.0 5.0390625
24.0 5.2578125
25.0 5.25
26.0 5.109375
27.0 5.234375
28.0 5.3515625
29.0 5.40625
30.0 5.3203125
31.0 3.4453125
32.0 6.5625
33.0 5.3203125
34.0 5.25
35.0 5.125
36.0 5.1015625
37.0 5.0859375
38.0 5.0390625
39.0 2.640625
40.0 7.484375
41.0 5.2734375
42.0 5.0390625
43.0 5.2734375
44.0 5.375
45.0 5.4296875
46.0 3.8046875
47.0 6.9921875
48.0 5.0859375
49.0 5.203125
50.0 5.34375
51.0 5.3203125
52.0 5.234375
53.0 5.25
54.0 5.3984375
55.0 5.2890625
56.0 5.3046875
57.0 5.609375
58.0 5.3515625
59.0 1.984375
60.0 8.671875
61.0 5.1015625
62.0 5.3984375
63.0 5.1953125
64.0 5.109375
65.0 5.3203125
66.0 4.9765625
67.0 0.8359375
68.0 9.7890625
69.0 5.0703125
70.0 5.046875
71.0 5.171875
72.0 5.015625
73.0 5.203125
74.0 5.125
75.0 5.171875
76.0 5.3203125
77.0 5.3984375
78.0 5.15625
79.0 2.21875
80.0 7.9296875
81.0 4.9296875
82.0 5.15625
83.0 5.15625
84.0 3.296875
85.0 7.078125
86.0 5.125
87.0 5.109375
88.0 5.2890625
89.0 4.9296875
90.0 5.015625
91.0 4.984375
92.0 4.984375
93.0 5.046875
94.0 5.125
95.0 5.2890625
96.0 5.015625
97.0 2.4296875
98.0 7.9140625
99.0 5.1328125
100.0 5.2265625
101.0 5.3125
102.0 5.1640625
103.0 5.1875
104.0 3.1328125
105.0 7.125
106.0 5.3671875
107.0 5.453125
108.0 5.1015625
109.0 5.3359375
110.0 5.4296875
111.0 5.3203125
112.0 5.3984375
113.0 5.3203125
114.0 5.0390625
115.0 4.984375
116.0 5.25
117.0 5.0703125
118.0 0.46875
119.0 9.6953125
120.0 4.7421875
121.0 4.8359375
122.0 4.7578125
123.0 2.9609375
124.0 7.2109375
125.0 5.078125
126.0 4.9765625
127.0 3.5546875
128.0 6.4375
129.0 5.0078125
130.0 5.109375
131.0 5.1953125
132.0 5.34375
133.0 5.3828125
134.0 5.515625
135.0 3.7109375
136.0 6.9765625
137.0 5.4296875
138.0 5.1328125
139.0 5.34375
140.0 5.1875
141.0 5.3125
142.0 5.4921875
143.0 5.6171875
144.0 5.3828125
145.0 5.2578125
146.0 5.3125
147.0 5.4609375
148.0 5.5234375
149.0 5.3515625
150.0 4.28125
151.0 6.9140625
152.0 5.3828125
153.0 5.515625
154.0 5.15625
155.0 5.2734375
156.0 4.6015625
157.0 5.9921875
158.0 5.4609375
159.0 5.421875
160.0 5.3203125
161.0 5.2734375
162.0 5.25
163.0 5.2734375
164.0 5.21875
165.0 5.171875
166.0 2.3125
167.0 8.5859375
168.0 5.15625
169.0 4.78125
170.0 4.6328125
171.0 4.1796875
172.0 4.2734375
173.0 4.5
174.0 5.0703125
175.0 5.25
176.0 2.046875
177.0 7.5078125
178.0 4.8359375
179.0 4.875
180.0 4.9765625
181.0 5.25
182.0 5.2734375
183.0 5.3125
184.0 5.2265625
185.0 5.125
186.0 4.9765625
187.0 4.9296875
188.0 4.9921875
189.0 1.5703125
190.0 8.9453125
191.0 5.25
192.0 5.34375
193.0 5.203125
194.0 5.171875
195.0 4.984375
196.0 4.25
197.0 5.6328125
198.0 5.234375
199.0 5.1875
200.0 5.046875
201.0 5.3359375
202.0 5.3671875
203.0 5.28125
204.0 5.1328125
205.0 5.015625
206.0 4.953125
207.0 4.8359375
208.0 4.9609375
209.0 4.9609375
210.0 0.84375
211.0 9.296875
212.0 5.015625
213.0 5.0546875
214.0 2.8203125
215.0 7.84375
216.0 5.3515625
217.0 5.4375
218.0 5.765625
219.0 5.46875
220.0 4.8046875
221.0 5.21875
222.0 5.0546875
223.0 4.9296875
224.0 5.2578125
225.0 5.3125
226.0 5.1328125
227.0 3.796875
228.0 6.4453125
229.0 3.5859375
230.0 6.765625
231.0 5.25
232.0 5.3203125
233.0 3.734375
234.0 6.4140625
235.0 5.015625
236.0 5.2265625
237.0 5.234375
238.0 5.2890625
239.0 5.40625
240.0 5.3046875
241.0 3.640625
242.0 6.59375
243.0 5.2578125
244.0 5.078125
245.0 3.7578125
246.0 6.765625
247.0 5.3671875
248.0 5.3125
249.0 5.2890625
250.0 5.125
251.0 3.7421875
252.0 6.59375
253.0 5.125
254.0 5.2890625
255.0 5.1953125
256.0 5.1328125
257.0 5.171875
258.0 5.3359375
259.0 3.7109375
260.0 6.5859375
261.0 4.984375
262.0 5.171875
263.0 5.2265625
264.0 5.21875
265.0 5.421875
266.0 5.4296875
267.0 5.453125
268.0 5.1875
269.0 5.34375
270.0 5.1328125
271.0 5.2734375
272.0 5.1875
273.0 5.234375
274.0 5.3046875
275.0 5.375
276.0 5.0078125
277.0 4.8046875
278.0 4.8359375
279.0 5.109375
280.0 5.140625
281.0 5.4375
282.0 5.140625
283.0 5.3046875
284.0 5.203125
285.0 5.078125
286.0 4.6953125
287.0 5.6953125
288.0 5.21875
289.0 5.28125
290.0 5.2265625
291.0 5.28125
292.0 5.15625
293.0 0.1640625
294.0 9.265625
295.0 5.1640625
296.0 5.4375
297.0 5.2734375
298.0 5.6015625
299.0 5.234375
300.0 5.171875
301.0 5.1015625
302.0 5.2578125
303.0 5.1875
304.0 5.25
305.0 5.140625
306.0 3.4609375
307.0 7.1875
308.0 5.3984375
309.0 5.453125
310.0 5.3125
311.0 5.3203125
312.0 0.359375
313.0 10.5078125
314.0 5.6171875
315.0 5.3828125
316.0 5.4375
317.0 5.3671875
318.0 5.53125
319.0 5.484375
320.0 5.6015625
321.0 5.4921875
322.0 5.2265625
323.0 3.4609375
324.0 7.0625
325.0 5.0546875
326.0 5.3203125
327.0 5.3828125
328.0 5.171875
329.0 5.484375
330.0 5.1875
331.0 5.234375
332.0 5.3125
333.0 5.515625
334.0 5.3203125
335.0 5.171875
336.0 4.234375
337.0 6.4375
338.0 5.2890625
339.0 5.5546875
340.0 5.453125
341.0 4.484375
342.0 6.3515625
343.0 5.0390625
344.0 5.078125
345.0 5.3046875
346.0 5.4375
347.0 3.609375
348.0 6.78125
349.0 5.453125
350.0 5.2265625
351.0 5.34375
352.0 5.2578125
353.0 3.9140625
354.0 7.03125
355.0 5.6015625
356.0 5.484375
357.0 5.46875
358.0 5.3515625
359.0 3.7890625
360.0 6.859375
361.0 5.3203125
362.0 5.25
363.0 3.859375
364.0 6.78125
365.0 5.375
366.0 5.3125
367.0 5.2734375
368.0 4.984375
369.0 4.6015625
370.0 5.5234375
371.0 5.109375
372.0 5.28125
373.0 5.125
374.0 5.0390625
375.0 5.140625
376.0 5.0859375
377.0 5.046875
378.0 4.75
379.0 4.8984375
380.0 5.0859375
381.0 3.7421875
382.0 6.421875
383.0 4.90625
384.0 4.9765625
385.0 5.015625
386.0 5.3203125
387.0 5.1015625
388.0 4.9609375
389.0 5.3203125
390.0 5.0078125
391.0 5.25
392.0 5.171875
393.0 5.203125
394.0 5.125
395.0 5.203125
396.0 2.578125
397.0 7.796875
398.0 5.0234375
399.0 5.1015625
400.0 2.9375
401.0 6.328125
402.0 5.203125
403.0 5.1015625
404.0 5.125
405.0 5.2578125
406.0 4.890625
407.0 4.9296875
408.0 4.9921875
409.0 5.1328125
410.0 5.25
411.0 5.0390625
412.0 2.0859375
413.0 8.1796875
414.0 5.4296875
415.0 5.140625
416.0 5.1328125
417.0 5.140625
418.0 4.984375
419.0 5.0234375
420.0 2.5625
421.0 7.6171875
422.0 5.203125
423.0 5.1953125
424.0 5.15625
425.0 5.140625
426.0 5.203125
427.0 5.3828125
428.0 5.2578125
429.0 5.0390625
430.0 5.2578125
431.0 5.25
432.0 3.296875
433.0 7.0703125
434.0 5.3125
435.0 5.1328125
436.0 5.0390625
437.0 2.640625
438.0 7.84375
439.0 5.3984375
440.0 5.3203125
441.0 5.3125
442.0 5.3203125
443.0 5.4375
444.0 5.2890625
445.0 5.4375
446.0 5.375
447.0 5.15625
448.0 5.109375
449.0 5.3203125
450.0 5.078125
451.0 0.3125
452.0 9.78125
453.0 5.2578125
454.0 5.21875
455.0 5.3125
456.0 5.0703125
457.0 5.1328125
458.0 5.0390625
459.0 5.109375
460.0 5.1015625
461.0 5.1328125
462.0 5.140625
463.0 4.9765625
464.0 5.15625
465.0 3.9765625
466.0 6.6328125
467.0 5.234375
468.0 5.25
469.0 5.203125
470.0 5.2578125
471.0 5.53125
472.0 5.3125
473.0 5.140625
474.0 5.1328125
475.0 5.078125
476.0 5.34375
477.0 5.203125
478.0 4.7265625
479.0 5.9140625
480.0 5.28125
481.0 5.3671875
482.0 5.453125
483.0 5.2890625
484.0 5.28125
485.0 1.7890625
486.0 8.9375
487.0 5.3828125
488.0 5.53125
489.0 5.25
490.0 5.234375
491.0 5.2890625
492.0 5.3359375
493.0 5.34375
494.0 5.3671875
495.0 5.40625
496.0 5.484375
497.0 5.3203125
498.0 2.84375
499.0 7.4375
500.0 5.1640625
501.0 5.2734375
502.0 5.3203125
503.0 5.3125
504.0 1.640625
505.0 8.765625
506.0 5.28125
507.0 5.25
508.0 3.0234375
509.0 7.0078125
510.0 5.078125
511.0 5.3828125
512.0 5.2890625
513.0 5.15625
514.0 5.1640625
515.0 5.0234375
516.0 5.171875
517.0 5.1953125
518.0 5.0390625
519.0 5.34375
520.0 5.203125
521.0 4.921875
522.0 2.5078125
523.0 7.578125
524.0 5.1328125
525.0 5.0390625
526.0 4.59375
527.0 5.671875
528.0 4.75
529.0 4.8671875
530.0 4.9296875
531.0 4.9609375
532.0 4.9921875
533.0 4.9921875
534.0 5.0859375
535.0 5.234375
536.0 5.21875
537.0 5.140625
538.0 5.34375
539.0 5.109375
540.0 3.703125
541.0 6.140625
542.0 5.1015625
543.0 5.15625
544.0 3.609375
545.0 6.9921875
546.0 5.375
547.0 5.0390625
548.0 5.0078125
549.0 4.7109375
550.0 4.65625
551.0 4.625
552.0 5.125
553.0 5.0390625
554.0 5.2890625
555.0 5.2578125
556.0 5.140625
557.0 3.625
558.0 6.7421875
559.0 5.1015625
560.0 4.7578125
561.0 5.0390625
562.0 5.21875
563.0 4.8125
564.0 2.921875
565.0 7.140625
566.0 5.2890625
567.0 5.4375
568.0 5.3671875
569.0 5.34375
570.0 5.21875
571.0 4.9921875
572.0 5.1328125
573.0 4.0703125
574.0 4.7421875
575.0 5.3359375
576.0 5.078125
577.0 4.421875
578.0 5.609375
579.0 5.203125
580.0 5.21875
581.0 3.7421875
582.0 3.703125
583.0 6.4453125
584.0 6.75
585.0 3.828125
586.0 6.828125
587.0 4.890625
588.0 5.0546875
589.0 4.7734375
590.0 4.9296875
591.0 5.15625
592.0 5.203125
593.0 5.234375
594.0 5.3046875
595.0 5.2890625
596.0 5.1640625
597.0 5.375
598.0 5.234375
599.0 5.4921875
