0.0 6.328125
1.0 4.515625
2.0 5.0078125
3.0 4.125
4.0 5.0703125
5.0 1.890625
6.0 7.484375
7.0 4.4765625
8.0 5.234375
9.0 4.6640625
10.0 5.34375
11.0 5.375
12.0 5.7578125
13.0 5.2890625
14.0 5.0703125
15.0 5.6796875
16.0 4.2421875
17.0 2.7109375
18.0 4.9609375
19.0 5.8125
20.0 5.875
21.0 5.84375
22.0 5.0859375
23.0 4.9609375
24.0 4.75
25.0 6.125
26.0 5.46875
27.0 4.125
28.0 0.0
29.0 10.1328125
30.0 6.078125
31.0 5.515625
32.0 5.828125
33.0 5.7109375
34.0 5.234375
35.0 5.7265625
36.0 5.6953125
37.0 6.1875
38.0 5.875
39.0 5.859375
40.0 5.9296875
41.0 5.515625
42.0 6.125
43.0 5.5
44.0 5.5625
45.0 5.9296875
46.0 2.625
47.0 6.265625
48.0 9.0625
49.0 5.84375
50.0 6.03125
51.0 6.4140625
52.0 6.59375
53.0 6.9609375
54.0 5.40625
55.0 6.078125
56.0 6.3828125
57.0 6.03125
58.0 6.484375
59.0 6.5859375
60.0 6.53125
61.0 4.5703125
62.0 6.8359375
63.0 5.40625
64.0 5.75
65.0 5.453125
66.0 2.125
67.0 8.1484375
68.0 5.1328125
69.0 5.5234375
70.0 4.328125
71.0 6.921875
72.0 5.7578125
73.0 5.6953125
74.0 5.046875
75.0 5.375
76.0 5.8515625
77.0 5.828125
78.0 4.71875
79.0 5.3671875
80.0 3.1796875
81.0 2.8046875
82.0 2.8671875
83.0 4.8359375
84.0 5.4609375
85.0 0.0
86.0 10.265625
87.0 4.609375
88.0 3.140625
89.0 0.375
90.0 0.0
91.0 0.0
92.0 0.765625
93.0 4.9921875
94.0 1.828125
95.0 1.9375
96.0 2.34375
97.0 2.609375
98.0 2.3671875
99.0 2.8515625
100.0 4.328125
101.0 4.1328125
102.0 4.3984375
103.0 4.3515625
104.0 2.4296875
105.0 7.8203125
106.0 4.5703125
107.0 4.796875
108.0 4.8671875
109.0 4.234375
110.0 4.1328125
111.0 3.9140625
112.0 2.78125
113.0 5.859375
114.0 3.8515625
115.0 3.3828125
116.0 3.7109375
117.0 4.46875
118.0 3.7421875
119.0 3.7890625
120.0 3.515625
121.0 3.4609375
122.0 3.0
123.0 2.7109375
124.0 3.5
125.0 1.71875
126.0 6.3671875
127.0 4.0859375
128.0 4.1015625
129.0 4.3359375
130.0 4.65625
131.0 3.9140625
132.0 2.5078125
133.0 6.0625
134.0 3.796875
135.0 3.8046875
136.0 4.3984375
137.0 4.4453125
138.0 4.65625
139.0 4.2734375
140.0 4.5078125
141.0 4.2734375
142.0 4.2421875
143.0 4.328125
144.0 4.5078125
145.0 4.53125
146.0 0.453125
147.0 8.0546875
148.0 4.4765625
149.0 4.46875
150.0 4.234375
151.0 2.484375
152.0 5.28125
153.0 4.1875
154.0 4.0859375
155.0 0.375
156.0 7.453125
157.0 4.4296875
158.0 4.9609375
159.0 4.8984375
160.0 4.53125
161.0 4.3359375
162.0 4.859375
163.0 3.40625
164.0 5.453125
165.0 4.890625
166.0 4.0390625
167.0 2.578125
168.0 0.46875
169.0 4.859375
170.0 8.1328125
171.0 5.1875
172.0 5.8515625
173.0 4.3046875
174.0 4.65625
175.0 5.4296875
176.0 5.2578125
177.0 5.3671875
178.0 5.0078125
179.0 5.5546875
180.0 5.9921875
181.0 4.890625
182.0 5.140625
183.0 4.9609375
184.0 5.3984375
185.0 5.0234375
186.0 4.9453125
187.0 5.0546875
188.0 5.0859375
189.0 5.3046875
190.0 5.2734375
191.0 5.171875
192.0 5.40625
193.0 5.53125
194.0 4.484375
195.0 5.15625
196.0 5.21875
197.0 4.8046875
198.0 5.6328125
199.0 5.21875
200.0 5.234375
201.0 5.6953125
202.0 5.1953125
203.0 5.171875
204.0 4.578125
205.0 4.1484375
206.0 4.125
207.0 4.6328125
208.0 2.3359375
209.0 1.765625
210.0 2.3046875
211.0 5.015625
212.0 3.65625
213.0 4.6015625
214.0 2.7109375
215.0 0.0
216.0 9.1171875
217.0 4.2734375
218.0 0.8671875
219.0 0.0
220.0 7.78125
221.0 4.0234375
222.0 4.0703125
223.0 3.9765625
224.0 4.8359375
225.0 4.1015625
226.0 4.6484375
227.0 4.3984375
228.0 4.7109375
229.0 5.125
230.0 4.984375
231.0 4.75
232.0 3.9921875
233.0 0.3125
234.0 8.8046875
235.0 4.3359375
236.0 4.328125
237.0 3.4921875
238.0 0.546875
239.0 8.7421875
240.0 4.578125
241.0 5.6953125
242.0 4.5703125
243.0 4.3984375
244.0 4.484375
245.0 2.2734375
246.0 4.1484375
247.0 0.078125
248.0 2.546875
249.0 4.5078125
250.0 3.890625
251.0 6.828125
252.0 2.6953125
253.0 2.8125
254.0 4.3671875
255.0 6.0
256.0 5.28125
257.0 4.71875
258.0 5.8828125
259.0 5.1328125
260.0 4.953125
261.0 5.5625
262.0 5.3671875
263.0 4.2734375
264.0 4.21875
265.0 4.3984375
266.0 3.328125
267.0 3.640625
268.0 3.5234375
269.0 3.609375
270.0 4.0546875
271.0 0.34375
272.0 8.1640625
273.0 3.9140625
274.0 4.1328125
275.0 4.25
276.0 4.3203125
277.0 2.7578125
278.0 4.8984375
279.0 3.7265625
280.0 4.609375
281.0 4.515625
282.0 3.7265625
283.0 4.921875
284.0 4.9296875
285.0 6.78125
286.0 4.5078125
287.0 4.921875
288.0 4.25
289.0 3.84375
290.0 4.15625
291.0 2.75
292.0 6.2734375
293.0 4.6953125
294.0 3.1484375
295.0 4.921875
296.0 3.9765625
297.0 3.8203125
298.0 1.078125
299.0 7.2578125
300.0 4.21875
301.0 3.53125
302.0 2.578125
303.0 3.9765625
304.0 3.734375
305.0 4.125
306.0 4.0390625
307.0 1.8515625
308.0 5.9140625
309.0 3.703125
310.0 3.546875
311.0 3.65625
312.0 3.734375
313.0 4.171875
314.0 3.859375
315.0 3.28125
316.0 3.8515625
317.0 1.8984375
318.0 6.4453125
319.0 4.1171875
320.0 4.515625
321.0 4.4296875
322.0 4.875
323.0 4.21875
324.0 4.8671875
325.0 4.359375
326.0 4.5
327.0 3.765625
328.0 3.3671875
329.0 2.8046875
330.0 3.078125
331.0 2.65625
332.0 4.25
333.0 4.21875
334.0 2.7265625
335.0 2.9296875
336.0 2.4453125
337.0 3.078125
338.0 3.7734375
339.0 3.7109375
340.0 2.4453125
341.0 0.4609375
342.0 7.46875
343.0 3.1484375
344.0 2.6875
345.0 4.15625
346.0 3.4453125
347.0 1.046875
348.0 0.015625
349.0 5.7265625
350.0 2.59375
351.0 4.0234375
352.0 3.375
353.0 2.6953125
354.0 2.640625
355.0 4.3203125
356.0 3.9375
357.0 3.5859375
358.0 3.3984375
359.0 3.90625
360.0 3.7734375
361.0 2.3671875
362.0 0.9140625
363.0 0.0
364.0 4.609375
365.0 1.1328125
366.0 0.9921875
367.0 1.6875
368.0 2.0390625
369.0 1.171875
370.0 1.5546875
371.0 2.953125
372.0 1.5546875
373.0 0.03125
374.0 4.578125
375.0 4.0859375
376.0 4.21875
377.0 4.265625
378.0 4.3203125
379.0 4.2109375
380.0 4.0078125
381.0 4.4296875
382.0 4.6015625
383.0 4.0546875
384.0 4.1015625
385.0 4.0625
386.0 4.3984375
387.0 3.6796875
388.0 0.3046875
389.0 0.0
390.0 7.6640625
391.0 4.5
392.0 3.734375
393.0 1.390625
394.0 4.5625
395.0 4.25
396.0 4.7734375
397.0 4.609375
398.0 4.03125
399.0 3.7890625
400.0 3.8515625
401.0 3.234375
402.0 3.328125
403.0 1.8515625
404.0 0.8828125
405.0 1.296875
406.0 1.5
407.0 0.3359375
408.0 4.546875
409.0 2.0859375
410.0 2.2109375
411.0 2.8125
412.0 3.6796875
413.0 4.0
414.0 3.5625
415.0 3.765625
416.0 3.4765625
417.0 3.703125
418.0 2.96875
419.0 1.0234375
420.0 5.5859375
421.0 0.984375
422.0 4.7265625
423.0 3.8828125
424.0 3.3671875
425.0 2.328125
426.0 2.3046875
427.0 2.3046875
428.0 2.1171875
429.0 0.7578125
430.0 4.5625
431.0 3.6171875
432.0 4.3515625
433.0 3.25
434.0 3.921875
435.0 4.9453125
436.0 4.9921875
437.0 4.53125
438.0 4.9609375
439.0 4.828125
440.0 3.4765625
441.0 3.640625
442.0 3.9140625
443.0 4.0
444.0 4.578125
445.0 2.4296875
446.0 5.828125
447.0 4.21875
448.0 4.25
449.0 4.03125
450.0 2.8125
451.0 0.0
452.0 6.828125
453.0 3.7890625
454.0 3.40625
455.0 2.65625
456.0 3.2578125
457.0 3.921875
458.0 4.0625
459.0 3.765625
460.0 4.09375
461.0 4.453125
462.0 0.6640625
463.0 7.8671875
464.0 4.4296875
465.0 4.1796875
466.0 3.5546875
467.0 2.234375
468.0 4.1875
469.0 2.8671875
470.0 3.0
471.0 4.2421875
472.0 3.875
473.0 3.7578125
474.0 3.734375
475.0 3.7265625
476.0 4.0
477.0 3.6953125
478.0 3.6171875
479.0 3.53125
480.0 3.8515625
481.0 3.84375
482.0 1.171875
483.0 6.84375
484.0 3.875
485.0 4.453125
486.0 4.2421875
487.0 3.296875
488.0 4.953125
489.0 4.1484375
490.0 4.1875
491.0 3.9453125
492.0 3.65625
493.0 3.578125
494.0 2.96875
495.0 3.0546875
496.0 3.203125
497.0 0.421875
498.0 0.390625
499.0 8.109375
500.0 4.15625
501.0 4.9453125
502.0 5.078125
503.0 5.9296875
504.0 5.421875
505.0 5.46875
506.0 5.875
507.0 3.3203125
508.0 3.3984375
509.0 2.5234375
510.0 0.6328125
511.0 0.0
512.0 5.9609375
513.0 6.1171875
514.0 4.25
515.0 3.3515625
516.0 3.734375
517.0 4.859375
518.0 5.5234375
519.0 6.0078125
520.0 6.203125
521.0 5.8828125
522.0 5.7890625
523.0 5.21875
524.0 5.0390625
525.0 2.90625
526.0 6.4375
527.0 4.6015625
528.0 4.3828125
529.0 5.3203125
530.0 4.421875
531.0 3.0546875
532.0 0.0
533.0 9.09375
534.0 5.0078125
535.0 3.828125
536.0 4.2421875
537.0 5.421875
538.0 5.140625
539.0 4.8359375
540.0 4.6953125
541.0 3.953125
542.0 4.7265625
543.0 4.6484375
544.0 4.9296875
545.0 3.34375
546.0 6.1484375
547.0 5.3203125
548.0 5.0234375
549.0 2.609375
550.0 8.34375
551.0 5.6953125
552.0 5.421875
553.0 6.75
554.0 6.40625
555.0 5.671875
556.0 4.65625
557.0 5.21875
558.0 4.6015625
559.0 4.5390625
560.0 5.0078125
561.0 4.3046875
562.0 6.078125
563.0 5.671875
564.0 6.171875
565.0 6.3671875
566.0 6.203125
567.0 6.46875
568.0 5.9140625
569.0 5.4375
570.0 2.1484375
571.0 9.890625
572.0 5.8203125
573.0 5.1875
574.0 5.609375
575.0 1.6171875
576.0 9.4921875
577.0 3.84375
578.0 3.1953125
579.0 2.9609375
580.0 2.359375
581.0 3.9375
582.0 3.375
583.0 3.875
584.0 3.1171875
585.0 1.5625
586.0 5.78125
587.0 4.6875
588.0 5.8515625
589.0 6.2265625
590.0 4.984375
591.0 4.6328125
592.0 4.9921875
593.0 6.6328125
594.0 6.09375
595.0 3.4765625
596.0 4.6953125
597.0 4.1015625
598.0 3.7109375
599.0 0.9296875
