0.0 4.0
1.0 3.109375
2.0 4.6484375
3.0 6.0625
4.0 1.234375
5.0 9.390625
6.0 5.203125
7.0 5.78125
8.0 5.703125
9.0 2.2421875
10.0 8.4609375
11.0 5.890625
12.0 5.28125
13.0 6.0625
14.0 6.2890625
15.0 5.9140625
16.0 5.9921875
17.0 6.15625
18.0 6.3046875
19.0 5.703125
20.0 4.953125
21.0 0.8984375
22.0 10.265625
23.0 5.890625
24.0 4.1171875
25.0 0.4296875
26.0 5.9296875
27.0 1.921875
28.0 1.6875
29.0 1.4140625
30.0 3.078125
31.0 2.359375
32.0 3.6796875
33.0 4.59375
34.0 4.234375
35.0 3.2265625
36.0 3.0390625
37.0 0.1796875
38.0 5.3203125
39.0 4.3828125
40.0 6.453125
41.0 6.3359375
42.0 5.9375
43.0 6.3203125
44.0 5.859375
45.0 6.0
46.0 5.9296875
47.0 6.125
48.0 5.8828125
49.0 6.0625
50.0 6.171875
51.0 3.9453125
52.0 6.1875
53.0 6.0
54.0 5.46875
55.0 5.3203125
56.0 3.9921875
57.0 7.40625
58.0 5.890625
59.0 6.3046875
60.0 6.15625
61.0 5.8515625
62.0 5.34375
63.0 5.3125
64.0 5.3515625
65.0 5.40625
66.0 5.6171875
67.0 4.3046875
68.0 4.5078125
69.0 2.578125
70.0 9.375
71.0 5.703125
72.0 6.3046875
73.0 5.90625
74.0 4.03125
75.0 0.0
76.0 6.984375
77.0 5.875
78.0 5.875
79.0 6.40625
80.0 6.625
81.0 2.515625
82.0 9.78125
83.0 6.0234375
84.0 4.5625
85.0 5.3828125
86.0 6.109375
87.0 6.1796875
88.0 6.1796875
89.0 6.0
90.0 6.234375
91.0 6.03125
92.0 6.203125
93.0 6.4453125
94.0 6.140625
95.0 6.109375
96.0 5.609375
97.0 5.6484375
98.0 5.875
99.0 6.078125
100.0 6.0078125
101.0 5.6796875
102.0 5.8828125
103.0 5.9921875
104.0 4.625
105.0 4.0234375
106.0 5.3203125
107.0 5.3671875
108.0 4.7734375
109.0 4.15625
110.0 5.765625
111.0 5.7578125
112.0 5.7578125
113.0 5.671875
114.0 0.125
115.0 10.84375
116.0 5.9453125
117.0 5.453125
118.0 0.0703125
119.0 10.5
120.0 5.40625
121.0 4.390625
122.0 3.9375
123.0 5.53125
124.0 5.515625
125.0 2.6953125
126.0 3.578125
127.0 5.6484375
128.0 6.0625
129.0 6.2421875
130.0 5.796875
131.0 3.7734375
132.0 6.703125
133.0 5.9609375
134.0 4.9296875
135.0 4.125
136.0 0.390625
137.0 0.0
138.0 8.75
139.0 5.9375
140.0 5.5546875
141.0 4.65625
142.0 2.8203125
143.0 3.171875
144.0 3.65625
145.0 5.546875
146.0 5.9765625
147.0 5.9765625
148.0 6.0859375
149.0 5.96875
150.0 2.1015625
151.0 9.5546875
152.0 5.7109375
153.0 5.5234375
154.0 6.03125
155.0 6.0
156.0 5.75
157.0 6.78125
158.0 6.328125
159.0 5.8515625
160.0 6.71875
161.0 6.515625
162.0 6.625
163.0 6.109375
164.0 6.078125
165.0 6.2265625
166.0 6.0546875
167.0 5.5546875
168.0 2.328125
169.0 9.6875
170.0 6.1875
171.0 6.1796875
172.0 5.9296875
173.0 5.8828125
174.0 5.7890625
175.0 5.890625
176.0 5.6640625
177.0 3.7265625
178.0 6.4453125
179.0 5.8125
180.0 5.9375
181.0 5.671875
182.0 6.078125
183.0 6.2265625
184.0 6.421875
185.0 6.1875
186.0 5.734375
187.0 4.609375
188.0 5.6953125
189.0 6.3515625
190.0 5.9609375
191.0 2.1484375
192.0 9.4296875
193.0 4.3984375
194.0 4.796875
195.0 5.7265625
196.0 4.7578125
197.0 6.3203125
198.0 5.890625
199.0 6.1875
200.0 6.3203125
201.0 6.359375
202.0 5.9375
203.0 6.4375
204.0 5.6796875
205.0 5.9921875
206.0 6.3359375
207.0 6.0625
208.0 6.09375
209.0 2.6953125
210.0 9.3125
211.0 6.1171875
212.0 6.4375
213.0 6.421875
214.0 6.5859375
215.0 6.3203125
216.0 6.515625
217.0 6.5546875
218.0 6.2734375
219.0 6.3203125
220.0 6.2109375
221.0 6.2265625
222.0 1.5234375
223.0 11.25
224.0 6.09375
225.0 5.3359375
226.0 5.3046875
227.0 5.578125
228.0 5.484375
229.0 5.6953125
230.0 6.03125
231.0 6.296875
232.0 6.5703125
233.0 6.2890625
234.0 5.6640625
235.0 6.140625
236.0 6.0390625
237.0 6.109375
238.0 5.9453125
239.0 6.1875
240.0 6.0546875
241.0 6.3203125
242.0 6.2265625
243.0 5.96875
244.0 5.765625
245.0 6.140625
246.0 6.484375
247.0 6.0546875
248.0 6.1484375
249.0 5.546875
250.0 5.375
251.0 6.0546875
252.0 6.1171875
253.0 5.9453125
254.0 6.3515625
255.0 6.3203125
256.0 6.421875
257.0 6.4375
258.0 6.5
259.0 6.5
260.0 6.484375
261.0 6.3359375
262.0 5.859375
263.0 6.03125
264.0 5.84375
265.0 5.9453125
266.0 2.28125
267.0 10.3671875
268.0 6.109375
269.0 4.953125
270.0 1.5
271.0 9.6015625
272.0 5.5234375
273.0 5.2890625
274.0 6.0859375
275.0 5.9765625
276.0 6.140625
277.0 6.109375
278.0 5.9765625
279.0 6.2890625
280.0 6.2578125
281.0 6.5546875
282.0 6.4140625
283.0 3.3125
284.0 9.328125
285.0 6.2578125
286.0 6.2890625
287.0 6.4453125
288.0 6.421875
289.0 6.234375
290.0 2.890625
291.0 9.703125
292.0 6.109375
293.0 6.125
294.0 5.6640625
295.0 5.8203125
296.0 5.6015625
297.0 6.171875
298.0 6.2421875
299.0 5.46875
300.0 2.5078125
301.0 2.7109375
302.0 5.53125
303.0 5.203125
304.0 6.0
305.0 6.203125
306.0 5.796875
307.0 5.890625
308.0 5.8828125
309.0 5.8515625
310.0 5.7109375
311.0 5.96875
312.0 6.1875
313.0 5.6484375
314.0 5.890625
315.0 4.875
316.0 5.140625
317.0 5.96875
318.0 6.2265625
319.0 6.1875
320.0 6.2109375
321.0 6.2734375
322.0 4.8125
323.0 7.8515625
324.0 6.03125
325.0 5.734375
326.0 5.84375
327.0 5.96875
328.0 1.3828125
329.0 10.8046875
330.0 6.2109375
331.0 5.7578125
332.0 6.0859375
333.0 6.3203125
334.0 6.0390625
335.0 6.0859375
336.0 6.515625
337.0 6.421875
338.0 6.53125
339.0 6.171875
340.0 6.703125
341.0 2.2734375
342.0 10.5078125
343.0 5.5859375
344.0 5.9453125
345.0 5.8125
346.0 5.3046875
347.0 5.5546875
348.0 6.0390625
349.0 5.78125
350.0 5.9296875
351.0 6.3046875
352.0 6.6328125
353.0 6.453125
354.0 6.7109375
355.0 6.5625
356.0 6.2890625
357.0 6.5078125
358.0 6.390625
359.0 6.3828125
360.0 6.390625
361.0 6.4765625
362.0 5.0546875
363.0 8.796875
364.0 6.7109375
365.0 6.140625
366.0 6.265625
367.0 6.3828125
368.0 0.8828125
369.0 9.6640625
370.0 5.734375
371.0 6.2734375
372.0 6.4375
373.0 6.6640625
374.0 6.328125
375.0 6.3046875
376.0 6.46875
377.0 6.703125
378.0 6.421875
379.0 6.65625
380.0 6.203125
381.0 6.4453125
382.0 6.2890625
383.0 6.296875
384.0 6.2265625
385.0 6.46875
386.0 6.328125
387.0 6.421875
388.0 6.5390625
389.0 6.53125
390.0 2.3046875
391.0 11.578125
392.0 6.84375
393.0 7.0625
394.0 6.4765625
395.0 6.859375
396.0 6.8671875
397.0 6.4140625
398.0 6.2578125
399.0 6.5703125
400.0 6.140625
401.0 6.0859375
402.0 4.9453125
403.0 3.171875
404.0 6.5625
405.0 6.171875
406.0 6.2421875
407.0 6.2578125
408.0 6.75
409.0 6.3515625
410.0 5.890625
411.0 7.359375
412.0 6.484375
413.0 6.71875
414.0 6.1484375
415.0 5.078125
416.0 7.1953125
417.0 5.6328125
418.0 5.703125
419.0 6.3203125
420.0 6.0859375
421.0 5.9765625
422.0 6.2578125
423.0 6.109375
424.0 6.0859375
425.0 6.1796875
426.0 6.078125
427.0 2.0078125
428.0 10.4765625
429.0 5.7265625
430.0 5.84375
431.0 4.0703125
432.0 5.7890625
433.0 6.09375
434.0 5.5
435.0 5.0234375
436.0 6.171875
437.0 6.234375
438.0 6.203125
439.0 6.2109375
440.0 6.65625
441.0 6.1796875
442.0 1.8515625
443.0 10.84375
444.0 6.203125
445.0 5.84375
446.0 6.328125
447.0 6.0078125
448.0 6.109375
449.0 4.8046875
450.0 5.0390625
451.0 5.5546875
452.0 5.6640625
453.0 5.7890625
454.0 5.9765625
455.0 5.171875
456.0 5.9296875
457.0 6.09375
458.0 1.796875
459.0 8.140625
460.0 4.359375
461.0 5.1328125
462.0 1.4453125
463.0 9.2109375
464.0 4.7578125
465.0 5.765625
466.0 5.6640625
467.0 4.828125
468.0 4.890625
469.0 5.1640625
470.0 6.109375
471.0 6.2421875
472.0 5.96875
473.0 3.921875
474.0 8.53125
475.0 6.421875
476.0 6.234375
477.0 6.171875
478.0 6.3046875
479.0 6.5625
480.0 6.0859375
481.0 6.0546875
482.0 6.3046875
483.0 6.3359375
484.0 6.03125
485.0 6.078125
486.0 6.1796875
487.0 6.0390625
488.0 6.1484375
489.0 6.234375
490.0 6.4765625
491.0 6.484375
492.0 6.203125
493.0 6.140625
494.0 5.96875
495.0 6.40625
496.0 6.03125
497.0 6.125
498.0 6.3203125
499.0 6.2734375
500.0 6.078125
501.0 5.9140625
502.0 6.0
503.0 6.09375
504.0 5.6015625
505.0 5.796875
506.0 5.7109375
507.0 6.265625
508.0 6.0546875
509.0 5.9765625
510.0 5.796875
511.0 6.359375
512.0 6.2265625
513.0 6.2109375
514.0 6.171875
515.0 5.9453125
516.0 6.1484375
517.0 6.0234375
518.0 6.2109375
519.0 4.7265625
520.0 4.9609375
521.0 5.4921875
522.0 4.7421875
523.0 4.4296875
524.0 4.3359375
525.0 4.328125
526.0 5.4296875
527.0 4.953125
528.0 5.0390625
529.0 6.2109375
530.0 6.09375
531.0 5.4375
532.0 4.0546875
533.0 4.6328125
534.0 6.3203125
535.0 6.53125
536.0 5.9375
537.0 5.8125
538.0 6.078125
539.0 6.109375
540.0 5.84375
541.0 6.078125
542.0 3.40625
543.0 7.9453125
544.0 6.46875
545.0 6.4453125
546.0 6.3359375
547.0 6.1875
548.0 6.53125
549.0 6.2734375
550.0 6.171875
551.0 6.359375
552.0 6.1484375
553.0 6.0546875
554.0 5.96875
555.0 4.5
556.0 5.421875
557.0 5.671875
558.0 5.3203125
559.0 4.546875
560.0 6.03125
561.0 6.5546875
562.0 6.484375
563.0 6.171875
564.0 6.1484375
565.0 6.390625
566.0 6.2890625
567.0 6.15625
568.0 6.515625
569.0 5.3203125
570.0 6.125
571.0 6.1796875
572.0 6.5078125
573.0 6.6796875
574.0 6.453125
575.0 5.5859375
576.0 5.84375
577.0 5.28125
578.0 3.5
579.0 0.078125
580.0 0.0
581.0 15.9765625
582.0 5.7578125
583.0 4.953125
584.0 5.4921875
585.0 4.5390625
586.0 3.0234375
587.0 7.3359375
588.0 5.75
589.0 5.6171875
590.0 4.8125
591.0 5.015625
592.0 3.4375
593.0 6.453125
594.0 5.21875
595.0 5.2734375
596.0 5.015625
597.0 4.75
598.0 4.09375
599.0 3.9765625
