0.0 5.546875
1.0 5.609375
2.0 5.1015625
3.0 5.1875
4.0 4.9609375
5.0 5.765625
6.0 5.515625
7.0 5.015625
8.0 5.1328125
9.0 4.8046875
10.0 5.453125
11.0 5.3203125
12.0 4.84375
13.0 4.8046875
14.0 0.71875
15.0 9.8046875
16.0 5.6328125
17.0 5.4375
18.0 4.609375
19.0 1.4453125
20.0 8.3515625
21.0 4.9765625
22.0 5.0859375
23.0 5.4921875
24.0 5.4375
25.0 3.7421875
26.0 3.0703125
27.0 4.609375
28.0 5.453125
29.0 5.046875
30.0 5.140625
31.0 5.3984375
32.0 4.859375
33.0 5.890625
34.0 4.9296875
35.0 4.4765625
36.0 4.796875
37.0 4.578125
38.0 4.78125
39.0 4.953125
40.0 4.7734375
41.0 4.921875
42.0 4.9609375
43.0 4.71875
44.0 5.1953125
45.0 5.3046875
46.0 5.0703125
47.0 4.8359375
48.0 5.234375
49.0 3.8828125
50.0 6.390625
51.0 4.5
52.0 4.28125
53.0 5.015625
54.0 2.90625
55.0 6.5390625
56.0 4.6328125
57.0 4.7421875
58.0 4.859375
59.0 5.2265625
60.0 4.8671875
61.0 5.1015625
62.0 5.3515625
63.0 5.3515625
64.0 5.125
65.0 5.015625
66.0 4.84375
67.0 4.265625
68.0 7.0078125
69.0 4.984375
70.0 5.0390625
71.0 5.1953125
72.0 5.375
73.0 5.640625
74.0 4.5625
75.0 6.890625
76.0 5.5
77.0 5.4296875
78.0 5.6328125
79.0 5.234375
80.0 5.765625
81.0 5.640625
82.0 5.2734375
83.0 5.3671875
84.0 5.453125
85.0 4.6484375
86.0 5.3984375
87.0 4.15625
88.0 6.84375
89.0 5.0234375
90.0 4.4765625
91.0 1.8984375
92.0 7.5234375
93.0 5.40625
94.0 5.078125
95.0 5.53125
96.0 4.90625
97.0 4.859375
98.0 5.546875
99.0 5.5546875
100.0 5.1875
101.0 4.875
102.0 5.15625
103.0 4.78125
104.0 0.4296875
105.0 9.328125
106.0 5.234375
107.0 4.796875
108.0 4.78125
109.0 4.7265625
110.0 5.0078125
111.0 5.109375
112.0 5.171875
113.0 5.5
114.0 5.6484375
115.0 5.734375
116.0 5.1328125
117.0 2.65625
118.0 8.0546875
119.0 4.4765625
120.0 4.9765625
121.0 4.46875
122.0 4.3046875
123.0 2.3359375
124.0 7.6015625
125.0 5.1328125
126.0 5.203125
127.0 5.3203125
128.0 5.3515625
129.0 5.21875
130.0 4.8984375
131.0 3.8828125
132.0 5.109375
133.0 4.9609375
134.0 5.078125
135.0 4.9921875
136.0 5.0078125
137.0 5.140625
138.0 5.203125
139.0 4.2421875
140.0 5.0234375
141.0 5.1875
142.0 4.7734375
143.0 5.0390625
144.0 4.8125
145.0 3.53125
146.0 5.546875
147.0 4.546875
148.0 5.25
149.0 4.5625
150.0 3.9765625
151.0 4.9765625
152.0 3.4921875
153.0 6.203125
154.0 5.1953125
155.0 4.65625
156.0 5.2734375
157.0 5.2890625
158.0 0.6640625
159.0 7.765625
160.0 5.0703125
161.0 5.546875
162.0 5.125
163.0 5.2890625
164.0 3.59375
165.0 2.6328125
166.0 0.7578125
167.0 0.0
168.0 6.7734375
169.0 3.8828125
170.0 4.03125
171.0 3.4296875
172.0 4.8125
173.0 4.71875
174.0 4.5
175.0 2.21875
176.0 5.34375
177.0 4.1796875
178.0 4.4765625
179.0 2.0703125
180.0 7.484375
181.0 4.5703125
182.0 4.71875
183.0 4.5390625
184.0 4.625
185.0 4.1875
186.0 3.8203125
187.0 3.5859375
188.0 4.5390625
189.0 4.484375
190.0 3.1953125
191.0 5.375
192.0 4.0703125
193.0 3.21875
194.0 4.0234375
195.0 1.0859375
196.0 1.5546875
197.0 3.8203125
198.0 5.2265625
199.0 5.203125
200.0 4.84375
201.0 4.3984375
202.0 5.046875
203.0 5.2734375
204.0 4.921875
205.0 5.2265625
206.0 0.46875
207.0 9.4296875
208.0 5.3125
209.0 5.546875
210.0 5.125
211.0 5.5546875
212.0 5.3203125
213.0 5.0078125
214.0 4.71875
215.0 1.890625
216.0 7.984375
217.0 5.3828125
218.0 5.5546875
219.0 5.421875
220.0 5.3359375
221.0 5.2265625
222.0 5.75
223.0 5.1328125
224.0 4.5
225.0 5.078125
226.0 4.0390625
227.0 3.7109375
228.0 2.6015625
229.0 0.46875
230.0 8.015625
231.0 4.2109375
232.0 4.6015625
233.0 4.1171875
234.0 4.5390625
235.0 4.21875
236.0 4.6640625
237.0 4.515625
238.0 4.0546875
239.0 1.171875
240.0 7.7265625
241.0 4.515625
242.0 4.609375
243.0 4.78125
244.0 4.546875
245.0 4.7578125
246.0 5.375
247.0 4.6484375
248.0 4.296875
249.0 5.140625
250.0 4.9453125
251.0 5.15625
252.0 4.8125
253.0 0.8125
254.0 7.34375
255.0 4.3515625
256.0 5.0703125
257.0 4.9765625
258.0 4.8984375
259.0 3.34375
260.0 6.7109375
261.0 5.28125
262.0 4.8984375
263.0 5.046875
264.0 4.7421875
265.0 4.6875
266.0 4.6484375
267.0 4.6875
268.0 4.796875
269.0 4.6796875
270.0 4.265625
271.0 4.4296875
272.0 4.4296875
273.0 4.890625
274.0 4.7421875
275.0 5.2265625
276.0 5.171875
277.0 4.9296875
278.0 4.8046875
279.0 5.125
280.0 4.3359375
281.0 4.6015625
282.0 3.90625
283.0 3.8203125
284.0 4.7421875
285.0 4.6328125
286.0 4.828125
287.0 3.84375
288.0 4.21875
289.0 4.78125
290.0 4.75
291.0 4.9765625
292.0 4.7421875
293.0 4.9296875
294.0 4.5625
295.0 5.21875
296.0 5.21875
297.0 4.78125
298.0 4.5703125
299.0 4.75
300.0 5.0390625
301.0 4.7578125
302.0 4.9765625
303.0 5.25
304.0 4.453125
305.0 3.140625
306.0 4.6953125
307.0 4.9453125
308.0 4.84375
309.0 4.90625
310.0 4.7109375
311.0 4.9453125
312.0 3.609375
313.0 0.0390625
314.0 0.0
315.0 13.328125
316.0 2.6640625
317.0 3.84375
318.0 3.21875
319.0 4.1875
320.0 4.71875
321.0 4.0703125
322.0 4.1875
323.0 4.7578125
324.0 4.9453125
325.0 5.140625
326.0 5.15625
327.0 4.7578125
328.0 0.484375
329.0 9.453125
330.0 4.859375
331.0 0.8046875
332.0 9.1015625
333.0 5.1328125
334.0 5.015625
335.0 5.15625
336.0 5.15625
337.0 5.25
338.0 5.0078125
339.0 4.828125
340.0 4.90625
341.0 4.7734375
342.0 5.0078125
343.0 5.078125
344.0 5.3046875
345.0 3.890625
346.0 6.484375
347.0 4.484375
348.0 5.0703125
349.0 4.8046875
350.0 0.390625
351.0 9.3671875
352.0 4.3515625
353.0 4.78125
354.0 4.3828125
355.0 5.609375
356.0 4.59375
357.0 5.25
358.0 4.9453125
359.0 4.84375
360.0 4.9609375
361.0 4.84375
362.0 5.0234375
363.0 4.5390625
364.0 4.0390625
365.0 2.953125
366.0 4.3828125
367.0 4.7734375
368.0 4.3359375
369.0 1.078125
370.0 6.6875
371.0 4.8984375
372.0 5.1015625
373.0 4.90625
374.0 4.7734375
375.0 0.7890625
376.0 9.6640625
377.0 4.0859375
378.0 5.1953125
379.0 5.25
380.0 4.78125
381.0 4.4453125
382.0 5.1015625
383.0 5.25
384.0 5.3046875
385.0 4.84375
386.0 4.6796875
387.0 1.53125
388.0 5.3984375
389.0 4.3984375
390.0 4.6953125
391.0 3.9375
392.0 3.734375
393.0 5.0546875
394.0 3.96875
395.0 4.7265625
396.0 4.3203125
397.0 2.7109375
398.0 0.0
399.0 7.078125
400.0 4.125
401.0 4.0546875
402.0 4.4453125
403.0 2.90625
404.0 5.1875
405.0 4.7265625
406.0 4.1484375
407.0 4.578125
408.0 4.53125
409.0 4.1328125
410.0 4.5703125
411.0 4.859375
412.0 4.6484375
413.0 4.9296875
414.0 4.1484375
415.0 4.3203125
416.0 4.984375
417.0 3.703125
418.0 4.1484375
419.0 4.234375
420.0 4.6015625
421.0 4.7421875
422.0 3.9765625
423.0 4.21875
424.0 4.3828125
425.0 3.796875
426.0 3.96875
427.0 5.140625
428.0 3.40625
429.0 3.4375
430.0 3.6484375
431.0 3.9921875
432.0 3.921875
433.0 4.15625
434.0 4.0546875
435.0 3.796875
436.0 4.359375
437.0 4.46875
438.0 3.6171875
439.0 3.4140625
440.0 4.3046875
441.0 4.0625
442.0 3.859375
443.0 4.09375
444.0 4.65625
445.0 5.0390625
446.0 4.1171875
447.0 3.703125
448.0 4.4453125
449.0 5.1953125
450.0 5.109375
451.0 4.6875
452.0 4.21875
453.0 1.34375
454.0 6.984375
455.0 4.859375
456.0 4.453125
457.0 4.609375
458.0 4.0390625
459.0 4.9453125
460.0 4.265625
461.0 2.7265625
462.0 3.1484375
463.0 4.5625
464.0 4.59375
465.0 4.6953125
466.0 5.0859375
467.0 4.1328125
468.0 4.875
469.0 4.609375
470.0 4.3203125
471.0 0.0
472.0 6.4453125
473.0 1.9765625
474.0 4.6796875
475.0 4.234375
476.0 2.4765625
477.0 2.6953125
478.0 2.8359375
479.0 4.5078125
480.0 5.140625
481.0 2.0078125
482.0 8.0234375
483.0 4.8125
484.0 4.859375
485.0 4.5625
486.0 3.875
487.0 4.71875
488.0 4.8359375
489.0 4.859375
490.0 4.6875
491.0 4.3359375
492.0 4.0234375
493.0 3.4765625
494.0 3.296875
495.0 3.6484375
496.0 0.0
497.0 6.2578125
498.0 6.953125
499.0 4.5390625
500.0 3.890625
501.0 4.2109375
502.0 5.0859375
503.0 4.2421875
504.0 3.921875
505.0 4.1796875
506.0 4.6484375
507.0 4.15625
508.0 4.234375
509.0 4.6484375
510.0 3.90625
511.0 3.5546875
512.0 2.359375
513.0 2.515625
514.0 1.46875
515.0 1.3203125
516.0 0.9609375
517.0 2.359375
518.0 1.375
519.0 5.109375
520.0 4.6875
521.0 4.2109375
522.0 4.21875
523.0 0.34375
524.0 8.2109375
525.0 3.5
526.0 4.0234375
527.0 4.296875
528.0 4.1328125
529.0 3.96875
530.0 4.3515625
531.0 4.328125
532.0 4.203125
533.0 3.3203125
534.0 4.265625
535.0 4.09375
536.0 2.5703125
537.0 5.5546875
538.0 4.421875
539.0 4.5625
540.0 4.6328125
541.0 4.5625
542.0 4.625
543.0 4.75
544.0 3.3515625
545.0 0.328125
546.0 0.0
547.0 9.4609375
548.0 5.140625
549.0 4.28125
550.0 3.6171875
551.0 3.84375
552.0 3.2265625
553.0 3.1796875
554.0 3.875
555.0 3.8828125
556.0 2.328125
557.0 1.6796875
558.0 1.203125
559.0 0.0
560.0 0.015625
561.0 7.46875
562.0 4.1484375
563.0 4.328125
564.0 3.9765625
565.0 3.796875
566.0 4.3671875
567.0 3.734375
568.0 4.2421875
569.0 4.5703125
570.0 4.3203125
571.0 4.15625
572.0 3.9765625
573.0 3.734375
574.0 4.234375
575.0 4.9765625
576.0 0.2578125
577.0 8.1640625
578.0 3.0703125
579.0 6.0546875
580.0 4.1171875
581.0 5.0390625
582.0 4.171875
583.0 3.8515625
584.0 3.7890625
585.0 4.125
586.0 4.21875
587.0 4.4296875
588.0 4.421875
589.0 4.2734375
590.0 4.625
591.0 4.03125
592.0 2.890625
593.0 6.765625
594.0 3.90625
595.0 4.0546875
596.0 4.75
597.0 4.6328125
598.0 3.4609375
599.0 3.3515625
