0.0 4.2109375
1.0 4.421875
2.0 4.1328125
3.0 3.9453125
4.0 3.1171875
5.0 1.8671875
6.0 1.953125
7.0 2.1640625
8.0 3.5234375
9.0 3.296875
10.0 0.0
11.0 8.8984375
12.0 4.390625
13.0 4.3984375
14.0 4.6328125
15.0 0.1796875
16.0 8.046875
17.0 4.1484375
18.0 4.2421875
19.0 4.1015625
20.0 0.84375
21.0 7.1796875
22.0 4.0859375
23.0 3.828125
24.0 4.0390625
25.0 3.5625
26.0 3.546875
27.0 3.5234375
28.0 4.0
29.0 3.734375
30.0 3.53125
31.0 3.7421875
32.0 3.9140625
33.0 1.375
34.0 5.3828125
35.0 3.4921875
36.0 4.0625
37.0 4.1328125
38.0 3.9765625
39.0 3.7109375
40.0 4.1875
41.0 4.125
42.0 4.390625
43.0 4.1796875
44.0 4.296875
45.0 4.359375
46.0 4.0078125
47.0 4.1796875
48.0 2.7734375
49.0 5.75
50.0 2.984375
51.0 2.921875
52.0 4.0
53.0 2.1328125
54.0 5.3125
55.0 3.515625
56.0 3.140625
57.0 3.8046875
58.0 4.0
59.0 4.03125
60.0 4.1484375
61.0 4.53125
62.0 4.2109375
63.0 3.546875
64.0 3.6484375
65.0 4.328125
66.0 3.203125
67.0 4.890625
68.0 4.3671875
69.0 4.296875
70.0 4.1328125
71.0 4.0625
72.0 2.4921875
73.0 5.703125
74.0 4.1328125
75.0 4.4453125
76.0 4.5078125
77.0 4.453125
78.0 4.6328125
79.0 4.4453125
80.0 2.7421875
81.0 2.875
82.0 4.6015625
83.0 4.65625
84.0 4.46875
85.0 1.8671875
86.0 7.484375
87.0 4.171875
88.0 4.3671875
89.0 4.6953125
90.0 4.6953125
91.0 4.875
92.0 4.78125
93.0 1.296875
94.0 7.578125
95.0 4.5078125
96.0 4.5390625
97.0 4.4453125
98.0 4.65625
99.0 4.0078125
100.0 4.234375
101.0 4.3671875
102.0 4.0234375
103.0 4.359375
104.0 4.4140625
105.0 4.2109375
106.0 2.484375
107.0 6.5
108.0 4.6875
109.0 4.3515625
110.0 4.453125
111.0 1.0546875
112.0 5.53125
113.0 1.921875
114.0 1.96875
115.0 3.2265625
116.0 3.5625
117.0 3.625
118.0 3.890625
119.0 4.03125
120.0 4.25
121.0 4.46875
122.0 4.453125
123.0 4.296875
124.0 4.6015625
125.0 4.3359375
126.0 0.0
127.0 9.046875
128.0 4.1796875
129.0 4.53125
130.0 4.265625
131.0 3.8515625
132.0 5.125
133.0 4.53125
134.0 4.4140625
135.0 4.3515625
136.0 3.21875
137.0 2.5078125
138.0 3.3125
139.0 4.390625
140.0 4.171875
141.0 4.4453125
142.0 4.2734375
143.0 4.328125
144.0 4.1015625
145.0 1.296875
146.0 7.390625
147.0 4.0703125
148.0 4.15625
149.0 4.21875
150.0 4.46875
151.0 3.9765625
152.0 2.453125
153.0 3.703125
154.0 6.0625
155.0 3.8515625
156.0 4.203125
157.0 3.3515625
158.0 4.0859375
159.0 4.359375
160.0 4.1875
161.0 3.859375
162.0 4.09375
163.0 3.859375
164.0 4.03125
165.0 4.3359375
166.0 3.8515625
167.0 0.4296875
168.0 8.8828125
169.0 4.2421875
170.0 4.296875
171.0 4.0390625
172.0 0.8125
173.0 7.5859375
174.0 4.0234375
175.0 4.125
176.0 4.0390625
177.0 3.8046875
178.0 3.734375
179.0 3.875
180.0 3.84375
181.0 4.3203125
182.0 4.1796875
183.0 4.0625
184.0 3.859375
185.0 2.4609375
186.0 6.453125
187.0 4.5390625
188.0 4.4453125
189.0 4.5
190.0 4.5703125
191.0 4.546875
192.0 1.625
193.0 7.1640625
194.0 3.765625
195.0 4.359375
196.0 4.3359375
197.0 4.2734375
198.0 4.09375
199.0 4.03125
200.0 4.1796875
201.0 3.84375
202.0 4.0078125
203.0 4.28125
204.0 4.2109375
205.0 2.5234375
206.0 6.078125
207.0 4.171875
208.0 4.328125
209.0 4.328125
210.0 4.1328125
211.0 3.9921875
212.0 3.515625
213.0 4.09375
214.0 3.90625
215.0 4.1171875
216.0 3.4140625
217.0 1.03125
218.0 7.25
219.0 4.1171875
220.0 4.3203125
221.0 4.1875
222.0 4.03125
223.0 1.1640625
224.0 6.203125
225.0 3.8828125
226.0 3.953125
227.0 4.0546875
228.0 4.328125
229.0 4.1484375
230.0 4.5625
231.0 4.5078125
232.0 4.4765625
233.0 4.4140625
234.0 4.3359375
235.0 1.171875
236.0 7.28125
237.0 4.203125
238.0 4.4765625
239.0 4.484375
240.0 4.171875
241.0 4.2109375
242.0 4.515625
243.0 4.0078125
244.0 3.7421875
245.0 4.171875
246.0 3.828125
247.0 3.828125
248.0 2.609375
249.0 5.1328125
250.0 4.3515625
251.0 4.4140625
252.0 4.65625
253.0 4.0
254.0 3.953125
255.0 3.96875
256.0 0.3359375
257.0 7.546875
258.0 3.9140625
259.0 2.9296875
260.0 4.3828125
261.0 3.953125
262.0 3.8203125
263.0 3.7734375
264.0 3.7890625
265.0 3.40625
266.0 3.4765625
267.0 3.6796875
268.0 1.4140625
269.0 5.3125
270.0 3.1640625
271.0 4.390625
272.0 3.7578125
273.0 3.3125
274.0 3.734375
275.0 4.09375
276.0 4.15625
277.0 3.5625
278.0 3.859375
279.0 3.7265625
280.0 3.734375
281.0 3.765625
282.0 3.765625
283.0 0.71875
284.0 4.7578125
285.0 4.8671875
286.0 3.328125
287.0 3.4453125
288.0 3.640625
289.0 3.6796875
290.0 3.578125
291.0 3.3984375
292.0 2.7890625
293.0 3.2890625
294.0 3.7421875
295.0 3.796875
296.0 3.65625
297.0 3.8046875
298.0 3.5859375
299.0 3.65625
300.0 3.8515625
301.0 0.1953125
302.0 7.375
303.0 3.765625
304.0 3.7734375
305.0 4.0703125
306.0 4.0234375
307.0 2.5234375
308.0 5.765625
309.0 3.9140625
310.0 3.8515625
311.0 3.6796875
312.0 3.765625
313.0 3.8515625
314.0 3.7265625
315.0 3.90625
316.0 3.7890625
317.0 3.9765625
318.0 3.90625
319.0 3.640625
320.0 1.9765625
321.0 5.3984375
322.0 3.625
323.0 3.4765625
324.0 3.3125
325.0 3.609375
326.0 3.84375
327.0 3.640625
328.0 3.578125
329.0 3.5625
330.0 3.6953125
331.0 2.3984375
332.0 5.140625
333.0 3.796875
334.0 3.734375
335.0 3.515625
336.0 3.578125
337.0 3.609375
338.0 3.4140625
339.0 3.3515625
340.0 3.5
341.0 3.671875
342.0 3.96875
343.0 1.328125
344.0 5.234375
345.0 3.0
346.0 2.328125
347.0 2.6953125
348.0 3.109375
349.0 3.0390625
350.0 1.9765625
351.0 2.34375
352.0 2.1015625
353.0 2.359375
354.0 3.0546875
355.0 3.34375
356.0 2.9609375
357.0 1.7734375
358.0 0.0
359.0 6.1484375
360.0 2.7578125
361.0 0.7265625
362.0 4.28125
363.0 2.125
364.0 1.9765625
365.0 2.015625
366.0 1.7734375
367.0 1.796875
368.0 1.7109375
369.0 2.125
370.0 2.1953125
371.0 2.21875
372.0 2.1484375
373.0 2.328125
374.0 2.1796875
375.0 1.6796875
376.0 0.0
377.0 6.765625
378.0 3.578125
379.0 4.2421875
380.0 3.96875
381.0 4.0859375
382.0 4.28125
383.0 1.3203125
384.0 7.5703125
385.0 4.296875
386.0 4.5625
387.0 3.953125
388.0 3.6171875
389.0 4.1015625
390.0 4.0390625
391.0 3.84375
392.0 3.703125
393.0 3.4765625
394.0 3.40625
395.0 3.9453125
396.0 3.65625
397.0 2.046875
398.0 5.2890625
399.0 3.0859375
400.0 4.609375
401.0 4.265625
402.0 4.1796875
403.0 4.46875
404.0 4.359375
405.0 4.2109375
406.0 3.609375
407.0 4.03125
408.0 4.3671875
409.0 4.484375
410.0 4.3515625
411.0 4.5390625
412.0 4.4140625
413.0 3.7734375
414.0 2.359375
415.0 6.0390625
416.0 4.3046875
417.0 4.1171875
418.0 3.7578125
419.0 3.734375
420.0 1.421875
421.0 6.0
422.0 3.609375
423.0 3.53125
424.0 3.6484375
425.0 3.734375
426.0 3.703125
427.0 3.7734375
428.0 3.640625
429.0 3.5859375
430.0 3.7734375
431.0 3.7109375
432.0 3.4453125
433.0 0.0
434.0 8.015625
435.0 3.921875
436.0 2.328125
437.0 4.6640625
438.0 2.8046875
439.0 2.0390625
440.0 0.578125
441.0 0.0
442.0 5.859375
443.0 3.703125
444.0 4.0703125
445.0 4.0
446.0 3.703125
447.0 3.796875
448.0 3.9453125
449.0 4.0625
450.0 3.953125
451.0 4.0
452.0 4.0703125
453.0 3.9921875
454.0 4.0859375
455.0 3.8828125
456.0 0.0
457.0 7.96875
458.0 4.03125
459.0 3.9765625
460.0 3.828125
461.0 3.9765625
462.0 3.9921875
463.0 4.09375
464.0 3.53125
465.0 5.5546875
466.0 4.890625
467.0 4.6875
468.0 4.3359375
469.0 4.0546875
470.0 3.6796875
471.0 3.890625
472.0 3.7578125
473.0 3.921875
474.0 4.3515625
475.0 4.4765625
476.0 4.3046875
477.0 3.0390625
478.0 6.1171875
479.0 4.390625
480.0 4.25
481.0 3.328125
482.0 2.1171875
483.0 5.6015625
484.0 4.5703125
485.0 5.2265625
486.0 4.4765625
487.0 3.7109375
488.0 4.203125
489.0 4.296875
490.0 4.125
491.0 4.1328125
492.0 4.359375
493.0 4.3203125
494.0 4.5625
495.0 4.546875
496.0 1.59375
497.0 7.578125
498.0 4.421875
499.0 4.46875
500.0 4.125
501.0 0.96875
502.0 7.875
503.0 4.609375
504.0 4.3671875
505.0 4.3984375
506.0 4.0078125
507.0 3.1015625
508.0 4.859375
509.0 4.8671875
510.0 5.0078125
511.0 4.7578125
512.0 4.6953125
513.0 4.71875
514.0 4.6875
515.0 0.3671875
516.0 9.1640625
517.0 4.8671875
518.0 4.7578125
519.0 4.3359375
520.0 3.0234375
521.0 6.4140625
522.0 4.5078125
523.0 1.2890625
524.0 8.265625
525.0 4.6484375
526.0 4.75
527.0 4.5390625
528.0 4.53125
529.0 4.65625
530.0 4.6328125
531.0 4.5625
532.0 4.71875
533.0 4.828125
534.0 4.5078125
535.0 4.546875
536.0 4.453125
537.0 4.2109375
538.0 1.8828125
539.0 5.9375
540.0 4.296875
541.0 4.328125
542.0 4.546875
543.0 3.65625
544.0 0.0
545.0 7.7578125
546.0 4.1875
547.0 4.15625
548.0 4.453125
549.0 4.5
550.0 0.109375
551.0 8.8046875
552.0 4.296875
553.0 4.3046875
554.0 4.3203125
555.0 4.0625
556.0 4.3203125
557.0 4.46875
558.0 4.28125
559.0 4.4453125
560.0 4.203125
561.0 3.84375
562.0 4.1875
563.0 4.0390625
564.0 0.9609375
565.0 7.390625
566.0 4.21875
567.0 4.1171875
568.0 4.359375
569.0 4.1875
570.0 3.890625
571.0 2.671875
572.0 4.7734375
573.0 5.734375
574.0 4.6640625
575.0 4.625
576.0 2.234375
577.0 2.0390625
578.0 1.96875
579.0 1.8828125
580.0 1.6484375
581.0 1.140625
582.0 1.796875
583.0 0.9296875
584.0 5.734375
585.0 4.125
586.0 4.3203125
587.0 4.484375
588.0 4.296875
589.0 3.2890625
590.0 4.484375
591.0 4.2421875
592.0 4.1328125
593.0 4.296875
594.0 4.390625
595.0 4.65625
596.0 3.6171875
597.0 5.875
598.0 4.6484375
599.0 4.9765625
