0.0 4.421875
1.0 4.3046875
2.0 4.7265625
3.0 5.0390625
4.0 4.9296875
5.0 4.9609375
6.0 4.84375
7.0 5.0546875
8.0 4.9453125
9.0 5.15625
10.0 5.4609375
11.0 4.9609375
12.0 3.8515625
13.0 3.7109375
14.0 2.7421875
15.0 6.453125
16.0 4.921875
17.0 4.5390625
18.0 4.3515625
19.0 5.140625
20.0 4.8671875
21.0 4.78125
22.0 4.8671875
23.0 4.796875
24.0 4.9609375
25.0 3.1328125
26.0 1.65625
27.0 2.5703125
28.0 4.5703125
29.0 4.8671875
30.0 4.78125
31.0 5.0234375
32.0 2.8984375
33.0 5.875
34.0 4.515625
35.0 4.4453125
36.0 4.1015625
37.0 4.4765625
38.0 5.46875
39.0 4.0625
40.0 3.65625
41.0 3.546875
42.0 4.9296875
43.0 5.1953125
44.0 4.609375
45.0 4.7578125
46.0 4.859375
47.0 4.78125
48.0 4.6796875
49.0 3.0546875
50.0 0.09375
51.0 8.859375
52.0 4.625
53.0 4.65625
54.0 4.5
55.0 3.59375
56.0 0.0703125
57.0 6.109375
58.0 4.234375
59.0 3.921875
60.0 4.203125
61.0 4.7578125
62.0 3.4921875
63.0 4.390625
64.0 4.75
65.0 4.84375
66.0 4.5078125
67.0 1.28125
68.0 1.6484375
69.0 2.453125
70.0 5.609375
71.0 4.7109375
72.0 4.8359375
73.0 4.421875
74.0 3.2578125
75.0 1.5625
76.0 7.546875
77.0 4.984375
78.0 4.75
79.0 5.21875
80.0 5.171875
81.0 5.21875
82.0 5.5
83.0 5.2734375
84.0 5.15625
85.0 4.3203125
86.0 2.7578125
87.0 2.390625
88.0 2.265625
89.0 0.328125
90.0 4.2109375
91.0 2.375
92.0 2.3359375
93.0 2.421875
94.0 2.1484375
95.0 2.265625
96.0 2.6875
97.0 0.5234375
98.0 4.515625
99.0 2.8203125
100.0 2.7265625
101.0 2.984375
102.0 4.1796875
103.0 5.1328125
104.0 5.34375
105.0 3.3671875
106.0 2.5390625
107.0 3.0234375
108.0 2.3359375
109.0 2.28125
110.0 2.6328125
111.0 3.109375
112.0 1.9375
113.0 0.0
114.0 0.0
115.0 6.3515625
116.0 2.4609375
117.0 2.09375
118.0 1.2109375
119.0 0.0
120.0 4.5
121.0 4.3828125
122.0 4.8359375
123.0 4.6015625
124.0 4.8671875
125.0 5.1875
126.0 4.5625
127.0 4.4453125
128.0 4.53125
129.0 3.9921875
130.0 4.2109375
131.0 4.6875
132.0 4.5625
133.0 4.5078125
134.0 0.4921875
135.0 9.625
136.0 4.84375
137.0 5.015625
138.0 5.0859375
139.0 3.40625
140.0 0.0
141.0 4.8671875
142.0 0.5703125
143.0 0.6875
144.0 0.71875
145.0 0.546875
146.0 1.2265625
147.0 3.859375
148.0 4.6640625
149.0 4.6015625
150.0 4.7109375
151.0 4.5
152.0 4.5390625
153.0 4.15625
154.0 4.0234375
155.0 4.3984375
156.0 4.3671875
157.0 4.3046875
158.0 4.1015625
159.0 4.8359375
160.0 4.1875
161.0 4.2109375
162.0 3.7265625
163.0 4.234375
164.0 4.1484375
165.0 2.9375
166.0 5.4375
167.0 4.0078125
168.0 3.5234375
169.0 3.9140625
170.0 4.6640625
171.0 4.0625
172.0 4.4296875
173.0 4.1015625
174.0 4.6953125
175.0 4.6953125
176.0 4.921875
177.0 5.0546875
178.0 4.65625
179.0 3.65625
180.0 4.09375
181.0 3.515625
182.0 1.0546875
183.0 1.421875
184.0 3.5859375
185.0 4.625
186.0 4.484375
187.0 4.234375
188.0 0.9296875
189.0 0.09375
190.0 0.0
191.0 6.9453125
192.0 3.9453125
193.0 3.96875
194.0 4.5
195.0 4.234375
196.0 2.921875
197.0 6.2890625
198.0 4.546875
199.0 4.3984375
200.0 4.328125
201.0 4.28125
202.0 2.75
203.0 4.2734375
204.0 4.1328125
205.0 4.578125
206.0 4.4140625
207.0 4.25
208.0 2.1484375
209.0 0.0
210.0 8.671875
211.0 4.75
212.0 4.234375
213.0 4.2109375
214.0 4.4296875
215.0 3.46875
216.0 3.203125
217.0 4.1484375
218.0 2.8125
219.0 5.640625
220.0 4.796875
221.0 4.1875
222.0 4.4453125
223.0 4.4140625
224.0 4.578125
225.0 4.1796875
226.0 4.78125
227.0 4.625
228.0 4.5703125
229.0 5.125
230.0 4.984375
231.0 4.4140625
232.0 0.3671875
233.0 9.125
234.0 4.625
235.0 4.75
236.0 4.8359375
237.0 4.25
238.0 4.6015625
239.0 3.1796875
240.0 0.1796875
241.0 8.1953125
242.0 3.7421875
243.0 4.0859375
244.0 3.734375
245.0 2.7578125
246.0 2.15625
247.0 2.4765625
248.0 2.953125
249.0 3.3125
250.0 2.8359375
251.0 3.671875
252.0 3.1171875
253.0 1.0234375
254.0 0.0
255.0 6.9140625
256.0 3.7421875
257.0 4.3671875
258.0 2.28125
259.0 0.0078125
260.0 0.0
261.0 7.7578125
262.0 4.5625
263.0 3.5546875
264.0 3.8515625
265.0 4.6953125
266.0 4.875
267.0 4.75
268.0 4.6875
269.0 5.125
270.0 4.25
271.0 4.578125
272.0 4.796875
273.0 4.3203125
274.0 4.0078125
275.0 0.9453125
276.0 8.1953125
277.0 4.4140625
278.0 4.7421875
279.0 4.578125
280.0 1.5859375
281.0 6.328125
282.0 3.9453125
283.0 4.15625
284.0 4.265625
285.0 4.0078125
286.0 3.765625
287.0 4.09375
288.0 4.2734375
289.0 4.6015625
290.0 4.5
291.0 4.4140625
292.0 4.3515625
293.0 2.046875
294.0 6.734375
295.0 4.8359375
296.0 4.0546875
297.0 4.3203125
298.0 4.890625
299.0 4.8984375
300.0 4.65625
301.0 1.1796875
302.0 9.1328125
303.0 4.75
304.0 5.2890625
305.0 5.140625
306.0 4.8046875
307.0 4.7421875
308.0 4.8125
309.0 4.875
310.0 4.3515625
311.0 3.796875
312.0 3.3125
313.0 2.3359375
314.0 0.0
315.0 0.0
316.0 0.0
317.0 0.0
318.0 2.1640625
319.0 4.0703125
320.0 4.28125
321.0 4.09375
322.0 4.2421875
323.0 3.046875
324.0 2.1171875
325.0 3.0703125
326.0 4.09375
327.0 3.4921875
328.0 3.9453125
329.0 4.296875
330.0 3.7421875
331.0 3.875
332.0 4.1171875
333.0 2.265625
334.0 5.234375
335.0 4.2109375
336.0 4.1328125
337.0 3.4921875
338.0 3.7734375
339.0 3.4609375
340.0 2.4296875
341.0 2.8984375
342.0 2.8203125
343.0 3.046875
344.0 2.78125
345.0 2.921875
346.0 3.46875
347.0 3.3671875
348.0 0.71875
349.0 7.15625
350.0 4.0234375
351.0 4.0546875
352.0 4.1484375
353.0 3.734375
354.0 0.109375
355.0 7.0078125
356.0 3.84375
357.0 3.765625
358.0 4.171875
359.0 2.9375
360.0 3.8828125
361.0 3.7265625
362.0 4.0625
363.0 4.2421875
364.0 4.78125
365.0 4.9921875
366.0 4.3359375
367.0 3.6796875
368.0 0.2421875
369.0 6.71875
370.0 4.421875
371.0 0.71875
372.0 7.4375
373.0 3.28125
374.0 4.6953125
375.0 4.1796875
376.0 4.2734375
377.0 3.96875
378.0 4.9921875
379.0 4.6796875
380.0 4.7109375
381.0 4.8984375
382.0 4.9765625
383.0 4.875
384.0 5.1875
385.0 0.6015625
386.0 9.0625
387.0 4.1171875
388.0 4.59375
389.0 4.09375
390.0 2.390625
391.0 5.6953125
392.0 4.453125
393.0 4.71875
394.0 4.9453125
395.0 4.984375
396.0 4.4765625
397.0 4.921875
398.0 4.8359375
399.0 4.828125
400.0 4.8671875
401.0 4.8046875
402.0 4.5625
403.0 0.96875
404.0 7.4375
405.0 4.1796875
406.0 4.7578125
407.0 4.4296875
408.0 4.546875
409.0 4.46875
410.0 4.6875
411.0 4.875
412.0 4.3515625
413.0 4.5703125
414.0 4.171875
415.0 4.515625
416.0 4.8046875
417.0 4.6015625
418.0 4.6953125
419.0 5.078125
420.0 5.40625
421.0 5.0859375
422.0 5.2265625
423.0 5.125
424.0 3.875
425.0 4.4453125
426.0 5.640625
427.0 4.9921875
428.0 6.4140625
429.0 5.453125
430.0 5.671875
431.0 5.7265625
432.0 1.9765625
433.0 8.640625
434.0 5.578125
435.0 5.2734375
436.0 5.2890625
437.0 5.5234375
438.0 5.7265625
439.0 5.6328125
440.0 5.5234375
441.0 5.515625
442.0 5.40625
443.0 5.2265625
444.0 5.28125
445.0 5.4921875
446.0 5.3828125
447.0 4.7578125
448.0 2.921875
449.0 4.3984375
450.0 5.53125
451.0 5.7578125
452.0 5.046875
453.0 5.3984375
454.0 5.0859375
455.0 4.9921875
456.0 3.1640625
457.0 2.4140625
458.0 4.2421875
459.0 4.890625
460.0 1.9375
461.0 8.3515625
462.0 5.0703125
463.0 4.828125
464.0 5.140625
465.0 5.1953125
466.0 3.140625
467.0 2.1015625
468.0 7.9453125
469.0 3.6953125
470.0 4.3828125
471.0 4.8046875
472.0 3.5625
473.0 5.96875
474.0 4.6640625
475.0 5.0234375
476.0 4.859375
477.0 5.2890625
478.0 5.2578125
479.0 4.03125
480.0 3.828125
481.0 3.9453125
482.0 4.125
483.0 4.3828125
484.0 2.7265625
485.0 0.40625
486.0 8.4765625
487.0 4.78125
488.0 4.8046875
489.0 0.7265625
490.0 6.7421875
491.0 3.8828125
492.0 3.140625
493.0 4.953125
494.0 5.2578125
495.0 5.171875
496.0 5.109375
497.0 4.71875
498.0 4.9453125
499.0 5.1328125
500.0 3.46875
501.0 6.390625
502.0 2.65625
503.0 3.046875
504.0 3.921875
505.0 5.1328125
506.0 4.9453125
507.0 5.453125
508.0 5.375
509.0 4.6953125
510.0 4.7265625
511.0 4.8671875
512.0 5.46875
513.0 5.3671875
514.0 4.328125
515.0 1.390625
516.0 8.234375
517.0 4.8125
518.0 5.140625
519.0 4.9765625
520.0 1.3125
521.0 7.6328125
522.0 5.0078125
523.0 5.2265625
524.0 5.609375
525.0 5.1953125
526.0 4.84375
527.0 4.71875
528.0 1.734375
529.0 7.2265625
530.0 4.625
531.0 4.859375
532.0 4.828125
533.0 4.6015625
534.0 4.609375
535.0 4.7265625
536.0 4.7265625
537.0 4.90625
538.0 4.5390625
539.0 4.5390625
540.0 4.0859375
541.0 4.5
542.0 4.546875
543.0 1.6171875
544.0 7.0625
545.0 4.5078125
546.0 4.21875
547.0 1.5390625
548.0 7.0703125
549.0 4.328125
550.0 3.953125
551.0 4.1484375
552.0 4.3359375
553.0 4.4296875
554.0 4.7578125
555.0 4.578125
556.0 4.6484375
557.0 4.453125
558.0 4.3359375
559.0 4.6796875
560.0 1.046875
561.0 7.8671875
562.0 4.46875
563.0 3.296875
564.0 1.59375
565.0 5.40625
566.0 4.6015625
567.0 4.59375
568.0 4.7578125
569.0 4.359375
570.0 4.890625
571.0 4.3828125
572.0 3.625
573.0 2.921875
574.0 2.3671875
575.0 2.515625
576.0 2.9375
577.0 4.0859375
578.0 4.515625
579.0 0.328125
580.0 8.890625
581.0 4.578125
582.0 4.578125
583.0 3.765625
584.0 3.875
585.0 0.0
586.0 6.6875
587.0 3.2890625
588.0 4.953125
589.0 4.5390625
590.0 4.1484375
591.0 4.1015625
592.0 4.1875
593.0 4.7734375
594.0 4.828125
595.0 5.375
596.0 5.3828125
597.0 5.0078125
598.0 5.3515625
599.0 4.828125
