0.0 5.875
1.0 7.015625
2.0 4.515625
3.0 8.9140625
4.0 2.7109375
5.0 4.46875
6.0 3.4609375
7.0 3.1328125
8.0 4.4765625
9.0 3.6796875
10.0 3.3671875
11.0 3.9921875
12.0 6.453125
13.0 6.71875
14.0 6.359375
15.0 5.3828125
16.0 4.8125
17.0 3.640625
18.0 3.25
19.0 0.96875
20.0 0.40625
21.0 7.046875
22.0 2.4765625
23.0 2.65625
24.0 2.6015625
25.0 2.484375
26.0 0.0
27.0 6.8359375
28.0 3.34375
29.0 3.8828125
30.0 4.3359375
31.0 4.6953125
32.0 4.65625
33.0 3.34375
34.0 3.3515625
35.0 3.671875
36.0 4.234375
37.0 4.265625
38.0 3.96875
39.0 9.6015625
40.0 4.8359375
41.0 2.875
42.0 3.0546875
43.0 4.2421875
44.0 6.9765625
45.0 7.125
46.0 6.59375
47.0 5.25
48.0 4.1875
49.0 5.7265625
50.0 7.15625
51.0 7.109375
52.0 6.9140625
53.0 6.890625
54.0 6.4453125
55.0 7.046875
56.0 7.140625
57.0 6.9609375
58.0 7.1796875
59.0 7.15625
60.0 7.5078125
61.0 6.4453125
62.0 8.0546875
63.0 7.34375
64.0 5.0703125
65.0 10.640625
66.0 7.375
67.0 5.7265625
68.0 6.8125
69.0 6.6640625
70.0 7.0703125
71.0 7.046875
72.0 7.1796875
73.0 7.3203125
74.0 7.4609375
75.0 7.1328125
76.0 7.46875
77.0 6.890625
78.0 4.59375
79.0 6.84375
80.0 4.8984375
81.0 4.546875
82.0 2.7421875
83.0 7.546875
84.0 7.125
85.0 5.28125
86.0 3.84375
87.0 3.96875
88.0 4.6640625
89.0 5.6015625
90.0 4.921875
91.0 4.625
92.0 7.8203125
93.0 7.046875
94.0 5.5546875
95.0 4.2421875
96.0 3.1328125
97.0 2.6328125
98.0 2.671875
99.0 3.765625
100.0 4.75
101.0 4.7578125
102.0 4.1171875
103.0 5.1875
104.0 4.28125
105.0 1.3125
106.0 8.1171875
107.0 4.90625
108.0 3.9921875
109.0 5.25
110.0 3.328125
111.0 5.8203125
112.0 4.9453125
113.0 6.0078125
114.0 4.6484375
115.0 2.484375
116.0 3.1328125
117.0 7.015625
118.0 6.9609375
119.0 6.828125
120.0 5.6484375
121.0 6.1875
122.0 6.3203125
123.0 6.265625
124.0 5.515625
125.0 6.6796875
126.0 6.0
127.0 5.7578125
128.0 2.2734375
129.0 0.7265625
130.0 8.6484375
131.0 5.7890625
132.0 6.9609375
133.0 6.5625
134.0 6.734375
135.0 6.703125
136.0 6.5703125
137.0 6.3203125
138.0 4.4296875
139.0 7.9609375
140.0 5.125
141.0 3.8828125
142.0 2.7421875
143.0 8.734375
144.0 4.5703125
145.0 3.25
146.0 5.7109375
147.0 6.3828125
148.0 6.828125
149.0 6.1796875
150.0 4.59375
151.0 5.703125
152.0 4.578125
153.0 5.125
154.0 4.3515625
155.0 6.71875
156.0 4.1015625
157.0 2.3671875
158.0 7.9921875
159.0 3.4765625
160.0 1.7578125
161.0 3.6171875
162.0 6.625
163.0 6.5546875
164.0 7.0078125
165.0 7.1875
166.0 6.5
167.0 5.96875
168.0 6.40625
169.0 6.6171875
170.0 4.546875
171.0 8.5703125
172.0 5.2734375
173.0 3.34375
174.0 5.7578125
175.0 7.0390625
176.0 6.328125
177.0 5.9375
178.0 4.75
179.0 1.640625
180.0 9.1796875
181.0 5.0234375
182.0 5.3203125
183.0 5.109375
184.0 3.3203125
185.0 8.1796875
186.0 6.9296875
187.0 6.8046875
188.0 5.90625
189.0 6.265625
190.0 6.625
191.0 5.34375
192.0 6.859375
193.0 6.5390625
194.0 6.296875
195.0 6.8359375
196.0 6.5546875
197.0 6.921875
198.0 4.7421875
199.0 0.0
200.0 8.0546875
201.0 2.6328125
202.0 4.515625
203.0 7.1640625
204.0 7.421875
205.0 4.4765625
206.0 8.71875
207.0 7.0625
208.0 7.4921875
209.0 6.84375
210.0 6.984375
211.0 6.953125
212.0 7.046875
213.0 6.8984375
214.0 7.0390625
215.0 6.59375
216.0 7.0703125
217.0 7.0703125
218.0 5.3671875
219.0 8.0859375
220.0 7.3125
221.0 7.2890625
222.0 7.1015625
223.0 3.796875
224.0 9.8125
225.0 6.390625
226.0 6.9609375
227.0 7.109375
228.0 7.4375
229.0 7.6171875
230.0 7.2421875
231.0 6.703125
232.0 7.5546875
233.0 5.40625
234.0 0.9921875
235.0 0.3359375
236.0 0.0
237.0 10.9453125
238.0 7.484375
239.0 4.3203125
240.0 1.5390625
241.0 2.7578125
242.0 0.3046875
243.0 7.3125
244.0 3.53125
245.0 4.203125
246.0 1.4765625
247.0 0.8671875
248.0 1.078125
249.0 1.4765625
250.0 0.984375
251.0 0.0
252.0 0.0
253.0 6.3828125
254.0 1.6171875
255.0 1.28125
256.0 0.6171875
257.0 0.0
258.0 6.8125
259.0 7.8125
260.0 7.6953125
261.0 7.6171875
262.0 7.421875
263.0 7.109375
264.0 6.796875
265.0 7.6171875
266.0 7.1953125
267.0 7.6171875
268.0 7.2109375
269.0 5.53125
270.0 6.4765625
271.0 7.0625
272.0 6.859375
273.0 4.921875
274.0 6.390625
275.0 5.5859375
276.0 4.4296875
277.0 6.3515625
278.0 7.2109375
279.0 5.453125
280.0 8.765625
281.0 6.71875
282.0 6.265625
283.0 6.84375
284.0 6.5390625
285.0 6.1484375
286.0 4.15625
287.0 8.53125
288.0 6.625
289.0 6.484375
290.0 5.7109375
291.0 5.1015625
292.0 6.3046875
293.0 6.75
294.0 6.6171875
295.0 6.7734375
296.0 6.8671875
297.0 7.609375
298.0 7.3125
299.0 7.3984375
300.0 7.671875
301.0 4.3828125
302.0 8.03125
303.0 7.8515625
304.0 5.3125
305.0 6.1171875
306.0 3.375
307.0 5.9921875
308.0 4.515625
309.0 6.171875
310.0 6.5625
311.0 6.4375
312.0 5.0078125
313.0 5.078125
314.0 5.171875
315.0 2.546875
316.0 2.78125
317.0 6.359375
318.0 7.5390625
319.0 7.1640625
320.0 6.9609375
321.0 6.7421875
322.0 6.65625
323.0 6.484375
324.0 6.5
325.0 6.40625
326.0 5.8828125
327.0 3.4296875
328.0 0.984375
329.0 8.6484375
330.0 5.0859375
331.0 3.9921875
332.0 2.8359375
333.0 3.2265625
334.0 3.7265625
335.0 4.6796875
336.0 5.453125
337.0 4.2421875
338.0 3.625
339.0 1.4921875
340.0 4.8984375
341.0 3.6484375
342.0 3.1640625
343.0 1.734375
344.0 0.46875
345.0 0.0
346.0 0.0
347.0 5.375
348.0 1.625
349.0 1.296875
350.0 3.2578125
351.0 3.5625
352.0 3.296875
353.0 3.8828125
354.0 6.5078125
355.0 6.515625
356.0 6.03125
357.0 6.71875
358.0 7.078125
359.0 6.6640625
360.0 7.0390625
361.0 6.296875
362.0 6.9921875
363.0 6.625
364.0 6.6171875
365.0 6.8984375
366.0 6.8828125
367.0 6.71875
368.0 5.609375
369.0 4.9765625
370.0 6.2109375
371.0 3.4140625
372.0 1.1484375
373.0 0.0
374.0 0.0
375.0 8.3828125
376.0 6.0546875
377.0 6.8046875
378.0 6.6015625
379.0 6.3203125
380.0 6.2578125
381.0 6.328125
382.0 4.3046875
383.0 8.1640625
384.0 6.390625
385.0 5.375
386.0 5.8203125
387.0 6.984375
388.0 3.9453125
389.0 8.3828125
390.0 6.515625
391.0 6.6875
392.0 6.2265625
393.0 6.9453125
394.0 4.4453125
395.0 8.53125
396.0 6.953125
397.0 6.9921875
398.0 6.515625
399.0 6.2890625
400.0 5.6171875
401.0 5.015625
402.0 4.953125
403.0 5.5546875
404.0 3.1640625
405.0 7.4375
406.0 5.4609375
407.0 6.0859375
408.0 7.1875
409.0 5.046875
410.0 5.6328125
411.0 6.9140625
412.0 5.3984375
413.0 5.1953125
414.0 4.3671875
415.0 4.6328125
416.0 5.6015625
417.0 4.8125
418.0 4.9609375
419.0 0.765625
420.0 11.421875
421.0 5.546875
422.0 5.796875
423.0 4.7734375
424.0 3.078125
425.0 0.90625
426.0 7.734375
427.0 6.8828125
428.0 4.25
429.0 5.2734375
430.0 6.0859375
431.0 5.53125
432.0 4.9453125
433.0 9.4921875
434.0 7.3359375
435.0 7.2265625
436.0 7.796875
437.0 5.96875
438.0 5.75
439.0 7.4296875
440.0 6.515625
441.0 4.484375
442.0 6.828125
443.0 7.546875
444.0 7.2578125
445.0 7.1953125
446.0 4.3984375
447.0 8.9765625
448.0 6.703125
449.0 7.4375
450.0 6.2265625
451.0 5.34375
452.0 5.2265625
453.0 6.0625
454.0 6.9921875
455.0 4.296875
456.0 3.890625
457.0 6.2109375
458.0 7.1640625
459.0 7.3359375
460.0 7.5390625
461.0 7.5859375
462.0 6.953125
463.0 6.9765625
464.0 7.046875
465.0 7.1875
466.0 7.1953125
467.0 7.046875
468.0 4.53125
469.0 8.046875
470.0 6.65625
471.0 6.796875
472.0 6.9453125
473.0 7.25
474.0 7.3046875
475.0 7.078125
476.0 6.8359375
477.0 6.6171875
478.0 7.25
479.0 6.8671875
480.0 6.6875
481.0 7.015625
482.0 6.3828125
483.0 7.640625
484.0 6.9140625
485.0 6.5859375
486.0 3.7421875
487.0 8.4765625
488.0 5.703125
489.0 6.0
490.0 5.765625
491.0 4.90625
492.0 5.828125
493.0 6.125
494.0 5.9765625
495.0 5.75
496.0 4.578125
497.0 5.9609375
498.0 3.25
499.0 8.2578125
500.0 6.484375
501.0 6.6640625
502.0 6.46875
503.0 5.703125
504.0 4.4140625
505.0 8.421875
506.0 4.5703125
507.0 7.84375
508.0 6.296875
509.0 6.0859375
510.0 5.9140625
511.0 6.0859375
512.0 7.25
513.0 7.0078125
514.0 6.8046875
515.0 6.828125
516.0 7.140625
517.0 6.8046875
518.0 6.796875
519.0 6.921875
520.0 6.9765625
521.0 7.21875
522.0 7.2421875
523.0 6.859375
524.0 7.1640625
525.0 7.359375
526.0 2.1796875
527.0 12.3984375
528.0 6.859375
529.0 6.9140625
530.0 5.6640625
531.0 7.78125
532.0 5.6640625
533.0 6.8125
534.0 7.40625
535.0 7.2109375
536.0 7.1953125
537.0 7.15625
538.0 5.9609375
539.0 5.828125
540.0 7.1796875
541.0 6.921875
542.0 7.09375
543.0 7.0703125
544.0 7.15625
545.0 7.15625
546.0 6.9921875
547.0 7.09375
548.0 7.2421875
549.0 6.921875
550.0 6.5625
551.0 7.03125
552.0 6.953125
553.0 6.9296875
554.0 6.9140625
555.0 7.40625
556.0 6.9765625
557.0 7.1796875
558.0 7.0625
559.0 7.2109375
560.0 7.1796875
561.0 7.078125
562.0 3.1640625
563.0 11.5703125
564.0 7.2578125
565.0 7.109375
566.0 3.1328125
567.0 6.3046875
568.0 5.765625
569.0 6.3671875
570.0 6.4140625
571.0 6.078125
572.0 6.5859375
573.0 6.84375
574.0 6.9296875
575.0 6.6640625
576.0 6.890625
577.0 6.703125
578.0 6.515625
579.0 7.109375
580.0 6.8984375
581.0 6.9609375
582.0 6.515625
583.0 6.46875
584.0 6.5625
585.0 6.109375
586.0 5.4296875
587.0 6.4375
588.0 6.4140625
589.0 6.296875
590.0 5.6015625
591.0 5.4609375
592.0 5.9296875
593.0 6.3828125
594.0 6.0234375
595.0 6.4375
596.0 6.09375
597.0 6.15625
598.0 5.8515625
599.0 5.6484375
