0.0 2.265625
1.0 1.2421875
2.0 1.9375
3.0 2.5390625
4.0 3.296875
5.0 2.1484375
6.0 3.203125
7.0 4.328125
8.0 0.9921875
9.0 5.421875
10.0 3.734375
11.0 4.8046875
12.0 4.984375
13.0 4.828125
14.0 3.7734375
15.0 0.0
16.0 7.015625
17.0 0.4375
18.0 3.8046875
19.0 3.4765625
20.0 0.8046875
21.0 4.796875
22.0 2.90625
23.0 4.1484375
24.0 4.2421875
25.0 3.2890625
26.0 3.1640625
27.0 3.890625
28.0 3.7109375
29.0 4.5
30.0 3.890625
31.0 3.4765625
32.0 2.671875
33.0 2.7578125
34.0 5.578125
35.0 5.0546875
36.0 4.234375
37.0 3.6484375
38.0 3.25
39.0 3.21875
40.0 2.8203125
41.0 1.234375
42.0 6.453125
43.0 4.2421875
44.0 4.6484375
45.0 4.6484375
46.0 3.7890625
47.0 3.671875
48.0 3.671875
49.0 3.546875
50.0 4.84375
51.0 3.9921875
52.0 5.0859375
53.0 5.28125
54.0 5.125
55.0 0.484375
56.0 9.59375
57.0 4.6875
58.0 2.5234375
59.0 4.9453125
60.0 4.328125
61.0 4.546875
62.0 4.21875
63.0 4.03125
64.0 3.328125
65.0 3.5234375
66.0 3.46875
67.0 2.9609375
68.0 3.9453125
69.0 2.875
70.0 1.171875
71.0 0.0
72.0 5.7578125
73.0 1.609375
74.0 3.9453125
75.0 4.9765625
76.0 4.1171875
77.0 3.59375
78.0 1.65625
79.0 0.0
80.0 5.7265625
81.0 3.0703125
82.0 6.0859375
83.0 4.171875
84.0 3.703125
85.0 3.921875
86.0 3.9453125
87.0 3.234375
88.0 3.25
89.0 3.515625
90.0 4.609375
91.0 6.265625
92.0 4.6953125
93.0 3.65625
94.0 2.6640625
95.0 2.0
96.0 2.3984375
97.0 2.4921875
98.0 2.21875
99.0 2.0
100.0 1.0859375
101.0 5.6171875
102.0 2.96875
103.0 4.1484375
104.0 3.3671875
105.0 2.8125
106.0 2.96875
107.0 4.171875
108.0 5.7109375
109.0 4.46875
110.0 3.46875
111.0 3.3203125
112.0 3.4375
113.0 2.8671875
114.0 1.09375
115.0 5.1015625
116.0 3.234375
117.0 3.0234375
118.0 3.4140625
119.0 4.6796875
120.0 5.015625
121.0 5.4921875
122.0 0.359375
123.0 6.46875
124.0 4.8359375
125.0 3.5234375
126.0 3.8203125
127.0 5.6171875
128.0 5.640625
129.0 5.4609375
130.0 5.6640625
131.0 5.53125
132.0 5.4375
133.0 5.0859375
134.0 5.375
135.0 5.8203125
136.0 5.8125
137.0 5.8828125
138.0 5.0078125
139.0 5.171875
140.0 5.9609375
141.0 5.859375
142.0 2.4921875
143.0 7.8125
144.0 5.5859375
145.0 4.90625
146.0 0.2265625
147.0 9.4453125
148.0 5.015625
149.0 5.4609375
150.0 5.21875
151.0 5.3203125
152.0 5.109375
153.0 5.140625
154.0 5.6953125
155.0 4.796875
156.0 4.8046875
157.0 5.34375
158.0 5.453125
159.0 2.6953125
160.0 8.8515625
161.0 5.765625
162.0 5.5859375
163.0 1.8515625
164.0 9.578125
165.0 5.1015625
166.0 3.3203125
167.0 3.4921875
168.0 3.828125
169.0 4.6640625
170.0 4.390625
171.0 3.765625
172.0 3.9921875
173.0 4.71875
174.0 1.640625
175.0 0.0
176.0 7.0390625
177.0 2.25
178.0 2.671875
179.0 3.765625
180.0 3.7890625
181.0 0.359375
182.0 4.9609375
183.0 3.3125
184.0 4.3515625
185.0 3.859375
186.0 5.9609375
187.0 4.3359375
188.0 3.625
189.0 5.0859375
190.0 4.15625
191.0 2.8203125
192.0 2.71875
193.0 4.3671875
194.0 4.125
195.0 4.2421875
196.0 5.515625
197.0 3.6171875
198.0 5.2265625
199.0 2.890625
200.0 1.046875
201.0 8.1484375
202.0 4.6875
203.0 4.59375
204.0 3.4609375
205.0 0.0
206.0 5.8203125
207.0 1.796875
208.0 1.421875
209.0 3.0234375
210.0 3.546875
211.0 3.828125
212.0 5.1328125
213.0 5.4375
214.0 5.3125
215.0 2.8203125
216.0 4.9921875
217.0 4.0078125
218.0 4.0078125
219.0 5.21875
220.0 2.6328125
221.0 2.78125
222.0 3.4140625
223.0 4.3046875
224.0 4.9921875
225.0 4.7578125
226.0 5.140625
227.0 4.7109375
228.0 5.2890625
229.0 4.7421875
230.0 5.9453125
231.0 6.140625
232.0 5.9609375
233.0 5.015625
234.0 4.03125
235.0 0.640625
236.0 9.9375
237.0 3.5234375
238.0 4.6796875
239.0 4.859375
240.0 5.6640625
241.0 3.65625
242.0 4.609375
243.0 5.5546875
244.0 4.859375
245.0 4.296875
246.0 4.484375
247.0 4.9921875
248.0 6.0078125
249.0 5.875
250.0 5.6328125
251.0 4.65625
252.0 4.5078125
253.0 4.578125
254.0 5.6171875
255.0 5.2734375
256.0 3.5625
257.0 5.5625
258.0 5.5234375
259.0 5.421875
260.0 5.90625
261.0 4.9609375
262.0 2.4921875
263.0 6.7421875
264.0 3.5546875
265.0 3.7265625
266.0 5.484375
267.0 5.15625
268.0 5.2265625
269.0 4.8359375
270.0 5.4921875
271.0 4.2734375
272.0 1.1171875
273.0 5.859375
274.0 3.4609375
275.0 5.9609375
276.0 5.6015625
277.0 4.8671875
278.0 4.5625
279.0 4.953125
280.0 4.9609375
281.0 5.6796875
282.0 5.2265625
283.0 6.5390625
284.0 5.1875
285.0 3.8828125
286.0 6.3203125
287.0 5.40625
288.0 4.7265625
289.0 5.6640625
290.0 5.171875
291.0 5.0546875
292.0 6.1171875
293.0 5.3984375
294.0 4.7109375
295.0 5.2890625
296.0 5.5859375
297.0 5.40625
298.0 4.4140625
299.0 1.34375
300.0 5.6640625
301.0 5.90625
302.0 2.578125
303.0 6.3203125
304.0 5.203125
305.0 4.1484375
306.0 5.2734375
307.0 4.796875
308.0 4.59375
309.0 4.890625
310.0 4.3359375
311.0 4.21875
312.0 6.0078125
313.0 6.0
314.0 4.7109375
315.0 5.8125
316.0 5.46875
317.0 5.640625
318.0 4.875
319.0 5.3359375
320.0 5.0703125
321.0 5.515625
322.0 4.90625
323.0 3.0703125
324.0 5.4609375
325.0 4.7109375
326.0 4.8359375
327.0 5.109375
328.0 4.03125
329.0 2.84375
330.0 5.421875
331.0 4.9765625
332.0 4.1015625
333.0 3.59375
334.0 4.515625
335.0 5.140625
336.0 3.609375
337.0 4.921875
338.0 5.1015625
339.0 5.4609375
340.0 5.9375
341.0 4.78125
342.0 3.90625
343.0 4.75
344.0 4.828125
345.0 4.59375
346.0 4.71875
347.0 4.234375
348.0 3.734375
349.0 5.3984375
350.0 1.734375
351.0 5.6328125
352.0 2.984375
353.0 2.7890625
354.0 2.625
355.0 1.140625
356.0 0.0
357.0 4.828125
358.0 2.328125
359.0 1.8203125
360.0 1.5859375
361.0 2.6015625
362.0 2.0390625
363.0 1.921875
364.0 1.7421875
365.0 2.96875
366.0 3.7890625
367.0 2.90625
368.0 3.7578125
369.0 4.1796875
370.0 5.3359375
371.0 3.015625
372.0 3.890625
373.0 5.78125
374.0 5.171875
375.0 0.0390625
376.0 6.09375
377.0 2.265625
378.0 2.2109375
379.0 2.609375
380.0 3.6484375
381.0 3.7890625
382.0 3.0546875
383.0 2.4609375
384.0 2.5234375
385.0 1.703125
386.0 1.8359375
387.0 2.7578125
388.0 2.0078125
389.0 6.109375
390.0 1.1328125
391.0 0.0
392.0 0.0
393.0 3.875
394.0 1.703125
395.0 3.8046875
396.0 4.6953125
397.0 4.828125
398.0 3.375
399.0 3.1015625
400.0 0.96875
401.0 6.9921875
402.0 2.8046875
403.0 2.453125
404.0 4.1015625
405.0 3.1015625
406.0 2.640625
407.0 2.4453125
408.0 2.28125
409.0 2.1640625
410.0 2.4609375
411.0 4.1796875
412.0 2.984375
413.0 3.0390625
414.0 2.8125
415.0 3.6171875
416.0 1.234375
417.0 7.703125
418.0 4.9609375
419.0 4.1875
420.0 4.5
421.0 0.78125
422.0 8.734375
423.0 5.5546875
424.0 4.265625
425.0 4.46875
426.0 5.234375
427.0 6.0390625
428.0 5.734375
429.0 5.3203125
430.0 5.8125
431.0 5.875
432.0 5.9140625
433.0 5.234375
434.0 5.7890625
435.0 5.9921875
436.0 3.7734375
437.0 7.2578125
438.0 5.78125
439.0 6.3515625
440.0 5.890625
441.0 6.359375
442.0 6.4453125
443.0 5.75
444.0 4.0859375
445.0 5.3125
446.0 5.7109375
447.0 5.640625
448.0 4.6953125
449.0 3.3671875
450.0 4.0703125
451.0 4.8359375
452.0 2.125
453.0 0.0
454.0 6.4375
455.0 4.625
456.0 3.546875
457.0 3.8828125
458.0 4.1328125
459.0 2.7890625
460.0 1.953125
461.0 6.3828125
462.0 3.28125
463.0 3.0546875
464.0 4.09375
465.0 4.984375
466.0 5.109375
467.0 3.4921875
468.0 2.7265625
469.0 4.0859375
470.0 2.3125
471.0 3.5625
472.0 4.515625
473.0 2.7578125
474.0 0.28125
475.0 0.0
476.0 5.84375
477.0 1.9765625
478.0 1.0234375
479.0 1.8828125
480.0 2.671875
481.0 1.015625
482.0 6.9765625
483.0 3.171875
484.0 3.65625
485.0 5.6640625
486.0 4.234375
487.0 3.8046875
488.0 4.6953125
489.0 4.4140625
490.0 5.78125
491.0 5.1953125
492.0 5.3671875
493.0 3.0
494.0 0.1328125
495.0 6.9921875
496.0 5.1015625
497.0 4.5
498.0 2.390625
499.0 2.5390625
500.0 6.3203125
501.0 5.3359375
502.0 4.6640625
503.0 4.578125
504.0 4.7265625
505.0 4.578125
506.0 4.71875
507.0 5.078125
508.0 3.9921875
509.0 3.0546875
510.0 2.3359375
511.0 3.7578125
512.0 2.578125
513.0 0.0
514.0 7.484375
515.0 3.859375
516.0 5.140625
517.0 6.15625
518.0 5.1953125
519.0 3.65625
520.0 0.9140625
521.0 7.2890625
522.0 1.984375
523.0 1.5
524.0 1.7890625
525.0 4.5
526.0 4.46875
527.0 3.546875
528.0 4.21875
529.0 3.6171875
530.0 3.9453125
531.0 4.0859375
532.0 2.03125
533.0 0.0
534.0 4.7421875
535.0 6.109375
536.0 4.0
537.0 4.6953125
538.0 5.375
539.0 5.046875
540.0 5.2265625
541.0 5.640625
542.0 1.3203125
543.0 4.6953125
544.0 2.59375
545.0 4.0859375
546.0 4.0546875
547.0 4.3984375
548.0 3.4296875
549.0 1.8515625
550.0 2.84375
551.0 3.7109375
552.0 1.28125
553.0 0.6640625
554.0 1.2890625
555.0 2.375
556.0 3.296875
557.0 1.296875
558.0 1.203125
559.0 3.515625
560.0 3.7109375
561.0 1.609375
562.0 0.0
563.0 0.0
564.0 0.0
565.0 0.0
566.0 1.53125
567.0 6.6796875
568.0 2.1796875
569.0 2.09375
570.0 1.4140625
571.0 0.0
572.0 4.515625
573.0 0.75
574.0 1.09375
575.0 1.7109375
576.0 0.9296875
577.0 0.453125
578.0 0.6875
579.0 1.46875
580.0 1.3125
581.0 0.7265625
582.0 0.5390625
583.0 0.5234375
584.0 0.3359375
585.0 0.4609375
586.0 0.5546875
587.0 0.1015625
588.0 0.0
589.0 0.0
590.0 0.0
591.0 0.0
592.0 0.0
593.0 4.9296875
594.0 3.296875
595.0 4.234375
596.0 4.8359375
597.0 3.296875
598.0 3.5859375
599.0 5.140625
