0.0 4.0078125
1.0 4.3359375
2.0 2.5234375
3.0 4.0625
4.0 3.5625
5.0 3.96875
6.0 4.171875
7.0 3.2578125
8.0 0.2421875
9.0 7.2578125
10.0 4.4296875
11.0 3.9921875
12.0 3.515625
13.0 0.8125
14.0 7.7890625
15.0 3.3515625
16.0 3.96875
17.0 4.0859375
18.0 3.4609375
19.0 3.890625
20.0 4.0703125
21.0 3.4765625
22.0 3.25
23.0 3.7265625
24.0 3.703125
25.0 3.25
26.0 4.9453125
27.0 3.265625
28.0 3.7734375
29.0 3.515625
30.0 3.203125
31.0 4.3984375
32.0 3.8828125
33.0 3.1484375
34.0 0.7890625
35.0 6.8828125
36.0 3.6796875
37.0 3.1171875
38.0 3.5859375
39.0 3.078125
40.0 3.015625
41.0 3.4453125
42.0 3.3984375
43.0 3.4140625
44.0 4.1484375
45.0 4.328125
46.0 4.3984375
47.0 4.25
48.0 0.0
49.0 8.953125
50.0 4.1875
51.0 4.359375
52.0 3.734375
53.0 1.0
54.0 6.6875
55.0 4.2421875
56.0 3.25
57.0 3.515625
58.0 3.953125
59.0 3.1796875
60.0 3.515625
61.0 1.8046875
62.0 5.21875
63.0 3.375
64.0 3.3671875
65.0 3.609375
66.0 3.515625
67.0 3.59375
68.0 3.5
69.0 3.1171875
70.0 3.296875
71.0 3.328125
72.0 3.546875
73.0 3.4140625
74.0 2.8515625
75.0 0.5859375
76.0 6.296875
77.0 2.1875
78.0 2.4453125
79.0 2.7265625
80.0 2.8984375
81.0 2.9296875
82.0 2.1640625
83.0 0.0
84.0 7.28125
85.0 3.703125
86.0 3.4609375
87.0 2.90625
88.0 1.3125
89.0 4.78125
90.0 3.1015625
91.0 3.0390625
92.0 2.8046875
93.0 2.8671875
94.0 3.1015625
95.0 3.203125
96.0 3.1484375
97.0 2.0859375
98.0 2.75
99.0 3.015625
100.0 3.109375
101.0 3.0234375
102.0 1.6875
103.0 4.7109375
104.0 3.0
105.0 3.046875
106.0 2.9921875
107.0 3.0390625
108.0 3.0546875
109.0 3.0390625
110.0 1.2578125
111.0 4.9765625
112.0 4.1875
113.0 3.953125
114.0 3.1953125
115.0 3.5859375
116.0 4.265625
117.0 3.265625
118.0 3.53125
119.0 3.9375
120.0 2.90625
121.0 3.2890625
122.0 4.0625
123.0 3.9375
124.0 0.9921875
125.0 5.3203125
126.0 2.5625
127.0 1.7421875
128.0 4.28125
129.0 3.703125
130.0 3.59375
131.0 3.703125
132.0 3.0859375
133.0 2.8515625
134.0 3.6796875
135.0 3.6171875
136.0 3.875
137.0 1.828125
138.0 0.46875
139.0 8.359375
140.0 3.609375
141.0 3.625
142.0 4.328125
143.0 3.5
144.0 0.875
145.0 6.125
146.0 4.609375
147.0 3.3515625
148.0 3.4765625
149.0 3.859375
150.0 2.9921875
151.0 2.90625
152.0 3.046875
153.0 3.0703125
154.0 3.4375
155.0 3.234375
156.0 2.3671875
157.0 0.0
158.0 7.5234375
159.0 3.328125
160.0 3.4140625
161.0 3.3984375
162.0 3.4296875
163.0 3.1953125
164.0 2.984375
165.0 0.0
166.0 6.265625
167.0 2.4765625
168.0 2.375
169.0 3.234375
170.0 3.828125
171.0 3.7578125
172.0 2.90625
173.0 2.984375
174.0 3.25
175.0 3.3984375
176.0 4.03125
177.0 3.1171875
178.0 1.7421875
179.0 5.5
180.0 3.4765625
181.0 3.0
182.0 2.7109375
183.0 2.5703125
184.0 0.0
185.0 5.4921875
186.0 1.71875
187.0 1.03125
188.0 2.390625
189.0 4.1328125
190.0 2.890625
191.0 3.53125
192.0 3.328125
193.0 3.2265625
194.0 3.9453125
195.0 3.375
196.0 3.40625
197.0 3.0859375
198.0 0.0
199.0 6.953125
200.0 3.578125
201.0 3.5546875
202.0 3.7578125
203.0 4.453125
204.0 0.421875
205.0 6.921875
206.0 0.96875
207.0 3.21875
208.0 3.671875
209.0 3.7421875
210.0 3.921875
211.0 4.53125
212.0 3.5234375
213.0 3.96875
214.0 4.3671875
215.0 3.4296875
216.0 2.1171875
217.0 5.25
218.0 4.453125
219.0 3.7265625
220.0 3.3515625
221.0 4.296875
222.0 3.40625
223.0 3.65625
224.0 2.8125
225.0 4.859375
226.0 3.0234375
227.0 4.6015625
228.0 3.765625
229.0 4.1796875
230.0 4.0078125
231.0 4.984375
232.0 1.984375
233.0 5.0546875
234.0 1.2890625
235.0 3.9375
236.0 3.796875
237.0 4.0546875
238.0 4.7109375
239.0 4.0625
240.0 3.875
241.0 4.4765625
242.0 3.34375
243.0 3.84375
244.0 3.96875
245.0 0.8359375
246.0 7.1875
247.0 1.40625
248.0 4.3828125
249.0 3.3515625
250.0 3.171875
251.0 4.1796875
252.0 4.4296875
253.0 3.5
254.0 3.4375
255.0 4.09375
256.0 3.7890625
257.0 2.1484375
258.0 0.0
259.0 7.40625
260.0 3.7578125
261.0 3.3984375
262.0 4.1171875
263.0 3.609375
264.0 1.65625
265.0 5.25
266.0 3.84375
267.0 3.0859375
268.0 3.7109375
269.0 3.546875
270.0 3.1171875
271.0 3.8828125
272.0 3.609375
273.0 2.96875
274.0 3.40625
275.0 3.9140625
276.0 3.671875
277.0 0.109375
278.0 8.2421875
279.0 4.0703125
280.0 4.09375
281.0 4.28125
282.0 4.2734375
283.0 4.0859375
284.0 4.125
285.0 0.640625
286.0 7.9453125
287.0 4.2109375
288.0 4.421875
289.0 4.4296875
290.0 4.25
291.0 4.3203125
292.0 4.125
293.0 4.3671875
294.0 4.515625
295.0 4.390625
296.0 4.28125
297.0 2.953125
298.0 5.0703125
299.0 4.1171875
300.0 4.234375
301.0 4.46875
302.0 1.4140625
303.0 7.421875
304.0 4.296875
305.0 4.25
306.0 4.390625
307.0 4.5625
308.0 4.3359375
309.0 4.515625
310.0 4.28125
311.0 4.2734375
312.0 4.265625
313.0 4.3046875
314.0 4.46875
315.0 4.53125
316.0 1.7109375
317.0 6.4765625
318.0 3.4921875
319.0 4.5
320.0 4.15625
321.0 4.03125
322.0 4.125
323.0 4.2109375
324.0 4.2109375
325.0 4.3203125
326.0 4.2109375
327.0 4.625
328.0 4.5625
329.0 4.21875
330.0 4.796875
331.0 4.3046875
332.0 4.2109375
333.0 4.1484375
334.0 4.296875
335.0 4.3828125
336.0 4.5
337.0 4.5703125
338.0 4.3359375
339.0 4.5390625
340.0 4.3828125
341.0 4.7109375
342.0 4.6796875
343.0 4.7734375
344.0 2.984375
345.0 5.84375
346.0 4.5078125
347.0 4.265625
348.0 3.9140625
349.0 1.3125
350.0 7.1796875
351.0 3.703125
352.0 3.4140625
353.0 3.5
354.0 3.9140625
355.0 4.1328125
356.0 1.7890625
357.0 6.625
358.0 4.21875
359.0 4.46875
360.0 4.4453125
361.0 3.9765625
362.0 4.1171875
363.0 4.125
364.0 4.0625
365.0 4.3828125
366.0 4.8046875
367.0 4.546875
368.0 3.7265625
369.0 3.671875
370.0 4.78125
371.0 4.5703125
372.0 4.5
373.0 4.1875
374.0 4.0078125
375.0 4.2421875
376.0 4.359375
377.0 4.3359375
378.0 4.421875
379.0 4.234375
380.0 0.0
381.0 8.9375
382.0 4.421875
383.0 4.328125
384.0 4.65625
385.0 4.6953125
386.0 0.0390625
387.0 8.890625
388.0 4.171875
389.0 4.203125
390.0 4.171875
391.0 3.9375
392.0 3.9453125
393.0 4.21875
394.0 3.734375
395.0 3.0234375
396.0 2.4921875
397.0 5.0078125
398.0 4.7421875
399.0 4.4765625
400.0 4.453125
401.0 4.3984375
402.0 4.46875
403.0 4.265625
404.0 4.46875
405.0 4.515625
406.0 4.3671875
407.0 4.1328125
408.0 4.1875
409.0 4.2421875
410.0 0.546875
411.0 8.390625
412.0 4.25
413.0 4.46875
414.0 3.8203125
415.0 5.078125
416.0 4.28125
417.0 4.4765625
418.0 4.421875
419.0 4.4140625
420.0 4.265625
421.0 4.3671875
422.0 4.2734375
423.0 4.265625
424.0 3.9375
425.0 3.9921875
426.0 4.3203125
427.0 4.21875
428.0 1.1796875
429.0 6.984375
430.0 4.4765625
431.0 4.75
432.0 4.6640625
433.0 4.5625
434.0 4.3671875
435.0 1.8671875
436.0 6.7734375
437.0 4.6640625
438.0 4.53125
439.0 4.90625
440.0 4.796875
441.0 4.7734375
442.0 4.6953125
443.0 4.359375
444.0 4.6640625
445.0 4.5
446.0 4.84375
447.0 5.0390625
448.0 3.2578125
449.0 6.296875
450.0 4.75
451.0 4.6796875
452.0 4.421875
453.0 0.8984375
454.0 8.7421875
455.0 4.65625
456.0 4.84375
457.0 4.6796875
458.0 4.7421875
459.0 4.859375
460.0 4.5625
461.0 4.4765625
462.0 4.546875
463.0 4.6953125
464.0 4.3984375
465.0 3.59375
466.0 5.609375
467.0 4.65625
468.0 4.6796875
469.0 4.953125
470.0 4.6015625
471.0 2.8984375
472.0 6.9921875
473.0 4.7109375
474.0 4.6015625
475.0 4.4140625
476.0 4.203125
477.0 3.8515625
478.0 4.328125
479.0 4.390625
480.0 4.3046875
481.0 4.578125
482.0 4.6015625
483.0 3.9765625
484.0 5.3828125
485.0 4.546875
486.0 4.3203125
487.0 4.484375
488.0 4.09375
489.0 4.1875
490.0 4.296875
491.0 4.203125
492.0 1.640625
493.0 0.0
494.0 7.1328125
495.0 3.25
496.0 4.296875
497.0 4.3828125
498.0 4.5078125
499.0 4.3984375
500.0 3.953125
501.0 4.203125
502.0 4.46875
503.0 4.3203125
504.0 4.0234375
505.0 4.1328125
506.0 4.3203125
507.0 4.5390625
508.0 4.1875
509.0 4.2734375
510.0 3.890625
511.0 3.9375
512.0 3.6796875
513.0 3.875
514.0 4.0859375
515.0 4.359375
516.0 4.265625
517.0 4.484375
518.0 4.3671875
519.0 2.6640625
520.0 6.3515625
521.0 4.390625
522.0 4.5
523.0 4.453125
524.0 4.6484375
525.0 4.3203125
526.0 2.6875
527.0 6.0390625
528.0 4.7109375
529.0 4.6796875
530.0 4.6796875
531.0 4.65625
532.0 4.5078125
533.0 3.3203125
534.0 3.28125
535.0 6.0859375
536.0 4.4453125
537.0 4.578125
538.0 4.7421875
539.0 4.5625
540.0 4.453125
541.0 4.4296875
542.0 4.3984375
543.0 4.7109375
544.0 4.53125
545.0 4.125
546.0 4.25
547.0 4.6640625
548.0 4.6328125
549.0 4.84375
550.0 4.7109375
551.0 3.25
552.0 5.21875
553.0 3.65625
554.0 4.296875
555.0 4.7421875
556.0 4.6796875
557.0 4.46875
558.0 4.65625
559.0 4.578125
560.0 4.53125
561.0 1.203125
562.0 8.0234375
563.0 4.65625
564.0 4.46875
565.0 4.4453125
566.0 4.5078125
567.0 4.6328125
568.0 4.6015625
569.0 4.7109375
570.0 4.6015625
571.0 4.265625
572.0 4.09375
573.0 4.4765625
574.0 1.9375
575.0 0.0
576.0 8.3828125
577.0 4.5703125
578.0 4.21875
579.0 4.2421875
580.0 4.5625
581.0 4.5
582.0 3.609375
583.0 3.2578125
584.0 3.7734375
585.0 4.1015625
586.0 4.2734375
587.0 4.25
588.0 4.9296875
589.0 4.65625
590.0 4.8046875
591.0 4.78125
592.0 4.5703125
593.0 4.4140625
594.0 4.453125
595.0 4.4765625
596.0 4.4296875
597.0 2.5078125
598.0 6.265625
599.0 4.390625
