0.0 5.609375
1.0 5.7265625
2.0 5.53125
3.0 2.6875
4.0 8.4765625
5.0 5.8828125
6.0 5.734375
7.0 5.640625
8.0 5.3359375
9.0 2.21875
10.0 8.9453125
11.0 5.8125
12.0 5.3984375
13.0 5.8203125
14.0 5.6796875
15.0 5.53125
16.0 5.890625
17.0 6.0859375
18.0 6.2109375
19.0 5.9921875
20.0 6.0078125
21.0 6.3359375
22.0 6.0546875
23.0 6.1171875
24.0 5.6015625
25.0 5.8125
26.0 5.796875
27.0 5.6171875
28.0 5.578125
29.0 5.4921875
30.0 6.03125
31.0 4.6640625
32.0 7.2890625
33.0 6.0859375
34.0 5.5625
35.0 4.0703125
36.0 6.5078125
37.0 5.7109375
38.0 5.9140625
39.0 6.0390625
40.0 5.578125
41.0 5.6328125
42.0 5.234375
43.0 2.3359375
44.0 3.109375
45.0 5.0078125
46.0 4.875
47.0 5.234375
48.0 5.1328125
49.0 6.390625
50.0 5.703125
51.0 5.9375
52.0 5.828125
53.0 4.1796875
54.0 7.0703125
55.0 5.53125
56.0 5.6484375
57.0 5.78125
58.0 4.625
59.0 4.890625
60.0 4.4453125
61.0 5.3671875
62.0 5.9921875
63.0 5.84375
64.0 5.5546875
65.0 5.890625
66.0 5.109375
67.0 6.2421875
68.0 4.09375
69.0 4.6953125
70.0 5.640625
71.0 5.40625
72.0 1.828125
73.0 9.9375
74.0 6.0390625
75.0 5.7265625
76.0 5.6640625
77.0 5.5859375
78.0 5.1953125
79.0 5.1328125
80.0 5.1875
81.0 5.5546875
82.0 5.46875
83.0 5.28125
84.0 5.6171875
85.0 3.171875
86.0 8.03125
87.0 6.0
88.0 5.5859375
89.0 5.6484375
90.0 5.7578125
91.0 1.015625
92.0 9.9375
93.0 5.375
94.0 5.46875
95.0 5.421875
96.0 5.140625
97.0 2.84375
98.0 4.03125
99.0 2.6328125
100.0 1.03125
101.0 0.71875
102.0 0.71875
103.0 0.453125
104.0 0.578125
105.0 0.40625
106.0 0.25
107.0 0.9921875
108.0 0.9453125
109.0 0.6640625
110.0 0.375
111.0 0.0
112.0 5.1328125
113.0 2.7578125
114.0 1.7734375
115.0 1.3203125
116.0 3.109375
117.0 5.34375
118.0 5.484375
119.0 5.46875
120.0 5.34375
121.0 5.28125
122.0 4.171875
123.0 5.875
124.0 4.9765625
125.0 5.1640625
126.0 5.4921875
127.0 5.3515625
128.0 5.484375
129.0 6.1171875
130.0 5.8515625
131.0 5.5625
132.0 4.6328125
133.0 4.890625
134.0 3.7578125
135.0 5.3046875
136.0 5.7109375
137.0 5.7265625
138.0 5.859375
139.0 5.703125
140.0 5.75
141.0 5.828125
142.0 5.7578125
143.0 1.7109375
144.0 9.7578125
145.0 5.5
146.0 5.5234375
147.0 4.2109375
148.0 6.6171875
149.0 5.0234375
150.0 5.0703125
151.0 4.6953125
152.0 4.4140625
153.0 4.53125
154.0 4.3515625
155.0 4.8671875
156.0 5.125
157.0 4.8125
158.0 5.3203125
159.0 4.9765625
160.0 4.84375
161.0 5.5546875
162.0 5.9140625
163.0 3.4609375
164.0 7.5859375
165.0 5.5
166.0 5.6796875
167.0 5.6953125
168.0 3.46875
169.0 7.8515625
170.0 5.875
171.0 5.75
172.0 5.875
173.0 5.90625
174.0 6.03125
175.0 1.796875
176.0 9.6875
177.0 6.0390625
178.0 5.75
179.0 5.890625
180.0 5.9765625
181.0 5.765625
182.0 6.0
183.0 5.9921875
184.0 5.9296875
185.0 5.8515625
186.0 6.1796875
187.0 5.8515625
188.0 5.875
189.0 6.2734375
190.0 5.9375
191.0 5.7578125
192.0 5.3515625
193.0 3.3984375
194.0 7.9609375
195.0 2.7734375
196.0 4.1796875
197.0 5.46875
198.0 5.375
199.0 5.515625
200.0 4.796875
201.0 5.125
202.0 5.6640625
203.0 5.640625
204.0 3.0390625
205.0 5.6953125
206.0 5.796875
207.0 5.8515625
208.0 6.0390625
209.0 5.5859375
210.0 5.8203125
211.0 5.7109375
212.0 5.5234375
213.0 5.6015625
214.0 5.828125
215.0 5.859375
216.0 5.9609375
217.0 5.9921875
218.0 5.6171875
219.0 2.234375
220.0 8.9140625
221.0 5.5
222.0 5.3046875
223.0 5.25
224.0 4.46875
225.0 6.8828125
226.0 5.7578125
227.0 5.703125
228.0 3.0234375
229.0 8.5078125
230.0 6.1875
231.0 6.359375
232.0 6.078125
233.0 5.40625
234.0 5.765625
235.0 6.0859375
236.0 6.0546875
237.0 6.140625
238.0 6.1171875
239.0 6.03125
240.0 6.40625
241.0 5.9140625
242.0 5.9375
243.0 4.328125
244.0 5.53125
245.0 6.6171875
246.0 6.5859375
247.0 2.78125
248.0 9.2421875
249.0 6.2109375
250.0 6.5859375
251.0 6.3203125
252.0 5.703125
253.0 5.3671875
254.0 5.078125
255.0 4.7265625
256.0 4.234375
257.0 6.140625
258.0 5.6015625
259.0 7.40625
260.0 6.5625
261.0 6.3359375
262.0 6.265625
263.0 5.90625
264.0 6.2265625
265.0 6.78125
266.0 6.4140625
267.0 6.515625
268.0 6.2578125
269.0 5.2734375
270.0 5.6171875
271.0 5.6953125
272.0 6.0234375
273.0 6.203125
274.0 6.2109375
275.0 6.2109375
276.0 6.1484375
277.0 6.140625
278.0 6.2265625
279.0 6.078125
280.0 6.4375
281.0 6.03125
282.0 6.359375
283.0 6.1171875
284.0 6.3359375
285.0 6.09375
286.0 5.8125
287.0 6.2734375
288.0 6.265625
289.0 6.0
290.0 5.875
291.0 6.078125
292.0 6.0390625
293.0 5.2265625
294.0 5.0546875
295.0 4.953125
296.0 4.9765625
297.0 6.1875
298.0 6.0390625
299.0 6.296875
300.0 6.390625
301.0 3.2265625
302.0 8.5546875
303.0 5.90625
304.0 5.4921875
305.0 1.7890625
306.0 9.3359375
307.0 6.3671875
308.0 6.1875
309.0 6.3671875
310.0 6.3359375
311.0 6.484375
312.0 6.203125
313.0 6.6015625
314.0 6.140625
315.0 5.8515625
316.0 5.2578125
317.0 2.4140625
318.0 6.6875
319.0 6.2578125
320.0 6.3203125
321.0 6.1796875
322.0 5.9921875
323.0 2.71875
324.0 10.5859375
325.0 6.3515625
326.0 6.125
327.0 5.96875
328.0 5.9296875
329.0 5.84375
330.0 6.125
331.0 6.3203125
332.0 6.2890625
333.0 5.578125
334.0 6.2109375
335.0 6.3515625
336.0 5.1328125
337.0 6.9609375
338.0 5.890625
339.0 6.1875
340.0 5.90625
341.0 5.7265625
342.0 5.703125
343.0 6.1796875
344.0 5.734375
345.0 5.9453125
346.0 5.6640625
347.0 6.109375
348.0 5.5625
349.0 5.3125
350.0 5.2265625
351.0 5.578125
352.0 2.1171875
353.0 8.828125
354.0 5.890625
355.0 5.5625
356.0 5.96875
357.0 6.09375
358.0 6.0078125
359.0 6.2421875
360.0 5.90625
361.0 5.84375
362.0 5.9609375
363.0 6.2890625
364.0 6.40625
365.0 6.171875
366.0 6.265625
367.0 6.1875
368.0 5.9453125
369.0 6.2109375
370.0 5.2578125
371.0 7.3046875
372.0 6.5390625
373.0 6.2734375
374.0 6.390625
375.0 6.6171875
376.0 6.4375
377.0 6.1875
378.0 6.296875
379.0 6.109375
380.0 6.078125
381.0 5.9453125
382.0 5.9609375
383.0 5.875
384.0 6.2578125
385.0 6.0
386.0 5.90625
387.0 5.890625
388.0 5.9296875
389.0 5.9140625
390.0 5.9375
391.0 5.8828125
392.0 5.6015625
393.0 5.84375
394.0 5.640625
395.0 5.9609375
396.0 4.1171875
397.0 7.5078125
398.0 5.3359375
399.0 5.421875
400.0 5.78125
401.0 5.78125
402.0 5.546875
403.0 5.6328125
404.0 5.640625
405.0 5.96875
406.0 6.2421875
407.0 5.9296875
408.0 5.8203125
409.0 6.03125
410.0 6.3359375
411.0 6.234375
412.0 5.84375
413.0 5.890625
414.0 5.765625
415.0 6.03125
416.0 5.96875
417.0 5.96875
418.0 6.0625
419.0 6.2421875
420.0 5.8125
421.0 5.90625
422.0 5.6171875
423.0 5.6171875
424.0 5.7109375
425.0 6.078125
426.0 5.9921875
427.0 6.15625
428.0 5.453125
429.0 5.875
430.0 6.1796875
431.0 6.5
432.0 4.0234375
433.0 8.4765625
434.0 6.140625
435.0 6.09375
436.0 5.828125
437.0 4.59375
438.0 6.9296875
439.0 5.2265625
440.0 5.53125
441.0 6.0234375
442.0 5.90625
443.0 5.671875
444.0 5.828125
445.0 5.9609375
446.0 6.1171875
447.0 6.15625
448.0 6.09375
449.0 6.109375
450.0 4.1015625
451.0 7.703125
452.0 5.6796875
453.0 5.9609375
454.0 5.640625
455.0 5.6015625
456.0 5.9140625
457.0 5.9296875
458.0 5.9609375
459.0 2.8125
460.0 8.921875
461.0 5.8515625
462.0 5.9765625
463.0 5.8125
464.0 5.9296875
465.0 5.9609375
466.0 6.125
467.0 5.9765625
468.0 6.109375
469.0 6.2890625
470.0 6.0234375
471.0 6.265625
472.0 5.7578125
473.0 5.5546875
474.0 5.5546875
475.0 5.703125
476.0 6.15625
477.0 6.0078125
478.0 5.7578125
479.0 6.1171875
480.0 6.0390625
481.0 6.125
482.0 6.03125
483.0 5.6796875
484.0 4.9453125
485.0 4.6953125
486.0 0.5390625
487.0 5.140625
488.0 7.75
489.0 4.515625
490.0 4.3984375
491.0 4.3359375
492.0 4.1875
493.0 5.1015625
494.0 4.6484375
495.0 4.0234375
496.0 4.0
497.0 3.640625
498.0 3.875
499.0 4.4765625
500.0 4.265625
501.0 3.765625
502.0 3.375
503.0 5.3984375
504.0 4.5
505.0 3.5546875
506.0 0.5859375
507.0 9.6328125
508.0 5.484375
509.0 4.28125
510.0 3.4765625
511.0 6.5078125
512.0 4.6796875
513.0 4.234375
514.0 4.3515625
515.0 5.375
516.0 4.6015625
517.0 4.4296875
518.0 5.109375
519.0 4.484375
520.0 4.09375
521.0 4.0625
522.0 4.78125
523.0 4.1875
524.0 4.1171875
525.0 5.546875
526.0 5.3359375
527.0 4.2734375
528.0 5.109375
529.0 4.6015625
530.0 4.1171875
531.0 3.703125
532.0 5.9140625
533.0 4.3828125
534.0 4.65625
535.0 5.9140625
536.0 4.3515625
537.0 3.1328125
538.0 2.9921875
539.0 2.4765625
540.0 6.0546875
541.0 4.1015625
542.0 3.7578125
543.0 4.3359375
544.0 4.578125
545.0 4.484375
546.0 1.9453125
547.0 6.765625
548.0 4.21875
549.0 4.359375
550.0 5.2890625
551.0 4.625
552.0 4.1015625
553.0 4.484375
554.0 4.3359375
555.0 3.828125
556.0 4.2421875
557.0 5.4921875
558.0 4.3359375
559.0 4.7109375
560.0 5.546875
561.0 4.515625
562.0 4.4453125
563.0 5.1875
564.0 4.65625
565.0 1.5625
566.0 8.7109375
567.0 4.265625
568.0 5.4296875
569.0 4.6328125
570.0 5.453125
571.0 6.171875
572.0 6.0859375
573.0 6.078125
574.0 6.0859375
575.0 6.0234375
576.0 6.0234375
577.0 5.609375
578.0 5.7890625
579.0 5.875
580.0 5.9765625
581.0 6.0625
582.0 6.09375
583.0 5.6953125
584.0 6.0390625
585.0 5.859375
586.0 5.9921875
587.0 6.1484375
588.0 5.8203125
589.0 5.8515625
590.0 6.1796875
591.0 5.703125
592.0 5.6171875
593.0 5.4296875
594.0 5.8515625
595.0 5.640625
596.0 5.765625
597.0 5.7265625
598.0 4.4453125
599.0 7.3203125
