0.0 6.2578125
1.0 5.9765625
2.0 6.6015625
3.0 6.296875
4.0 5.859375
5.0 5.5859375
6.0 5.96875
7.0 5.859375
8.0 4.890625
9.0 7.140625
10.0 5.6171875
11.0 4.171875
12.0 6.5546875
13.0 5.28125
14.0 5.5625
15.0 5.3828125
16.0 5.5
17.0 5.5625
18.0 4.8046875
19.0 4.7265625
20.0 4.859375
21.0 5.0234375
22.0 4.8046875
23.0 5.2890625
24.0 5.1875
25.0 1.4609375
26.0 9.1328125
27.0 5.171875
28.0 4.9453125
29.0 2.6875
30.0 7.453125
31.0 5.5
32.0 5.0390625
33.0 5.2890625
34.0 4.6875
35.0 3.46875
36.0 3.9375
37.0 5.0703125
38.0 5.078125
39.0 4.859375
40.0 2.7109375
41.0 2.890625
42.0 3.671875
43.0 3.078125
44.0 4.3046875
45.0 3.5546875
46.0 4.4140625
47.0 4.9296875
48.0 3.625
49.0 3.6171875
50.0 5.1640625
51.0 5.125
52.0 5.7109375
53.0 5.6484375
54.0 5.453125
55.0 5.7265625
56.0 5.3515625
57.0 3.5234375
58.0 4.6796875
59.0 4.6640625
60.0 5.3359375
61.0 4.4140625
62.0 0.71875
63.0 8.5859375
64.0 5.515625
65.0 5.515625
66.0 5.6171875
67.0 2.7734375
68.0 6.1484375
69.0 4.28125
70.0 3.1953125
71.0 4.8125
72.0 5.3984375
73.0 5.765625
74.0 5.6953125
75.0 5.78125
76.0 5.6171875
77.0 5.5546875
78.0 5.671875
79.0 5.3515625
80.0 2.0703125
81.0 9.71875
82.0 6.09375
83.0 6.0234375
84.0 5.671875
85.0 4.4453125
86.0 6.0625
87.0 5.671875
88.0 4.90625
89.0 5.3359375
90.0 5.75
91.0 5.875
92.0 5.21875
93.0 5.7109375
94.0 5.6640625
95.0 5.6484375
96.0 5.6484375
97.0 5.4375
98.0 3.46875
99.0 6.4375
100.0 4.953125
101.0 5.0703125
102.0 5.25
103.0 2.96875
104.0 8.3203125
105.0 5.609375
106.0 4.0859375
107.0 5.4375
108.0 3.9140625
109.0 5.234375
110.0 5.1953125
111.0 5.6953125
112.0 5.015625
113.0 2.953125
114.0 3.0546875
115.0 2.09375
116.0 7.4921875
117.0 3.0703125
118.0 7.984375
119.0 5.2265625
120.0 5.3671875
121.0 5.6484375
122.0 5.3359375
123.0 5.5
124.0 5.46875
125.0 5.484375
126.0 4.3515625
127.0 3.5859375
128.0 3.203125
129.0 5.015625
130.0 4.59375
131.0 1.390625
132.0 8.8828125
133.0 5.7109375
134.0 4.3828125
135.0 0.15625
136.0 9.0703125
137.0 5.0078125
138.0 2.921875
139.0 2.4765625
140.0 4.09375
141.0 4.9296875
142.0 6.09375
143.0 5.34375
144.0 5.484375
145.0 5.234375
146.0 5.453125
147.0 4.859375
148.0 4.4296875
149.0 5.1328125
150.0 5.515625
151.0 5.3203125
152.0 5.5625
153.0 5.1328125
154.0 5.046875
155.0 4.25
156.0 0.734375
157.0 9.640625
158.0 5.2265625
159.0 5.1640625
160.0 3.328125
161.0 6.6484375
162.0 5.0234375
163.0 5.25
164.0 5.34375
165.0 5.25
166.0 5.0078125
167.0 3.3828125
168.0 3.640625
169.0 4.5625
170.0 5.3359375
171.0 5.2265625
172.0 5.15625
173.0 1.6484375
174.0 9.09375
175.0 5.5
176.0 5.4296875
177.0 5.203125
178.0 5.0703125
179.0 4.8359375
180.0 4.6875
181.0 0.75
182.0 8.3125
183.0 4.7421875
184.0 4.625
185.0 4.515625
186.0 3.546875
187.0 0.0
188.0 6.5859375
189.0 2.1015625
190.0 3.734375
191.0 4.7265625
192.0 4.75
193.0 4.578125
194.0 4.265625
195.0 4.0859375
196.0 3.8828125
197.0 4.03125
198.0 4.3671875
199.0 4.234375
200.0 1.5234375
201.0 6.0
202.0 2.1015625
203.0 2.03125
204.0 3.7265625
205.0 1.359375
206.0 2.0
207.0 3.875
208.0 3.65625
209.0 2.015625
210.0 5.8125
211.0 4.1796875
212.0 4.0625
213.0 2.28125
214.0 6.2578125
215.0 4.0546875
216.0 4.0078125
217.0 3.7578125
218.0 3.640625
219.0 3.9453125
220.0 3.625
221.0 4.09375
222.0 3.8515625
223.0 3.8515625
224.0 3.921875
225.0 3.9765625
226.0 4.0625
227.0 2.25
228.0 6.125
229.0 4.359375
230.0 4.1875
231.0 3.9375
232.0 3.5859375
233.0 0.5703125
234.0 7.3125
235.0 4.3515625
236.0 4.4296875
237.0 4.1171875
238.0 4.0234375
239.0 4.234375
240.0 4.28125
241.0 4.3046875
242.0 3.8515625
243.0 4.8359375
244.0 4.8671875
245.0 2.0625
246.0 7.578125
247.0 4.3828125
248.0 4.4296875
249.0 4.5703125
250.0 4.5
251.0 4.546875
252.0 1.609375
253.0 7.5546875
254.0 5.7109375
255.0 4.9765625
256.0 4.0234375
257.0 3.828125
258.0 4.0703125
259.0 4.03125
260.0 3.9140625
261.0 3.890625
262.0 4.0703125
263.0 1.171875
264.0 6.7421875
265.0 4.9609375
266.0 4.46875
267.0 3.8203125
268.0 3.7109375
269.0 5.53125
270.0 6.0078125
271.0 4.65625
272.0 4.6796875
273.0 5.0546875
274.0 5.015625
275.0 3.6484375
276.0 5.3046875
277.0 4.390625
278.0 4.6015625
279.0 4.5703125
280.0 2.1796875
281.0 7.2421875
282.0 4.3984375
283.0 4.46875
284.0 4.6328125
285.0 5.234375
286.0 4.7578125
287.0 4.7734375
288.0 4.6796875
289.0 5.046875
290.0 4.8125
291.0 4.6875
292.0 2.28125
293.0 7.0625
294.0 4.953125
295.0 4.78125
296.0 4.6875
297.0 4.4296875
298.0 4.546875
299.0 2.71875
300.0 7.0625
301.0 4.859375
302.0 4.9765625
303.0 4.9609375
304.0 4.6328125
305.0 4.6953125
306.0 4.3046875
307.0 4.1328125
308.0 4.296875
309.0 4.609375
310.0 4.203125
311.0 0.90625
312.0 7.7890625
313.0 3.640625
314.0 4.0625
315.0 3.84375
316.0 3.875
317.0 4.03125
318.0 4.7265625
319.0 4.125
320.0 4.3359375
321.0 4.3046875
322.0 4.3515625
323.0 2.4765625
324.0 6.1171875
325.0 4.8125
326.0 4.4140625
327.0 4.6875
328.0 4.8125
329.0 4.5625
330.0 0.0
331.0 7.8359375
332.0 4.28125
333.0 4.2421875
334.0 4.609375
335.0 4.1484375
336.0 4.203125
337.0 4.125
338.0 4.1796875
339.0 4.1171875
340.0 3.6484375
341.0 3.921875
342.0 3.5546875
343.0 0.0
344.0 7.8515625
345.0 3.84375
346.0 3.8203125
347.0 3.7890625
348.0 1.625
349.0 6.125
350.0 3.90625
351.0 4.09375
352.0 4.21875
353.0 2.28125
354.0 6.3515625
355.0 4.0546875
356.0 3.8828125
357.0 4.171875
358.0 3.890625
359.0 4.125
360.0 4.3203125
361.0 2.3125
362.0 5.9609375
363.0 4.8984375
364.0 4.0625
365.0 4.203125
366.0 4.3046875
367.0 4.9296875
368.0 4.2109375
369.0 4.3984375
370.0 4.0078125
371.0 3.8828125
372.0 3.625
373.0 4.25
374.0 4.6015625
375.0 2.0625
376.0 6.7421875
377.0 4.0
378.0 4.125
379.0 4.0078125
380.0 2.953125
381.0 5.171875
382.0 5.0390625
383.0 4.546875
384.0 4.6796875
385.0 4.3203125
386.0 3.9765625
387.0 4.5078125
388.0 4.4296875
389.0 4.4296875
390.0 4.5078125
391.0 4.8671875
392.0 4.859375
393.0 3.171875
394.0 6.1796875
395.0 4.5390625
396.0 4.3046875
397.0 4.171875
398.0 2.7734375
399.0 6.5078125
400.0 4.6796875
401.0 4.609375
402.0 4.6015625
403.0 4.515625
404.0 5.203125
405.0 4.8125
406.0 5.21875
407.0 4.4140625
408.0 4.625
409.0 4.6640625
410.0 3.84375
411.0 0.640625
412.0 7.2265625
413.0 4.0234375
414.0 4.15625
415.0 4.484375
416.0 4.6796875
417.0 4.6875
418.0 4.84375
419.0 4.3984375
420.0 5.0234375
421.0 4.9296875
422.0 4.546875
423.0 4.84375
424.0 4.9296875
425.0 5.1015625
426.0 4.7734375
427.0 4.6484375
428.0 1.03125
429.0 8.0234375
430.0 4.78125
431.0 4.6484375
432.0 4.0859375
433.0 3.953125
434.0 4.265625
435.0 4.625
436.0 4.453125
437.0 4.796875
438.0 4.296875
439.0 4.5078125
440.0 4.984375
441.0 4.2734375
442.0 0.640625
443.0 8.1171875
444.0 4.546875
445.0 4.2421875
446.0 1.9453125
447.0 6.6328125
448.0 4.203125
449.0 4.0
450.0 4.625
451.0 4.5625
452.0 4.5078125
453.0 4.515625
454.0 4.9609375
455.0 4.6640625
456.0 4.6328125
457.0 1.5234375
458.0 8.109375
459.0 5.2578125
460.0 4.859375
461.0 4.6015625
462.0 4.796875
463.0 5.046875
464.0 4.875
465.0 5.171875
466.0 5.2734375
467.0 4.5
468.0 1.7734375
469.0 6.9296875
470.0 5.40625
471.0 5.1640625
472.0 5.015625
473.0 5.6015625
474.0 5.109375
475.0 5.0703125
476.0 4.1171875
477.0 1.203125
478.0 8.3203125
479.0 4.875
480.0 4.8984375
481.0 5.1015625
482.0 4.75
483.0 2.90625
484.0 6.9296875
485.0 4.6328125
486.0 4.484375
487.0 4.1796875
488.0 5.1015625
489.0 4.9453125
490.0 5.078125
491.0 5.3359375
492.0 5.171875
493.0 5.125
494.0 5.3984375
495.0 4.484375
496.0 3.0390625
497.0 5.9765625
498.0 5.015625
499.0 4.9296875
500.0 5.078125
501.0 1.6875
502.0 8.7734375
503.0 5.171875
504.0 5.34375
505.0 4.9296875
506.0 5.3671875
507.0 3.0546875
508.0 7.4921875
509.0 5.1953125
510.0 4.9453125
511.0 5.0546875
512.0 4.859375
513.0 4.921875
514.0 4.5
515.0 4.84375
516.0 5.0234375
517.0 4.90625
518.0 4.9609375
519.0 5.1328125
520.0 4.7421875
521.0 1.96875
522.0 7.21875
523.0 4.953125
524.0 5.0234375
525.0 5.671875
526.0 4.84375
527.0 0.0390625
528.0 6.5625
529.0 4.3203125
530.0 5.4609375
531.0 5.3828125
532.0 5.375
533.0 5.4375
534.0 5.140625
535.0 5.140625
536.0 5.0234375
537.0 5.1015625
538.0 5.140625
539.0 2.3984375
540.0 7.984375
541.0 5.4609375
542.0 5.671875
543.0 4.90625
544.0 5.234375
545.0 5.0078125
546.0 5.28125
547.0 5.21875
548.0 5.546875
549.0 5.4296875
550.0 2.5625
551.0 7.6953125
552.0 5.1328125
553.0 5.15625
554.0 5.015625
555.0 5.3671875
556.0 5.109375
557.0 2.21875
558.0 8.4765625
559.0 5.2578125
560.0 4.828125
561.0 4.9453125
562.0 5.15625
563.0 5.2890625
564.0 5.109375
565.0 5.3125
566.0 5.734375
567.0 5.609375
568.0 4.8984375
569.0 5.34375
570.0 4.453125
571.0 4.828125
572.0 5.484375
573.0 5.484375
574.0 5.21875
575.0 5.3671875
576.0 5.6171875
577.0 5.3515625
578.0 5.6953125
579.0 5.2265625
580.0 3.5625
581.0 6.8984375
582.0 5.28125
583.0 5.3828125
584.0 5.3515625
585.0 4.484375
586.0 1.421875
587.0 8.390625
588.0 5.2265625
589.0 5.1640625
590.0 5.21875
591.0 5.078125
592.0 4.46875
593.0 5.25
594.0 4.265625
595.0 4.75
596.0 4.421875
597.0 5.5859375
598.0 4.9609375
599.0 0.7890625
