0.0 6.3828125
1.0 4.5703125
2.0 5.46875
3.0 4.484375
4.0 3.296875
5.0 5.5859375
6.0 5.28125
7.0 4.921875
8.0 4.8046875
9.0 4.6953125
10.0 4.1171875
11.0 5.34375
12.0 5.171875
13.0 4.0390625
14.0 2.984375
15.0 2.953125
16.0 1.953125
17.0 0.0
18.0 5.8515625
19.0 2.625
20.0 3.65625
21.0 4.234375
22.0 4.9296875
23.0 5.0078125
24.0 5.109375
25.0 4.6640625
26.0 5.1953125
27.0 6.1484375
28.0 5.828125
29.0 5.6484375
30.0 5.3984375
31.0 5.828125
32.0 4.90625
33.0 5.1015625
34.0 5.8515625
35.0 5.9609375
36.0 6.78125
37.0 6.4375
38.0 6.8046875
39.0 2.296875
40.0 11.484375
41.0 5.6015625
42.0 4.9765625
43.0 0.65625
44.0 10.046875
45.0 5.7265625
46.0 3.7578125
47.0 6.2890625
48.0 5.3125
49.0 5.6328125
50.0 5.828125
51.0 5.9921875
52.0 6.484375
53.0 6.453125
54.0 6.2734375
55.0 5.6484375
56.0 5.578125
57.0 2.671875
58.0 4.390625
59.0 5.2890625
60.0 5.90625
61.0 6.859375
62.0 6.7734375
63.0 6.8046875
64.0 6.75
65.0 6.5546875
66.0 6.1796875
67.0 6.8828125
68.0 6.59375
69.0 5.5546875
70.0 5.890625
71.0 5.9375
72.0 6.8828125
73.0 6.765625
74.0 6.6484375
75.0 5.6640625
76.0 6.203125
77.0 6.125
78.0 5.9921875
79.0 4.4765625
80.0 4.78125
81.0 3.7890625
82.0 3.4296875
83.0 4.1875
84.0 5.0078125
85.0 5.859375
86.0 6.15625
87.0 5.3828125
88.0 4.9609375
89.0 5.546875
90.0 5.171875
91.0 5.453125
92.0 5.484375
93.0 5.4609375
94.0 5.2890625
95.0 5.0234375
96.0 5.3671875
97.0 5.671875
98.0 5.234375
99.0 5.6015625
100.0 4.9609375
101.0 2.03125
102.0 6.2265625
103.0 4.4765625
104.0 3.34375
105.0 4.9765625
106.0 5.0859375
107.0 0.5390625
108.0 9.4296875
109.0 4.5078125
110.0 4.7109375
111.0 5.25
112.0 5.0546875
113.0 4.9765625
114.0 5.3984375
115.0 5.3359375
116.0 5.25
117.0 5.40625
118.0 5.84375
119.0 5.2734375
120.0 1.5390625
121.0 9.546875
122.0 5.75
123.0 5.671875
124.0 5.875
125.0 2.7734375
126.0 8.265625
127.0 5.734375
128.0 5.6640625
129.0 5.703125
130.0 5.578125
131.0 5.171875
132.0 5.4921875
133.0 5.5
134.0 5.40625
135.0 5.40625
136.0 5.5859375
137.0 4.71875
138.0 2.75
139.0 5.484375
140.0 5.203125
141.0 4.859375
142.0 5.15625
143.0 2.2421875
144.0 8.6015625
145.0 5.703125
146.0 5.2578125
147.0 5.203125
148.0 5.140625
149.0 6.1171875
150.0 5.125
151.0 5.0703125
152.0 5.6953125
153.0 5.3828125
154.0 5.1640625
155.0 5.234375
156.0 5.5859375
157.0 4.3984375
158.0 4.9765625
159.0 5.21875
160.0 5.0234375
161.0 5.1015625
162.0 4.484375
163.0 4.546875
164.0 4.9296875
165.0 5.453125
166.0 5.7578125
167.0 1.015625
168.0 10.3515625
169.0 5.2265625
170.0 5.0859375
171.0 5.1015625
172.0 5.2890625
173.0 5.3125
174.0 5.1640625
175.0 5.0546875
176.0 5.109375
177.0 4.7578125
178.0 5.015625
179.0 4.890625
180.0 4.921875
181.0 4.359375
182.0 0.546875
183.0 9.8515625
184.0 5.3515625
185.0 5.21875
186.0 5.015625
187.0 4.6484375
188.0 2.96875
189.0 5.9765625
190.0 5.0078125
191.0 4.9453125
192.0 4.875
193.0 4.828125
194.0 4.453125
195.0 5.0390625
196.0 5.234375
197.0 5.40625
198.0 5.2890625
199.0 5.234375
200.0 3.953125
201.0 7.1875
202.0 5.3125
203.0 5.1640625
204.0 5.171875
205.0 5.125
206.0 4.875
207.0 4.390625
208.0 1.984375
209.0 7.6875
210.0 4.3828125
211.0 3.875
212.0 3.8046875
213.0 4.1171875
214.0 5.15625
215.0 4.3984375
216.0 4.46875
217.0 4.125
218.0 4.390625
219.0 4.7265625
220.0 4.5625
221.0 4.53125
222.0 0.3125
223.0 8.65625
224.0 4.28125
225.0 4.484375
226.0 4.5625
227.0 0.9140625
228.0 10.078125
229.0 5.0546875
230.0 5.171875
231.0 4.7421875
232.0 4.59375
233.0 5.3203125
234.0 4.5625
235.0 3.953125
236.0 4.1484375
237.0 4.859375
238.0 4.6640625
239.0 4.890625
240.0 3.703125
241.0 0.9375
242.0 8.703125
243.0 4.859375
244.0 4.1015625
245.0 2.4921875
246.0 6.7734375
247.0 4.921875
248.0 5.2265625
249.0 5.171875
250.0 4.9609375
251.0 5.3984375
252.0 5.140625
253.0 5.125
254.0 4.890625
255.0 5.3359375
256.0 5.3046875
257.0 4.8671875
258.0 4.09375
259.0 0.0
260.0 9.5234375
261.0 4.65625
262.0 4.546875
263.0 4.28125
264.0 3.4765625
265.0 6.1875
266.0 4.4453125
267.0 4.7578125
268.0 4.859375
269.0 4.5390625
270.0 3.859375
271.0 4.4296875
272.0 3.953125
273.0 4.1171875
274.0 4.1328125
275.0 4.3828125
276.0 4.515625
277.0 4.78125
278.0 4.3828125
279.0 4.8984375
280.0 0.1328125
281.0 9.34375
282.0 2.7578125
283.0 6.8828125
284.0 4.9765625
285.0 4.8046875
286.0 5.0234375
287.0 4.7109375
288.0 4.71875
289.0 4.8046875
290.0 5.5546875
291.0 5.234375
292.0 5.25
293.0 4.5
294.0 4.6875
295.0 4.2734375
296.0 4.515625
297.0 4.75
298.0 4.6484375
299.0 3.7890625
300.0 4.09375
301.0 4.0
302.0 0.8515625
303.0 7.96875
304.0 4.2109375
305.0 4.1484375
306.0 3.546875
307.0 4.5078125
308.0 5.1953125
309.0 4.875
310.0 4.859375
311.0 5.40625
312.0 5.125
313.0 4.875
314.0 5.140625
315.0 5.1328125
316.0 5.078125
317.0 2.1328125
318.0 8.03125
319.0 4.53125
320.0 3.546875
321.0 3.5234375
322.0 1.3515625
323.0 8.203125
324.0 5.2265625
325.0 4.5078125
326.0 5.234375
327.0 5.046875
328.0 4.875
329.0 5.25
330.0 5.90625
331.0 6.1796875
332.0 5.5859375
333.0 5.828125
334.0 6.0078125
335.0 1.640625
336.0 10.2890625
337.0 6.125
338.0 5.21875
339.0 5.8515625
340.0 5.78125
341.0 5.875
342.0 5.7578125
343.0 5.875
344.0 6.0625
345.0 5.28125
346.0 5.171875
347.0 5.3125
348.0 5.3203125
349.0 5.28125
350.0 5.4296875
351.0 3.703125
352.0 7.140625
353.0 5.234375
354.0 5.0234375
355.0 5.453125
356.0 5.25
357.0 5.5625
358.0 5.46875
359.0 5.15625
360.0 5.171875
361.0 5.109375
362.0 2.4921875
363.0 7.8515625
364.0 5.34375
365.0 5.3203125
366.0 5.1953125
367.0 5.6171875
368.0 5.75
369.0 4.875
370.0 6.828125
371.0 5.5859375
372.0 5.6953125
373.0 6.1875
374.0 5.875
375.0 5.640625
376.0 5.3984375
377.0 5.7109375
378.0 6.0390625
379.0 5.9296875
380.0 5.8125
381.0 5.6015625
382.0 5.671875
383.0 5.75
384.0 5.40625
385.0 5.3671875
386.0 5.3984375
387.0 5.8515625
388.0 5.46875
389.0 5.5859375
390.0 5.484375
391.0 4.21875
392.0 6.8046875
393.0 5.78125
394.0 5.3125
395.0 5.0859375
396.0 1.34375
397.0 10.140625
398.0 6.03125
399.0 5.9296875
400.0 5.7578125
401.0 6.0
402.0 5.8203125
403.0 5.7578125
404.0 6.09375
405.0 6.2421875
406.0 6.2421875
407.0 6.203125
408.0 5.8828125
409.0 5.9453125
410.0 5.9453125
411.0 5.0546875
412.0 5.9296875
413.0 5.859375
414.0 5.6328125
415.0 5.5625
416.0 5.3046875
417.0 4.3046875
418.0 4.9453125
419.0 5.90625
420.0 3.3828125
421.0 7.421875
422.0 5.7109375
423.0 5.5546875
424.0 5.84375
425.0 5.890625
426.0 5.515625
427.0 1.0
428.0 6.3828125
429.0 3.578125
430.0 5.046875
431.0 4.7109375
432.0 4.625
433.0 5.21875
434.0 5.203125
435.0 5.28125
436.0 5.4921875
437.0 5.0703125
438.0 4.953125
439.0 5.6015625
440.0 5.125
441.0 1.171875
442.0 7.140625
443.0 4.9453125
444.0 4.6875
445.0 5.2265625
446.0 4.984375
447.0 2.1796875
448.0 8.0625
449.0 4.984375
450.0 4.65625
451.0 4.9453125
452.0 4.921875
453.0 4.9765625
454.0 4.7109375
455.0 4.9765625
456.0 4.59375
457.0 5.453125
458.0 5.1875
459.0 5.3203125
460.0 0.6328125
461.0 9.65625
462.0 5.3984375
463.0 5.2734375
464.0 4.4765625
465.0 2.1640625
466.0 8.1171875
467.0 4.875
468.0 4.9765625
469.0 5.6015625
470.0 5.7578125
471.0 5.6328125
472.0 5.609375
473.0 5.9140625
474.0 5.859375
475.0 4.953125
476.0 4.9453125
477.0 5.1015625
478.0 5.0859375
479.0 1.0625
480.0 6.140625
481.0 1.96875
482.0 3.3125
483.0 2.90625
484.0 2.1953125
485.0 5.671875
486.0 4.421875
487.0 5.2734375
488.0 5.6015625
489.0 3.6484375
490.0 2.515625
491.0 2.484375
492.0 5.2265625
493.0 4.9765625
494.0 5.1328125
495.0 4.953125
496.0 4.578125
497.0 4.6484375
498.0 1.734375
499.0 8.9765625
500.0 5.203125
501.0 5.0859375
502.0 5.3828125
503.0 5.4296875
504.0 5.578125
505.0 4.8359375
506.0 2.046875
507.0 6.8828125
508.0 3.8046875
509.0 3.109375
510.0 2.8203125
511.0 3.578125
512.0 5.40625
513.0 5.4375
514.0 5.7578125
515.0 5.828125
516.0 5.640625
517.0 5.640625
518.0 5.3828125
519.0 5.3046875
520.0 5.6484375
521.0 5.53125
522.0 5.40625
523.0 5.421875
524.0 5.1875
525.0 5.578125
526.0 5.6171875
527.0 3.40625
528.0 6.3203125
529.0 4.53125
530.0 4.4140625
531.0 5.375
532.0 1.078125
533.0 9.578125
534.0 5.875
535.0 5.8515625
536.0 6.078125
537.0 6.234375
538.0 5.6796875
539.0 6.171875
540.0 5.78125
541.0 5.015625
542.0 5.078125
543.0 5.84375
544.0 5.5
545.0 6.0625
546.0 5.6015625
547.0 6.078125
548.0 5.5625
549.0 1.34375
550.0 10.3203125
551.0 5.6015625
552.0 2.1796875
553.0 9.3359375
554.0 5.5546875
555.0 5.6796875
556.0 4.890625
557.0 5.25
558.0 5.796875
559.0 4.890625
560.0 5.3671875
561.0 5.7890625
562.0 5.0703125
563.0 5.2265625
564.0 5.7109375
565.0 5.8125
566.0 5.609375
567.0 5.90625
568.0 5.9609375
569.0 5.96875
570.0 5.5859375
571.0 5.828125
572.0 5.9375
573.0 5.421875
574.0 6.296875
575.0 5.546875
576.0 5.796875
577.0 5.6015625
578.0 5.6328125
579.0 3.28125
580.0 6.203125
581.0 5.5234375
582.0 4.5078125
583.0 4.3828125
584.0 3.2890625
585.0 7.734375
586.0 5.46875
587.0 5.6328125
588.0 6.3203125
589.0 6.0546875
590.0 6.03125
591.0 5.546875
592.0 5.453125
593.0 5.875
594.0 5.5625
595.0 5.40625
596.0 5.4921875
597.0 5.6171875
598.0 2.1484375
599.0 6.3828125
