0.0 5.140625
1.0 5.3046875
2.0 5.3125
3.0 5.4609375
4.0 5.515625
5.0 5.28125
6.0 5.2890625
7.0 5.3359375
8.0 5.3984375
9.0 5.3671875
10.0 5.453125
11.0 5.5625
12.0 5.4375
13.0 5.28125
14.0 5.3203125
15.0 5.2578125
16.0 5.0703125
17.0 2.1015625
18.0 8.359375
19.0 5.3125
20.0 5.3671875
21.0 5.203125
22.0 5.3984375
23.0 1.65625
24.0 8.375
25.0 4.0078125
26.0 4.8125
27.0 4.6328125
28.0 5.140625
29.0 5.046875
30.0 5.4921875
31.0 5.3125
32.0 4.25
33.0 4.0859375
34.0 2.8359375
35.0 0.0
36.0 7.390625
37.0 3.6484375
38.0 4.328125
39.0 5.9375
40.0 4.828125
41.0 5.0703125
42.0 5.8515625
43.0 5.421875
44.0 5.1328125
45.0 5.1640625
46.0 5.6015625
47.0 5.9609375
48.0 5.3671875
49.0 5.453125
50.0 4.7265625
51.0 2.9296875
52.0 0.0
53.0 8.078125
54.0 4.3359375
55.0 4.0234375
56.0 4.1875
57.0 1.7890625
58.0 0.0
59.0 7.0625
60.0 2.03125
61.0 4.5078125
62.0 4.28125
63.0 4.8125
64.0 4.7265625
65.0 4.7109375
66.0 2.125
67.0 6.09375
68.0 2.6328125
69.0 2.546875
70.0 2.5625
71.0 4.7734375
72.0 4.5390625
73.0 1.5625
74.0 7.46875
75.0 4.5625
76.0 3.328125
77.0 1.078125
78.0 4.65625
79.0 1.7109375
80.0 0.671875
81.0 2.6640625
82.0 4.859375
83.0 4.9765625
84.0 4.90625
85.0 5.015625
86.0 4.9921875
87.0 4.8359375
88.0 3.171875
89.0 6.0234375
90.0 3.203125
91.0 0.0390625
92.0 7.1328125
93.0 4.515625
94.0 3.328125
95.0 3.4453125
96.0 3.234375
97.0 3.28125
98.0 2.34375
99.0 2.15625
100.0 2.125
101.0 4.2109375
102.0 5.0234375
103.0 3.9921875
104.0 2.296875
105.0 0.0
106.0 0.0
107.0 5.4375
108.0 2.046875
109.0 2.65625
110.0 3.28125
111.0 4.546875
112.0 2.78125
113.0 3.3125
114.0 1.7734375
115.0 4.5625
116.0 2.890625
117.0 3.9765625
118.0 4.3984375
119.0 4.984375
120.0 4.7421875
121.0 2.2734375
122.0 0.1640625
123.0 4.4765625
124.0 4.1484375
125.0 5.0234375
126.0 4.984375
127.0 2.890625
128.0 2.3125
129.0 2.453125
130.0 2.4609375
131.0 2.3359375
132.0 2.3125
133.0 3.859375
134.0 5.234375
135.0 5.2578125
136.0 1.4453125
137.0 0.2265625
138.0 0.0
139.0 16.4609375
140.0 5.140625
141.0 4.7734375
142.0 4.7109375
143.0 3.578125
144.0 2.1015625
145.0 6.1171875
146.0 3.765625
147.0 2.4921875
148.0 2.90625
149.0 3.140625
150.0 1.890625
151.0 0.0
152.0 5.3515625
153.0 1.46875
154.0 2.3984375
155.0 4.7578125
156.0 5.28125
157.0 5.25
158.0 5.7578125
159.0 4.0546875
160.0 2.28125
161.0 2.1484375
162.0 4.6796875
163.0 4.8046875
164.0 4.9609375
165.0 5.2265625
166.0 2.234375
167.0 7.796875
168.0 5.0546875
169.0 5.046875
170.0 4.875
171.0 1.59375
172.0 8.234375
173.0 4.8125
174.0 2.515625
175.0 7.390625
176.0 2.625
177.0 8.265625
178.0 5.46875
179.0 5.78125
180.0 5.7265625
181.0 5.3125
182.0 1.9375
183.0 4.2109375
184.0 6.171875
185.0 4.1796875
186.0 5.0390625
187.0 5.453125
188.0 3.0703125
189.0 4.359375
190.0 6.2421875
191.0 5.9375
192.0 6.0546875
193.0 2.6015625
194.0 6.8671875
195.0 9.65625
196.0 5.5
197.0 5.7265625
198.0 2.640625
199.0 7.34375
200.0 5.34375
201.0 5.3984375
202.0 5.1953125
203.0 5.140625
204.0 5.3203125
205.0 5.21875
206.0 5.3046875
207.0 5.125
208.0 4.9609375
209.0 5.078125
210.0 5.0859375
211.0 4.796875
212.0 1.8984375
213.0 8.3203125
214.0 5.1875
215.0 4.7578125
216.0 5.421875
217.0 5.2265625
218.0 5.0078125
219.0 4.9296875
220.0 5.171875
221.0 4.453125
222.0 4.9921875
223.0 5.1640625
224.0 4.9609375
225.0 4.8671875
226.0 5.015625
227.0 5.1328125
228.0 5.1640625
229.0 5.28125
230.0 5.609375
231.0 4.984375
232.0 5.515625
233.0 5.3203125
234.0 5.5
235.0 5.3671875
236.0 4.5078125
237.0 2.5234375
238.0 0.0
239.0 6.9765625
240.0 4.0859375
241.0 2.359375
242.0 7.25
243.0 5.0390625
244.0 4.6875
245.0 4.984375
246.0 5.203125
247.0 5.1640625
248.0 4.984375
249.0 4.9765625
250.0 5.0703125
251.0 5.28125
252.0 5.375
253.0 5.453125
254.0 4.9765625
255.0 2.296875
256.0 8.0234375
257.0 4.9609375
258.0 5.0859375
259.0 5.8203125
260.0 6.4140625
261.0 3.9921875
262.0 6.8671875
263.0 5.8515625
264.0 5.8203125
265.0 5.28125
266.0 5.5234375
267.0 5.0859375
268.0 4.625
269.0 5.7109375
270.0 5.6328125
271.0 5.3515625
272.0 5.5625
273.0 4.484375
274.0 6.6328125
275.0 5.6484375
276.0 5.5625
277.0 5.34375
278.0 0.984375
279.0 9.6953125
280.0 5.1328125
281.0 4.6484375
282.0 4.6484375
283.0 5.1953125
284.0 5.3203125
285.0 4.78125
286.0 4.890625
287.0 5.0234375
288.0 5.0390625
289.0 5.0546875
290.0 5.015625
291.0 0.8515625
292.0 8.8515625
293.0 5.046875
294.0 4.7265625
295.0 4.8359375
296.0 2.2734375
297.0 7.6875
298.0 4.84375
299.0 4.6484375
300.0 4.796875
301.0 4.71875
302.0 4.6640625
303.0 4.6484375
304.0 4.578125
305.0 4.9453125
306.0 4.9453125
307.0 5.4375
308.0 5.171875
309.0 2.640625
310.0 7.15625
311.0 4.7421875
312.0 5.0703125
313.0 4.8125
314.0 2.1015625
315.0 7.6875
316.0 4.8984375
317.0 5.140625
318.0 4.625
319.0 5.125
320.0 5.1015625
321.0 5.4375
322.0 5.4609375
323.0 5.140625
324.0 5.3125
325.0 5.375
326.0 4.4296875
327.0 6.0234375
328.0 4.65625
329.0 4.71875
330.0 5.15625
331.0 4.9453125
332.0 5.0390625
333.0 3.25
334.0 5.0703125
335.0 7.8359375
336.0 5.3984375
337.0 5.4375
338.0 5.375
339.0 5.1015625
340.0 5.1875
341.0 5.2265625
342.0 5.203125
343.0 5.1015625
344.0 5.046875
345.0 4.828125
346.0 5.15625
347.0 5.1328125
348.0 2.6953125
349.0 7.1328125
350.0 5.1640625
351.0 4.796875
352.0 2.640625
353.0 6.8984375
354.0 5.109375
355.0 5.0703125
356.0 4.859375
357.0 5.0078125
358.0 4.828125
359.0 5.2734375
360.0 5.21875
361.0 4.7109375
362.0 5.3046875
363.0 5.1875
364.0 5.3359375
365.0 3.703125
366.0 6.625
367.0 5.15625
368.0 5.4375
369.0 5.5546875
370.0 5.3359375
371.0 4.921875
372.0 2.3359375
373.0 8.03125
374.0 5.4375
375.0 5.234375
376.0 5.0390625
377.0 5.015625
378.0 5.015625
379.0 4.6875
380.0 3.7421875
381.0 4.296875
382.0 5.078125
383.0 5.3125
384.0 4.9609375
385.0 2.34375
386.0 8.2265625
387.0 5.3046875
388.0 4.875
389.0 1.921875
390.0 8.359375
391.0 4.7265625
392.0 5.234375
393.0 5.0234375
394.0 4.9453125
395.0 4.90625
396.0 2.0390625
397.0 1.234375
398.0 1.328125
399.0 2.34375
400.0 4.9765625
401.0 5.0078125
402.0 3.2265625
403.0 6.2734375
404.0 5.0546875
405.0 4.9296875
406.0 4.3203125
407.0 2.4140625
408.0 6.5
409.0 4.15625
410.0 4.0546875
411.0 4.203125
412.0 4.0546875
413.0 4.5390625
414.0 4.7421875
415.0 5.0390625
416.0 3.921875
417.0 1.734375
418.0 2.7890625
419.0 2.4765625
420.0 4.515625
421.0 5.484375
422.0 4.15625
423.0 4.6640625
424.0 4.09375
425.0 3.328125
426.0 1.0
427.0 6.6640625
428.0 3.2265625
429.0 3.9921875
430.0 5.40625
431.0 5.7265625
432.0 5.3359375
433.0 5.609375
434.0 3.0546875
435.0 3.265625
436.0 4.78125
437.0 4.6953125
438.0 4.71875
439.0 5.015625
440.0 4.53125
441.0 5.171875
442.0 2.5078125
443.0 7.6171875
444.0 4.5
445.0 3.828125
446.0 1.9140625
447.0 3.3125
448.0 5.0859375
449.0 5.1875
450.0 5.21875
451.0 4.71875
452.0 5.078125
453.0 4.890625
454.0 4.90625
455.0 5.3046875
456.0 2.3359375
457.0 8.859375
458.0 5.8515625
459.0 5.7265625
460.0 5.546875
461.0 1.1171875
462.0 8.6484375
463.0 2.9296875
464.0 3.328125
465.0 5.453125
466.0 4.9453125
467.0 5.1640625
468.0 5.171875
469.0 5.1015625
470.0 5.1875
471.0 5.421875
472.0 5.0859375
473.0 3.3828125
474.0 6.9140625
475.0 5.015625
476.0 4.828125
477.0 4.9453125
478.0 5.140625
479.0 5.0234375
480.0 4.984375
481.0 4.171875
482.0 5.453125
483.0 4.859375
484.0 4.7265625
485.0 4.7578125
486.0 4.515625
487.0 5.171875
488.0 4.890625
489.0 5.1015625
490.0 4.390625
491.0 3.7421875
492.0 5.15625
493.0 4.953125
494.0 4.5078125
495.0 5.0546875
496.0 5.2890625
497.0 5.40625
498.0 5.3046875
499.0 5.3203125
500.0 5.3515625
501.0 5.5546875
502.0 5.609375
503.0 5.2578125
504.0 1.109375
505.0 9.671875
506.0 5.765625
507.0 5.515625
508.0 5.2890625
509.0 5.734375
510.0 1.640625
511.0 9.1953125
512.0 5.765625
513.0 5.734375
514.0 5.9140625
515.0 5.546875
516.0 5.8203125
517.0 5.9375
518.0 5.6640625
519.0 5.3515625
520.0 5.3203125
521.0 5.484375
522.0 1.7734375
523.0 8.8046875
524.0 5.234375
525.0 5.375
526.0 5.671875
527.0 5.5
528.0 5.6796875
529.0 5.6015625
530.0 5.640625
531.0 5.1328125
532.0 2.046875
533.0 5.796875
534.0 4.71875
535.0 4.8984375
536.0 5.2578125
537.0 5.3515625
538.0 5.2578125
539.0 5.1640625
540.0 2.4609375
541.0 5.6171875
542.0 3.1796875
543.0 4.3359375
544.0 5.1953125
545.0 5.25
546.0 5.5546875
547.0 5.734375
548.0 5.4375
549.0 5.3515625
550.0 5.34375
551.0 5.3125
552.0 5.5234375
553.0 5.015625
554.0 0.2890625
555.0 10.109375
556.0 5.9375
557.0 5.5625
558.0 5.6796875
559.0 5.25
560.0 1.0625
561.0 10.046875
562.0 5.4375
563.0 5.0234375
564.0 5.0078125
565.0 5.1953125
566.0 2.984375
567.0 3.46875
568.0 0.5234375
569.0 6.890625
570.0 5.21875
571.0 5.375
572.0 5.0234375
573.0 4.8671875
574.0 5.109375
575.0 5.1953125
576.0 5.171875
577.0 5.0859375
578.0 4.3046875
579.0 6.140625
580.0 5.6640625
581.0 5.34375
582.0 5.0546875
583.0 5.5546875
584.0 5.5
585.0 5.109375
586.0 5.578125
587.0 5.578125
588.0 5.609375
589.0 5.5
590.0 5.546875
591.0 5.4375
592.0 1.109375
593.0 7.21875
594.0 1.6875
595.0 5.28125
596.0 5.0390625
597.0 5.46875
598.0 4.5078125
599.0 1.0
