0.0 0.0
1.0 5.015625
2.0 2.8046875
3.0 3.609375
4.0 2.0859375
5.0 2.0859375
6.0 2.3671875
7.0 1.5625
8.0 0.0
9.0 0.0
10.0 6.2109375
11.0 3.34375
12.0 5.5546875
13.0 5.6015625
14.0 5.4296875
15.0 5.0859375
16.0 4.546875
17.0 4.6640625
18.0 4.9453125
19.0 5.203125
20.0 5.3125
21.0 5.4375
22.0 5.6328125
23.0 5.9453125
24.0 5.9609375
25.0 6.9453125
26.0 6.0
27.0 6.0625
28.0 5.78125
29.0 5.7265625
30.0 5.6328125
31.0 5.7578125
32.0 5.5625
33.0 5.3984375
34.0 5.2578125
35.0 4.984375
36.0 5.046875
37.0 3.5234375
38.0 4.25
39.0 4.953125
40.0 5.21875
41.0 5.515625
42.0 5.4921875
43.0 5.703125
44.0 5.8828125
45.0 1.7109375
46.0 0.2265625
47.0 5.21875
48.0 5.4609375
49.0 5.5234375
50.0 5.6171875
51.0 5.2265625
52.0 5.546875
53.0 5.046875
54.0 5.140625
55.0 5.40625
56.0 5.3671875
57.0 5.125
58.0 4.6484375
59.0 2.3984375
60.0 0.0
61.0 6.6640625
62.0 4.1875
63.0 4.8046875
64.0 4.84375
65.0 3.6953125
66.0 1.1328125
67.0 0.0
68.0 7.40625
69.0 3.734375
70.0 2.65625
71.0 3.1171875
72.0 3.375
73.0 4.5390625
74.0 4.9609375
75.0 3.515625
76.0 4.2734375
77.0 2.7265625
78.0 2.34375
79.0 0.0
80.0 4.921875
81.0 2.0625
82.0 1.296875
83.0 2.8359375
84.0 2.4140625
85.0 2.8203125
86.0 3.609375
87.0 3.890625
88.0 3.40625
89.0 3.6953125
90.0 5.015625
91.0 2.7578125
92.0 6.0078125
93.0 5.2734375
94.0 3.234375
95.0 3.28125
96.0 1.390625
97.0 4.8125
98.0 5.234375
99.0 5.1953125
100.0 5.2265625
101.0 5.171875
102.0 5.3125
103.0 5.484375
104.0 3.25
105.0 7.25
106.0 5.2578125
107.0 5.3359375
108.0 5.3125
109.0 5.2734375
110.0 5.15625
111.0 4.75
112.0 4.65625
113.0 4.796875
114.0 4.71875
115.0 5.3203125
116.0 5.25
117.0 5.2734375
118.0 5.2578125
119.0 5.3046875
120.0 5.3046875
121.0 5.4296875
122.0 4.984375
123.0 1.609375
124.0 8.8984375
125.0 5.0859375
126.0 5.3828125
127.0 5.1875
128.0 4.75
129.0 4.78125
130.0 4.3984375
131.0 4.546875
132.0 4.3671875
133.0 4.0859375
134.0 4.9609375
135.0 4.828125
136.0 4.7578125
137.0 4.171875
138.0 4.0078125
139.0 4.6796875
140.0 0.9921875
141.0 1.09375
142.0 1.40625
143.0 2.875
144.0 3.375
145.0 3.5859375
146.0 0.8671875
147.0 0.0
148.0 0.0
149.0 9.5703125
150.0 5.375
151.0 5.3828125
152.0 5.2578125
153.0 5.6953125
154.0 2.8359375
155.0 7.21875
156.0 5.4296875
157.0 5.515625
158.0 5.6953125
159.0 5.578125
160.0 5.5234375
161.0 5.421875
162.0 5.5546875
163.0 5.4921875
164.0 5.3828125
165.0 4.8046875
166.0 4.3984375
167.0 5.78125
168.0 4.875
169.0 5.1640625
170.0 5.1953125
171.0 5.3203125
172.0 5.5546875
173.0 5.4609375
174.0 5.46875
175.0 5.484375
176.0 5.3984375
177.0 5.140625
178.0 5.0234375
179.0 4.890625
180.0 4.9921875
181.0 4.6953125
182.0 4.9609375
183.0 3.4609375
184.0 6.75
185.0 5.703125
186.0 5.0703125
187.0 3.28125
188.0 7.21875
189.0 5.4921875
190.0 5.140625
191.0 5.2890625
192.0 5.3984375
193.0 5.2265625
194.0 4.9921875
195.0 5.5625
196.0 5.6796875
197.0 5.7265625
198.0 5.5625
199.0 5.6015625
200.0 3.1328125
201.0 8.3125
202.0 5.6015625
203.0 5.484375
204.0 5.6953125
205.0 5.4375
206.0 0.9921875
207.0 10.375
208.0 5.7109375
209.0 5.4921875
210.0 4.8984375
211.0 5.1328125
212.0 5.5
213.0 5.484375
214.0 5.40625
215.0 5.3359375
216.0 5.0703125
217.0 2.9375
218.0 7.28125
219.0 5.25
220.0 5.40625
221.0 5.3671875
222.0 2.90625
223.0 6.296875
224.0 5.15625
225.0 4.8046875
226.0 4.5390625
227.0 4.7734375
228.0 5.1875
229.0 5.203125
230.0 5.015625
231.0 5.3984375
232.0 4.6640625
233.0 3.2265625
234.0 4.75
235.0 5.4296875
236.0 2.84375
237.0 7.9375
238.0 5.6171875
239.0 5.609375
240.0 3.640625
241.0 5.21875
242.0 3.4921875
243.0 2.5078125
244.0 2.78125
245.0 1.8046875
246.0 2.15625
247.0 4.90625
248.0 5.2578125
249.0 5.4921875
250.0 5.3359375
251.0 4.8359375
252.0 5.171875
253.0 2.9609375
254.0 7.2890625
255.0 5.0390625
256.0 5.0703125
257.0 4.828125
258.0 4.78125
259.0 5.0546875
260.0 4.7421875
261.0 4.8359375
262.0 4.875
263.0 5.0390625
264.0 4.5
265.0 4.828125
266.0 4.7578125
267.0 4.625
268.0 4.59375
269.0 4.6796875
270.0 4.71875
271.0 3.578125
272.0 2.75
273.0 4.0625
274.0 4.1171875
275.0 5.109375
276.0 4.6875
277.0 3.296875
278.0 4.0625
279.0 4.609375
280.0 4.609375
281.0 4.2734375
282.0 3.5
283.0 2.7421875
284.0 4.1875
285.0 4.421875
286.0 4.7578125
287.0 4.828125
288.0 4.9296875
289.0 4.890625
290.0 5.0234375
291.0 4.8671875
292.0 4.625
293.0 1.5078125
294.0 7.8671875
295.0 4.515625
296.0 4.1015625
297.0 4.3828125
298.0 3.7109375
299.0 4.4140625
300.0 4.453125
301.0 4.8125
302.0 4.3984375
303.0 4.578125
304.0 4.625
305.0 4.65625
306.0 2.515625
307.0 0.7890625
308.0 0.328125
309.0 0.5859375
310.0 2.234375
311.0 4.265625
312.0 3.7734375
313.0 1.1953125
314.0 6.171875
315.0 4.8359375
316.0 4.6953125
317.0 4.5625
318.0 4.59375
319.0 4.4765625
320.0 4.4140625
321.0 4.4765625
322.0 4.546875
323.0 4.796875
324.0 4.90625
325.0 4.65625
326.0 2.7109375
327.0 6.2890625
328.0 5.0234375
329.0 4.9453125
330.0 5.2734375
331.0 4.7578125
332.0 0.2578125
333.0 9.484375
334.0 4.7578125
335.0 4.6875
336.0 4.859375
337.0 4.75
338.0 4.7421875
339.0 4.5390625
340.0 4.5625
341.0 4.171875
342.0 4.484375
343.0 3.578125
344.0 2.7734375
345.0 4.3984375
346.0 4.421875
347.0 5.0390625
348.0 4.78125
349.0 1.140625
350.0 8.6875
351.0 5.546875
352.0 5.0546875
353.0 1.4921875
354.0 9.296875
355.0 4.7265625
356.0 4.53125
357.0 4.8359375
358.0 4.25
359.0 4.03125
360.0 4.46875
361.0 4.59375
362.0 5.25
363.0 5.1640625
364.0 5.25
365.0 3.109375
366.0 6.65625
367.0 5.5546875
368.0 5.5
369.0 5.015625
370.0 5.53125
371.0 5.703125
372.0 5.90625
373.0 5.5859375
374.0 2.1328125
375.0 8.0234375
376.0 5.2265625
377.0 5.5
378.0 5.640625
379.0 5.6640625
380.0 5.8203125
381.0 5.6953125
382.0 4.9765625
383.0 5.1015625
384.0 5.15625
385.0 5.5234375
386.0 5.8828125
387.0 5.75
388.0 5.9765625
389.0 5.9296875
390.0 5.53125
391.0 6.0
392.0 5.4296875
393.0 5.6484375
394.0 5.546875
395.0 5.578125
396.0 5.7109375
397.0 5.9765625
398.0 5.703125
399.0 5.3984375
400.0 5.4375
401.0 5.6328125
402.0 4.9765625
403.0 4.953125
404.0 5.5546875
405.0 4.984375
406.0 4.8984375
407.0 3.234375
408.0 3.3828125
409.0 2.5625
410.0 2.4921875
411.0 2.1484375
412.0 2.65625
413.0 3.0
414.0 2.59375
415.0 1.7734375
416.0 1.8984375
417.0 1.390625
418.0 0.0
419.0 6.1484375
420.0 2.8359375
421.0 1.28125
422.0 1.28125
423.0 3.40625
424.0 4.484375
425.0 2.28125
426.0 7.078125
427.0 4.296875
428.0 4.2421875
429.0 6.3671875
430.0 5.5234375
431.0 5.28125
432.0 5.4375
433.0 5.3515625
434.0 5.484375
435.0 4.0
436.0 4.46875
437.0 5.3203125
438.0 5.3359375
439.0 5.484375
440.0 5.21875
441.0 5.421875
442.0 4.9921875
443.0 5.40625
444.0 5.6953125
445.0 5.0234375
446.0 7.0625
447.0 6.390625
448.0 6.0234375
449.0 5.90625
450.0 5.6953125
451.0 5.8125
452.0 6.2890625
453.0 5.703125
454.0 4.9921875
455.0 6.3203125
456.0 5.8203125
457.0 5.6484375
458.0 6.296875
459.0 6.0
460.0 5.140625
461.0 5.234375
462.0 5.484375
463.0 5.9140625
464.0 6.09375
465.0 5.859375
466.0 6.3359375
467.0 4.8359375
468.0 0.0
469.0 7.984375
470.0 4.7421875
471.0 4.921875
472.0 4.4140625
473.0 5.1328125
474.0 4.984375
475.0 5.046875
476.0 1.859375
477.0 6.4453125
478.0 5.3671875
479.0 5.3359375
480.0 5.0546875
481.0 5.2265625
482.0 5.234375
483.0 5.6015625
484.0 5.609375
485.0 5.6328125
486.0 5.765625
487.0 5.0859375
488.0 4.7109375
489.0 4.03125
490.0 2.640625
491.0 2.8046875
492.0 3.578125
493.0 5.7265625
494.0 5.4921875
495.0 5.3984375
496.0 5.3046875
497.0 5.4296875
498.0 5.3203125
499.0 4.234375
500.0 0.0
501.0 8.265625
502.0 3.234375
503.0 5.890625
504.0 5.890625
505.0 5.546875
506.0 4.5625
507.0 5.5
508.0 5.671875
509.0 4.6953125
510.0 4.3203125
511.0 4.6796875
512.0 3.3984375
513.0 4.7109375
514.0 4.71875
515.0 4.984375
516.0 5.2265625
517.0 5.9765625
518.0 4.9296875
519.0 5.40625
520.0 5.15625
521.0 5.9765625
522.0 4.8359375
523.0 4.484375
524.0 4.71875
525.0 4.9765625
526.0 4.84375
527.0 4.0390625
528.0 3.0390625
529.0 2.4453125
530.0 1.984375
531.0 1.6484375
532.0 2.5625
533.0 4.125
534.0 5.3203125
535.0 6.359375
536.0 4.8046875
537.0 4.609375
538.0 5.546875
539.0 4.7265625
540.0 1.1640625
541.0 5.46875
542.0 4.1171875
543.0 5.40625
544.0 5.375
545.0 4.8671875
546.0 5.125
547.0 5.125
548.0 5.3125
549.0 5.0703125
550.0 4.6328125
551.0 0.46875
552.0 9.6953125
553.0 5.5546875
554.0 5.515625
555.0 5.0703125
556.0 3.953125
557.0 3.3984375
558.0 5.2734375
559.0 4.0703125
560.0 4.78125
561.0 2.65625
562.0 2.5390625
563.0 1.8203125
564.0 1.796875
565.0 3.203125
566.0 3.6171875
567.0 4.90625
568.0 4.9609375
569.0 5.1015625
570.0 4.546875
571.0 4.90625
572.0 4.3828125
573.0 4.515625
574.0 4.7109375
575.0 4.0859375
576.0 3.1171875
577.0 4.0625
578.0 4.515625
579.0 4.609375
580.0 4.25
581.0 2.953125
582.0 0.421875
583.0 5.8125
584.0 1.171875
585.0 1.5546875
586.0 2.6953125
587.0 5.046875
588.0 4.0390625
589.0 2.3046875
590.0 6.796875
591.0 3.9453125
592.0 3.65625
593.0 3.9375
594.0 5.109375
595.0 5.046875
596.0 5.2578125
597.0 4.6484375
598.0 4.21875
599.0 4.4453125
