0.0 6.4453125
1.0 3.6171875
2.0 10.46875
3.0 6.9921875
4.0 6.40625
5.0 7.046875
6.0 6.5
7.0 6.1796875
8.0 5.5234375
9.0 2.9921875
10.0 2.359375
11.0 2.65625
12.0 3.9375
13.0 5.9140625
14.0 6.2109375
15.0 3.203125
16.0 9.671875
17.0 6.828125
18.0 5.484375
19.0 3.3203125
20.0 8.5
21.0 7.2265625
22.0 6.796875
23.0 6.2421875
24.0 5.890625
25.0 5.671875
26.0 5.7109375
27.0 6.2890625
28.0 6.75
29.0 6.8359375
30.0 6.796875
31.0 6.78125
32.0 6.7734375
33.0 6.5625
34.0 4.21875
35.0 8.078125
36.0 5.3984375
37.0 5.4296875
38.0 4.5
39.0 0.8203125
40.0 7.6015625
41.0 6.515625
42.0 6.359375
43.0 3.8828125
44.0 5.4296875
45.0 6.0390625
46.0 6.4375
47.0 6.03125
48.0 6.234375
49.0 5.9140625
50.0 6.5078125
51.0 5.6328125
52.0 5.1328125
53.0 6.7421875
54.0 6.3203125
55.0 3.5625
56.0 5.15625
57.0 4.7265625
58.0 3.5859375
59.0 1.4765625
60.0 3.3984375
61.0 1.1640625
62.0 0.0
63.0 0.0
64.0 6.7734375
65.0 2.59375
66.0 3.1796875
67.0 3.3125
68.0 1.96875
69.0 0.0
70.0 8.0
71.0 1.765625
72.0 2.7109375
73.0 2.8125
74.0 2.1796875
75.0 1.953125
76.0 4.5703125
77.0 5.546875
78.0 3.4765625
79.0 4.125
80.0 7.09375
81.0 7.1328125
82.0 5.28125
83.0 7.46875
84.0 6.75
85.0 3.6953125
86.0 10.296875
87.0 6.890625
88.0 6.6171875
89.0 6.5390625
90.0 6.59375
91.0 4.453125
92.0 3.625
93.0 3.5625
94.0 2.7734375
95.0 5.5546875
96.0 5.9140625
97.0 7.1015625
98.0 7.1875
99.0 7.28125
100.0 6.9921875
101.0 3.53125
102.0 8.8203125
103.0 1.421875
104.0 2.625
105.0 2.875
106.0 5.8203125
107.0 3.9375
108.0 2.8984375
109.0 4.578125
110.0 6.625
111.0 6.703125
112.0 6.203125
113.0 6.3359375
114.0 6.6171875
115.0 3.328125
116.0 10.2578125
117.0 7.1015625
118.0 6.765625
119.0 7.078125
120.0 4.9609375
121.0 3.46875
122.0 1.8359375
123.0 4.7265625
124.0 6.7109375
125.0 5.3203125
126.0 4.5390625
127.0 5.7890625
128.0 4.84375
129.0 1.7578125
130.0 2.875
131.0 5.3359375
132.0 3.0390625
133.0 0.5859375
134.0 0.0
135.0 5.3828125
136.0 1.5234375
137.0 1.3515625
138.0 1.3125
139.0 2.5703125
140.0 4.0390625
141.0 3.234375
142.0 2.59375
143.0 2.1484375
144.0 5.1015625
145.0 4.46875
146.0 1.8671875
147.0 0.015625
148.0 0.0
149.0 9.1328125
150.0 2.21875
151.0 3.3984375
152.0 5.28125
153.0 2.9609375
154.0 3.5
155.0 4.9765625
156.0 5.421875
157.0 2.890625
158.0 7.3984375
159.0 6.3359375
160.0 6.6484375
161.0 5.6484375
162.0 4.4453125
163.0 4.9609375
164.0 5.6796875
165.0 3.203125
166.0 5.5859375
167.0 3.4609375
168.0 6.3515625
169.0 6.75
170.0 7.1796875
171.0 6.8984375
172.0 3.0390625
173.0 4.7421875
174.0 2.21875
175.0 2.71875
176.0 6.5546875
177.0 5.9453125
178.0 6.9609375
179.0 4.9921875
180.0 7.5546875
181.0 7.2578125
182.0 4.59375
183.0 3.21875
184.0 3.5625
185.0 2.65625
186.0 4.875
187.0 3.5859375
188.0 3.9921875
189.0 1.890625
190.0 5.453125
191.0 3.859375
192.0 3.9140625
193.0 1.7890625
194.0 5.5625
195.0 3.5859375
196.0 4.0625
197.0 3.921875
198.0 3.8828125
199.0 3.8515625
200.0 3.53125
201.0 3.578125
202.0 3.296875
203.0 3.46875
204.0 2.6640625
205.0 3.5234375
206.0 3.4765625
207.0 1.1171875
208.0 5.4921875
209.0 3.4765625
210.0 3.7734375
211.0 3.6171875
212.0 3.796875
213.0 3.5234375
214.0 0.4375
215.0 0.0
216.0 6.5546875
217.0 3.8203125
218.0 3.609375
219.0 2.921875
220.0 2.7734375
221.0 2.0
222.0 1.328125
223.0 2.671875
224.0 3.3671875
225.0 3.4140625
226.0 3.078125
227.0 3.546875
228.0 3.21875
229.0 0.703125
230.0 6.421875
231.0 3.4296875
232.0 3.265625
233.0 3.3984375
234.0 0.21875
235.0 7.140625
236.0 3.8046875
237.0 3.5
238.0 3.2578125
239.0 2.8359375
240.0 1.796875
241.0 2.296875
242.0 2.578125
243.0 1.859375
244.0 2.234375
245.0 2.1484375
246.0 2.34375
247.0 0.109375
248.0 6.0234375
249.0 3.0703125
250.0 3.6796875
251.0 2.2421875
252.0 2.28125
253.0 0.0
254.0 4.84375
255.0 1.8828125
256.0 2.0
257.0 4.1171875
258.0 3.234375
259.0 3.0234375
260.0 2.59375
261.0 2.8515625
262.0 2.671875
263.0 2.7734375
264.0 3.2265625
265.0 3.015625
266.0 0.78125
267.0 6.9140625
268.0 2.8203125
269.0 3.265625
270.0 3.90625
271.0 3.234375
272.0 2.3359375
273.0 0.0
274.0 6.265625
275.0 3.0234375
276.0 2.484375
277.0 2.4609375
278.0 2.7578125
279.0 2.09375
280.0 3.3125
281.0 2.1640625
282.0 1.1796875
283.0 2.4765625
284.0 2.609375
285.0 2.3359375
286.0 0.8984375
287.0 0.0
288.0 8.2109375
289.0 2.8984375
290.0 2.984375
291.0 2.484375
292.0 0.0
293.0 10.0859375
294.0 6.0859375
295.0 5.765625
296.0 5.375
297.0 5.578125
298.0 5.15625
299.0 4.78125
300.0 4.6484375
301.0 4.9453125
302.0 5.3203125
303.0 4.2109375
304.0 2.375
305.0 6.8828125
306.0 5.1328125
307.0 4.859375
308.0 4.0625
309.0 3.109375
310.0 2.0
311.0 5.9296875
312.0 5.3125
313.0 4.15625
314.0 4.5625
315.0 5.3671875
316.0 4.796875
317.0 4.6953125
318.0 5.15625
319.0 2.9609375
320.0 7.25
321.0 4.71875
322.0 4.7734375
323.0 4.953125
324.0 4.1171875
325.0 4.0078125
326.0 4.828125
327.0 4.9609375
328.0 4.875
329.0 5.2265625
330.0 5.3203125
331.0 5.0703125
332.0 4.7421875
333.0 1.5078125
334.0 5.0234375
335.0 2.7109375
336.0 3.2890625
337.0 2.03125
338.0 6.8359375
339.0 2.984375
340.0 2.625
341.0 3.4453125
342.0 4.265625
343.0 3.5625
344.0 3.6484375
345.0 4.296875
346.0 4.46875
347.0 3.734375
348.0 4.1171875
349.0 3.4609375
350.0 0.5546875
351.0 6.9921875
352.0 5.203125
353.0 4.9765625
354.0 5.078125
355.0 5.125
356.0 4.03125
357.0 5.0078125
358.0 4.921875
359.0 4.65625
360.0 5.125
361.0 5.1015625
362.0 4.9921875
363.0 0.3984375
364.0 9.9296875
365.0 5.8203125
366.0 4.90625
367.0 4.6484375
368.0 4.421875
369.0 5.0390625
370.0 4.9609375
371.0 4.9609375
372.0 4.546875
373.0 3.296875
374.0 2.640625
375.0 3.1171875
376.0 4.1484375
377.0 3.2578125
378.0 4.359375
379.0 4.3203125
380.0 1.8671875
381.0 6.5703125
382.0 2.0859375
383.0 1.34375
384.0 2.1171875
385.0 1.96875
386.0 0.765625
387.0 0.0
388.0 5.125
389.0 2.546875
390.0 1.7109375
391.0 2.015625
392.0 2.71875
393.0 1.2265625
394.0 0.4375
395.0 0.375
396.0 0.25
397.0 0.2734375
398.0 0.3671875
399.0 0.3046875
400.0 0.2734375
401.0 0.734375
402.0 0.359375
403.0 0.4609375
404.0 0.25
405.0 4.3046875
406.0 3.0546875
407.0 2.984375
408.0 2.84375
409.0 2.1953125
410.0 0.6875
411.0 0.84375
412.0 2.8359375
413.0 3.9765625
414.0 3.734375
415.0 3.1328125
416.0 1.4375
417.0 4.6484375
418.0 2.9921875
419.0 2.7421875
420.0 1.953125
421.0 2.3984375
422.0 2.1953125
423.0 0.34375
424.0 0.0
425.0 5.1640625
426.0 2.75
427.0 2.84375
428.0 2.4140625
429.0 1.2578125
430.0 0.8125
431.0 0.8515625
432.0 1.3828125
433.0 2.59375
434.0 1.8828125
435.0 1.9375
436.0 1.9140625
437.0 1.1640625
438.0 0.0
439.0 5.78125
440.0 2.515625
441.0 2.421875
442.0 1.234375
443.0 0.8515625
444.0 2.3125
445.0 1.8671875
446.0 1.046875
447.0 2.1796875
448.0 2.9296875
449.0 1.6171875
450.0 0.0703125
451.0 0.0
452.0 0.0078125
453.0 5.3515625
454.0 0.84375
455.0 0.578125
456.0 0.0
457.0 0.6875
458.0 1.7421875
459.0 1.734375
460.0 2.1171875
461.0 1.28125
462.0 1.9375
463.0 2.28125
464.0 2.2109375
465.0 0.6875
466.0 0.390625
467.0 0.109375
468.0 0.125
469.0 0.1953125
470.0 0.671875
471.0 0.0
472.0 0.0
473.0 5.75
474.0 2.453125
475.0 2.4765625
476.0 2.4609375
477.0 2.6875
478.0 2.2109375
479.0 2.1015625
480.0 3.0703125
481.0 1.96875
482.0 0.375
483.0 0.0
484.0 6.7109375
485.0 1.8828125
486.0 1.328125
487.0 0.9921875
488.0 1.0
489.0 0.5703125
490.0 0.71875
491.0 2.4609375
492.0 3.0234375
493.0 1.328125
494.0 0.2578125
495.0 4.546875
496.0 3.640625
497.0 3.1640625
498.0 1.0
499.0 5.3203125
500.0 3.1171875
501.0 3.1328125
502.0 2.484375
503.0 1.015625
504.0 1.5234375
505.0 3.015625
506.0 3.40625
507.0 0.75
508.0 0.9921875
509.0 1.890625
510.0 1.5
511.0 0.3359375
512.0 0.0
513.0 0.0
514.0 0.0
515.0 5.2265625
516.0 0.9609375
517.0 0.1796875
518.0 1.8828125
519.0 2.9921875
520.0 2.6953125
521.0 2.0390625
522.0 2.453125
523.0 2.296875
524.0 2.5390625
525.0 2.8125
526.0 2.78125
527.0 0.0
528.0 7.3203125
529.0 2.609375
530.0 2.5625
531.0 2.3125
532.0 0.0
533.0 4.859375
534.0 2.2421875
535.0 0.0
536.0 0.1796875
537.0 1.7890625
538.0 2.0
539.0 1.5703125
540.0 1.6796875
541.0 3.1953125
542.0 3.203125
543.0 2.28125
544.0 2.234375
545.0 3.21875
546.0 0.484375
547.0 5.375
548.0 3.1328125
549.0 3.171875
550.0 2.9609375
551.0 1.609375
552.0 0.0
553.0 0.0
554.0 0.3984375
555.0 4.890625
556.0 0.9375
557.0 2.0859375
558.0 2.65625
559.0 2.9296875
560.0 1.921875
561.0 1.6171875
562.0 2.296875
563.0 1.9453125
564.0 2.1796875
565.0 3.078125
566.0 1.671875
567.0 0.8046875
568.0 0.0
569.0 0.0
570.0 0.0
571.0 6.3515625
572.0 1.4921875
573.0 5.2890625
574.0 2.953125
575.0 2.7578125
576.0 2.8984375
577.0 2.7734375
578.0 0.9921875
579.0 0.9375
580.0 0.8359375
581.0 1.1640625
582.0 2.8125
583.0 2.265625
584.0 1.234375
585.0 1.4453125
586.0 5.109375
587.0 3.4609375
588.0 2.7578125
589.0 2.84375
590.0 2.78125
591.0 1.4765625
592.0 2.8125
593.0 4.0078125
594.0 2.75
595.0 3.4921875
596.0 3.9765625
597.0 3.1484375
598.0 3.53125
599.0 2.8984375
