0.0 3.2890625
1.0 3.2578125
2.0 3.265625
3.0 3.1640625
4.0 2.5078125
5.0 2.8984375
6.0 0.0
7.0 6.5703125
8.0 3.109375
9.0 3.4375
10.0 3.0703125
11.0 1.0625
12.0 4.9921875
13.0 3.171875
14.0 3.34375
15.0 2.640625
16.0 4.0703125
17.0 3.7578125
18.0 3.7734375
19.0 3.609375
20.0 3.4140625
21.0 3.1171875
22.0 3.3203125
23.0 3.4609375
24.0 3.21875
25.0 3.4375
26.0 3.4140625
27.0 3.4375
28.0 3.59375
29.0 3.4921875
30.0 3.28125
31.0 2.7734375
32.0 2.8203125
33.0 2.8671875
34.0 3.0390625
35.0 3.171875
36.0 3.046875
37.0 3.375
38.0 3.3125
39.0 3.171875
40.0 3.0546875
41.0 3.1015625
42.0 3.0546875
43.0 3.078125
44.0 3.296875
45.0 3.0234375
46.0 3.1328125
47.0 3.3203125
48.0 3.046875
49.0 3.234375
50.0 2.6953125
51.0 2.515625
52.0 2.0859375
53.0 0.0
54.0 6.46875
55.0 3.203125
56.0 3.40625
57.0 3.1328125
58.0 0.7578125
59.0 5.3671875
60.0 3.1796875
61.0 2.9921875
62.0 2.8515625
63.0 2.8125
64.0 3.0546875
65.0 2.8984375
66.0 2.6953125
67.0 3.5
68.0 3.3125
69.0 3.3125
70.0 3.0703125
71.0 2.609375
72.0 0.0
73.0 6.6171875
74.0 0.0
75.0 6.171875
76.0 3.1484375
77.0 3.1953125
78.0 3.0234375
79.0 3.1328125
80.0 3.21875
81.0 2.8984375
82.0 2.6328125
83.0 3.0390625
84.0 2.6328125
85.0 2.7890625
86.0 2.875
87.0 3.4453125
88.0 0.1796875
89.0 6.5
90.0 3.1953125
91.0 0.84375
92.0 5.890625
93.0 3.671875
94.0 3.328125
95.0 3.2265625
96.0 2.8203125
97.0 2.8984375
98.0 3.2890625
99.0 3.546875
100.0 3.5859375
101.0 3.7890625
102.0 3.4921875
103.0 3.140625
104.0 2.7890625
105.0 0.6953125
106.0 5.171875
107.0 3.5
108.0 3.546875
109.0 3.5546875
110.0 3.40625
111.0 2.8671875
112.0 0.65625
113.0 5.15625
114.0 3.546875
115.0 3.8046875
116.0 4.1015625
117.0 3.7578125
118.0 3.84375
119.0 1.53125
120.0 2.1796875
121.0 3.59375
122.0 3.7265625
123.0 3.828125
124.0 3.96875
125.0 3.9375
126.0 0.5703125
127.0 6.5703125
128.0 3.46875
129.0 3.4140625
130.0 2.90625
131.0 0.0
132.0 7.6171875
133.0 3.25
134.0 3.1484375
135.0 2.9296875
136.0 3.0
137.0 3.4296875
138.0 3.109375
139.0 2.953125
140.0 3.1328125
141.0 3.0859375
142.0 3.21875
143.0 3.4375
144.0 1.1640625
145.0 0.0
146.0 7.578125
147.0 2.9609375
148.0 3.0546875
149.0 0.2109375
150.0 6.234375
151.0 2.78125
152.0 3.3828125
153.0 3.6484375
154.0 3.0859375
155.0 3.546875
156.0 3.6953125
157.0 3.8203125
158.0 3.8203125
159.0 0.3359375
160.0 5.640625
161.0 2.9921875
162.0 2.9296875
163.0 2.890625
164.0 2.9296875
165.0 3.2265625
166.0 3.1640625
167.0 3.21875
168.0 3.046875
169.0 2.8671875
170.0 3.0859375
171.0 3.7109375
172.0 3.890625
173.0 0.2578125
174.0 7.515625
175.0 3.90625
176.0 3.1796875
177.0 3.5
178.0 1.671875
179.0 5.375
180.0 2.9609375
181.0 2.8203125
182.0 2.9375
183.0 3.0
184.0 3.0390625
185.0 2.8125
186.0 2.7109375
187.0 2.71875
188.0 2.84375
189.0 2.953125
190.0 2.7265625
191.0 1.015625
192.0 3.0390625
193.0 4.984375
194.0 3.515625
195.0 3.4921875
196.0 3.734375
197.0 3.4296875
198.0 3.46875
199.0 2.8515625
200.0 1.7421875
201.0 0.0
202.0 6.75
203.0 3.4375
204.0 3.46875
205.0 3.6953125
206.0 3.734375
207.0 3.2265625
208.0 2.8046875
209.0 2.375
210.0 0.0
211.0 5.609375
212.0 2.75
213.0 2.8046875
214.0 2.8203125
215.0 2.7734375
216.0 2.984375
217.0 2.640625
218.0 2.7421875
219.0 0.4609375
220.0 5.0234375
221.0 2.7109375
222.0 2.7578125
223.0 2.6640625
224.0 0.0
225.0 2.9609375
226.0 4.515625
227.0 2.8046875
228.0 2.9609375
229.0 3.25
230.0 3.40625
231.0 3.5234375
232.0 3.828125
233.0 3.7265625
234.0 3.578125
235.0 3.59375
236.0 3.4453125
237.0 0.78125
238.0 6.6796875
239.0 3.625
240.0 3.65625
241.0 3.34375
242.0 2.8125
243.0 0.0
244.0 5.578125
245.0 1.8515625
246.0 1.1171875
247.0 3.015625
248.0 2.953125
249.0 2.921875
250.0 2.921875
251.0 2.875
252.0 2.8125
253.0 2.6875
254.0 2.609375
255.0 2.25
256.0 2.578125
257.0 2.28125
258.0 0.0
259.0 5.890625
260.0 2.6953125
261.0 2.59375
262.0 2.671875
263.0 2.9921875
264.0 2.4296875
265.0 0.0
266.0 5.25
267.0 2.5390625
268.0 0.140625
269.0 2.4921875
270.0 2.9375
271.0 3.0390625
272.0 2.4453125
273.0 3.65625
274.0 3.109375
275.0 3.5
276.0 3.40625
277.0 3.3984375
278.0 3.40625
279.0 3.734375
280.0 3.640625
281.0 3.6171875
282.0 3.7578125
283.0 3.703125
284.0 3.4609375
285.0 3.25
286.0 3.1640625
287.0 3.4375
288.0 3.8828125
289.0 3.609375
290.0 3.5546875
291.0 3.265625
292.0 3.40625
293.0 3.1015625
294.0 3.28125
295.0 3.3671875
296.0 3.6953125
297.0 0.3984375
298.0 6.9296875
299.0 3.7109375
300.0 3.4375
301.0 2.921875
302.0 3.234375
303.0 3.25
304.0 3.375
305.0 3.4609375
306.0 3.84375
307.0 0.375
308.0 5.453125
309.0 1.5546875
310.0 1.65625
311.0 3.5625
312.0 3.7734375
313.0 3.546875
314.0 3.5859375
315.0 3.3125
316.0 3.40625
317.0 2.9921875
318.0 2.359375
319.0 2.546875
320.0 3.546875
321.0 1.53125
322.0 0.0
323.0 7.1796875
324.0 2.7265625
325.0 2.265625
326.0 0.0
327.0 5.90625
328.0 3.0
329.0 2.71875
330.0 2.671875
331.0 2.75
332.0 2.7578125
333.0 2.640625
334.0 2.75
335.0 2.65625
336.0 2.7265625
337.0 2.671875
338.0 2.453125
339.0 0.8359375
340.0 0.0
341.0 6.8125
342.0 2.8125
343.0 2.7578125
344.0 3.3125
345.0 3.3984375
346.0 2.890625
347.0 3.1171875
348.0 2.9921875
349.0 2.921875
350.0 2.234375
351.0 0.0
352.0 6.6328125
353.0 2.875
354.0 2.78125
355.0 2.84375
356.0 2.984375
357.0 2.7578125
358.0 2.390625
359.0 0.0
360.0 6.6484375
361.0 2.96875
362.0 2.875
363.0 3.0390625
364.0 3.4765625
365.0 0.4375
366.0 6.234375
367.0 3.171875
368.0 3.203125
369.0 2.7265625
370.0 3.046875
371.0 3.0234375
372.0 2.8046875
373.0 2.84375
374.0 2.8984375
375.0 2.8203125
376.0 2.890625
377.0 3.0390625
378.0 2.6015625
379.0 0.0
380.0 7.0078125
381.0 2.953125
382.0 3.0234375
383.0 3.109375
384.0 3.4140625
385.0 2.8125
386.0 0.0
387.0 6.3359375
388.0 3.0859375
389.0 2.921875
390.0 2.7734375
391.0 2.65625
392.0 2.2734375
393.0 2.09375
394.0 2.8046875
395.0 3.0703125
396.0 3.078125
397.0 3.25
398.0 3.1953125
399.0 0.0
400.0 6.859375
401.0 3.765625
402.0 3.7578125
403.0 3.625
404.0 1.5546875
405.0 0.0
406.0 6.3671875
407.0 2.90625
408.0 2.890625
409.0 3.296875
410.0 4.0234375
411.0 3.7421875
412.0 3.53125
413.0 3.7265625
414.0 3.875
415.0 3.46875
416.0 3.515625
417.0 3.3203125
418.0 2.5390625
419.0 0.0
420.0 7.78125
421.0 3.84375
422.0 3.921875
423.0 3.6171875
424.0 1.7109375
425.0 4.890625
426.0 2.953125
427.0 2.78125
428.0 2.3046875
429.0 3.1015625
430.0 3.3515625
431.0 3.1171875
432.0 3.4453125
433.0 3.46875
434.0 3.6796875
435.0 3.7421875
436.0 3.5625
437.0 2.4765625
438.0 0.1015625
439.0 8.2265625
440.0 3.40625
441.0 3.3125
442.0 3.578125
443.0 3.7109375
444.0 3.5546875
445.0 1.6875
446.0 5.7890625
447.0 1.4375
448.0 5.6171875
449.0 3.5234375
450.0 3.3671875
451.0 3.4296875
452.0 2.8515625
453.0 2.3046875
454.0 2.484375
455.0 2.7734375
456.0 3.171875
457.0 3.4921875
458.0 3.7265625
459.0 3.5234375
460.0 3.5546875
461.0 3.7578125
462.0 3.7890625
463.0 3.5859375
464.0 2.90625
465.0 1.953125
466.0 0.0
467.0 7.6328125
468.0 3.5625
469.0 3.84375
470.0 3.6484375
471.0 1.734375
472.0 0.25
473.0 8.0
474.0 3.28125
475.0 3.3984375
476.0 3.4921875
477.0 3.578125
478.0 3.4921875
479.0 3.5625
480.0 3.4609375
481.0 3.0859375
482.0 3.0703125
483.0 3.4140625
484.0 0.6015625
485.0 6.859375
486.0 2.9921875
487.0 3.59375
488.0 0.015625
489.0 7.1875
490.0 3.375
491.0 3.3125
492.0 3.4296875
493.0 3.5859375
494.0 3.40625
495.0 3.5859375
496.0 3.6484375
497.0 3.4765625
498.0 3.4765625
499.0 3.4609375
500.0 3.3125
501.0 2.75
502.0 0.0
503.0 7.9609375
504.0 0.71875
505.0 3.59375
506.0 3.640625
507.0 3.546875
508.0 3.7265625
509.0 3.7578125
510.0 3.578125
511.0 3.4765625
512.0 3.4609375
513.0 3.5546875
514.0 2.6875
515.0 0.0
516.0 5.765625
517.0 6.4765625
518.0 3.5625
519.0 3.5234375
520.0 0.0
521.0 7.734375
522.0 3.4765625
523.0 3.7421875
524.0 0.703125
525.0 6.078125
526.0 3.109375
527.0 3.2578125
528.0 3.578125
529.0 3.8203125
530.0 3.265625
531.0 3.265625
532.0 3.515625
533.0 3.9453125
534.0 3.9921875
535.0 3.9921875
536.0 4.0078125
537.0 3.875
538.0 0.375
539.0 6.890625
540.0 3.9140625
541.0 3.5546875
542.0 1.078125
543.0 6.7109375
544.0 4.09375
545.0 3.8203125
546.0 3.90625
547.0 3.90625
548.0 3.828125
549.0 3.7734375
550.0 3.4921875
551.0 3.7109375
552.0 3.6796875
553.0 3.7265625
554.0 3.5625
555.0 3.4453125
556.0 0.0
557.0 7.453125
558.0 3.609375
559.0 3.5625
560.0 3.7890625
561.0 3.7578125
562.0 1.703125
563.0 0.0
564.0 7.71875
565.0 0.8359375
566.0 3.828125
567.0 3.8203125
568.0 3.59375
569.0 3.3125
570.0 3.875
571.0 3.765625
572.0 3.84375
573.0 3.46875
574.0 3.5625
575.0 1.8984375
576.0 0.0
577.0 6.46875
578.0 3.0546875
579.0 3.671875
580.0 3.625
581.0 3.40625
582.0 1.8046875
583.0 5.3828125
584.0 3.734375
585.0 3.625
586.0 3.828125
587.0 0.4921875
588.0 6.5390625
589.0 3.3671875
590.0 3.65625
591.0 3.7734375
592.0 3.7109375
593.0 3.9140625
594.0 3.734375
595.0 3.4375
596.0 3.515625
597.0 0.875
598.0 6.234375
599.0 3.515625
