0.0 2.7890625
1.0 7.9296875
2.0 5.421875
3.0 5.3515625
4.0 5.1640625
5.0 5.0390625
6.0 4.984375
7.0 5.125
8.0 5.109375
9.0 4.875
10.0 5.1875
11.0 5.6328125
12.0 5.453125
13.0 2.4609375
14.0 8.828125
15.0 5.40625
16.0 5.609375
17.0 5.2734375
18.0 4.421875
19.0 6.4453125
20.0 5.2890625
21.0 5.34375
22.0 5.375
23.0 4.84375
24.0 5.0859375
25.0 5.21875
26.0 5.3828125
27.0 5.40625
28.0 5.3828125
29.0 5.4921875
30.0 5.5625
31.0 4.7265625
32.0 6.328125
33.0 5.7109375
34.0 5.9140625
35.0 5.609375
36.0 3.34375
37.0 7.9609375
38.0 5.4921875
39.0 5.6171875
40.0 5.609375
41.0 5.515625
42.0 5.3046875
43.0 5.421875
44.0 5.53125
45.0 5.3046875
46.0 5.5234375
47.0 5.640625
48.0 5.109375
49.0 5.6953125
50.0 5.578125
51.0 5.4296875
52.0 5.703125
53.0 5.640625
54.0 5.546875
55.0 2.875
56.0 7.765625
57.0 2.8125
58.0 7.71875
59.0 5.40625
60.0 5.34375
61.0 5.2265625
62.0 5.3203125
63.0 4.8671875
64.0 4.3828125
65.0 5.703125
66.0 5.7578125
67.0 5.5625
68.0 5.5546875
69.0 5.5625
70.0 5.3671875
71.0 2.515625
72.0 8.7109375
73.0 5.765625
74.0 5.4921875
75.0 5.9140625
76.0 6.2421875
77.0 6.03125
78.0 5.84375
79.0 5.5
80.0 5.5859375
81.0 5.5
82.0 5.453125
83.0 5.46875
84.0 5.4609375
85.0 5.6484375
86.0 5.5234375
87.0 3.1328125
88.0 8.296875
89.0 5.609375
90.0 5.015625
91.0 5.25
92.0 5.5546875
93.0 5.3984375
94.0 5.3203125
95.0 5.6953125
96.0 5.6484375
97.0 5.609375
98.0 5.5859375
99.0 5.1953125
100.0 0.9296875
101.0 10.3125
102.0 5.6171875
103.0 5.765625
104.0 5.875
105.0 5.6328125
106.0 3.7890625
107.0 7.5546875
108.0 5.7265625
109.0 5.609375
110.0 5.6171875
111.0 5.609375
112.0 5.3046875
113.0 5.421875
114.0 5.515625
115.0 5.203125
116.0 5.6953125
117.0 5.53125
118.0 5.234375
119.0 5.2734375
120.0 5.46875
121.0 5.421875
122.0 5.7578125
123.0 5.578125
124.0 5.9140625
125.0 5.4296875
126.0 5.3125
127.0 5.6171875
128.0 6.125
129.0 6.234375
130.0 5.078125
131.0 5.078125
132.0 4.9765625
133.0 4.296875
134.0 4.8359375
135.0 5.203125
136.0 5.578125
137.0 5.6953125
138.0 0.640625
139.0 10.3984375
140.0 5.5
141.0 5.5234375
142.0 5.421875
143.0 0.8359375
144.0 9.515625
145.0 5.2890625
146.0 5.34375
147.0 5.3828125
148.0 4.984375
149.0 5.3515625
150.0 5.3671875
151.0 5.4375
152.0 5.5546875
153.0 5.5
154.0 5.2578125
155.0 2.96875
156.0 7.8125
157.0 5.3828125
158.0 5.1953125
159.0 4.9921875
160.0 4.9609375
161.0 4.953125
162.0 1.7109375
163.0 6.7109375
164.0 1.2265625
165.0 2.640625
166.0 7.6015625
167.0 5.5546875
168.0 5.5625
169.0 2.96875
170.0 8.015625
171.0 5.34375
172.0 5.2265625
173.0 5.46875
174.0 5.3125
175.0 5.2578125
176.0 5.3828125
177.0 5.15625
178.0 5.2890625
179.0 5.34375
180.0 5.25
181.0 5.6640625
182.0 5.640625
183.0 4.09375
184.0 6.8671875
185.0 2.8671875
186.0 7.4921875
187.0 5.171875
188.0 5.234375
189.0 5.28125
190.0 5.125
191.0 5.203125
192.0 5.46875
193.0 5.5546875
194.0 5.453125
195.0 5.3359375
196.0 5.5234375
197.0 5.578125
198.0 5.3125
199.0 1.9765625
200.0 8.8359375
201.0 5.5546875
202.0 5.640625
203.0 5.4375
204.0 5.671875
205.0 5.703125
206.0 5.7265625
207.0 2.984375
208.0 8.203125
209.0 5.6484375
210.0 5.6484375
211.0 5.609375
212.0 5.8828125
213.0 5.796875
214.0 5.484375
215.0 5.734375
216.0 5.828125
217.0 5.2265625
218.0 5.3359375
219.0 5.3359375
220.0 5.5
221.0 3.875
222.0 7.078125
223.0 4.515625
224.0 1.3515625
225.0 9.0390625
226.0 5.6640625
227.0 5.484375
228.0 5.6953125
229.0 5.8203125
230.0 5.46875
231.0 5.4921875
232.0 5.8125
233.0 5.4609375
234.0 5.484375
235.0 5.46875
236.0 4.6328125
237.0 6.421875
238.0 5.734375
239.0 4.21875
240.0 4.328125
241.0 4.7265625
242.0 5.4296875
243.0 5.3984375
244.0 5.34375
245.0 5.3515625
246.0 5.140625
247.0 2.4453125
248.0 7.8828125
249.0 4.9921875
250.0 4.625
251.0 4.9453125
252.0 5.078125
253.0 4.78125
254.0 2.7890625
255.0 8.2109375
256.0 5.9296875
257.0 5.4921875
258.0 5.3671875
259.0 5.4921875
260.0 5.46875
261.0 5.046875
262.0 5.1640625
263.0 5.5546875
264.0 5.3359375
265.0 5.2578125
266.0 5.375
267.0 5.0390625
268.0 5.1953125
269.0 5.1015625
270.0 4.890625
271.0 4.90625
272.0 1.234375
273.0 6.3828125
274.0 6.328125
275.0 4.921875
276.0 5.2734375
277.0 5.2265625
278.0 5.3828125
279.0 5.203125
280.0 4.7421875
281.0 4.9765625
282.0 4.828125
283.0 5.203125
284.0 5.2734375
285.0 5.484375
286.0 5.4609375
287.0 3.796875
288.0 7.578125
289.0 5.5
290.0 6.0234375
291.0 3.5234375
292.0 9.1796875
293.0 5.9609375
294.0 5.8515625
295.0 5.6484375
296.0 5.4296875
297.0 5.34375
298.0 5.421875
299.0 3.0
300.0 7.8828125
301.0 5.2265625
302.0 5.4296875
303.0 5.6484375
304.0 5.3515625
305.0 5.3203125
306.0 5.7578125
307.0 5.5859375
308.0 5.75
309.0 5.875
310.0 6.4453125
311.0 6.4375
312.0 5.3203125
313.0 6.3359375
314.0 6.0390625
315.0 5.6015625
316.0 5.828125
317.0 4.4765625
318.0 6.5859375
319.0 5.4375
320.0 5.34375
321.0 5.234375
322.0 6.125
323.0 5.84375
324.0 5.7578125
325.0 6.0
326.0 6.296875
327.0 6.15625
328.0 6.078125
329.0 6.140625
330.0 4.4140625
331.0 6.8359375
332.0 5.5234375
333.0 5.1640625
334.0 5.578125
335.0 3.0390625
336.0 8.4921875
337.0 5.609375
338.0 5.796875
339.0 5.8203125
340.0 6.109375
341.0 6.0234375
342.0 5.8828125
343.0 5.2578125
344.0 5.015625
345.0 5.484375
346.0 5.671875
347.0 6.0625
348.0 6.4375
349.0 6.4140625
350.0 6.0234375
351.0 5.9609375
352.0 6.1171875
353.0 5.78125
354.0 5.8515625
355.0 6.09375
356.0 1.9375
357.0 10.3671875
358.0 6.09375
359.0 6.078125
360.0 6.3515625
361.0 6.0625
362.0 6.15625
363.0 5.9453125
364.0 6.3203125
365.0 6.125
366.0 6.0234375
367.0 5.0234375
368.0 2.8359375
369.0 8.625
370.0 4.484375
371.0 4.9921875
372.0 5.828125
373.0 4.8125
374.0 4.6015625
375.0 5.796875
376.0 5.9609375
377.0 6.2421875
378.0 6.0234375
379.0 4.0546875
380.0 5.796875
381.0 5.9296875
382.0 5.96875
383.0 6.234375
384.0 4.6015625
385.0 7.1015625
386.0 6.1171875
387.0 5.8515625
388.0 5.4609375
389.0 4.1328125
390.0 4.421875
391.0 5.3046875
392.0 4.359375
393.0 4.65625
394.0 5.28125
395.0 2.9921875
396.0 7.6328125
397.0 5.421875
398.0 5.6171875
399.0 5.4921875
400.0 5.546875
401.0 5.375
402.0 5.4609375
403.0 5.6796875
404.0 5.4609375
405.0 5.3984375
406.0 5.2265625
407.0 2.6953125
408.0 7.453125
409.0 5.578125
410.0 5.1953125
411.0 5.875
412.0 5.6328125
413.0 5.859375
414.0 5.875
415.0 6.359375
416.0 5.703125
417.0 5.6484375
418.0 5.34375
419.0 5.765625
420.0 5.6953125
421.0 5.375
422.0 5.0078125
423.0 0.4921875
424.0 10.1484375
425.0 5.53125
426.0 5.3359375
427.0 4.890625
428.0 5.9296875
429.0 5.125
430.0 4.890625
431.0 4.5390625
432.0 5.0390625
433.0 5.421875
434.0 5.1640625
435.0 5.5625
436.0 5.484375
437.0 5.3984375
438.0 5.5234375
439.0 5.28125
440.0 5.484375
441.0 0.5234375
442.0 10.3671875
443.0 4.5703125
444.0 2.0
445.0 6.328125
446.0 5.3125
447.0 5.53125
448.0 5.4921875
449.0 5.3046875
450.0 5.46875
451.0 5.3046875
452.0 5.2265625
453.0 5.25
454.0 5.3203125
455.0 5.203125
456.0 5.2265625
457.0 1.640625
458.0 10.4609375
459.0 5.875
460.0 5.6328125
461.0 5.5859375
462.0 5.515625
463.0 5.3984375
464.0 5.4375
465.0 5.3203125
466.0 5.3203125
467.0 5.234375
468.0 5.421875
469.0 5.46875
470.0 5.1875
471.0 5.2890625
472.0 4.9765625
473.0 5.171875
474.0 5.5625
475.0 5.3828125
476.0 2.15625
477.0 8.4140625
478.0 5.421875
479.0 5.0703125
480.0 2.625
481.0 7.78125
482.0 4.71875
483.0 4.90625
484.0 5.671875
485.0 5.9453125
486.0 5.34375
487.0 5.578125
488.0 5.25
489.0 5.078125
490.0 4.8359375
491.0 5.140625
492.0 4.5
493.0 1.7578125
494.0 8.2265625
495.0 2.6640625
496.0 7.09375
497.0 5.3125
498.0 5.4375
499.0 5.140625
500.0 5.0703125
501.0 4.9609375
502.0 5.2265625
503.0 2.7109375
504.0 7.3203125
505.0 5.40625
506.0 5.421875
507.0 5.6171875
508.0 5.2890625
509.0 5.3203125
510.0 5.828125
511.0 5.578125
512.0 5.890625
513.0 2.7578125
514.0 7.5390625
515.0 6.0859375
516.0 6.109375
517.0 5.8828125
518.0 6.109375
519.0 6.2109375
520.0 6.3203125
521.0 6.078125
522.0 6.1171875
523.0 6.4140625
524.0 6.1171875
525.0 6.109375
526.0 5.9140625
527.0 5.5546875
528.0 5.3515625
529.0 5.28125
530.0 5.3515625
531.0 5.2890625
532.0 5.3984375
533.0 5.3828125
534.0 5.3984375
535.0 5.3046875
536.0 4.28125
537.0 4.5
538.0 7.9453125
539.0 5.6328125
540.0 5.671875
541.0 5.46875
542.0 2.265625
543.0 8.8828125
544.0 5.40625
545.0 5.5
546.0 5.375
547.0 5.3984375
548.0 5.3828125
549.0 5.421875
550.0 5.6015625
551.0 4.9765625
552.0 5.2265625
553.0 5.46875
554.0 5.421875
555.0 5.3515625
556.0 5.4609375
557.0 5.4609375
558.0 5.4609375
559.0 5.421875
560.0 5.453125
561.0 5.40625
562.0 5.4921875
563.0 5.5546875
564.0 5.4375
565.0 3.203125
566.0 7.7890625
567.0 5.4296875
568.0 5.28125
569.0 5.4609375
570.0 5.2578125
571.0 3.5625
572.0 6.9609375
573.0 5.375
574.0 5.6328125
575.0 5.765625
576.0 5.609375
577.0 5.484375
578.0 5.5
579.0 5.703125
580.0 5.421875
581.0 5.75
582.0 5.453125
583.0 5.6015625
584.0 2.015625
585.0 9.4609375
586.0 4.5390625
587.0 6.4453125
588.0 5.34375
589.0 5.4609375
590.0 5.5859375
591.0 5.7265625
592.0 5.6484375
593.0 5.3984375
594.0 5.2734375
595.0 5.6015625
596.0 5.546875
597.0 5.4921875
598.0 5.546875
599.0 5.53125
