0.0 5.5859375
1.0 5.9375
2.0 5.734375
3.0 5.9453125
4.0 5.890625
5.0 5.7578125
6.0 5.6484375
7.0 5.6796875
8.0 5.671875
9.0 5.890625
10.0 5.671875
11.0 5.8203125
12.0 5.703125
13.0 5.8515625
14.0 0.9375
15.0 10.546875
16.0 5.7578125
17.0 5.828125
18.0 6.0078125
19.0 5.5546875
20.0 3.875
21.0 7.9296875
22.0 5.8125
23.0 5.8203125
24.0 5.890625
25.0 5.8125
26.0 5.796875
27.0 5.84375
28.0 6.1484375
29.0 5.640625
30.0 6.0234375
31.0 6.203125
32.0 5.9140625
33.0 6.0625
34.0 5.828125
35.0 5.7265625
36.0 5.9375
37.0 5.9921875
38.0 5.9609375
39.0 5.8203125
40.0 5.6953125
41.0 5.9296875
42.0 5.8203125
43.0 6.078125
44.0 5.6484375
45.0 5.828125
46.0 5.7890625
47.0 6.09375
48.0 5.9921875
49.0 5.7578125
50.0 5.7578125
51.0 5.8828125
52.0 5.796875
53.0 5.890625
54.0 5.875
55.0 5.859375
56.0 5.671875
57.0 6.03125
58.0 5.9609375
59.0 6.0234375
60.0 4.28125
61.0 7.03125
62.0 6.0390625
63.0 5.671875
64.0 3.84375
65.0 8.0625
66.0 5.6015625
67.0 5.6796875
68.0 5.828125
69.0 5.90625
70.0 5.84375
71.0 5.7890625
72.0 5.9609375
73.0 6.0625
74.0 6.0
75.0 5.9296875
76.0 5.6953125
77.0 5.3671875
78.0 6.484375
79.0 5.75
80.0 5.9609375
81.0 6.1171875
82.0 6.09375
83.0 5.640625
84.0 6.125
85.0 5.828125
86.0 5.9765625
87.0 6.2109375
88.0 5.9765625
89.0 6.078125
90.0 5.6796875
91.0 5.828125
92.0 6.09375
93.0 5.78125
94.0 6.2109375
95.0 5.96875
96.0 3.1328125
97.0 8.421875
98.0 5.875
99.0 5.75
100.0 5.8828125
101.0 5.9375
102.0 5.7265625
103.0 1.0625
104.0 10.3125
105.0 5.9140625
106.0 5.8203125
107.0 5.890625
108.0 6.0078125
109.0 5.7578125
110.0 6.09375
111.0 5.7265625
112.0 5.7109375
113.0 5.7109375
114.0 5.796875
115.0 4.0
116.0 7.4609375
117.0 5.7578125
118.0 5.6171875
119.0 5.9375
120.0 5.6640625
121.0 5.703125
122.0 1.390625
123.0 10.5234375
124.0 5.734375
125.0 5.78125
126.0 5.7578125
127.0 5.7890625
128.0 5.9609375
129.0 5.8203125
130.0 5.8515625
131.0 6.0
132.0 5.9375
133.0 5.734375
134.0 5.78125
135.0 4.7265625
136.0 7.09375
137.0 5.75
138.0 5.828125
139.0 5.9609375
140.0 5.203125
141.0 6.5078125
142.0 5.765625
143.0 5.703125
144.0 5.484375
145.0 5.1640625
146.0 5.4921875
147.0 5.765625
148.0 5.8203125
149.0 5.875
150.0 5.84375
151.0 5.5234375
152.0 5.578125
153.0 5.859375
154.0 5.8125
155.0 5.8515625
156.0 6.03125
157.0 5.8515625
158.0 5.90625
159.0 6.03125
160.0 5.84375
161.0 5.9296875
162.0 5.609375
163.0 5.796875
164.0 3.65625
165.0 7.90625
166.0 5.703125
167.0 5.8125
168.0 6.140625
169.0 5.3046875
170.0 6.453125
171.0 6.0
172.0 5.796875
173.0 6.078125
174.0 6.0859375
175.0 5.828125
176.0 6.0546875
177.0 5.96875
178.0 5.765625
179.0 6.0625
180.0 5.7265625
181.0 5.9609375
182.0 5.875
183.0 5.765625
184.0 5.875
185.0 6.0859375
186.0 6.0
187.0 5.9765625
188.0 6.1484375
189.0 5.8203125
190.0 6.09375
191.0 5.78125
192.0 5.9140625
193.0 5.8125
194.0 5.9140625
195.0 6.171875
196.0 5.78125
197.0 5.8828125
198.0 6.0234375
199.0 5.84375
200.0 5.7265625
201.0 5.84375
202.0 5.5234375
203.0 6.5078125
204.0 2.421875
205.0 9.359375
206.0 5.703125
207.0 5.890625
208.0 5.78125
209.0 5.7109375
210.0 5.703125
211.0 5.9921875
212.0 5.828125
213.0 5.875
214.0 5.9921875
215.0 5.7890625
216.0 6.0078125
217.0 5.859375
218.0 5.8515625
219.0 6.0
220.0 5.78125
221.0 5.9453125
222.0 5.9296875
223.0 2.6015625
224.0 9.03125
225.0 5.7578125
226.0 5.859375
227.0 5.6015625
228.0 5.6015625
229.0 5.7265625
230.0 5.8828125
231.0 6.0
232.0 5.6640625
233.0 5.828125
234.0 5.796875
235.0 5.6484375
236.0 4.625
237.0 7.2578125
238.0 5.9375
239.0 6.09375
240.0 6.078125
241.0 2.2109375
242.0 9.7890625
243.0 6.09375
244.0 2.546875
245.0 9.21875
246.0 6.1484375
247.0 5.9296875
248.0 6.15625
249.0 5.9921875
250.0 5.96875
251.0 6.0078125
252.0 5.96875
253.0 5.6953125
254.0 5.84375
255.0 6.0625
256.0 5.9765625
257.0 5.84375
258.0 3.9921875
259.0 7.8359375
260.0 5.828125
261.0 6.0390625
262.0 6.0546875
263.0 5.6171875
264.0 6.2578125
265.0 5.9765625
266.0 6.0546875
267.0 6.09375
268.0 5.859375
269.0 6.0
270.0 5.9140625
271.0 5.9375
272.0 6.0
273.0 5.875
274.0 6.2265625
275.0 5.9765625
276.0 5.9375
277.0 2.25
278.0 9.9375
279.0 6.125
280.0 5.8125
281.0 6.0234375
282.0 6.15625
283.0 6.3671875
284.0 6.171875
285.0 6.2265625
286.0 5.9296875
287.0 5.9375
288.0 6.1171875
289.0 5.8515625
290.0 6.2890625
291.0 5.8828125
292.0 6.171875
293.0 6.078125
294.0 5.7265625
295.0 5.8125
296.0 6.0234375
297.0 6.078125
298.0 6.0
299.0 5.96875
300.0 6.09375
301.0 6.0390625
302.0 6.0
303.0 5.9140625
304.0 5.84375
305.0 6.1484375
306.0 6.0546875
307.0 5.875
308.0 5.9453125
309.0 5.9453125
310.0 5.9765625
311.0 5.6953125
312.0 5.9140625
313.0 6.0859375
314.0 5.9375
315.0 5.8828125
316.0 5.859375
317.0 5.9375
318.0 5.9140625
319.0 5.9921875
320.0 6.171875
321.0 6.0
322.0 6.03125
323.0 5.859375
324.0 5.9453125
325.0 6.0625
326.0 6.078125
327.0 5.9765625
328.0 4.171875
329.0 8.03125
330.0 5.84375
331.0 5.9375
332.0 5.84375
333.0 6.03125
334.0 5.9765625
335.0 5.828125
336.0 5.9609375
337.0 6.109375
338.0 6.0625
339.0 5.109375
340.0 6.765625
341.0 5.6796875
342.0 6.078125
343.0 6.0234375
344.0 5.9453125
345.0 6.09375
346.0 5.9453125
347.0 6.0859375
348.0 5.84375
349.0 5.9765625
350.0 6.0390625
351.0 6.140625
352.0 5.734375
353.0 1.796875
354.0 10.3984375
355.0 5.8515625
356.0 5.9453125
357.0 5.9296875
358.0 5.9296875
359.0 5.9140625
360.0 5.8828125
361.0 5.6953125
362.0 5.9921875
363.0 6.0859375
364.0 5.828125
365.0 5.6640625
366.0 5.8125
367.0 5.578125
368.0 5.8515625
369.0 4.859375
370.0 6.9296875
371.0 6.1171875
372.0 6.0
373.0 5.9609375
374.0 5.8515625
375.0 5.75
376.0 5.7109375
377.0 5.5859375
378.0 5.890625
379.0 5.8515625
380.0 5.765625
381.0 6.0234375
382.0 5.9375
383.0 4.1484375
384.0 7.15625
385.0 5.8203125
386.0 5.4921875
387.0 6.296875
388.0 5.7890625
389.0 5.8125
390.0 5.828125
391.0 6.0234375
392.0 5.9375
393.0 6.0
394.0 6.0625
395.0 6.0859375
396.0 5.765625
397.0 5.4921875
398.0 5.9765625
399.0 5.8828125
400.0 3.890625
401.0 7.1953125
402.0 5.8515625
403.0 6.0
404.0 5.90625
405.0 2.5234375
406.0 9.484375
407.0 6.0
408.0 6.0546875
409.0 5.8203125
410.0 5.7265625
411.0 5.9765625
412.0 5.9921875
413.0 6.0859375
414.0 5.796875
415.0 5.9296875
416.0 5.8125
417.0 5.84375
418.0 4.203125
419.0 7.3125
420.0 5.890625
421.0 5.9765625
422.0 6.125
423.0 5.5546875
424.0 1.03125
425.0 10.625
426.0 5.90625
427.0 5.9453125
428.0 6.203125
429.0 6.1796875
430.0 5.875
431.0 5.8203125
432.0 5.96875
433.0 5.9921875
434.0 5.890625
435.0 5.8828125
436.0 5.765625
437.0 1.1953125
438.0 10.6171875
439.0 6.0625
440.0 6.390625
441.0 5.9609375
442.0 3.0546875
443.0 9.5078125
444.0 5.9375
445.0 5.671875
446.0 5.75
447.0 5.6171875
448.0 3.921875
449.0 7.84375
450.0 6.125
451.0 6.1484375
452.0 5.9921875
453.0 6.2109375
454.0 5.8828125
455.0 6.078125
456.0 6.140625
457.0 6.0234375
458.0 6.0546875
459.0 5.90625
460.0 5.734375
461.0 5.890625
462.0 6.171875
463.0 5.78125
464.0 5.890625
465.0 5.8125
466.0 5.7109375
467.0 5.21875
468.0 6.828125
469.0 6.0546875
470.0 5.875
471.0 6.0234375
472.0 5.84375
473.0 5.9921875
474.0 6.0546875
475.0 6.0
476.0 5.8125
477.0 5.9609375
478.0 5.8828125
479.0 6.078125
480.0 4.125
481.0 7.703125
482.0 5.9453125
483.0 5.90625
484.0 5.84375
485.0 5.890625
486.0 2.65625
487.0 9.4453125
488.0 5.6953125
489.0 6.078125
490.0 6.0625
491.0 6.171875
492.0 5.9296875
493.0 5.96875
494.0 6.140625
495.0 5.9140625
496.0 6.09375
497.0 6.0546875
498.0 5.9140625
499.0 6.0390625
500.0 6.0234375
501.0 6.0234375
502.0 5.9453125
503.0 5.9765625
504.0 5.84375
505.0 6.171875
506.0 6.1171875
507.0 5.9765625
508.0 6.0859375
509.0 5.84375
510.0 6.3046875
511.0 6.0234375
512.0 5.9765625
513.0 5.8828125
514.0 6.0234375
515.0 1.40625
516.0 10.4140625
517.0 5.765625
518.0 6.0234375
519.0 5.8203125
520.0 6.078125
521.0 5.9140625
522.0 5.859375
523.0 5.9609375
524.0 6.0
525.0 5.96875
526.0 5.9375
527.0 6.1171875
528.0 2.421875
529.0 9.421875
530.0 6.09375
531.0 6.3671875
532.0 6.1484375
533.0 5.40625
534.0 6.203125
535.0 5.96875
536.0 5.828125
537.0 5.9296875
538.0 6.0
539.0 5.8828125
540.0 5.9453125
541.0 5.828125
542.0 5.90625
543.0 5.875
544.0 5.609375
545.0 6.03125
546.0 5.859375
547.0 5.9140625
548.0 6.0546875
549.0 5.96875
550.0 6.2421875
551.0 5.8125
552.0 5.828125
553.0 5.78125
554.0 5.8203125
555.0 5.78125
556.0 5.796875
557.0 6.0625
558.0 1.3515625
559.0 10.5234375
560.0 5.90625
561.0 5.7265625
562.0 6.0078125
563.0 0.96875
564.0 10.609375
565.0 5.828125
566.0 5.9453125
567.0 5.8203125
568.0 6.0546875
569.0 5.796875
570.0 5.5234375
571.0 5.8515625
572.0 6.0546875
573.0 5.7890625
574.0 5.9375
575.0 5.8828125
576.0 2.578125
577.0 9.2109375
578.0 6.0234375
579.0 6.203125
580.0 6.03125
581.0 2.890625
582.0 8.890625
583.0 5.90625
584.0 6.125
585.0 6.0078125
586.0 5.9921875
587.0 5.9921875
588.0 5.9140625
589.0 5.9921875
590.0 5.8828125
591.0 5.828125
592.0 5.578125
593.0 6.203125
594.0 5.4296875
595.0 6.3203125
596.0 5.90625
597.0 5.8828125
598.0 6.2890625
599.0 5.40625
