0.0 4.4453125
1.0 4.6484375
2.0 1.03125
3.0 0.84375
4.0 1.2421875
5.0 4.0859375
6.0 6.2265625
7.0 5.7578125
8.0 6.2890625
9.0 5.7578125
10.0 2.9375
11.0 3.8515625
12.0 1.53125
13.0 1.0859375
14.0 4.484375
15.0 4.28125
16.0 5.4609375
17.0 4.7578125
18.0 3.40625
19.0 4.0546875
20.0 6.234375
21.0 6.6171875
22.0 6.984375
23.0 6.1875
24.0 4.3046875
25.0 4.953125
26.0 4.453125
27.0 0.09375
28.0 5.7578125
29.0 4.359375
30.0 3.4453125
31.0 2.9375
32.0 2.015625
33.0 0.0
34.0 8.34375
35.0 4.890625
36.0 5.015625
37.0 4.6328125
38.0 4.796875
39.0 4.359375
40.0 3.5546875
41.0 3.328125
42.0 2.90625
43.0 4.1484375
44.0 3.4375
45.0 2.234375
46.0 5.2890625
47.0 2.7890625
48.0 2.390625
49.0 1.8984375
50.0 2.8515625
51.0 2.0078125
52.0 0.0
53.0 5.875
54.0 3.1171875
55.0 4.1484375
56.0 4.203125
57.0 2.84375
58.0 4.4296875
59.0 4.9609375
60.0 5.1328125
61.0 4.9921875
62.0 5.6015625
63.0 5.5234375
64.0 2.609375
65.0 1.71875
66.0 4.8671875
67.0 2.8515625
68.0 2.8984375
69.0 3.5234375
70.0 5.015625
71.0 1.375
72.0 6.5546875
73.0 4.8984375
74.0 3.7890625
75.0 2.6015625
76.0 2.78125
77.0 1.796875
78.0 2.1875
79.0 2.390625
80.0 0.984375
81.0 0.8125
82.0 1.7421875
83.0 4.421875
84.0 4.8046875
85.0 2.6640625
86.0 7.34375
87.0 3.0703125
88.0 3.0703125
89.0 5.078125
90.0 5.484375
91.0 2.8984375
92.0 0.0
93.0 8.46875
94.0 5.234375
95.0 4.3671875
96.0 4.875
97.0 6.359375
98.0 6.703125
99.0 5.765625
100.0 5.2265625
101.0 6.5390625
102.0 5.640625
103.0 3.4375
104.0 0.015625
105.0 7.3984375
106.0 4.28125
107.0 4.421875
108.0 5.6640625
109.0 5.5625
110.0 5.25
111.0 4.90625
112.0 5.9453125
113.0 5.4375
114.0 4.03125
115.0 6.078125
116.0 5.421875
117.0 5.78125
118.0 5.2265625
119.0 3.546875
120.0 1.671875
121.0 9.3984375
122.0 6.265625
123.0 6.3671875
124.0 6.5625
125.0 6.2734375
126.0 4.90625
127.0 5.890625
128.0 5.671875
129.0 6.2421875
130.0 6.7421875
131.0 5.7578125
132.0 6.3828125
133.0 1.765625
134.0 6.859375
135.0 1.953125
136.0 5.8828125
137.0 4.84375
138.0 4.28125
139.0 4.84375
140.0 0.9375
141.0 0.0
142.0 5.5625
143.0 0.640625
144.0 1.9453125
145.0 2.7734375
146.0 4.3359375
147.0 3.65625
148.0 3.7890625
149.0 2.3046875
150.0 0.40625
151.0 0.0
152.0 0.0
153.0 5.6171875
154.0 2.9296875
155.0 3.828125
156.0 6.140625
157.0 5.9453125
158.0 3.765625
159.0 3.765625
160.0 5.21875
161.0 3.96875
162.0 0.734375
163.0 1.7578125
164.0 1.9140625
165.0 4.6796875
166.0 6.359375
167.0 2.1171875
168.0 8.828125
169.0 3.234375
170.0 6.5625
171.0 5.796875
172.0 6.0625
173.0 6.5390625
174.0 2.484375
175.0 0.9296875
176.0 0.8046875
177.0 2.296875
178.0 5.2578125
179.0 4.9921875
180.0 1.8203125
181.0 2.96875
182.0 1.46875
183.0 5.5625
184.0 3.046875
185.0 3.3984375
186.0 3.1484375
187.0 1.0625
188.0 0.0
189.0 6.4453125
190.0 2.2734375
191.0 4.03125
192.0 4.6015625
193.0 5.4296875
194.0 4.984375
195.0 4.9296875
196.0 4.7265625
197.0 0.6015625
198.0 9.9921875
199.0 5.015625
200.0 4.953125
201.0 2.8125
202.0 0.125
203.0 8.4375
204.0 4.171875
205.0 3.515625
206.0 5.0703125
207.0 5.6796875
208.0 5.7578125
209.0 5.375
210.0 5.9765625
211.0 5.0390625
212.0 5.078125
213.0 5.609375
214.0 5.7109375
215.0 1.1484375
216.0 9.3125
217.0 4.3828125
218.0 2.4140625
219.0 7.9296875
220.0 5.640625
221.0 5.515625
222.0 5.7265625
223.0 4.09375
224.0 4.265625
225.0 5.1640625
226.0 5.578125
227.0 5.2578125
228.0 5.2265625
229.0 4.7734375
230.0 5.28125
231.0 3.6484375
232.0 5.453125
233.0 5.5
234.0 4.9453125
235.0 3.1953125
236.0 6.2890625
237.0 4.5625
238.0 3.5
239.0 2.984375
240.0 4.59375
241.0 4.6875
242.0 4.4296875
243.0 4.7421875
244.0 2.7109375
245.0 2.921875
246.0 3.0546875
247.0 2.8984375
248.0 2.0625
249.0 3.140625
250.0 4.625
251.0 1.765625
252.0 6.2578125
253.0 2.1796875
254.0 2.7578125
255.0 0.34375
256.0 7.1640625
257.0 4.7734375
258.0 3.765625
259.0 3.1484375
260.0 1.078125
261.0 1.421875
262.0 1.9140625
263.0 3.2265625
264.0 2.8984375
265.0 3.46875
266.0 3.328125
267.0 2.65625
268.0 1.015625
269.0 0.0
270.0 0.0
271.0 0.0
272.0 0.0
273.0 5.3359375
274.0 1.953125
275.0 2.875
276.0 4.6484375
277.0 5.0859375
278.0 4.6875
279.0 4.296875
280.0 4.6484375
281.0 5.0078125
282.0 5.0078125
283.0 4.7578125
284.0 1.46875
285.0 7.75
286.0 4.25
287.0 4.265625
288.0 5.078125
289.0 6.0234375
290.0 5.9296875
291.0 5.375
292.0 4.6015625
293.0 2.3359375
294.0 8.640625
295.0 5.0234375
296.0 5.3359375
297.0 5.421875
298.0 5.640625
299.0 5.90625
300.0 5.515625
301.0 4.171875
302.0 5.046875
303.0 5.40625
304.0 4.921875
305.0 4.890625
306.0 5.421875
307.0 0.8515625
308.0 9.5078125
309.0 3.8828125
310.0 0.15625
311.0 9.7265625
312.0 5.4921875
313.0 5.6171875
314.0 4.328125
315.0 3.0546875
316.0 4.3203125
317.0 5.1640625
318.0 3.890625
319.0 5.7890625
320.0 6.3359375
321.0 6.328125
322.0 5.84375
323.0 3.3671875
324.0 9.09375
325.0 6.171875
326.0 5.703125
327.0 5.140625
328.0 0.484375
329.0 9.4296875
330.0 6.203125
331.0 5.875
332.0 5.5625
333.0 5.4375
334.0 5.734375
335.0 6.125
336.0 4.6875
337.0 4.9296875
338.0 5.4296875
339.0 5.4609375
340.0 4.3671875
341.0 0.5234375
342.0 11.5390625
343.0 6.2109375
344.0 6.234375
345.0 6.3515625
346.0 6.03125
347.0 6.109375
348.0 6.5703125
349.0 6.2421875
350.0 6.515625
351.0 5.8515625
352.0 3.9921875
353.0 1.1953125
354.0 5.6484375
355.0 2.5078125
356.0 2.9921875
357.0 1.5390625
358.0 1.6171875
359.0 4.46875
360.0 5.21875
361.0 5.15625
362.0 5.7109375
363.0 6.40625
364.0 5.15625
365.0 6.03125
366.0 6.140625
367.0 6.3359375
368.0 5.0859375
369.0 6.0546875
370.0 4.8984375
371.0 5.46875
372.0 6.3359375
373.0 5.9765625
374.0 6.9765625
375.0 6.9296875
376.0 6.75
377.0 4.5078125
378.0 9.1328125
379.0 5.75
380.0 6.2421875
381.0 5.84375
382.0 3.3515625
383.0 8.3203125
384.0 2.0625
385.0 9.296875
386.0 6.390625
387.0 6.0
388.0 6.3046875
389.0 5.8125
390.0 6.1171875
391.0 6.65625
392.0 6.2578125
393.0 6.2578125
394.0 5.9453125
395.0 6.2109375
396.0 6.8125
397.0 5.34375
398.0 5.1328125
399.0 5.9296875
400.0 6.0625
401.0 6.2890625
402.0 6.7421875
403.0 6.984375
404.0 6.59375
405.0 4.1328125
406.0 3.1171875
407.0 2.8203125
408.0 5.1015625
409.0 5.640625
410.0 3.0859375
411.0 4.5078125
412.0 5.125
413.0 3.4375
414.0 5.234375
415.0 5.8515625
416.0 5.84375
417.0 5.9140625
418.0 5.609375
419.0 5.9296875
420.0 6.515625
421.0 6.2265625
422.0 6.0234375
423.0 0.7578125
424.0 8.59375
425.0 3.1796875
426.0 6.5859375
427.0 6.828125
428.0 6.109375
429.0 2.234375
430.0 10.9765625
431.0 7.4296875
432.0 7.4375
433.0 7.71875
434.0 7.796875
435.0 7.703125
436.0 7.1015625
437.0 6.0234375
438.0 5.6796875
439.0 6.9765625
440.0 6.2578125
441.0 7.09375
442.0 6.6015625
443.0 6.6328125
444.0 6.9765625
445.0 6.6796875
446.0 7.1953125
447.0 6.9140625
448.0 6.2890625
449.0 1.390625
450.0 9.7734375
451.0 5.859375
452.0 5.9609375
453.0 6.5625
454.0 6.984375
455.0 2.5234375
456.0 11.0234375
457.0 6.6640625
458.0 6.1171875
459.0 5.5546875
460.0 5.6171875
461.0 6.6796875
462.0 6.265625
463.0 6.5390625
464.0 6.9765625
465.0 6.7734375
466.0 6.9296875
467.0 6.3828125
468.0 6.71875
469.0 6.6328125
470.0 6.625
471.0 6.734375
472.0 6.6796875
473.0 6.9453125
474.0 6.6640625
475.0 6.75
476.0 6.8046875
477.0 6.6875
478.0 7.0390625
479.0 6.7421875
480.0 4.1875
481.0 9.6640625
482.0 6.6328125
483.0 4.78125
484.0 0.671875
485.0 9.8515625
486.0 6.5859375
487.0 6.3046875
488.0 6.0390625
489.0 6.8359375
490.0 6.625
491.0 6.6484375
492.0 6.4140625
493.0 6.515625
494.0 6.8046875
495.0 6.9765625
496.0 6.1796875
497.0 5.5546875
498.0 5.53125
499.0 5.796875
500.0 6.5390625
501.0 6.734375
502.0 6.140625
503.0 5.734375
504.0 6.40625
505.0 6.453125
506.0 2.890625
507.0 10.0703125
508.0 6.2734375
509.0 5.28125
510.0 1.1796875
511.0 9.8671875
512.0 5.0703125
513.0 5.75
514.0 6.1171875
515.0 1.46875
516.0 7.40625
517.0 1.03125
518.0 5.015625
519.0 5.6015625
520.0 6.2890625
521.0 6.5546875
522.0 4.5
523.0 4.875
524.0 5.484375
525.0 5.28125
526.0 5.5859375
527.0 5.1328125
528.0 2.28125
529.0 2.5390625
530.0 5.9375
531.0 5.9765625
532.0 2.1953125
533.0 10.3515625
534.0 6.1875
535.0 6.59375
536.0 5.53125
537.0 1.2890625
538.0 9.0390625
539.0 5.6953125
540.0 5.3046875
541.0 4.5
542.0 4.6015625
543.0 5.6171875
544.0 5.46875
545.0 5.375
546.0 5.734375
547.0 5.671875
548.0 5.3125
549.0 5.75
550.0 6.265625
551.0 6.03125
552.0 5.6484375
553.0 6.0625
554.0 6.0625
555.0 5.9375
556.0 6.171875
557.0 4.6796875
558.0 7.5390625
559.0 6.140625
560.0 4.7578125
561.0 5.3828125
562.0 2.453125
563.0 2.625
564.0 3.1640625
565.0 5.1953125
566.0 4.71875
567.0 6.0546875
568.0 6.921875
569.0 6.8125
570.0 7.1015625
571.0 7.15625
572.0 6.7421875
573.0 7.03125
574.0 7.1328125
575.0 2.3359375
576.0 11.125
577.0 6.2890625
578.0 3.3671875
579.0 9.328125
580.0 6.3671875
581.0 6.5703125
582.0 6.5
583.0 6.390625
584.0 6.15625
585.0 5.9296875
586.0 5.8203125
587.0 6.0859375
588.0 5.9140625
589.0 3.5625
590.0 5.3984375
591.0 4.7265625
592.0 4.9453125
593.0 6.03125
594.0 6.2734375
595.0 5.5
596.0 1.921875
597.0 6.84375
598.0 5.7265625
599.0 3.109375
