0.0 6.125
1.0 6.109375
2.0 3.9765625
3.0 0.5078125
4.0 0.0
5.0 5.4921875
6.0 3.5625
7.0 4.6484375
8.0 5.9296875
9.0 5.859375
10.0 5.3828125
11.0 5.9921875
12.0 5.8125
13.0 5.9609375
14.0 5.6796875
15.0 5.5546875
16.0 6.3828125
17.0 6.46875
18.0 5.7109375
19.0 0.7578125
20.0 10.3671875
21.0 5.9609375
22.0 5.546875
23.0 3.1484375
24.0 5.0546875
25.0 5.15625
26.0 4.515625
27.0 4.546875
28.0 4.625
29.0 5.53125
30.0 5.90625
31.0 4.5390625
32.0 5.3359375
33.0 4.921875
34.0 4.0234375
35.0 4.234375
36.0 3.6171875
37.0 0.453125
38.0 6.71875
39.0 2.3359375
40.0 1.640625
41.0 3.6171875
42.0 3.171875
43.0 0.1328125
44.0 0.0
45.0 0.640625
46.0 4.796875
47.0 0.46875
48.0 1.859375
49.0 4.625
50.0 4.4296875
51.0 1.2421875
52.0 1.4140625
53.0 3.078125
54.0 5.8203125
55.0 5.640625
56.0 4.9609375
57.0 4.5
58.0 3.078125
59.0 2.4140625
60.0 0.375
61.0 0.0
62.0 8.2109375
63.0 3.3671875
64.0 4.9609375
65.0 6.03125
66.0 6.625
67.0 7.1796875
68.0 7.0078125
69.0 6.9296875
70.0 6.9296875
71.0 6.0625
72.0 6.5625
73.0 7.078125
74.0 6.59375
75.0 2.4296875
76.0 11.1796875
77.0 6.453125
78.0 5.578125
79.0 4.171875
80.0 7.8515625
81.0 5.703125
82.0 4.953125
83.0 5.4921875
84.0 5.125
85.0 5.828125
86.0 5.6640625
87.0 5.3828125
88.0 5.7265625
89.0 3.9765625
90.0 0.6015625
91.0 0.2109375
92.0 7.484375
93.0 2.625
94.0 4.1328125
95.0 4.6328125
96.0 1.328125
97.0 8.7109375
98.0 5.5
99.0 5.6796875
100.0 4.796875
101.0 3.21875
102.0 3.1640625
103.0 5.1640625
104.0 4.453125
105.0 3.4765625
106.0 4.4140625
107.0 5.4609375
108.0 5.5625
109.0 4.4765625
110.0 6.953125
111.0 5.9609375
112.0 6.3671875
113.0 6.03125
114.0 5.8203125
115.0 5.9140625
116.0 5.84375
117.0 3.2578125
118.0 8.03125
119.0 5.078125
120.0 5.0390625
121.0 5.515625
122.0 6.0859375
123.0 6.2265625
124.0 4.875
125.0 5.2265625
126.0 5.75
127.0 6.890625
128.0 6.4765625
129.0 4.4296875
130.0 6.203125
131.0 5.2734375
132.0 5.765625
133.0 5.9453125
134.0 6.2734375
135.0 5.8203125
136.0 5.75
137.0 5.4609375
138.0 5.375
139.0 5.25
140.0 4.984375
141.0 4.859375
142.0 5.0859375
143.0 5.9765625
144.0 6.1171875
145.0 6.0078125
146.0 5.828125
147.0 1.203125
148.0 10.9765625
149.0 5.734375
150.0 4.0
151.0 8.5
152.0 6.5703125
153.0 6.5859375
154.0 6.921875
155.0 6.1875
156.0 6.09375
157.0 6.3671875
158.0 6.125
159.0 3.9765625
160.0 5.078125
161.0 6.1484375
162.0 5.3046875
163.0 2.296875
164.0 8.828125
165.0 5.234375
166.0 5.7890625
167.0 5.4375
168.0 4.59375
169.0 0.6328125
170.0 8.2421875
171.0 4.4453125
172.0 4.1484375
173.0 4.359375
174.0 4.8046875
175.0 4.4765625
176.0 4.75
177.0 4.625
178.0 4.6796875
179.0 4.8125
180.0 4.953125
181.0 4.6875
182.0 2.1796875
183.0 0.0
184.0 6.46875
185.0 1.1953125
186.0 2.7109375
187.0 3.9453125
188.0 3.375
189.0 1.4921875
190.0 0.0
191.0 4.859375
192.0 2.625
193.0 4.1796875
194.0 4.3984375
195.0 4.4453125
196.0 3.6484375
197.0 3.1640625
198.0 3.625
199.0 3.1953125
200.0 3.671875
201.0 3.53125
202.0 3.4921875
203.0 2.84375
204.0 0.0
205.0 7.046875
206.0 3.3515625
207.0 4.0859375
208.0 4.71875
209.0 4.7109375
210.0 3.703125
211.0 3.96875
212.0 3.3828125
213.0 3.4921875
214.0 4.1015625
215.0 4.6328125
216.0 4.0625
217.0 1.0859375
218.0 6.8671875
219.0 3.4453125
220.0 3.1640625
221.0 4.4765625
222.0 5.0234375
223.0 1.5234375
224.0 7.4921875
225.0 4.84375
226.0 4.609375
227.0 4.3671875
228.0 4.359375
229.0 3.921875
230.0 4.6484375
231.0 4.78125
232.0 4.390625
233.0 4.0
234.0 1.078125
235.0 7.25
236.0 3.953125
237.0 4.0703125
238.0 0.9921875
239.0 6.359375
240.0 4.0625
241.0 3.8515625
242.0 2.3125
243.0 1.7890625
244.0 2.1171875
245.0 3.828125
246.0 3.828125
247.0 2.9921875
248.0 3.953125
249.0 3.9453125
250.0 3.9453125
251.0 4.546875
252.0 3.53125
253.0 5.609375
254.0 4.1015625
255.0 4.296875
256.0 4.3984375
257.0 3.671875
258.0 0.0
259.0 8.9375
260.0 4.3984375
261.0 4.1015625
262.0 4.5
263.0 4.75
264.0 4.453125
265.0 5.1015625
266.0 5.0234375
267.0 4.78125
268.0 4.78125
269.0 4.203125
270.0 2.453125
271.0 0.0
272.0 7.9296875
273.0 3.3671875
274.0 3.4453125
275.0 1.890625
276.0 5.5
277.0 3.90625
278.0 5.28125
279.0 5.1875
280.0 4.3671875
281.0 4.0
282.0 4.09375
283.0 4.875
284.0 4.71875
285.0 5.3125
286.0 5.3828125
287.0 5.6640625
288.0 5.1953125
289.0 1.765625
290.0 4.8359375
291.0 8.5234375
292.0 5.375
293.0 5.125
294.0 4.7421875
295.0 2.6640625
296.0 0.21875
297.0 8.328125
298.0 3.328125
299.0 3.1796875
300.0 3.90625
301.0 4.0234375
302.0 3.9453125
303.0 3.5
304.0 3.546875
305.0 4.21875
306.0 3.7421875
307.0 3.015625
308.0 0.90625
309.0 7.6015625
310.0 4.8984375
311.0 5.28125
312.0 6.0
313.0 5.78125
314.0 5.53125
315.0 5.9921875
316.0 6.2890625
317.0 5.796875
318.0 5.671875
319.0 5.78125
320.0 5.6953125
321.0 5.7265625
322.0 6.2109375
323.0 3.609375
324.0 2.3359375
325.0 4.328125
326.0 4.515625
327.0 3.2578125
328.0 6.5078125
329.0 4.6796875
330.0 4.84375
331.0 4.4765625
332.0 5.4375
333.0 5.8125
334.0 5.171875
335.0 4.6875
336.0 5.4609375
337.0 5.9765625
338.0 5.5859375
339.0 5.28125
340.0 5.40625
341.0 0.1640625
342.0 9.90625
343.0 4.9609375
344.0 0.8203125
345.0 9.078125
346.0 4.6015625
347.0 4.65625
348.0 4.5703125
349.0 4.6875
350.0 5.6796875
351.0 6.140625
352.0 2.234375
353.0 4.1875
354.0 6.1171875
355.0 5.046875
356.0 2.84375
357.0 5.4609375
358.0 3.3125
359.0 3.4296875
360.0 4.265625
361.0 3.5546875
362.0 3.609375
363.0 3.203125
364.0 4.5390625
365.0 3.46875
366.0 1.046875
367.0 7.7890625
368.0 4.78125
369.0 5.0234375
370.0 4.4140625
371.0 3.6796875
372.0 4.0390625
373.0 4.4296875
374.0 4.28125
375.0 4.2734375
376.0 3.640625
377.0 4.0546875
378.0 3.5
379.0 3.3515625
380.0 0.7578125
381.0 9.015625
382.0 5.0546875
383.0 4.3046875
384.0 4.46875
385.0 5.375
386.0 5.25
387.0 4.9765625
388.0 3.8203125
389.0 6.4375
390.0 6.0
391.0 4.0859375
392.0 4.609375
393.0 3.234375
394.0 3.8828125
395.0 3.9140625
396.0 2.625
397.0 5.4609375
398.0 5.0390625
399.0 4.8046875
400.0 3.7734375
401.0 4.09375
402.0 4.3203125
403.0 3.859375
404.0 3.96875
405.0 3.84375
406.0 4.328125
407.0 4.6640625
408.0 4.484375
409.0 2.921875
410.0 6.6875
411.0 4.7421875
412.0 4.7578125
413.0 3.7265625
414.0 4.875
415.0 4.234375
416.0 2.4140625
417.0 5.7265625
418.0 3.34375
419.0 3.28125
420.0 4.359375
421.0 5.234375
422.0 5.46875
423.0 5.6015625
424.0 5.2578125
425.0 4.8046875
426.0 3.8203125
427.0 3.1484375
428.0 1.9375
429.0 5.6953125
430.0 4.203125
431.0 4.8984375
432.0 4.234375
433.0 3.3828125
434.0 3.703125
435.0 3.90625
436.0 4.0859375
437.0 4.1015625
438.0 4.0390625
439.0 1.46875
440.0 6.1484375
441.0 2.875
442.0 0.4609375
443.0 7.90625
444.0 3.5546875
445.0 3.546875
446.0 6.3671875
447.0 5.765625
448.0 2.7109375
449.0 6.3203125
450.0 0.1640625
451.0 4.4140625
452.0 6.3046875
453.0 5.84375
454.0 5.84375
455.0 5.0390625
456.0 5.0390625
457.0 5.3515625
458.0 5.5859375
459.0 5.2265625
460.0 4.9296875
461.0 4.8359375
462.0 1.2578125
463.0 6.859375
464.0 5.0078125
465.0 4.234375
466.0 6.265625
467.0 5.0703125
468.0 5.234375
469.0 4.953125
470.0 5.1328125
471.0 5.28125
472.0 4.9609375
473.0 5.109375
474.0 5.0390625
475.0 4.9609375
476.0 4.4765625
477.0 4.6796875
478.0 4.6875
479.0 4.890625
480.0 5.0234375
481.0 5.078125
482.0 5.375
483.0 4.84375
484.0 3.5234375
485.0 3.6796875
486.0 4.75
487.0 4.7421875
488.0 3.671875
489.0 3.84375
490.0 2.4140625
491.0 2.1171875
492.0 3.578125
493.0 3.828125
494.0 0.75
495.0 6.2578125
496.0 3.59375
497.0 4.0390625
498.0 3.9453125
499.0 3.5859375
500.0 2.7578125
501.0 2.9375
502.0 3.578125
503.0 4.0859375
504.0 4.3046875
505.0 4.0
506.0 3.890625
507.0 2.1796875
508.0 5.2890625
509.0 3.25
510.0 3.640625
511.0 2.3046875
512.0 1.9375
513.0 0.0
514.0 5.9296875
515.0 2.0859375
516.0 1.4453125
517.0 2.21875
518.0 1.3515625
519.0 1.234375
520.0 2.265625
521.0 3.1796875
522.0 3.625
523.0 3.625
524.0 3.875
525.0 3.703125
526.0 1.6875
527.0 4.9453125
528.0 3.3515625
529.0 2.6328125
530.0 2.2109375
531.0 2.640625
532.0 1.2890625
533.0 0.0
534.0 8.9765625
535.0 3.921875
536.0 4.484375
537.0 2.1875
538.0 1.1484375
539.0 3.25
540.0 3.2265625
541.0 3.109375
542.0 2.75
543.0 4.6640625
544.0 4.1796875
545.0 1.0625
546.0 0.0
547.0 6.78125
548.0 0.078125
549.0 2.6953125
550.0 3.1484375
551.0 2.71875
552.0 3.140625
553.0 3.171875
554.0 2.9296875
555.0 3.296875
556.0 3.5546875
557.0 2.4765625
558.0 1.2421875
559.0 7.5703125
560.0 3.8515625
561.0 4.0078125
562.0 4.453125
563.0 0.71875
564.0 7.984375
565.0 3.875
566.0 3.9921875
567.0 2.2734375
568.0 1.7734375
569.0 0.9609375
570.0 1.5390625
571.0 1.4765625
572.0 1.296875
573.0 0.7265625
574.0 0.640625
575.0 0.3046875
576.0 0.0078125
577.0 0.0
578.0 0.0
579.0 4.7109375
580.0 4.609375
581.0 4.8671875
582.0 4.6875
583.0 4.421875
584.0 4.0859375
585.0 4.265625
586.0 4.1171875
587.0 4.5625
588.0 4.65625
589.0 4.8984375
590.0 4.7265625
591.0 5.5234375
592.0 2.8359375
593.0 5.9765625
594.0 4.28125
595.0 3.84375
596.0 1.7109375
597.0 0.0
598.0 7.6640625
599.0 4.6796875
