0.0 5.2734375
1.0 5.8515625
2.0 5.46875
3.0 6.4140625
4.0 5.828125
5.0 5.21875
6.0 5.3203125
7.0 6.125
8.0 6.0625
9.0 5.484375
10.0 5.6953125
11.0 6.125
12.0 6.40625
13.0 5.828125
14.0 2.4609375
15.0 7.796875
16.0 6.734375
17.0 6.15625
18.0 6.8828125
19.0 5.34375
20.0 6.234375
21.0 4.71875
22.0 6.765625
23.0 6.5390625
24.0 6.2578125
25.0 5.9296875
26.0 6.203125
27.0 5.234375
28.0 5.6171875
29.0 6.703125
30.0 5.4921875
31.0 2.609375
32.0 7.609375
33.0 4.3515625
34.0 6.4453125
35.0 6.3671875
36.0 6.484375
37.0 6.15625
38.0 6.5390625
39.0 6.109375
40.0 6.6015625
41.0 5.4921875
42.0 5.6171875
43.0 6.7421875
44.0 1.625
45.0 11.203125
46.0 7.0625
47.0 6.8046875
48.0 6.0
49.0 1.5703125
50.0 9.6328125
51.0 5.21875
52.0 5.4296875
53.0 3.953125
54.0 5.78125
55.0 6.8984375
56.0 6.078125
57.0 5.6328125
58.0 4.90625
59.0 5.8515625
60.0 6.125
61.0 7.3984375
62.0 7.140625
63.0 4.0390625
64.0 9.71875
65.0 7.3671875
66.0 3.0859375
67.0 11.328125
68.0 6.3828125
69.0 5.484375
70.0 5.8828125
71.0 3.65625
72.0 0.0
73.0 10.59375
74.0 7.140625
75.0 7.21875
76.0 5.3984375
77.0 5.453125
78.0 6.828125
79.0 2.7421875
80.0 4.6484375
81.0 3.0
82.0 6.515625
83.0 6.2578125
84.0 6.2421875
85.0 5.90625
86.0 5.2265625
87.0 0.0
88.0 6.7421875
89.0 4.0078125
90.0 4.6953125
91.0 5.6328125
92.0 4.9453125
93.0 5.671875
94.0 4.8046875
95.0 0.734375
96.0 5.234375
97.0 6.3359375
98.0 6.1171875
99.0 5.5859375
100.0 6.328125
101.0 6.4453125
102.0 6.3203125
103.0 4.1015625
104.0 5.140625
105.0 6.328125
106.0 5.0078125
107.0 5.125
108.0 4.4140625
109.0 5.34375
110.0 2.1484375
111.0 0.0
112.0 7.5859375
113.0 3.7578125
114.0 5.171875
115.0 4.3046875
116.0 6.2421875
117.0 6.296875
118.0 5.0703125
119.0 3.9375
120.0 3.890625
121.0 3.3984375
122.0 3.21875
123.0 4.0703125
124.0 4.421875
125.0 4.5390625
126.0 5.6171875
127.0 6.296875
128.0 6.0234375
129.0 1.6875
130.0 11.0703125
131.0 6.0
132.0 5.9765625
133.0 5.96875
134.0 0.5390625
135.0 7.546875
136.0 4.65625
137.0 6.6484375
138.0 6.6171875
139.0 6.234375
140.0 5.8515625
141.0 1.1328125
142.0 8.046875
143.0 5.6015625
144.0 5.5234375
145.0 1.8515625
146.0 8.703125
147.0 3.2578125
148.0 3.640625
149.0 3.9453125
150.0 3.7890625
151.0 3.34375
152.0 3.7109375
153.0 5.546875
154.0 5.96875
155.0 5.6640625
156.0 6.3515625
157.0 6.125
158.0 3.375
159.0 8.0859375
160.0 5.203125
161.0 5.078125
162.0 6.203125
163.0 6.3046875
164.0 6.5078125
165.0 6.265625
166.0 5.15625
167.0 5.8515625
168.0 6.171875
169.0 5.84375
170.0 6.0234375
171.0 3.609375
172.0 2.515625
173.0 2.390625
174.0 7.0703125
175.0 6.4375
176.0 6.796875
177.0 6.421875
178.0 6.515625
179.0 6.5859375
180.0 4.984375
181.0 1.734375
182.0 9.640625
183.0 7.1328125
184.0 6.78125
185.0 6.7109375
186.0 3.765625
187.0 5.8515625
188.0 7.2421875
189.0 7.3984375
190.0 7.015625
191.0 7.125
192.0 6.6484375
193.0 6.5859375
194.0 6.9453125
195.0 6.7421875
196.0 4.7734375
197.0 6.2265625
198.0 6.6015625
199.0 6.4140625
200.0 2.9296875
201.0 3.5234375
202.0 6.7734375
203.0 7.1328125
204.0 7.3671875
205.0 6.796875
206.0 4.625
207.0 5.6171875
208.0 6.6328125
209.0 6.9765625
210.0 6.8671875
211.0 2.34375
212.0 11.4140625
213.0 7.2734375
214.0 5.9296875
215.0 8.5
216.0 7.390625
217.0 6.421875
218.0 3.8046875
219.0 6.7734375
220.0 6.0625
221.0 8.234375
222.0 5.7578125
223.0 7.21875
224.0 6.8359375
225.0 6.4375
226.0 6.765625
227.0 6.8359375
228.0 6.71875
229.0 5.796875
230.0 5.3828125
231.0 8.0859375
232.0 6.84375
233.0 7.0078125
234.0 6.78125
235.0 6.5625
236.0 6.984375
237.0 7.3359375
238.0 7.4375
239.0 7.40625
240.0 7.140625
241.0 7.578125
242.0 7.2734375
243.0 6.8359375
244.0 4.1484375
245.0 9.453125
246.0 6.921875
247.0 5.6171875
248.0 5.7890625
249.0 6.8671875
250.0 6.7734375
251.0 6.890625
252.0 6.3515625
253.0 6.6015625
254.0 6.4375
255.0 6.953125
256.0 5.765625
257.0 6.0
258.0 3.9921875
259.0 5.859375
260.0 4.7265625
261.0 7.65625
262.0 6.71875
263.0 6.75
264.0 6.296875
265.0 6.125
266.0 4.828125
267.0 4.03125
268.0 3.40625
269.0 3.84375
270.0 5.875
271.0 6.203125
272.0 5.1953125
273.0 5.0546875
274.0 5.609375
275.0 7.78125
276.0 6.6640625
277.0 6.2890625
278.0 6.359375
279.0 5.90625
280.0 4.875
281.0 2.96875
282.0 4.953125
283.0 3.609375
284.0 4.453125
285.0 6.859375
286.0 6.421875
287.0 5.8828125
288.0 2.3359375
289.0 9.875
290.0 6.703125
291.0 5.578125
292.0 4.78125
293.0 4.3671875
294.0 4.0234375
295.0 1.0234375
296.0 6.890625
297.0 4.7421875
298.0 5.6640625
299.0 6.296875
300.0 6.15625
301.0 6.0546875
302.0 5.90625
303.0 3.515625
304.0 4.03125
305.0 6.84375
306.0 6.9453125
307.0 6.328125
308.0 3.734375
309.0 0.0
310.0 7.2734375
311.0 2.375
312.0 5.234375
313.0 4.0625
314.0 2.8359375
315.0 4.296875
316.0 3.28125
317.0 5.203125
318.0 4.9921875
319.0 4.6640625
320.0 4.5703125
321.0 4.65625
322.0 4.578125
323.0 5.6484375
324.0 6.6171875
325.0 7.1796875
326.0 2.7578125
327.0 7.703125
328.0 4.5390625
329.0 4.796875
330.0 4.5078125
331.0 4.5625
332.0 3.3671875
333.0 4.0625
334.0 5.21875
335.0 5.78125
336.0 6.8046875
337.0 6.9296875
338.0 6.8125
339.0 6.7421875
340.0 6.5703125
341.0 6.3671875
342.0 6.15625
343.0 5.7109375
344.0 6.40625
345.0 6.0546875
346.0 4.3671875
347.0 0.578125
348.0 6.203125
349.0 5.21875
350.0 4.6796875
351.0 5.84375
352.0 5.21875
353.0 6.40625
354.0 5.671875
355.0 6.1171875
356.0 6.6484375
357.0 6.703125
358.0 4.0234375
359.0 4.9453125
360.0 3.7890625
361.0 4.7734375
362.0 4.71875
363.0 4.0859375
364.0 5.8203125
365.0 4.359375
366.0 5.9453125
367.0 3.9453125
368.0 5.25
369.0 5.125
370.0 3.140625
371.0 5.9375
372.0 6.2734375
373.0 5.859375
374.0 5.6953125
375.0 5.7265625
376.0 5.4921875
377.0 5.6484375
378.0 5.9765625
379.0 4.0234375
380.0 4.5078125
381.0 5.0859375
382.0 6.125
383.0 5.375
384.0 6.4375
385.0 6.328125
386.0 5.609375
387.0 6.3671875
388.0 6.0234375
389.0 6.8046875
390.0 6.953125
391.0 4.1796875
392.0 4.453125
393.0 5.859375
394.0 6.5390625
395.0 5.171875
396.0 6.8046875
397.0 7.09375
398.0 6.203125
399.0 6.171875
400.0 6.2890625
401.0 6.0546875
402.0 1.234375
403.0 10.5234375
404.0 6.2578125
405.0 6.0859375
406.0 5.2578125
407.0 2.6015625
408.0 8.0546875
409.0 6.2109375
410.0 5.9921875
411.0 5.6484375
412.0 6.0078125
413.0 3.40625
414.0 5.125
415.0 5.78125
416.0 6.359375
417.0 5.8515625
418.0 6.0390625
419.0 4.21875
420.0 7.5390625
421.0 4.953125
422.0 4.8671875
423.0 3.875
424.0 0.9296875
425.0 8.4765625
426.0 6.1171875
427.0 6.109375
428.0 6.2265625
429.0 5.796875
430.0 5.640625
431.0 6.0859375
432.0 6.203125
433.0 7.2421875
434.0 7.015625
435.0 6.9453125
436.0 7.3671875
437.0 6.59375
438.0 5.9375
439.0 6.390625
440.0 6.7109375
441.0 6.53125
442.0 5.0234375
443.0 0.84375
444.0 9.84375
445.0 7.125
446.0 5.609375
447.0 5.7578125
448.0 6.40625
449.0 6.6171875
450.0 5.4609375
451.0 5.8125
452.0 6.984375
453.0 6.9140625
454.0 4.7421875
455.0 5.2890625
456.0 6.1875
457.0 6.171875
458.0 4.0390625
459.0 8.3828125
460.0 5.2265625
461.0 3.015625
462.0 4.5390625
463.0 2.515625
464.0 3.1640625
465.0 5.3203125
466.0 4.9453125
467.0 5.515625
468.0 3.875
469.0 3.4140625
470.0 4.1328125
471.0 4.1328125
472.0 3.296875
473.0 2.515625
474.0 2.0859375
475.0 3.4453125
476.0 3.8046875
477.0 3.9375
478.0 5.2578125
479.0 5.84375
480.0 1.390625
481.0 10.7734375
482.0 6.171875
483.0 5.3046875
484.0 6.8359375
485.0 3.7734375
486.0 2.1953125
487.0 4.0703125
488.0 6.3046875
489.0 5.0859375
490.0 5.515625
491.0 5.6171875
492.0 6.2109375
493.0 6.2890625
494.0 4.515625
495.0 1.3125
496.0 6.796875
497.0 4.75
498.0 5.28125
499.0 5.859375
500.0 5.3125
501.0 3.8046875
502.0 7.65625
503.0 5.5859375
504.0 5.9453125
505.0 5.21875
506.0 6.09375
507.0 5.546875
508.0 5.484375
509.0 5.6484375
510.0 4.84375
511.0 4.65625
512.0 4.8984375
513.0 5.6171875
514.0 5.3359375
515.0 0.0
516.0 0.0
517.0 7.359375
518.0 5.0703125
519.0 5.8203125
520.0 5.6796875
521.0 6.328125
522.0 6.234375
523.0 4.25
524.0 6.953125
525.0 6.171875
526.0 5.6796875
527.0 6.390625
528.0 6.8828125
529.0 6.4140625
530.0 6.328125
531.0 5.3828125
532.0 5.1953125
533.0 3.8203125
534.0 0.453125
535.0 6.2109375
536.0 4.0390625
537.0 4.0390625
538.0 1.9765625
539.0 3.25
540.0 4.484375
541.0 5.578125
542.0 4.78125
543.0 4.984375
544.0 4.296875
545.0 2.34375
546.0 4.1796875
547.0 4.46875
548.0 4.796875
549.0 3.4921875
550.0 4.2734375
551.0 3.0390625
552.0 2.59375
553.0 5.609375
554.0 4.03125
555.0 4.2734375
556.0 3.34375
557.0 4.125
558.0 3.0703125
559.0 3.046875
560.0 2.84375
561.0 2.015625
562.0 2.03125
563.0 2.15625
564.0 2.625
565.0 3.8046875
566.0 4.09375
567.0 4.296875
568.0 5.8828125
569.0 6.171875
570.0 5.546875
571.0 3.2890625
572.0 7.09375
573.0 6.2734375
574.0 4.390625
575.0 5.1328125
576.0 4.53125
577.0 4.7265625
578.0 5.84375
579.0 6.0546875
580.0 5.515625
581.0 5.8515625
582.0 5.703125
583.0 5.75
584.0 4.8125
585.0 3.8203125
586.0 4.1875
587.0 3.46875
588.0 3.4609375
589.0 6.46875
590.0 4.1328125
591.0 3.5234375
592.0 2.515625
593.0 9.046875
594.0 6.5078125
595.0 6.4375
596.0 5.6171875
597.0 5.671875
598.0 5.9765625
599.0 5.046875
