0.0 5.703125
1.0 5.6796875
2.0 5.6484375
3.0 5.6015625
4.0 5.6484375
5.0 5.8203125
6.0 5.84375
7.0 3.5546875
8.0 7.9296875
9.0 5.3515625
10.0 5.671875
11.0 5.515625
12.0 5.7890625
13.0 5.5859375
14.0 5.5546875
15.0 5.3671875
16.0 5.765625
17.0 5.546875
18.0 5.5234375
19.0 5.578125
20.0 5.75
21.0 3.0390625
22.0 8.8515625
23.0 5.6484375
24.0 5.8125
25.0 5.46875
26.0 1.328125
27.0 9.8359375
28.0 5.640625
29.0 5.671875
30.0 5.6015625
31.0 5.609375
32.0 5.8125
33.0 5.3828125
34.0 5.796875
35.0 4.71875
36.0 5.796875
37.0 5.5234375
38.0 5.546875
39.0 5.3828125
40.0 5.015625
41.0 5.4375
42.0 5.75
43.0 5.015625
44.0 4.3359375
45.0 4.8359375
46.0 4.8671875
47.0 4.6875
48.0 4.546875
49.0 4.859375
50.0 5.1015625
51.0 5.125
52.0 5.0859375
53.0 5.046875
54.0 5.5859375
55.0 5.4375
56.0 5.671875
57.0 5.4296875
58.0 5.6328125
59.0 5.3671875
60.0 5.375
61.0 5.6171875
62.0 3.9375
63.0 5.7578125
64.0 5.25
65.0 5.3984375
66.0 5.640625
67.0 5.2890625
68.0 3.1796875
69.0 7.84375
70.0 5.4296875
71.0 5.6484375
72.0 5.609375
73.0 4.8984375
74.0 5.078125
75.0 5.3515625
76.0 5.453125
77.0 5.828125
78.0 5.78125
79.0 5.1875
80.0 5.640625
81.0 5.6484375
82.0 5.90625
83.0 5.5546875
84.0 5.6171875
85.0 5.4375
86.0 5.3828125
87.0 3.9921875
88.0 5.234375
89.0 4.9609375
90.0 5.4921875
91.0 5.6796875
92.0 5.5625
93.0 5.703125
94.0 5.5859375
95.0 2.3125
96.0 8.7734375
97.0 5.7109375
98.0 5.9375
99.0 5.7265625
100.0 5.6796875
101.0 5.578125
102.0 5.84375
103.0 5.9453125
104.0 5.703125
105.0 5.796875
106.0 5.7578125
107.0 5.734375
108.0 5.84375
109.0 3.9140625
110.0 7.703125
111.0 5.640625
112.0 5.6640625
113.0 5.7890625
114.0 1.890625
115.0 9.6640625
116.0 5.7109375
117.0 5.4296875
118.0 6.0859375
119.0 5.9140625
120.0 6.0078125
121.0 5.8515625
122.0 5.90625
123.0 5.8203125
124.0 5.640625
125.0 5.8125
126.0 5.859375
127.0 5.90625
128.0 5.734375
129.0 6.1875
130.0 5.84375
131.0 5.671875
132.0 5.9140625
133.0 1.2421875
134.0 10.1640625
135.0 5.6796875
136.0 5.796875
137.0 5.6328125
138.0 5.796875
139.0 5.6328125
140.0 5.46875
141.0 5.6171875
142.0 5.6015625
143.0 5.5625
144.0 5.609375
145.0 5.3359375
146.0 6.1875
147.0 5.828125
148.0 5.484375
149.0 5.78125
150.0 5.4921875
151.0 5.7578125
152.0 5.828125
153.0 5.8125
154.0 5.6640625
155.0 5.46875
156.0 5.5859375
157.0 5.6171875
158.0 5.5234375
159.0 5.796875
160.0 5.890625
161.0 5.8203125
162.0 5.9375
163.0 5.5234375
164.0 5.546875
165.0 5.515625
166.0 5.515625
167.0 5.5234375
168.0 5.5234375
169.0 5.4921875
170.0 5.4296875
171.0 5.4921875
172.0 5.5234375
173.0 5.6796875
174.0 5.3828125
175.0 5.6171875
176.0 5.703125
177.0 5.046875
178.0 5.6953125
179.0 5.484375
180.0 5.484375
181.0 5.546875
182.0 1.203125
183.0 9.84375
184.0 5.3671875
185.0 5.3671875
186.0 5.40625
187.0 1.5546875
188.0 9.625
189.0 5.7265625
190.0 5.5234375
191.0 5.796875
192.0 5.6015625
193.0 5.578125
194.0 5.4921875
195.0 5.7109375
196.0 5.609375
197.0 5.75
198.0 5.609375
199.0 5.9375
200.0 5.5234375
201.0 3.0
202.0 8.703125
203.0 5.640625
204.0 5.7578125
205.0 4.171875
206.0 7.375
207.0 5.7109375
208.0 5.6484375
209.0 5.7109375
210.0 5.7265625
211.0 6.0546875
212.0 5.515625
213.0 5.5546875
214.0 5.6015625
215.0 5.9296875
216.0 5.9609375
217.0 6.078125
218.0 4.0234375
219.0 7.5390625
220.0 5.578125
221.0 5.546875
222.0 5.734375
223.0 5.734375
224.0 5.7109375
225.0 5.4921875
226.0 5.46875
227.0 5.8828125
228.0 5.875
229.0 5.609375
230.0 5.578125
231.0 5.6015625
232.0 5.7890625
233.0 5.703125
234.0 5.875
235.0 5.8515625
236.0 5.9375
237.0 5.84375
238.0 2.0078125
239.0 9.453125
240.0 5.75
241.0 5.3125
242.0 6.0390625
243.0 5.6796875
244.0 5.6328125
245.0 5.8125
246.0 5.8125
247.0 5.9140625
248.0 5.7890625
249.0 5.734375
250.0 5.9140625
251.0 5.890625
252.0 5.90625
253.0 5.9296875
254.0 5.7578125
255.0 5.5546875
256.0 5.9609375
257.0 5.6328125
258.0 5.8515625
259.0 5.6953125
260.0 5.6328125
261.0 5.3359375
262.0 5.546875
263.0 4.28125
264.0 7.46875
265.0 5.7265625
266.0 5.453125
267.0 5.828125
268.0 5.828125
269.0 5.765625
270.0 5.9296875
271.0 5.6484375
272.0 5.6171875
273.0 5.734375
274.0 5.734375
275.0 5.890625
276.0 5.6484375
277.0 2.5078125
278.0 8.7890625
279.0 3.34375
280.0 7.2734375
281.0 5.453125
282.0 5.5
283.0 5.6328125
284.0 5.8125
285.0 5.46875
286.0 5.53125
287.0 5.7265625
288.0 5.640625
289.0 5.703125
290.0 5.640625
291.0 5.7265625
292.0 5.671875
293.0 5.109375
294.0 6.421875
295.0 5.21875
296.0 5.4375
297.0 5.546875
298.0 5.7265625
299.0 5.75
300.0 5.7109375
301.0 5.0390625
302.0 6.1875
303.0 5.3203125
304.0 5.28125
305.0 5.2890625
306.0 5.0390625
307.0 4.2109375
308.0 5.4921875
309.0 5.4921875
310.0 5.6640625
311.0 4.9453125
312.0 4.7265625
313.0 4.4453125
314.0 4.9453125
315.0 4.9453125
316.0 5.6328125
317.0 5.421875
318.0 5.3984375
319.0 5.2734375
320.0 5.40625
321.0 5.546875
322.0 5.640625
323.0 5.5859375
324.0 5.6484375
325.0 5.734375
326.0 5.546875
327.0 5.515625
328.0 5.734375
329.0 5.640625
330.0 5.75
331.0 5.6484375
332.0 5.4375
333.0 5.484375
334.0 5.765625
335.0 5.859375
336.0 5.9921875
337.0 1.203125
338.0 10.2265625
339.0 5.1953125
340.0 4.7578125
341.0 1.4140625
342.0 8.65625
343.0 5.4296875
344.0 5.3359375
345.0 5.421875
346.0 5.2265625
347.0 5.203125
348.0 5.3984375
349.0 5.7578125
350.0 5.6171875
351.0 5.6328125
352.0 5.640625
353.0 5.4609375
354.0 5.421875
355.0 5.515625
356.0 5.40625
357.0 5.5234375
358.0 5.6796875
359.0 5.375
360.0 5.734375
361.0 5.8125
362.0 5.546875
363.0 5.546875
364.0 3.53125
365.0 7.6015625
366.0 5.6171875
367.0 5.6484375
368.0 1.96875
369.0 9.359375
370.0 5.4609375
371.0 5.6171875
372.0 5.671875
373.0 5.46875
374.0 5.7578125
375.0 5.640625
376.0 5.6171875
377.0 5.75
378.0 5.5859375
379.0 5.5546875
380.0 5.734375
381.0 5.96875
382.0 1.2578125
383.0 10.046875
384.0 5.4921875
385.0 5.3359375
386.0 5.5
387.0 5.9375
388.0 5.5
389.0 5.5625
390.0 5.875
391.0 5.5546875
392.0 5.6484375
393.0 5.84375
394.0 5.5859375
395.0 5.8125
396.0 5.6796875
397.0 5.578125
398.0 5.8203125
399.0 5.7578125
400.0 5.875
401.0 5.796875
402.0 1.171875
403.0 10.3828125
404.0 5.5234375
405.0 2.6015625
406.0 9.15625
407.0 5.421875
408.0 5.6640625
409.0 5.578125
410.0 5.609375
411.0 5.6640625
412.0 5.5859375
413.0 5.7578125
414.0 5.53125
415.0 5.859375
416.0 5.828125
417.0 5.7265625
418.0 6.0078125
419.0 5.46875
420.0 5.7265625
421.0 5.734375
422.0 5.765625
423.0 5.7109375
424.0 5.734375
425.0 5.6171875
426.0 5.5546875
427.0 4.578125
428.0 2.453125
429.0 9.90625
430.0 5.4375
431.0 5.578125
432.0 5.671875
433.0 5.734375
434.0 4.75
435.0 6.9140625
436.0 5.6015625
437.0 5.6171875
438.0 5.46875
439.0 5.4375
440.0 5.6484375
441.0 5.4609375
442.0 5.671875
443.0 5.2890625
444.0 5.8515625
445.0 5.6484375
446.0 5.5859375
447.0 5.671875
448.0 5.734375
449.0 1.3203125
450.0 9.8515625
451.0 5.34375
452.0 5.6953125
453.0 5.6640625
454.0 5.5546875
455.0 3.859375
456.0 0.34375
457.0 0.0
458.0 16.546875
459.0 3.96875
460.0 5.0078125
461.0 5.234375
462.0 5.4921875
463.0 5.6328125
464.0 5.515625
465.0 3.28125
466.0 7.96875
467.0 5.6640625
468.0 5.5625
469.0 5.828125
470.0 5.734375
471.0 5.6640625
472.0 5.4375
473.0 5.828125
474.0 5.78125
475.0 5.640625
476.0 5.5859375
477.0 5.421875
478.0 5.8125
479.0 5.6171875
480.0 5.8828125
481.0 5.6796875
482.0 5.7890625
483.0 5.421875
484.0 5.3359375
485.0 5.90625
486.0 5.859375
487.0 5.6640625
488.0 5.375
489.0 2.65625
490.0 9.0625
491.0 5.6953125
492.0 5.6484375
493.0 5.75
494.0 5.9296875
495.0 5.765625
496.0 5.6484375
497.0 5.8828125
498.0 5.7265625
499.0 5.859375
500.0 5.90625
501.0 5.9453125
502.0 5.7109375
503.0 5.734375
504.0 5.9375
505.0 5.6953125
506.0 1.3828125
507.0 10.0546875
508.0 5.703125
509.0 5.609375
510.0 5.78125
511.0 5.734375
512.0 5.7890625
513.0 5.8828125
514.0 4.9609375
515.0 5.9921875
516.0 5.9296875
517.0 5.5859375
518.0 5.90625
519.0 5.78125
520.0 5.734375
521.0 5.609375
522.0 5.5
523.0 1.9765625
524.0 9.328125
525.0 5.875
526.0 6.0234375
527.0 5.640625
528.0 5.6484375
529.0 5.859375
530.0 5.6796875
531.0 5.9765625
532.0 5.90625
533.0 4.828125
534.0 7.03125
535.0 5.78125
536.0 5.796875
537.0 5.9765625
538.0 6.0859375
539.0 5.7890625
540.0 5.9765625
541.0 5.875
542.0 5.7578125
543.0 5.484375
544.0 5.5859375
545.0 5.6640625
546.0 3.90625
547.0 7.359375
548.0 5.484375
549.0 5.875
550.0 5.859375
551.0 5.6796875
552.0 3.1328125
553.0 7.9375
554.0 5.3203125
555.0 5.5625
556.0 5.515625
557.0 5.5
558.0 5.578125
559.0 5.6953125
560.0 5.640625
561.0 5.7890625
562.0 5.84375
563.0 5.609375
564.0 5.6328125
565.0 5.53125
566.0 2.0078125
567.0 9.296875
568.0 5.53125
569.0 5.46875
570.0 5.6171875
571.0 5.75
572.0 5.796875
573.0 5.546875
574.0 5.53125
575.0 5.40625
576.0 2.3671875
577.0 8.8671875
578.0 5.25
579.0 5.78125
580.0 5.640625
581.0 5.375
582.0 5.3359375
583.0 5.5546875
584.0 1.078125
585.0 9.7734375
586.0 4.4296875
587.0 0.0
588.0 0.0
589.0 0.0
590.0 0.0
591.0 0.0
592.0 0.0
593.0 0.0
594.0 0.0
595.0 0.6171875
596.0 5.6328125
597.0 4.578125
598.0 5.78125
599.0 5.7578125
