0.0 3.3671875
1.0 3.6171875
2.0 3.3671875
3.0 3.4453125
4.0 3.2890625
5.0 3.296875
6.0 3.3828125
7.0 1.984375
8.0 5.0859375
9.0 2.65625
10.0 1.59375
11.0 3.53125
12.0 3.4296875
13.0 3.4296875
14.0 3.375
15.0 3.3125
16.0 3.7109375
17.0 3.703125
18.0 3.703125
19.0 3.65625
20.0 2.65625
21.0 0.0
22.0 7.34375
23.0 3.2578125
24.0 3.703125
25.0 3.6484375
26.0 2.8046875
27.0 0.140625
28.0 7.734375
29.0 3.2890625
30.0 3.3828125
31.0 3.171875
32.0 3.46875
33.0 3.6796875
34.0 3.5625
35.0 3.7421875
36.0 3.515625
37.0 3.3828125
38.0 3.296875
39.0 0.7890625
40.0 6.0390625
41.0 3.546875
42.0 3.5234375
43.0 3.5859375
44.0 3.4296875
45.0 3.2578125
46.0 3.296875
47.0 3.140625
48.0 1.8046875
49.0 5.0390625
50.0 3.40625
51.0 3.3515625
52.0 3.28125
53.0 3.171875
54.0 3.1484375
55.0 2.953125
56.0 3.0703125
57.0 2.96875
58.0 0.0
59.0 6.984375
60.0 3.3828125
61.0 3.140625
62.0 3.0703125
63.0 3.1328125
64.0 3.1484375
65.0 2.25
66.0 4.5625
67.0 3.265625
68.0 3.3828125
69.0 3.1171875
70.0 2.9609375
71.0 3.1328125
72.0 3.1015625
73.0 3.328125
74.0 3.4765625
75.0 3.4296875
76.0 3.3671875
77.0 3.4296875
78.0 3.109375
79.0 0.84375
80.0 5.4921875
81.0 3.28125
82.0 3.4296875
83.0 3.40625
84.0 3.4609375
85.0 3.0546875
86.0 0.9140625
87.0 5.21875
88.0 3.0390625
89.0 3.078125
90.0 3.640625
91.0 0.578125
92.0 6.3828125
93.0 3.4609375
94.0 3.1796875
95.0 3.0234375
96.0 3.078125
97.0 3.2265625
98.0 3.3125
99.0 3.703125
100.0 3.46875
101.0 3.65625
102.0 3.4609375
103.0 3.4140625
104.0 3.296875
105.0 1.40625
106.0 5.4375
107.0 3.6171875
108.0 3.6171875
109.0 3.4609375
110.0 3.296875
111.0 1.5390625
112.0 5.125
113.0 3.34375
114.0 3.609375
115.0 3.7890625
116.0 3.7578125
117.0 3.6171875
118.0 3.4453125
119.0 3.3515625
120.0 3.203125
121.0 3.3125
122.0 3.4921875
123.0 3.625
124.0 1.671875
125.0 5.84375
126.0 3.5625
127.0 3.2890625
128.0 3.1796875
129.0 3.171875
130.0 1.0234375
131.0 5.90625
132.0 3.5546875
133.0 3.5546875
134.0 3.7109375
135.0 3.1328125
136.0 3.171875
137.0 3.1640625
138.0 3.4921875
139.0 3.515625
140.0 3.7109375
141.0 3.59375
142.0 3.5546875
143.0 3.296875
144.0 0.34375
145.0 6.328125
146.0 3.0546875
147.0 3.25
148.0 3.4375
149.0 3.40625
150.0 1.609375
151.0 0.671875
152.0 7.6953125
153.0 3.0859375
154.0 3.0234375
155.0 3.328125
156.0 3.46875
157.0 3.4375
158.0 3.625
159.0 3.59375
160.0 3.4453125
161.0 3.1953125
162.0 2.296875
163.0 0.0
164.0 7.9453125
165.0 3.2890625
166.0 3.6953125
167.0 3.4375
168.0 2.984375
169.0 3.0703125
170.0 2.296875
171.0 3.5234375
172.0 3.2265625
173.0 3.28125
174.0 1.3125
175.0 5.3515625
176.0 2.9921875
177.0 2.953125
178.0 3.0234375
179.0 2.984375
180.0 2.125
181.0 4.8046875
182.0 3.515625
183.0 3.5
184.0 3.1328125
185.0 2.8984375
186.0 3.0546875
187.0 3.1171875
188.0 3.1640625
189.0 3.34375
190.0 3.4375
191.0 3.4609375
192.0 3.234375
193.0 3.0859375
194.0 0.765625
195.0 5.3203125
196.0 3.234375
197.0 3.4453125
198.0 3.4140625
199.0 3.4375
200.0 2.4140625
201.0 0.0
202.0 4.390625
203.0 5.9609375
204.0 3.0859375
205.0 3.296875
206.0 3.4140625
207.0 3.5625
208.0 3.546875
209.0 2.9921875
210.0 0.0
211.0 3.9375
212.0 5.6796875
213.0 3.234375
214.0 3.40625
215.0 3.2578125
216.0 3.234375
217.0 3.0703125
218.0 3.0703125
219.0 3.0859375
220.0 3.1015625
221.0 3.4453125
222.0 3.375
223.0 3.375
224.0 3.5546875
225.0 1.296875
226.0 0.640625
227.0 7.671875
228.0 3.25
229.0 3.375
230.0 3.40625
231.0 3.265625
232.0 0.0
233.0 7.1328125
234.0 3.3125
235.0 3.25
236.0 3.1953125
237.0 3.3515625
238.0 3.4765625
239.0 3.609375
240.0 3.5859375
241.0 3.40625
242.0 3.203125
243.0 0.5703125
244.0 5.84375
245.0 3.1953125
246.0 3.5859375
247.0 3.53125
248.0 3.609375
249.0 3.46875
250.0 3.1328125
251.0 3.0
252.0 3.1328125
253.0 3.1484375
254.0 3.5234375
255.0 3.4921875
256.0 2.7109375
257.0 0.0
258.0 7.7578125
259.0 3.1328125
260.0 3.2578125
261.0 3.109375
262.0 1.6171875
263.0 5.5859375
264.0 3.4921875
265.0 3.4453125
266.0 3.296875
267.0 3.21875
268.0 3.1015625
269.0 3.1953125
270.0 3.25
271.0 3.5859375
272.0 3.578125
273.0 3.4609375
274.0 3.53125
275.0 2.1875
276.0 0.0
277.0 5.3359375
278.0 5.375
279.0 3.5625
280.0 3.4609375
281.0 3.4921875
282.0 3.328125
283.0 3.0703125
284.0 3.21875
285.0 3.171875
286.0 3.0703125
287.0 3.34375
288.0 2.21875
289.0 4.59375
290.0 3.328125
291.0 2.984375
292.0 3.109375
293.0 3.1015625
294.0 2.984375
295.0 3.1171875
296.0 3.328125
297.0 3.34375
298.0 3.2578125
299.0 3.1015625
300.0 3.0703125
301.0 3.078125
302.0 3.0703125
303.0 2.1640625
304.0 0.0
305.0 8.03125
306.0 3.5
307.0 3.1953125
308.0 3.0859375
309.0 1.5078125
310.0 0.484375
311.0 7.546875
312.0 3.5625
313.0 3.3671875
314.0 3.3828125
315.0 3.265625
316.0 3.1953125
317.0 3.1796875
318.0 3.0
319.0 3.25
320.0 3.296875
321.0 3.3984375
322.0 1.34375
323.0 5.4296875
324.0 3.046875
325.0 3.1015625
326.0 3.1015625
327.0 3.109375
328.0 1.8203125
329.0 5.1015625
330.0 3.53125
331.0 3.46875
332.0 3.2265625
333.0 3.1953125
334.0 3.296875
335.0 2.1796875
336.0 4.265625
337.0 3.375
338.0 3.328125
339.0 3.4921875
340.0 3.1484375
341.0 3.1015625
342.0 3.0
343.0 3.078125
344.0 3.2265625
345.0 3.3984375
346.0 3.5546875
347.0 3.4375
348.0 3.21875
349.0 3.1953125
350.0 0.2890625
351.0 6.4375
352.0 3.3203125
353.0 3.4609375
354.0 3.5625
355.0 3.5625
356.0 3.375
357.0 1.921875
358.0 0.0
359.0 7.8984375
360.0 3.203125
361.0 3.6953125
362.0 3.65625
363.0 3.640625
364.0 3.640625
365.0 3.3828125
366.0 3.28125
367.0 3.109375
368.0 3.1171875
369.0 3.4453125
370.0 3.4296875
371.0 0.5078125
372.0 6.59375
373.0 3.2890625
374.0 2.8125
375.0 3.640625
376.0 3.25
377.0 1.8046875
378.0 5.234375
379.0 3.7421875
380.0 3.7734375
381.0 3.3828125
382.0 3.4140625
383.0 3.2265625
384.0 3.28125
385.0 3.34375
386.0 3.3984375
387.0 3.6171875
388.0 3.4140625
389.0 3.4375
390.0 2.890625
391.0 0.0
392.0 6.6875
393.0 3.296875
394.0 3.40625
395.0 3.3671875
396.0 1.5859375
397.0 0.46875
398.0 7.71875
399.0 3.0703125
400.0 3.1015625
401.0 3.3125
402.0 3.40625
403.0 3.4609375
404.0 3.40625
405.0 0.65625
406.0 5.9140625
407.0 3.0859375
408.0 3.140625
409.0 2.8984375
410.0 3.171875
411.0 3.234375
412.0 3.234375
413.0 0.6171875
414.0 5.796875
415.0 3.0546875
416.0 3.1484375
417.0 2.953125
418.0 3.2265625
419.0 3.3984375
420.0 3.25
421.0 3.46875
422.0 3.171875
423.0 2.8984375
424.0 2.984375
425.0 3.0
426.0 3.140625
427.0 3.3203125
428.0 1.296875
429.0 5.1875
430.0 3.3203125
431.0 3.0546875
432.0 2.984375
433.0 0.1953125
434.0 5.765625
435.0 3.203125
436.0 3.3125
437.0 3.4453125
438.0 3.3203125
439.0 2.9296875
440.0 2.9375
441.0 0.0625
442.0 5.734375
443.0 3.234375
444.0 3.109375
445.0 3.328125
446.0 3.2265625
447.0 3.0859375
448.0 2.8359375
449.0 2.984375
450.0 2.8125
451.0 3.234375
452.0 3.3203125
453.0 3.375
454.0 3.3984375
455.0 2.1171875
456.0 0.0
457.0 7.109375
458.0 3.078125
459.0 3.265625
460.0 3.4921875
461.0 3.4765625
462.0 3.3515625
463.0 2.03125
464.0 0.0
465.0 7.65625
466.0 3.21875
467.0 3.328125
468.0 3.5546875
469.0 3.4609375
470.0 3.65625
471.0 3.53125
472.0 3.1015625
473.0 3.234375
474.0 3.25
475.0 3.265625
476.0 0.5390625
477.0 6.4375
478.0 3.2578125
479.0 3.5859375
480.0 3.21875
481.0 3.3203125
482.0 3.3125
483.0 3.203125
484.0 3.609375
485.0 3.375
486.0 3.625
487.0 3.5
488.0 2.4609375
489.0 0.0
490.0 7.3203125
491.0 3.2578125
492.0 3.4921875
493.0 3.4296875
494.0 3.46875
495.0 1.109375
496.0 5.8125
497.0 3.28125
498.0 3.2265625
499.0 3.078125
500.0 3.2890625
501.0 3.546875
502.0 3.4375
503.0 3.578125
504.0 3.3671875
505.0 3.25
506.0 3.28125
507.0 3.046875
508.0 2.546875
509.0 0.0
510.0 7.21875
511.0 3.1640625
512.0 3.53125
513.0 3.1328125
514.0 1.5
515.0 0.4609375
516.0 7.5234375
517.0 3.3828125
518.0 3.4375
519.0 3.2890625
520.0 3.265625
521.0 3.0234375
522.0 3.140625
523.0 3.0
524.0 3.1171875
525.0 3.2890625
526.0 3.265625
527.0 3.4140625
528.0 0.6171875
529.0 6.0859375
530.0 3.0390625
531.0 3.1796875
532.0 2.9921875
533.0 2.390625
534.0 0.0
535.0 7.28125
536.0 3.3203125
537.0 3.1484375
538.0 2.9296875
539.0 2.9609375
540.0 3.0546875
541.0 3.078125
542.0 3.1953125
543.0 3.2890625
544.0 3.2890625
545.0 3.1484375
546.0 2.9375
547.0 0.25
548.0 5.734375
549.0 2.9296875
550.0 3.34375
551.0 0.640625
552.0 6.15625
553.0 3.4609375
554.0 2.96875
555.0 2.984375
556.0 2.9609375
557.0 2.9375
558.0 3.140625
559.0 3.3671875
560.0 3.171875
561.0 3.3125
562.0 2.96875
563.0 0.5546875
564.0 5.3515625
565.0 3.0234375
566.0 3.375
567.0 3.46875
568.0 3.3828125
569.0 3.6171875
570.0 3.265625
571.0 3.1484375
572.0 2.9921875
573.0 3.1015625
574.0 3.2265625
575.0 2.96875
576.0 3.140625
577.0 1.328125
578.0 2.984375
579.0 5.0234375
580.0 2.953125
581.0 2.8671875
582.0 3.1484375
583.0 3.5234375
584.0 3.28125
585.0 2.1328125
586.0 0.0
587.0 7.0390625
588.0 3.1015625
589.0 3.109375
590.0 3.171875
591.0 3.4375
592.0 3.4296875
593.0 3.3515625
594.0 3.6796875
595.0 3.3671875
596.0 3.1328125
597.0 3.1328125
598.0 3.203125
599.0 0.4921875
