0.0 3.3671875
1.0 2.96875
2.0 3.3828125
3.0 3.34375
4.0 3.203125
5.0 3.3203125
6.0 3.1953125
7.0 3.1953125
8.0 3.3984375
9.0 3.203125
10.0 3.4140625
11.0 3.140625
12.0 3.4609375
13.0 3.21875
14.0 3.3203125
15.0 3.2578125
16.0 2.7734375
17.0 0.0
18.0 7.0078125
19.0 3.3671875
20.0 3.25
21.0 3.140625
22.0 1.2890625
23.0 5.1953125
24.0 3.4296875
25.0 3.2265625
26.0 3.1953125
27.0 3.2265625
28.0 3.1484375
29.0 3.171875
30.0 3.109375
31.0 3.3515625
32.0 3.265625
33.0 3.0859375
34.0 3.328125
35.0 2.265625
36.0 0.0
37.0 7.484375
38.0 3.328125
39.0 3.28125
40.0 3.0234375
41.0 1.4765625
42.0 5.1328125
43.0 3.1484375
44.0 3.1328125
45.0 3.1953125
46.0 3.2578125
47.0 3.3671875
48.0 3.1796875
49.0 3.3515625
50.0 3.1640625
51.0 3.3203125
52.0 3.2265625
53.0 3.171875
54.0 0.9921875
55.0 5.5234375
56.0 3.3984375
57.0 3.1953125
58.0 3.2265625
59.0 3.265625
60.0 3.28125
61.0 0.109375
62.0 6.5625
63.0 3.171875
64.0 3.1015625
65.0 3.2890625
66.0 3.4296875
67.0 3.1640625
68.0 3.171875
69.0 3.40625
70.0 3.40625
71.0 3.40625
72.0 3.3125
73.0 2.015625
74.0 0.0
75.0 7.578125
76.0 3.328125
77.0 3.3203125
78.0 3.46875
79.0 3.25
80.0 2.7890625
81.0 0.0
82.0 7.0703125
83.0 3.296875
84.0 3.265625
85.0 3.3203125
86.0 3.203125
87.0 3.375
88.0 3.296875
89.0 3.21875
90.0 2.9921875
91.0 3.1484375
92.0 3.25
93.0 1.5703125
94.0 4.9296875
95.0 3.2578125
96.0 3.078125
97.0 3.265625
98.0 3.234375
99.0 3.1484375
100.0 3.140625
101.0 3.34375
102.0 3.1640625
103.0 3.3984375
104.0 1.1796875
105.0 5.3984375
106.0 3.21875
107.0 3.234375
108.0 3.296875
109.0 3.34375
110.0 3.3203125
111.0 3.328125
112.0 3.1328125
113.0 3.328125
114.0 3.203125
115.0 3.2578125
116.0 0.0625
117.0 6.4140625
118.0 3.1796875
119.0 3.1171875
120.0 0.0
121.0 6.390625
122.0 3.0
123.0 3.2890625
124.0 3.1171875
125.0 3.3984375
126.0 3.2890625
127.0 3.1484375
128.0 0.0
129.0 6.4453125
130.0 3.234375
131.0 3.2265625
132.0 3.265625
133.0 3.1796875
134.0 3.3515625
135.0 3.203125
136.0 3.25
137.0 3.1171875
138.0 3.0
139.0 3.296875
140.0 3.296875
141.0 3.171875
142.0 0.71875
143.0 5.75
144.0 3.265625
145.0 3.1328125
146.0 3.296875
147.0 3.1328125
148.0 2.046875
149.0 0.0
150.0 7.46875
151.0 3.328125
152.0 3.3125
153.0 3.328125
154.0 3.34375
155.0 3.3515625
156.0 3.25
157.0 3.3203125
158.0 3.2890625
159.0 3.3203125
160.0 3.21875
161.0 0.8984375
162.0 5.703125
163.0 3.296875
164.0 3.2578125
165.0 3.3515625
166.0 3.296875
167.0 3.28125
168.0 3.2890625
169.0 0.5859375
170.0 5.9375
171.0 3.328125
172.0 3.140625
173.0 3.1796875
174.0 3.3984375
175.0 3.328125
176.0 3.328125
177.0 3.3515625
178.0 3.3671875
179.0 3.3203125
180.0 3.234375
181.0 3.28125
182.0 1.4453125
183.0 0.5859375
184.0 7.4609375
185.0 0.328125
186.0 3.203125
187.0 3.3671875
188.0 3.2890625
189.0 3.2890625
190.0 3.3671875
191.0 3.1171875
192.0 2.375
193.0 0.0
194.0 7.40625
195.0 3.0859375
196.0 3.3203125
197.0 3.1953125
198.0 3.1328125
199.0 0.515625
200.0 5.9140625
201.0 2.921875
202.0 3.2578125
203.0 3.2265625
204.0 3.3125
205.0 3.203125
206.0 3.203125
207.0 3.3125
208.0 3.234375
209.0 3.25
210.0 3.25
211.0 2.2734375
212.0 0.0
213.0 7.4296875
214.0 3.2890625
215.0 3.234375
216.0 3.296875
217.0 3.28125
218.0 0.71875
219.0 5.9140625
220.0 3.4296875
221.0 3.3125
222.0 3.1953125
223.0 3.2890625
224.0 3.234375
225.0 3.203125
226.0 3.1640625
227.0 3.265625
228.0 3.1484375
229.0 3.203125
230.0 1.53125
231.0 5.046875
232.0 3.375
233.0 3.203125
234.0 3.296875
235.0 3.1953125
236.0 1.46875
237.0 4.984375
238.0 3.171875
239.0 3.25
240.0 3.0859375
241.0 3.25
242.0 3.3125
243.0 3.1484375
244.0 0.0
245.0 6.515625
246.0 3.3671875
247.0 3.34375
248.0 3.3125
249.0 3.21875
250.0 3.28125
251.0 3.1796875
252.0 3.3125
253.0 3.1640625
254.0 3.265625
255.0 3.1640625
256.0 3.1640625
257.0 1.8359375
258.0 0.0078125
259.0 7.9609375
260.0 3.2578125
261.0 3.3671875
262.0 3.1015625
263.0 3.0390625
264.0 1.7890625
265.0 4.7734375
266.0 3.140625
267.0 3.109375
268.0 3.21875
269.0 3.265625
270.0 3.25
271.0 3.3125
272.0 3.078125
273.0 3.203125
274.0 3.3671875
275.0 3.34375
276.0 3.265625
277.0 0.8984375
278.0 5.5625
279.0 3.0546875
280.0 2.8046875
281.0 3.0859375
282.0 2.0
283.0 0.0
284.0 7.109375
285.0 2.4609375
286.0 3.1640625
287.0 2.921875
288.0 2.9921875
289.0 3.171875
290.0 3.2265625
291.0 3.203125
292.0 3.265625
293.0 3.1953125
294.0 2.8046875
295.0 0.0
296.0 6.796875
297.0 3.2265625
298.0 3.21875
299.0 3.234375
300.0 3.34375
301.0 3.2578125
302.0 0.0
303.0 6.453125
304.0 3.25
305.0 3.25
306.0 3.1953125
307.0 3.171875
308.0 3.3203125
309.0 3.2890625
310.0 3.21875
311.0 3.109375
312.0 3.3125
313.0 3.21875
314.0 2.4140625
315.0 0.0
316.0 7.15625
317.0 3.296875
318.0 3.265625
319.0 3.171875
320.0 3.2578125
321.0 3.1796875
322.0 0.6328125
323.0 6.0234375
324.0 3.171875
325.0 3.3828125
326.0 3.28125
327.0 3.25
328.0 3.21875
329.0 3.296875
330.0 3.1484375
331.0 3.4609375
332.0 3.21875
333.0 3.3203125
334.0 3.140625
335.0 0.8359375
336.0 5.671875
337.0 3.28125
338.0 1.7734375
339.0 4.59375
340.0 3.28125
341.0 3.3828125
342.0 3.296875
343.0 3.1171875
344.0 2.1171875
345.0 3.1640625
346.0 3.28125
347.0 1.921875
348.0 0.390625
349.0 5.34375
350.0 1.40625
351.0 5.1640625
352.0 3.265625
353.0 3.21875
354.0 3.2578125
355.0 3.265625
356.0 3.1953125
357.0 3.3125
358.0 3.25
359.0 3.375
360.0 3.25
361.0 3.2890625
362.0 3.234375
363.0 3.3828125
364.0 1.4453125
365.0 4.8984375
366.0 3.234375
367.0 3.1796875
368.0 3.2578125
369.0 3.21875
370.0 1.171875
371.0 5.171875
372.0 3.1953125
373.0 3.1171875
374.0 0.0
375.0 6.5703125
376.0 3.34375
377.0 3.25
378.0 3.3203125
379.0 3.2578125
380.0 3.296875
381.0 3.3125
382.0 3.234375
383.0 3.3125
384.0 3.1953125
385.0 3.28125
386.0 3.28125
387.0 3.2890625
388.0 3.203125
389.0 3.3671875
390.0 3.0859375
391.0 3.21875
392.0 0.4609375
393.0 5.734375
394.0 2.9921875
395.0 3.171875
396.0 3.234375
397.0 3.2890625
398.0 2.0703125
399.0 0.0
400.0 7.5078125
401.0 3.25
402.0 3.1171875
403.0 1.65625
404.0 4.53125
405.0 3.2890625
406.0 3.203125
407.0 3.0859375
408.0 3.1328125
409.0 3.375
410.0 3.0859375
411.0 3.21875
412.0 3.2578125
413.0 3.2265625
414.0 3.171875
415.0 3.2578125
416.0 3.1640625
417.0 1.265625
418.0 5.1640625
419.0 3.34375
420.0 3.171875
421.0 3.203125
422.0 3.2265625
423.0 1.28125
424.0 5.421875
425.0 3.109375
426.0 3.234375
427.0 3.40625
428.0 3.234375
429.0 3.1796875
430.0 3.4140625
431.0 3.3515625
432.0 3.2890625
433.0 3.265625
434.0 3.1953125
435.0 3.1796875
436.0 2.125
437.0 0.0
438.0 7.3203125
439.0 3.21875
440.0 3.3203125
441.0 3.171875
442.0 3.0703125
443.0 2.3359375
444.0 0.0
445.0 6.8671875
446.0 3.109375
447.0 2.9296875
448.0 3.109375
449.0 3.1796875
450.0 3.265625
451.0 3.1015625
452.0 3.0
453.0 3.0546875
454.0 3.0234375
455.0 3.265625
456.0 2.921875
457.0 0.0
458.0 6.15625
459.0 2.9296875
460.0 3.203125
461.0 3.046875
462.0 1.625
463.0 0.28125
464.0 5.9453125
465.0 4.4296875
466.0 3.1640625
467.0 3.1171875
468.0 3.21875
469.0 3.2265625
470.0 3.1953125
471.0 3.25
472.0 3.2265625
473.0 3.21875
474.0 3.3203125
475.0 3.3984375
476.0 3.0390625
477.0 3.2578125
478.0 3.1640625
479.0 3.203125
480.0 1.703125
481.0 4.8125
482.0 3.265625
483.0 3.1953125
484.0 3.1640625
485.0 3.3203125
486.0 3.25
487.0 3.328125
488.0 3.25
489.0 3.1328125
490.0 3.234375
491.0 3.28125
492.0 1.0859375
493.0 5.3671875
494.0 3.1640625
495.0 3.3828125
496.0 3.203125
497.0 3.2578125
498.0 3.1328125
499.0 3.140625
500.0 2.2734375
501.0 4.21875
502.0 3.1484375
503.0 3.25
504.0 3.3125
505.0 3.34375
506.0 3.296875
507.0 3.296875
508.0 3.2578125
509.0 3.21875
510.0 0.0
511.0 6.5546875
512.0 3.1640625
513.0 3.171875
514.0 2.125
515.0 4.25
516.0 3.2890625
517.0 3.203125
518.0 3.1953125
519.0 3.0703125
520.0 3.2265625
521.0 3.1171875
522.0 3.21875
523.0 3.203125
524.0 3.2578125
525.0 3.109375
526.0 3.2578125
527.0 3.3671875
528.0 2.8515625
529.0 0.0
530.0 6.8671875
531.0 3.203125
532.0 3.0
533.0 0.515625
534.0 5.7265625
535.0 2.953125
536.0 3.1328125
537.0 3.1640625
538.0 3.171875
539.0 3.0
540.0 3.0234375
541.0 1.8671875
542.0 4.4453125
543.0 3.2265625
544.0 3.296875
545.0 3.3203125
546.0 3.40625
547.0 3.203125
548.0 3.1484375
549.0 3.2578125
550.0 3.3203125
551.0 3.171875
552.0 3.34375
553.0 3.203125
554.0 3.25
555.0 3.3125
556.0 0.78125
557.0 5.5
558.0 3.21875
559.0 3.265625
560.0 3.078125
561.0 2.9609375
562.0 2.65625
563.0 0.0
564.0 6.625
565.0 3.234375
566.0 3.1328125
567.0 3.1328125
568.0 3.328125
569.0 3.2265625
570.0 3.3515625
571.0 3.109375
572.0 3.0703125
573.0 3.3984375
574.0 3.1953125
575.0 0.640625
576.0 5.7265625
577.0 3.21875
578.0 3.265625
579.0 3.3671875
580.0 3.0703125
581.0 0.078125
582.0 6.3359375
583.0 3.25
584.0 3.234375
585.0 3.2265625
586.0 3.2265625
587.0 3.203125
588.0 3.1015625
589.0 3.3828125
590.0 2.9921875
591.0 3.328125
592.0 3.21875
593.0 3.078125
594.0 0.0
595.0 6.6875
596.0 3.0859375
597.0 3.2890625
598.0 3.3125
599.0 1.0234375
