0.0 5.53125
1.0 5.5859375
2.0 5.3515625
3.0 4.5625
4.0 4.921875
5.0 5.3046875
6.0 5.171875
7.0 4.6328125
8.0 4.875
9.0 5.375
10.0 5.515625
11.0 5.7109375
12.0 5.3125
13.0 5.3203125
14.0 6.1171875
15.0 5.5859375
16.0 5.53125
17.0 5.671875
18.0 1.5234375
19.0 10.0703125
20.0 4.9296875
21.0 5.6796875
22.0 5.796875
23.0 5.3125
24.0 4.0546875
25.0 0.28125
26.0 8.1484375
27.0 6.296875
28.0 5.7265625
29.0 2.7890625
30.0 7.1328125
31.0 3.1015625
32.0 1.4375
33.0 3.234375
34.0 4.3203125
35.0 4.890625
36.0 4.4296875
37.0 5.7265625
38.0 5.5625
39.0 2.609375
40.0 7.484375
41.0 4.84375
42.0 4.8671875
43.0 3.953125
44.0 3.171875
45.0 2.8671875
46.0 2.515625
47.0 2.4765625
48.0 1.65625
49.0 1.0859375
50.0 1.890625
51.0 2.4921875
52.0 2.1484375
53.0 2.0625
54.0 1.5703125
55.0 3.109375
56.0 4.9453125
57.0 0.9296875
58.0 7.03125
59.0 3.671875
60.0 3.7890625
61.0 1.7109375
62.0 5.6171875
63.0 4.7734375
64.0 5.671875
65.0 5.484375
66.0 5.3515625
67.0 5.8125
68.0 6.0234375
69.0 6.0078125
70.0 6.15625
71.0 5.15625
72.0 5.8515625
73.0 5.796875
74.0 5.8515625
75.0 5.7265625
76.0 5.171875
77.0 5.7265625
78.0 6.3671875
79.0 5.40625
80.0 5.4296875
81.0 5.6484375
82.0 6.2265625
83.0 5.6640625
84.0 4.5390625
85.0 0.421875
86.0 8.5390625
87.0 5.9453125
88.0 3.203125
89.0 1.03125
90.0 9.1171875
91.0 6.2265625
92.0 5.796875
93.0 6.328125
94.0 5.671875
95.0 6.0390625
96.0 6.3046875
97.0 6.0234375
98.0 5.9296875
99.0 5.046875
100.0 6.484375
101.0 6.265625
102.0 5.4921875
103.0 0.1015625
104.0 0.0
105.0 0.0
106.0 8.234375
107.0 5.21875
108.0 4.9453125
109.0 5.2265625
110.0 2.046875
111.0 6.3203125
112.0 3.6796875
113.0 3.25
114.0 2.28125
115.0 2.9921875
116.0 6.171875
117.0 6.6875
118.0 6.359375
119.0 6.1171875
120.0 5.515625
121.0 6.140625
122.0 5.9765625
123.0 5.6953125
124.0 1.421875
125.0 10.1640625
126.0 6.2578125
127.0 5.8515625
128.0 5.3125
129.0 6.796875
130.0 5.3515625
131.0 6.2109375
132.0 6.265625
133.0 5.828125
134.0 5.40625
135.0 4.78125
136.0 5.4375
137.0 5.171875
138.0 4.5703125
139.0 5.671875
140.0 5.8828125
141.0 4.3671875
142.0 4.5
143.0 4.984375
144.0 3.7578125
145.0 2.296875
146.0 7.1953125
147.0 4.7734375
148.0 4.984375
149.0 4.7109375
150.0 3.8203125
151.0 2.7578125
152.0 3.859375
153.0 4.09375
154.0 3.046875
155.0 2.6328125
156.0 3.5
157.0 3.2890625
158.0 5.3046875
159.0 4.984375
160.0 0.546875
161.0 8.75
162.0 5.7265625
163.0 4.953125
164.0 3.046875
165.0 0.0
166.0 4.7734375
167.0 2.578125
168.0 4.9765625
169.0 5.9609375
170.0 5.2890625
171.0 5.125
172.0 5.0546875
173.0 2.5078125
174.0 7.84375
175.0 5.3515625
176.0 5.3671875
177.0 2.9921875
178.0 6.0078125
179.0 4.421875
180.0 4.421875
181.0 4.9765625
182.0 5.3828125
183.0 4.90625
184.0 4.9296875
185.0 2.1328125
186.0 7.734375
187.0 1.171875
188.0 1.1953125
189.0 1.5859375
190.0 1.2578125
191.0 1.03125
192.0 2.15625
193.0 2.6640625
194.0 3.234375
195.0 5.0234375
196.0 3.5
197.0 3.25
198.0 3.578125
199.0 3.1640625
200.0 1.4140625
201.0 5.875
202.0 3.234375
203.0 2.96875
204.0 3.21875
205.0 2.0390625
206.0 5.2265625
207.0 5.34375
208.0 5.6328125
209.0 5.9453125
210.0 5.796875
211.0 5.640625
212.0 5.4609375
213.0 5.4296875
214.0 5.1875
215.0 5.453125
216.0 5.796875
217.0 6.0078125
218.0 6.125
219.0 5.4921875
220.0 2.25
221.0 9.9921875
222.0 4.1796875
223.0 7.765625
224.0 6.125
225.0 4.8984375
226.0 1.8515625
227.0 2.34375
228.0 5.828125
229.0 6.0859375
230.0 5.9296875
231.0 5.8828125
232.0 5.671875
233.0 5.84375
234.0 5.421875
235.0 5.0859375
236.0 1.1328125
237.0 7.0078125
238.0 8.734375
239.0 5.734375
240.0 5.9375
241.0 5.5
242.0 5.53125
243.0 6.0
244.0 5.828125
245.0 5.671875
246.0 6.1484375
247.0 6.078125
248.0 6.421875
249.0 6.234375
250.0 6.390625
251.0 5.96875
252.0 6.5859375
253.0 6.234375
254.0 6.5390625
255.0 6.125
256.0 6.359375
257.0 3.4296875
258.0 8.015625
259.0 5.6484375
260.0 5.8203125
261.0 6.2265625
262.0 5.8515625
263.0 5.421875
264.0 5.6015625
265.0 5.9296875
266.0 5.8125
267.0 5.453125
268.0 5.546875
269.0 5.7109375
270.0 5.78125
271.0 5.8125
272.0 5.46875
273.0 5.40625
274.0 5.6328125
275.0 5.96875
276.0 5.703125
277.0 5.7265625
278.0 5.9296875
279.0 5.8125
280.0 5.8125
281.0 5.703125
282.0 5.78125
283.0 5.875
284.0 6.15625
285.0 5.6953125
286.0 3.3984375
287.0 5.9375
288.0 5.6640625
289.0 6.0859375
290.0 6.0390625
291.0 5.84375
292.0 6.09375
293.0 5.4375
294.0 4.3984375
295.0 0.8515625
296.0 7.34375
297.0 3.9140625
298.0 3.890625
299.0 4.0078125
300.0 5.5
301.0 6.171875
302.0 6.0390625
303.0 5.8125
304.0 5.734375
305.0 5.703125
306.0 5.609375
307.0 5.078125
308.0 3.1796875
309.0 0.3359375
310.0 0.0
311.0 0.0
312.0 0.0
313.0 0.0
314.0 0.0
315.0 5.25
316.0 1.7578125
317.0 2.6640625
318.0 3.2578125
319.0 1.1796875
320.0 6.265625
321.0 2.4296875
322.0 2.3125
323.0 1.59375
324.0 1.2109375
325.0 1.1171875
326.0 2.4296875
327.0 3.90625
328.0 5.84375
329.0 5.6484375
330.0 4.5390625
331.0 4.75
332.0 5.3828125
333.0 4.2109375
334.0 6.59375
335.0 5.6171875
336.0 4.7578125
337.0 5.6953125
338.0 4.8359375
339.0 5.046875
340.0 5.0078125
341.0 2.921875
342.0 6.5859375
343.0 5.7265625
344.0 5.6796875
345.0 6.0390625
346.0 5.796875
347.0 5.6328125
348.0 5.6640625
349.0 5.3046875
350.0 5.6640625
351.0 5.890625
352.0 4.9921875
353.0 4.859375
354.0 5.90625
355.0 5.6796875
356.0 3.8828125
357.0 2.1953125
358.0 3.1484375
359.0 4.5703125
360.0 5.8203125
361.0 4.875
362.0 5.9765625
363.0 5.21875
364.0 5.40625
365.0 4.5703125
366.0 3.828125
367.0 5.7109375
368.0 5.515625
369.0 5.5
370.0 0.65625
371.0 7.1640625
372.0 5.5
373.0 4.46875
374.0 4.828125
375.0 4.46875
376.0 4.4453125
377.0 3.953125
378.0 5.203125
379.0 5.46875
380.0 4.8046875
381.0 5.1015625
382.0 5.734375
383.0 5.5234375
384.0 4.921875
385.0 1.8046875
386.0 8.9453125
387.0 6.0859375
388.0 5.640625
389.0 5.1875
390.0 2.0
391.0 7.8984375
392.0 4.2421875
393.0 4.1796875
394.0 4.8984375
395.0 3.9375
396.0 3.375
397.0 6.09375
398.0 5.0234375
399.0 4.7578125
400.0 4.7421875
401.0 6.1875
402.0 6.234375
403.0 4.0625
404.0 0.5234375
405.0 0.0
406.0 6.5
407.0 2.7734375
408.0 3.5625
409.0 2.015625
410.0 8.2265625
411.0 6.4140625
412.0 5.828125
413.0 5.25
414.0 5.8203125
415.0 4.953125
416.0 5.2578125
417.0 5.125
418.0 5.3828125
419.0 5.25
420.0 5.1640625
421.0 5.5234375
422.0 5.2890625
423.0 5.171875
424.0 5.75
425.0 5.859375
426.0 5.9765625
427.0 5.671875
428.0 5.21875
429.0 2.671875
430.0 7.3203125
431.0 2.71875
432.0 6.3671875
433.0 4.2109375
434.0 6.0078125
435.0 6.421875
436.0 6.484375
437.0 3.078125
438.0 4.0078125
439.0 4.6015625
440.0 5.53125
441.0 5.859375
442.0 6.453125
443.0 6.7109375
444.0 6.0625
445.0 6.4140625
446.0 4.8671875
447.0 7.3125
448.0 5.609375
449.0 2.7421875
450.0 10.328125
451.0 6.203125
452.0 5.46875
453.0 6.1171875
454.0 5.7890625
455.0 5.75
456.0 5.3984375
457.0 5.4375
458.0 1.5234375
459.0 2.484375
460.0 5.9609375
461.0 5.8203125
462.0 2.5234375
463.0 8.671875
464.0 3.640625
465.0 4.8984375
466.0 3.8515625
467.0 0.71875
468.0 0.0
469.0 5.2734375
470.0 4.578125
471.0 5.4375
472.0 4.9609375
473.0 2.2734375
474.0 2.09375
475.0 2.3046875
476.0 0.84375
477.0 0.9609375
478.0 0.9921875
479.0 1.0546875
480.0 1.7578125
481.0 3.4453125
482.0 5.9375
483.0 5.8125
484.0 6.078125
485.0 5.9765625
486.0 6.0625
487.0 6.0078125
488.0 5.609375
489.0 5.546875
490.0 6.0859375
491.0 6.4375
492.0 4.9765625
493.0 2.875
494.0 6.6015625
495.0 5.3046875
496.0 5.171875
497.0 5.3203125
498.0 4.84375
499.0 2.15625
500.0 7.96875
501.0 3.953125
502.0 5.640625
503.0 3.4765625
504.0 3.1640625
505.0 2.5625
506.0 1.9453125
507.0 1.359375
508.0 3.4921875
509.0 4.9765625
510.0 4.9765625
511.0 5.140625
512.0 2.234375
513.0 7.375
514.0 4.828125
515.0 5.1640625
516.0 4.5078125
517.0 4.8046875
518.0 2.2421875
519.0 5.7109375
520.0 2.7421875
521.0 6.4140625
522.0 2.59375
523.0 3.234375
524.0 2.0625
525.0 1.8671875
526.0 3.25
527.0 3.5546875
528.0 2.875
529.0 3.9765625
530.0 4.234375
531.0 3.890625
532.0 3.3515625
533.0 3.8203125
534.0 3.4609375
535.0 0.6328125
536.0 6.4453125
537.0 2.046875
538.0 1.5625
539.0 2.671875
540.0 1.2578125
541.0 0.0
542.0 8.640625
543.0 2.5390625
544.0 2.015625
545.0 2.609375
546.0 3.0
547.0 1.7578125
548.0 4.9765625
549.0 2.75
550.0 4.859375
551.0 5.5625
552.0 5.828125
553.0 2.6015625
554.0 7.1640625
555.0 5.765625
556.0 5.515625
557.0 4.6875
558.0 5.734375
559.0 4.578125
560.0 6.1484375
561.0 4.59375
562.0 5.7109375
563.0 4.4296875
564.0 4.625
565.0 2.7421875
566.0 2.875
567.0 4.3359375
568.0 4.9296875
569.0 5.9140625
570.0 5.375
571.0 4.9921875
572.0 5.2265625
573.0 5.6484375
574.0 5.5
575.0 2.15625
576.0 6.265625
577.0 3.6484375
578.0 4.9296875
579.0 4.9765625
580.0 5.890625
581.0 5.8828125
582.0 6.09375
583.0 2.8671875
584.0 8.8515625
585.0 4.8359375
586.0 5.8515625
587.0 5.6953125
588.0 5.796875
589.0 5.3359375
590.0 5.7265625
591.0 5.203125
592.0 4.7109375
593.0 4.6015625
594.0 3.4921875
595.0 2.25
596.0 0.8125
597.0 0.0625
598.0 7.125
599.0 2.5625
