0.0 7.3125
1.0 7.28125
2.0 7.3203125
3.0 7.109375
4.0 7.359375
5.0 5.6015625
6.0 6.8984375
7.0 3.703125
8.0 7.0703125
9.0 4.828125
10.0 7.359375
11.0 6.125
12.0 6.4140625
13.0 5.140625
14.0 0.8125
15.0 1.1328125
16.0 3.078125
17.0 4.53125
18.0 3.671875
19.0 5.4375
20.0 5.171875
21.0 2.28125
22.0 2.2421875
23.0 4.546875
24.0 2.21875
25.0 1.5390625
26.0 3.015625
27.0 3.5234375
28.0 2.3984375
29.0 1.5390625
30.0 1.09375
31.0 1.0625
32.0 0.8828125
33.0 0.0
34.0 0.0
35.0 7.515625
36.0 4.359375
37.0 4.953125
38.0 6.140625
39.0 5.6796875
40.0 6.0
41.0 5.46875
42.0 6.1796875
43.0 6.65625
44.0 5.578125
45.0 2.9296875
46.0 6.40625
47.0 7.3046875
48.0 4.53125
49.0 6.9609375
50.0 6.9921875
51.0 7.0625
52.0 2.4296875
53.0 10.2578125
54.0 6.984375
55.0 5.7578125
56.0 6.0859375
57.0 6.53125
58.0 6.921875
59.0 5.40625
60.0 8.265625
61.0 6.2734375
62.0 6.109375
63.0 6.6640625
64.0 6.78125
65.0 6.8984375
66.0 6.6796875
67.0 6.6171875
68.0 6.3671875
69.0 5.15625
70.0 8.4140625
71.0 6.390625
72.0 6.84375
73.0 6.9296875
74.0 6.8125
75.0 6.0234375
76.0 6.5390625
77.0 6.8359375
78.0 6.9140625
79.0 7.0703125
80.0 7.015625
81.0 6.5
82.0 6.3828125
83.0 5.3359375
84.0 8.625
85.0 7.1953125
86.0 6.4765625
87.0 5.859375
88.0 7.6953125
89.0 6.1796875
90.0 6.5078125
91.0 6.734375
92.0 7.0703125
93.0 6.953125
94.0 7.0390625
95.0 7.4609375
96.0 7.4375
97.0 6.9765625
98.0 6.328125
99.0 6.453125
100.0 2.1484375
101.0 0.3359375
102.0 6.3515625
103.0 2.1875
104.0 1.296875
105.0 1.9453125
106.0 4.7734375
107.0 6.3828125
108.0 6.984375
109.0 4.0859375
110.0 10.0
111.0 6.7421875
112.0 6.921875
113.0 5.78125
114.0 8.5390625
115.0 7.1796875
116.0 5.640625
117.0 5.21875
118.0 6.5546875
119.0 6.484375
120.0 5.375
121.0 6.1171875
122.0 6.0859375
123.0 4.5078125
124.0 7.34375
125.0 5.9296875
126.0 5.84375
127.0 5.0234375
128.0 5.140625
129.0 4.3515625
130.0 3.7265625
131.0 4.265625
132.0 4.5703125
133.0 3.6796875
134.0 3.640625
135.0 5.0859375
136.0 3.3984375
137.0 1.953125
138.0 0.453125
139.0 0.0
140.0 0.0
141.0 7.1953125
142.0 3.6484375
143.0 5.234375
144.0 5.375
145.0 5.3203125
146.0 5.21875
147.0 3.5859375
148.0 0.875
149.0 0.0
150.0 0.0
151.0 8.2578125
152.0 4.8984375
153.0 4.59375
154.0 3.4296875
155.0 1.5703125
156.0 1.265625
157.0 1.8671875
158.0 5.4375
159.0 4.265625
160.0 3.375
161.0 4.4296875
162.0 3.796875
163.0 1.078125
164.0 6.171875
165.0 1.6171875
166.0 1.734375
167.0 3.953125
168.0 4.65625
169.0 3.7421875
170.0 5.2734375
171.0 4.0546875
172.0 6.2734375
173.0 3.9921875
174.0 8.296875
175.0 6.65625
176.0 5.2734375
177.0 4.171875
178.0 5.0546875
179.0 4.515625
180.0 7.09375
181.0 5.9921875
182.0 6.2890625
183.0 6.53125
184.0 6.328125
185.0 6.5625
186.0 6.4765625
187.0 6.1484375
188.0 6.1875
189.0 5.7578125
190.0 5.765625
191.0 6.359375
192.0 6.1171875
193.0 4.46875
194.0 6.328125
195.0 2.234375
196.0 10.5078125
197.0 5.796875
198.0 2.484375
199.0 8.0546875
200.0 7.8203125
201.0 5.109375
202.0 7.75
203.0 4.4765625
204.0 0.7265625
205.0 1.0
206.0 1.609375
207.0 5.140625
208.0 6.8828125
209.0 7.1796875
210.0 7.0625
211.0 6.421875
212.0 6.1796875
213.0 6.6875
214.0 6.3515625
215.0 6.2265625
216.0 6.625
217.0 6.2734375
218.0 6.9453125
219.0 7.0390625
220.0 3.4921875
221.0 8.109375
222.0 6.3515625
223.0 6.53125
224.0 5.609375
225.0 6.765625
226.0 6.4453125
227.0 7.078125
228.0 6.5546875
229.0 6.828125
230.0 7.453125
231.0 7.1875
232.0 6.9921875
233.0 5.9453125
234.0 6.6640625
235.0 5.0390625
236.0 3.734375
237.0 1.03125
238.0 9.5390625
239.0 5.2734375
240.0 7.734375
241.0 6.296875
242.0 6.5078125
243.0 6.265625
244.0 7.2265625
245.0 5.9140625
246.0 5.2265625
247.0 7.078125
248.0 7.09375
249.0 7.2109375
250.0 7.03125
251.0 6.3671875
252.0 6.828125
253.0 6.765625
254.0 2.1484375
255.0 11.421875
256.0 6.171875
257.0 4.3984375
258.0 8.8046875
259.0 4.7265625
260.0 5.46875
261.0 5.75
262.0 6.03125
263.0 6.9453125
264.0 5.34375
265.0 5.859375
266.0 6.78125
267.0 7.015625
268.0 6.484375
269.0 6.984375
270.0 6.6328125
271.0 1.8359375
272.0 11.984375
273.0 7.3125
274.0 6.8828125
275.0 2.921875
276.0 11.71875
277.0 7.21875
278.0 5.4609375
279.0 5.4921875
280.0 7.03125
281.0 6.9921875
282.0 7.1875
283.0 7.3125
284.0 7.390625
285.0 7.2109375
286.0 7.3671875
287.0 7.4375
288.0 5.4375
289.0 8.8359375
290.0 6.8046875
291.0 4.21875
292.0 2.234375
293.0 5.453125
294.0 3.9765625
295.0 3.4609375
296.0 3.4765625
297.0 3.3828125
298.0 3.0703125
299.0 3.4375
300.0 2.9609375
301.0 2.1171875
302.0 2.0
303.0 2.671875
304.0 2.78125
305.0 1.265625
306.0 0.0
307.0 5.796875
308.0 2.09375
309.0 3.171875
310.0 3.46875
311.0 3.3984375
312.0 3.234375
313.0 0.5703125
314.0 5.125
315.0 3.65625
316.0 5.3203125
317.0 6.3828125
318.0 5.28125
319.0 6.0859375
320.0 5.9140625
321.0 6.7734375
322.0 6.515625
323.0 4.28125
324.0 7.1015625
325.0 6.0390625
326.0 6.2109375
327.0 6.5
328.0 7.0078125
329.0 4.9765625
330.0 5.1015625
331.0 5.2265625
332.0 5.6171875
333.0 5.2890625
334.0 7.28125
335.0 6.8046875
336.0 2.7578125
337.0 9.84375
338.0 5.578125
339.0 3.3125
340.0 3.5234375
341.0 3.4296875
342.0 1.53125
343.0 0.609375
344.0 0.0
345.0 5.3671875
346.0 3.3984375
347.0 3.1328125
348.0 3.1796875
349.0 2.75
350.0 2.1328125
351.0 1.859375
352.0 2.1875
353.0 2.59375
354.0 3.015625
355.0 2.8984375
356.0 3.3984375
357.0 4.0703125
358.0 8.53125
359.0 6.890625
360.0 7.15625
361.0 7.109375
362.0 7.03125
363.0 6.5859375
364.0 5.703125
365.0 2.7421875
366.0 0.0
367.0 5.765625
368.0 2.0703125
369.0 3.3671875
370.0 4.6875
371.0 4.0703125
372.0 6.109375
373.0 4.6484375
374.0 3.9921875
375.0 3.140625
376.0 6.328125
377.0 5.1015625
378.0 7.578125
379.0 5.8125
380.0 5.7109375
381.0 5.90625
382.0 5.0078125
383.0 5.6015625
384.0 4.7109375
385.0 3.5234375
386.0 5.109375
387.0 5.9765625
388.0 6.8359375
389.0 6.5703125
390.0 6.40625
391.0 4.6875
392.0 7.0703125
393.0 4.7734375
394.0 3.890625
395.0 3.4375
396.0 5.15625
397.0 2.390625
398.0 3.890625
399.0 5.3515625
400.0 5.4296875
401.0 5.3046875
402.0 6.0390625
403.0 6.125
404.0 5.671875
405.0 4.2421875
406.0 5.8125
407.0 5.2734375
408.0 4.828125
409.0 3.828125
410.0 5.421875
411.0 4.1328125
412.0 7.2734375
413.0 5.703125
414.0 5.6328125
415.0 5.21875
416.0 5.0546875
417.0 5.2734375
418.0 4.4140625
419.0 6.703125
420.0 7.6171875
421.0 6.3046875
422.0 6.3359375
423.0 5.3984375
424.0 7.8671875
425.0 5.375
426.0 6.6328125
427.0 5.6953125
428.0 8.078125
429.0 5.0078125
430.0 4.0703125
431.0 6.2421875
432.0 6.0546875
433.0 5.546875
434.0 5.4296875
435.0 5.796875
436.0 5.7265625
437.0 4.6328125
438.0 4.59375
439.0 2.8515625
440.0 1.9765625
441.0 1.8984375
442.0 10.046875
443.0 7.2265625
444.0 5.9453125
445.0 5.7109375
446.0 4.796875
447.0 2.1328125
448.0 0.5546875
449.0 0.0
450.0 0.0
451.0 0.0
452.0 5.7109375
453.0 1.7109375
454.0 3.1171875
455.0 1.9765625
456.0 2.375
457.0 3.765625
458.0 4.1328125
459.0 4.9609375
460.0 4.3515625
461.0 4.609375
462.0 1.8515625
463.0 1.7578125
464.0 2.34375
465.0 0.0
466.0 8.4765625
467.0 4.6875
468.0 4.0234375
469.0 4.8671875
470.0 4.828125
471.0 4.984375
472.0 1.0
473.0 9.328125
474.0 3.3203125
475.0 3.859375
476.0 4.6796875
477.0 4.453125
478.0 4.359375
479.0 4.75
480.0 4.984375
481.0 5.578125
482.0 5.9609375
483.0 5.9453125
484.0 5.8515625
485.0 2.59375
486.0 9.0078125
487.0 5.796875
488.0 2.265625
489.0 7.9921875
490.0 5.640625
491.0 5.828125
492.0 4.921875
493.0 4.6953125
494.0 5.1875
495.0 5.765625
496.0 5.7578125
497.0 5.453125
498.0 5.515625
499.0 5.640625
500.0 5.40625
501.0 3.4140625
502.0 6.7109375
503.0 5.9296875
504.0 6.390625
505.0 6.125
506.0 5.203125
507.0 5.875
508.0 6.421875
509.0 4.78125
510.0 6.234375
511.0 5.046875
512.0 5.2734375
513.0 5.671875
514.0 6.2265625
515.0 4.1875
516.0 3.1484375
517.0 3.3125
518.0 3.953125
519.0 3.3671875
520.0 4.59375
521.0 5.171875
522.0 2.3671875
523.0 0.0
524.0 9.1328125
525.0 4.1171875
526.0 5.234375
527.0 5.4921875
528.0 5.2890625
529.0 5.21875
530.0 4.84375
531.0 5.140625
532.0 4.6484375
533.0 4.8984375
534.0 4.6328125
535.0 3.4609375
536.0 0.0
537.0 4.6484375
538.0 0.0
539.0 3.1953125
540.0 3.0859375
541.0 4.546875
542.0 5.703125
543.0 6.3515625
544.0 5.3359375
545.0 3.53125
546.0 4.7578125
547.0 4.65625
548.0 5.3046875
549.0 5.6484375
550.0 5.46875
551.0 1.9453125
552.0 0.0
553.0 8.5078125
554.0 5.125
555.0 4.6328125
556.0 2.1953125
557.0 6.3359375
558.0 4.546875
559.0 5.0390625
560.0 4.4765625
561.0 3.9453125
562.0 4.90625
563.0 5.5
564.0 4.875
565.0 4.3515625
566.0 3.921875
567.0 2.1328125
568.0 2.046875
569.0 5.046875
570.0 4.4453125
571.0 1.7578125
572.0 1.046875
573.0 1.6796875
574.0 2.890625
575.0 3.84375
576.0 4.46875
577.0 5.0390625
578.0 0.6875
579.0 7.40625
580.0 2.875
581.0 5.5
582.0 5.2265625
583.0 5.0703125
584.0 4.265625
585.0 4.3828125
586.0 3.5625
587.0 3.765625
588.0 4.6875
589.0 3.8203125
590.0 2.84375
591.0 6.734375
592.0 3.8046875
593.0 3.90625
594.0 5.765625
595.0 4.0390625
596.0 2.59375
597.0 0.0
598.0 7.28125
599.0 0.4609375
