0.0 4.8125
1.0 4.421875
2.0 4.3671875
3.0 4.7578125
4.0 4.796875
5.0 4.7578125
6.0 4.5390625
7.0 0.8671875
8.0 8.5234375
9.0 4.6015625
10.0 4.5390625
11.0 3.1953125
12.0 5.78125
13.0 4.7109375
14.0 4.7734375
15.0 3.953125
16.0 4.5625
17.0 4.7265625
18.0 4.59375
19.0 4.6484375
20.0 4.5390625
21.0 4.5
22.0 4.4765625
23.0 4.3828125
24.0 4.1875
25.0 0.0
26.0 9.21875
27.0 4.6875
28.0 4.6796875
29.0 4.609375
30.0 2.65625
31.0 5.828125
32.0 4.625
33.0 4.6796875
34.0 4.71875
35.0 4.6640625
36.0 4.8359375
37.0 4.8046875
38.0 4.6796875
39.0 4.6796875
40.0 4.6640625
41.0 4.6640625
42.0 4.6875
43.0 3.015625
44.0 5.90625
45.0 3.9921875
46.0 4.4296875
47.0 4.5703125
48.0 3.640625
49.0 5.3125
50.0 4.75
51.0 4.5078125
52.0 4.3671875
53.0 4.6015625
54.0 4.59375
55.0 4.9296875
56.0 4.8359375
57.0 4.5078125
58.0 4.390625
59.0 4.6796875
60.0 4.5625
61.0 2.0390625
62.0 6.984375
63.0 4.90625
64.0 4.6328125
65.0 4.4296875
66.0 4.53125
67.0 4.75
68.0 4.6640625
69.0 4.25
70.0 3.515625
71.0 0.375
72.0 9.078125
73.0 4.46875
74.0 4.71875
75.0 5.015625
76.0 5.109375
77.0 4.8671875
78.0 4.7734375
79.0 4.59375
80.0 4.5390625
81.0 4.5390625
82.0 4.6484375
83.0 4.6875
84.0 4.3203125
85.0 4.0390625
86.0 3.828125
87.0 2.234375
88.0 4.21875
89.0 4.8359375
90.0 4.2109375
91.0 3.328125
92.0 4.0703125
93.0 4.6875
94.0 4.65625
95.0 5.1953125
96.0 3.5234375
97.0 4.4296875
98.0 4.8984375
99.0 4.453125
100.0 4.625
101.0 4.28125
102.0 4.6328125
103.0 4.3984375
104.0 4.3046875
105.0 4.3359375
106.0 3.7890625
107.0 3.7109375
108.0 3.234375
109.0 5.8515625
110.0 4.59375
111.0 3.765625
112.0 1.4375
113.0 0.0
114.0 7.9453125
115.0 4.609375
116.0 4.5703125
117.0 4.46875
118.0 4.78125
119.0 4.796875
120.0 4.234375
121.0 4.3203125
122.0 4.171875
123.0 4.3515625
124.0 4.21875
125.0 4.7109375
126.0 4.0234375
127.0 0.703125
128.0 9.25
129.0 4.921875
130.0 4.75
131.0 4.4765625
132.0 0.0
133.0 8.1796875
134.0 4.2109375
135.0 4.421875
136.0 4.59375
137.0 4.625
138.0 4.6640625
139.0 4.2734375
140.0 4.484375
141.0 4.3984375
142.0 4.609375
143.0 4.7109375
144.0 1.234375
145.0 8.1796875
146.0 4.3984375
147.0 4.234375
148.0 4.5625
149.0 4.0390625
150.0 5.453125
151.0 4.8359375
152.0 4.65625
153.0 5.015625
154.0 4.46875
155.0 4.0
156.0 4.15625
157.0 4.6484375
158.0 4.6796875
159.0 3.40625
160.0 3.953125
161.0 4.21875
162.0 4.390625
163.0 4.3828125
164.0 4.6328125
165.0 4.7265625
166.0 0.109375
167.0 9.4765625
168.0 4.578125
169.0 4.6484375
170.0 4.875
171.0 3.96875
172.0 0.0
173.0 8.8046875
174.0 4.0390625
175.0 4.234375
176.0 4.5625
177.0 4.5390625
178.0 4.3203125
179.0 4.2109375
180.0 4.28125
181.0 4.3359375
182.0 4.15625
183.0 1.2265625
184.0 7.8828125
185.0 4.7421875
186.0 4.75
187.0 4.921875
188.0 4.5078125
189.0 4.8359375
190.0 4.8046875
191.0 4.5078125
192.0 4.796875
193.0 4.609375
194.0 4.46875
195.0 4.5
196.0 4.2734375
197.0 4.6875
198.0 4.5
199.0 4.359375
200.0 4.3671875
201.0 4.4296875
202.0 4.4296875
203.0 4.7109375
204.0 4.203125
205.0 4.7109375
206.0 4.15625
207.0 4.3046875
208.0 3.3984375
209.0 3.4921875
210.0 3.3828125
211.0 4.0078125
212.0 4.1171875
213.0 4.328125
214.0 4.4140625
215.0 4.3515625
216.0 4.3515625
217.0 4.625
218.0 2.6015625
219.0 6.6640625
220.0 1.1953125
221.0 8.2265625
222.0 4.3984375
223.0 4.8359375
224.0 4.3359375
225.0 4.78125
226.0 4.7734375
227.0 4.484375
228.0 4.3046875
229.0 4.2109375
230.0 4.7265625
231.0 4.6015625
232.0 3.9765625
233.0 3.9453125
234.0 4.515625
235.0 4.3984375
236.0 3.1953125
237.0 2.0078125
238.0 5.9140625
239.0 2.234375
240.0 4.1015625
241.0 4.3984375
242.0 4.453125
243.0 4.3828125
244.0 4.4765625
245.0 4.03125
246.0 0.0
247.0 5.9609375
248.0 1.7890625
249.0 3.8515625
250.0 4.0859375
251.0 4.1171875
252.0 4.21875
253.0 2.7578125
254.0 5.53125
255.0 4.6484375
256.0 4.921875
257.0 4.78125
258.0 4.8125
259.0 4.6328125
260.0 4.78125
261.0 4.9453125
262.0 4.7109375
263.0 4.8125
264.0 4.859375
265.0 4.453125
266.0 1.03125
267.0 7.5390625
268.0 4.53125
269.0 4.265625
270.0 1.5078125
271.0 7.4375
272.0 4.5390625
273.0 4.7109375
274.0 4.5390625
275.0 4.8046875
276.0 4.53125
277.0 4.421875
278.0 4.578125
279.0 4.5703125
280.0 4.5625
281.0 4.5078125
282.0 1.7578125
283.0 5.25
284.0 4.203125
285.0 4.3359375
286.0 4.578125
287.0 4.46875
288.0 4.46875
289.0 4.6953125
290.0 4.9921875
291.0 1.765625
292.0 6.7109375
293.0 4.6640625
294.0 3.1796875
295.0 3.828125
296.0 4.890625
297.0 4.6953125
298.0 4.890625
299.0 4.546875
300.0 4.1015625
301.0 4.6875
302.0 4.6875
303.0 4.7109375
304.0 3.0
305.0 6.1875
306.0 4.6953125
307.0 4.90625
308.0 0.9453125
309.0 9.1015625
310.0 4.328125
311.0 4.53125
312.0 4.875
313.0 4.9609375
314.0 4.796875
315.0 5.109375
316.0 5.0390625
317.0 5.3046875
318.0 5.015625
319.0 5.1328125
320.0 3.7734375
321.0 6.5625
322.0 5.0078125
323.0 5.171875
324.0 4.578125
325.0 4.6484375
326.0 2.9375
327.0 4.921875
328.0 2.4140625
329.0 0.0
330.0 3.65625
331.0 4.171875
332.0 4.84375
333.0 4.8046875
334.0 4.890625
335.0 4.75
336.0 1.828125
337.0 7.578125
338.0 4.90625
339.0 2.8046875
340.0 6.984375
341.0 3.0390625
342.0 7.078125
343.0 4.5078125
344.0 4.5625
345.0 4.875
346.0 4.8046875
347.0 5.140625
348.0 5.1875
349.0 4.953125
350.0 4.8125
351.0 4.65625
352.0 4.484375
353.0 5.1015625
354.0 5.0390625
355.0 5.375
356.0 5.140625
357.0 5.125
358.0 5.0546875
359.0 4.6875
360.0 4.6484375
361.0 4.84375
362.0 5.015625
363.0 4.453125
364.0 4.828125
365.0 4.875
366.0 4.5390625
367.0 4.7421875
368.0 4.65625
369.0 4.609375
370.0 4.6640625
371.0 4.8984375
372.0 4.859375
373.0 4.9453125
374.0 4.84375
375.0 4.828125
376.0 4.953125
377.0 4.875
378.0 3.875
379.0 5.9921875
380.0 4.875
381.0 4.8125
382.0 4.84375
383.0 4.71875
384.0 3.21875
385.0 5.7109375
386.0 4.796875
387.0 4.7734375
388.0 4.7578125
389.0 4.7734375
390.0 4.875
391.0 4.65625
392.0 4.8125
393.0 4.6015625
394.0 4.15625
395.0 4.7109375
396.0 4.7421875
397.0 0.9140625
398.0 8.8515625
399.0 4.8125
400.0 3.515625
401.0 5.109375
402.0 4.5703125
403.0 4.25
404.0 4.0
405.0 4.3046875
406.0 4.4140625
407.0 4.328125
408.0 4.3046875
409.0 4.171875
410.0 3.9765625
411.0 4.5625
412.0 4.5625
413.0 4.6015625
414.0 0.0703125
415.0 8.421875
416.0 4.265625
417.0 4.1484375
418.0 4.0390625
419.0 3.8515625
420.0 0.8984375
421.0 7.1015625
422.0 4.0625
423.0 4.1796875
424.0 4.25
425.0 4.265625
426.0 4.3515625
427.0 4.7421875
428.0 4.5
429.0 4.5
430.0 4.59375
431.0 4.4765625
432.0 3.3671875
433.0 0.0
434.0 7.2578125
435.0 1.921875
436.0 3.890625
437.0 4.2421875
438.0 4.2109375
439.0 4.625
440.0 4.4296875
441.0 4.09375
442.0 0.0
443.0 8.53125
444.0 3.8828125
445.0 4.5078125
446.0 4.2421875
447.0 3.578125
448.0 0.0
449.0 9.0390625
450.0 4.3203125
451.0 4.390625
452.0 3.9765625
453.0 4.5625
454.0 4.5078125
455.0 4.796875
456.0 4.6640625
457.0 3.859375
458.0 1.375
459.0 7.140625
460.0 4.65625
461.0 4.6015625
462.0 4.296875
463.0 4.6484375
464.0 4.296875
465.0 4.0390625
466.0 3.9140625
467.0 3.875
468.0 3.7421875
469.0 3.015625
470.0 4.90625
471.0 4.4140625
472.0 3.6171875
473.0 3.6953125
474.0 3.96875
475.0 4.1171875
476.0 3.7109375
477.0 3.90625
478.0 4.1484375
479.0 3.5
480.0 3.2578125
481.0 3.640625
482.0 3.4296875
483.0 3.90625
484.0 3.0
485.0 0.5859375
486.0 7.40625
487.0 2.34375
488.0 4.796875
489.0 4.8125
490.0 4.3515625
491.0 4.09375
492.0 4.796875
493.0 1.890625
494.0 7.25
495.0 3.828125
496.0 3.9921875
497.0 3.40625
498.0 0.1015625
499.0 6.3671875
500.0 4.125
501.0 4.6953125
502.0 4.8125
503.0 4.328125
504.0 4.578125
505.0 4.2734375
506.0 4.546875
507.0 4.453125
508.0 4.3515625
509.0 2.90625
510.0 6.0625
511.0 4.5078125
512.0 4.609375
513.0 4.65625
514.0 4.421875
515.0 4.6875
516.0 4.6875
517.0 4.859375
518.0 4.9296875
519.0 4.7109375
520.0 4.6875
521.0 4.6953125
522.0 4.2421875
523.0 2.1328125
524.0 6.4140625
525.0 4.609375
526.0 4.453125
527.0 4.328125
528.0 4.8984375
529.0 4.8046875
530.0 4.6328125
531.0 4.8984375
532.0 5.125
533.0 5.109375
534.0 4.8984375
535.0 4.9765625
536.0 4.8984375
537.0 4.71875
538.0 2.8359375
539.0 6.109375
540.0 4.84375
541.0 4.5078125
542.0 4.7421875
543.0 4.6484375
544.0 4.59375
545.0 4.5390625
546.0 4.6015625
547.0 4.65625
548.0 2.921875
549.0 2.03125
550.0 1.2890625
551.0 5.25
552.0 4.3046875
553.0 4.421875
554.0 4.8671875
555.0 4.3359375
556.0 4.515625
557.0 4.90625
558.0 4.6953125
559.0 4.6875
560.0 4.546875
561.0 4.4140625
562.0 4.1171875
563.0 2.609375
564.0 6.2265625
565.0 4.890625
566.0 4.3671875
567.0 4.7109375
568.0 4.609375
569.0 4.609375
570.0 4.8984375
571.0 4.65625
572.0 4.6640625
573.0 4.453125
574.0 4.484375
575.0 4.421875
576.0 4.390625
577.0 4.21875
578.0 4.0
579.0 0.1796875
580.0 9.5546875
581.0 5.1328125
582.0 4.9296875
583.0 4.5703125
584.0 0.09375
585.0 8.7734375
586.0 3.890625
587.0 3.0390625
588.0 4.2421875
589.0 4.609375
590.0 4.328125
591.0 4.484375
592.0 3.7890625
593.0 4.1875
594.0 4.1796875
595.0 4.3515625
596.0 4.515625
597.0 4.6640625
598.0 4.7265625
599.0 4.6328125
