0.0 4.359375
1.0 4.5078125
2.0 4.578125
3.0 4.5390625
4.0 4.5390625
5.0 3.875
6.0 0.7578125
7.0 5.203125
8.0 3.0546875
9.0 4.3203125
10.0 4.421875
11.0 2.671875
12.0 0.0
13.0 5.3125
14.0 2.984375
15.0 4.0390625
16.0 4.609375
17.0 4.453125
18.0 4.53125
19.0 4.578125
20.0 4.46875
21.0 4.4140625
22.0 4.1015625
23.0 4.59375
24.0 4.59375
25.0 2.8671875
26.0 6.59375
27.0 4.5703125
28.0 4.7109375
29.0 4.6953125
30.0 4.7578125
31.0 4.171875
32.0 5.3359375
33.0 4.90625
34.0 3.6796875
35.0 4.484375
36.0 4.953125
37.0 4.7734375
38.0 4.7265625
39.0 5.0078125
40.0 4.234375
41.0 3.859375
42.0 4.328125
43.0 4.8125
44.0 2.1328125
45.0 7.4296875
46.0 4.328125
47.0 3.7109375
48.0 4.8359375
49.0 4.921875
50.0 4.3046875
51.0 5.703125
52.0 4.984375
53.0 4.8984375
54.0 4.5703125
55.0 4.2421875
56.0 3.765625
57.0 4.75
58.0 4.921875
59.0 4.9765625
60.0 4.8359375
61.0 4.859375
62.0 4.7109375
63.0 4.6484375
64.0 0.078125
65.0 8.9453125
66.0 1.9140625
67.0 1.421875
68.0 4.6484375
69.0 3.015625
70.0 3.7265625
71.0 3.3515625
72.0 3.703125
73.0 4.328125
74.0 3.8203125
75.0 3.015625
76.0 2.1875
77.0 2.2421875
78.0 4.1328125
79.0 4.65625
80.0 4.5
81.0 0.765625
82.0 8.1328125
83.0 4.53125
84.0 4.6015625
85.0 4.0078125
86.0 2.8125
87.0 3.59375
88.0 6.234375
89.0 4.1484375
90.0 4.578125
91.0 4.4765625
92.0 4.59375
93.0 4.7109375
94.0 4.546875
95.0 4.515625
96.0 3.4609375
97.0 0.3671875
98.0 5.015625
99.0 1.6796875
100.0 0.9453125
101.0 2.0078125
102.0 3.078125
103.0 2.7265625
104.0 2.890625
105.0 2.8515625
106.0 1.203125
107.0 1.5859375
108.0 1.9765625
109.0 4.296875
110.0 2.984375
111.0 6.71875
112.0 5.015625
113.0 4.875
114.0 4.6015625
115.0 0.0
116.0 0.0
117.0 6.0234375
118.0 2.03125
119.0 3.625
120.0 4.71875
121.0 4.6640625
122.0 4.7734375
123.0 4.9765625
124.0 4.859375
125.0 5.0078125
126.0 5.078125
127.0 4.78125
128.0 4.0625
129.0 5.671875
130.0 5.3046875
131.0 4.9609375
132.0 4.7421875
133.0 4.6640625
134.0 4.71875
135.0 4.75
136.0 1.8046875
137.0 7.6171875
138.0 4.9609375
139.0 4.4453125
140.0 4.5390625
141.0 1.2890625
142.0 0.0
143.0 5.2734375
144.0 1.203125
145.0 1.1171875
146.0 0.984375
147.0 1.109375
148.0 1.140625
149.0 0.7890625
150.0 0.453125
151.0 0.5546875
152.0 0.359375
153.0 0.90625
154.0 1.5
155.0 0.9375
156.0 1.171875
157.0 1.234375
158.0 0.0390625
159.0 0.0
160.0 0.0
161.0 5.0859375
162.0 1.5703125
163.0 1.0625
164.0 1.203125
165.0 1.109375
166.0 1.4375
167.0 1.375
168.0 1.1796875
169.0 1.0546875
170.0 0.0078125
171.0 0.0
172.0 0.0
173.0 0.0
174.0 4.4296875
175.0 2.15625
176.0 0.2578125
177.0 2.21875
178.0 2.7734375
179.0 1.2109375
180.0 0.0
181.0 0.0
182.0 4.546875
183.0 1.765625
184.0 2.015625
185.0 2.3671875
186.0 2.046875
187.0 1.4375
188.0 1.7890625
189.0 4.0546875
190.0 4.3671875
191.0 4.21875
192.0 4.09375
193.0 3.6484375
194.0 5.78125
195.0 4.7734375
196.0 0.34375
197.0 9.484375
198.0 4.7734375
199.0 4.625
200.0 4.3828125
201.0 3.796875
202.0 0.0
203.0 8.5546875
204.0 4.8984375
205.0 4.546875
206.0 4.6484375
207.0 4.875
208.0 4.8125
209.0 5.0546875
210.0 5.0234375
211.0 4.875
212.0 4.90625
213.0 4.8671875
214.0 3.5
215.0 5.5625
216.0 2.890625
217.0 2.96875
218.0 4.359375
219.0 4.6328125
220.0 2.1875
221.0 5.234375
222.0 6.7421875
223.0 4.984375
224.0 4.875
225.0 4.6640625
226.0 4.4765625
227.0 4.5078125
228.0 4.3671875
229.0 4.609375
230.0 4.6484375
231.0 4.75
232.0 4.78125
233.0 4.6796875
234.0 4.7421875
235.0 3.1484375
236.0 5.7265625
237.0 2.515625
238.0 6.09375
239.0 4.4140625
240.0 4.546875
241.0 4.5703125
242.0 4.4140625
243.0 3.8203125
244.0 2.625
245.0 1.6796875
246.0 3.1796875
247.0 4.28125
248.0 4.09375
249.0 4.84375
250.0 4.7265625
251.0 3.1953125
252.0 6.125
253.0 4.46875
254.0 4.125
255.0 3.53125
256.0 0.0
257.0 8.65625
258.0 4.1015625
259.0 4.0703125
260.0 4.2109375
261.0 4.328125
262.0 4.09375
263.0 4.2734375
264.0 4.28125
265.0 4.28125
266.0 4.2734375
267.0 4.1484375
268.0 1.1796875
269.0 6.9453125
270.0 3.0703125
271.0 3.0859375
272.0 3.8203125
273.0 3.9921875
274.0 1.2578125
275.0 0.0
276.0 0.25
277.0 6.03125
278.0 3.25
279.0 3.953125
280.0 3.8828125
281.0 3.96875
282.0 3.9453125
283.0 4.0859375
284.0 4.15625
285.0 4.5
286.0 4.828125
287.0 4.7421875
288.0 4.6640625
289.0 4.0859375
290.0 0.15625
291.0 7.5078125
292.0 2.375
293.0 5.453125
294.0 4.578125
295.0 4.515625
296.0 4.6640625
297.0 4.5390625
298.0 3.3515625
299.0 1.9140625
300.0 3.2890625
301.0 4.9296875
302.0 4.984375
303.0 4.7265625
304.0 4.84375
305.0 4.796875
306.0 3.2578125
307.0 6.265625
308.0 4.328125
309.0 4.484375
310.0 3.953125
311.0 2.6328125
312.0 5.703125
313.0 4.4453125
314.0 2.3046875
315.0 1.8828125
316.0 2.984375
317.0 4.796875
318.0 4.7421875
319.0 4.7265625
320.0 4.6328125
321.0 2.6328125
322.0 6.828125
323.0 5.1953125
324.0 4.59375
325.0 2.5234375
326.0 7.03125
327.0 4.46875
328.0 4.3515625
329.0 4.2734375
330.0 4.25
331.0 2.375
332.0 6.5859375
333.0 2.78125
334.0 6.203125
335.0 4.484375
336.0 4.8046875
337.0 2.6875
338.0 6.515625
339.0 4.5703125
340.0 4.6953125
341.0 4.609375
342.0 4.75
343.0 4.7578125
344.0 4.515625
345.0 4.625
346.0 4.8046875
347.0 4.859375
348.0 4.828125
349.0 4.484375
350.0 1.640625
351.0 2.4609375
352.0 0.3984375
353.0 8.5859375
354.0 4.53125
355.0 4.6796875
356.0 4.421875
357.0 4.28125
358.0 4.8046875
359.0 4.3515625
360.0 3.9765625
361.0 4.265625
362.0 4.84375
363.0 4.578125
364.0 4.1015625
365.0 1.71875
366.0 6.1796875
367.0 4.15625
368.0 4.3984375
369.0 4.546875
370.0 3.0546875
371.0 5.7265625
372.0 0.0
373.0 4.359375
374.0 2.4296875
375.0 3.3984375
376.0 2.984375
377.0 2.4453125
378.0 3.140625
379.0 4.5078125
380.0 4.578125
381.0 4.5
382.0 4.265625
383.0 4.25
384.0 0.125
385.0 8.2421875
386.0 4.71875
387.0 5.046875
388.0 2.8984375
389.0 7.2578125
390.0 5.078125
391.0 3.46875
392.0 3.3515625
393.0 4.46875
394.0 5.1953125
395.0 5.15625
396.0 5.1015625
397.0 5.125
398.0 4.75
399.0 5.0234375
400.0 5.1953125
401.0 0.9140625
402.0 9.484375
403.0 5.0859375
404.0 4.203125
405.0 2.5625
406.0 6.4140625
407.0 4.984375
408.0 4.7734375
409.0 4.9921875
410.0 4.71875
411.0 4.75
412.0 4.609375
413.0 4.4765625
414.0 3.4453125
415.0 3.953125
416.0 3.4453125
417.0 0.75
418.0 5.0546875
419.0 4.296875
420.0 4.296875
421.0 4.5703125
422.0 4.234375
423.0 4.359375
424.0 4.0
425.0 4.203125
426.0 4.328125
427.0 4.359375
428.0 4.28125
429.0 4.0546875
430.0 3.3203125
431.0 3.546875
432.0 6.6484375
433.0 2.421875
434.0 6.03125
435.0 4.53125
436.0 4.6328125
437.0 4.4765625
438.0 4.3046875
439.0 2.296875
440.0 6.171875
441.0 4.421875
442.0 4.796875
443.0 4.9765625
444.0 4.6328125
445.0 4.8671875
446.0 4.6953125
447.0 4.6953125
448.0 4.78125
449.0 3.703125
450.0 2.6328125
451.0 3.65625
452.0 3.375
453.0 1.5234375
454.0 0.0
455.0 6.40625
456.0 4.7265625
457.0 2.7734375
458.0 6.6171875
459.0 5.1015625
460.0 5.171875
461.0 4.7265625
462.0 3.1015625
463.0 3.8828125
464.0 3.609375
465.0 2.8515625
466.0 7.109375
467.0 4.9296875
468.0 4.7734375
469.0 4.84375
470.0 5.1328125
471.0 5.0078125
472.0 4.984375
473.0 4.9296875
474.0 4.0703125
475.0 1.796875
476.0 2.1015625
477.0 4.234375
478.0 1.9453125
479.0 6.5625
480.0 4.5625
481.0 3.4140625
482.0 4.3671875
483.0 4.4453125
484.0 3.7890625
485.0 4.421875
486.0 4.859375
487.0 4.59375
488.0 4.25
489.0 4.6015625
490.0 4.328125
491.0 4.359375
492.0 4.609375
493.0 4.4453125
494.0 4.609375
495.0 3.515625
496.0 0.0
497.0 9.390625
498.0 4.0234375
499.0 3.7109375
500.0 3.65625
501.0 5.2734375
502.0 3.1328125
503.0 5.125
504.0 4.21875
505.0 4.0078125
506.0 4.2109375
507.0 4.6953125
508.0 3.9765625
509.0 4.09375
510.0 4.7421875
511.0 4.609375
512.0 5.0078125
513.0 4.5078125
514.0 4.875
515.0 5.1015625
516.0 4.3671875
517.0 0.0
518.0 9.453125
519.0 4.7734375
520.0 4.75
521.0 4.59375
522.0 1.0
523.0 8.3203125
524.0 4.5078125
525.0 4.484375
526.0 4.7109375
527.0 4.8671875
528.0 4.953125
529.0 4.6796875
530.0 4.7578125
531.0 5.1015625
532.0 4.0546875
533.0 3.625
534.0 5.2734375
535.0 4.84375
536.0 4.78125
537.0 4.8984375
538.0 4.3671875
539.0 0.359375
540.0 6.59375
541.0 4.1484375
542.0 4.0078125
543.0 3.625
544.0 3.171875
545.0 4.4140625
546.0 4.453125
547.0 4.5625
548.0 4.328125
549.0 4.5625
550.0 4.3359375
551.0 4.515625
552.0 4.59375
553.0 0.328125
554.0 9.1484375
555.0 2.0859375
556.0 1.703125
557.0 1.4921875
558.0 0.3359375
559.0 0.0
560.0 0.0
561.0 0.0
562.0 4.9765625
563.0 3.171875
564.0 4.578125
565.0 2.671875
566.0 6.921875
567.0 4.7265625
568.0 4.7578125
569.0 4.7734375
570.0 4.5
571.0 2.328125
572.0 6.6484375
573.0 4.828125
574.0 4.8125
575.0 2.7421875
576.0 7.125
577.0 4.890625
578.0 4.953125
579.0 2.9609375
580.0 7.28125
581.0 5.203125
582.0 4.828125
583.0 4.7734375
584.0 4.84375
585.0 4.8671875
586.0 4.75
587.0 4.8046875
588.0 4.7734375
589.0 4.6953125
590.0 4.65625
591.0 4.6875
592.0 4.7734375
593.0 4.65625
594.0 4.8125
595.0 4.7734375
596.0 4.7109375
597.0 4.609375
598.0 4.625
599.0 4.53125
