0.0 5.3984375
1.0 0.5546875
2.0 8.171875
3.0 6.6484375
4.0 5.1875
5.0 5.0390625
6.0 5.0234375
7.0 5.171875
8.0 5.1328125
9.0 5.21875
10.0 5.421875
11.0 5.6171875
12.0 5.9296875
13.0 5.484375
14.0 3.5625
15.0 7.375
16.0 5.3515625
17.0 5.6328125
18.0 3.7734375
19.0 7.4296875
20.0 5.46875
21.0 5.8203125
22.0 5.96875
23.0 5.890625
24.0 5.640625
25.0 5.828125
26.0 6.15625
27.0 5.6640625
28.0 5.84375
29.0 5.375
30.0 4.875
31.0 5.859375
32.0 4.5703125
33.0 6.8359375
34.0 3.859375
35.0 7.21875
36.0 5.6171875
37.0 5.9140625
38.0 5.7265625
39.0 5.578125
40.0 4.890625
41.0 5.375
42.0 4.9921875
43.0 5.2734375
44.0 3.4375
45.0 6.3046875
46.0 4.8671875
47.0 5.3359375
48.0 4.953125
49.0 5.3984375
50.0 5.4609375
51.0 4.8671875
52.0 4.6328125
53.0 4.6015625
54.0 4.5390625
55.0 4.8671875
56.0 5.4609375
57.0 4.8125
58.0 4.875
59.0 4.8125
60.0 1.1484375
61.0 9.6953125
62.0 4.953125
63.0 4.9453125
64.0 5.515625
65.0 5.671875
66.0 5.421875
67.0 5.3203125
68.0 5.5
69.0 5.46875
70.0 5.546875
71.0 4.9765625
72.0 5.1875
73.0 5.53125
74.0 5.8125
75.0 4.6015625
76.0 7.0078125
77.0 5.765625
78.0 5.9921875
79.0 6.0390625
80.0 5.8203125
81.0 5.7109375
82.0 5.46875
83.0 5.96875
84.0 5.6171875
85.0 5.4375
86.0 5.25
87.0 5.734375
88.0 5.453125
89.0 2.515625
90.0 6.3515625
91.0 9.1875
92.0 6.296875
93.0 6.4453125
94.0 3.96875
95.0 7.7890625
96.0 5.40625
97.0 5.5859375
98.0 5.8515625
99.0 6.0078125
100.0 5.7265625
101.0 5.7578125
102.0 5.6640625
103.0 5.3828125
104.0 5.6796875
105.0 5.671875
106.0 5.3984375
107.0 5.4296875
108.0 4.75
109.0 6.421875
110.0 5.5859375
111.0 5.8203125
112.0 5.5625
113.0 5.3515625
114.0 2.9296875
115.0 7.84375
116.0 5.203125
117.0 5.375
118.0 5.6171875
119.0 5.7890625
120.0 5.796875
121.0 5.8203125
122.0 5.671875
123.0 5.421875
124.0 3.875
125.0 8.2265625
126.0 5.9921875
127.0 5.640625
128.0 5.765625
129.0 5.7109375
130.0 5.8828125
131.0 6.0546875
132.0 5.7578125
133.0 5.7890625
134.0 5.9296875
135.0 6.078125
136.0 5.9609375
137.0 5.9140625
138.0 5.609375
139.0 0.8828125
140.0 10.828125
141.0 5.9296875
142.0 3.859375
143.0 8.078125
144.0 6.0234375
145.0 5.9140625
146.0 3.640625
147.0 7.546875
148.0 5.8125
149.0 5.453125
150.0 5.375
151.0 5.4921875
152.0 5.578125
153.0 5.2578125
154.0 5.25
155.0 4.9453125
156.0 3.296875
157.0 6.8671875
158.0 5.3203125
159.0 5.3984375
160.0 5.015625
161.0 5.0390625
162.0 4.71875
163.0 4.6953125
164.0 5.4609375
165.0 5.9609375
166.0 5.8515625
167.0 5.859375
168.0 5.6015625
169.0 5.5
170.0 5.734375
171.0 3.1484375
172.0 8.265625
173.0 5.1015625
174.0 5.0546875
175.0 4.3671875
176.0 0.671875
177.0 9.34375
178.0 4.46875
179.0 2.578125
180.0 2.640625
181.0 3.8828125
182.0 5.2890625
183.0 5.125
184.0 4.921875
185.0 5.3671875
186.0 5.4296875
187.0 5.3046875
188.0 1.4375
189.0 9.3984375
190.0 5.4921875
191.0 4.6640625
192.0 1.296875
193.0 8.1953125
194.0 5.546875
195.0 5.7890625
196.0 5.9765625
197.0 5.6484375
198.0 5.484375
199.0 5.484375
200.0 5.203125
201.0 5.4921875
202.0 5.25
203.0 5.3671875
204.0 5.078125
205.0 5.25
206.0 2.09375
207.0 7.8359375
208.0 4.9921875
209.0 5.0859375
210.0 4.859375
211.0 5.796875
212.0 5.078125
213.0 5.2890625
214.0 5.2734375
215.0 5.25
216.0 5.3203125
217.0 5.3515625
218.0 3.25
219.0 7.546875
220.0 5.6328125
221.0 5.5625
222.0 5.46875
223.0 5.7109375
224.0 5.5859375
225.0 5.609375
226.0 5.3359375
227.0 5.2578125
228.0 5.5546875
229.0 5.4296875
230.0 5.4375
231.0 5.3359375
232.0 3.109375
233.0 7.9140625
234.0 5.484375
235.0 5.484375
236.0 5.6953125
237.0 5.3515625
238.0 5.796875
239.0 5.3984375
240.0 4.5625
241.0 5.8515625
242.0 5.375
243.0 5.3984375
244.0 5.3203125
245.0 5.1953125
246.0 5.3125
247.0 5.3125
248.0 5.203125
249.0 4.8984375
250.0 4.9609375
251.0 5.1875
252.0 5.1015625
253.0 2.7890625
254.0 8.0859375
255.0 5.5546875
256.0 5.2734375
257.0 5.3203125
258.0 5.171875
259.0 5.140625
260.0 5.0859375
261.0 3.6171875
262.0 5.5625
263.0 7.2734375
264.0 5.1875
265.0 5.0234375
266.0 5.109375
267.0 5.15625
268.0 5.5
269.0 5.671875
270.0 3.6484375
271.0 7.21875
272.0 5.53125
273.0 5.4609375
274.0 5.1953125
275.0 5.3828125
276.0 5.375
277.0 5.2890625
278.0 4.234375
279.0 2.875
280.0 4.953125
281.0 5.140625
282.0 5.0546875
283.0 5.15625
284.0 3.3671875
285.0 6.59375
286.0 5.1015625
287.0 5.1875
288.0 5.2890625
289.0 4.953125
290.0 4.9453125
291.0 4.78125
292.0 4.9453125
293.0 5.1015625
294.0 4.9609375
295.0 4.9765625
296.0 4.9921875
297.0 4.7421875
298.0 2.3125
299.0 7.3984375
300.0 5.140625
301.0 5.046875
302.0 5.1328125
303.0 5.3828125
304.0 5.203125
305.0 2.578125
306.0 7.8125
307.0 4.90625
308.0 4.8671875
309.0 4.9765625
310.0 3.4140625
311.0 6.8828125
312.0 5.515625
313.0 5.46875
314.0 5.3515625
315.0 5.1875
316.0 4.8984375
317.0 4.953125
318.0 5.25
319.0 5.3359375
320.0 5.078125
321.0 5.2890625
322.0 5.890625
323.0 5.75
324.0 5.46875
325.0 5.4375
326.0 5.125
327.0 5.234375
328.0 4.9609375
329.0 5.140625
330.0 5.34375
331.0 5.34375
332.0 5.3671875
333.0 5.171875
334.0 5.2578125
335.0 4.1328125
336.0 6.625
337.0 5.0703125
338.0 5.046875
339.0 3.9375
340.0 2.7890625
341.0 7.2578125
342.0 4.9765625
343.0 5.203125
344.0 4.90625
345.0 4.78125
346.0 4.9921875
347.0 4.9296875
348.0 5.078125
349.0 5.2734375
350.0 5.1953125
351.0 5.0703125
352.0 5.1640625
353.0 5.1953125
354.0 2.4609375
355.0 7.5703125
356.0 5.1328125
357.0 5.1328125
358.0 1.65625
359.0 8.7734375
360.0 5.140625
361.0 5.3515625
362.0 5.234375
363.0 5.203125
364.0 5.234375
365.0 5.109375
366.0 5.3125
367.0 5.1328125
368.0 5.0234375
369.0 4.9609375
370.0 4.9296875
371.0 2.75
372.0 7.390625
373.0 4.6328125
374.0 4.90625
375.0 5.3359375
376.0 5.25
377.0 5.28125
378.0 5.234375
379.0 5.375
380.0 5.1640625
381.0 5.2890625
382.0 5.484375
383.0 5.421875
384.0 5.3125
385.0 5.2734375
386.0 5.203125
387.0 5.0390625
388.0 5.109375
389.0 5.2890625
390.0 2.4921875
391.0 8.2265625
392.0 5.2578125
393.0 5.3828125
394.0 4.9921875
395.0 4.515625
396.0 5.0546875
397.0 4.9453125
398.0 4.9453125
399.0 4.6015625
400.0 4.6953125
401.0 4.65625
402.0 4.6484375
403.0 4.984375
404.0 4.890625
405.0 4.8671875
406.0 3.40625
407.0 6.78125
408.0 5.109375
409.0 5.2734375
410.0 3.53125
411.0 7.2421875
412.0 5.1015625
413.0 5.453125
414.0 5.2734375
415.0 5.078125
416.0 5.453125
417.0 5.203125
418.0 5.1328125
419.0 5.0546875
420.0 3.515625
421.0 6.5390625
422.0 5.171875
423.0 5.109375
424.0 4.953125
425.0 5.3828125
426.0 3.84375
427.0 7.2421875
428.0 5.2265625
429.0 4.625
430.0 4.625
431.0 5.2890625
432.0 3.6953125
433.0 6.8359375
434.0 5.171875
435.0 5.203125
436.0 5.125
437.0 4.8046875
438.0 4.890625
439.0 4.9609375
440.0 4.9609375
441.0 5.015625
442.0 3.46875
443.0 6.3203125
444.0 4.6015625
445.0 4.90625
446.0 5.140625
447.0 5.1953125
448.0 5.2734375
449.0 4.875
450.0 5.140625
451.0 5.0859375
452.0 5.2890625
453.0 5.1015625
454.0 5.140625
455.0 5.3203125
456.0 5.484375
457.0 5.2890625
458.0 1.5703125
459.0 9.4609375
460.0 5.3359375
461.0 5.546875
462.0 0.640625
463.0 9.7421875
464.0 5.2578125
465.0 5.53125
466.0 5.078125
467.0 5.3125
468.0 5.3828125
469.0 4.7265625
470.0 4.515625
471.0 4.625
472.0 4.6484375
473.0 4.984375
474.0 5.1953125
475.0 3.6484375
476.0 7.15625
477.0 5.0390625
478.0 5.21875
479.0 5.203125
480.0 4.03125
481.0 6.390625
482.0 5.21875
483.0 5.578125
484.0 5.7890625
485.0 5.9296875
486.0 5.6015625
487.0 5.4609375
488.0 4.9921875
489.0 5.203125
490.0 5.140625
491.0 5.4296875
492.0 5.3359375
493.0 5.1875
494.0 1.921875
495.0 9.4609375
496.0 5.34375
497.0 5.4375
498.0 5.4921875
499.0 5.53125
500.0 2.5390625
501.0 8.59375
502.0 5.3125
503.0 5.671875
504.0 5.1875
505.0 5.4296875
506.0 6.0546875
507.0 6.03125
508.0 5.6640625
509.0 5.28125
510.0 5.171875
511.0 5.4609375
512.0 5.4609375
513.0 4.6484375
514.0 6.5703125
515.0 5.5859375
516.0 5.734375
517.0 5.5234375
518.0 5.609375
519.0 0.8125
520.0 10.1640625
521.0 5.21875
522.0 5.421875
523.0 5.6015625
524.0 5.640625
525.0 5.5859375
526.0 5.4609375
527.0 5.75
528.0 5.6015625
529.0 5.7109375
530.0 5.6953125
531.0 4.5703125
532.0 4.65625
533.0 7.34375
534.0 5.3359375
535.0 2.421875
536.0 8.6484375
537.0 5.53125
538.0 3.9765625
539.0 7.375
540.0 5.3046875
541.0 5.4296875
542.0 5.4921875
543.0 5.34375
544.0 5.578125
545.0 5.46875
546.0 5.34375
547.0 5.0703125
548.0 5.3046875
549.0 5.5546875
550.0 5.5234375
551.0 5.703125
552.0 5.8203125
553.0 1.0625
554.0 10.5078125
555.0 5.609375
556.0 4.0390625
557.0 7.5078125
558.0 6.0
559.0 3.9375
560.0 7.0078125
561.0 5.171875
562.0 5.25
563.0 5.3515625
564.0 5.4921875
565.0 5.6484375
566.0 5.3984375
567.0 5.796875
568.0 5.703125
569.0 5.578125
570.0 5.671875
571.0 5.5
572.0 5.734375
573.0 3.7578125
574.0 7.1015625
575.0 5.2734375
576.0 5.3671875
577.0 5.453125
578.0 5.421875
579.0 5.4296875
580.0 5.3359375
581.0 5.96875
582.0 5.7890625
583.0 5.6015625
584.0 5.5625
585.0 5.421875
586.0 5.7578125
587.0 5.453125
588.0 5.1640625
589.0 5.3203125
590.0 5.4296875
591.0 5.5546875
592.0 5.4921875
593.0 0.3671875
594.0 8.4609375
595.0 5.125
596.0 5.2578125
597.0 5.515625
598.0 5.6015625
599.0 5.1875
