0.0 5.5625
1.0 5.375
2.0 1.234375
3.0 9.7421875
4.0 5.203125
5.0 4.9296875
6.0 5.0078125
7.0 4.3046875
8.0 4.5
9.0 5.7265625
10.0 5.546875
11.0 5.40625
12.0 5.6484375
13.0 6.453125
14.0 6.3359375
15.0 2.71875
16.0 8.8671875
17.0 5.8828125
18.0 6.078125
19.0 5.703125
20.0 3.3515625
21.0 8.421875
22.0 5.9140625
23.0 5.5234375
24.0 6.0390625
25.0 6.78125
26.0 3.8515625
27.0 8.9375
28.0 6.140625
29.0 6.3828125
30.0 6.0078125
31.0 6.0234375
32.0 5.96875
33.0 5.9609375
34.0 6.3203125
35.0 6.46875
36.0 4.09375
37.0 8.5390625
38.0 5.578125
39.0 5.5546875
40.0 5.9609375
41.0 5.859375
42.0 5.4375
43.0 5.40625
44.0 5.0546875
45.0 4.71875
46.0 3.078125
47.0 7.2109375
48.0 5.671875
49.0 4.0078125
50.0 2.0703125
51.0 1.375
52.0 3.921875
53.0 6.0
54.0 6.09375
55.0 5.875
56.0 6.3515625
57.0 6.03125
58.0 6.421875
59.0 4.3515625
60.0 2.609375
61.0 5.453125
62.0 6.03125
63.0 6.1796875
64.0 5.9609375
65.0 5.8203125
66.0 6.2578125
67.0 6.3828125
68.0 6.0390625
69.0 5.6015625
70.0 5.703125
71.0 3.796875
72.0 8.03125
73.0 5.9140625
74.0 5.828125
75.0 6.0234375
76.0 5.6796875
77.0 5.75
78.0 5.78125
79.0 5.9765625
80.0 6.03125
81.0 5.6640625
82.0 5.875
83.0 5.609375
84.0 2.7109375
85.0 9.390625
86.0 6.0
87.0 6.109375
88.0 5.890625
89.0 3.8203125
90.0 8.2578125
91.0 6.1796875
92.0 6.1875
93.0 5.828125
94.0 5.875
95.0 6.1484375
96.0 5.9453125
97.0 5.8203125
98.0 5.734375
99.0 6.2421875
100.0 5.9921875
101.0 6.0625
102.0 2.5078125
103.0 9.921875
104.0 6.078125
105.0 6.3359375
106.0 5.375
107.0 5.9453125
108.0 5.9453125
109.0 6.203125
110.0 5.9609375
111.0 5.7265625
112.0 5.8203125
113.0 5.7578125
114.0 5.8125
115.0 5.890625
116.0 6.1875
117.0 6.4140625
118.0 6.140625
119.0 4.796875
120.0 7.703125
121.0 6.09375
122.0 6.0859375
123.0 6.3046875
124.0 6.1171875
125.0 1.859375
126.0 10.5234375
127.0 6.5625
128.0 6.40625
129.0 5.9453125
130.0 6.09375
131.0 5.96875
132.0 6.296875
133.0 6.234375
134.0 5.8515625
135.0 6.0859375
136.0 6.5703125
137.0 6.6796875
138.0 6.296875
139.0 1.7421875
140.0 10.96875
141.0 6.53125
142.0 6.765625
143.0 6.453125
144.0 2.25
145.0 11.1328125
146.0 6.6484375
147.0 6.453125
148.0 6.3046875
149.0 6.4140625
150.0 6.703125
151.0 6.7109375
152.0 6.2109375
153.0 6.3671875
154.0 6.5
155.0 6.5
156.0 4.53125
157.0 7.8125
158.0 6.5078125
159.0 6.6640625
160.0 3.890625
161.0 8.5078125
162.0 6.3359375
163.0 6.265625
164.0 5.875
165.0 6.0859375
166.0 6.171875
167.0 6.1875
168.0 5.9140625
169.0 5.9453125
170.0 5.9765625
171.0 5.8515625
172.0 5.9453125
173.0 5.2265625
174.0 6.6328125
175.0 6.0234375
176.0 6.140625
177.0 6.0390625
178.0 4.6796875
179.0 7.1875
180.0 5.734375
181.0 6.0625
182.0 6.0546875
183.0 6.3203125
184.0 6.2265625
185.0 6.0390625
186.0 6.2578125
187.0 6.2578125
188.0 6.03125
189.0 6.328125
190.0 6.03125
191.0 5.703125
192.0 1.296875
193.0 10.734375
194.0 5.734375
195.0 5.6328125
196.0 1.2890625
197.0 9.875
198.0 5.5
199.0 5.6171875
200.0 5.75
201.0 5.84375
202.0 5.859375
203.0 6.0
204.0 5.7890625
205.0 5.7578125
206.0 5.828125
207.0 5.6015625
208.0 6.2734375
209.0 6.203125
210.0 2.015625
211.0 10.4140625
212.0 6.1484375
213.0 6.234375
214.0 6.140625
215.0 6.1484375
216.0 6.140625
217.0 5.9375
218.0 6.0390625
219.0 5.6640625
220.0 5.9765625
221.0 5.8203125
222.0 6.0546875
223.0 5.90625
224.0 5.8203125
225.0 5.6640625
226.0 6.1875
227.0 6.3359375
228.0 3.515625
229.0 9.1171875
230.0 6.4453125
231.0 6.109375
232.0 6.2890625
233.0 6.828125
234.0 6.03125
235.0 6.1875
236.0 6.4453125
237.0 6.0546875
238.0 6.078125
239.0 6.5859375
240.0 6.140625
241.0 5.9453125
242.0 6.484375
243.0 6.3046875
244.0 6.8359375
245.0 6.59375
246.0 4.609375
247.0 8.5234375
248.0 6.625
249.0 7.0625
250.0 6.4375
251.0 4.1484375
252.0 8.9375
253.0 6.6875
254.0 6.2421875
255.0 5.9921875
256.0 6.6171875
257.0 6.421875
258.0 6.5078125
259.0 6.3203125
260.0 4.1875
261.0 8.5234375
262.0 6.3671875
263.0 6.140625
264.0 5.7578125
265.0 6.0859375
266.0 3.953125
267.0 8.1328125
268.0 6.296875
269.0 5.90625
270.0 6.1171875
271.0 6.234375
272.0 3.6484375
273.0 8.015625
274.0 5.828125
275.0 5.5859375
276.0 5.4296875
277.0 5.765625
278.0 5.859375
279.0 5.6484375
280.0 5.4609375
281.0 5.703125
282.0 5.796875
283.0 5.609375
284.0 5.34375
285.0 5.3984375
286.0 5.375
287.0 3.1484375
288.0 6.140625
289.0 7.6171875
290.0 3.7109375
291.0 8.1953125
292.0 5.671875
293.0 5.7109375
294.0 5.8125
295.0 5.9140625
296.0 5.9296875
297.0 5.859375
298.0 5.8125
299.0 6.1171875
300.0 5.8203125
301.0 5.34375
302.0 5.4296875
303.0 5.2578125
304.0 2.890625
305.0 8.046875
306.0 5.75
307.0 6.2890625
308.0 6.3203125
309.0 6.296875
310.0 6.359375
311.0 6.2421875
312.0 4.8359375
313.0 3.7890625
314.0 7.359375
315.0 5.734375
316.0 5.796875
317.0 5.828125
318.0 6.46875
319.0 5.9765625
320.0 5.34375
321.0 4.7265625
322.0 1.7109375
323.0 7.6953125
324.0 5.96875
325.0 6.3203125
326.0 6.171875
327.0 5.9765625
328.0 5.640625
329.0 5.3359375
330.0 5.3046875
331.0 5.84375
332.0 6.2578125
333.0 6.2421875
334.0 5.8203125
335.0 6.125
336.0 4.9296875
337.0 7.25
338.0 5.375
339.0 5.5625
340.0 5.9765625
341.0 5.875
342.0 6.078125
343.0 6.2109375
344.0 6.078125
345.0 6.2109375
346.0 5.9375
347.0 5.3046875
348.0 4.5390625
349.0 5.34375
350.0 5.609375
351.0 6.5
352.0 5.5625
353.0 5.8828125
354.0 5.9921875
355.0 6.2421875
356.0 6.0546875
357.0 6.328125
358.0 6.0078125
359.0 6.2109375
360.0 5.9296875
361.0 5.3359375
362.0 5.3984375
363.0 5.9140625
364.0 5.671875
365.0 5.6484375
366.0 6.2109375
367.0 5.765625
368.0 6.3203125
369.0 6.2265625
370.0 6.09375
371.0 6.265625
372.0 6.328125
373.0 5.9921875
374.0 5.96875
375.0 2.390625
376.0 9.5546875
377.0 6.171875
378.0 6.125
379.0 5.6953125
380.0 2.4609375
381.0 9.125
382.0 3.7578125
383.0 7.578125
384.0 3.5859375
385.0 5.3828125
386.0 5.9140625
387.0 5.875
388.0 5.6796875
389.0 5.7578125
390.0 3.828125
391.0 3.4609375
392.0 3.5234375
393.0 7.984375
394.0 5.78125
395.0 6.234375
396.0 6.7109375
397.0 6.2578125
398.0 5.5234375
399.0 5.78125
400.0 5.75
401.0 5.28125
402.0 5.375
403.0 5.734375
404.0 5.4921875
405.0 5.9453125
406.0 4.65625
407.0 6.6328125
408.0 3.6171875
409.0 8.265625
410.0 6.0546875
411.0 5.875
412.0 6.5
413.0 6.265625
414.0 6.125
415.0 6.5546875
416.0 6.4375
417.0 6.3671875
418.0 6.265625
419.0 6.078125
420.0 5.90625
421.0 5.6640625
422.0 5.3203125
423.0 6.5
424.0 5.0234375
425.0 4.484375
426.0 5.9921875
427.0 6.625
428.0 6.109375
429.0 6.2109375
430.0 6.1796875
431.0 6.5078125
432.0 6.1875
433.0 5.734375
434.0 6.0234375
435.0 6.1875
436.0 6.0390625
437.0 6.0
438.0 3.90625
439.0 8.2109375
440.0 5.96875
441.0 6.03125
442.0 5.9375
443.0 5.9296875
444.0 5.9375
445.0 3.7578125
446.0 8.234375
447.0 5.9375
448.0 5.84375
449.0 6.2578125
450.0 6.0546875
451.0 5.9453125
452.0 5.828125
453.0 6.0546875
454.0 5.6484375
455.0 5.28125
456.0 5.3203125
457.0 1.5546875
458.0 7.8359375
459.0 5.828125
460.0 6.390625
461.0 5.828125
462.0 5.9140625
463.0 5.9765625
464.0 5.7578125
465.0 5.28125
466.0 5.3359375
467.0 4.6328125
468.0 2.3984375
469.0 0.09375
470.0 9.6015625
471.0 5.3046875
472.0 5.3984375
473.0 5.5234375
474.0 5.6796875
475.0 5.453125
476.0 5.3671875
477.0 5.4296875
478.0 5.4375
479.0 5.3359375
480.0 5.3046875
481.0 5.4609375
482.0 5.6953125
483.0 5.6640625
484.0 5.3828125
485.0 5.3203125
486.0 5.515625
487.0 5.3125
488.0 4.984375
489.0 1.359375
490.0 9.2109375
491.0 4.78125
492.0 5.3984375
493.0 5.9140625
494.0 5.6171875
495.0 5.140625
496.0 6.3671875
497.0 5.5234375
498.0 5.734375
499.0 5.8203125
500.0 5.6171875
501.0 4.578125
502.0 5.1640625
503.0 5.28125
504.0 4.1015625
505.0 4.0859375
506.0 5.3046875
507.0 5.484375
508.0 4.875
509.0 6.265625
510.0 2.6875
511.0 6.5859375
512.0 4.0234375
513.0 4.484375
514.0 5.421875
515.0 5.5859375
516.0 5.765625
517.0 5.765625
518.0 5.796875
519.0 5.34375
520.0 5.6796875
521.0 5.6484375
522.0 3.7109375
523.0 7.8671875
524.0 5.53125
525.0 5.4296875
526.0 5.6171875
527.0 6.078125
528.0 5.8515625
529.0 4.59375
530.0 4.171875
531.0 5.796875
532.0 5.6796875
533.0 5.2265625
534.0 5.46875
535.0 5.578125
536.0 5.3359375
537.0 0.9375
538.0 10.4296875
539.0 5.546875
540.0 5.578125
541.0 5.53125
542.0 5.5859375
543.0 5.7578125
544.0 5.6015625
545.0 5.546875
546.0 5.53125
547.0 5.6328125
548.0 5.8125
549.0 5.9296875
550.0 5.875
551.0 5.6015625
552.0 5.859375
553.0 5.734375
554.0 5.9140625
555.0 5.078125
556.0 6.421875
557.0 6.0
558.0 4.875
559.0 3.5859375
560.0 5.3671875
561.0 5.8125
562.0 6.09375
563.0 6.03125
564.0 6.0234375
565.0 6.0078125
566.0 6.2578125
567.0 6.2578125
568.0 6.5
569.0 6.3828125
570.0 6.734375
571.0 6.171875
572.0 6.4765625
573.0 6.7421875
574.0 6.0859375
575.0 6.109375
576.0 5.9296875
577.0 5.0078125
578.0 6.921875
579.0 6.859375
580.0 6.421875
581.0 6.2578125
582.0 5.9140625
583.0 6.140625
584.0 5.9765625
585.0 6.109375
586.0 6.2265625
587.0 6.1875
588.0 5.8515625
589.0 6.203125
590.0 6.0234375
591.0 6.828125
592.0 6.2421875
593.0 6.3828125
594.0 6.3671875
595.0 6.0078125
596.0 3.4765625
597.0 9.421875
598.0 6.296875
599.0 5.8515625
