0.0 6.40625
1.0 6.2265625
2.0 5.734375
3.0 6.0234375
4.0 3.265625
5.0 9.9296875
6.0 6.296875
7.0 6.4140625
8.0 6.2421875
9.0 6.3046875
10.0 5.7265625
11.0 5.9140625
12.0 6.265625
13.0 6.3828125
14.0 6.7109375
15.0 6.828125
16.0 6.65625
17.0 6.4453125
18.0 6.859375
19.0 6.890625
20.0 6.6484375
21.0 6.890625
22.0 6.59375
23.0 6.625
24.0 6.765625
25.0 6.1875
26.0 6.5078125
27.0 6.3359375
28.0 7.0625
29.0 6.4375
30.0 7.046875
31.0 6.78125
32.0 6.859375
33.0 5.90625
34.0 7.2734375
35.0 6.8828125
36.0 6.921875
37.0 6.6328125
38.0 6.3359375
39.0 6.4765625
40.0 3.5234375
41.0 9.875
42.0 6.7734375
43.0 6.7421875
44.0 6.59375
45.0 6.6484375
46.0 6.6328125
47.0 6.6875
48.0 6.78125
49.0 6.828125
50.0 6.8046875
51.0 6.984375
52.0 6.7421875
53.0 2.25
54.0 12.078125
55.0 6.8828125
56.0 7.109375
57.0 6.7109375
58.0 6.9296875
59.0 6.703125
60.0 6.3515625
61.0 3.0390625
62.0 9.8203125
63.0 6.5078125
64.0 6.1875
65.0 6.5625
66.0 6.0546875
67.0 6.3359375
68.0 5.9765625
69.0 6.484375
70.0 6.6640625
71.0 6.1796875
72.0 5.6640625
73.0 6.359375
74.0 5.3671875
75.0 4.75
76.0 6.0234375
77.0 6.2578125
78.0 5.4375
79.0 5.3984375
80.0 6.1796875
81.0 5.6796875
82.0 5.7265625
83.0 5.4296875
84.0 4.9296875
85.0 5.203125
86.0 4.8984375
87.0 2.1640625
88.0 6.484375
89.0 2.9921875
90.0 2.9375
91.0 6.0078125
92.0 5.1328125
93.0 4.5703125
94.0 1.078125
95.0 8.6015625
96.0 5.171875
97.0 5.6015625
98.0 4.6875
99.0 3.1953125
100.0 5.3203125
101.0 2.890625
102.0 1.328125
103.0 4.2109375
104.0 5.46875
105.0 5.9921875
106.0 6.9453125
107.0 5.859375
108.0 8.140625
109.0 7.1328125
110.0 6.8125
111.0 6.8828125
112.0 6.6640625
113.0 6.8828125
114.0 6.2578125
115.0 6.8046875
116.0 6.71875
117.0 6.78125
118.0 6.78125
119.0 6.625
120.0 6.734375
121.0 6.59375
122.0 6.7734375
123.0 6.2578125
124.0 6.6875
125.0 4.984375
126.0 5.5546875
127.0 6.953125
128.0 6.40625
129.0 6.75
130.0 7.4609375
131.0 5.7890625
132.0 8.40625
133.0 6.5859375
134.0 5.9375
135.0 4.828125
136.0 6.09375
137.0 7.078125
138.0 7.1640625
139.0 6.2734375
140.0 6.2109375
141.0 6.4765625
142.0 5.484375
143.0 6.0625
144.0 6.3671875
145.0 4.5703125
146.0 3.21875
147.0 4.2734375
148.0 6.140625
149.0 4.203125
150.0 7.4609375
151.0 4.921875
152.0 4.953125
153.0 2.265625
154.0 6.8828125
155.0 6.265625
156.0 6.5859375
157.0 6.828125
158.0 6.6171875
159.0 6.2109375
160.0 3.7421875
161.0 5.4296875
162.0 6.5546875
163.0 4.546875
164.0 0.765625
165.0 9.2265625
166.0 6.3515625
167.0 6.421875
168.0 5.0703125
169.0 3.3203125
170.0 3.5859375
171.0 6.0390625
172.0 6.125
173.0 6.46875
174.0 6.6796875
175.0 6.703125
176.0 5.546875
177.0 5.90625
178.0 5.3828125
179.0 4.9765625
180.0 5.4296875
181.0 6.296875
182.0 6.65625
183.0 2.6875
184.0 9.875
185.0 6.3203125
186.0 6.7734375
187.0 6.3359375
188.0 6.203125
189.0 6.8828125
190.0 6.65625
191.0 6.6640625
192.0 6.59375
193.0 2.9921875
194.0 9.84375
195.0 6.359375
196.0 6.765625
197.0 6.6796875
198.0 6.53125
199.0 6.765625
200.0 6.8984375
201.0 6.5859375
202.0 6.5
203.0 6.5390625
204.0 6.65625
205.0 6.734375
206.0 6.1171875
207.0 3.703125
208.0 0.0
209.0 8.203125
210.0 5.859375
211.0 5.7109375
212.0 6.0
213.0 3.25
214.0 9.2109375
215.0 5.9140625
216.0 5.3515625
217.0 5.9453125
218.0 5.4921875
219.0 5.2734375
220.0 5.578125
221.0 5.8125
222.0 5.4609375
223.0 5.484375
224.0 5.90625
225.0 5.90625
226.0 3.015625
227.0 5.6171875
228.0 3.265625
229.0 2.1953125
230.0 1.984375
231.0 8.5546875
232.0 6.6796875
233.0 6.890625
234.0 7.3984375
235.0 7.1953125
236.0 7.3671875
237.0 7.0078125
238.0 7.2890625
239.0 7.3984375
240.0 7.421875
241.0 7.40625
242.0 7.2890625
243.0 7.0703125
244.0 1.9765625
245.0 12.3984375
246.0 6.8828125
247.0 6.890625
248.0 6.78125
249.0 7.9296875
250.0 7.375
251.0 7.3984375
252.0 7.8203125
253.0 5.3125
254.0 5.4375
255.0 7.109375
256.0 7.5703125
257.0 7.9140625
258.0 7.65625
259.0 7.9375
260.0 7.875
261.0 7.1796875
262.0 7.84375
263.0 7.6015625
264.0 7.8671875
265.0 6.8671875
266.0 7.5234375
267.0 7.1015625
268.0 6.765625
269.0 7.3125
270.0 7.546875
271.0 7.3984375
272.0 7.96875
273.0 7.671875
274.0 7.6875
275.0 6.0546875
276.0 3.0234375
277.0 9.84375
278.0 7.40625
279.0 7.3125
280.0 7.03125
281.0 6.6640625
282.0 3.546875
283.0 1.5390625
284.0 0.0
285.0 10.328125
286.0 6.65625
287.0 3.34375
288.0 6.8359375
289.0 4.9609375
290.0 4.875
291.0 6.53125
292.0 7.125
293.0 6.125
294.0 6.6875
295.0 2.59375
296.0 7.9296875
297.0 6.3671875
298.0 7.609375
299.0 7.34375
300.0 7.78125
301.0 7.765625
302.0 7.2109375
303.0 7.0625
304.0 6.9453125
305.0 7.3359375
306.0 6.2421875
307.0 6.984375
308.0 6.0859375
309.0 3.703125
310.0 3.8046875
311.0 3.8203125
312.0 5.0078125
313.0 7.28125
314.0 7.2890625
315.0 7.6015625
316.0 5.1640625
317.0 1.3203125
318.0 11.28125
319.0 5.4296875
320.0 1.625
321.0 6.125
322.0 7.5546875
323.0 4.5625
324.0 4.203125
325.0 6.515625
326.0 6.2734375
327.0 6.1171875
328.0 4.6875
329.0 3.34375
330.0 3.8828125
331.0 1.8984375
332.0 6.109375
333.0 2.4296875
334.0 1.671875
335.0 1.6484375
336.0 2.1015625
337.0 7.28125
338.0 5.7109375
339.0 5.4375
340.0 5.671875
341.0 5.765625
342.0 5.765625
343.0 5.6796875
344.0 5.28125
345.0 5.2890625
346.0 5.5859375
347.0 5.765625
348.0 6.0
349.0 5.859375
350.0 6.125
351.0 5.3828125
352.0 6.59375
353.0 5.421875
354.0 5.9140625
355.0 3.953125
356.0 7.1875
357.0 5.9296875
358.0 5.8515625
359.0 5.75
360.0 5.21875
361.0 5.078125
362.0 4.7578125
363.0 4.59375
364.0 5.046875
365.0 3.1484375
366.0 4.7109375
367.0 6.2421875
368.0 5.9375
369.0 6.2734375
370.0 1.4765625
371.0 9.6640625
372.0 3.515625
373.0 1.359375
374.0 0.0
375.0 8.046875
376.0 5.46875
377.0 5.125
378.0 6.0625
379.0 4.359375
380.0 4.1328125
381.0 4.6875
382.0 5.3046875
383.0 5.484375
384.0 5.7578125
385.0 5.9296875
386.0 6.171875
387.0 4.6640625
388.0 5.9453125
389.0 4.3828125
390.0 4.1875
391.0 4.6015625
392.0 5.5
393.0 4.3203125
394.0 6.5078125
395.0 5.421875
396.0 5.6328125
397.0 5.546875
398.0 5.3515625
399.0 5.1015625
400.0 5.4921875
401.0 5.4609375
402.0 5.6328125
403.0 5.5546875
404.0 5.4375
405.0 5.578125
406.0 5.7109375
407.0 0.9609375
408.0 9.7734375
409.0 4.859375
410.0 5.1328125
411.0 2.265625
412.0 8.1171875
413.0 2.0
414.0 7.765625
415.0 5.90625
416.0 5.6796875
417.0 5.7265625
418.0 5.109375
419.0 5.6484375
420.0 5.5546875
421.0 5.453125
422.0 5.6015625
423.0 5.90625
424.0 5.40625
425.0 5.3359375
426.0 4.90625
427.0 6.0546875
428.0 5.6171875
429.0 4.21875
430.0 6.8125
431.0 5.75
432.0 5.875
433.0 5.9921875
434.0 5.6328125
435.0 5.890625
436.0 5.9296875
437.0 6.0859375
438.0 5.40625
439.0 5.3671875
440.0 5.234375
441.0 5.28125
442.0 5.0078125
443.0 5.609375
444.0 5.421875
445.0 2.9375
446.0 5.0390625
447.0 2.5390625
448.0 7.546875
449.0 6.0390625
450.0 6.6171875
451.0 6.6015625
452.0 6.6640625
453.0 6.0859375
454.0 5.7265625
455.0 5.8828125
456.0 5.828125
457.0 4.828125
458.0 5.6640625
459.0 5.9375
460.0 5.8828125
461.0 2.65625
462.0 9.0703125
463.0 5.78125
464.0 5.5625
465.0 1.625
466.0 10.53125
467.0 5.84375
468.0 6.890625
469.0 5.40625
470.0 5.15625
471.0 5.8828125
472.0 5.4921875
473.0 6.765625
474.0 6.3046875
475.0 6.125
476.0 5.75
477.0 3.9375
478.0 5.46875
479.0 5.0546875
480.0 6.2109375
481.0 6.1875
482.0 6.0859375
483.0 2.375
484.0 9.0703125
485.0 5.9453125
486.0 5.0546875
487.0 5.9375
488.0 6.765625
489.0 6.3203125
490.0 6.171875
491.0 6.09375
492.0 5.9921875
493.0 6.1484375
494.0 5.9609375
495.0 5.6328125
496.0 4.9453125
497.0 3.6796875
498.0 6.296875
499.0 8.5859375
500.0 5.9765625
501.0 6.3671875
502.0 5.9921875
503.0 5.890625
504.0 6.78125
505.0 6.6796875
506.0 6.359375
507.0 6.2265625
508.0 6.390625
509.0 6.5703125
510.0 6.8828125
511.0 7.015625
512.0 6.7421875
513.0 6.1796875
514.0 6.2109375
515.0 6.7421875
516.0 6.2890625
517.0 7.015625
518.0 7.0078125
519.0 6.0
520.0 6.0
521.0 6.5078125
522.0 2.0859375
523.0 11.4609375
524.0 6.75
525.0 4.7109375
526.0 8.8984375
527.0 2.96875
528.0 7.109375
529.0 6.0546875
530.0 6.765625
531.0 6.9140625
532.0 6.359375
533.0 5.453125
534.0 6.4140625
535.0 6.4375
536.0 6.515625
537.0 6.625
538.0 6.84375
539.0 6.515625
540.0 6.0546875
541.0 6.6171875
542.0 5.828125
543.0 6.078125
544.0 5.9765625
545.0 6.1171875
546.0 5.4375
547.0 6.515625
548.0 6.5703125
549.0 6.3046875
550.0 6.75
551.0 6.234375
552.0 6.390625
553.0 6.3359375
554.0 4.203125
555.0 8.46875
556.0 5.5859375
557.0 6.0
558.0 5.3515625
559.0 7.2421875
560.0 6.3203125
561.0 5.421875
562.0 5.40625
563.0 5.453125
564.0 6.2109375
565.0 6.09375
566.0 6.734375
567.0 6.65625
568.0 6.7109375
569.0 6.8984375
570.0 6.6796875
571.0 2.8359375
572.0 10.7265625
573.0 6.6328125
574.0 6.9296875
575.0 6.9140625
576.0 6.8984375
577.0 6.8671875
578.0 2.8125
579.0 10.4453125
580.0 6.53125
581.0 6.953125
582.0 6.8671875
583.0 6.2109375
584.0 6.6484375
585.0 6.2734375
586.0 6.3828125
587.0 6.6328125
588.0 6.359375
589.0 6.3046875
590.0 6.3046875
591.0 6.6484375
592.0 6.734375
593.0 6.2421875
594.0 6.3203125
595.0 6.65625
596.0 7.1875
597.0 6.6875
598.0 6.0390625
599.0 6.6484375
