0.0 4.9765625
1.0 5.0234375
2.0 3.296875
3.0 0.6875
4.0 6.5390625
5.0 2.9296875
6.0 3.4921875
7.0 2.875
8.0 3.8046875
9.0 6.234375
10.0 6.40625
11.0 6.328125
12.0 6.140625
13.0 5.8203125
14.0 5.671875
15.0 5.5625
16.0 5.9140625
17.0 5.75
18.0 6.0078125
19.0 4.5390625
20.0 4.1328125
21.0 4.7578125
22.0 4.796875
23.0 4.59375
24.0 3.8515625
25.0 0.0
26.0 10.171875
27.0 6.125
28.0 5.765625
29.0 5.8203125
30.0 5.796875
31.0 5.3671875
32.0 5.734375
33.0 6.09375
34.0 4.171875
35.0 5.6796875
36.0 5.3515625
37.0 5.171875
38.0 4.9453125
39.0 4.921875
40.0 5.8515625
41.0 5.671875
42.0 4.9765625
43.0 4.1875
44.0 4.75
45.0 5.5234375
46.0 5.3515625
47.0 4.6875
48.0 0.3125
49.0 8.9453125
50.0 5.0859375
51.0 5.828125
52.0 5.421875
53.0 5.125
54.0 4.3671875
55.0 0.2109375
56.0 7.875
57.0 5.0390625
58.0 5.1640625
59.0 4.8671875
60.0 4.984375
61.0 5.203125
62.0 5.765625
63.0 6.2109375
64.0 5.609375
65.0 5.7109375
66.0 6.4765625
67.0 6.2890625
68.0 4.53125
69.0 8.1328125
70.0 6.53125
71.0 5.8828125
72.0 6.296875
73.0 6.59375
74.0 6.515625
75.0 6.171875
76.0 3.265625
77.0 8.859375
78.0 5.8828125
79.0 6.078125
80.0 6.03125
81.0 3.6953125
82.0 8.0546875
83.0 6.1171875
84.0 6.1484375
85.0 5.703125
86.0 6.3671875
87.0 6.0078125
88.0 4.7265625
89.0 3.015625
90.0 4.890625
91.0 3.328125
92.0 2.921875
93.0 4.125
94.0 4.0546875
95.0 4.921875
96.0 4.9921875
97.0 2.5703125
98.0 4.1328125
99.0 6.1484375
100.0 3.3671875
101.0 7.2265625
102.0 3.8828125
103.0 4.328125
104.0 4.3515625
105.0 0.984375
106.0 8.71875
107.0 5.7578125
108.0 5.7890625
109.0 5.375
110.0 4.6953125
111.0 5.640625
112.0 5.125
113.0 4.953125
114.0 5.578125
115.0 5.9296875
116.0 5.7265625
117.0 3.078125
118.0 8.015625
119.0 6.2421875
120.0 4.796875
121.0 4.65625
122.0 4.28125
123.0 4.921875
124.0 6.0078125
125.0 5.609375
126.0 3.8515625
127.0 3.53125
128.0 5.484375
129.0 6.78125
130.0 7.0625
131.0 6.5
132.0 4.1875
133.0 5.8828125
134.0 5.7109375
135.0 5.5
136.0 6.2578125
137.0 6.0625
138.0 6.0390625
139.0 6.328125
140.0 4.8046875
141.0 3.171875
142.0 3.1640625
143.0 0.0
144.0 9.2734375
145.0 5.9375
146.0 6.2578125
147.0 6.1484375
148.0 6.203125
149.0 5.8828125
150.0 6.328125
151.0 6.2890625
152.0 4.8359375
153.0 3.375
154.0 5.7109375
155.0 5.9140625
156.0 5.0078125
157.0 4.5390625
158.0 5.3046875
159.0 4.609375
160.0 4.3828125
161.0 6.0625
162.0 6.1484375
163.0 5.7578125
164.0 6.0859375
165.0 6.5078125
166.0 6.203125
167.0 6.125
168.0 6.1796875
169.0 6.6640625
170.0 6.0546875
171.0 6.0234375
172.0 5.8828125
173.0 5.859375
174.0 6.0625
175.0 6.171875
176.0 6.1796875
177.0 5.375
178.0 4.0859375
179.0 3.734375
180.0 5.9296875
181.0 5.9140625
182.0 5.859375
183.0 5.7578125
184.0 5.6640625
185.0 5.671875
186.0 5.6484375
187.0 5.15625
188.0 3.109375
189.0 5.75
190.0 2.7890625
191.0 5.3203125
192.0 6.65625
193.0 6.6015625
194.0 6.2734375
195.0 6.1171875
196.0 5.859375
197.0 5.78125
198.0 5.7578125
199.0 6.1171875
200.0 5.9609375
201.0 5.7109375
202.0 5.515625
203.0 6.0859375
204.0 6.40625
205.0 6.296875
206.0 2.671875
207.0 10.2265625
208.0 6.2421875
209.0 6.0
210.0 2.1015625
211.0 10.0703125
212.0 6.1875
213.0 6.2734375
214.0 5.609375
215.0 5.1015625
216.0 4.1171875
217.0 6.2578125
218.0 5.78125
219.0 6.5859375
220.0 6.3359375
221.0 6.4375
222.0 5.875
223.0 6.125
224.0 1.7890625
225.0 9.921875
226.0 5.734375
227.0 5.6796875
228.0 6.0859375
229.0 6.265625
230.0 6.03125
231.0 6.3046875
232.0 5.0546875
233.0 4.875
234.0 6.7421875
235.0 5.8125
236.0 5.5234375
237.0 4.3515625
238.0 4.46875
239.0 6.15625
240.0 4.8125
241.0 6.484375
242.0 5.765625
243.0 5.7265625
244.0 3.171875
245.0 0.0
246.0 0.0
247.0 4.59375
248.0 0.8046875
249.0 2.8984375
250.0 4.71875
251.0 4.78125
252.0 4.1171875
253.0 5.1015625
254.0 4.296875
255.0 5.203125
256.0 5.75
257.0 5.9140625
258.0 5.3125
259.0 5.4921875
260.0 5.78125
261.0 5.7578125
262.0 5.171875
263.0 4.6875
264.0 4.3984375
265.0 5.1640625
266.0 5.5625
267.0 6.0859375
268.0 5.1875
269.0 0.1640625
270.0 9.75
271.0 5.34375
272.0 5.1953125
273.0 5.3515625
274.0 5.0078125
275.0 5.3515625
276.0 5.6640625
277.0 5.3671875
278.0 5.75
279.0 4.8359375
280.0 4.953125
281.0 4.8359375
282.0 6.125
283.0 5.4375
284.0 5.5546875
285.0 5.703125
286.0 5.1953125
287.0 5.1875
288.0 4.78125
289.0 3.796875
290.0 6.2265625
291.0 4.875
292.0 5.0078125
293.0 5.515625
294.0 5.21875
295.0 4.53125
296.0 4.0
297.0 4.6640625
298.0 5.21875
299.0 5.5625
300.0 4.7578125
301.0 1.4453125
302.0 6.75
303.0 5.0703125
304.0 4.359375
305.0 4.2734375
306.0 5.078125
307.0 5.515625
308.0 3.9375
309.0 1.1796875
310.0 7.078125
311.0 3.40625
312.0 3.6171875
313.0 4.0625
314.0 4.6796875
315.0 5.1015625
316.0 5.21875
317.0 5.28125
318.0 5.234375
319.0 5.25
320.0 4.453125
321.0 4.4140625
322.0 5.21875
323.0 5.0859375
324.0 5.1015625
325.0 5.0234375
326.0 5.21875
327.0 5.2890625
328.0 4.7265625
329.0 5.3359375
330.0 3.5859375
331.0 2.7421875
332.0 2.65625
333.0 2.5625
334.0 2.90625
335.0 2.328125
336.0 2.4765625
337.0 1.2421875
338.0 4.78125
339.0 6.3671875
340.0 4.46875
341.0 5.40625
342.0 4.890625
343.0 1.8515625
344.0 2.2421875
345.0 3.1640625
346.0 4.84375
347.0 4.484375
348.0 4.28125
349.0 4.4765625
350.0 4.859375
351.0 5.3359375
352.0 5.453125
353.0 2.9296875
354.0 2.921875
355.0 3.0390625
356.0 0.0
357.0 9.875
358.0 5.203125
359.0 5.234375
360.0 5.734375
361.0 5.453125
362.0 4.8359375
363.0 0.46875
364.0 9.6015625
365.0 3.1484375
366.0 3.1484375
367.0 4.59375
368.0 4.5625
369.0 4.7109375
370.0 3.8515625
371.0 3.5234375
372.0 5.0859375
373.0 5.0078125
374.0 2.1796875
375.0 5.8515625
376.0 5.3046875
377.0 5.1953125
378.0 5.3515625
379.0 5.3984375
380.0 5.3125
381.0 4.515625
382.0 3.5859375
383.0 5.3125
384.0 3.84375
385.0 3.609375
386.0 5.515625
387.0 6.1484375
388.0 5.671875
389.0 5.828125
390.0 4.1796875
391.0 7.25
392.0 5.9921875
393.0 5.9375
394.0 5.140625
395.0 4.6875
396.0 5.0078125
397.0 5.3515625
398.0 5.515625
399.0 5.5859375
400.0 6.140625
401.0 5.75
402.0 6.140625
403.0 3.8515625
404.0 7.3203125
405.0 2.8203125
406.0 0.484375
407.0 4.8046875
408.0 5.796875
409.0 5.0234375
410.0 5.4375
411.0 5.3125
412.0 5.7109375
413.0 5.234375
414.0 5.84375
415.0 5.703125
416.0 5.9375
417.0 5.828125
418.0 5.9296875
419.0 5.75
420.0 3.3984375
421.0 4.625
422.0 7.765625
423.0 5.8515625
424.0 6.0078125
425.0 6.484375
426.0 6.0546875
427.0 6.328125
428.0 5.484375
429.0 2.0078125
430.0 6.703125
431.0 5.1640625
432.0 2.21875
433.0 2.65625
434.0 2.234375
435.0 0.0
436.0 8.4609375
437.0 5.25
438.0 5.40625
439.0 5.1875
440.0 5.0859375
441.0 4.9453125
442.0 5.0546875
443.0 4.953125
444.0 5.203125
445.0 5.1328125
446.0 5.046875
447.0 5.3984375
448.0 5.3671875
449.0 0.0390625
450.0 9.7890625
451.0 4.265625
452.0 3.515625
453.0 0.8671875
454.0 6.921875
455.0 3.7421875
456.0 3.65625
457.0 4.171875
458.0 4.234375
459.0 5.203125
460.0 5.5625
461.0 4.28125
462.0 3.90625
463.0 5.34375
464.0 4.84375
465.0 5.3984375
466.0 4.515625
467.0 0.0
468.0 8.9765625
469.0 0.96875
470.0 7.375
471.0 2.953125
472.0 3.2578125
473.0 4.328125
474.0 3.7890625
475.0 4.5078125
476.0 4.7109375
477.0 4.84375
478.0 5.015625
479.0 5.3046875
480.0 4.6875
481.0 4.6015625
482.0 5.3984375
483.0 1.4609375
484.0 10.625
485.0 5.6328125
486.0 6.6484375
487.0 6.53125
488.0 4.3515625
489.0 8.34375
490.0 6.140625
491.0 6.0
492.0 5.6640625
493.0 5.609375
494.0 6.140625
495.0 5.9140625
496.0 5.6171875
497.0 4.7578125
498.0 4.546875
499.0 3.28125
500.0 6.2265625
501.0 5.484375
502.0 6.0546875
503.0 5.78125
504.0 5.34375
505.0 5.421875
506.0 5.3359375
507.0 4.984375
508.0 6.3515625
509.0 6.0
510.0 5.53125
511.0 5.6484375
512.0 5.4921875
513.0 5.703125
514.0 5.6953125
515.0 5.578125
516.0 5.5234375
517.0 5.4375
518.0 5.875
519.0 5.5546875
520.0 5.6640625
521.0 2.84375
522.0 7.6328125
523.0 4.3671875
524.0 4.8359375
525.0 5.546875
526.0 5.5625
527.0 5.109375
528.0 5.2265625
529.0 4.90625
530.0 5.140625
531.0 5.2265625
532.0 5.0703125
533.0 4.5625
534.0 4.875
535.0 5.0703125
536.0 4.9921875
537.0 5.5625
538.0 5.796875
539.0 3.953125
540.0 6.84375
541.0 5.3984375
542.0 4.6953125
543.0 5.34375
544.0 3.0
545.0 8.3203125
546.0 5.734375
547.0 5.9296875
548.0 4.8046875
549.0 4.7578125
550.0 3.5546875
551.0 3.203125
552.0 5.1328125
553.0 5.8203125
554.0 5.7109375
555.0 5.5625
556.0 1.3828125
557.0 7.9375
558.0 5.1875
559.0 5.6796875
560.0 5.90625
561.0 5.2265625
562.0 5.6640625
563.0 5.4921875
564.0 2.3984375
565.0 9.3671875
566.0 5.40625
567.0 5.4296875
568.0 5.734375
569.0 5.3828125
570.0 4.203125
571.0 2.125
572.0 8.2265625
573.0 4.875
574.0 5.0859375
575.0 5.53125
576.0 5.15625
577.0 5.2734375
578.0 5.2578125
579.0 5.078125
580.0 4.6796875
581.0 4.1875
582.0 6.4453125
583.0 5.2734375
584.0 2.15625
585.0 8.046875
586.0 4.65625
587.0 4.984375
588.0 4.6640625
589.0 4.625
590.0 5.3203125
591.0 5.28125
592.0 4.828125
593.0 4.6953125
594.0 5.140625
595.0 5.15625
596.0 5.28125
597.0 5.546875
598.0 5.4609375
599.0 5.2890625
