0.0 7.2109375
1.0 6.40625
2.0 6.0078125
3.0 5.3046875
4.0 5.375
5.0 5.3828125
6.0 6.1484375
7.0 5.1015625
8.0 5.6484375
9.0 4.90625
10.0 6.09375
11.0 6.1796875
12.0 6.265625
13.0 6.75
14.0 5.8828125
15.0 5.125
16.0 5.0078125
17.0 0.9296875
18.0 0.0
19.0 6.4375
20.0 4.3515625
21.0 5.21875
22.0 5.1328125
23.0 4.28125
24.0 6.3828125
25.0 6.15625
26.0 2.1796875
27.0 7.2421875
28.0 4.890625
29.0 4.71875
30.0 3.765625
31.0 1.0234375
32.0 0.0
33.0 7.8359375
34.0 2.0
35.0 5.734375
36.0 5.5
37.0 4.921875
38.0 2.890625
39.0 0.0
40.0 6.3359375
41.0 2.8984375
42.0 3.6171875
43.0 2.953125
44.0 3.140625
45.0 4.1875
46.0 3.078125
47.0 0.6328125
48.0 7.9140625
49.0 2.7734375
50.0 1.671875
51.0 4.0078125
52.0 0.9609375
53.0 1.46875
54.0 1.4921875
55.0 1.7578125
56.0 2.453125
57.0 1.9140625
58.0 0.984375
59.0 0.7265625
60.0 1.71875
61.0 1.2109375
62.0 1.421875
63.0 1.890625
64.0 1.09375
65.0 0.0
66.0 6.1171875
67.0 2.8203125
68.0 2.65625
69.0 2.5703125
70.0 2.265625
71.0 1.46875
72.0 0.0
73.0 5.125
74.0 2.7578125
75.0 2.9609375
76.0 2.9375
77.0 2.71875
78.0 3.890625
79.0 3.5234375
80.0 3.4609375
81.0 4.265625
82.0 3.25
83.0 5.53125
84.0 5.6953125
85.0 5.125
86.0 6.3515625
87.0 5.3359375
88.0 6.0390625
89.0 6.234375
90.0 5.75
91.0 3.4296875
92.0 7.7265625
93.0 5.9921875
94.0 6.1484375
95.0 5.9453125
96.0 6.0859375
97.0 6.328125
98.0 5.6171875
99.0 5.640625
100.0 6.4375
101.0 6.421875
102.0 6.3828125
103.0 6.2734375
104.0 3.8203125
105.0 6.140625
106.0 1.703125
107.0 2.234375
108.0 0.0
109.0 0.1796875
110.0 8.1796875
111.0 5.4921875
112.0 6.6328125
113.0 6.265625
114.0 6.625
115.0 6.5859375
116.0 6.484375
117.0 5.9140625
118.0 6.109375
119.0 5.046875
120.0 4.921875
121.0 3.1484375
122.0 6.9296875
123.0 5.46875
124.0 5.140625
125.0 5.25
126.0 5.78125
127.0 4.5078125
128.0 0.0
129.0 7.671875
130.0 3.5546875
131.0 4.0625
132.0 4.234375
133.0 4.9609375
134.0 5.4296875
135.0 6.1875
136.0 5.890625
137.0 6.078125
138.0 5.9140625
139.0 6.078125
140.0 6.0859375
141.0 6.09375
142.0 3.0546875
143.0 8.9140625
144.0 5.484375
145.0 5.7109375
146.0 2.0703125
147.0 8.40625
148.0 5.421875
149.0 5.3125
150.0 5.2890625
151.0 5.375
152.0 4.546875
153.0 5.4375
154.0 5.5546875
155.0 5.6953125
156.0 5.6171875
157.0 5.84375
158.0 5.9140625
159.0 4.75
160.0 6.5625
161.0 5.2890625
162.0 6.0390625
163.0 6.265625
164.0 6.078125
165.0 1.625
166.0 10.8046875
167.0 5.9296875
168.0 6.2890625
169.0 5.4609375
170.0 5.6015625
171.0 6.203125
172.0 6.3828125
173.0 6.4453125
174.0 6.453125
175.0 5.5625
176.0 5.3046875
177.0 1.5078125
178.0 10.859375
179.0 6.359375
180.0 6.1796875
181.0 6.3671875
182.0 6.2421875
183.0 6.2265625
184.0 5.9921875
185.0 3.3671875
186.0 7.734375
187.0 5.9765625
188.0 6.0625
189.0 5.9453125
190.0 6.1796875
191.0 6.171875
192.0 5.0390625
193.0 7.2578125
194.0 6.359375
195.0 6.296875
196.0 5.4921875
197.0 5.453125
198.0 5.75
199.0 5.46875
200.0 4.953125
201.0 5.734375
202.0 6.0546875
203.0 5.890625
204.0 6.203125
205.0 5.53125
206.0 1.953125
207.0 7.9609375
208.0 8.6796875
209.0 6.171875
210.0 6.0625
211.0 5.734375
212.0 6.2421875
213.0 6.5546875
214.0 5.109375
215.0 5.1328125
216.0 4.4765625
217.0 5.734375
218.0 5.96875
219.0 5.90625
220.0 6.125
221.0 4.6796875
222.0 7.21875
223.0 6.328125
224.0 6.8125
225.0 6.4375
226.0 4.8671875
227.0 7.2890625
228.0 6.0
229.0 4.03125
230.0 8.09375
231.0 5.9921875
232.0 5.140625
233.0 4.0703125
234.0 5.3125
235.0 6.2734375
236.0 6.1484375
237.0 5.828125
238.0 6.171875
239.0 5.6015625
240.0 4.6953125
241.0 5.3359375
242.0 5.6953125
243.0 5.0078125
244.0 0.5546875
245.0 11.0
246.0 6.6171875
247.0 6.6171875
248.0 6.109375
249.0 2.4296875
250.0 10.03125
251.0 6.0234375
252.0 6.0234375
253.0 6.15625
254.0 6.2890625
255.0 5.046875
256.0 6.1171875
257.0 6.265625
258.0 5.859375
259.0 5.9609375
260.0 6.3203125
261.0 5.7890625
262.0 1.234375
263.0 10.6484375
264.0 6.0234375
265.0 5.703125
266.0 4.7109375
267.0 6.5390625
268.0 5.703125
269.0 5.515625
270.0 5.6171875
271.0 5.7109375
272.0 5.421875
273.0 5.75
274.0 5.765625
275.0 5.4296875
276.0 5.3984375
277.0 4.9609375
278.0 2.5390625
279.0 6.359375
280.0 4.921875
281.0 4.8359375
282.0 5.046875
283.0 4.9296875
284.0 3.0859375
285.0 7.125
286.0 2.7265625
287.0 1.4921875
288.0 1.1484375
289.0 2.7890625
290.0 3.46875
291.0 5.1875
292.0 4.59375
293.0 3.875
294.0 4.1875
295.0 3.7734375
296.0 2.5078125
297.0 6.796875
298.0 5.53125
299.0 4.9453125
300.0 5.21875
301.0 5.484375
302.0 5.3515625
303.0 4.984375
304.0 5.046875
305.0 5.2890625
306.0 5.453125
307.0 5.6015625
308.0 5.9453125
309.0 2.375
310.0 9.375
311.0 5.6328125
312.0 5.3046875
313.0 5.2890625
314.0 2.984375
315.0 7.046875
316.0 5.2265625
317.0 3.078125
318.0 7.015625
319.0 5.234375
320.0 5.6171875
321.0 5.0546875
322.0 5.0859375
323.0 5.3359375
324.0 5.6640625
325.0 5.421875
326.0 5.7265625
327.0 6.078125
328.0 5.1015625
329.0 5.0546875
330.0 2.5234375
331.0 1.078125
332.0 1.859375
333.0 4.4140625
334.0 5.0546875
335.0 5.1015625
336.0 4.4453125
337.0 5.2265625
338.0 4.9921875
339.0 3.265625
340.0 6.8359375
341.0 4.921875
342.0 4.8359375
343.0 4.53125
344.0 4.2421875
345.0 0.1640625
346.0 6.3515625
347.0 0.8671875
348.0 0.484375
349.0 0.546875
350.0 1.7109375
351.0 4.5625
352.0 4.3046875
353.0 3.6171875
354.0 4.3671875
355.0 4.75
356.0 4.0234375
357.0 5.0234375
358.0 4.453125
359.0 4.1171875
360.0 4.4765625
361.0 4.421875
362.0 4.328125
363.0 2.421875
364.0 7.046875
365.0 4.3984375
366.0 4.6640625
367.0 3.0
368.0 6.6484375
369.0 5.078125
370.0 5.1875
371.0 3.1796875
372.0 6.84375
373.0 4.8359375
374.0 5.125
375.0 3.3203125
376.0 4.4765625
377.0 5.3984375
378.0 4.7109375
379.0 5.2734375
380.0 4.890625
381.0 5.0390625
382.0 5.34375
383.0 5.4609375
384.0 5.2578125
385.0 5.3359375
386.0 5.5
387.0 5.0703125
388.0 5.453125
389.0 5.78125
390.0 5.7265625
391.0 5.734375
392.0 2.65625
393.0 6.6796875
394.0 4.4296875
395.0 5.375
396.0 5.5234375
397.0 2.2421875
398.0 0.0
399.0 0.0
400.0 0.0
401.0 5.046875
402.0 5.1015625
403.0 4.6953125
404.0 5.5859375
405.0 5.9375
406.0 4.6953125
407.0 2.21875
408.0 7.4921875
409.0 5.90625
410.0 6.0078125
411.0 6.359375
412.0 5.3671875
413.0 1.7578125
414.0 9.0703125
415.0 6.109375
416.0 6.171875
417.0 6.2578125
418.0 6.2578125
419.0 5.890625
420.0 6.0546875
421.0 6.1796875
422.0 3.7734375
423.0 5.171875
424.0 6.15625
425.0 6.484375
426.0 4.03125
427.0 3.21875
428.0 5.546875
429.0 2.0390625
430.0 7.3671875
431.0 4.2109375
432.0 2.09375
433.0 2.984375
434.0 5.546875
435.0 5.2890625
436.0 5.5625
437.0 5.84375
438.0 5.7265625
439.0 5.53125
440.0 5.9765625
441.0 6.0078125
442.0 6.1171875
443.0 5.40625
444.0 5.0234375
445.0 4.171875
446.0 6.2890625
447.0 1.734375
448.0 4.25
449.0 4.546875
450.0 5.4609375
451.0 5.828125
452.0 6.0390625
453.0 5.734375
454.0 2.640625
455.0 9.2734375
456.0 5.2890625
457.0 5.3515625
458.0 5.5859375
459.0 3.5546875
460.0 6.984375
461.0 6.0234375
462.0 6.140625
463.0 6.0078125
464.0 5.734375
465.0 5.9140625
466.0 5.640625
467.0 5.859375
468.0 5.046875
469.0 4.859375
470.0 4.9609375
471.0 4.7734375
472.0 0.453125
473.0 10.375
474.0 5.3984375
475.0 4.625
476.0 4.90625
477.0 4.2734375
478.0 4.3671875
479.0 5.0234375
480.0 5.5546875
481.0 5.1875
482.0 5.1875
483.0 5.3671875
484.0 5.4609375
485.0 3.265625
486.0 4.7578125
487.0 5.3046875
488.0 5.46875
489.0 3.8046875
490.0 7.515625
491.0 5.4296875
492.0 5.21875
493.0 5.015625
494.0 5.015625
495.0 0.390625
496.0 9.4296875
497.0 4.84375
498.0 4.890625
499.0 4.6484375
500.0 4.2421875
501.0 4.5625
502.0 4.2421875
503.0 4.265625
504.0 3.8828125
505.0 4.2421875
506.0 3.7265625
507.0 1.34375
508.0 5.2265625
509.0 2.6875
510.0 2.65625
511.0 5.28125
512.0 5.375
513.0 5.5
514.0 5.609375
515.0 5.3125
516.0 0.8203125
517.0 9.359375
518.0 5.21875
519.0 5.109375
520.0 5.3828125
521.0 5.21875
522.0 1.0546875
523.0 10.34375
524.0 5.6171875
525.0 5.5546875
526.0 5.3125
527.0 4.625
528.0 5.3203125
529.0 4.8125
530.0 4.609375
531.0 5.1015625
532.0 5.3203125
533.0 5.0078125
534.0 4.5
535.0 5.3203125
536.0 5.4921875
537.0 3.84375
538.0 0.7265625
539.0 8.265625
540.0 4.921875
541.0 5.515625
542.0 5.21875
543.0 5.0859375
544.0 4.6015625
545.0 4.828125
546.0 5.1875
547.0 5.28125
548.0 5.578125
549.0 5.140625
550.0 5.140625
551.0 4.5390625
552.0 4.9765625
553.0 5.421875
554.0 4.9296875
555.0 4.7265625
556.0 4.4765625
557.0 4.546875
558.0 5.0703125
559.0 5.0703125
560.0 2.328125
561.0 7.2109375
562.0 4.609375
563.0 4.65625
564.0 3.0546875
565.0 6.4453125
566.0 4.9453125
567.0 4.515625
568.0 1.71875
569.0 8.703125
570.0 5.3984375
571.0 5.1875
572.0 5.0859375
573.0 4.53125
574.0 4.8671875
575.0 4.7421875
576.0 5.015625
577.0 5.0078125
578.0 4.7578125
579.0 4.3046875
580.0 4.71875
581.0 2.875
582.0 6.2890625
583.0 4.6875
584.0 5.375
585.0 4.84375
586.0 5.7109375
587.0 5.6484375
588.0 3.4375
589.0 5.9140625
590.0 4.7109375
591.0 4.3671875
592.0 4.6328125
593.0 4.6875
594.0 4.828125
595.0 3.1640625
596.0 6.40625
597.0 4.0546875
598.0 4.3046875
599.0 4.265625
