0.0 4.28125
1.0 3.234375
2.0 2.8984375
3.0 2.8515625
4.0 2.3046875
5.0 5.078125
6.0 3.0390625
7.0 2.78125
8.0 2.875
9.0 2.875
10.0 2.953125
11.0 0.5390625
12.0 5.46875
13.0 3.25
14.0 2.78125
15.0 2.8203125
16.0 0.0
17.0 6.5390625
18.0 3.140625
19.0 3.375
20.0 2.96875
21.0 2.015625
22.0 2.1171875
23.0 2.1171875
24.0 2.3671875
25.0 4.15625
26.0 4.0703125
27.0 4.0625
28.0 4.171875
29.0 4.1015625
30.0 0.484375
31.0 7.9921875
32.0 4.1328125
33.0 4.0390625
34.0 3.4609375
35.0 0.3125
36.0 8.765625
37.0 4.3671875
38.0 4.3671875
39.0 1.9453125
40.0 6.78125
41.0 4.328125
42.0 4.296875
43.0 4.3203125
44.0 4.4453125
45.0 4.203125
46.0 4.21875
47.0 4.265625
48.0 4.3671875
49.0 4.125
50.0 4.25
51.0 4.1796875
52.0 3.90625
53.0 0.0
54.0 8.7734375
55.0 4.21875
56.0 4.171875
57.0 4.1015625
58.0 4.15625
59.0 1.234375
60.0 7.3046875
61.0 4.171875
62.0 4.21875
63.0 4.2734375
64.0 4.453125
65.0 4.3515625
66.0 4.359375
67.0 4.296875
68.0 4.21875
69.0 4.359375
70.0 4.234375
71.0 4.390625
72.0 1.0
73.0 7.640625
74.0 4.4765625
75.0 4.2734375
76.0 4.25
77.0 1.375
78.0 7.3671875
79.0 4.5390625
80.0 4.3203125
81.0 4.2109375
82.0 4.390625
83.0 4.359375
84.0 4.53125
85.0 4.28125
86.0 4.390625
87.0 4.5078125
88.0 4.390625
89.0 0.4375
90.0 8.359375
91.0 4.296875
92.0 4.453125
93.0 4.3828125
94.0 4.5390625
95.0 4.3203125
96.0 4.359375
97.0 4.3984375
98.0 4.2734375
99.0 4.453125
100.0 0.9296875
101.0 8.1328125
102.0 4.5625
103.0 4.46875
104.0 4.3828125
105.0 4.7109375
106.0 4.453125
107.0 4.359375
108.0 4.4453125
109.0 4.3203125
110.0 4.4140625
111.0 2.0
112.0 6.9609375
113.0 4.265625
114.0 4.3046875
115.0 4.4765625
116.0 4.3671875
117.0 4.5
118.0 4.390625
119.0 2.421875
120.0 6.6171875
121.0 4.3828125
122.0 4.3203125
123.0 1.9140625
124.0 6.859375
125.0 2.015625
126.0 6.828125
127.0 3.6796875
128.0 5.203125
129.0 4.453125
130.0 4.3984375
131.0 4.328125
132.0 4.390625
133.0 4.3671875
134.0 4.25
135.0 4.28125
136.0 4.3515625
137.0 4.4453125
138.0 4.421875
139.0 4.390625
140.0 4.3671875
141.0 4.4140625
142.0 4.5390625
143.0 4.5
144.0 4.3984375
145.0 4.5078125
146.0 4.3828125
147.0 2.34375
148.0 6.2265625
149.0 4.4296875
150.0 4.421875
151.0 4.3984375
152.0 4.3984375
153.0 0.5390625
154.0 8.015625
155.0 4.296875
156.0 4.296875
157.0 4.296875
158.0 4.3671875
159.0 4.3671875
160.0 4.421875
161.0 4.25
162.0 4.234375
163.0 4.4140625
164.0 4.28125
165.0 3.734375
166.0 0.03125
167.0 8.890625
168.0 4.328125
169.0 4.3203125
170.0 4.3515625
171.0 3.265625
172.0 5.453125
173.0 4.4453125
174.0 4.3203125
175.0 4.4453125
176.0 4.2109375
177.0 4.3359375
178.0 4.3984375
179.0 4.3359375
180.0 4.3671875
181.0 4.1328125
182.0 4.0546875
183.0 4.1875
184.0 3.6484375
185.0 0.0
186.0 9.0703125
187.0 4.390625
188.0 4.15625
189.0 3.4609375
190.0 5.078125
191.0 4.234375
192.0 4.3984375
193.0 4.28125
194.0 4.3359375
195.0 4.3984375
196.0 4.2109375
197.0 0.5234375
198.0 7.8359375
199.0 4.21875
200.0 4.2421875
201.0 4.390625
202.0 4.25
203.0 4.0390625
204.0 4.15625
205.0 4.3046875
206.0 4.421875
207.0 4.1796875
208.0 4.25
209.0 4.3828125
210.0 4.1875
211.0 1.140625
212.0 7.40625
213.0 4.3046875
214.0 4.1328125
215.0 3.546875
216.0 5.25
217.0 4.171875
218.0 4.3203125
219.0 4.3203125
220.0 4.3984375
221.0 4.265625
222.0 4.3203125
223.0 4.0625
224.0 4.359375
225.0 4.4453125
226.0 4.3515625
227.0 4.453125
228.0 4.453125
229.0 0.7890625
230.0 8.109375
231.0 4.421875
232.0 4.4765625
233.0 4.4765625
234.0 4.453125
235.0 0.2265625
236.0 8.390625
237.0 4.2421875
238.0 4.53125
239.0 4.3203125
240.0 4.421875
241.0 4.3984375
242.0 4.3515625
243.0 4.25
244.0 4.484375
245.0 4.5
246.0 4.296875
247.0 1.421875
248.0 7.3359375
249.0 4.46875
250.0 4.4140625
251.0 4.4765625
252.0 4.2109375
253.0 3.6171875
254.0 4.859375
255.0 4.21875
256.0 4.28125
257.0 4.21875
258.0 4.3515625
259.0 4.3046875
260.0 4.3515625
261.0 4.21875
262.0 4.3515625
263.0 4.453125
264.0 4.4140625
265.0 4.4296875
266.0 3.671875
267.0 5.3515625
268.0 4.46875
269.0 4.328125
270.0 4.4140625
271.0 4.125
272.0 2.7734375
273.0 6.0
274.0 4.359375
275.0 4.03125
276.0 4.2109375
277.0 4.1328125
278.0 4.328125
279.0 4.3203125
280.0 4.4765625
281.0 4.5
282.0 4.296875
283.0 4.3984375
284.0 4.5625
285.0 3.4765625
286.0 0.390625
287.0 9.0703125
288.0 4.5078125
289.0 4.3828125
290.0 4.0859375
291.0 0.2890625
292.0 8.890625
293.0 4.359375
294.0 4.3828125
295.0 4.2109375
296.0 4.3984375
297.0 4.4140625
298.0 4.46875
299.0 4.46875
300.0 4.3515625
301.0 4.6015625
302.0 4.5390625
303.0 2.234375
304.0 6.59375
305.0 4.453125
306.0 3.46875
307.0 2.4609375
308.0 5.5
309.0 4.15625
310.0 4.4765625
311.0 4.21875
312.0 4.3671875
313.0 4.46875
314.0 4.3203125
315.0 4.3828125
316.0 4.484375
317.0 4.328125
318.0 4.53125
319.0 4.5
320.0 4.3984375
321.0 0.6640625
322.0 8.203125
323.0 4.3671875
324.0 4.4453125
325.0 4.3515625
326.0 4.359375
327.0 3.1328125
328.0 5.671875
329.0 4.3515625
330.0 4.515625
331.0 4.4296875
332.0 4.3828125
333.0 4.53125
334.0 4.53125
335.0 4.53125
336.0 4.3203125
337.0 4.4140625
338.0 4.3984375
339.0 4.25
340.0 2.7421875
341.0 6.1796875
342.0 4.4453125
343.0 4.328125
344.0 4.5078125
345.0 4.1015625
346.0 0.0
347.0 9.1171875
348.0 4.3828125
349.0 4.3359375
350.0 4.203125
351.0 4.234375
352.0 4.3203125
353.0 4.0703125
354.0 4.3359375
355.0 4.3046875
356.0 4.484375
357.0 4.3828125
358.0 1.8828125
359.0 6.984375
360.0 4.25
361.0 4.359375
362.0 4.28125
363.0 4.3671875
364.0 4.359375
365.0 4.0625
366.0 0.2109375
367.0 8.4609375
368.0 4.296875
369.0 4.3984375
370.0 4.4453125
371.0 2.0078125
372.0 6.6640625
373.0 4.46875
374.0 4.28125
375.0 4.3671875
376.0 4.2421875
377.0 4.21875
378.0 3.875
379.0 4.203125
380.0 4.25
381.0 4.4765625
382.0 4.3828125
383.0 4.234375
384.0 3.859375
385.0 0.0
386.0 8.703125
387.0 4.25
388.0 4.15625
389.0 4.1328125
390.0 4.2109375
391.0 0.46875
392.0 7.9375
393.0 4.2421875
394.0 4.0234375
395.0 4.0703125
396.0 4.0625
397.0 4.09375
398.0 4.265625
399.0 3.8203125
400.0 4.0859375
401.0 4.0703125
402.0 3.890625
403.0 1.8515625
404.0 6.0859375
405.0 4.1484375
406.0 4.21875
407.0 4.09375
408.0 4.1328125
409.0 4.15625
410.0 4.0625
411.0 4.1015625
412.0 4.0703125
413.0 1.890625
414.0 6.1796875
415.0 4.0390625
416.0 4.1328125
417.0 4.125
418.0 4.09375
419.0 4.0390625
420.0 4.15625
421.0 4.1015625
422.0 4.1796875
423.0 4.15625
424.0 4.1328125
425.0 4.171875
426.0 1.4921875
427.0 6.8828125
428.0 4.0
429.0 4.1015625
430.0 4.2109375
431.0 0.9453125
432.0 7.359375
433.0 4.1484375
434.0 4.0234375
435.0 4.03125
436.0 3.953125
437.0 4.1328125
438.0 4.0390625
439.0 4.1328125
440.0 4.0546875
441.0 4.0859375
442.0 4.0078125
443.0 4.09375
444.0 2.09375
445.0 6.234375
446.0 4.0234375
447.0 4.265625
448.0 4.2109375
449.0 3.4453125
450.0 0.2890625
451.0 8.640625
452.0 4.1015625
453.0 4.0703125
454.0 4.0625
455.0 4.1796875
456.0 4.0703125
457.0 4.125
458.0 4.171875
459.0 4.203125
460.0 4.21875
461.0 4.125
462.0 0.421875
463.0 7.84375
464.0 4.1484375
465.0 4.3046875
466.0 4.1328125
467.0 4.21875
468.0 4.1171875
469.0 4.0546875
470.0 4.296875
471.0 4.1015625
472.0 4.203125
473.0 4.2421875
474.0 2.7734375
475.0 5.5859375
476.0 2.640625
477.0 5.8203125
478.0 4.3359375
479.0 4.2421875
480.0 4.3828125
481.0 4.25
482.0 4.3203125
483.0 4.2734375
484.0 4.3828125
485.0 4.3359375
486.0 4.296875
487.0 3.640625
488.0 3.953125
489.0 4.328125
490.0 1.5703125
491.0 6.8671875
492.0 4.203125
493.0 1.921875
494.0 6.7109375
495.0 4.4453125
496.0 4.46875
497.0 4.59375
498.0 4.2734375
499.0 4.421875
500.0 4.46875
501.0 4.203125
502.0 4.3671875
503.0 4.3359375
504.0 4.453125
505.0 4.328125
506.0 4.1015625
507.0 0.0
508.0 8.5
509.0 4.2109375
510.0 4.21875
511.0 4.25
512.0 0.7265625
513.0 8.015625
514.0 1.984375
515.0 6.6015625
516.0 4.359375
517.0 2.125
518.0 6.765625
519.0 4.296875
520.0 4.25
521.0 4.328125
522.0 4.2421875
523.0 4.3515625
524.0 4.3203125
525.0 4.328125
526.0 4.3984375
527.0 4.4453125
528.0 4.453125
529.0 4.515625
530.0 4.53125
531.0 3.0703125
532.0 5.4921875
533.0 4.453125
534.0 4.453125
535.0 4.3046875
536.0 0.0
537.0 8.7734375
538.0 4.1484375
539.0 4.3984375
540.0 4.234375
541.0 4.328125
542.0 4.46875
543.0 4.53125
544.0 4.4765625
545.0 4.4140625
546.0 2.2109375
547.0 6.5625
548.0 4.46875
549.0 4.203125
550.0 4.3671875
551.0 4.2734375
552.0 4.2734375
553.0 4.3359375
554.0 4.4765625
555.0 4.546875
556.0 4.4765625
557.0 4.3828125
558.0 4.3828125
559.0 2.6953125
560.0 6.0390625
561.0 4.4765625
562.0 4.4140625
563.0 4.578125
564.0 4.5078125
565.0 4.6484375
566.0 4.65625
567.0 4.5390625
568.0 4.46875
569.0 0.984375
570.0 8.234375
571.0 4.6640625
572.0 4.4765625
573.0 4.5078125
574.0 4.4453125
575.0 4.546875
576.0 4.4296875
577.0 0.5390625
578.0 8.1171875
579.0 4.484375
580.0 4.5625
581.0 4.546875
582.0 4.5625
583.0 4.515625
584.0 4.3671875
585.0 4.53125
586.0 4.3671875
587.0 4.4296875
588.0 4.4140625
589.0 4.4296875
590.0 0.7265625
591.0 7.9140625
592.0 4.3984375
593.0 4.265625
594.0 4.2734375
595.0 1.3515625
596.0 7.46875
597.0 4.328125
598.0 4.4140625
599.0 4.484375
