0.0 0.1953125
1.0 7.5703125
2.0 2.8671875
3.0 3.8203125
4.0 3.5546875
5.0 1.53125
6.0 0.0
7.0 8.0
8.0 3.875
9.0 3.6953125
10.0 4.1171875
11.0 3.765625
12.0 3.3671875
13.0 4.1328125
14.0 3.078125
15.0 3.0
16.0 3.1953125
17.0 1.5390625
18.0 1.375
19.0 0.0
20.0 5.6484375
21.0 2.9921875
22.0 3.0390625
23.0 1.9375
24.0 0.9140625
25.0 0.0
26.0 5.4375
27.0 2.625
28.0 3.0
29.0 3.34375
30.0 2.2734375
31.0 2.8125
32.0 2.2109375
33.0 0.2109375
34.0 4.3203125
35.0 1.140625
36.0 3.5859375
37.0 3.3671875
38.0 3.2578125
39.0 2.578125
40.0 2.984375
41.0 3.640625
42.0 3.65625
43.0 3.7578125
44.0 3.109375
45.0 2.6640625
46.0 3.4921875
47.0 3.734375
48.0 2.5625
49.0 1.765625
50.0 5.078125
51.0 2.984375
52.0 3.234375
53.0 3.3828125
54.0 1.1640625
55.0 0.0
56.0 4.234375
57.0 2.1328125
58.0 0.453125
59.0 1.7109375
60.0 2.0390625
61.0 2.4921875
62.0 3.0546875
63.0 2.7421875
64.0 2.25
65.0 2.390625
66.0 3.625
67.0 2.7890625
68.0 0.96875
69.0 4.0703125
70.0 0.0
71.0 6.3671875
72.0 2.0
73.0 2.390625
74.0 1.8046875
75.0 1.703125
76.0 1.6875
77.0 2.90625
78.0 2.8125
79.0 1.890625
80.0 0.0
81.0 7.0390625
82.0 3.40625
83.0 2.640625
84.0 3.1171875
85.0 2.6640625
86.0 2.8671875
87.0 2.9296875
88.0 2.1640625
89.0 1.3828125
90.0 2.1796875
91.0 2.4921875
92.0 0.0625
93.0 6.6328125
94.0 2.5078125
95.0 3.4140625
96.0 3.234375
97.0 3.6171875
98.0 3.3828125
99.0 3.703125
100.0 3.34375
101.0 2.8203125
102.0 2.2734375
103.0 2.2421875
104.0 2.8515625
105.0 2.9921875
106.0 0.0
107.0 7.2578125
108.0 3.3515625
109.0 2.578125
110.0 3.1796875
111.0 3.6171875
112.0 1.265625
113.0 4.609375
114.0 4.53125
115.0 3.796875
116.0 3.6796875
117.0 2.890625
118.0 3.59375
119.0 3.9375
120.0 3.578125
121.0 3.4609375
122.0 3.609375
123.0 3.4921875
124.0 3.546875
125.0 3.3828125
126.0 3.46875
127.0 1.0234375
128.0 5.2265625
129.0 2.6953125
130.0 2.8515625
131.0 2.671875
132.0 3.0
133.0 2.8515625
134.0 3.6796875
135.0 3.34375
136.0 2.3984375
137.0 3.1640625
138.0 3.65625
139.0 3.703125
140.0 4.0078125
141.0 2.7578125
142.0 5.078125
143.0 3.375
144.0 2.046875
145.0 1.2890625
146.0 4.8125
147.0 2.8046875
148.0 3.3984375
149.0 3.53125
150.0 3.890625
151.0 2.8125
152.0 3.921875
153.0 0.09375
154.0 6.765625
155.0 3.328125
156.0 3.015625
157.0 3.234375
158.0 3.1484375
159.0 3.4765625
160.0 3.1328125
161.0 2.5625
162.0 1.9140625
163.0 2.28125
164.0 2.7421875
165.0 2.8515625
166.0 2.2734375
167.0 0.75
168.0 0.0
169.0 5.9140625
170.0 1.34375
171.0 1.7890625
172.0 2.296875
173.0 1.953125
174.0 0.5859375
175.0 5.703125
176.0 2.1796875
177.0 3.40625
178.0 2.6875
179.0 3.28125
180.0 4.03125
181.0 3.8203125
182.0 3.078125
183.0 1.9375
184.0 2.5078125
185.0 2.1953125
186.0 2.671875
187.0 3.2265625
188.0 3.34375
189.0 2.78125
190.0 1.0859375
191.0 4.7109375
192.0 2.8984375
193.0 2.75
194.0 2.8984375
195.0 2.984375
196.0 0.8515625
197.0 5.0546875
198.0 1.1171875
199.0 5.578125
200.0 2.9921875
201.0 2.8046875
202.0 2.640625
203.0 3.015625
204.0 2.8515625
205.0 2.515625
206.0 2.875
207.0 2.9609375
208.0 2.8984375
209.0 3.4296875
210.0 3.625
211.0 3.5859375
212.0 2.5390625
213.0 0.328125
214.0 6.0
215.0 3.765625
216.0 3.9453125
217.0 3.203125
218.0 3.90625
219.0 3.921875
220.0 3.6796875
221.0 0.8359375
222.0 6.9453125
223.0 4.03125
224.0 3.671875
225.0 3.25
226.0 3.6171875
227.0 3.765625
228.0 3.4765625
229.0 3.65625
230.0 3.65625
231.0 3.4140625
232.0 3.9140625
233.0 3.84375
234.0 2.6875
235.0 0.0
236.0 8.0625
237.0 3.28125
238.0 3.921875
239.0 3.2578125
240.0 2.5234375
241.0 0.1796875
242.0 8.140625
243.0 3.1640625
244.0 3.53125
245.0 3.40625
246.0 3.59375
247.0 3.375
248.0 2.875
249.0 3.65625
250.0 3.7734375
251.0 3.546875
252.0 3.40625
253.0 3.546875
254.0 3.1171875
255.0 2.2109375
256.0 0.0
257.0 5.859375
258.0 1.96875
259.0 1.7421875
260.0 2.2109375
261.0 2.6640625
262.0 3.625
263.0 3.59375
264.0 3.9453125
265.0 3.640625
266.0 3.21875
267.0 2.546875
268.0 0.328125
269.0 6.0859375
270.0 3.140625
271.0 3.015625
272.0 2.6015625
273.0 3.0234375
274.0 3.5625
275.0 4.0
276.0 3.203125
277.0 1.734375
278.0 0.0
279.0 7.1640625
280.0 2.71875
281.0 2.8203125
282.0 3.515625
283.0 3.640625
284.0 3.5625
285.0 3.3203125
286.0 0.0
287.0 7.2734375
288.0 2.90625
289.0 2.9375
290.0 3.3125
291.0 3.46875
292.0 3.3515625
293.0 2.9375
294.0 3.015625
295.0 3.7734375
296.0 3.2265625
297.0 3.5859375
298.0 3.6171875
299.0 3.84375
300.0 1.953125
301.0 0.0
302.0 7.9375
303.0 2.9921875
304.0 3.1953125
305.0 2.7734375
306.0 0.0
307.0 6.09375
308.0 2.4453125
309.0 2.421875
310.0 3.3828125
311.0 3.6171875
312.0 3.4453125
313.0 3.4921875
314.0 3.2890625
315.0 2.984375
316.0 1.0859375
317.0 0.0
318.0 5.6015625
319.0 2.7421875
320.0 3.765625
321.0 3.578125
322.0 4.0546875
323.0 3.875
324.0 3.734375
325.0 3.796875
326.0 3.1796875
327.0 3.765625
328.0 3.7890625
329.0 3.5546875
330.0 2.9375
331.0 2.6875
332.0 0.0
333.0 4.9609375
334.0 0.84375
335.0 3.609375
336.0 1.7109375
337.0 1.71875
338.0 1.1640625
339.0 2.28125
340.0 2.96875
341.0 3.1015625
342.0 3.0859375
343.0 3.078125
344.0 3.4921875
345.0 3.640625
346.0 3.2578125
347.0 2.8359375
348.0 3.0
349.0 0.34375
350.0 5.78125
351.0 2.625
352.0 2.7578125
353.0 3.0859375
354.0 2.953125
355.0 1.4765625
356.0 5.21875
357.0 2.9921875
358.0 2.8671875
359.0 2.453125
360.0 2.2421875
361.0 2.7734375
362.0 3.7578125
363.0 2.921875
364.0 3.140625
365.0 2.9921875
366.0 2.3671875
367.0 2.28125
368.0 0.21875
369.0 5.171875
370.0 3.7578125
371.0 2.78125
372.0 1.9453125
373.0 1.8671875
374.0 2.1953125
375.0 1.7890625
376.0 1.421875
377.0 1.734375
378.0 1.9453125
379.0 2.5703125
380.0 2.8203125
381.0 3.046875
382.0 2.75
383.0 2.8046875
384.0 2.421875
385.0 0.0
386.0 7.09375
387.0 2.9921875
388.0 3.5234375
389.0 3.3203125
390.0 3.0
391.0 1.5
392.0 5.1328125
393.0 3.640625
394.0 3.28125
395.0 2.4140625
396.0 2.8125
397.0 2.9921875
398.0 1.28125
399.0 1.640625
400.0 2.6015625
401.0 3.046875
402.0 3.53125
403.0 3.0703125
404.0 0.0
405.0 6.8359375
406.0 2.8671875
407.0 3.109375
408.0 2.65625
409.0 3.4453125
410.0 2.75
411.0 2.3359375
412.0 0.0
413.0 6.953125
414.0 2.7109375
415.0 2.2421875
416.0 2.671875
417.0 2.3984375
418.0 2.7109375
419.0 2.8046875
420.0 1.703125
421.0 1.6171875
422.0 2.375
423.0 2.34375
424.0 2.1015625
425.0 2.1953125
426.0 0.4609375
427.0 0.0
428.0 6.8984375
429.0 2.546875
430.0 2.25
431.0 3.1640625
432.0 1.8828125
433.0 0.0
434.0 7.96875
435.0 3.703125
436.0 3.671875
437.0 4.0
438.0 3.4453125
439.0 3.140625
440.0 3.4921875
441.0 3.2265625
442.0 3.671875
443.0 3.5859375
444.0 3.078125
445.0 3.4609375
446.0 3.5859375
447.0 3.546875
448.0 3.4140625
449.0 3.625
450.0 3.2578125
451.0 1.609375
452.0 2.265625
453.0 3.0859375
454.0 2.59375
455.0 3.296875
456.0 1.9140625
457.0 4.609375
458.0 2.7890625
459.0 3.6171875
460.0 3.21875
461.0 3.0390625
462.0 3.8828125
463.0 3.1484375
464.0 2.234375
465.0 4.46875
466.0 2.953125
467.0 3.5234375
468.0 3.3515625
469.0 2.8515625
470.0 3.7421875
471.0 3.6953125
472.0 3.5
473.0 3.84375
474.0 3.765625
475.0 3.4453125
476.0 3.2578125
477.0 2.984375
478.0 0.0
479.0 7.375
480.0 3.9453125
481.0 3.5
482.0 3.2578125
483.0 3.4609375
484.0 3.921875
485.0 2.953125
486.0 0.7265625
487.0 5.75
488.0 3.609375
489.0 3.765625
490.0 3.7734375
491.0 3.65625
492.0 3.21875
493.0 3.046875
494.0 2.609375
495.0 2.671875
496.0 3.0859375
497.0 2.953125
498.0 3.4140625
499.0 2.2421875
500.0 4.5625
501.0 3.0859375
502.0 3.28125
503.0 3.28125
504.0 3.4921875
505.0 3.84375
506.0 3.53125
507.0 3.6953125
508.0 2.9921875
509.0 0.0
510.0 5.515625
511.0 3.4609375
512.0 3.65625
513.0 3.3671875
514.0 3.140625
515.0 3.890625
516.0 4.15625
517.0 4.0703125
518.0 3.265625
519.0 3.265625
520.0 3.40625
521.0 3.8828125
522.0 3.7890625
523.0 4.1875
524.0 3.7421875
525.0 2.984375
526.0 0.703125
527.0 8.4609375
528.0 3.578125
529.0 3.21875
530.0 3.765625
531.0 1.0625
532.0 6.15625
533.0 2.890625
534.0 3.8828125
535.0 3.875
536.0 3.578125
537.0 3.265625
538.0 2.90625
539.0 2.2109375
540.0 1.296875
541.0 2.8046875
542.0 2.5078125
543.0 0.8359375
544.0 0.0
545.0 6.203125
546.0 2.984375
547.0 3.625
548.0 2.8203125
549.0 3.21875
550.0 2.953125
551.0 2.8671875
552.0 3.3515625
553.0 3.3203125
554.0 3.328125
555.0 3.2265625
556.0 2.640625
557.0 2.1640625
558.0 0.0
559.0 6.828125
560.0 3.6953125
561.0 3.5234375
562.0 2.0078125
563.0 0.390625
564.0 0.0703125
565.0 0.0
566.0 0.0
567.0 4.6484375
568.0 3.015625
569.0 3.7890625
570.0 3.8828125
571.0 3.0859375
572.0 3.7734375
573.0 3.7421875
574.0 2.265625
575.0 5.3828125
576.0 3.890625
577.0 3.3515625
578.0 3.1640625
579.0 2.265625
580.0 3.6171875
581.0 4.09375
582.0 3.7734375
583.0 3.609375
584.0 3.703125
585.0 3.3515625
586.0 3.296875
587.0 3.671875
588.0 2.0859375
589.0 5.2890625
590.0 3.7578125
591.0 3.5
592.0 3.734375
593.0 3.46875
594.0 3.109375
595.0 3.3671875
596.0 3.171875
597.0 0.9296875
598.0 5.34375
599.0 3.7578125
