0.0 6.5546875
1.0 6.625
2.0 6.359375
3.0 6.8046875
4.0 6.59375
5.0 5.734375
6.0 5.1640625
7.0 3.9140625
8.0 4.484375
9.0 5.2265625
10.0 7.703125
11.0 6.328125
12.0 5.3671875
13.0 6.3203125
14.0 6.3203125
15.0 6.5078125
16.0 6.3515625
17.0 6.9765625
18.0 6.734375
19.0 6.2890625
20.0 6.3359375
21.0 6.4453125
22.0 6.2421875
23.0 6.515625
24.0 4.1875
25.0 9.4140625
26.0 6.5546875
27.0 6.3671875
28.0 6.5
29.0 5.40625
30.0 6.6484375
31.0 6.8828125
32.0 5.0703125
33.0 6.75
34.0 6.75
35.0 7.0078125
36.0 6.296875
37.0 6.625
38.0 3.765625
39.0 3.40625
40.0 4.8125
41.0 5.9140625
42.0 6.421875
43.0 6.0625
44.0 6.5859375
45.0 6.6875
46.0 6.6171875
47.0 5.6953125
48.0 6.4375
49.0 6.15625
50.0 5.9375
51.0 6.515625
52.0 6.09375
53.0 5.5859375
54.0 2.4921875
55.0 9.703125
56.0 6.359375
57.0 6.265625
58.0 3.0
59.0 10.3828125
60.0 6.265625
61.0 6.5625
62.0 6.4453125
63.0 5.75
64.0 6.0859375
65.0 5.8828125
66.0 5.75
67.0 4.234375
68.0 3.1953125
69.0 3.875
70.0 4.890625
71.0 6.265625
72.0 6.234375
73.0 6.5625
74.0 6.3515625
75.0 6.2734375
76.0 5.4609375
77.0 6.3671875
78.0 5.8203125
79.0 6.0859375
80.0 6.171875
81.0 5.15625
82.0 4.796875
83.0 4.921875
84.0 5.453125
85.0 4.453125
86.0 4.2421875
87.0 5.96875
88.0 4.3046875
89.0 5.5546875
90.0 4.8125
91.0 5.6171875
92.0 4.7421875
93.0 6.171875
94.0 4.84375
95.0 5.1015625
96.0 5.875
97.0 5.8125
98.0 5.3984375
99.0 5.5
100.0 6.5546875
101.0 5.8515625
102.0 6.1171875
103.0 5.546875
104.0 5.078125
105.0 5.8515625
106.0 5.4609375
107.0 1.8359375
108.0 10.8046875
109.0 6.515625
110.0 6.359375
111.0 5.9296875
112.0 3.53125
113.0 8.625
114.0 6.203125
115.0 6.734375
116.0 5.890625
117.0 6.4453125
118.0 6.0078125
119.0 5.6328125
120.0 5.828125
121.0 5.53125
122.0 6.234375
123.0 6.515625
124.0 6.2265625
125.0 3.796875
126.0 8.421875
127.0 5.5625
128.0 6.2734375
129.0 6.515625
130.0 6.359375
131.0 5.765625
132.0 6.0546875
133.0 5.875
134.0 5.3046875
135.0 5.6171875
136.0 6.0078125
137.0 5.703125
138.0 5.5234375
139.0 5.2890625
140.0 5.9140625
141.0 5.765625
142.0 5.5
143.0 4.3671875
144.0 5.0078125
145.0 6.6015625
146.0 6.2734375
147.0 6.1484375
148.0 6.5
149.0 6.84375
150.0 6.703125
151.0 6.890625
152.0 7.5078125
153.0 7.078125
154.0 6.125
155.0 6.9609375
156.0 3.1953125
157.0 1.859375
158.0 3.7734375
159.0 6.390625
160.0 5.734375
161.0 6.84375
162.0 4.8984375
163.0 4.5625
164.0 5.140625
165.0 3.0859375
166.0 9.390625
167.0 7.390625
168.0 5.890625
169.0 6.421875
170.0 7.1875
171.0 7.2734375
172.0 5.546875
173.0 7.765625
174.0 7.078125
175.0 6.6171875
176.0 6.6484375
177.0 6.5859375
178.0 6.4140625
179.0 6.2109375
180.0 6.265625
181.0 6.6484375
182.0 6.6484375
183.0 6.6171875
184.0 6.765625
185.0 6.2265625
186.0 6.71875
187.0 2.1484375
188.0 11.2734375
189.0 6.65625
190.0 7.109375
191.0 7.21875
192.0 4.125
193.0 6.9140625
194.0 8.9765625
195.0 7.03125
196.0 6.6875
197.0 7.25
198.0 7.0703125
199.0 6.7109375
200.0 7.125
201.0 5.6484375
202.0 6.5625
203.0 7.0703125
204.0 7.140625
205.0 6.9296875
206.0 6.4375
207.0 6.9765625
208.0 7.3359375
209.0 7.6953125
210.0 7.3203125
211.0 6.859375
212.0 3.4609375
213.0 10.65625
214.0 7.1015625
215.0 6.953125
216.0 7.0703125
217.0 7.453125
218.0 7.1796875
219.0 6.765625
220.0 6.8359375
221.0 6.75
222.0 6.9765625
223.0 2.84375
224.0 10.2265625
225.0 6.9765625
226.0 6.765625
227.0 6.390625
228.0 2.015625
229.0 10.40625
230.0 6.7109375
231.0 6.171875
232.0 6.296875
233.0 6.484375
234.0 6.7421875
235.0 6.84375
236.0 6.625
237.0 6.7734375
238.0 7.140625
239.0 6.9765625
240.0 6.890625
241.0 6.953125
242.0 1.640625
243.0 11.7109375
244.0 6.1875
245.0 6.3046875
246.0 6.328125
247.0 6.0078125
248.0 5.4609375
249.0 5.828125
250.0 5.9375
251.0 6.2421875
252.0 6.5
253.0 6.6640625
254.0 6.3515625
255.0 6.7734375
256.0 6.390625
257.0 5.84375
258.0 2.1015625
259.0 10.6796875
260.0 5.78125
261.0 6.6015625
262.0 6.765625
263.0 5.9453125
264.0 6.7734375
265.0 6.265625
266.0 6.8984375
267.0 6.2109375
268.0 6.5078125
269.0 6.3203125
270.0 6.109375
271.0 6.03125
272.0 6.359375
273.0 6.5703125
274.0 6.625
275.0 6.078125
276.0 4.421875
277.0 8.40625
278.0 6.421875
279.0 6.3203125
280.0 4.8984375
281.0 2.9375
282.0 9.2265625
283.0 6.71875
284.0 5.3359375
285.0 5.4296875
286.0 5.3671875
287.0 5.375
288.0 5.46875
289.0 6.109375
290.0 6.4140625
291.0 6.40625
292.0 7.1015625
293.0 7.0390625
294.0 6.125
295.0 4.984375
296.0 5.609375
297.0 5.9296875
298.0 6.2890625
299.0 4.828125
300.0 3.890625
301.0 3.3515625
302.0 3.1953125
303.0 1.1328125
304.0 7.84375
305.0 4.875
306.0 6.0625
307.0 4.09375
308.0 4.796875
309.0 6.140625
310.0 6.3671875
311.0 5.421875
312.0 5.453125
313.0 5.515625
314.0 5.5859375
315.0 5.5546875
316.0 6.0390625
317.0 5.5625
318.0 6.2734375
319.0 6.265625
320.0 6.203125
321.0 6.65625
322.0 6.65625
323.0 6.453125
324.0 3.7109375
325.0 5.90625
326.0 3.4921875
327.0 3.4296875
328.0 0.5859375
329.0 6.296875
330.0 2.4296875
331.0 3.7109375
332.0 6.125
333.0 2.609375
334.0 0.9296875
335.0 0.75
336.0 0.984375
337.0 1.953125
338.0 5.9296875
339.0 6.859375
340.0 6.59375
341.0 6.2734375
342.0 4.625
343.0 5.9296875
344.0 4.9765625
345.0 6.234375
346.0 5.0859375
347.0 6.0078125
348.0 6.2734375
349.0 6.2265625
350.0 6.234375
351.0 5.703125
352.0 5.734375
353.0 6.1875
354.0 5.890625
355.0 5.890625
356.0 6.0
357.0 5.125
358.0 5.7265625
359.0 5.2578125
360.0 5.5
361.0 5.7890625
362.0 5.9296875
363.0 5.75
364.0 5.7890625
365.0 6.234375
366.0 5.6328125
367.0 6.171875
368.0 5.859375
369.0 6.2265625
370.0 6.46875
371.0 6.4453125
372.0 1.2109375
373.0 12.015625
374.0 6.6328125
375.0 4.3203125
376.0 9.4296875
377.0 7.140625
378.0 7.34375
379.0 7.2421875
380.0 7.3671875
381.0 6.859375
382.0 3.7890625
383.0 5.421875
384.0 6.53125
385.0 6.6328125
386.0 6.6875
387.0 6.3828125
388.0 6.734375
389.0 6.2578125
390.0 6.46875
391.0 5.796875
392.0 6.203125
393.0 5.8125
394.0 5.7890625
395.0 6.0390625
396.0 6.390625
397.0 0.96875
398.0 11.09375
399.0 5.78125
400.0 6.5546875
401.0 5.9609375
402.0 6.8125
403.0 6.453125
404.0 6.0625
405.0 6.1171875
406.0 5.6484375
407.0 5.796875
408.0 5.375
409.0 6.0625
410.0 5.2265625
411.0 6.0546875
412.0 5.1875
413.0 6.171875
414.0 5.3671875
415.0 5.9921875
416.0 5.6171875
417.0 6.8125
418.0 6.3671875
419.0 5.5546875
420.0 5.671875
421.0 5.453125
422.0 4.390625
423.0 4.859375
424.0 4.359375
425.0 2.9609375
426.0 4.328125
427.0 3.0703125
428.0 3.8203125
429.0 3.3515625
430.0 2.953125
431.0 0.9609375
432.0 10.703125
433.0 6.5625
434.0 6.53125
435.0 6.2578125
436.0 6.421875
437.0 3.3828125
438.0 7.6328125
439.0 5.46875
440.0 5.859375
441.0 6.5703125
442.0 6.625
443.0 6.203125
444.0 5.796875
445.0 6.0078125
446.0 5.9296875
447.0 4.1875
448.0 8.828125
449.0 5.890625
450.0 6.2734375
451.0 6.09375
452.0 5.5234375
453.0 5.5859375
454.0 5.1640625
455.0 5.1875
456.0 4.3828125
457.0 5.9921875
458.0 5.015625
459.0 5.046875
460.0 5.7890625
461.0 4.625
462.0 1.890625
463.0 6.2578125
464.0 5.3515625
465.0 5.2265625
466.0 6.3359375
467.0 5.8515625
468.0 5.9453125
469.0 1.2578125
470.0 8.390625
471.0 3.921875
472.0 5.4609375
473.0 2.4453125
474.0 8.9453125
475.0 5.5234375
476.0 5.0078125
477.0 4.609375
478.0 3.9921875
479.0 4.6484375
480.0 4.46875
481.0 5.8203125
482.0 5.0390625
483.0 5.515625
484.0 5.203125
485.0 4.7109375
486.0 5.28125
487.0 5.4609375
488.0 0.0
489.0 5.6484375
490.0 4.2421875
491.0 4.7109375
492.0 4.7734375
493.0 5.3203125
494.0 1.1796875
495.0 8.640625
496.0 4.7421875
497.0 4.7109375
498.0 5.1328125
499.0 5.421875
500.0 5.4296875
501.0 5.3828125
502.0 5.3125
503.0 3.0859375
504.0 7.6640625
505.0 5.4921875
506.0 5.203125
507.0 5.3046875
508.0 4.484375
509.0 5.234375
510.0 3.265625
511.0 3.3515625
512.0 4.328125
513.0 3.859375
514.0 4.546875
515.0 5.2890625
516.0 5.2578125
517.0 4.359375
518.0 0.359375
519.0 7.28125
520.0 3.890625
521.0 3.6171875
522.0 2.2734375
523.0 2.84375
524.0 5.046875
525.0 4.9296875
526.0 5.4296875
527.0 5.5546875
528.0 5.28125
529.0 5.515625
530.0 5.3046875
531.0 5.640625
532.0 5.21875
533.0 5.8515625
534.0 5.6328125
535.0 5.7890625
536.0 5.90625
537.0 4.453125
538.0 5.5546875
539.0 5.546875
540.0 5.5546875
541.0 5.1875
542.0 5.453125
543.0 5.3359375
544.0 5.15625
545.0 3.7578125
546.0 6.3046875
547.0 5.3671875
548.0 4.8046875
549.0 5.28125
550.0 4.875
551.0 4.9765625
552.0 5.2734375
553.0 5.3203125
554.0 5.4609375
555.0 5.1640625
556.0 5.0390625
557.0 5.0234375
558.0 4.578125
559.0 5.703125
560.0 5.3984375
561.0 4.578125
562.0 4.5
563.0 4.65625
564.0 5.046875
565.0 4.90625
566.0 4.8984375
567.0 5.53125
568.0 5.2890625
569.0 5.3671875
570.0 5.5
571.0 5.765625
572.0 5.90625
573.0 6.2578125
574.0 5.7578125
575.0 5.1953125
576.0 5.78125
577.0 5.8515625
578.0 5.125
579.0 5.515625
580.0 0.9453125
581.0 5.6328125
582.0 4.75
583.0 4.796875
584.0 5.578125
585.0 5.1875
586.0 5.0390625
587.0 4.6875
588.0 5.109375
589.0 5.109375
590.0 5.1328125
591.0 4.953125
592.0 4.234375
593.0 3.84375
594.0 4.828125
595.0 4.921875
596.0 2.125
597.0 8.375
598.0 5.5
599.0 3.2265625
