0.0 4.65625
1.0 4.6875
2.0 4.9765625
3.0 4.9765625
4.0 4.7578125
5.0 4.25
6.0 0.0
7.0 9.8125
8.0 5.640625
9.0 5.421875
10.0 5.1953125
11.0 4.921875
12.0 1.015625
13.0 8.984375
14.0 4.875
15.0 5.6796875
16.0 4.9765625
17.0 5.5625
18.0 5.1875
19.0 4.875
20.0 4.7421875
21.0 4.6484375
22.0 4.484375
23.0 5.4296875
24.0 5.171875
25.0 5.2265625
26.0 4.859375
27.0 5.3125
28.0 5.8515625
29.0 5.5625
30.0 5.203125
31.0 4.9765625
32.0 5.1875
33.0 4.609375
34.0 3.578125
35.0 2.2734375
36.0 2.875
37.0 4.8984375
38.0 1.390625
39.0 9.2265625
40.0 4.984375
41.0 5.9296875
42.0 5.4296875
43.0 5.8125
44.0 5.53125
45.0 5.75
46.0 5.703125
47.0 5.2734375
48.0 5.1640625
49.0 5.3515625
50.0 5.40625
51.0 5.0546875
52.0 5.0546875
53.0 5.3046875
54.0 5.4296875
55.0 0.2265625
56.0 9.921875
57.0 5.2578125
58.0 5.078125
59.0 2.1015625
60.0 8.3828125
61.0 5.421875
62.0 5.0546875
63.0 5.1953125
64.0 5.2265625
65.0 5.0703125
66.0 4.46875
67.0 4.1171875
68.0 4.203125
69.0 5.203125
70.0 4.9921875
71.0 4.84375
72.0 4.9296875
73.0 4.53125
74.0 4.8125
75.0 4.921875
76.0 5.234375
77.0 5.5625
78.0 5.2578125
79.0 5.3671875
80.0 4.9765625
81.0 5.3125
82.0 5.3359375
83.0 5.7265625
84.0 5.4375
85.0 4.9609375
86.0 4.9921875
87.0 5.4921875
88.0 5.453125
89.0 5.3359375
90.0 5.4375
91.0 5.2578125
92.0 5.3984375
93.0 5.2265625
94.0 5.0390625
95.0 0.390625
96.0 10.265625
97.0 5.515625
98.0 5.3515625
99.0 5.1328125
100.0 4.390625
101.0 6.078125
102.0 4.890625
103.0 4.9765625
104.0 4.0546875
105.0 4.5625
106.0 3.3671875
107.0 3.0
108.0 4.2734375
109.0 4.5703125
110.0 4.234375
111.0 2.921875
112.0 2.8203125
113.0 0.0
114.0 6.390625
115.0 2.6640625
116.0 2.984375
117.0 3.25
118.0 3.265625
119.0 0.421875
120.0 7.5234375
121.0 4.21875
122.0 4.484375
123.0 4.390625
124.0 5.0234375
125.0 4.8984375
126.0 4.6953125
127.0 4.9296875
128.0 4.4140625
129.0 4.7734375
130.0 4.578125
131.0 4.7578125
132.0 4.1015625
133.0 4.296875
134.0 4.953125
135.0 4.921875
136.0 5.1875
137.0 5.140625
138.0 4.578125
139.0 4.75
140.0 4.75
141.0 4.2421875
142.0 3.7421875
143.0 0.140625
144.0 8.921875
145.0 4.9453125
146.0 4.875
147.0 4.9765625
148.0 4.9296875
149.0 4.6328125
150.0 3.7265625
151.0 4.984375
152.0 4.390625
153.0 3.9765625
154.0 4.625
155.0 4.171875
156.0 4.5625
157.0 4.59375
158.0 4.796875
159.0 4.7109375
160.0 4.7109375
161.0 3.25
162.0 3.2578125
163.0 2.875
164.0 0.328125
165.0 0.0
166.0 5.5234375
167.0 0.8046875
168.0 1.3203125
169.0 0.0
170.0 2.0
171.0 2.1328125
172.0 2.015625
173.0 2.5703125
174.0 2.5703125
175.0 2.8671875
176.0 4.515625
177.0 4.0859375
178.0 2.75
179.0 1.6875
180.0 0.0
181.0 6.3203125
182.0 2.4609375
183.0 2.3984375
184.0 2.28125
185.0 0.1796875
186.0 5.4296875
187.0 3.203125
188.0 2.7265625
189.0 2.6875
190.0 3.640625
191.0 5.2890625
192.0 5.21875
193.0 4.796875
194.0 4.2734375
195.0 4.8671875
196.0 3.875
197.0 4.0625
198.0 0.578125
199.0 8.5390625
200.0 4.125
201.0 4.796875
202.0 4.9296875
203.0 5.453125
204.0 5.5625
205.0 4.90625
206.0 4.09375
207.0 1.3828125
208.0 8.6796875
209.0 5.53125
210.0 4.953125
211.0 4.828125
212.0 4.890625
213.0 5.1875
214.0 4.359375
215.0 5.1875
216.0 5.9609375
217.0 6.15625
218.0 6.03125
219.0 6.0625
220.0 6.9296875
221.0 1.0859375
222.0 11.5703125
223.0 6.03125
224.0 2.515625
225.0 9.703125
226.0 5.6328125
227.0 5.2578125
228.0 5.3984375
229.0 4.796875
230.0 4.8125
231.0 4.921875
232.0 5.3671875
233.0 5.3359375
234.0 5.2890625
235.0 5.484375
236.0 5.9140625
237.0 3.3671875
238.0 7.46875
239.0 5.484375
240.0 5.1953125
241.0 5.1953125
242.0 2.0
243.0 8.2421875
244.0 5.546875
245.0 4.6875
246.0 5.0546875
247.0 4.9296875
248.0 5.3125
249.0 4.8046875
250.0 4.859375
251.0 4.6640625
252.0 5.234375
253.0 5.5
254.0 5.46875
255.0 5.7265625
256.0 5.9140625
257.0 6.140625
258.0 6.140625
259.0 5.5546875
260.0 5.40625
261.0 1.9375
262.0 9.3046875
263.0 5.5546875
264.0 5.421875
265.0 5.2890625
266.0 6.0
267.0 6.5625
268.0 6.953125
269.0 6.7734375
270.0 6.984375
271.0 5.78125
272.0 2.78125
273.0 9.6328125
274.0 5.8203125
275.0 6.8984375
276.0 5.640625
277.0 6.15625
278.0 6.1796875
279.0 5.7890625
280.0 5.75
281.0 6.078125
282.0 6.1484375
283.0 6.171875
284.0 6.2890625
285.0 6.5078125
286.0 5.5859375
287.0 2.390625
288.0 8.1953125
289.0 5.234375
290.0 5.34375
291.0 6.125
292.0 6.265625
293.0 5.78125
294.0 3.9921875
295.0 2.7890625
296.0 0.0
297.0 5.1640625
298.0 3.6796875
299.0 6.765625
300.0 4.625
301.0 2.9375
302.0 3.765625
303.0 5.8203125
304.0 6.1171875
305.0 6.9609375
306.0 6.515625
307.0 5.90625
308.0 1.734375
309.0 10.53125
310.0 6.53125
311.0 6.6484375
312.0 6.53125
313.0 7.15625
314.0 6.890625
315.0 6.8984375
316.0 6.8359375
317.0 7.6953125
318.0 7.359375
319.0 6.8828125
320.0 6.734375
321.0 6.9453125
322.0 4.7578125
323.0 2.4609375
324.0 0.0
325.0 0.0
326.0 6.0234375
327.0 5.375
328.0 7.125
329.0 7.3203125
330.0 7.28125
331.0 6.9296875
332.0 6.8828125
333.0 7.1015625
334.0 6.953125
335.0 6.9921875
336.0 7.046875
337.0 2.5625
338.0 11.5625
339.0 6.6640625
340.0 6.2421875
341.0 0.28125
342.0 9.15625
343.0 6.421875
344.0 6.484375
345.0 6.09375
346.0 6.2890625
347.0 5.5546875
348.0 6.078125
349.0 6.40625
350.0 6.3828125
351.0 6.765625
352.0 6.5
353.0 7.3984375
354.0 5.703125
355.0 7.6875
356.0 6.734375
357.0 6.2578125
358.0 7.0078125
359.0 6.78125
360.0 6.71875
361.0 6.921875
362.0 6.4453125
363.0 6.7421875
364.0 6.40625
365.0 5.5546875
366.0 5.34375
367.0 5.828125
368.0 6.6015625
369.0 6.2890625
370.0 6.390625
371.0 5.9296875
372.0 6.265625
373.0 6.234375
374.0 6.15625
375.0 6.71875
376.0 4.15625
377.0 1.390625
378.0 5.5234375
379.0 5.609375
380.0 6.359375
381.0 6.2578125
382.0 6.203125
383.0 6.109375
384.0 5.4296875
385.0 6.8828125
386.0 6.3359375
387.0 5.90625
388.0 4.78125
389.0 3.4140625
390.0 5.0859375
391.0 5.6171875
392.0 6.1171875
393.0 4.984375
394.0 3.28125
395.0 2.875
396.0 7.75
397.0 5.4609375
398.0 4.984375
399.0 5.6171875
400.0 5.046875
401.0 2.71875
402.0 7.9609375
403.0 4.921875
404.0 4.8359375
405.0 5.609375
406.0 5.421875
407.0 5.203125
408.0 5.0078125
409.0 4.8046875
410.0 5.3046875
411.0 4.53125
412.0 3.796875
413.0 4.75
414.0 4.5078125
415.0 5.140625
416.0 5.53125
417.0 5.453125
418.0 5.0234375
419.0 5.5625
420.0 4.8359375
421.0 5.2578125
422.0 4.46875
423.0 4.515625
424.0 3.3828125
425.0 5.0703125
426.0 5.3984375
427.0 4.3359375
428.0 5.5859375
429.0 5.6640625
430.0 2.015625
431.0 10.1328125
432.0 4.90625
433.0 6.1796875
434.0 6.3046875
435.0 6.2109375
436.0 1.6875
437.0 10.875
438.0 5.8125
439.0 6.3671875
440.0 6.328125
441.0 5.1328125
442.0 5.15625
443.0 5.203125
444.0 5.125
445.0 4.1484375
446.0 1.8828125
447.0 5.9375
448.0 4.515625
449.0 4.1015625
450.0 4.953125
451.0 4.5078125
452.0 4.7109375
453.0 5.859375
454.0 5.234375
455.0 5.9140625
456.0 5.421875
457.0 6.0859375
458.0 6.2109375
459.0 6.296875
460.0 6.2890625
461.0 5.8203125
462.0 4.7265625
463.0 0.8984375
464.0 8.1328125
465.0 5.703125
466.0 5.3515625
467.0 5.3515625
468.0 3.265625
469.0 7.5390625
470.0 4.6796875
471.0 5.5859375
472.0 5.0546875
473.0 3.34375
474.0 4.796875
475.0 5.078125
476.0 4.84375
477.0 5.46875
478.0 5.6171875
479.0 5.453125
480.0 3.703125
481.0 4.390625
482.0 7.078125
483.0 5.578125
484.0 5.203125
485.0 4.0390625
486.0 0.703125
487.0 9.9296875
488.0 4.5078125
489.0 5.1875
490.0 5.171875
491.0 5.15625
492.0 4.8046875
493.0 4.75
494.0 5.8125
495.0 4.3515625
496.0 6.2734375
497.0 5.5546875
498.0 6.0546875
499.0 5.46875
500.0 6.2421875
501.0 5.78125
502.0 6.109375
503.0 5.3203125
504.0 2.6328125
505.0 7.2109375
506.0 5.609375
507.0 5.515625
508.0 5.6796875
509.0 6.0546875
510.0 5.8828125
511.0 5.9375
512.0 6.2109375
513.0 4.875
514.0 4.6484375
515.0 4.9921875
516.0 4.3828125
517.0 5.3984375
518.0 5.6015625
519.0 4.71875
520.0 5.0546875
521.0 5.9609375
522.0 5.7578125
523.0 5.9296875
524.0 5.78125
525.0 6.109375
526.0 5.9765625
527.0 6.0546875
528.0 5.734375
529.0 5.609375
530.0 5.484375
531.0 5.75
532.0 6.1171875
533.0 5.234375
534.0 4.9453125
535.0 5.421875
536.0 5.7265625
537.0 5.9140625
538.0 5.046875
539.0 5.4921875
540.0 5.28125
541.0 5.765625
542.0 5.2734375
543.0 5.0234375
544.0 6.0234375
545.0 5.546875
546.0 5.875
547.0 5.5234375
548.0 6.15625
549.0 6.3359375
550.0 6.6640625
551.0 6.1171875
552.0 5.609375
553.0 6.140625
554.0 6.0078125
555.0 1.2421875
556.0 10.21875
557.0 6.265625
558.0 5.3125
559.0 0.609375
560.0 9.59375
561.0 4.7421875
562.0 5.0390625
563.0 5.90625
564.0 6.15625
565.0 5.90625
566.0 5.453125
567.0 5.046875
568.0 4.9296875
569.0 5.375
570.0 6.140625
571.0 5.6171875
572.0 5.484375
573.0 1.109375
574.0 9.671875
575.0 4.6328125
576.0 4.4296875
577.0 1.2578125
578.0 8.2265625
579.0 5.125
580.0 5.3984375
581.0 4.9453125
582.0 4.609375
583.0 4.921875
584.0 5.2578125
585.0 5.015625
586.0 5.0078125
587.0 4.7109375
588.0 4.5625
589.0 5.0703125
590.0 3.3203125
591.0 6.828125
592.0 5.40625
593.0 5.4296875
594.0 2.1484375
595.0 8.234375
596.0 4.953125
597.0 5.0234375
598.0 5.0078125
599.0 5.0234375
