0.0 5.3828125
1.0 2.8203125
2.0 3.0546875
3.0 2.984375
4.0 0.8125
5.0 5.453125
6.0 3.3828125
7.0 3.046875
8.0 2.953125
9.0 2.6953125
10.0 2.7578125
11.0 2.75
12.0 2.5625
13.0 2.65625
14.0 2.3125
15.0 2.8515625
16.0 2.7578125
17.0 0.734375
18.0 5.0859375
19.0 2.4765625
20.0 2.5390625
21.0 2.609375
22.0 2.4140625
23.0 0.8125
24.0 4.5703125
25.0 2.953125
26.0 1.171875
27.0 4.875
28.0 2.1328125
29.0 3.25
30.0 3.046875
31.0 2.640625
32.0 2.5703125
33.0 2.421875
34.0 2.0625
35.0 1.7734375
36.0 1.296875
37.0 1.4140625
38.0 2.15625
39.0 2.28125
40.0 2.6328125
41.0 2.1015625
42.0 2.84375
43.0 2.125
44.0 0.0
45.0 7.4921875
46.0 3.328125
47.0 3.46875
48.0 3.7734375
49.0 3.1171875
50.0 0.9296875
51.0 5.609375
52.0 3.3984375
53.0 3.1796875
54.0 3.0
55.0 2.6640625
56.0 2.578125
57.0 2.8203125
58.0 2.6015625
59.0 2.7109375
60.0 2.6953125
61.0 2.8125
62.0 2.5234375
63.0 1.171875
64.0 0.28125
65.0 7.34375
66.0 3.0390625
67.0 3.0234375
68.0 3.046875
69.0 2.8359375
70.0 2.71875
71.0 0.0
72.0 6.0859375
73.0 3.0
74.0 2.984375
75.0 2.9296875
76.0 2.84375
77.0 2.8125
78.0 2.65625
79.0 2.7421875
80.0 2.625
81.0 2.84375
82.0 2.9609375
83.0 2.671875
84.0 1.0234375
85.0 0.0
86.0 7.09375
87.0 1.1171875
88.0 4.0390625
89.0 2.640625
90.0 2.890625
91.0 2.84375
92.0 3.0859375
93.0 2.671875
94.0 2.71875
95.0 2.7265625
96.0 2.6640625
97.0 2.515625
98.0 2.640625
99.0 1.2421875
100.0 0.8671875
101.0 2.1171875
102.0 2.8125
103.0 0.0
104.0 6.1484375
105.0 2.8203125
106.0 3.0703125
107.0 3.046875
108.0 0.578125
109.0 5.0390625
110.0 2.8359375
111.0 2.8359375
112.0 2.8359375
113.0 2.546875
114.0 1.3515625
115.0 1.3515625
116.0 1.28125
117.0 2.75
118.0 2.984375
119.0 3.0390625
120.0 2.6015625
121.0 1.078125
122.0 0.0
123.0 6.6328125
124.0 3.796875
125.0 4.359375
126.0 4.3984375
127.0 4.1875
128.0 4.0546875
129.0 4.125
130.0 1.109375
131.0 6.859375
132.0 3.8203125
133.0 3.9375
134.0 3.9140625
135.0 3.65625
136.0 3.625
137.0 3.640625
138.0 3.375
139.0 3.1484375
140.0 3.4453125
141.0 3.046875
142.0 1.1484375
143.0 6.53125
144.0 4.0078125
145.0 3.953125
146.0 4.0546875
147.0 4.1015625
148.0 4.1484375
149.0 4.296875
150.0 4.234375
151.0 4.4453125
152.0 0.8671875
153.0 8.0
154.0 4.21875
155.0 4.125
156.0 4.25
157.0 4.125
158.0 3.5859375
159.0 0.1796875
160.0 7.4296875
161.0 4.2421875
162.0 4.3984375
163.0 4.0859375
164.0 4.4140625
165.0 4.3046875
166.0 4.3515625
167.0 4.4140625
168.0 4.0703125
169.0 4.1171875
170.0 3.765625
171.0 3.6796875
172.0 1.8984375
173.0 6.3671875
174.0 2.21875
175.0 5.7265625
176.0 4.0546875
177.0 4.203125
178.0 4.0625
179.0 4.03125
180.0 3.96875
181.0 4.234375
182.0 4.1328125
183.0 3.9921875
184.0 3.9375
185.0 3.9765625
186.0 4.46875
187.0 4.3359375
188.0 1.7109375
189.0 6.40625
190.0 3.6171875
191.0 3.6484375
192.0 4.0078125
193.0 3.734375
194.0 1.7890625
195.0 5.34375
196.0 3.96875
197.0 4.09375
198.0 3.7890625
199.0 4.1875
200.0 4.3359375
201.0 4.609375
202.0 4.578125
203.0 4.453125
204.0 4.28125
205.0 4.328125
206.0 4.3984375
207.0 3.0546875
208.0 5.4921875
209.0 4.2734375
210.0 4.2109375
211.0 4.484375
212.0 4.3828125
213.0 3.1796875
214.0 0.0703125
215.0 8.640625
216.0 3.7734375
217.0 3.6953125
218.0 3.8046875
219.0 3.7890625
220.0 3.9375
221.0 2.4765625
222.0 3.015625
223.0 1.0859375
224.0 4.65625
225.0 0.2421875
226.0 4.875
227.0 3.5
228.0 4.3046875
229.0 3.9765625
230.0 3.9765625
231.0 4.171875
232.0 4.21875
233.0 1.6484375
234.0 5.7578125
235.0 2.59375
236.0 2.296875
237.0 2.7265625
238.0 2.3984375
239.0 2.9609375
240.0 2.59375
241.0 3.1015625
242.0 3.46875
243.0 3.65625
244.0 4.6484375
245.0 4.5078125
246.0 4.359375
247.0 1.7890625
248.0 6.7734375
249.0 4.0234375
250.0 4.0
251.0 4.296875
252.0 4.421875
253.0 4.15625
254.0 4.0546875
255.0 2.21875
256.0 6.15625
257.0 3.8828125
258.0 3.7890625
259.0 4.4765625
260.0 4.1328125
261.0 4.234375
262.0 4.125
263.0 4.1328125
264.0 4.28125
265.0 4.3515625
266.0 4.1328125
267.0 4.4296875
268.0 1.8515625
269.0 7.2421875
270.0 4.5390625
271.0 4.8125
272.0 4.796875
273.0 4.6484375
274.0 4.7421875
275.0 4.2109375
276.0 2.9375
277.0 0.0
278.0 7.7578125
279.0 3.7421875
280.0 2.515625
281.0 3.375
282.0 3.84375
283.0 3.7734375
284.0 3.9453125
285.0 4.1171875
286.0 3.921875
287.0 3.96875
288.0 3.90625
289.0 3.96875
290.0 3.328125
291.0 0.4609375
292.0 8.4609375
293.0 3.4765625
294.0 3.5625
295.0 3.0859375
296.0 4.859375
297.0 4.09375
298.0 4.0859375
299.0 4.0546875
300.0 4.0703125
301.0 4.234375
302.0 4.3359375
303.0 4.28125
304.0 4.25
305.0 4.1875
306.0 4.171875
307.0 4.1171875
308.0 3.9453125
309.0 1.921875
310.0 6.2421875
311.0 4.1875
312.0 4.3046875
313.0 4.3359375
314.0 1.1171875
315.0 7.5703125
316.0 4.4140625
317.0 4.359375
318.0 3.765625
319.0 3.4765625
320.0 3.578125
321.0 3.3828125
322.0 4.09375
323.0 4.3984375
324.0 4.3046875
325.0 4.0390625
326.0 3.46875
327.0 1.109375
328.0 0.6015625
329.0 0.0
330.0 4.828125
331.0 11.2109375
332.0 4.0703125
333.0 3.8046875
334.0 3.515625
335.0 4.0703125
336.0 4.0625
337.0 3.6796875
338.0 0.4609375
339.0 6.5390625
340.0 4.09375
341.0 4.0078125
342.0 3.6953125
343.0 3.859375
344.0 4.1171875
345.0 4.1015625
346.0 0.78125
347.0 7.2421875
348.0 4.0390625
349.0 4.234375
350.0 4.0234375
351.0 3.3125
352.0 3.65625
353.0 4.390625
354.0 3.90625
355.0 2.125
356.0 3.1796875
357.0 4.1875
358.0 2.28125
359.0 3.7421875
360.0 5.046875
361.0 3.4296875
362.0 3.796875
363.0 3.515625
364.0 2.65625
365.0 4.7109375
366.0 3.9921875
367.0 3.84375
368.0 3.7109375
369.0 3.6171875
370.0 3.375
371.0 3.609375
372.0 3.671875
373.0 1.7109375
374.0 6.4453125
375.0 1.671875
376.0 6.2578125
377.0 4.03125
378.0 3.890625
379.0 4.203125
380.0 3.953125
381.0 3.703125
382.0 3.46875
383.0 3.5234375
384.0 3.546875
385.0 3.109375
386.0 3.1640625
387.0 3.1015625
388.0 3.296875
389.0 3.5546875
390.0 3.5625
391.0 3.6171875
392.0 3.703125
393.0 3.3984375
394.0 3.1015625
395.0 3.4453125
396.0 4.0703125
397.0 0.328125
398.0 7.4921875
399.0 2.4609375
400.0 2.71875
401.0 3.4140625
402.0 1.03125
403.0 6.46875
404.0 4.0078125
405.0 4.3828125
406.0 4.65625
407.0 4.5625
408.0 4.546875
409.0 4.59375
410.0 4.9609375
411.0 4.59375
412.0 4.484375
413.0 4.3984375
414.0 2.1015625
415.0 0.1640625
416.0 0.0
417.0 0.0
418.0 4.78125
419.0 1.921875
420.0 3.0703125
421.0 4.15625
422.0 4.3046875
423.0 4.578125
424.0 2.875
425.0 4.8125
426.0 3.4375
427.0 3.8515625
428.0 4.0078125
429.0 3.2265625
430.0 4.09375
431.0 3.9453125
432.0 4.1015625
433.0 1.7734375
434.0 4.8046875
435.0 3.4765625
436.0 3.703125
437.0 4.390625
438.0 4.3671875
439.0 4.1796875
440.0 4.4296875
441.0 4.3515625
442.0 3.3984375
443.0 2.4765625
444.0 0.9609375
445.0 1.5234375
446.0 3.109375
447.0 2.1015625
448.0 4.921875
449.0 3.921875
450.0 4.3359375
451.0 4.0078125
452.0 2.8359375
453.0 4.6484375
454.0 3.515625
455.0 3.296875
456.0 4.3046875
457.0 3.3671875
458.0 4.28125
459.0 4.0234375
460.0 4.234375
461.0 4.1171875
462.0 3.1171875
463.0 3.640625
464.0 2.890625
465.0 1.328125
466.0 6.3671875
467.0 4.3359375
468.0 4.0
469.0 3.65625
470.0 3.7109375
471.0 3.890625
472.0 3.1953125
473.0 0.40625
474.0 6.78125
475.0 3.890625
476.0 3.734375
477.0 4.0546875
478.0 4.0546875
479.0 3.5
480.0 4.28125
481.0 3.4609375
482.0 3.7578125
483.0 3.296875
484.0 3.828125
485.0 3.8203125
486.0 1.9453125
487.0 0.0
488.0 7.5234375
489.0 3.703125
490.0 3.8515625
491.0 3.7421875
492.0 2.0625
493.0 6.328125
494.0 4.203125
495.0 3.9921875
496.0 4.328125
497.0 4.1171875
498.0 3.40625
499.0 2.5234375
500.0 3.828125
501.0 3.515625
502.0 3.84375
503.0 3.546875
504.0 3.8203125
505.0 2.0078125
506.0 5.6796875
507.0 1.828125
508.0 4.6875
509.0 2.0703125
510.0 1.8046875
511.0 1.203125
512.0 4.0546875
513.0 3.3984375
514.0 2.7265625
515.0 2.4609375
516.0 3.7109375
517.0 4.1015625
518.0 3.3203125
519.0 2.8359375
520.0 4.15625
521.0 3.5546875
522.0 3.1015625
523.0 2.921875
524.0 3.625
525.0 2.453125
526.0 4.71875
527.0 3.9765625
528.0 3.9140625
529.0 3.5
530.0 4.1171875
531.0 3.203125
532.0 1.5625
533.0 5.1953125
534.0 3.4921875
535.0 3.4921875
536.0 4.1171875
537.0 3.3203125
538.0 2.609375
539.0 4.4765625
540.0 4.6328125
541.0 4.0703125
542.0 4.09375
543.0 3.859375
544.0 3.953125
545.0 3.921875
546.0 0.109375
547.0 7.875
548.0 2.71875
549.0 1.4453125
550.0 1.171875
551.0 0.0
552.0 5.0078125
553.0 3.90625
554.0 3.53125
555.0 3.1953125
556.0 3.625
557.0 3.5859375
558.0 2.75
559.0 3.2578125
560.0 3.140625
561.0 2.8515625
562.0 1.953125
563.0 1.703125
564.0 0.6328125
565.0 0.0
566.0 6.109375
567.0 3.9765625
568.0 4.3359375
569.0 4.2734375
570.0 4.28125
571.0 4.546875
572.0 4.4296875
573.0 4.21875
574.0 3.96875
575.0 4.3203125
576.0 4.25
577.0 2.5390625
578.0 0.0
579.0 5.9453125
580.0 1.2265625
581.0 2.5234375
582.0 2.9921875
583.0 4.0546875
584.0 4.125
585.0 4.0
586.0 4.0625
587.0 3.4140625
588.0 0.0
589.0 8.265625
590.0 3.875
591.0 2.28125
592.0 0.2421875
593.0 5.546875
594.0 2.7734375
595.0 2.8046875
596.0 2.890625
597.0 2.90625
598.0 2.7265625
599.0 2.546875
