0.0 5.5
1.0 5.453125
2.0 5.3984375
3.0 5.6484375
4.0 5.3515625
5.0 5.546875
6.0 5.6171875
7.0 5.53125
8.0 5.7890625
9.0 5.5546875
10.0 5.3671875
11.0 5.3671875
12.0 5.6171875
13.0 5.46875
14.0 5.7109375
15.0 5.5859375
16.0 5.34375
17.0 5.421875
18.0 5.6171875
19.0 5.515625
20.0 5.3671875
21.0 5.40625
22.0 5.3671875
23.0 5.25
24.0 5.421875
25.0 5.4296875
26.0 5.3671875
27.0 5.2734375
28.0 5.421875
29.0 5.578125
30.0 5.25
31.0 5.28125
32.0 5.484375
33.0 1.9765625
34.0 8.671875
35.0 5.4609375
36.0 5.3515625
37.0 5.3671875
38.0 2.3984375
39.0 8.40625
40.0 2.75
41.0 7.46875
42.0 5.125
43.0 5.21875
44.0 5.2578125
45.0 5.171875
46.0 5.28125
47.0 5.3515625
48.0 5.203125
49.0 5.5
50.0 5.0703125
51.0 5.21875
52.0 5.4375
53.0 5.1015625
54.0 2.8984375
55.0 5.1875
56.0 7.6171875
57.0 5.109375
58.0 5.125
59.0 5.078125
60.0 4.984375
61.0 5.25
62.0 4.8046875
63.0 5.0234375
64.0 4.953125
65.0 5.0703125
66.0 5.15625
67.0 5.0078125
68.0 5.25
69.0 5.3125
70.0 5.234375
71.0 5.125
72.0 5.2734375
73.0 5.015625
74.0 5.203125
75.0 5.171875
76.0 5.375
77.0 5.2890625
78.0 0.4609375
79.0 10.3125
80.0 5.125
81.0 5.34375
82.0 1.140625
83.0 9.59375
84.0 5.3828125
85.0 5.3671875
86.0 5.5
87.0 5.40625
88.0 5.453125
89.0 5.375
90.0 5.4921875
91.0 5.671875
92.0 5.4921875
93.0 5.46875
94.0 5.4609375
95.0 5.21875
96.0 5.6328125
97.0 5.140625
98.0 5.484375
99.0 5.3125
100.0 5.515625
101.0 3.7421875
102.0 7.140625
103.0 5.109375
104.0 4.921875
105.0 5.1640625
106.0 5.3515625
107.0 5.203125
108.0 5.21875
109.0 5.234375
110.0 5.2890625
111.0 5.1875
112.0 5.140625
113.0 5.3125
114.0 5.2890625
115.0 3.0859375
116.0 7.765625
117.0 5.3203125
118.0 5.3203125
119.0 5.125
120.0 5.9296875
121.0 5.46875
122.0 5.1328125
123.0 5.46875
124.0 5.4375
125.0 5.3984375
126.0 5.5625
127.0 5.453125
128.0 5.4609375
129.0 5.5546875
130.0 5.375
131.0 3.296875
132.0 7.9453125
133.0 2.4609375
134.0 8.3203125
135.0 5.5234375
136.0 4.8671875
137.0 4.5
138.0 5.2265625
139.0 4.7578125
140.0 4.5625
141.0 4.53125
142.0 4.953125
143.0 4.84375
144.0 4.3828125
145.0 4.203125
146.0 4.59375
147.0 5.0859375
148.0 4.390625
149.0 5.5
150.0 5.5
151.0 5.453125
152.0 5.53125
153.0 3.953125
154.0 6.9765625
155.0 5.2265625
156.0 5.4609375
157.0 5.53125
158.0 5.28125
159.0 3.9453125
160.0 6.921875
161.0 5.25
162.0 5.484375
163.0 5.7578125
164.0 5.484375
165.0 4.9453125
166.0 5.6328125
167.0 5.421875
168.0 5.3984375
169.0 5.578125
170.0 4.8984375
171.0 5.1328125
172.0 4.6640625
173.0 5.3671875
174.0 4.7421875
175.0 5.140625
176.0 4.875
177.0 5.578125
178.0 5.2578125
179.0 5.1640625
180.0 5.203125
181.0 5.6015625
182.0 5.2734375
183.0 5.453125
184.0 1.1953125
185.0 9.8046875
186.0 5.46875
187.0 5.421875
188.0 5.3984375
189.0 0.703125
190.0 9.953125
191.0 5.171875
192.0 5.53125
193.0 5.2265625
194.0 5.34375
195.0 5.15625
196.0 5.28125
197.0 5.2890625
198.0 5.2890625
199.0 3.59375
200.0 5.3359375
201.0 5.140625
202.0 5.1640625
203.0 5.3671875
204.0 5.640625
205.0 5.234375
206.0 5.40625
207.0 4.8359375
208.0 5.46875
209.0 5.609375
210.0 5.015625
211.0 5.203125
212.0 5.421875
213.0 5.2578125
214.0 5.46875
215.0 5.2265625
216.0 5.40625
217.0 5.40625
218.0 4.09375
219.0 6.3359375
220.0 5.2734375
221.0 5.140625
222.0 5.375
223.0 5.3984375
224.0 5.21875
225.0 5.3515625
226.0 5.171875
227.0 5.140625
228.0 1.7734375
229.0 8.8046875
230.0 5.0859375
231.0 4.2109375
232.0 5.15625
233.0 5.1640625
234.0 5.1953125
235.0 5.1953125
236.0 5.15625
237.0 5.3828125
238.0 5.125
239.0 5.171875
240.0 4.921875
241.0 5.1953125
242.0 5.2578125
243.0 2.7109375
244.0 7.703125
245.0 5.0390625
246.0 5.1875
247.0 5.3203125
248.0 4.21875
249.0 6.09375
250.0 5.0078125
251.0 5.21875
252.0 5.1640625
253.0 5.015625
254.0 5.0859375
255.0 5.0390625
256.0 5.1875
257.0 5.15625
258.0 1.5390625
259.0 9.1171875
260.0 5.1328125
261.0 4.84375
262.0 4.296875
263.0 5.1875
264.0 4.75
265.0 4.46875
266.0 5.2890625
267.0 4.9296875
268.0 5.0390625
269.0 4.90625
270.0 4.9296875
271.0 4.625
272.0 5.2578125
273.0 5.21875
274.0 5.421875
275.0 5.4375
276.0 5.421875
277.0 5.6015625
278.0 0.9140625
279.0 9.9296875
280.0 5.46875
281.0 1.3203125
282.0 9.7421875
283.0 5.3046875
284.0 5.2890625
285.0 5.3984375
286.0 5.4609375
287.0 5.40625
288.0 4.796875
289.0 5.2578125
290.0 5.46875
291.0 5.46875
292.0 5.7265625
293.0 4.8984375
294.0 5.5234375
295.0 5.515625
296.0 5.3359375
297.0 4.25
298.0 5.4296875
299.0 5.4609375
300.0 5.3828125
301.0 5.453125
302.0 5.46875
303.0 4.6328125
304.0 5.46875
305.0 5.2265625
306.0 5.6328125
307.0 5.53125
308.0 5.2890625
309.0 5.125
310.0 5.453125
311.0 5.4296875
312.0 5.5546875
313.0 5.6484375
314.0 5.6328125
315.0 5.4921875
316.0 5.6328125
317.0 5.6015625
318.0 5.3359375
319.0 5.546875
320.0 5.5
321.0 5.203125
322.0 5.84375
323.0 5.125
324.0 5.484375
325.0 5.4609375
326.0 5.34375
327.0 5.5
328.0 5.3984375
329.0 5.421875
330.0 5.46875
331.0 5.53125
332.0 5.3828125
333.0 5.3203125
334.0 5.5
335.0 4.1875
336.0 6.8984375
337.0 5.2578125
338.0 4.421875
339.0 0.2578125
340.0 0.0
341.0 0.0
342.0 20.859375
343.0 3.46875
344.0 4.15625
345.0 4.28125
346.0 4.515625
347.0 4.7109375
348.0 4.8671875
349.0 4.6328125
350.0 5.109375
351.0 5.3515625
352.0 5.671875
353.0 5.4375
354.0 2.6875
355.0 8.34375
356.0 5.4375
357.0 5.4609375
358.0 5.4375
359.0 3.265625
360.0 7.6875
361.0 5.0546875
362.0 5.6171875
363.0 5.375
364.0 5.5234375
365.0 5.421875
366.0 5.4609375
367.0 5.375
368.0 5.5625
369.0 5.3515625
370.0 5.6328125
371.0 5.796875
372.0 5.40625
373.0 1.8828125
374.0 9.3046875
375.0 5.3125
376.0 5.6328125
377.0 5.4921875
378.0 5.4921875
379.0 2.71875
380.0 8.5625
381.0 5.25
382.0 5.421875
383.0 5.5859375
384.0 5.546875
385.0 4.8984375
386.0 5.9921875
387.0 5.546875
388.0 5.484375
389.0 5.3984375
390.0 5.4921875
391.0 5.53125
392.0 5.34375
393.0 5.6484375
394.0 5.5859375
395.0 5.484375
396.0 5.53125
397.0 5.5859375
398.0 5.640625
399.0 5.546875
400.0 4.9296875
401.0 5.109375
402.0 5.0390625
403.0 4.3828125
404.0 4.875
405.0 5.140625
406.0 4.609375
407.0 5.015625
408.0 4.9765625
409.0 4.8359375
410.0 5.125
411.0 5.2578125
412.0 5.2578125
413.0 5.2890625
414.0 5.6015625
415.0 2.59375
416.0 8.5390625
417.0 5.34375
418.0 5.234375
419.0 5.2890625
420.0 2.953125
421.0 7.3125
422.0 5.140625
423.0 5.3359375
424.0 5.234375
425.0 5.2734375
426.0 5.2734375
427.0 5.2265625
428.0 5.125
429.0 5.3671875
430.0 5.0859375
431.0 5.421875
432.0 5.046875
433.0 3.4921875
434.0 7.1640625
435.0 5.3125
436.0 5.2265625
437.0 5.234375
438.0 4.59375
439.0 5.2734375
440.0 5.0390625
441.0 5.0078125
442.0 5.109375
443.0 5.2578125
444.0 5.2890625
445.0 5.3515625
446.0 5.34375
447.0 5.171875
448.0 4.7109375
449.0 4.453125
450.0 4.609375
451.0 5.1640625
452.0 5.1875
453.0 4.1171875
454.0 4.9453125
455.0 5.3203125
456.0 5.015625
457.0 5.15625
458.0 5.1328125
459.0 5.1953125
460.0 5.15625
461.0 5.2734375
462.0 5.3359375
463.0 0.640625
464.0 9.8125
465.0 5.3515625
466.0 2.75
467.0 7.6640625
468.0 5.0390625
469.0 5.203125
470.0 5.2578125
471.0 5.21875
472.0 5.2734375
473.0 5.046875
474.0 5.1328125
475.0 5.21875
476.0 4.9609375
477.0 5.109375
478.0 5.1875
479.0 5.0703125
480.0 0.765625
481.0 9.5703125
482.0 5.3984375
483.0 5.0703125
484.0 5.109375
485.0 3.328125
486.0 6.890625
487.0 4.828125
488.0 5.0390625
489.0 5.203125
490.0 5.046875
491.0 5.3671875
492.0 5.0703125
493.0 5.0390625
494.0 5.125
495.0 5.3046875
496.0 5.125
497.0 5.1875
498.0 5.0390625
499.0 1.6875
500.0 8.4765625
501.0 5.109375
502.0 5.2578125
503.0 5.25
504.0 5.171875
505.0 1.609375
506.0 8.703125
507.0 1.921875
508.0 8.1171875
509.0 5.2890625
510.0 5.640625
511.0 5.3671875
512.0 5.3984375
513.0 5.453125
514.0 5.4609375
515.0 5.5546875
516.0 5.4296875
517.0 5.546875
518.0 5.1953125
519.0 5.28125
520.0 5.5859375
521.0 5.453125
522.0 5.5859375
523.0 5.3515625
524.0 5.2890625
525.0 5.3828125
526.0 5.5625
527.0 5.515625
528.0 5.4921875
529.0 4.875
530.0 6.1484375
531.0 5.484375
532.0 5.5546875
533.0 5.5
534.0 1.9140625
535.0 9.328125
536.0 5.5234375
537.0 5.546875
538.0 5.515625
539.0 5.46875
540.0 5.2890625
541.0 5.46875
542.0 5.46875
543.0 5.515625
544.0 5.703125
545.0 5.578125
546.0 5.484375
547.0 5.375
548.0 5.1953125
549.0 4.828125
550.0 5.25
551.0 5.28125
552.0 5.40625
553.0 5.4296875
554.0 5.0859375
555.0 4.890625
556.0 5.1875
557.0 5.0703125
558.0 4.7421875
559.0 5.140625
560.0 5.734375
561.0 5.25
562.0 5.1875
563.0 5.21875
564.0 5.2578125
565.0 5.421875
566.0 5.375
567.0 4.4140625
568.0 5.2578125
569.0 4.8984375
570.0 5.3359375
571.0 5.2734375
572.0 5.4296875
573.0 5.3125
574.0 5.7265625
575.0 5.578125
576.0 5.515625
577.0 5.421875
578.0 5.5234375
579.0 5.4921875
580.0 5.3046875
581.0 5.515625
582.0 5.3125
583.0 5.421875
584.0 5.5546875
585.0 5.7109375
586.0 5.421875
587.0 5.546875
588.0 2.09375
589.0 8.953125
590.0 4.453125
591.0 5.6171875
592.0 5.5
593.0 5.4609375
594.0 5.484375
595.0 5.2578125
596.0 5.2734375
597.0 5.6171875
598.0 5.3203125
599.0 5.4375
