0.0 0.4375
1.0 0.0
2.0 0.0
3.0 0.0
4.0 0.0
5.0 4.90625
6.0 1.1796875
7.0 0.0
8.0 1.1484375
9.0 3.9375
10.0 4.3828125
11.0 4.4765625
12.0 4.296875
13.0 4.2109375
14.0 1.375
15.0 1.828125
16.0 1.5625
17.0 0.5859375
18.0 0.734375
19.0 0.65625
20.0 1.390625
21.0 2.0078125
22.0 2.0
23.0 0.0
24.0 4.9765625
25.0 3.2578125
26.0 2.7578125
27.0 2.375
28.0 2.609375
29.0 2.6953125
30.0 2.609375
31.0 2.234375
32.0 0.0
33.0 5.609375
34.0 2.78125
35.0 4.1484375
36.0 5.0390625
37.0 4.9609375
38.0 4.875
39.0 5.1953125
40.0 4.75
41.0 5.0390625
42.0 5.1875
43.0 5.2578125
44.0 2.7734375
45.0 0.0
46.0 6.0390625
47.0 2.6953125
48.0 2.8515625
49.0 3.203125
50.0 4.171875
51.0 4.75
52.0 2.625
53.0 2.1328125
54.0 0.0
55.0 9.046875
56.0 0.453125
57.0 1.8203125
58.0 3.7265625
59.0 4.125
60.0 3.796875
61.0 3.328125
62.0 2.375
63.0 2.25
64.0 3.4453125
65.0 4.546875
66.0 4.7734375
67.0 4.90625
68.0 4.890625
69.0 4.796875
70.0 4.7578125
71.0 5.1328125
72.0 0.6953125
73.0 9.2265625
74.0 4.953125
75.0 4.0234375
76.0 6.109375
77.0 4.8671875
78.0 4.7734375
79.0 5.2734375
80.0 5.109375
81.0 5.0859375
82.0 5.0703125
83.0 5.0859375
84.0 5.140625
85.0 4.3359375
86.0 0.3359375
87.0 5.28125
88.0 4.4453125
89.0 3.3671875
90.0 4.9453125
91.0 5.3515625
92.0 4.0859375
93.0 6.1796875
94.0 4.609375
95.0 2.8359375
96.0 6.40625
97.0 2.9609375
98.0 6.921875
99.0 4.4296875
100.0 4.9765625
101.0 5.6328125
102.0 5.1875
103.0 5.2265625
104.0 5.2890625
105.0 5.3515625
106.0 5.421875
107.0 5.7109375
108.0 5.7890625
109.0 2.78125
110.0 7.4375
111.0 5.34375
112.0 5.640625
113.0 5.640625
114.0 5.4375
115.0 3.6171875
116.0 4.3359375
117.0 3.140625
118.0 6.8984375
119.0 4.3984375
120.0 4.7734375
121.0 5.46875
122.0 5.7890625
123.0 4.9453125
124.0 2.7421875
125.0 2.1015625
126.0 4.0
127.0 6.0234375
128.0 5.859375
129.0 3.6796875
130.0 6.0390625
131.0 4.609375
132.0 4.7265625
133.0 4.859375
134.0 5.46875
135.0 5.3671875
136.0 5.515625
137.0 5.0390625
138.0 5.125
139.0 5.3671875
140.0 5.6953125
141.0 3.671875
142.0 6.2890625
143.0 4.5
144.0 5.109375
145.0 5.0546875
146.0 5.6953125
147.0 5.578125
148.0 5.171875
149.0 5.0859375
150.0 5.3359375
151.0 4.5390625
152.0 1.328125
153.0 0.0
154.0 0.0
155.0 5.9609375
156.0 4.7578125
157.0 4.4453125
158.0 3.9453125
159.0 4.75
160.0 4.8125
161.0 4.9453125
162.0 5.34375
163.0 5.609375
164.0 5.5859375
165.0 5.1953125
166.0 5.3046875
167.0 0.4921875
168.0 9.7265625
169.0 5.046875
170.0 4.7421875
171.0 4.25
172.0 4.3671875
173.0 5.2265625
174.0 5.3671875
175.0 5.109375
176.0 5.015625
177.0 5.1328125
178.0 4.796875
179.0 4.4453125
180.0 4.7265625
181.0 4.8671875
182.0 4.78125
183.0 2.375
184.0 7.015625
185.0 4.890625
186.0 4.78125
187.0 2.7890625
188.0 6.6171875
189.0 4.7421875
190.0 4.953125
191.0 4.953125
192.0 5.125
193.0 5.0546875
194.0 5.3203125
195.0 5.015625
196.0 5.015625
197.0 5.1953125
198.0 4.78125
199.0 5.1015625
200.0 4.7734375
201.0 5.3671875
202.0 5.3046875
203.0 4.84375
204.0 5.5625
205.0 5.3984375
206.0 5.1875
207.0 2.5703125
208.0 9.0390625
209.0 5.1875
210.0 4.6484375
211.0 5.015625
212.0 4.0625
213.0 4.53125
214.0 6.0390625
215.0 5.53125
216.0 5.734375
217.0 5.6953125
218.0 4.921875
219.0 4.6953125
220.0 3.2265625
221.0 6.5703125
222.0 5.0859375
223.0 5.234375
224.0 4.484375
225.0 1.5078125
226.0 6.921875
227.0 4.0546875
228.0 4.7421875
229.0 4.0546875
230.0 4.5078125
231.0 4.828125
232.0 4.53125
233.0 4.828125
234.0 5.0703125
235.0 5.046875
236.0 4.3984375
237.0 4.9453125
238.0 4.3984375
239.0 1.8671875
240.0 7.15625
241.0 3.703125
242.0 7.5390625
243.0 5.3359375
244.0 5.1875
245.0 4.828125
246.0 5.4921875
247.0 4.828125
248.0 5.0703125
249.0 5.015625
250.0 4.9609375
251.0 4.515625
252.0 4.7109375
253.0 2.3984375
254.0 8.1328125
255.0 5.3828125
256.0 4.9296875
257.0 5.2265625
258.0 5.1953125
259.0 5.3046875
260.0 4.75
261.0 4.828125
262.0 4.5703125
263.0 4.5390625
264.0 4.6875
265.0 5.3046875
266.0 4.65625
267.0 1.9765625
268.0 6.5859375
269.0 5.34375
270.0 5.2265625
271.0 5.3125
272.0 5.3203125
273.0 5.203125
274.0 5.078125
275.0 5.0546875
276.0 2.8359375
277.0 7.453125
278.0 4.390625
279.0 5.1015625
280.0 5.015625
281.0 3.234375
282.0 6.9140625
283.0 4.71875
284.0 5.25
285.0 5.0078125
286.0 4.203125
287.0 4.796875
288.0 4.546875
289.0 4.6328125
290.0 4.7734375
291.0 4.609375
292.0 4.921875
293.0 4.875
294.0 4.4453125
295.0 4.546875
296.0 4.625
297.0 4.90625
298.0 5.1953125
299.0 4.890625
300.0 4.6953125
301.0 5.0078125
302.0 5.234375
303.0 5.3203125
304.0 5.3984375
305.0 5.140625
306.0 4.0
307.0 3.046875
308.0 1.375
309.0 0.0
310.0 9.1328125
311.0 5.0703125
312.0 5.109375
313.0 4.875
314.0 4.9296875
315.0 4.984375
316.0 5.1953125
317.0 5.484375
318.0 5.2890625
319.0 5.25
320.0 5.3984375
321.0 5.546875
322.0 5.2890625
323.0 2.1328125
324.0 8.640625
325.0 5.3984375
326.0 5.671875
327.0 5.421875
328.0 5.3359375
329.0 2.4296875
330.0 7.375
331.0 5.40625
332.0 5.5625
333.0 5.46875
334.0 5.2578125
335.0 4.984375
336.0 5.6640625
337.0 4.90625
338.0 5.0546875
339.0 4.8046875
340.0 4.7421875
341.0 4.6875
342.0 1.5625
343.0 7.84375
344.0 4.8125
345.0 4.7578125
346.0 4.921875
347.0 3.7421875
348.0 6.234375
349.0 4.7109375
350.0 4.796875
351.0 4.8125
352.0 4.5703125
353.0 4.0625
354.0 3.3671875
355.0 3.3828125
356.0 4.0859375
357.0 4.15625
358.0 3.796875
359.0 4.3515625
360.0 4.6484375
361.0 5.1875
362.0 0.5546875
363.0 10.4453125
364.0 6.359375
365.0 5.9296875
366.0 3.4140625
367.0 7.4921875
368.0 5.4375
369.0 6.1484375
370.0 5.6015625
371.0 5.703125
372.0 5.8125
373.0 6.171875
374.0 6.1171875
375.0 6.09375
376.0 6.2578125
377.0 6.3828125
378.0 6.2890625
379.0 6.03125
380.0 6.3828125
381.0 4.15625
382.0 8.015625
383.0 6.140625
384.0 6.5546875
385.0 4.453125
386.0 7.9140625
387.0 5.4921875
388.0 5.640625
389.0 5.828125
390.0 6.203125
391.0 5.9140625
392.0 5.875
393.0 6.4375
394.0 5.3359375
395.0 5.3203125
396.0 6.125
397.0 6.359375
398.0 5.34375
399.0 6.5546875
400.0 6.8046875
401.0 4.8984375
402.0 8.4375
403.0 6.3515625
404.0 2.8984375
405.0 7.484375
406.0 8.4453125
407.0 5.578125
408.0 6.125
409.0 7.09375
410.0 6.0859375
411.0 5.7109375
412.0 5.859375
413.0 5.875
414.0 4.9296875
415.0 5.6484375
416.0 4.3046875
417.0 5.234375
418.0 4.9765625
419.0 4.125
420.0 2.4765625
421.0 8.140625
422.0 2.5078125
423.0 3.3828125
424.0 6.4453125
425.0 5.6328125
426.0 2.0
427.0 6.984375
428.0 3.703125
429.0 4.0234375
430.0 5.140625
431.0 5.765625
432.0 5.25
433.0 6.125
434.0 6.2734375
435.0 6.7734375
436.0 5.859375
437.0 5.875
438.0 6.3515625
439.0 6.7734375
440.0 5.2890625
441.0 6.46875
442.0 6.2421875
443.0 0.578125
444.0 11.0234375
445.0 4.7421875
446.0 6.2109375
447.0 6.4375
448.0 0.546875
449.0 10.1953125
450.0 5.859375
451.0 4.4453125
452.0 5.8203125
453.0 5.90625
454.0 5.90625
455.0 5.1953125
456.0 5.6953125
457.0 6.1171875
458.0 6.359375
459.0 5.2265625
460.0 5.9453125
461.0 5.515625
462.0 5.703125
463.0 5.5
464.0 5.4375
465.0 5.96875
466.0 3.5546875
467.0 7.765625
468.0 5.3984375
469.0 5.1953125
470.0 5.734375
471.0 5.90625
472.0 5.6171875
473.0 5.6796875
474.0 5.9296875
475.0 5.859375
476.0 5.734375
477.0 6.359375
478.0 6.2109375
479.0 6.234375
480.0 4.984375
481.0 2.625
482.0 7.3046875
483.0 4.6953125
484.0 4.3046875
485.0 3.5546875
486.0 0.453125
487.0 7.703125
488.0 4.25
489.0 4.5703125
490.0 4.4453125
491.0 2.8203125
492.0 6.6171875
493.0 3.28125
494.0 6.515625
495.0 4.859375
496.0 5.5234375
497.0 3.8515625
498.0 7.40625
499.0 4.890625
500.0 4.796875
501.0 3.578125
502.0 6.15625
503.0 3.171875
504.0 5.4296875
505.0 5.40625
506.0 5.234375
507.0 4.9921875
508.0 4.6484375
509.0 4.625
510.0 5.3984375
511.0 5.4296875
512.0 5.5625
513.0 5.0234375
514.0 5.2578125
515.0 5.6328125
516.0 4.84375
517.0 1.7734375
518.0 7.4609375
519.0 5.078125
520.0 5.3515625
521.0 2.640625
522.0 6.8671875
523.0 5.0234375
524.0 4.8046875
525.0 3.5625
526.0 5.2578125
527.0 5.0078125
528.0 5.25
529.0 5.3828125
530.0 5.46875
531.0 3.5859375
532.0 7.2421875
533.0 6.0078125
534.0 5.1328125
535.0 5.6953125
536.0 5.8203125
537.0 5.3828125
538.0 5.640625
539.0 4.1328125
540.0 7.2265625
541.0 4.5625
542.0 4.9609375
543.0 4.84375
544.0 4.9921875
545.0 4.953125
546.0 5.2578125
547.0 5.0859375
548.0 5.2578125
549.0 5.015625
550.0 4.234375
551.0 6.0234375
552.0 4.7734375
553.0 5.4375
554.0 5.3125
555.0 5.6640625
556.0 5.484375
557.0 6.65625
558.0 5.9375
559.0 5.6640625
560.0 5.4921875
561.0 5.0078125
562.0 5.078125
563.0 4.4453125
564.0 4.6796875
565.0 4.7265625
566.0 0.96875
567.0 8.5703125
568.0 5.671875
569.0 5.546875
570.0 5.6953125
571.0 5.8125
572.0 5.9296875
573.0 6.1171875
574.0 5.5234375
575.0 0.1796875
576.0 7.984375
577.0 3.6953125
578.0 5.484375
579.0 5.5546875
580.0 5.765625
581.0 5.6796875
582.0 5.1328125
583.0 4.8046875
584.0 4.546875
585.0 4.125
586.0 4.2109375
587.0 0.7890625
588.0 6.171875
589.0 4.65625
590.0 4.1328125
591.0 4.75
592.0 4.8984375
593.0 4.8359375
594.0 4.484375
595.0 4.3515625
596.0 4.609375
597.0 4.9921875
598.0 5.5859375
599.0 5.3359375
