0.0 2.1328125
1.0 0.984375
2.0 2.1328125
3.0 4.6953125
4.0 5.0078125
5.0 4.9609375
6.0 4.5078125
7.0 0.0
8.0 9.2265625
9.0 5.3984375
10.0 2.4296875
11.0 6.4140625
12.0 3.5
13.0 4.9453125
14.0 5.3984375
15.0 4.8359375
16.0 3.875
17.0 2.71875
18.0 2.671875
19.0 5.3671875
20.0 5.75
21.0 5.3046875
22.0 4.9609375
23.0 3.1328125
24.0 6.15625
25.0 5.6953125
26.0 4.2421875
27.0 6.0390625
28.0 6.0234375
29.0 5.609375
30.0 5.5546875
31.0 5.0390625
32.0 3.828125
33.0 3.875
34.0 4.25
35.0 5.3359375
36.0 6.0078125
37.0 5.7109375
38.0 5.828125
39.0 5.828125
40.0 1.859375
41.0 0.1015625
42.0 14.6484375
43.0 3.9921875
44.0 5.4375
45.0 5.5
46.0 5.2578125
47.0 5.3828125
48.0 5.515625
49.0 4.859375
50.0 4.75
51.0 4.1328125
52.0 5.1328125
53.0 6.265625
54.0 6.4375
55.0 5.78125
56.0 5.4296875
57.0 5.421875
58.0 4.8359375
59.0 0.5546875
60.0 3.4609375
61.0 3.046875
62.0 3.4453125
63.0 2.1796875
64.0 2.21875
65.0 4.484375
66.0 5.2734375
67.0 4.4453125
68.0 5.140625
69.0 4.9609375
70.0 4.1875
71.0 0.0
72.0 5.703125
73.0 2.9296875
74.0 3.796875
75.0 4.2109375
76.0 4.265625
77.0 3.4453125
78.0 1.5546875
79.0 0.0
80.0 6.828125
81.0 2.96875
82.0 2.8125
83.0 2.84375
84.0 3.078125
85.0 4.1171875
86.0 3.8203125
87.0 3.4609375
88.0 3.65625
89.0 3.9140625
90.0 5.8828125
91.0 5.5234375
92.0 4.578125
93.0 0.109375
94.0 7.8828125
95.0 0.3046875
96.0 4.15625
97.0 4.1875
98.0 4.171875
99.0 4.984375
100.0 4.21875
101.0 3.625
102.0 3.4921875
103.0 3.5234375
104.0 0.0
105.0 6.265625
106.0 2.6875
107.0 4.5703125
108.0 3.078125
109.0 3.46875
110.0 2.96875
111.0 2.6953125
112.0 1.2265625
113.0 5.078125
114.0 3.3515625
115.0 3.4765625
116.0 3.65625
117.0 3.015625
118.0 4.390625
119.0 6.109375
120.0 5.046875
121.0 4.78125
122.0 3.25
123.0 2.484375
124.0 4.1015625
125.0 3.9921875
126.0 5.453125
127.0 3.90625
128.0 5.0078125
129.0 6.0625
130.0 3.4453125
131.0 5.125
132.0 4.6875
133.0 5.671875
134.0 6.09375
135.0 5.5234375
136.0 3.3203125
137.0 2.7109375
138.0 5.21875
139.0 4.1875
140.0 2.4921875
141.0 2.515625
142.0 2.8046875
143.0 0.7265625
144.0 6.1171875
145.0 3.046875
146.0 2.3671875
147.0 2.390625
148.0 2.640625
149.0 2.71875
150.0 3.015625
151.0 2.8125
152.0 2.78125
153.0 2.609375
154.0 2.6328125
155.0 0.1796875
156.0 9.1953125
157.0 4.0390625
158.0 4.1171875
159.0 5.1875
160.0 4.65625
161.0 5.609375
162.0 5.515625
163.0 4.546875
164.0 3.265625
165.0 1.03125
166.0 0.3671875
167.0 7.609375
168.0 4.1875
169.0 2.7109375
170.0 2.0703125
171.0 0.6328125
172.0 4.296875
173.0 6.0234375
174.0 2.640625
175.0 7.8671875
176.0 3.109375
177.0 4.0546875
178.0 5.8828125
179.0 6.09375
180.0 5.5546875
181.0 5.3046875
182.0 6.0234375
183.0 6.0625
184.0 6.59375
185.0 6.75
186.0 6.65625
187.0 6.1796875
188.0 6.6171875
189.0 6.6875
190.0 6.5625
191.0 6.359375
192.0 5.15625
193.0 5.4296875
194.0 6.1171875
195.0 5.7890625
196.0 1.9140625
197.0 8.6015625
198.0 1.421875
199.0 4.6640625
200.0 3.53125
201.0 2.4921875
202.0 3.328125
203.0 5.1328125
204.0 5.8515625
205.0 5.046875
206.0 5.3125
207.0 1.8046875
208.0 8.734375
209.0 4.4140625
210.0 3.3203125
211.0 1.6875
212.0 4.6875
213.0 3.0
214.0 4.0390625
215.0 6.3046875
216.0 4.296875
217.0 5.5546875
218.0 5.671875
219.0 4.6875
220.0 5.7890625
221.0 5.4921875
222.0 4.3671875
223.0 6.2734375
224.0 6.078125
225.0 5.5546875
226.0 4.390625
227.0 4.421875
228.0 4.3203125
229.0 6.6015625
230.0 5.5546875
231.0 3.953125
232.0 5.8203125
233.0 3.5859375
234.0 3.21875
235.0 4.296875
236.0 3.5546875
237.0 3.4140625
238.0 4.515625
239.0 6.4375
240.0 6.796875
241.0 7.0703125
242.0 6.5
243.0 6.0625
244.0 5.6015625
245.0 6.2578125
246.0 6.0078125
247.0 6.5859375
248.0 7.140625
249.0 5.40625
250.0 2.5703125
251.0 9.0703125
252.0 6.6484375
253.0 6.4375
254.0 6.3046875
255.0 6.0546875
256.0 5.3515625
257.0 5.421875
258.0 3.953125
259.0 6.0
260.0 4.203125
261.0 4.0234375
262.0 5.078125
263.0 5.5234375
264.0 5.6171875
265.0 6.0234375
266.0 5.828125
267.0 5.7578125
268.0 5.671875
269.0 5.796875
270.0 6.15625
271.0 5.2578125
272.0 0.9453125
273.0 10.7421875
274.0 6.2734375
275.0 6.3203125
276.0 3.671875
277.0 7.421875
278.0 5.7109375
279.0 5.9375
280.0 5.9765625
281.0 5.6328125
282.0 5.6015625
283.0 5.6796875
284.0 5.875
285.0 6.3515625
286.0 6.2890625
287.0 6.03125
288.0 5.8203125
289.0 3.28125
290.0 7.375
291.0 5.84375
292.0 6.1484375
293.0 6.3203125
294.0 5.9765625
295.0 2.1953125
296.0 9.8359375
297.0 5.9453125
298.0 6.3203125
299.0 5.875
300.0 5.4921875
301.0 2.421875
302.0 9.265625
303.0 6.328125
304.0 6.7734375
305.0 6.703125
306.0 7.1328125
307.0 6.8828125
308.0 6.453125
309.0 5.890625
310.0 6.1796875
311.0 6.0859375
312.0 5.6171875
313.0 5.578125
314.0 5.34375
315.0 6.2109375
316.0 6.03125
317.0 5.765625
318.0 5.9375
319.0 5.6796875
320.0 4.859375
321.0 4.953125
322.0 3.46875
323.0 8.0234375
324.0 5.859375
325.0 6.40625
326.0 5.828125
327.0 5.890625
328.0 5.7578125
329.0 5.46875
330.0 6.0
331.0 5.9609375
332.0 5.8828125
333.0 5.7265625
334.0 4.453125
335.0 3.265625
336.0 4.0390625
337.0 3.84375
338.0 3.0390625
339.0 4.2109375
340.0 3.640625
341.0 3.40625
342.0 3.796875
343.0 2.3046875
344.0 0.1796875
345.0 6.921875
346.0 3.3203125
347.0 1.09375
348.0 7.2578125
349.0 5.484375
350.0 4.6328125
351.0 3.96875
352.0 4.421875
353.0 4.203125
354.0 6.296875
355.0 3.3828125
356.0 2.7734375
357.0 5.1875
358.0 4.0625
359.0 5.3515625
360.0 5.4296875
361.0 2.5625
362.0 7.6015625
363.0 3.4921875
364.0 3.3203125
365.0 3.671875
366.0 5.9296875
367.0 5.3046875
368.0 5.4609375
369.0 5.3359375
370.0 5.4921875
371.0 5.3125
372.0 5.3125
373.0 3.609375
374.0 5.6484375
375.0 4.515625
376.0 3.296875
377.0 3.4375
378.0 5.9765625
379.0 5.75
380.0 5.4296875
381.0 5.9296875
382.0 5.546875
383.0 5.5859375
384.0 5.5859375
385.0 6.03125
386.0 5.5234375
387.0 5.3203125
388.0 3.6953125
389.0 2.8125
390.0 3.171875
391.0 4.875
392.0 4.8359375
393.0 4.25
394.0 4.8671875
395.0 4.7421875
396.0 4.0234375
397.0 4.921875
398.0 5.609375
399.0 4.359375
400.0 5.15625
401.0 5.015625
402.0 1.65625
403.0 3.9140625
404.0 5.0703125
405.0 2.9609375
406.0 3.640625
407.0 4.390625
408.0 5.5546875
409.0 5.6328125
410.0 5.6953125
411.0 5.4375
412.0 6.484375
413.0 5.7265625
414.0 4.3359375
415.0 7.8203125
416.0 5.6796875
417.0 4.796875
418.0 6.734375
419.0 5.4609375
420.0 5.4375
421.0 6.484375
422.0 6.15625
423.0 6.1484375
424.0 6.265625
425.0 5.6796875
426.0 4.5390625
427.0 3.375
428.0 0.0
429.0 9.8671875
430.0 5.4921875
431.0 5.375
432.0 5.546875
433.0 5.2890625
434.0 5.6171875
435.0 4.859375
436.0 5.0703125
437.0 1.46875
438.0 9.2109375
439.0 3.625
440.0 2.2734375
441.0 1.8359375
442.0 1.3203125
443.0 1.3515625
444.0 1.5
445.0 2.8046875
446.0 2.953125
447.0 2.03125
448.0 2.0
449.0 2.7421875
450.0 2.375
451.0 0.0
452.0 9.453125
453.0 1.328125
454.0 8.046875
455.0 4.6015625
456.0 2.1953125
457.0 3.640625
458.0 3.0546875
459.0 2.359375
460.0 2.296875
461.0 3.7734375
462.0 3.7421875
463.0 3.140625
464.0 3.84375
465.0 3.2578125
466.0 3.3828125
467.0 4.4140625
468.0 3.5
469.0 2.2734375
470.0 0.0
471.0 0.0
472.0 6.8984375
473.0 0.46875
474.0 0.0
475.0 2.3359375
476.0 2.5625
477.0 2.03125
478.0 1.640625
479.0 2.359375
480.0 2.15625
481.0 0.8984375
482.0 0.34375
483.0 0.84375
484.0 2.8515625
485.0 2.890625
486.0 1.1796875
487.0 0.0
488.0 0.0
489.0 0.0
490.0 6.1875
491.0 2.453125
492.0 2.25
493.0 2.0625
494.0 2.515625
495.0 2.421875
496.0 1.46875
497.0 0.0
498.0 0.0
499.0 0.0
500.0 5.8828125
501.0 4.3828125
502.0 4.8984375
503.0 4.7578125
504.0 4.6953125
505.0 3.8203125
506.0 3.4609375
507.0 3.7734375
508.0 3.9765625
509.0 3.9765625
510.0 4.1015625
511.0 3.4296875
512.0 0.0
513.0 8.1171875
514.0 3.3515625
515.0 3.5234375
516.0 3.7734375
517.0 5.578125
518.0 4.890625
519.0 4.75
520.0 5.1640625
521.0 4.3515625
522.0 2.8125
523.0 3.5625
524.0 3.890625
525.0 4.0390625
526.0 4.3984375
527.0 3.578125
528.0 3.4765625
529.0 0.0
530.0 7.84375
531.0 4.390625
532.0 4.46875
533.0 5.0078125
534.0 4.7578125
535.0 5.1015625
536.0 4.8046875
537.0 0.1640625
538.0 8.8515625
539.0 5.375
540.0 5.1875
541.0 5.0234375
542.0 5.1328125
543.0 1.7109375
544.0 7.078125
545.0 4.421875
546.0 4.1796875
547.0 4.328125
548.0 4.21875
549.0 3.28125
550.0 4.6640625
551.0 3.4453125
552.0 3.2578125
553.0 4.125
554.0 4.453125
555.0 4.03125
556.0 2.3125
557.0 5.109375
558.0 4.71875
559.0 4.9453125
560.0 4.796875
561.0 4.71875
562.0 3.9765625
563.0 2.515625
564.0 0.421875
565.0 8.03125
566.0 3.53125
567.0 4.296875
568.0 4.46875
569.0 3.9375
570.0 3.296875
571.0 3.3984375
572.0 3.6171875
573.0 3.4375
574.0 3.921875
575.0 4.0703125
576.0 2.984375
577.0 5.9609375
578.0 4.546875
579.0 1.0546875
580.0 1.2421875
581.0 2.75
582.0 3.078125
583.0 0.5703125
584.0 6.1796875
585.0 2.7578125
586.0 3.109375
587.0 4.0
588.0 3.953125
589.0 4.4140625
590.0 3.8828125
591.0 3.21875
592.0 3.1953125
593.0 1.078125
594.0 4.3828125
595.0 2.3359375
596.0 0.0
597.0 2.265625
598.0 3.9375
599.0 3.5
