0.0 4.359375
1.0 4.25
2.0 0.0
3.0 6.3203125
4.0 2.0390625
5.0 3.46875
6.0 3.921875
7.0 3.3515625
8.0 4.9296875
9.0 4.1796875
10.0 4.3828125
11.0 4.75
12.0 4.484375
13.0 5.421875
14.0 5.1640625
15.0 5.4609375
16.0 5.2578125
17.0 5.2265625
18.0 5.1015625
19.0 4.796875
20.0 3.40625
21.0 6.2578125
22.0 3.96875
23.0 4.0390625
24.0 4.125
25.0 3.25
26.0 0.0
27.0 8.2734375
28.0 4.28125
29.0 4.1875
30.0 4.1875
31.0 3.4375
32.0 4.09375
33.0 4.5703125
34.0 5.046875
35.0 5.1328125
36.0 4.0546875
37.0 2.9296875
38.0 3.6484375
39.0 1.53125
40.0 8.421875
41.0 4.78125
42.0 4.515625
43.0 4.984375
44.0 4.125
45.0 2.3046875
46.0 7.0390625
47.0 4.71875
48.0 4.3359375
49.0 4.5703125
50.0 4.6484375
51.0 3.4921875
52.0 3.1171875
53.0 3.9765625
54.0 5.15625
55.0 4.2734375
56.0 4.859375
57.0 4.53125
58.0 0.5859375
59.0 9.9296875
60.0 5.0703125
61.0 5.1953125
62.0 5.3984375
63.0 5.2890625
64.0 5.484375
65.0 5.6015625
66.0 4.921875
67.0 2.0078125
68.0 9.2734375
69.0 5.4296875
70.0 5.0234375
71.0 4.84375
72.0 5.453125
73.0 3.890625
74.0 6.75
75.0 5.3515625
76.0 4.859375
77.0 4.46875
78.0 4.6328125
79.0 1.359375
80.0 7.109375
81.0 4.90625
82.0 4.0703125
83.0 0.65625
84.0 3.34375
85.0 1.375
86.0 3.859375
87.0 2.2734375
88.0 2.21875
89.0 2.75
90.0 4.59375
91.0 4.6328125
92.0 5.4296875
93.0 2.03125
94.0 7.8671875
95.0 4.6953125
96.0 3.9765625
97.0 4.65625
98.0 4.171875
99.0 4.2421875
100.0 3.7109375
101.0 2.1796875
102.0 2.296875
103.0 2.984375
104.0 2.9609375
105.0 2.953125
106.0 3.34375
107.0 1.953125
108.0 0.0
109.0 5.9921875
110.0 4.3984375
111.0 5.796875
112.0 4.234375
113.0 5.34375
114.0 5.3984375
115.0 5.0546875
116.0 4.75
117.0 4.3984375
118.0 4.7109375
119.0 4.8671875
120.0 4.9609375
121.0 5.1015625
122.0 5.1015625
123.0 4.890625
124.0 4.9296875
125.0 3.7578125
126.0 0.1640625
127.0 6.78125
128.0 4.3828125
129.0 4.7265625
130.0 4.46875
131.0 4.5390625
132.0 2.0078125
133.0 7.03125
134.0 3.234375
135.0 2.984375
136.0 2.625
137.0 3.9140625
138.0 3.7265625
139.0 4.6796875
140.0 3.65625
141.0 2.15625
142.0 1.390625
143.0 2.78125
144.0 3.6796875
145.0 0.2109375
146.0 8.9453125
147.0 5.3359375
148.0 4.6328125
149.0 5.2890625
150.0 5.4609375
151.0 1.375
152.0 10.4140625
153.0 5.7265625
154.0 4.7265625
155.0 4.625
156.0 5.4921875
157.0 6.03125
158.0 5.765625
159.0 4.8671875
160.0 5.1953125
161.0 3.203125
162.0 7.0390625
163.0 6.2421875
164.0 5.9296875
165.0 5.3046875
166.0 5.546875
167.0 5.8828125
168.0 5.9296875
169.0 5.421875
170.0 5.8125
171.0 5.734375
172.0 6.140625
173.0 5.828125
174.0 3.578125
175.0 0.0
176.0 7.8203125
177.0 3.328125
178.0 4.0
179.0 5.734375
180.0 5.6328125
181.0 5.78125
182.0 5.578125
183.0 4.03125
184.0 6.796875
185.0 5.5625
186.0 4.859375
187.0 2.8359375
188.0 3.734375
189.0 6.0625
190.0 6.8359375
191.0 6.390625
192.0 5.484375
193.0 5.171875
194.0 6.1875
195.0 5.203125
196.0 1.0859375
197.0 7.015625
198.0 1.5859375
199.0 2.9296875
200.0 3.171875
201.0 0.1328125
202.0 8.96875
203.0 2.8125
204.0 2.484375
205.0 2.125
206.0 3.5234375
207.0 2.375
208.0 5.015625
209.0 1.34375
210.0 3.296875
211.0 5.1015625
212.0 3.28125
213.0 0.578125
214.0 0.734375
215.0 0.9375
216.0 0.609375
217.0 0.65625
218.0 1.046875
219.0 0.765625
220.0 1.296875
221.0 0.0
222.0 4.59375
223.0 2.4453125
224.0 3.6953125
225.0 2.921875
226.0 1.5703125
227.0 3.203125
228.0 4.25
229.0 0.546875
230.0 9.3125
231.0 3.53125
232.0 6.5625
233.0 4.3515625
234.0 4.53125
235.0 4.234375
236.0 4.46875
237.0 5.6953125
238.0 5.15625
239.0 4.8125
240.0 4.9765625
241.0 5.0390625
242.0 5.046875
243.0 4.1015625
244.0 3.3203125
245.0 3.59375
246.0 3.7890625
247.0 2.84375
248.0 3.8046875
249.0 3.921875
250.0 3.2578125
251.0 2.7734375
252.0 4.0
253.0 4.1328125
254.0 0.9296875
255.0 0.0
256.0 0.0
257.0 6.84375
258.0 5.046875
259.0 5.0546875
260.0 4.8046875
261.0 0.9453125
262.0 5.6484375
263.0 3.890625
264.0 3.0
265.0 2.890625
266.0 2.7578125
267.0 2.9609375
268.0 4.9765625
269.0 5.5625
270.0 3.28125
271.0 3.578125
272.0 3.3203125
273.0 5.53125
274.0 4.4140625
275.0 0.0
276.0 10.046875
277.0 6.0078125
278.0 4.296875
279.0 0.609375
280.0 8.734375
281.0 5.5546875
282.0 3.046875
283.0 3.6171875
284.0 3.578125
285.0 3.7578125
286.0 3.4765625
287.0 4.9453125
288.0 3.4140625
289.0 3.96875
290.0 4.1484375
291.0 1.5390625
292.0 6.8828125
293.0 3.5859375
294.0 5.5234375
295.0 5.34375
296.0 5.0546875
297.0 5.5546875
298.0 5.7890625
299.0 5.890625
300.0 6.109375
301.0 5.46875
302.0 5.5625
303.0 4.65625
304.0 1.890625
305.0 7.796875
306.0 5.9921875
307.0 5.7890625
308.0 5.8203125
309.0 5.875
310.0 5.78125
311.0 4.984375
312.0 1.015625
313.0 8.6171875
314.0 3.828125
315.0 4.3359375
316.0 4.03125
317.0 5.2265625
318.0 5.9609375
319.0 6.0859375
320.0 6.203125
321.0 5.734375
322.0 5.015625
323.0 3.4375
324.0 6.3203125
325.0 5.7578125
326.0 5.8515625
327.0 5.8828125
328.0 5.609375
329.0 5.703125
330.0 5.84375
331.0 5.4375
332.0 5.2578125
333.0 3.5
334.0 5.125
335.0 4.3828125
336.0 5.7265625
337.0 5.75
338.0 5.6640625
339.0 5.828125
340.0 5.3203125
341.0 4.84375
342.0 4.9453125
343.0 4.1171875
344.0 4.0625
345.0 4.3828125
346.0 4.2734375
347.0 2.515625
348.0 3.59375
349.0 3.46875
350.0 6.9140625
351.0 5.0390625
352.0 6.0
353.0 5.578125
354.0 5.203125
355.0 5.609375
356.0 2.75
357.0 7.5546875
358.0 4.28125
359.0 4.828125
360.0 5.0859375
361.0 4.9609375
362.0 5.6015625
363.0 6.03125
364.0 6.15625
365.0 6.0390625
366.0 6.4765625
367.0 2.65625
368.0 10.0234375
369.0 6.203125
370.0 5.7890625
371.0 5.3515625
372.0 4.421875
373.0 5.640625
374.0 6.1171875
375.0 6.40625
376.0 6.4140625
377.0 6.328125
378.0 5.6171875
379.0 4.6640625
380.0 0.6875
381.0 10.765625
382.0 6.3203125
383.0 6.125
384.0 6.265625
385.0 6.03125
386.0 6.3671875
387.0 6.234375
388.0 5.859375
389.0 6.1484375
390.0 6.53125
391.0 6.125
392.0 5.6796875
393.0 4.5703125
394.0 5.5625
395.0 6.3828125
396.0 6.125
397.0 1.828125
398.0 10.265625
399.0 6.15625
400.0 6.171875
401.0 6.171875
402.0 1.625
403.0 10.7109375
404.0 5.671875
405.0 5.96875
406.0 5.4296875
407.0 2.546875
408.0 4.515625
409.0 4.9609375
410.0 4.9765625
411.0 5.546875
412.0 4.78125
413.0 3.6171875
414.0 6.5078125
415.0 5.6328125
416.0 5.2734375
417.0 5.25
418.0 5.46875
419.0 5.546875
420.0 5.703125
421.0 4.8359375
422.0 4.9453125
423.0 5.1640625
424.0 5.3203125
425.0 4.90625
426.0 2.78125
427.0 6.6796875
428.0 4.71875
429.0 4.5703125
430.0 5.171875
431.0 1.609375
432.0 10.0546875
433.0 5.734375
434.0 5.6484375
435.0 5.421875
436.0 4.984375
437.0 4.6796875
438.0 3.828125
439.0 3.3828125
440.0 5.046875
441.0 5.3671875
442.0 4.7421875
443.0 5.234375
444.0 3.5
445.0 0.0
446.0 8.1328125
447.0 2.0078125
448.0 4.7578125
449.0 4.3671875
450.0 4.3359375
451.0 3.7109375
452.0 2.4765625
453.0 0.2109375
454.0 7.1875
455.0 2.4609375
456.0 7.421875
457.0 4.8359375
458.0 4.609375
459.0 4.8984375
460.0 4.3046875
461.0 4.328125
462.0 4.3671875
463.0 3.4609375
464.0 2.3671875
465.0 2.5703125
466.0 3.5234375
467.0 3.1328125
468.0 2.875
469.0 0.21875
470.0 0.140625
471.0 6.359375
472.0 8.078125
473.0 5.2734375
474.0 5.375
475.0 5.6953125
476.0 5.3828125
477.0 5.3984375
478.0 4.9921875
479.0 4.8984375
480.0 4.8671875
481.0 4.0078125
482.0 4.09375
483.0 5.6171875
484.0 5.421875
485.0 5.546875
486.0 4.7109375
487.0 4.859375
488.0 5.1328125
489.0 5.140625
490.0 5.0703125
491.0 4.9609375
492.0 4.609375
493.0 5.40625
494.0 5.046875
495.0 4.9765625
496.0 4.8359375
497.0 4.75
498.0 5.171875
499.0 4.359375
500.0 4.8359375
501.0 5.21875
502.0 5.3046875
503.0 5.171875
504.0 4.875
505.0 5.6796875
506.0 5.546875
507.0 4.90625
508.0 4.28125
509.0 4.0703125
510.0 4.2421875
511.0 4.4765625
512.0 3.4140625
513.0 4.546875
514.0 5.1953125
515.0 3.34375
516.0 3.6171875
517.0 3.3515625
518.0 3.28125
519.0 5.015625
520.0 5.21875
521.0 4.265625
522.0 5.578125
523.0 5.40625
524.0 5.1640625
525.0 5.078125
526.0 5.40625
527.0 5.0234375
528.0 5.0234375
529.0 3.53125
530.0 6.0078125
531.0 5.171875
532.0 5.40625
533.0 5.28125
534.0 5.7578125
535.0 5.6640625
536.0 5.484375
537.0 5.1328125
538.0 5.234375
539.0 4.484375
540.0 4.8671875
541.0 5.0234375
542.0 4.0546875
543.0 0.0
544.0 6.1484375
545.0 4.9296875
546.0 4.46875
547.0 4.4765625
548.0 5.1640625
549.0 2.984375
550.0 5.6484375
551.0 3.0390625
552.0 3.1328125
553.0 4.65625
554.0 5.0546875
555.0 4.890625
556.0 5.828125
557.0 5.46875
558.0 5.796875
559.0 4.1328125
560.0 4.71875
561.0 5.9375
562.0 5.765625
563.0 0.8359375
564.0 9.328125
565.0 5.8515625
566.0 6.171875
567.0 5.9921875
568.0 1.5234375
569.0 6.265625
570.0 8.8203125
571.0 6.328125
572.0 6.296875
573.0 6.2109375
574.0 5.890625
575.0 5.25
576.0 5.6484375
577.0 4.9765625
578.0 4.7265625
579.0 3.921875
580.0 4.6640625
581.0 4.3515625
582.0 4.8125
583.0 4.9921875
584.0 5.859375
585.0 5.6328125
586.0 5.015625
587.0 5.2578125
588.0 5.765625
589.0 5.4921875
590.0 5.46875
591.0 5.3203125
592.0 5.6015625
593.0 5.796875
594.0 5.7265625
595.0 5.7890625
596.0 5.734375
597.0 5.8125
598.0 5.9375
599.0 6.140625
