0.0 8.8671875
1.0 2.953125
2.0 0.875
3.0 0.0
4.0 0.0
5.0 6.8359375
6.0 3.921875
7.0 3.7421875
8.0 5.421875
9.0 5.2578125
10.0 5.203125
11.0 5.0859375
12.0 1.109375
13.0 9.1953125
14.0 5.5
15.0 5.5234375
16.0 5.75
17.0 5.671875
18.0 5.6171875
19.0 1.0
20.0 9.9921875
21.0 5.40625
22.0 5.546875
23.0 5.4296875
24.0 5.7578125
25.0 5.515625
26.0 5.46875
27.0 5.6640625
28.0 5.78125
29.0 5.609375
30.0 1.734375
31.0 9.8046875
32.0 5.6484375
33.0 5.46875
34.0 5.6171875
35.0 5.78125
36.0 5.78125
37.0 5.4609375
38.0 5.6484375
39.0 5.6484375
40.0 5.578125
41.0 5.5234375
42.0 5.6171875
43.0 5.5234375
44.0 5.5
45.0 5.5234375
46.0 5.671875
47.0 5.203125
48.0 4.421875
49.0 6.78125
50.0 5.140625
51.0 5.234375
52.0 5.4609375
53.0 4.828125
54.0 5.6484375
55.0 5.578125
56.0 5.4375
57.0 5.4921875
58.0 5.4921875
59.0 5.4609375
60.0 4.609375
61.0 3.2265625
62.0 4.2109375
63.0 5.515625
64.0 5.5234375
65.0 5.5234375
66.0 5.7890625
67.0 4.0
68.0 6.84375
69.0 5.3359375
70.0 5.0546875
71.0 1.59375
72.0 9.15625
73.0 4.1875
74.0 4.6953125
75.0 5.734375
76.0 4.65625
77.0 3.9140625
78.0 5.859375
79.0 6.2890625
80.0 6.2578125
81.0 6.1875
82.0 6.1875
83.0 5.125
84.0 4.7109375
85.0 5.1640625
86.0 3.890625
87.0 3.859375
88.0 2.21875
89.0 9.2109375
90.0 5.671875
91.0 6.0390625
92.0 6.0859375
93.0 5.5859375
94.0 5.2734375
95.0 5.7109375
96.0 4.71875
97.0 3.21875
98.0 4.125
99.0 5.7265625
100.0 5.4375
101.0 1.1328125
102.0 8.2109375
103.0 5.375
104.0 5.28125
105.0 5.203125
106.0 1.5234375
107.0 9.15625
108.0 2.84375
109.0 2.328125
110.0 2.7890625
111.0 5.171875
112.0 5.2890625
113.0 5.1015625
114.0 4.4140625
115.0 4.8359375
116.0 4.9609375
117.0 4.9296875
118.0 3.234375
119.0 6.5703125
120.0 5.5234375
121.0 5.375
122.0 5.1015625
123.0 4.75
124.0 4.8671875
125.0 5.2265625
126.0 4.7421875
127.0 4.0625
128.0 5.25
129.0 5.5625
130.0 5.46875
131.0 5.3359375
132.0 5.7109375
133.0 5.5546875
134.0 5.40625
135.0 5.78125
136.0 4.9765625
137.0 2.953125
138.0 7.984375
139.0 5.5859375
140.0 5.671875
141.0 5.53125
142.0 5.0859375
143.0 0.25
144.0 6.9453125
145.0 5.3671875
146.0 3.6953125
147.0 7.15625
148.0 5.3046875
149.0 5.3984375
150.0 5.34375
151.0 5.34375
152.0 5.3515625
153.0 5.1875
154.0 5.078125
155.0 5.2578125
156.0 5.3203125
157.0 5.1875
158.0 5.0546875
159.0 3.921875
160.0 5.3125
161.0 5.3828125
162.0 5.125
163.0 3.1171875
164.0 6.109375
165.0 4.875
166.0 5.0234375
167.0 5.1640625
168.0 5.3671875
169.0 5.28125
170.0 5.8828125
171.0 5.9921875
172.0 5.546875
173.0 5.46875
174.0 5.6640625
175.0 5.9453125
176.0 6.15625
177.0 5.9453125
178.0 5.8828125
179.0 5.96875
180.0 5.9453125
181.0 6.078125
182.0 5.8828125
183.0 5.578125
184.0 6.0625
185.0 5.796875
186.0 6.2421875
187.0 6.203125
188.0 6.0
189.0 6.09375
190.0 5.8125
191.0 5.6015625
192.0 6.0
193.0 5.875
194.0 6.0390625
195.0 5.2734375
196.0 5.9296875
197.0 5.875
198.0 5.859375
199.0 5.96875
200.0 5.671875
201.0 5.5546875
202.0 5.3203125
203.0 5.796875
204.0 5.6171875
205.0 5.6328125
206.0 3.953125
207.0 7.15625
208.0 5.7578125
209.0 5.5
210.0 6.0390625
211.0 5.515625
212.0 5.40625
213.0 5.2734375
214.0 5.421875
215.0 5.515625
216.0 5.234375
217.0 5.46875
218.0 5.9140625
219.0 6.0625
220.0 5.5
221.0 1.2578125
222.0 9.546875
223.0 5.015625
224.0 4.8984375
225.0 5.4921875
226.0 5.5
227.0 1.796875
228.0 9.21875
229.0 5.6171875
230.0 5.453125
231.0 5.1015625
232.0 5.3046875
233.0 5.3046875
234.0 5.2265625
235.0 5.0546875
236.0 5.2265625
237.0 5.2578125
238.0 5.3046875
239.0 0.65625
240.0 9.4765625
241.0 4.3359375
242.0 4.0859375
243.0 4.828125
244.0 4.984375
245.0 4.234375
246.0 1.2890625
247.0 0.0
248.0 6.7734375
249.0 0.78125
250.0 1.6796875
251.0 2.6953125
252.0 2.8125
253.0 2.8203125
254.0 3.046875
255.0 4.265625
256.0 5.5546875
257.0 4.5390625
258.0 6.1484375
259.0 5.484375
260.0 6.296875
261.0 5.3203125
262.0 5.609375
263.0 1.421875
264.0 10.625
265.0 5.5625
266.0 5.3515625
267.0 4.859375
268.0 5.4296875
269.0 5.7578125
270.0 5.7890625
271.0 4.9765625
272.0 5.6953125
273.0 5.8828125
274.0 5.6171875
275.0 5.5625
276.0 5.234375
277.0 4.8046875
278.0 4.6015625
279.0 5.2890625
280.0 6.0546875
281.0 2.640625
282.0 2.0859375
283.0 3.2578125
284.0 5.578125
285.0 5.5234375
286.0 5.859375
287.0 5.671875
288.0 5.671875
289.0 5.1640625
290.0 5.40625
291.0 5.25
292.0 5.453125
293.0 4.421875
294.0 5.96875
295.0 4.9609375
296.0 5.2265625
297.0 4.9765625
298.0 5.078125
299.0 4.8984375
300.0 5.0390625
301.0 4.875
302.0 5.5234375
303.0 5.171875
304.0 5.3203125
305.0 5.6328125
306.0 5.578125
307.0 5.3828125
308.0 4.796875
309.0 4.7734375
310.0 4.8984375
311.0 4.7421875
312.0 3.3984375
313.0 3.90625
314.0 4.390625
315.0 3.1171875
316.0 6.9765625
317.0 5.453125
318.0 5.4921875
319.0 4.71875
320.0 3.0390625
321.0 1.2109375
322.0 6.2890625
323.0 5.46875
324.0 5.765625
325.0 5.703125
326.0 5.609375
327.0 5.078125
328.0 5.6171875
329.0 5.6328125
330.0 5.5
331.0 5.5546875
332.0 5.5625
333.0 5.546875
334.0 5.53125
335.0 5.234375
336.0 5.125
337.0 5.1953125
338.0 5.421875
339.0 5.6171875
340.0 4.1875
341.0 7.5390625
342.0 5.6640625
343.0 5.484375
344.0 5.3828125
345.0 5.5234375
346.0 5.6640625
347.0 5.53125
348.0 5.3046875
349.0 5.6640625
350.0 5.5625
351.0 3.3203125
352.0 6.5390625
353.0 4.15625
354.0 5.5859375
355.0 5.3828125
356.0 5.6171875
357.0 5.6328125
358.0 5.0859375
359.0 5.0078125
360.0 4.4453125
361.0 5.2578125
362.0 2.9296875
363.0 7.0078125
364.0 4.859375
365.0 5.046875
366.0 3.7734375
367.0 2.7578125
368.0 3.4921875
369.0 5.3125
370.0 5.3515625
371.0 5.4921875
372.0 5.7890625
373.0 5.75
374.0 5.515625
375.0 3.921875
376.0 7.5078125
377.0 5.375
378.0 5.4375
379.0 5.4296875
380.0 5.4375
381.0 5.3984375
382.0 4.6015625
383.0 1.46875
384.0 0.0
385.0 6.8359375
386.0 1.53125
387.0 3.078125
388.0 5.3828125
389.0 5.828125
390.0 5.7265625
391.0 5.5234375
392.0 5.3515625
393.0 2.0703125
394.0 0.0
395.0 5.96875
396.0 4.0859375
397.0 3.109375
398.0 3.4375
399.0 3.1484375
400.0 2.84375
401.0 2.8203125
402.0 3.0390625
403.0 3.296875
404.0 3.578125
405.0 4.296875
406.0 0.0
407.0 7.140625
408.0 4.09375
409.0 2.8515625
410.0 3.1015625
411.0 3.015625
412.0 4.0234375
413.0 5.3984375
414.0 5.96875
415.0 5.546875
416.0 5.4921875
417.0 5.28125
418.0 4.9921875
419.0 4.890625
420.0 4.203125
421.0 3.25
422.0 2.234375
423.0 2.7109375
424.0 4.8359375
425.0 4.921875
426.0 2.9921875
427.0 3.3828125
428.0 2.3046875
429.0 1.5546875
430.0 0.0
431.0 6.2734375
432.0 2.546875
433.0 3.828125
434.0 4.2421875
435.0 4.515625
436.0 3.5
437.0 5.6796875
438.0 4.8046875
439.0 4.828125
440.0 4.78125
441.0 4.84375
442.0 4.8984375
443.0 5.046875
444.0 4.8984375
445.0 5.3359375
446.0 4.5625
447.0 5.2578125
448.0 4.890625
449.0 1.6484375
450.0 6.328125
451.0 4.7734375
452.0 5.3828125
453.0 3.5546875
454.0 6.40625
455.0 4.9765625
456.0 5.109375
457.0 3.6171875
458.0 3.734375
459.0 5.0390625
460.0 5.2734375
461.0 4.953125
462.0 4.625
463.0 3.4609375
464.0 2.96875
465.0 4.25
466.0 2.671875
467.0 6.6171875
468.0 5.109375
469.0 5.15625
470.0 4.953125
471.0 4.6328125
472.0 5.671875
473.0 4.9609375
474.0 4.6328125
475.0 4.71875
476.0 5.0859375
477.0 5.28125
478.0 5.5
479.0 5.671875
480.0 5.703125
481.0 5.234375
482.0 5.4609375
483.0 5.3125
484.0 3.7109375
485.0 6.8984375
486.0 4.7109375
487.0 4.4296875
488.0 2.1953125
489.0 5.078125
490.0 2.125
491.0 0.0
492.0 2.5234375
493.0 3.7890625
494.0 4.5078125
495.0 4.7109375
496.0 5.0703125
497.0 4.0
498.0 0.0
499.0 0.0
500.0 4.5390625
501.0 1.9375
502.0 2.1484375
503.0 4.03125
504.0 3.7890625
505.0 5.046875
506.0 5.3984375
507.0 4.8984375
508.0 3.6171875
509.0 6.7421875
510.0 4.8125
511.0 5.0078125
512.0 5.0234375
513.0 3.3828125
514.0 6.09375
515.0 4.3515625
516.0 4.9921875
517.0 5.671875
518.0 5.5234375
519.0 5.15625
520.0 5.203125
521.0 5.3984375
522.0 5.203125
523.0 5.0859375
524.0 5.8203125
525.0 5.375
526.0 1.890625
527.0 7.703125
528.0 4.2734375
529.0 5.4921875
530.0 5.5625
531.0 4.9921875
532.0 6.03125
533.0 5.171875
534.0 5.2890625
535.0 5.546875
536.0 5.6171875
537.0 5.6953125
538.0 5.375
539.0 5.125
540.0 5.7109375
541.0 5.40625
542.0 5.2578125
543.0 5.1953125
544.0 4.9296875
545.0 5.28125
546.0 5.453125
547.0 5.765625
548.0 5.5625
549.0 5.3125
550.0 5.1015625
551.0 4.578125
552.0 5.109375
553.0 5.21875
554.0 2.375
555.0 8.2421875
556.0 5.6640625
557.0 5.5546875
558.0 5.53125
559.0 1.4765625
560.0 9.2109375
561.0 4.421875
562.0 4.71875
563.0 4.203125
564.0 3.859375
565.0 4.6484375
566.0 4.65625
567.0 4.8359375
568.0 5.546875
569.0 5.703125
570.0 5.9296875
571.0 3.296875
572.0 7.8671875
573.0 5.7109375
574.0 5.6328125
575.0 5.2578125
576.0 5.3828125
577.0 5.2890625
578.0 5.5234375
579.0 5.8203125
580.0 5.2578125
581.0 5.1640625
582.0 5.484375
583.0 5.7890625
584.0 5.875
585.0 5.734375
586.0 5.53125
587.0 4.2734375
588.0 1.796875
589.0 3.4765625
590.0 3.515625
591.0 6.9921875
592.0 5.046875
593.0 5.1328125
594.0 5.78125
595.0 5.5234375
596.0 5.3671875
597.0 2.0
598.0 8.75
599.0 5.5
