0.0 4.5
1.0 4.859375
2.0 3.203125
3.0 5.1640625
4.0 3.375
5.0 4.125
6.0 4.3515625
7.0 4.21875
8.0 1.609375
9.0 7.15625
10.0 4.3359375
11.0 4.84375
12.0 4.8125
13.0 4.2734375
14.0 3.7109375
15.0 2.8203125
16.0 2.8203125
17.0 3.671875
18.0 4.0546875
19.0 3.8046875
20.0 2.546875
21.0 4.59375
22.0 2.90625
23.0 2.9375
24.0 4.390625
25.0 4.53125
26.0 3.1640625
27.0 2.8125
28.0 4.53125
29.0 4.0859375
30.0 3.5
31.0 2.515625
32.0 3.3984375
33.0 4.546875
34.0 3.65625
35.0 3.015625
36.0 4.4296875
37.0 4.875
38.0 3.953125
39.0 3.765625
40.0 2.390625
41.0 0.0
42.0 8.5546875
43.0 4.0234375
44.0 3.578125
45.0 0.96875
46.0 6.2578125
47.0 4.125
48.0 4.0703125
49.0 4.1875
50.0 4.1484375
51.0 4.46875
52.0 4.6796875
53.0 4.578125
54.0 4.4453125
55.0 5.0390625
56.0 4.5703125
57.0 3.3515625
58.0 0.0
59.0 8.234375
60.0 4.1015625
61.0 4.7734375
62.0 4.7734375
63.0 5.1875
64.0 4.890625
65.0 5.109375
66.0 4.8984375
67.0 1.140625
68.0 8.53125
69.0 4.6796875
70.0 5.015625
71.0 4.875
72.0 4.1875
73.0 0.65625
74.0 7.6875
75.0 2.0625
76.0 7.6015625
77.0 4.8359375
78.0 4.6875
79.0 4.828125
80.0 4.5703125
81.0 5.078125
82.0 4.8359375
83.0 4.90625
84.0 5.3671875
85.0 5.0078125
86.0 4.9765625
87.0 4.953125
88.0 4.9921875
89.0 1.7421875
90.0 7.578125
91.0 4.4765625
92.0 5.125
93.0 2.7734375
94.0 6.8046875
95.0 4.8671875
96.0 5.2734375
97.0 5.125
98.0 5.203125
99.0 5.15625
100.0 5.0859375
101.0 5.1953125
102.0 5.125
103.0 5.0546875
104.0 4.90625
105.0 5.1640625
106.0 4.0
107.0 6.5625
108.0 5.203125
109.0 5.46875
110.0 5.5546875
111.0 5.15625
112.0 5.140625
113.0 5.234375
114.0 5.1875
115.0 5.3984375
116.0 5.203125
117.0 5.484375
118.0 5.234375
119.0 4.953125
120.0 5.109375
121.0 4.6875
122.0 5.4921875
123.0 5.3671875
124.0 5.25
125.0 5.078125
126.0 2.421875
127.0 6.3203125
128.0 4.921875
129.0 4.9296875
130.0 5.1875
131.0 5.1328125
132.0 5.421875
133.0 5.2578125
134.0 5.2734375
135.0 5.21875
136.0 5.140625
137.0 5.421875
138.0 5.3203125
139.0 2.8125
140.0 7.9375
141.0 5.3125
142.0 5.2265625
143.0 4.0546875
144.0 6.6484375
145.0 5.375
146.0 4.9296875
147.0 4.890625
148.0 5.4296875
149.0 5.21875
150.0 5.3046875
151.0 5.453125
152.0 5.453125
153.0 5.21875
154.0 5.203125
155.0 4.265625
156.0 5.7265625
157.0 5.1953125
158.0 5.1328125
159.0 5.171875
160.0 3.9140625
161.0 0.46875
162.0 5.8125
163.0 1.9765625
164.0 6.6875
165.0 3.265625
166.0 4.8984375
167.0 5.3203125
168.0 5.0078125
169.0 4.390625
170.0 4.71875
171.0 5.171875
172.0 5.3515625
173.0 5.4609375
174.0 5.2265625
175.0 5.2265625
176.0 5.1953125
177.0 1.5234375
178.0 8.890625
179.0 4.90625
180.0 4.171875
181.0 0.8359375
182.0 7.765625
183.0 4.8984375
184.0 3.46875
185.0 4.6015625
186.0 5.3046875
187.0 5.4296875
188.0 5.46875
189.0 5.140625
190.0 5.2890625
191.0 1.5
192.0 9.0703125
193.0 5.40625
194.0 5.25
195.0 5.25
196.0 5.421875
197.0 5.3359375
198.0 5.21875
199.0 4.9609375
200.0 4.4296875
201.0 5.21875
202.0 4.921875
203.0 4.9765625
204.0 1.328125
205.0 8.5859375
206.0 4.6796875
207.0 4.5
208.0 4.3203125
209.0 3.9921875
210.0 0.6328125
211.0 6.203125
212.0 4.0703125
213.0 4.0703125
214.0 5.109375
215.0 5.3125
216.0 5.1015625
217.0 5.015625
218.0 4.8359375
219.0 1.3125
220.0 8.4609375
221.0 5.3984375
222.0 5.3046875
223.0 5.4609375
224.0 5.1328125
225.0 5.28125
226.0 5.4609375
227.0 5.453125
228.0 5.4296875
229.0 5.3125
230.0 5.2578125
231.0 5.203125
232.0 4.2109375
233.0 5.859375
234.0 5.0546875
235.0 4.4453125
236.0 2.5625
237.0 0.0625
238.0 4.8125
239.0 4.390625
240.0 5.5234375
241.0 5.4375
242.0 5.40625
243.0 5.3203125
244.0 5.2578125
245.0 5.203125
246.0 4.0546875
247.0 4.796875
248.0 5.125
249.0 5.203125
250.0 5.2265625
251.0 2.7578125
252.0 8.203125
253.0 5.046875
254.0 4.90625
255.0 2.7109375
256.0 6.4140625
257.0 4.9609375
258.0 4.890625
259.0 5.3671875
260.0 5.25
261.0 5.3828125
262.0 5.2734375
263.0 5.375
264.0 5.6015625
265.0 5.5234375
266.0 5.4921875
267.0 5.3359375
268.0 4.5703125
269.0 5.6640625
270.0 5.171875
271.0 5.125
272.0 4.984375
273.0 2.4765625
274.0 7.96875
275.0 5.2734375
276.0 5.3359375
277.0 5.015625
278.0 5.203125
279.0 5.1640625
280.0 5.375
281.0 5.109375
282.0 5.109375
283.0 5.3125
284.0 4.890625
285.0 1.3203125
286.0 7.6953125
287.0 5.1328125
288.0 5.3984375
289.0 5.2890625
290.0 5.1953125
291.0 5.2265625
292.0 5.2578125
293.0 5.4375
294.0 5.1328125
295.0 5.34375
296.0 3.828125
297.0 6.9296875
298.0 5.140625
299.0 1.4453125
300.0 8.34375
301.0 4.625
302.0 4.9765625
303.0 5.375
304.0 5.1328125
305.0 5.3828125
306.0 5.2890625
307.0 5.2578125
308.0 4.8671875
309.0 4.90625
310.0 5.234375
311.0 3.90625
312.0 4.75
313.0 4.9609375
314.0 5.8515625
315.0 5.5546875
316.0 5.234375
317.0 5.40625
318.0 5.2734375
319.0 4.953125
320.0 4.65625
321.0 4.9453125
322.0 5.2265625
323.0 5.28125
324.0 5.4921875
325.0 5.3828125
326.0 4.8984375
327.0 3.4140625
328.0 3.1796875
329.0 3.59375
330.0 4.0625
331.0 3.671875
332.0 3.609375
333.0 4.546875
334.0 5.4296875
335.0 5.3359375
336.0 5.765625
337.0 5.53125
338.0 4.0546875
339.0 5.53125
340.0 4.84375
341.0 1.3125
342.0 9.703125
343.0 2.890625
344.0 6.6640625
345.0 6.2421875
346.0 5.5625
347.0 4.6328125
348.0 4.484375
349.0 4.0390625
350.0 4.3671875
351.0 4.0234375
352.0 3.4140625
353.0 4.3515625
354.0 4.0703125
355.0 4.265625
356.0 4.15625
357.0 4.0703125
358.0 2.921875
359.0 6.3359375
360.0 4.421875
361.0 4.6875
362.0 4.5625
363.0 4.0859375
364.0 0.3359375
365.0 9.6953125
366.0 5.0078125
367.0 5.3984375
368.0 4.3515625
369.0 4.3046875
370.0 5.84375
371.0 5.890625
372.0 5.25
373.0 5.40625
374.0 5.75
375.0 3.734375
376.0 2.4921875
377.0 6.421875
378.0 5.7890625
379.0 5.78125
380.0 4.90625
381.0 4.6953125
382.0 3.859375
383.0 2.234375
384.0 6.6875
385.0 4.7265625
386.0 4.921875
387.0 5.0390625
388.0 5.2578125
389.0 5.5
390.0 5.9609375
391.0 5.0703125
392.0 5.6796875
393.0 5.9921875
394.0 5.9453125
395.0 5.9140625
396.0 5.15625
397.0 5.453125
398.0 3.890625
399.0 3.875
400.0 4.796875
401.0 4.2109375
402.0 6.234375
403.0 5.3046875
404.0 4.2421875
405.0 3.65625
406.0 4.0859375
407.0 5.4296875
408.0 5.9375
409.0 5.609375
410.0 6.125
411.0 5.421875
412.0 4.953125
413.0 4.0078125
414.0 1.2421875
415.0 6.765625
416.0 3.015625
417.0 3.0546875
418.0 0.0
419.0 6.6875
420.0 4.0078125
421.0 5.0078125
422.0 5.1328125
423.0 5.1875
424.0 5.015625
425.0 3.046875
426.0 2.59375
427.0 4.1328125
428.0 4.5078125
429.0 4.484375
430.0 3.21875
431.0 1.0546875
432.0 5.78125
433.0 0.8359375
434.0 5.890625
435.0 2.90625
436.0 2.8671875
437.0 2.6953125
438.0 3.953125
439.0 2.578125
440.0 4.0703125
441.0 4.578125
442.0 4.59375
443.0 3.578125
444.0 2.8515625
445.0 1.828125
446.0 2.28125
447.0 0.109375
448.0 6.6171875
449.0 4.3515625
450.0 4.3046875
451.0 3.4921875
452.0 3.3203125
453.0 5.1328125
454.0 4.1015625
455.0 2.2734375
456.0 4.84375
457.0 5.3828125
458.0 3.0546875
459.0 3.515625
460.0 4.796875
461.0 5.015625
462.0 4.796875
463.0 4.8125
464.0 4.875
465.0 3.7734375
466.0 3.234375
467.0 3.3828125
468.0 3.546875
469.0 3.375
470.0 3.265625
471.0 3.40625
472.0 3.40625
473.0 3.46875
474.0 5.078125
475.0 0.0
476.0 7.25
477.0 3.1796875
478.0 1.046875
479.0 1.34375
480.0 4.90625
481.0 3.1953125
482.0 3.1171875
483.0 3.203125
484.0 4.0625
485.0 3.21875
486.0 2.5078125
487.0 3.5
488.0 4.7578125
489.0 3.5859375
490.0 3.7421875
491.0 3.1171875
492.0 3.609375
493.0 1.65625
494.0 6.5859375
495.0 1.359375
496.0 3.8203125
497.0 3.8046875
498.0 4.0390625
499.0 4.0859375
500.0 1.609375
501.0 6.3671875
502.0 2.3046875
503.0 3.8828125
504.0 4.0859375
505.0 4.1015625
506.0 3.609375
507.0 2.0390625
508.0 0.71875
509.0 5.84375
510.0 4.25
511.0 5.015625
512.0 3.8515625
513.0 3.6796875
514.0 4.4296875
515.0 4.9453125
516.0 4.3671875
517.0 3.3125
518.0 4.1328125
519.0 3.8515625
520.0 4.421875
521.0 3.8515625
522.0 5.203125
523.0 4.0546875
524.0 0.9140625
525.0 7.3125
526.0 4.8046875
527.0 4.28125
528.0 3.5546875
529.0 4.21875
530.0 5.1640625
531.0 3.828125
532.0 3.9375
533.0 2.1875
534.0 2.609375
535.0 2.375
536.0 2.5703125
537.0 1.046875
538.0 2.6875
539.0 4.7421875
540.0 3.3203125
541.0 4.3203125
542.0 3.625
543.0 3.640625
544.0 4.3828125
545.0 4.5078125
546.0 4.7421875
547.0 3.4453125
548.0 6.0
549.0 4.0859375
550.0 2.0078125
551.0 2.328125
552.0 3.9765625
553.0 5.078125
554.0 4.984375
555.0 5.8125
556.0 5.3046875
557.0 2.5703125
558.0 5.8125
559.0 5.015625
560.0 4.875
561.0 4.8046875
562.0 5.3671875
563.0 5.8203125
564.0 5.3046875
565.0 4.71875
566.0 3.46875
567.0 2.328125
568.0 2.3125
569.0 2.8125
570.0 2.65625
571.0 0.6171875
572.0 4.0078125
573.0 0.6328125
574.0 3.7578125
575.0 3.875
576.0 2.28125
577.0 2.015625
578.0 2.28125
579.0 2.4921875
580.0 2.234375
581.0 3.6953125
582.0 4.8671875
583.0 4.5
584.0 4.296875
585.0 2.4765625
586.0 1.9765625
587.0 0.8828125
588.0 0.0
589.0 6.84375
590.0 3.609375
591.0 2.0390625
592.0 2.4296875
593.0 2.046875
594.0 2.3984375
595.0 1.0234375
596.0 6.6640625
597.0 1.9453125
598.0 2.1875
599.0 1.8203125
