0.0 4.328125
1.0 0.8515625
2.0 0.7890625
3.0 0.5703125
4.0 0.765625
5.0 0.8671875
6.0 0.6953125
7.0 0.8125
8.0 1.28125
9.0 1.4921875
10.0 0.4296875
11.0 6.2265625
12.0 2.21875
13.0 5.015625
14.0 6.6171875
15.0 2.1796875
16.0 0.78125
17.0 0.0
18.0 4.5
19.0 6.328125
20.0 5.5859375
21.0 4.390625
22.0 0.4921875
23.0 0.3125
24.0 0.421875
25.0 0.3359375
26.0 0.4296875
27.0 1.265625
28.0 2.953125
29.0 1.7890625
30.0 0.0
31.0 5.609375
32.0 1.34375
33.0 0.3671875
34.0 0.3046875
35.0 0.1640625
36.0 0.1796875
37.0 0.3671875
38.0 0.875
39.0 3.1640625
40.0 5.53125
41.0 6.234375
42.0 6.296875
43.0 6.3515625
44.0 2.9609375
45.0 10.28125
46.0 6.6640625
47.0 6.625
48.0 6.484375
49.0 5.765625
50.0 7.71875
51.0 6.2578125
52.0 4.921875
53.0 3.953125
54.0 4.984375
55.0 3.3203125
56.0 4.6875
57.0 5.0234375
58.0 5.7109375
59.0 5.7578125
60.0 6.296875
61.0 5.578125
62.0 3.96875
63.0 7.6015625
64.0 6.453125
65.0 6.03125
66.0 5.609375
67.0 3.1171875
68.0 6.4140625
69.0 5.7578125
70.0 4.4140625
71.0 5.1953125
72.0 5.515625
73.0 4.921875
74.0 3.4140625
75.0 3.5234375
76.0 5.7890625
77.0 5.7265625
78.0 5.7890625
79.0 4.6953125
80.0 4.6015625
81.0 1.0234375
82.0 10.109375
83.0 5.8828125
84.0 5.109375
85.0 2.8515625
86.0 7.796875
87.0 5.8828125
88.0 6.15625
89.0 4.90625
90.0 8.1328125
91.0 4.4296875
92.0 7.734375
93.0 6.234375
94.0 3.921875
95.0 5.46875
96.0 5.3125
97.0 5.2734375
98.0 4.515625
99.0 4.7421875
100.0 1.984375
101.0 2.6328125
102.0 6.078125
103.0 6.359375
104.0 5.6796875
105.0 5.2734375
106.0 5.875
107.0 4.5390625
108.0 7.0625
109.0 3.59375
110.0 6.1171875
111.0 6.0390625
112.0 5.2265625
113.0 5.6640625
114.0 4.6015625
115.0 2.90625
116.0 2.671875
117.0 5.0234375
118.0 5.3203125
119.0 5.453125
120.0 5.1640625
121.0 1.9765625
122.0 9.875
123.0 5.4921875
124.0 4.4140625
125.0 3.265625
126.0 0.8828125
127.0 6.7421875
128.0 3.4453125
129.0 1.859375
130.0 3.578125
131.0 5.53125
132.0 5.3359375
133.0 5.46875
134.0 5.6484375
135.0 5.0859375
136.0 3.4453125
137.0 2.671875
138.0 5.9375
139.0 6.5
140.0 3.578125
141.0 9.75
142.0 7.421875
143.0 7.8125
144.0 7.5390625
145.0 6.8671875
146.0 4.0859375
147.0 11.0234375
148.0 7.6328125
149.0 8.2265625
150.0 8.0546875
151.0 8.5
152.0 8.171875
153.0 8.2421875
154.0 8.625
155.0 8.734375
156.0 8.265625
157.0 7.28125
158.0 6.40625
159.0 1.34375
160.0 6.46875
161.0 3.84375
162.0 7.5546875
163.0 7.8515625
164.0 7.5859375
165.0 7.765625
166.0 3.828125
167.0 0.0
168.0 9.0703125
169.0 7.4609375
170.0 5.1015625
171.0 4.6875
172.0 7.3984375
173.0 7.09375
174.0 7.15625
175.0 7.2109375
176.0 7.6640625
177.0 6.6875
178.0 2.890625
179.0 4.9296875
180.0 7.4375
181.0 5.7265625
182.0 5.0234375
183.0 7.1328125
184.0 6.84375
185.0 6.7734375
186.0 7.46875
187.0 6.9921875
188.0 6.2890625
189.0 7.546875
190.0 6.9453125
191.0 7.1640625
192.0 4.3203125
193.0 7.0625
194.0 7.2109375
195.0 7.84375
196.0 8.1171875
197.0 6.1796875
198.0 1.828125
199.0 6.5546875
200.0 5.3203125
201.0 7.8359375
202.0 8.0625
203.0 7.2578125
204.0 7.421875
205.0 7.84375
206.0 7.578125
207.0 8.0859375
208.0 7.8828125
209.0 7.6953125
210.0 7.40625
211.0 7.1640625
212.0 6.921875
213.0 7.2109375
214.0 7.0390625
215.0 7.125
216.0 7.140625
217.0 6.8828125
218.0 6.9609375
219.0 2.3125
220.0 12.25
221.0 7.4375
222.0 7.2734375
223.0 5.40625
224.0 8.6796875
225.0 6.84375
226.0 6.9765625
227.0 7.3125
228.0 7.375
229.0 7.6328125
230.0 7.484375
231.0 7.28125
232.0 7.421875
233.0 7.765625
234.0 7.2265625
235.0 6.5078125
236.0 7.09375
237.0 7.15625
238.0 6.703125
239.0 5.859375
240.0 6.109375
241.0 6.421875
242.0 6.6328125
243.0 4.6640625
244.0 4.6953125
245.0 4.4296875
246.0 5.0234375
247.0 4.5625
248.0 4.5
249.0 4.546875
250.0 4.3671875
251.0 4.46875
252.0 4.0078125
253.0 3.7890625
254.0 4.390625
255.0 4.5
256.0 4.28125
257.0 4.1875
258.0 4.296875
259.0 4.1875
260.0 4.8359375
261.0 4.515625
262.0 3.5546875
263.0 4.0625
264.0 4.6953125
265.0 2.7890625
266.0 7.3671875
267.0 5.078125
268.0 5.3671875
269.0 5.2890625
270.0 4.890625
271.0 1.828125
272.0 8.5859375
273.0 4.9453125
274.0 5.1640625
275.0 6.109375
276.0 5.203125
277.0 6.1875
278.0 6.3671875
279.0 6.125
280.0 6.5546875
281.0 6.1484375
282.0 6.421875
283.0 5.9453125
284.0 5.421875
285.0 0.375
286.0 11.4140625
287.0 5.75
288.0 5.53125
289.0 3.2265625
290.0 8.5390625
291.0 2.390625
292.0 8.96875
293.0 5.75
294.0 5.40625
295.0 5.2734375
296.0 8.3203125
297.0 5.203125
298.0 4.796875
299.0 3.7578125
300.0 3.40625
301.0 5.8828125
302.0 6.5703125
303.0 5.6328125
304.0 6.6875
305.0 6.4453125
306.0 6.078125
307.0 6.328125
308.0 6.859375
309.0 4.4453125
310.0 6.5625
311.0 4.8984375
312.0 3.59375
313.0 3.3125
314.0 6.109375
315.0 6.6015625
316.0 6.6171875
317.0 6.984375
318.0 6.734375
319.0 6.828125
320.0 6.6875
321.0 6.46875
322.0 6.6875
323.0 6.4765625
324.0 5.5625
325.0 5.4296875
326.0 6.5390625
327.0 1.9140625
328.0 11.7578125
329.0 7.0390625
330.0 6.8125
331.0 6.7421875
332.0 7.109375
333.0 7.078125
334.0 7.2734375
335.0 6.9609375
336.0 7.484375
337.0 7.3046875
338.0 7.09375
339.0 7.640625
340.0 6.453125
341.0 7.765625
342.0 6.984375
343.0 7.2109375
344.0 6.734375
345.0 7.375
346.0 7.6171875
347.0 6.53125
348.0 6.515625
349.0 6.4453125
350.0 7.1875
351.0 5.7890625
352.0 4.09375
353.0 7.3203125
354.0 5.75
355.0 5.203125
356.0 8.3125
357.0 6.3515625
358.0 6.71875
359.0 6.4375
360.0 5.890625
361.0 6.15625
362.0 6.4453125
363.0 7.0390625
364.0 6.3671875
365.0 6.0859375
366.0 5.890625
367.0 3.9140625
368.0 1.6484375
369.0 6.3046875
370.0 5.3828125
371.0 5.453125
372.0 5.15625
373.0 4.8671875
374.0 5.2265625
375.0 5.0546875
376.0 4.8984375
377.0 5.0859375
378.0 5.2890625
379.0 5.53125
380.0 5.28125
381.0 5.3515625
382.0 3.578125
383.0 6.171875
384.0 4.796875
385.0 4.46875
386.0 4.9921875
387.0 6.0234375
388.0 6.1796875
389.0 5.1875
390.0 8.4453125
391.0 6.953125
392.0 6.3828125
393.0 6.421875
394.0 4.984375
395.0 5.015625
396.0 3.8203125
397.0 1.1953125
398.0 2.2734375
399.0 6.2890625
400.0 6.359375
401.0 6.40625
402.0 6.2421875
403.0 5.25
404.0 5.84375
405.0 5.9453125
406.0 6.984375
407.0 7.0390625
408.0 6.9765625
409.0 7.109375
410.0 3.046875
411.0 6.71875
412.0 2.2109375
413.0 5.78125
414.0 7.28125
415.0 6.828125
416.0 7.40625
417.0 7.140625
418.0 6.859375
419.0 6.765625
420.0 6.2734375
421.0 7.0078125
422.0 5.640625
423.0 2.359375
424.0 10.5546875
425.0 1.4375
426.0 8.1796875
427.0 6.734375
428.0 6.5546875
429.0 6.484375
430.0 6.328125
431.0 5.6015625
432.0 4.8046875
433.0 5.3359375
434.0 6.2109375
435.0 5.421875
436.0 5.0234375
437.0 6.7421875
438.0 6.6796875
439.0 6.484375
440.0 7.671875
441.0 6.5859375
442.0 6.7421875
443.0 6.9140625
444.0 6.65625
445.0 7.09375
446.0 7.078125
447.0 6.84375
448.0 5.84375
449.0 7.03125
450.0 6.6796875
451.0 5.0234375
452.0 1.1484375
453.0 3.65625
454.0 7.2421875
455.0 6.390625
456.0 6.265625
457.0 1.8046875
458.0 0.765625
459.0 4.7109375
460.0 6.765625
461.0 6.5078125
462.0 6.4453125
463.0 4.4765625
464.0 7.03125
465.0 3.0234375
466.0 1.703125
467.0 0.9609375
468.0 0.78125
469.0 2.25
470.0 4.0859375
471.0 3.1640625
472.0 3.015625
473.0 2.375
474.0 2.7421875
475.0 5.3203125
476.0 5.8828125
477.0 1.7109375
478.0 8.859375
479.0 4.515625
480.0 4.8359375
481.0 4.6484375
482.0 4.4765625
483.0 4.53125
484.0 4.1484375
485.0 4.5703125
486.0 4.1328125
487.0 1.65625
488.0 6.8984375
489.0 3.2890625
490.0 4.9609375
491.0 4.21875
492.0 4.9921875
493.0 5.2578125
494.0 5.1328125
495.0 4.859375
496.0 4.0390625
497.0 2.1328125
498.0 0.9296875
499.0 0.8515625
500.0 3.328125
501.0 5.8203125
502.0 4.953125
503.0 1.9453125
504.0 10.375
505.0 4.8984375
506.0 4.21875
507.0 5.7265625
508.0 5.2265625
509.0 4.203125
510.0 7.2265625
511.0 5.1875
512.0 3.53125
513.0 4.28125
514.0 5.3203125
515.0 4.484375
516.0 2.4453125
517.0 4.203125
518.0 3.1484375
519.0 1.4609375
520.0 1.1171875
521.0 2.7421875
522.0 5.234375
523.0 2.421875
524.0 6.484375
525.0 3.9453125
526.0 2.09375
527.0 0.6015625
528.0 6.5390625
529.0 4.0078125
530.0 3.671875
531.0 3.3828125
532.0 1.1484375
533.0 2.4765625
534.0 2.359375
535.0 2.3125
536.0 2.6640625
537.0 0.0
538.0 4.75
539.0 1.8828125
540.0 2.0703125
541.0 1.765625
542.0 2.6328125
543.0 2.4453125
544.0 2.5390625
545.0 2.3984375
546.0 2.8515625
547.0 2.5078125
548.0 2.71875
549.0 2.7734375
550.0 2.8359375
551.0 2.484375
552.0 0.0625
553.0 0.0
554.0 6.359375
555.0 1.015625
556.0 1.1484375
557.0 2.4453125
558.0 2.3359375
559.0 1.078125
560.0 4.4453125
561.0 5.484375
562.0 5.703125
563.0 5.0859375
564.0 2.953125
565.0 1.34375
566.0 1.953125
567.0 4.984375
568.0 5.078125
569.0 5.109375
570.0 4.7734375
571.0 4.578125
572.0 4.9609375
573.0 4.421875
574.0 1.0
575.0 0.0
576.0 8.203125
577.0 4.921875
578.0 5.765625
579.0 5.484375
580.0 5.3359375
581.0 5.5859375
582.0 5.640625
583.0 6.2578125
584.0 3.078125
585.0 9.296875
586.0 5.7890625
587.0 6.2734375
588.0 6.0390625
589.0 5.5625
590.0 5.046875
591.0 5.578125
592.0 5.6640625
593.0 4.578125
594.0 7.25
595.0 5.4375
596.0 5.578125
597.0 5.7109375
598.0 6.0
599.0 5.9296875
