0.0 3.9140625
1.0 4.03125
2.0 3.9375
3.0 3.6796875
4.0 3.796875
5.0 3.765625
6.0 3.8515625
7.0 3.8203125
8.0 4.859375
9.0 5.1640625
10.0 5.109375
11.0 3.234375
12.0 6.6875
13.0 3.8046875
14.0 3.8046875
15.0 3.7890625
16.0 2.0859375
17.0 5.4609375
18.0 3.8046875
19.0 3.7265625
20.0 3.734375
21.0 3.7890625
22.0 3.7890625
23.0 3.796875
24.0 3.7890625
25.0 3.8203125
26.0 3.8046875
27.0 3.8046875
28.0 3.8046875
29.0 1.9453125
30.0 5.6015625
31.0 3.8515625
32.0 3.734375
33.0 3.6484375
34.0 3.234375
35.0 0.0
36.0 8.078125
37.0 3.6953125
38.0 3.890625
39.0 4.6640625
40.0 5.0390625
41.0 5.171875
42.0 4.9609375
43.0 5.0859375
44.0 4.9765625
45.0 3.34375
46.0 6.9140625
47.0 5.21875
48.0 4.8671875
49.0 4.1484375
50.0 4.1484375
51.0 3.828125
52.0 3.9453125
53.0 3.9453125
54.0 3.9453125
55.0 3.9140625
56.0 3.875
57.0 3.921875
58.0 3.859375
59.0 0.8515625
60.0 6.9296875
61.0 3.9453125
62.0 3.953125
63.0 2.484375
64.0 5.2265625
65.0 4.0234375
66.0 4.171875
67.0 4.7734375
68.0 5.078125
69.0 4.953125
70.0 4.5625
71.0 3.9375
72.0 4.1875
73.0 4.0078125
74.0 4.0546875
75.0 1.9140625
76.0 6.2265625
77.0 3.921875
78.0 3.8828125
79.0 3.96875
80.0 3.8828125
81.0 3.9375
82.0 3.9921875
83.0 4.1015625
84.0 5.2578125
85.0 5.140625
86.0 5.3203125
87.0 5.34375
88.0 1.7578125
89.0 8.59375
90.0 5.1640625
91.0 5.203125
92.0 5.2578125
93.0 5.375
94.0 3.9765625
95.0 6.421875
96.0 5.140625
97.0 5.1875
98.0 5.453125
99.0 5.1640625
100.0 5.046875
101.0 5.0859375
102.0 5.3984375
103.0 5.2265625
104.0 4.9765625
105.0 4.828125
106.0 5.203125
107.0 4.1171875
108.0 5.9921875
109.0 5.015625
110.0 4.921875
111.0 5.078125
112.0 2.671875
113.0 7.3125
114.0 5.21875
115.0 5.109375
116.0 4.90625
117.0 5.015625
118.0 2.84375
119.0 7.5390625
120.0 5.0546875
121.0 5.0078125
122.0 5.203125
123.0 5.0078125
124.0 5.203125
125.0 5.1953125
126.0 5.1015625
127.0 5.1640625
128.0 5.25
129.0 5.21875
130.0 5.2265625
131.0 4.59375
132.0 5.515625
133.0 5.203125
134.0 4.921875
135.0 1.625
136.0 8.359375
137.0 4.9765625
138.0 5.125
139.0 5.140625
140.0 5.453125
141.0 2.5703125
142.0 7.546875
143.0 5.1875
144.0 5.375
145.0 4.7734375
146.0 5.0078125
147.0 5.203125
148.0 5.2265625
149.0 5.1875
150.0 5.3203125
151.0 5.40625
152.0 5.203125
153.0 5.421875
154.0 4.28125
155.0 6.0546875
156.0 5.3046875
157.0 4.859375
158.0 5.0703125
159.0 5.0703125
160.0 3.9453125
161.0 6.3515625
162.0 5.109375
163.0 5.1640625
164.0 5.140625
165.0 5.0078125
166.0 5.0390625
167.0 4.8984375
168.0 4.953125
169.0 5.046875
170.0 5.109375
171.0 4.984375
172.0 2.1015625
173.0 6.2421875
174.0 6.703125
175.0 5.0859375
176.0 4.6796875
177.0 4.7734375
178.0 4.7578125
179.0 5.0234375
180.0 5.0546875
181.0 3.1640625
182.0 6.6171875
183.0 5.015625
184.0 4.8984375
185.0 3.234375
186.0 6.78125
187.0 5.1328125
188.0 5.453125
189.0 3.4375
190.0 6.9140625
191.0 5.234375
192.0 5.3984375
193.0 5.3203125
194.0 5.1640625
195.0 5.375
196.0 5.34375
197.0 5.3828125
198.0 5.3515625
199.0 3.4765625
200.0 7.1953125
201.0 5.21875
202.0 5.3125
203.0 5.2890625
204.0 5.2890625
205.0 5.28125
206.0 5.109375
207.0 5.3203125
208.0 5.1953125
209.0 5.2578125
210.0 5.21875
211.0 5.2578125
212.0 5.3984375
213.0 5.2578125
214.0 3.4765625
215.0 6.953125
216.0 5.421875
217.0 5.3828125
218.0 5.234375
219.0 2.2734375
220.0 8.0546875
221.0 5.28125
222.0 5.140625
223.0 4.84375
224.0 5.140625
225.0 5.0390625
226.0 5.125
227.0 4.9453125
228.0 5.203125
229.0 4.9921875
230.0 5.3828125
231.0 5.0703125
232.0 0.2890625
233.0 9.703125
234.0 4.9765625
235.0 4.8671875
236.0 4.6484375
237.0 5.1953125
238.0 4.890625
239.0 5.125
240.0 5.0703125
241.0 5.171875
242.0 4.953125
243.0 4.9296875
244.0 5.0546875
245.0 5.1328125
246.0 5.15625
247.0 5.3671875
248.0 2.0859375
249.0 8.2265625
250.0 5.2890625
251.0 5.3515625
252.0 5.2734375
253.0 5.2265625
254.0 5.2890625
255.0 5.3984375
256.0 5.3828125
257.0 5.15625
258.0 5.421875
259.0 5.140625
260.0 4.5390625
261.0 4.5078125
262.0 7.0078125
263.0 5.25
264.0 5.25
265.0 5.3125
266.0 5.34375
267.0 5.3984375
268.0 2.90625
269.0 8.0
270.0 5.2734375
271.0 5.2734375
272.0 5.3125
273.0 5.2890625
274.0 5.3125
275.0 5.453125
276.0 5.234375
277.0 5.34375
278.0 5.40625
279.0 5.4375
280.0 4.4140625
281.0 5.6640625
282.0 4.9921875
283.0 4.9765625
284.0 4.875
285.0 4.8359375
286.0 5.0078125
287.0 5.0703125
288.0 0.8125
289.0 9.4609375
290.0 4.9921875
291.0 4.9296875
292.0 5.1875
293.0 5.046875
294.0 5.21875
295.0 5.0390625
296.0 5.0703125
297.0 5.0390625
298.0 5.3046875
299.0 4.6484375
300.0 5.578125
301.0 4.90625
302.0 5.140625
303.0 5.1640625
304.0 5.015625
305.0 5.0859375
306.0 4.8984375
307.0 3.4921875
308.0 6.65625
309.0 5.3203125
310.0 5.3046875
311.0 5.0546875
312.0 5.21875
313.0 5.1953125
314.0 5.2890625
315.0 5.3203125
316.0 5.203125
317.0 5.4296875
318.0 5.375
319.0 4.9765625
320.0 5.6640625
321.0 5.3671875
322.0 5.4375
323.0 5.3984375
324.0 5.375
325.0 2.1015625
326.0 8.140625
327.0 5.2578125
328.0 5.46875
329.0 5.171875
330.0 5.4296875
331.0 5.3515625
332.0 5.3046875
333.0 5.4375
334.0 5.3125
335.0 5.21875
336.0 5.46875
337.0 5.0546875
338.0 1.3515625
339.0 9.1796875
340.0 5.3359375
341.0 5.0234375
342.0 5.125
343.0 5.21875
344.0 0.328125
345.0 9.7890625
346.0 5.1328125
347.0 5.203125
348.0 5.125
349.0 4.8984375
350.0 5.1015625
351.0 5.1328125
352.0 4.203125
353.0 5.8515625
354.0 5.109375
355.0 5.3046875
356.0 5.0390625
357.0 5.15625
358.0 5.0234375
359.0 5.2265625
360.0 5.0390625
361.0 4.9921875
362.0 5.109375
363.0 5.078125
364.0 5.046875
365.0 5.15625
366.0 3.625
367.0 6.4375
368.0 4.9765625
369.0 4.8671875
370.0 5.109375
371.0 4.9296875
372.0 2.7265625
373.0 7.90625
374.0 5.15625
375.0 5.1328125
376.0 5.1328125
377.0 5.375
378.0 5.1640625
379.0 5.234375
380.0 5.3046875
381.0 5.2578125
382.0 5.1953125
383.0 5.34375
384.0 2.4140625
385.0 7.7890625
386.0 5.25
387.0 5.25
388.0 5.421875
389.0 5.4375
390.0 5.3515625
391.0 5.234375
392.0 5.3046875
393.0 5.171875
394.0 3.84375
395.0 7.0390625
396.0 5.1015625
397.0 5.3515625
398.0 5.1875
399.0 5.3359375
400.0 5.25
401.0 5.203125
402.0 5.234375
403.0 5.2890625
404.0 5.28125
405.0 5.078125
406.0 4.9921875
407.0 3.4453125
408.0 6.6015625
409.0 5.0703125
410.0 5.0859375
411.0 5.25
412.0 5.15625
413.0 5.1328125
414.0 5.1953125
415.0 3.3828125
416.0 6.5625
417.0 5.109375
418.0 4.9609375
419.0 5.015625
420.0 5.3046875
421.0 5.046875
422.0 5.21875
423.0 4.9921875
424.0 5.046875
425.0 5.0078125
426.0 5.0703125
427.0 5.046875
428.0 5.1640625
429.0 4.7421875
430.0 5.6328125
431.0 5.3125
432.0 5.2890625
433.0 5.3984375
434.0 5.3203125
435.0 1.2578125
436.0 9.4609375
437.0 5.2890625
438.0 5.1953125
439.0 5.203125
440.0 5.0546875
441.0 5.21875
442.0 5.28125
443.0 5.1875
444.0 5.1328125
445.0 4.9296875
446.0 5.2734375
447.0 1.34375
448.0 9.3359375
449.0 5.2734375
450.0 5.25
451.0 5.3828125
452.0 5.3125
453.0 5.4609375
454.0 5.2890625
455.0 5.0234375
456.0 3.5
457.0 6.7734375
458.0 4.9609375
459.0 5.1640625
460.0 5.421875
461.0 4.984375
462.0 5.1953125
463.0 4.875
464.0 5.1328125
465.0 4.984375
466.0 4.9765625
467.0 5.171875
468.0 5.171875
469.0 3.5
470.0 6.7109375
471.0 5.1328125
472.0 5.2734375
473.0 5.28125
474.0 4.890625
475.0 1.359375
476.0 8.703125
477.0 4.921875
478.0 5.2265625
479.0 4.984375
480.0 4.9609375
481.0 4.90625
482.0 4.984375
483.0 5.140625
484.0 5.15625
485.0 4.8984375
486.0 5.1015625
487.0 5.0859375
488.0 1.4609375
489.0 8.984375
490.0 5.203125
491.0 5.3359375
492.0 5.0546875
493.0 2.5625
494.0 7.9921875
495.0 5.28125
496.0 5.2578125
497.0 5.21875
498.0 5.34375
499.0 3.578125
500.0 6.8046875
501.0 5.1328125
502.0 5.234375
503.0 5.1875
504.0 5.171875
505.0 5.2578125
506.0 5.1640625
507.0 5.234375
508.0 5.25
509.0 5.0546875
510.0 5.15625
511.0 5.171875
512.0 5.3671875
513.0 3.5234375
514.0 7.0390625
515.0 5.234375
516.0 5.3203125
517.0 3.4453125
518.0 6.9296875
519.0 5.234375
520.0 5.171875
521.0 5.0859375
522.0 5.3203125
523.0 4.953125
524.0 5.109375
525.0 5.1328125
526.0 5.125
527.0 5.1328125
528.0 5.0234375
529.0 5.0390625
530.0 4.859375
531.0 5.3671875
532.0 5.0234375
533.0 4.8125
534.0 4.03125
535.0 5.75
536.0 5.046875
537.0 4.9765625
538.0 4.890625
539.0 5.0234375
540.0 5.2734375
541.0 5.15625
542.0 5.15625
543.0 5.28125
544.0 5.3515625
545.0 5.2265625
546.0 5.171875
547.0 4.2734375
548.0 5.9609375
549.0 5.0859375
550.0 4.9609375
551.0 3.296875
552.0 6.9296875
553.0 5.1015625
554.0 5.1640625
555.0 5.15625
556.0 5.15625
557.0 5.0390625
558.0 5.203125
559.0 5.0703125
560.0 5.1640625
561.0 5.171875
562.0 5.125
563.0 5.1640625
564.0 5.0703125
565.0 0.2890625
566.0 10.0859375
567.0 3.4453125
568.0 5.1328125
569.0 1.8984375
570.0 3.015625
571.0 4.515625
572.0 5.125
573.0 3.4453125
574.0 6.8359375
575.0 5.203125
576.0 5.203125
577.0 5.1953125
578.0 5.140625
579.0 4.953125
580.0 5.3203125
581.0 5.0546875
582.0 5.171875
583.0 5.140625
584.0 5.0859375
585.0 2.4453125
586.0 7.4375
587.0 5.1640625
588.0 5.046875
589.0 5.0234375
590.0 5.0234375
591.0 5.0390625
592.0 4.875
593.0 4.9609375
594.0 5.046875
595.0 4.8984375
596.0 4.9921875
597.0 4.9296875
598.0 3.765625
599.0 6.265625
