0.0 4.984375
1.0 4.6484375
2.0 5.0546875
3.0 4.9296875
4.0 4.9296875
5.0 4.9609375
6.0 5.0390625
7.0 4.421875
8.0 4.2421875
9.0 4.5703125
10.0 0.75
11.0 9.4453125
12.0 4.9609375
13.0 5.078125
14.0 4.9609375
15.0 5.0234375
16.0 4.875
17.0 4.9296875
18.0 2.4765625
19.0 7.15625
20.0 4.7265625
21.0 4.625
22.0 5.125
23.0 5.3671875
24.0 4.984375
25.0 4.78125
26.0 4.875
27.0 4.875
28.0 3.6484375
29.0 2.65625
30.0 3.40625
31.0 4.328125
32.0 4.296875
33.0 4.9296875
34.0 4.984375
35.0 5.234375
36.0 5.125
37.0 4.875
38.0 5.234375
39.0 4.984375
40.0 5.140625
41.0 4.609375
42.0 4.59375
43.0 4.9765625
44.0 4.828125
45.0 4.9453125
46.0 4.828125
47.0 0.9375
48.0 0.0
49.0 10.7734375
50.0 1.7421875
51.0 2.7421875
52.0 2.578125
53.0 3.1484375
54.0 4.3046875
55.0 4.125
56.0 4.8046875
57.0 4.0
58.0 4.6953125
59.0 4.5390625
60.0 4.796875
61.0 5.734375
62.0 5.3515625
63.0 5.21875
64.0 5.3125
65.0 4.4765625
66.0 6.5703125
67.0 5.0703125
68.0 4.8125
69.0 5.1328125
70.0 5.203125
71.0 5.25
72.0 5.375
73.0 4.7734375
74.0 5.1015625
75.0 5.46875
76.0 4.9921875
77.0 1.640625
78.0 8.390625
79.0 4.53125
80.0 4.828125
81.0 4.453125
82.0 5.4921875
83.0 4.25
84.0 4.3359375
85.0 2.1171875
86.0 0.5078125
87.0 5.9921875
88.0 4.328125
89.0 2.578125
90.0 3.5625
91.0 4.1796875
92.0 3.4765625
93.0 4.5
94.0 4.796875
95.0 4.65625
96.0 4.4453125
97.0 5.28125
98.0 4.4765625
99.0 4.15625
100.0 2.375
101.0 6.2734375
102.0 4.4140625
103.0 4.4140625
104.0 4.0625
105.0 2.265625
106.0 6.515625
107.0 4.7109375
108.0 4.78125
109.0 4.5703125
110.0 4.609375
111.0 4.625
112.0 4.59375
113.0 4.890625
114.0 4.5390625
115.0 3.8203125
116.0 4.6875
117.0 4.8046875
118.0 3.4375
119.0 5.671875
120.0 4.328125
121.0 4.0234375
122.0 4.7578125
123.0 5.125
124.0 5.234375
125.0 4.75
126.0 4.3359375
127.0 5.0546875
128.0 5.015625
129.0 4.9296875
130.0 4.78125
131.0 4.6796875
132.0 4.7578125
133.0 4.8671875
134.0 4.7421875
135.0 4.71875
136.0 4.65625
137.0 1.203125
138.0 8.4921875
139.0 4.578125
140.0 3.734375
141.0 3.4453125
142.0 2.2109375
143.0 7.46875
144.0 3.90625
145.0 4.3984375
146.0 4.6015625
147.0 4.5078125
148.0 4.0390625
149.0 4.0859375
150.0 4.4296875
151.0 4.03125
152.0 3.9921875
153.0 4.8359375
154.0 4.3984375
155.0 5.171875
156.0 4.1875
157.0 4.4296875
158.0 4.0
159.0 4.7109375
160.0 3.703125
161.0 3.6796875
162.0 4.3515625
163.0 4.1171875
164.0 4.6484375
165.0 3.8828125
166.0 3.953125
167.0 4.6875
168.0 4.78125
169.0 4.5625
170.0 4.7109375
171.0 3.1171875
172.0 6.5
173.0 4.71875
174.0 4.53125
175.0 5.109375
176.0 5.375
177.0 4.921875
178.0 4.75
179.0 4.3203125
180.0 4.3828125
181.0 5.15625
182.0 5.1328125
183.0 5.0859375
184.0 5.4375
185.0 4.953125
186.0 4.484375
187.0 5.0546875
188.0 4.7421875
189.0 4.90625
190.0 4.875
191.0 4.4453125
192.0 4.296875
193.0 4.3046875
194.0 2.15625
195.0 5.5
196.0 5.9296875
197.0 4.796875
198.0 4.5078125
199.0 4.921875
200.0 4.3203125
201.0 4.78125
202.0 4.71875
203.0 5.515625
204.0 4.515625
205.0 3.40625
206.0 4.0625
207.0 4.203125
208.0 4.625
209.0 4.6640625
210.0 4.6875
211.0 0.9375
212.0 8.2421875
213.0 4.625
214.0 4.71875
215.0 2.8046875
216.0 6.5078125
217.0 4.453125
218.0 4.5
219.0 4.3671875
220.0 3.9765625
221.0 3.3671875
222.0 4.203125
223.0 4.59375
224.0 3.9765625
225.0 4.3046875
226.0 4.25
227.0 4.0703125
228.0 3.7578125
229.0 1.859375
230.0 6.296875
231.0 4.203125
232.0 4.2109375
233.0 3.203125
234.0 3.9765625
235.0 3.2265625
236.0 0.515625
237.0 5.546875
238.0 0.8671875
239.0 4.328125
240.0 2.0859375
241.0 3.6953125
242.0 2.609375
243.0 2.5625
244.0 2.1484375
245.0 2.71875
246.0 3.0703125
247.0 3.203125
248.0 3.0703125
249.0 2.4296875
250.0 2.671875
251.0 2.78125
252.0 2.8203125
253.0 2.0859375
254.0 4.0390625
255.0 4.8671875
256.0 4.7109375
257.0 2.2734375
258.0 7.2890625
259.0 5.0390625
260.0 4.625
261.0 4.984375
262.0 0.25
263.0 9.2734375
264.0 5.1640625
265.0 4.8046875
266.0 1.5859375
267.0 8.4453125
268.0 4.3203125
269.0 4.0234375
270.0 4.0703125
271.0 4.0703125
272.0 4.265625
273.0 3.9921875
274.0 3.375
275.0 3.203125
276.0 4.0234375
277.0 3.9140625
278.0 3.5625
279.0 4.1796875
280.0 3.9375
281.0 3.8203125
282.0 3.921875
283.0 3.9765625
284.0 4.6640625
285.0 3.9375
286.0 3.7109375
287.0 3.890625
288.0 4.515625
289.0 4.296875
290.0 4.6796875
291.0 4.7265625
292.0 5.1015625
293.0 4.296875
294.0 4.0625
295.0 4.4140625
296.0 4.9765625
297.0 4.3203125
298.0 4.3359375
299.0 4.6640625
300.0 4.5390625
301.0 3.859375
302.0 4.5078125
303.0 4.234375
304.0 4.1015625
305.0 4.625
306.0 4.234375
307.0 2.0078125
308.0 7.0703125
309.0 5.203125
310.0 4.625
311.0 4.953125
312.0 1.2265625
313.0 8.640625
314.0 4.7578125
315.0 4.65625
316.0 4.6875
317.0 5.15625
318.0 4.71875
319.0 4.7734375
320.0 4.4453125
321.0 4.421875
322.0 4.7421875
323.0 2.5625
324.0 7.140625
325.0 3.9140625
326.0 4.1796875
327.0 4.125
328.0 3.8515625
329.0 1.0625
330.0 6.765625
331.0 3.46875
332.0 3.578125
333.0 4.578125
334.0 4.515625
335.0 4.6328125
336.0 4.453125
337.0 4.5078125
338.0 4.578125
339.0 4.578125
340.0 4.46875
341.0 4.65625
342.0 4.5625
343.0 3.9765625
344.0 2.421875
345.0 7.578125
346.0 4.515625
347.0 4.4140625
348.0 4.7421875
349.0 4.6796875
350.0 3.1640625
351.0 5.9140625
352.0 4.7109375
353.0 4.8125
354.0 4.5703125
355.0 4.5078125
356.0 4.6875
357.0 4.578125
358.0 4.328125
359.0 4.859375
360.0 4.6953125
361.0 4.3203125
362.0 4.546875
363.0 4.7109375
364.0 1.46875
365.0 7.0625
366.0 3.875
367.0 4.0234375
368.0 4.09375
369.0 4.5703125
370.0 1.1328125
371.0 7.46875
372.0 4.3828125
373.0 4.828125
374.0 4.53125
375.0 4.1796875
376.0 4.265625
377.0 4.2421875
378.0 4.1796875
379.0 4.15625
380.0 4.0390625
381.0 4.4453125
382.0 0.2265625
383.0 8.5859375
384.0 4.2109375
385.0 3.5234375
386.0 3.5546875
387.0 4.1015625
388.0 4.4296875
389.0 4.65625
390.0 1.3828125
391.0 7.8984375
392.0 4.3984375
393.0 4.15625
394.0 4.6796875
395.0 4.390625
396.0 4.4296875
397.0 4.546875
398.0 4.0234375
399.0 4.359375
400.0 4.578125
401.0 4.7421875
402.0 4.53125
403.0 4.6796875
404.0 4.5625
405.0 4.890625
406.0 4.6796875
407.0 4.5625
408.0 3.7734375
409.0 5.4296875
410.0 4.421875
411.0 4.7421875
412.0 4.1015625
413.0 4.09375
414.0 4.0
415.0 3.703125
416.0 3.8515625
417.0 3.203125
418.0 1.2421875
419.0 7.0390625
420.0 4.9609375
421.0 4.328125
422.0 4.28125
423.0 1.7421875
424.0 3.2265625
425.0 4.5625
426.0 4.5
427.0 4.7109375
428.0 4.3984375
429.0 4.328125
430.0 4.609375
431.0 4.609375
432.0 4.796875
433.0 4.8359375
434.0 2.8359375
435.0 6.2421875
436.0 4.6328125
437.0 4.421875
438.0 4.0546875
439.0 0.1875
440.0 8.375
441.0 4.0390625
442.0 4.328125
443.0 4.5390625
444.0 4.7578125
445.0 4.3203125
446.0 2.890625
447.0 5.515625
448.0 4.25
449.0 4.0859375
450.0 4.1015625
451.0 3.84375
452.0 3.7109375
453.0 3.3515625
454.0 3.3828125
455.0 3.328125
456.0 2.4140625
457.0 3.4375
458.0 3.53125
459.0 3.59375
460.0 1.8984375
461.0 5.3671875
462.0 2.265625
463.0 2.578125
464.0 1.203125
465.0 2.1796875
466.0 3.5546875
467.0 3.2265625
468.0 1.3515625
469.0 6.5546875
470.0 4.0390625
471.0 3.828125
472.0 3.890625
473.0 2.1171875
474.0 5.3203125
475.0 3.890625
476.0 3.203125
477.0 1.09375
478.0 2.0625
479.0 3.34375
480.0 3.4375
481.0 3.25
482.0 3.921875
483.0 3.8515625
484.0 3.84375
485.0 4.2109375
486.0 4.1484375
487.0 3.796875
488.0 0.7578125
489.0 6.5546875
490.0 3.640625
491.0 3.9765625
492.0 3.4921875
493.0 2.28125
494.0 5.015625
495.0 4.21875
496.0 4.171875
497.0 4.15625
498.0 4.0390625
499.0 3.8515625
500.0 3.7578125
501.0 3.4453125
502.0 4.0703125
503.0 3.875
504.0 4.0546875
505.0 4.234375
506.0 4.0546875
507.0 2.5625
508.0 5.2265625
509.0 3.7421875
510.0 1.2890625
511.0 4.0546875
512.0 3.109375
513.0 4.328125
514.0 4.5078125
515.0 4.4765625
516.0 4.3515625
517.0 4.171875
518.0 3.515625
519.0 1.9765625
520.0 6.203125
521.0 4.1875
522.0 4.359375
523.0 4.65625
524.0 4.6015625
525.0 4.53125
526.0 4.0546875
527.0 4.359375
528.0 4.3828125
529.0 4.625
530.0 4.09375
531.0 4.7421875
532.0 4.3671875
533.0 4.0859375
534.0 4.296875
535.0 4.265625
536.0 4.28125
537.0 4.9453125
538.0 4.234375
539.0 0.3359375
540.0 8.859375
541.0 4.625
542.0 2.7734375
543.0 7.0390625
544.0 4.515625
545.0 4.4765625
546.0 4.421875
547.0 4.6015625
548.0 4.5390625
549.0 4.125
550.0 0.5234375
551.0 7.5078125
552.0 4.3671875
553.0 4.5390625
554.0 4.359375
555.0 4.6875
556.0 4.5078125
557.0 4.15625
558.0 4.1875
559.0 4.421875
560.0 4.5625
561.0 4.59375
562.0 4.828125
563.0 4.8359375
564.0 3.0546875
565.0 7.1640625
566.0 5.171875
567.0 5.1328125
568.0 5.078125
569.0 5.15625
570.0 1.2109375
571.0 7.9609375
572.0 4.921875
573.0 4.5
574.0 5.375
575.0 5.0859375
576.0 4.9921875
577.0 4.25
578.0 4.6640625
579.0 5.0234375
580.0 4.28125
581.0 4.7734375
582.0 5.109375
583.0 5.15625
584.0 5.1328125
585.0 5.2890625
586.0 1.5703125
587.0 8.046875
588.0 5.1953125
589.0 4.90625
590.0 4.8125
591.0 4.953125
592.0 5.0234375
593.0 4.984375
594.0 4.4296875
595.0 4.484375
596.0 5.234375
597.0 5.0859375
598.0 4.984375
599.0 4.328125
