0.0 5.515625
1.0 5.046875
2.0 5.828125
3.0 5.171875
4.0 5.3359375
5.0 5.3046875
6.0 5.53125
7.0 5.28125
8.0 5.6640625
9.0 5.5859375
10.0 5.3828125
11.0 5.3046875
12.0 5.53125
13.0 2.453125
14.0 8.1953125
15.0 5.234375
16.0 5.078125
17.0 5.0546875
18.0 5.1875
19.0 5.078125
20.0 5.1640625
21.0 5.125
22.0 5.21875
23.0 5.078125
24.0 5.203125
25.0 5.21875
26.0 4.90625
27.0 0.5546875
28.0 9.78125
29.0 5.1875
30.0 5.015625
31.0 5.1640625
32.0 0.109375
33.0 9.625
34.0 4.8671875
35.0 5.1328125
36.0 5.0703125
37.0 5.0859375
38.0 4.875
39.0 4.9921875
40.0 4.84375
41.0 4.9921875
42.0 5.15625
43.0 4.9609375
44.0 4.515625
45.0 6.2109375
46.0 5.3203125
47.0 5.34375
48.0 5.3125
49.0 5.0390625
50.0 3.84375
51.0 6.6875
52.0 5.3359375
53.0 5.3984375
54.0 5.203125
55.0 5.109375
56.0 5.1875
57.0 5.3125
58.0 5.3203125
59.0 5.234375
60.0 5.1640625
61.0 1.9140625
62.0 8.625
63.0 5.2890625
64.0 5.28125
65.0 1.796875
66.0 8.6796875
67.0 5.2890625
68.0 5.2734375
69.0 5.234375
70.0 5.1953125
71.0 1.796875
72.0 8.2734375
73.0 4.953125
74.0 5.1953125
75.0 5.3359375
76.0 5.1640625
77.0 5.171875
78.0 5.1640625
79.0 5.3125
80.0 5.109375
81.0 5.0859375
82.0 5.0234375
83.0 5.015625
84.0 4.9453125
85.0 4.421875
86.0 5.40625
87.0 4.9765625
88.0 5.015625
89.0 5.2734375
90.0 4.9453125
91.0 2.9375
92.0 7.390625
93.0 4.9609375
94.0 5.1015625
95.0 4.9453125
96.0 5.140625
97.0 4.8984375
98.0 5.046875
99.0 5.0546875
100.0 4.9765625
101.0 0.9140625
102.0 8.765625
103.0 5.171875
104.0 5.0234375
105.0 5.0234375
106.0 5.0078125
107.0 4.9453125
108.0 5.1640625
109.0 5.0546875
110.0 5.1953125
111.0 5.0703125
112.0 5.234375
113.0 5.0234375
114.0 4.515625
115.0 0.875
116.0 9.6875
117.0 5.1953125
118.0 5.25
119.0 5.25
120.0 3.109375
121.0 7.703125
122.0 5.3125
123.0 5.34375
124.0 5.3828125
125.0 5.4921875
126.0 4.1796875
127.0 6.4140625
128.0 5.4609375
129.0 5.3359375
130.0 5.2265625
131.0 5.25
132.0 5.2578125
133.0 5.1640625
134.0 5.1328125
135.0 5.28125
136.0 5.4375
137.0 5.4375
138.0 5.484375
139.0 5.3359375
140.0 5.3125
141.0 5.3359375
142.0 5.34375
143.0 2.9921875
144.0 7.140625
145.0 4.984375
146.0 5.1640625
147.0 5.1328125
148.0 5.046875
149.0 5.1328125
150.0 5.15625
151.0 5.15625
152.0 4.90625
153.0 5.0703125
154.0 5.078125
155.0 4.84375
156.0 1.4609375
157.0 8.59375
158.0 5.0703125
159.0 5.125
160.0 5.2265625
161.0 5.1640625
162.0 5.0859375
163.0 5.125
164.0 5.0390625
165.0 5.1953125
166.0 5.109375
167.0 3.4296875
168.0 7.0625
169.0 5.0546875
170.0 5.1640625
171.0 5.203125
172.0 5.3203125
173.0 5.1875
174.0 5.3125
175.0 5.203125
176.0 0.5703125
177.0 6.5703125
178.0 8.890625
179.0 5.34375
180.0 5.3671875
181.0 5.375
182.0 5.421875
183.0 5.3125
184.0 5.4375
185.0 5.21875
186.0 5.46875
187.0 5.2890625
188.0 5.34375
189.0 5.4609375
190.0 5.2890625
191.0 5.1640625
192.0 5.1953125
193.0 5.3359375
194.0 5.34375
195.0 5.28125
196.0 5.375
197.0 5.3671875
198.0 5.234375
199.0 4.984375
200.0 5.1328125
201.0 5.1015625
202.0 5.21875
203.0 5.0546875
204.0 4.53125
205.0 4.6796875
206.0 4.8046875
207.0 4.8984375
208.0 5.15625
209.0 5.015625
210.0 4.9765625
211.0 5.015625
212.0 4.9296875
213.0 4.9453125
214.0 4.890625
215.0 4.9609375
216.0 5.0859375
217.0 1.359375
218.0 8.8203125
219.0 4.984375
220.0 5.21875
221.0 5.1328125
222.0 5.1640625
223.0 0.7578125
224.0 9.4921875
225.0 5.15625
226.0 5.1875
227.0 5.3359375
228.0 5.234375
229.0 5.3359375
230.0 5.3125
231.0 5.1328125
232.0 5.2578125
233.0 5.3359375
234.0 5.109375
235.0 0.9921875
236.0 9.4765625
237.0 5.234375
238.0 5.515625
239.0 4.7265625
240.0 1.9765625
241.0 8.40625
242.0 5.2265625
243.0 5.3515625
244.0 5.4296875
245.0 5.3984375
246.0 3.546875
247.0 6.9140625
248.0 5.2734375
249.0 5.2734375
250.0 5.2578125
251.0 5.1875
252.0 5.3046875
253.0 5.453125
254.0 5.4921875
255.0 5.3046875
256.0 5.25
257.0 5.28125
258.0 5.203125
259.0 5.3203125
260.0 2.453125
261.0 7.734375
262.0 5.1953125
263.0 5.0859375
264.0 4.9296875
265.0 2.3984375
266.0 7.375
267.0 4.9296875
268.0 4.4140625
269.0 4.796875
270.0 4.9296875
271.0 5.0703125
272.0 5.0546875
273.0 4.84375
274.0 4.9765625
275.0 5.1328125
276.0 4.8359375
277.0 4.7109375
278.0 4.9609375
279.0 0.1640625
280.0 9.8125
281.0 4.453125
282.0 2.671875
283.0 7.21875
284.0 5.375
285.0 4.5625
286.0 4.984375
287.0 5.1953125
288.0 5.0859375
289.0 5.3515625
290.0 5.3515625
291.0 5.2734375
292.0 5.2890625
293.0 4.890625
294.0 0.6015625
295.0 9.328125
296.0 5.0234375
297.0 5.28125
298.0 5.171875
299.0 5.3125
300.0 5.3671875
301.0 1.953125
302.0 8.265625
303.0 4.875
304.0 5.2890625
305.0 5.0390625
306.0 4.953125
307.0 2.0859375
308.0 8.4765625
309.0 5.3046875
310.0 5.2890625
311.0 5.28125
312.0 5.2265625
313.0 5.1953125
314.0 5.25
315.0 5.171875
316.0 5.2265625
317.0 4.8984375
318.0 5.0234375
319.0 5.2578125
320.0 5.109375
321.0 3.828125
322.0 6.40625
323.0 1.9375
324.0 8.4453125
325.0 4.953125
326.0 5.2734375
327.0 5.1328125
328.0 5.234375
329.0 5.1640625
330.0 5.109375
331.0 5.078125
332.0 5.1328125
333.0 5.109375
334.0 5.0078125
335.0 5.21875
336.0 5.046875
337.0 1.59375
338.0 8.7890625
339.0 4.7734375
340.0 5.125
341.0 4.953125
342.0 1.359375
343.0 8.5
344.0 5.0234375
345.0 5.109375
346.0 4.796875
347.0 4.921875
348.0 4.8046875
349.0 5.0078125
350.0 4.75
351.0 5.1328125
352.0 4.9921875
353.0 5.0234375
354.0 4.921875
355.0 1.234375
356.0 8.9140625
357.0 5.0859375
358.0 5.0234375
359.0 4.9609375
360.0 3.21875
361.0 6.6796875
362.0 4.859375
363.0 4.9609375
364.0 4.875
365.0 5.1875
366.0 5.1015625
367.0 5.0703125
368.0 4.796875
369.0 5.0234375
370.0 5.171875
371.0 5.171875
372.0 5.125
373.0 2.7578125
374.0 7.609375
375.0 4.9453125
376.0 5.1953125
377.0 5.0859375
378.0 4.90625
379.0 0.90625
380.0 9.6015625
381.0 5.3671875
382.0 4.9921875
383.0 5.1953125
384.0 5.1953125
385.0 5.2890625
386.0 5.1015625
387.0 5.3203125
388.0 5.2734375
389.0 5.2578125
390.0 5.234375
391.0 5.078125
392.0 1.3203125
393.0 9.1015625
394.0 5.2890625
395.0 5.1640625
396.0 5.2578125
397.0 3.0
398.0 6.9140625
399.0 4.90625
400.0 5.203125
401.0 5.0546875
402.0 5.0859375
403.0 4.9296875
404.0 4.9921875
405.0 4.8671875
406.0 4.9609375
407.0 4.921875
408.0 4.90625
409.0 2.625
410.0 7.4296875
411.0 5.0546875
412.0 5.1328125
413.0 5.109375
414.0 4.984375
415.0 5.2890625
416.0 4.921875
417.0 4.890625
418.0 4.7578125
419.0 5.046875
420.0 4.1875
421.0 5.78125
422.0 5.0390625
423.0 5.140625
424.0 5.0703125
425.0 1.9453125
426.0 8.5078125
427.0 5.046875
428.0 5.375
429.0 5.2734375
430.0 5.3515625
431.0 1.9453125
432.0 8.5390625
433.0 5.34375
434.0 5.3203125
435.0 5.25
436.0 5.2265625
437.0 5.234375
438.0 5.171875
439.0 5.125
440.0 5.3359375
441.0 5.2890625
442.0 5.2734375
443.0 1.953125
444.0 8.6171875
445.0 5.34375
446.0 5.3046875
447.0 5.1953125
448.0 5.2890625
449.0 5.1015625
450.0 5.40625
451.0 5.2734375
452.0 5.0234375
453.0 5.109375
454.0 5.0859375
455.0 3.90625
456.0 6.15625
457.0 5.1015625
458.0 4.953125
459.0 4.8359375
460.0 5.0703125
461.0 4.8359375
462.0 5.0703125
463.0 5.0390625
464.0 5.0859375
465.0 4.84375
466.0 5.109375
467.0 4.984375
468.0 1.828125
469.0 8.171875
470.0 4.859375
471.0 4.984375
472.0 4.875
473.0 3.7890625
474.0 6.421875
475.0 5.1640625
476.0 4.9921875
477.0 5.15625
478.0 5.046875
479.0 5.1328125
480.0 5.109375
481.0 5.109375
482.0 5.234375
483.0 5.1328125
484.0 5.2578125
485.0 5.203125
486.0 5.0390625
487.0 0.8984375
488.0 9.3671875
489.0 4.984375
490.0 5.28125
491.0 0.8359375
492.0 9.609375
493.0 5.3046875
494.0 5.3125
495.0 5.171875
496.0 5.28125
497.0 5.2578125
498.0 5.3984375
499.0 5.203125
500.0 5.1875
501.0 5.0546875
502.0 5.0703125
503.0 5.0703125
504.0 1.3828125
505.0 9.0
506.0 5.1640625
507.0 5.3125
508.0 5.1640625
509.0 2.515625
510.0 7.8515625
511.0 5.140625
512.0 5.078125
513.0 5.25
514.0 5.015625
515.0 5.1875
516.0 5.125
517.0 4.9765625
518.0 5.1875
519.0 5.046875
520.0 5.140625
521.0 5.0390625
522.0 2.921875
523.0 7.1015625
524.0 4.984375
525.0 1.8046875
526.0 8.078125
527.0 4.890625
528.0 5.0859375
529.0 4.9296875
530.0 4.6953125
531.0 1.8359375
532.0 7.6875
533.0 1.953125
534.0 7.8984375
535.0 5.15625
536.0 5.0546875
537.0 5.125
538.0 5.3359375
539.0 5.3671875
540.0 5.4375
541.0 5.28125
542.0 5.453125
543.0 5.171875
544.0 5.2265625
545.0 5.203125
546.0 5.3671875
547.0 5.4375
548.0 5.3671875
549.0 5.1953125
550.0 5.21875
551.0 5.3046875
552.0 0.2109375
553.0 10.0546875
554.0 5.46875
555.0 2.0703125
556.0 8.359375
557.0 5.3125
558.0 4.890625
559.0 5.0546875
560.0 5.140625
561.0 5.28125
562.0 5.203125
563.0 2.046875
564.0 8.4921875
565.0 5.2890625
566.0 5.1328125
567.0 5.0703125
568.0 2.609375
569.0 7.5859375
570.0 5.109375
571.0 5.0078125
572.0 5.2890625
573.0 5.109375
574.0 5.25
575.0 5.125
576.0 5.15625
577.0 5.0078125
578.0 5.0234375
579.0 5.046875
580.0 4.9296875
581.0 4.953125
582.0 3.4296875
583.0 0.0078125
584.0 9.4140625
585.0 5.046875
586.0 4.9609375
587.0 5.0390625
588.0 4.9296875
589.0 0.6328125
590.0 9.921875
591.0 5.0546875
592.0 5.125
593.0 4.90625
594.0 4.8984375
595.0 5.0234375
596.0 5.25
597.0 5.1953125
598.0 5.140625
599.0 5.28125
