0.0 8.890625
1.0 4.484375
2.0 4.2109375
3.0 4.578125
4.0 4.5703125
5.0 4.390625
6.0 4.515625
7.0 4.5703125
8.0 4.578125
9.0 4.5625
10.0 4.609375
11.0 4.0859375
12.0 0.1953125
13.0 8.3125
14.0 1.671875
15.0 7.1015625
16.0 4.609375
17.0 4.3828125
18.0 4.3984375
19.0 4.3671875
20.0 4.59375
21.0 4.46875
22.0 4.75
23.0 4.7109375
24.0 4.84375
25.0 4.2109375
26.0 4.4453125
27.0 3.8046875
28.0 4.234375
29.0 3.6171875
30.0 3.9921875
31.0 3.765625
32.0 3.671875
33.0 3.765625
34.0 3.9765625
35.0 4.6328125
36.0 3.84375
37.0 3.703125
38.0 4.421875
39.0 4.4765625
40.0 4.4296875
41.0 4.5078125
42.0 2.7109375
43.0 6.0078125
44.0 1.8984375
45.0 6.0546875
46.0 4.4296875
47.0 4.609375
48.0 4.6875
49.0 4.421875
50.0 4.5078125
51.0 4.234375
52.0 4.28125
53.0 4.390625
54.0 4.28125
55.0 4.484375
56.0 4.515625
57.0 4.203125
58.0 2.2734375
59.0 6.171875
60.0 3.9453125
61.0 4.0546875
62.0 4.1171875
63.0 4.234375
64.0 4.3203125
65.0 4.1875
66.0 1.640625
67.0 5.734375
68.0 3.875
69.0 4.1328125
70.0 4.265625
71.0 4.21875
72.0 4.1171875
73.0 4.328125
74.0 4.296875
75.0 4.4765625
76.0 4.484375
77.0 4.15625
78.0 4.234375
79.0 4.1875
80.0 1.8359375
81.0 6.65625
82.0 4.03125
83.0 4.1796875
84.0 4.03125
85.0 3.734375
86.0 2.5625
87.0 5.2734375
88.0 4.3359375
89.0 4.296875
90.0 4.15625
91.0 4.3203125
92.0 4.296875
93.0 4.0859375
94.0 4.203125
95.0 3.90625
96.0 4.3515625
97.0 4.2109375
98.0 4.1796875
99.0 3.6171875
100.0 0.546875
101.0 7.40625
102.0 3.9765625
103.0 4.453125
104.0 4.578125
105.0 4.453125
106.0 4.7421875
107.0 4.484375
108.0 4.4765625
109.0 1.5546875
110.0 6.5390625
111.0 5.1875
112.0 4.5078125
113.0 4.6640625
114.0 4.359375
115.0 4.484375
116.0 4.3359375
117.0 4.3984375
118.0 4.234375
119.0 4.484375
120.0 4.3671875
121.0 4.46875
122.0 4.3203125
123.0 0.4609375
124.0 8.3828125
125.0 4.3828125
126.0 4.3671875
127.0 4.546875
128.0 4.3671875
129.0 1.4375
130.0 7.5546875
131.0 4.2421875
132.0 1.796875
133.0 7.1015625
134.0 4.3046875
135.0 4.328125
136.0 4.296875
137.0 4.6875
138.0 4.859375
139.0 4.4765625
140.0 3.9765625
141.0 3.4921875
142.0 3.8515625
143.0 4.1796875
144.0 4.578125
145.0 4.5390625
146.0 4.2109375
147.0 5.9453125
148.0 2.0078125
149.0 7.3125
150.0 4.5703125
151.0 4.3671875
152.0 4.359375
153.0 4.28125
154.0 4.3203125
155.0 4.546875
156.0 3.921875
157.0 4.328125
158.0 4.5390625
159.0 4.4140625
160.0 4.1328125
161.0 4.625
162.0 3.9375
163.0 4.296875
164.0 4.25
165.0 4.46875
166.0 4.5390625
167.0 4.359375
168.0 4.453125
169.0 1.9375
170.0 7.0390625
171.0 3.7890625
172.0 3.7265625
173.0 2.9296875
174.0 4.1171875
175.0 4.4453125
176.0 1.8984375
177.0 7.2265625
178.0 4.484375
179.0 4.578125
180.0 4.515625
181.0 4.7265625
182.0 4.578125
183.0 4.5390625
184.0 4.7421875
185.0 4.609375
186.0 4.6328125
187.0 3.9375
188.0 4.0703125
189.0 0.8515625
190.0 6.4765625
191.0 4.53125
192.0 4.59375
193.0 4.59375
194.0 4.5703125
195.0 4.625
196.0 4.578125
197.0 4.3828125
198.0 4.4453125
199.0 4.578125
200.0 4.3046875
201.0 4.625
202.0 4.59375
203.0 4.65625
204.0 4.4296875
205.0 4.9765625
206.0 4.84375
207.0 4.953125
208.0 4.390625
209.0 3.765625
210.0 0.359375
211.0 9.1953125
212.0 4.390625
213.0 4.515625
214.0 4.359375
215.0 2.671875
216.0 5.4609375
217.0 3.9921875
218.0 1.4140625
219.0 7.3046875
220.0 4.46875
221.0 4.7109375
222.0 4.359375
223.0 3.703125
224.0 4.1875
225.0 4.25
226.0 4.6875
227.0 4.46875
228.0 4.609375
229.0 4.6953125
230.0 4.484375
231.0 4.1171875
232.0 1.609375
233.0 6.78125
234.0 3.7734375
235.0 3.640625
236.0 3.8046875
237.0 4.21875
238.0 4.1171875
239.0 2.1328125
240.0 6.359375
241.0 4.3515625
242.0 4.3828125
243.0 4.71875
244.0 4.4765625
245.0 4.5625
246.0 4.15625
247.0 4.09375
248.0 4.296875
249.0 4.3359375
250.0 4.1328125
251.0 4.3671875
252.0 3.4609375
253.0 5.578125
254.0 4.9609375
255.0 4.5625
256.0 4.6015625
257.0 4.4453125
258.0 4.2109375
259.0 5.203125
260.0 4.5078125
261.0 4.75
262.0 4.5078125
263.0 4.7109375
264.0 4.1484375
265.0 4.0625
266.0 4.0859375
267.0 4.15625
268.0 4.46875
269.0 4.234375
270.0 4.3515625
271.0 4.1796875
272.0 4.1796875
273.0 0.9140625
274.0 7.140625
275.0 4.0625
276.0 4.1328125
277.0 1.8671875
278.0 6.4453125
279.0 3.890625
280.0 3.9765625
281.0 3.6953125
282.0 4.09375
283.0 3.796875
284.0 3.3125
285.0 2.234375
286.0 1.71875
287.0 7.1796875
288.0 4.1796875
289.0 4.265625
290.0 4.4453125
291.0 4.65625
292.0 4.359375
293.0 4.5625
294.0 4.3671875
295.0 4.234375
296.0 1.8203125
297.0 6.828125
298.0 4.3671875
299.0 4.359375
300.0 4.4453125
301.0 3.9453125
302.0 4.3828125
303.0 4.8046875
304.0 4.90625
305.0 4.9296875
306.0 1.8828125
307.0 7.2890625
308.0 4.359375
309.0 4.1015625
310.0 4.09375
311.0 4.1484375
312.0 3.890625
313.0 4.3515625
314.0 4.453125
315.0 4.59375
316.0 4.3984375
317.0 4.4453125
318.0 4.4765625
319.0 4.59375
320.0 4.1484375
321.0 1.6484375
322.0 7.2109375
323.0 4.09375
324.0 4.0078125
325.0 3.6171875
326.0 0.078125
327.0 8.796875
328.0 4.2109375
329.0 4.1328125
330.0 4.4453125
331.0 4.4453125
332.0 4.3203125
333.0 4.203125
334.0 4.421875
335.0 4.2734375
336.0 4.265625
337.0 4.171875
338.0 4.171875
339.0 4.4140625
340.0 0.1953125
341.0 8.71875
342.0 4.4453125
343.0 4.546875
344.0 4.359375
345.0 4.265625
346.0 4.3046875
347.0 0.8828125
348.0 8.109375
349.0 4.59375
350.0 4.0625
351.0 4.234375
352.0 4.515625
353.0 4.390625
354.0 3.375
355.0 3.4921875
356.0 2.75
357.0 2.546875
358.0 2.265625
359.0 2.3671875
360.0 0.375
361.0 6.9609375
362.0 4.609375
363.0 4.21875
364.0 4.3046875
365.0 4.390625
366.0 4.4453125
367.0 2.296875
368.0 2.265625
369.0 0.0
370.0 5.3515625
371.0 2.09375
372.0 0.0
373.0 5.5
374.0 2.4921875
375.0 3.0234375
376.0 1.640625
377.0 3.90625
378.0 2.578125
379.0 3.0859375
380.0 2.6015625
381.0 2.5703125
382.0 2.640625
383.0 2.640625
384.0 2.6875
385.0 3.0859375
386.0 4.484375
387.0 4.3984375
388.0 4.421875
389.0 4.609375
390.0 4.6015625
391.0 2.4609375
392.0 6.265625
393.0 5.109375
394.0 4.3515625
395.0 2.9609375
396.0 3.875
397.0 3.703125
398.0 4.515625
399.0 3.5
400.0 3.0703125
401.0 4.2109375
402.0 4.21875
403.0 2.5234375
404.0 3.21875
405.0 3.4296875
406.0 3.6796875
407.0 0.7578125
408.0 8.296875
409.0 4.6328125
410.0 3.4765625
411.0 4.21875
412.0 1.59375
413.0 5.6640625
414.0 5.5
415.0 3.703125
416.0 3.140625
417.0 3.953125
418.0 3.921875
419.0 3.4375
420.0 1.703125
421.0 5.2265625
422.0 3.765625
423.0 3.0859375
424.0 3.0390625
425.0 2.6953125
426.0 3.578125
427.0 4.1875
428.0 4.3203125
429.0 4.8359375
430.0 5.0078125
431.0 4.84375
432.0 2.1171875
433.0 5.0546875
434.0 3.1953125
435.0 4.0234375
436.0 4.296875
437.0 4.4765625
438.0 4.6015625
439.0 4.4296875
440.0 4.3046875
441.0 4.6640625
442.0 5.0703125
443.0 5.015625
444.0 4.453125
445.0 5.453125
446.0 4.7734375
447.0 5.1328125
448.0 4.953125
449.0 5.1953125
450.0 4.0625
451.0 6.421875
452.0 5.21875
453.0 5.2265625
454.0 4.7578125
455.0 5.109375
456.0 4.8984375
457.0 5.3671875
458.0 2.3671875
459.0 7.3671875
460.0 4.3046875
461.0 4.4453125
462.0 4.0859375
463.0 4.46875
464.0 4.5703125
465.0 4.6015625
466.0 4.6015625
467.0 4.6640625
468.0 3.4375
469.0 5.6171875
470.0 4.3984375
471.0 4.3359375
472.0 3.8515625
473.0 3.4609375
474.0 3.7109375
475.0 4.359375
476.0 4.03125
477.0 3.5546875
478.0 3.5
479.0 3.5234375
480.0 3.234375
481.0 3.40625
482.0 3.578125
483.0 0.671875
484.0 7.1953125
485.0 4.4453125
486.0 4.6015625
487.0 4.4296875
488.0 4.21875
489.0 4.1015625
490.0 4.28125
491.0 4.421875
492.0 4.328125
493.0 4.265625
494.0 4.1015625
495.0 3.015625
496.0 0.0
497.0 5.484375
498.0 6.453125
499.0 4.4296875
500.0 4.359375
501.0 4.265625
502.0 4.5078125
503.0 4.3515625
504.0 4.75
505.0 4.6796875
506.0 4.328125
507.0 4.3828125
508.0 4.0078125
509.0 1.34375
510.0 1.6171875
511.0 3.59375
512.0 3.953125
513.0 0.0
514.0 7.484375
515.0 4.0625
516.0 4.6328125
517.0 4.546875
518.0 1.46875
519.0 7.0703125
520.0 4.484375
521.0 4.3203125
522.0 4.4140625
523.0 4.515625
524.0 4.0625
525.0 4.25
526.0 4.2109375
527.0 2.984375
528.0 0.0
529.0 6.796875
530.0 0.5859375
531.0 3.1953125
532.0 3.921875
533.0 4.1328125
534.0 4.1796875
535.0 3.0859375
536.0 2.6640625
537.0 2.640625
538.0 2.7265625
539.0 2.5234375
540.0 0.96875
541.0 6.5703125
542.0 4.90625
543.0 4.9921875
544.0 4.46875
545.0 4.453125
546.0 4.5703125
547.0 4.75
548.0 4.578125
549.0 4.4296875
550.0 4.7578125
551.0 4.84375
552.0 4.53125
553.0 4.0859375
554.0 1.890625
555.0 6.859375
556.0 4.5625
557.0 5.0078125
558.0 2.1796875
559.0 7.3984375
560.0 4.6484375
561.0 4.46875
562.0 4.7421875
563.0 4.8671875
564.0 4.9296875
565.0 4.7578125
566.0 4.3046875
567.0 4.6484375
568.0 4.8046875
569.0 4.421875
570.0 4.578125
571.0 4.7265625
572.0 4.5703125
573.0 1.265625
574.0 8.59375
575.0 4.46875
576.0 3.65625
577.0 1.09375
578.0 5.609375
579.0 6.0859375
580.0 3.7734375
581.0 4.0390625
582.0 4.0859375
583.0 3.96875
584.0 3.8515625
585.0 4.0
586.0 3.6484375
587.0 1.5625
588.0 6.2734375
589.0 3.9765625
590.0 4.0546875
591.0 4.3046875
592.0 4.3828125
593.0 4.484375
594.0 4.3828125
595.0 4.4453125
596.0 4.296875
597.0 4.0859375
598.0 4.15625
599.0 3.9765625
