0.0 6.453125
1.0 6.5078125
2.0 6.7734375
3.0 7.4296875
4.0 6.2578125
5.0 6.4453125
6.0 6.5546875
7.0 5.765625
8.0 6.9921875
9.0 7.25
10.0 6.984375
11.0 7.046875
12.0 7.21875
13.0 7.1953125
14.0 7.359375
15.0 7.078125
16.0 7.15625
17.0 6.9296875
18.0 7.390625
19.0 4.7109375
20.0 5.703125
21.0 5.84375
22.0 6.71875
23.0 6.265625
24.0 6.625
25.0 6.6171875
26.0 6.9296875
27.0 6.7421875
28.0 6.953125
29.0 5.2734375
30.0 8.4375
31.0 6.625
32.0 6.7109375
33.0 6.6171875
34.0 2.21875
35.0 11.1015625
36.0 6.828125
37.0 6.703125
38.0 4.859375
39.0 7.3125
40.0 6.1171875
41.0 6.3203125
42.0 4.4140625
43.0 6.5078125
44.0 5.875
45.0 6.3515625
46.0 6.234375
47.0 5.9375
48.0 6.1171875
49.0 3.96875
50.0 3.7109375
51.0 4.265625
52.0 5.109375
53.0 7.8671875
54.0 6.5546875
55.0 6.171875
56.0 6.5703125
57.0 3.3515625
58.0 2.640625
59.0 2.953125
60.0 5.125
61.0 6.0390625
62.0 6.2109375
63.0 6.109375
64.0 5.046875
65.0 5.4296875
66.0 3.1640625
67.0 5.28125
68.0 6.5390625
69.0 6.140625
70.0 5.5625
71.0 3.546875
72.0 1.5546875
73.0 0.0
74.0 0.0
75.0 0.0
76.0 0.5234375
77.0 5.3671875
78.0 3.1640625
79.0 2.1171875
80.0 2.34375
81.0 2.421875
82.0 3.4296875
83.0 3.25
84.0 2.6015625
85.0 4.8359375
86.0 5.3515625
87.0 6.6171875
88.0 6.171875
89.0 3.6953125
90.0 2.71875
91.0 1.984375
92.0 0.0
93.0 5.2578125
94.0 3.1015625
95.0 5.5859375
96.0 3.4453125
97.0 3.3671875
98.0 5.4296875
99.0 3.3671875
100.0 3.59375
101.0 5.0546875
102.0 6.421875
103.0 4.1484375
104.0 3.40625
105.0 0.2734375
106.0 8.4375
107.0 2.5078125
108.0 1.71875
109.0 4.4296875
110.0 6.625
111.0 5.90625
112.0 6.5
113.0 6.1171875
114.0 6.265625
115.0 6.3515625
116.0 6.5390625
117.0 6.4140625
118.0 6.6796875
119.0 6.8125
120.0 6.6015625
121.0 6.5546875
122.0 4.84375
123.0 1.171875
124.0 0.0
125.0 7.125
126.0 5.8828125
127.0 6.2421875
128.0 6.3046875
129.0 6.5078125
130.0 6.296875
131.0 6.7109375
132.0 6.8984375
133.0 4.84375
134.0 7.640625
135.0 6.5390625
136.0 6.328125
137.0 6.0390625
138.0 6.0234375
139.0 6.5703125
140.0 6.7109375
141.0 6.515625
142.0 5.90625
143.0 6.8828125
144.0 6.5859375
145.0 6.2265625
146.0 4.0859375
147.0 8.734375
148.0 6.5859375
149.0 6.703125
150.0 7.5390625
151.0 6.9453125
152.0 6.71875
153.0 3.8203125
154.0 9.96875
155.0 7.03125
156.0 6.8671875
157.0 7.078125
158.0 6.5625
159.0 7.0703125
160.0 6.953125
161.0 7.2421875
162.0 5.2578125
163.0 7.8515625
164.0 6.6328125
165.0 6.5390625
166.0 6.8828125
167.0 6.921875
168.0 6.7734375
169.0 7.0625
170.0 7.1015625
171.0 6.9609375
172.0 7.0390625
173.0 7.1015625
174.0 7.453125
175.0 6.765625
176.0 6.5625
177.0 6.703125
178.0 7.015625
179.0 6.7734375
180.0 6.6171875
181.0 6.4140625
182.0 6.3203125
183.0 6.453125
184.0 5.8515625
185.0 6.171875
186.0 4.125
187.0 8.4453125
188.0 6.6015625
189.0 6.5859375
190.0 5.078125
191.0 8.71875
192.0 6.71875
193.0 7.0703125
194.0 6.8984375
195.0 6.5625
196.0 6.765625
197.0 6.9921875
198.0 7.1328125
199.0 5.859375
200.0 7.0078125
201.0 6.9765625
202.0 6.9296875
203.0 5.6796875
204.0 7.8515625
205.0 6.6484375
206.0 7.09375
207.0 6.625
208.0 3.375
209.0 0.0
210.0 8.265625
211.0 6.3671875
212.0 7.1015625
213.0 6.8046875
214.0 6.734375
215.0 5.2265625
216.0 7.8828125
217.0 6.3359375
218.0 7.3203125
219.0 6.390625
220.0 1.8359375
221.0 10.5078125
222.0 6.109375
223.0 5.9765625
224.0 6.8359375
225.0 3.4296875
226.0 9.953125
227.0 6.7109375
228.0 6.3515625
229.0 6.8984375
230.0 6.9453125
231.0 6.9921875
232.0 6.8671875
233.0 7.1953125
234.0 6.7421875
235.0 6.9453125
236.0 7.1015625
237.0 6.9296875
238.0 5.171875
239.0 7.5703125
240.0 6.265625
241.0 6.3671875
242.0 6.6328125
243.0 6.765625
244.0 3.53125
245.0 9.7578125
246.0 6.5
247.0 6.3203125
248.0 6.625
249.0 6.390625
250.0 6.6171875
251.0 5.7265625
252.0 6.203125
253.0 6.0078125
254.0 6.859375
255.0 6.140625
256.0 6.9921875
257.0 6.40625
258.0 6.09375
259.0 6.71875
260.0 6.8828125
261.0 6.984375
262.0 6.703125
263.0 6.15625
264.0 6.234375
265.0 6.1171875
266.0 5.8828125
267.0 6.140625
268.0 6.3203125
269.0 7.125
270.0 5.875
271.0 8.265625
272.0 4.984375
273.0 6.921875
274.0 6.3046875
275.0 5.4375
276.0 5.3828125
277.0 6.4140625
278.0 6.921875
279.0 6.328125
280.0 6.46875
281.0 6.8359375
282.0 7.03125
283.0 6.6015625
284.0 6.8359375
285.0 6.6875
286.0 6.484375
287.0 1.890625
288.0 9.1953125
289.0 7.546875
290.0 6.78125
291.0 6.796875
292.0 6.6484375
293.0 6.9140625
294.0 6.171875
295.0 6.5703125
296.0 5.578125
297.0 8.09375
298.0 7.0078125
299.0 6.75
300.0 5.96875
301.0 6.0625
302.0 6.0859375
303.0 6.890625
304.0 6.703125
305.0 6.59375
306.0 6.5859375
307.0 6.8828125
308.0 6.6328125
309.0 6.8359375
310.0 7.140625
311.0 2.1015625
312.0 11.5078125
313.0 6.5703125
314.0 6.890625
315.0 6.6015625
316.0 6.6171875
317.0 5.890625
318.0 5.203125
319.0 6.0625
320.0 6.09375
321.0 2.8203125
322.0 2.8515625
323.0 2.8515625
324.0 3.3828125
325.0 2.875
326.0 3.296875
327.0 3.1796875
328.0 2.6953125
329.0 3.0859375
330.0 2.890625
331.0 0.078125
332.0 5.546875
333.0 2.9921875
334.0 3.1171875
335.0 2.9921875
336.0 2.9921875
337.0 1.8359375
338.0 4.71875
339.0 3.890625
340.0 5.0234375
341.0 6.9609375
342.0 6.5078125
343.0 6.6875
344.0 6.2421875
345.0 6.09375
346.0 6.8125
347.0 6.53125
348.0 6.5859375
349.0 6.8125
350.0 6.0546875
351.0 7.2265625
352.0 6.7421875
353.0 6.6875
354.0 6.59375
355.0 6.890625
356.0 6.8125
357.0 6.921875
358.0 6.3515625
359.0 6.6171875
360.0 6.953125
361.0 6.984375
362.0 6.46875
363.0 6.3671875
364.0 6.4765625
365.0 6.6640625
366.0 5.890625
367.0 6.0078125
368.0 5.796875
369.0 5.859375
370.0 1.8515625
371.0 11.78125
372.0 7.015625
373.0 6.8671875
374.0 3.2890625
375.0 10.828125
376.0 6.4453125
377.0 6.4765625
378.0 7.015625
379.0 7.078125
380.0 5.484375
381.0 8.140625
382.0 5.796875
383.0 8.328125
384.0 6.4140625
385.0 7.09375
386.0 6.71875
387.0 6.9453125
388.0 6.9453125
389.0 7.015625
390.0 5.90625
391.0 8.7890625
392.0 7.09375
393.0 7.09375
394.0 6.84375
395.0 6.78125
396.0 7.3046875
397.0 7.0625
398.0 5.875
399.0 8.703125
400.0 7.0625
401.0 7.09375
402.0 6.890625
403.0 6.3828125
404.0 6.9765625
405.0 6.234375
406.0 5.2265625
407.0 7.875
408.0 6.65625
409.0 4.6328125
410.0 8.4375
411.0 6.5078125
412.0 6.3671875
413.0 6.453125
414.0 6.171875
415.0 6.40625
416.0 6.3828125
417.0 6.5625
418.0 5.15625
419.0 7.21875
420.0 6.1171875
421.0 6.171875
422.0 6.2734375
423.0 6.4453125
424.0 6.0546875
425.0 6.0625
426.0 6.09375
427.0 5.4375
428.0 5.9921875
429.0 6.421875
430.0 5.6796875
431.0 5.6328125
432.0 4.8125
433.0 2.546875
434.0 1.4765625
435.0 4.4296875
436.0 5.6015625
437.0 3.3828125
438.0 4.3046875
439.0 5.0390625
440.0 5.015625
441.0 5.203125
442.0 1.4375
443.0 8.2421875
444.0 4.3203125
445.0 5.875
446.0 3.7578125
447.0 5.2890625
448.0 4.859375
449.0 4.171875
450.0 6.5703125
451.0 4.90625
452.0 4.53125
453.0 5.4296875
454.0 4.28125
455.0 4.6015625
456.0 4.234375
457.0 3.9453125
458.0 5.765625
459.0 6.9765625
460.0 6.84375
461.0 6.9765625
462.0 7.25
463.0 6.921875
464.0 3.890625
465.0 0.0
466.0 9.5703125
467.0 5.875
468.0 6.2421875
469.0 6.734375
470.0 5.609375
471.0 3.796875
472.0 4.5625
473.0 6.4765625
474.0 4.4765625
475.0 5.1328125
476.0 6.2578125
477.0 5.3671875
478.0 1.1484375
479.0 9.015625
480.0 5.1640625
481.0 4.9453125
482.0 4.265625
483.0 6.078125
484.0 4.984375
485.0 5.5
486.0 6.0546875
487.0 3.5546875
488.0 3.1953125
489.0 7.21875
490.0 3.890625
491.0 5.234375
492.0 5.171875
493.0 3.765625
494.0 4.28125
495.0 6.328125
496.0 5.40625
497.0 3.609375
498.0 4.921875
499.0 5.1015625
500.0 4.0859375
501.0 5.734375
502.0 4.578125
503.0 0.0
504.0 10.046875
505.0 5.046875
506.0 5.890625
507.0 4.890625
508.0 4.9921875
509.0 6.5390625
510.0 5.5234375
511.0 4.6953125
512.0 4.609375
513.0 7.6015625
514.0 4.609375
515.0 5.0859375
516.0 5.21875
517.0 6.5078125
518.0 5.046875
519.0 5.2578125
520.0 5.6015625
521.0 4.7421875
522.0 6.1875
523.0 5.015625
524.0 4.828125
525.0 7.3125
526.0 4.5078125
527.0 5.6328125
528.0 4.7578125
529.0 6.2890625
530.0 5.9921875
531.0 3.953125
532.0 4.1015625
533.0 5.8828125
534.0 5.3828125
535.0 4.8125
536.0 5.53125
537.0 3.703125
538.0 7.984375
539.0 4.609375
540.0 4.8671875
541.0 4.0703125
542.0 0.609375
543.0 10.90625
544.0 5.9765625
545.0 4.4296875
546.0 4.5625
547.0 5.7265625
548.0 5.28125
549.0 5.3828125
550.0 5.7890625
551.0 3.4453125
552.0 3.0
553.0 3.859375
554.0 2.7265625
555.0 4.921875
556.0 4.90625
557.0 3.1953125
558.0 2.6015625
559.0 3.7890625
560.0 4.1796875
561.0 4.1328125
562.0 1.53125
563.0 8.0546875
564.0 2.6953125
565.0 3.4921875
566.0 5.0703125
567.0 2.7109375
568.0 4.4140625
569.0 5.8828125
570.0 5.1328125
571.0 4.15625
572.0 2.359375
573.0 3.3828125
574.0 4.5078125
575.0 1.5625
576.0 8.46875
577.0 5.1953125
578.0 4.609375
579.0 3.6484375
580.0 1.34375
581.0 7.984375
582.0 4.984375
583.0 4.7265625
584.0 5.3671875
585.0 5.3203125
586.0 5.46875
587.0 4.890625
588.0 5.1953125
589.0 5.6796875
590.0 4.953125
591.0 5.859375
592.0 5.75
593.0 3.328125
594.0 0.0
595.0 9.1875
596.0 4.0
597.0 4.78125
598.0 3.0546875
599.0 7.9375
