0.0 6.140625
1.0 4.3046875
2.0 4.84375
3.0 1.375
4.0 9.7890625
5.0 6.328125
6.0 4.359375
7.0 4.1328125
8.0 5.6171875
9.0 4.625
10.0 4.0
11.0 5.21875
12.0 6.359375
13.0 6.8671875
14.0 6.625
15.0 7.015625
16.0 6.890625
17.0 7.0625
18.0 6.40625
19.0 6.6875
20.0 6.8671875
21.0 6.9140625
22.0 7.734375
23.0 6.6484375
24.0 6.703125
25.0 6.109375
26.0 6.4453125
27.0 6.3671875
28.0 4.9921875
29.0 5.0546875
30.0 5.6328125
31.0 5.9765625
32.0 4.8984375
33.0 4.1484375
34.0 1.2421875
35.0 9.015625
36.0 5.15625
37.0 6.2578125
38.0 6.3359375
39.0 4.28125
40.0 5.28125
41.0 5.9296875
42.0 5.6953125
43.0 5.5234375
44.0 5.7109375
45.0 5.140625
46.0 4.59375
47.0 4.6796875
48.0 3.828125
49.0 2.5625
50.0 7.78125
51.0 6.3515625
52.0 6.7109375
53.0 6.53125
54.0 5.7109375
55.0 5.1015625
56.0 5.1640625
57.0 5.8203125
58.0 5.3125
59.0 3.1640625
60.0 6.71875
61.0 5.6484375
62.0 5.5234375
63.0 3.40625
64.0 7.2109375
65.0 6.0625
66.0 5.90625
67.0 6.40625
68.0 5.703125
69.0 4.9921875
70.0 5.3828125
71.0 5.2734375
72.0 5.15625
73.0 5.5
74.0 4.7578125
75.0 4.421875
76.0 1.265625
77.0 7.7265625
78.0 5.703125
79.0 6.125
80.0 6.3671875
81.0 5.7578125
82.0 6.421875
83.0 6.15625
84.0 6.2734375
85.0 6.296875
86.0 6.453125
87.0 6.5546875
88.0 5.3125
89.0 1.296875
90.0 6.1796875
91.0 6.390625
92.0 5.0234375
93.0 6.265625
94.0 5.9140625
95.0 6.2265625
96.0 6.140625
97.0 6.5390625
98.0 6.4140625
99.0 6.5546875
100.0 6.5625
101.0 5.859375
102.0 6.1796875
103.0 3.6953125
104.0 2.9609375
105.0 3.1796875
106.0 3.578125
107.0 2.90625
108.0 3.34375
109.0 5.671875
110.0 6.3046875
111.0 1.3515625
112.0 0.2890625
113.0 9.265625
114.0 6.3359375
115.0 6.03125
116.0 1.8671875
117.0 10.5
118.0 5.5546875
119.0 5.6484375
120.0 6.296875
121.0 6.8046875
122.0 6.59375
123.0 6.5859375
124.0 7.140625
125.0 7.078125
126.0 5.7109375
127.0 6.6796875
128.0 7.2109375
129.0 7.109375
130.0 6.8671875
131.0 7.1875
132.0 7.390625
133.0 7.4375
134.0 7.515625
135.0 7.4609375
136.0 6.9453125
137.0 7.046875
138.0 7.1796875
139.0 6.6875
140.0 6.9296875
141.0 6.484375
142.0 6.6875
143.0 6.5546875
144.0 6.3828125
145.0 7.0390625
146.0 3.0546875
147.0 10.875
148.0 7.3203125
149.0 7.359375
150.0 7.0390625
151.0 6.9453125
152.0 6.75
153.0 7.109375
154.0 6.1171875
155.0 3.1953125
156.0 7.2421875
157.0 6.9921875
158.0 6.8125
159.0 6.6796875
160.0 6.484375
161.0 6.9140625
162.0 7.03125
163.0 6.515625
164.0 6.7109375
165.0 6.890625
166.0 6.2578125
167.0 6.1484375
168.0 6.75
169.0 6.78125
170.0 5.2734375
171.0 7.90625
172.0 6.2109375
173.0 6.296875
174.0 5.765625
175.0 6.109375
176.0 5.5234375
177.0 2.921875
178.0 2.5703125
179.0 2.921875
180.0 2.1171875
181.0 2.3359375
182.0 5.0234375
183.0 3.1484375
184.0 3.25
185.0 0.9140625
186.0 9.59375
187.0 6.9296875
188.0 6.53125
189.0 5.9375
190.0 6.265625
191.0 6.1875
192.0 6.296875
193.0 5.734375
194.0 7.09375
195.0 6.65625
196.0 6.421875
197.0 6.6015625
198.0 7.0703125
199.0 7.2578125
200.0 7.1328125
201.0 7.078125
202.0 6.9921875
203.0 4.6796875
204.0 4.90625
205.0 6.1484375
206.0 5.0078125
207.0 7.015625
208.0 6.4375
209.0 6.6484375
210.0 4.7109375
211.0 8.03125
212.0 5.125
213.0 6.0
214.0 6.6015625
215.0 6.390625
216.0 6.515625
217.0 6.328125
218.0 4.1484375
219.0 2.4609375
220.0 7.8984375
221.0 5.6484375
222.0 5.78125
223.0 5.9765625
224.0 6.4140625
225.0 6.828125
226.0 6.453125
227.0 6.0859375
228.0 6.171875
229.0 6.2578125
230.0 6.8984375
231.0 6.3046875
232.0 5.96875
233.0 6.0546875
234.0 6.953125
235.0 6.6328125
236.0 6.3515625
237.0 6.6171875
238.0 6.65625
239.0 6.390625
240.0 6.3671875
241.0 6.5703125
242.0 6.46875
243.0 6.53125
244.0 6.515625
245.0 4.21875
246.0 9.28125
247.0 6.890625
248.0 6.6328125
249.0 3.890625
250.0 9.1328125
251.0 6.3515625
252.0 6.109375
253.0 3.5859375
254.0 8.4375
255.0 6.109375
256.0 6.53125
257.0 6.859375
258.0 6.9140625
259.0 6.453125
260.0 4.9296875
261.0 5.2734375
262.0 6.453125
263.0 4.234375
264.0 9.046875
265.0 4.3046875
266.0 8.4140625
267.0 6.3828125
268.0 6.7421875
269.0 6.3046875
270.0 6.2578125
271.0 5.96875
272.0 6.859375
273.0 6.8125
274.0 7.015625
275.0 6.484375
276.0 6.390625
277.0 6.5859375
278.0 7.046875
279.0 3.0
280.0 10.1953125
281.0 6.203125
282.0 6.40625
283.0 4.2734375
284.0 8.96875
285.0 6.84375
286.0 6.8046875
287.0 6.9296875
288.0 7.0625
289.0 7.046875
290.0 6.9765625
291.0 6.8046875
292.0 7.015625
293.0 6.421875
294.0 6.203125
295.0 5.75
296.0 2.8359375
297.0 10.234375
298.0 6.515625
299.0 6.859375
300.0 6.890625
301.0 6.03125
302.0 1.671875
303.0 11.5390625
304.0 7.2421875
305.0 6.75
306.0 6.75
307.0 7.046875
308.0 7.2109375
309.0 6.8984375
310.0 6.8125
311.0 6.5
312.0 7.0390625
313.0 6.3828125
314.0 4.359375
315.0 5.6953125
316.0 6.6171875
317.0 6.296875
318.0 5.34375
319.0 2.1328125
320.0 8.96875
321.0 6.140625
322.0 6.5546875
323.0 6.203125
324.0 6.484375
325.0 6.40625
326.0 5.8828125
327.0 6.0390625
328.0 6.8984375
329.0 6.5625
330.0 5.7265625
331.0 5.4375
332.0 2.9921875
333.0 6.078125
334.0 2.7890625
335.0 3.046875
336.0 2.75
337.0 1.5
338.0 4.8984375
339.0 4.3828125
340.0 3.3984375
341.0 2.625
342.0 4.0234375
343.0 6.203125
344.0 6.2890625
345.0 6.5390625
346.0 4.9765625
347.0 6.625
348.0 6.1796875
349.0 5.9765625
350.0 5.578125
351.0 1.5078125
352.0 10.34375
353.0 6.5078125
354.0 5.0234375
355.0 1.3203125
356.0 0.0
357.0 10.4140625
358.0 5.2265625
359.0 4.7421875
360.0 5.734375
361.0 3.828125
362.0 8.328125
363.0 4.234375
364.0 2.265625
365.0 5.3984375
366.0 4.84375
367.0 4.0625
368.0 5.75
369.0 6.40625
370.0 6.2109375
371.0 4.3203125
372.0 7.46875
373.0 4.546875
374.0 5.5859375
375.0 5.734375
376.0 6.328125
377.0 6.234375
378.0 4.1015625
379.0 4.7421875
380.0 4.234375
381.0 5.7109375
382.0 6.0
383.0 5.078125
384.0 4.0859375
385.0 2.296875
386.0 7.21875
387.0 5.3671875
388.0 6.0
389.0 6.421875
390.0 6.125
391.0 5.7265625
392.0 5.9609375
393.0 3.859375
394.0 3.1796875
395.0 4.0859375
396.0 5.6015625
397.0 6.3671875
398.0 7.3046875
399.0 6.5703125
400.0 6.328125
401.0 5.546875
402.0 4.0625
403.0 5.3203125
404.0 4.0625
405.0 5.3515625
406.0 6.2109375
407.0 5.4921875
408.0 5.40625
409.0 2.1796875
410.0 0.0
411.0 6.890625
412.0 6.203125
413.0 6.2265625
414.0 3.6796875
415.0 4.6328125
416.0 4.3828125
417.0 4.390625
418.0 5.84375
419.0 5.3515625
420.0 4.65625
421.0 4.9609375
422.0 5.6796875
423.0 5.9140625
424.0 1.1484375
425.0 10.03125
426.0 3.9453125
427.0 4.1171875
428.0 4.15625
429.0 0.0
430.0 6.84375
431.0 1.9375
432.0 4.84375
433.0 5.875
434.0 6.453125
435.0 5.9296875
436.0 5.5546875
437.0 0.015625
438.0 6.921875
439.0 2.3671875
440.0 4.0859375
441.0 4.3984375
442.0 4.7734375
443.0 3.875
444.0 0.6953125
445.0 8.640625
446.0 5.34375
447.0 4.9609375
448.0 4.7578125
449.0 4.515625
450.0 4.984375
451.0 4.3671875
452.0 4.984375
453.0 5.3671875
454.0 4.21875
455.0 0.2734375
456.0 9.078125
457.0 4.3359375
458.0 4.921875
459.0 2.9375
460.0 5.3984375
461.0 1.796875
462.0 2.34375
463.0 4.3046875
464.0 3.1953125
465.0 5.203125
466.0 4.890625
467.0 3.328125
468.0 1.9140625
469.0 7.1953125
470.0 5.46875
471.0 5.28125
472.0 6.078125
473.0 4.1328125
474.0 8.046875
475.0 5.609375
476.0 4.2734375
477.0 4.7109375
478.0 3.4609375
479.0 3.234375
480.0 3.140625
481.0 3.1640625
482.0 3.1640625
483.0 3.53125
484.0 3.65625
485.0 4.6328125
486.0 2.015625
487.0 10.6796875
488.0 6.890625
489.0 7.078125
490.0 6.75
491.0 4.6484375
492.0 9.09375
493.0 3.375
494.0 9.359375
495.0 4.7421875
496.0 3.296875
497.0 3.3203125
498.0 3.1640625
499.0 2.609375
500.0 2.78125
501.0 2.9296875
502.0 4.0390625
503.0 3.90625
504.0 3.65625
505.0 2.453125
506.0 1.109375
507.0 5.125
508.0 5.28125
509.0 5.6015625
510.0 2.984375
511.0 3.7421875
512.0 3.5
513.0 4.875
514.0 2.1328125
515.0 5.15625
516.0 1.7421875
517.0 4.953125
518.0 5.3046875
519.0 5.6171875
520.0 5.2890625
521.0 2.875
522.0 1.5625
523.0 0.0
524.0 8.4375
525.0 5.109375
526.0 3.4609375
527.0 3.296875
528.0 0.2734375
529.0 8.2421875
530.0 3.4375
531.0 3.8203125
532.0 3.4765625
533.0 3.3828125
534.0 4.4453125
535.0 4.6875
536.0 4.453125
537.0 4.2109375
538.0 3.515625
539.0 5.6171875
540.0 6.3359375
541.0 2.03125
542.0 7.7890625
543.0 5.5625
544.0 6.421875
545.0 5.828125
546.0 2.96875
547.0 8.796875
548.0 6.0625
549.0 5.9453125
550.0 5.546875
551.0 5.7890625
552.0 5.015625
553.0 6.140625
554.0 7.2265625
555.0 6.9609375
556.0 6.5859375
557.0 4.1171875
558.0 9.9296875
559.0 6.953125
560.0 6.8671875
561.0 6.9296875
562.0 7.0625
563.0 7.2890625
564.0 7.3203125
565.0 6.921875
566.0 5.734375
567.0 6.3515625
568.0 6.984375
569.0 6.0390625
570.0 6.0859375
571.0 6.9765625
572.0 6.4375
573.0 3.90625
574.0 8.34375
575.0 6.140625
576.0 5.78125
577.0 3.734375
578.0 6.15625
579.0 4.1796875
580.0 4.3515625
581.0 4.90625
582.0 4.390625
583.0 5.125
584.0 5.6171875
585.0 3.0859375
586.0 6.453125
587.0 5.546875
588.0 4.890625
589.0 5.25
590.0 5.6796875
591.0 6.0
592.0 5.0859375
593.0 3.9140625
594.0 5.1015625
595.0 5.21875
596.0 5.3046875
597.0 5.3984375
598.0 5.4921875
599.0 4.3203125
