0.0 5.125
1.0 5.4375
2.0 5.5
3.0 5.78125
4.0 5.21875
5.0 5.0703125
6.0 5.15625
7.0 5.734375
8.0 6.359375
9.0 6.3359375
10.0 5.78125
11.0 4.03125
12.0 7.8203125
13.0 5.3359375
14.0 5.6328125
15.0 5.3515625
16.0 4.796875
17.0 6.65625
18.0 5.3046875
19.0 5.40625
20.0 5.0390625
21.0 5.3046875
22.0 5.171875
23.0 5.3671875
24.0 5.3515625
25.0 5.203125
26.0 5.2890625
27.0 5.859375
28.0 5.1015625
29.0 4.875
30.0 5.375
31.0 5.234375
32.0 5.6640625
33.0 5.484375
34.0 5.515625
35.0 5.6171875
36.0 5.40625
37.0 5.78125
38.0 5.875
39.0 5.6796875
40.0 3.515625
41.0 8.296875
42.0 5.703125
43.0 5.2265625
44.0 5.1640625
45.0 4.875
46.0 1.890625
47.0 7.1953125
48.0 4.6640625
49.0 5.5234375
50.0 5.6953125
51.0 5.6015625
52.0 5.609375
53.0 5.234375
54.0 4.890625
55.0 4.2734375
56.0 4.1328125
57.0 4.0859375
58.0 2.3984375
59.0 6.4453125
60.0 4.4296875
61.0 4.1875
62.0 5.046875
63.0 5.3125
64.0 4.8359375
65.0 3.953125
66.0 5.796875
67.0 5.25
68.0 5.2734375
69.0 5.015625
70.0 4.6875
71.0 4.9296875
72.0 4.953125
73.0 4.984375
74.0 4.203125
75.0 5.453125
76.0 4.8359375
77.0 4.6328125
78.0 4.796875
79.0 4.578125
80.0 5.171875
81.0 5.3203125
82.0 5.609375
83.0 5.8125
84.0 6.859375
85.0 5.3359375
86.0 4.1171875
87.0 2.125
88.0 7.7578125
89.0 5.7578125
90.0 5.53125
91.0 5.7109375
92.0 6.171875
93.0 6.0625
94.0 6.515625
95.0 5.734375
96.0 5.140625
97.0 3.4453125
98.0 5.1875
99.0 5.6953125
100.0 4.6015625
101.0 6.9609375
102.0 5.9765625
103.0 5.5859375
104.0 5.6640625
105.0 5.828125
106.0 5.84375
107.0 5.140625
108.0 0.0
109.0 7.9296875
110.0 0.5859375
111.0 5.765625
112.0 5.734375
113.0 5.5859375
114.0 5.7578125
115.0 5.8125
116.0 5.3515625
117.0 5.5234375
118.0 5.484375
119.0 3.25
120.0 0.4375
121.0 0.0
122.0 6.0390625
123.0 5.5
124.0 5.0703125
125.0 4.859375
126.0 3.015625
127.0 4.7421875
128.0 3.96875
129.0 4.0078125
130.0 5.2890625
131.0 5.234375
132.0 5.2890625
133.0 5.5
134.0 6.0859375
135.0 6.0546875
136.0 6.0859375
137.0 6.359375
138.0 5.5859375
139.0 6.03125
140.0 6.4375
141.0 6.0234375
142.0 6.0546875
143.0 5.8515625
144.0 4.9453125
145.0 4.5078125
146.0 5.609375
147.0 5.5625
148.0 6.3046875
149.0 5.46875
150.0 6.0546875
151.0 6.1796875
152.0 6.5546875
153.0 6.359375
154.0 6.2734375
155.0 6.15625
156.0 6.2109375
157.0 5.96875
158.0 6.1875
159.0 6.125
160.0 2.6640625
161.0 0.0
162.0 8.5625
163.0 5.859375
164.0 5.765625
165.0 5.3515625
166.0 5.28125
167.0 5.3203125
168.0 5.3125
169.0 5.1953125
170.0 4.0078125
171.0 0.0
172.0 6.6796875
173.0 3.0546875
174.0 4.9453125
175.0 5.3984375
176.0 5.5234375
177.0 5.3515625
178.0 4.8984375
179.0 5.4375
180.0 5.375
181.0 5.2890625
182.0 5.7265625
183.0 5.6484375
184.0 5.4296875
185.0 5.3984375
186.0 5.6015625
187.0 5.75
188.0 6.125
189.0 6.09375
190.0 6.078125
191.0 5.453125
192.0 5.4375
193.0 1.0234375
194.0 10.671875
195.0 6.234375
196.0 4.59375
197.0 0.6953125
198.0 7.9609375
199.0 5.9140625
200.0 4.6640625
201.0 3.4921875
202.0 4.7265625
203.0 5.9296875
204.0 5.78125
205.0 5.7890625
206.0 5.859375
207.0 6.03125
208.0 6.09375
209.0 6.0390625
210.0 5.7578125
211.0 1.8359375
212.0 9.90625
213.0 6.171875
214.0 6.171875
215.0 5.6171875
216.0 0.9921875
217.0 9.6875
218.0 5.203125
219.0 5.4296875
220.0 5.3671875
221.0 5.34375
222.0 4.75
223.0 1.9375
224.0 9.1015625
225.0 5.0078125
226.0 4.984375
227.0 5.21875
228.0 4.3671875
229.0 4.3359375
230.0 4.59375
231.0 1.5703125
232.0 8.4921875
233.0 4.6796875
234.0 4.7421875
235.0 4.515625
236.0 4.25
237.0 4.1328125
238.0 5.2734375
239.0 5.1953125
240.0 5.2265625
241.0 1.8828125
242.0 8.75
243.0 5.3671875
244.0 5.4609375
245.0 1.8984375
246.0 8.7109375
247.0 5.0703125
248.0 5.171875
249.0 5.3359375
250.0 5.2890625
251.0 5.0234375
252.0 5.484375
253.0 4.171875
254.0 6.5
255.0 5.453125
256.0 5.4921875
257.0 5.6015625
258.0 5.6640625
259.0 5.9921875
260.0 5.5546875
261.0 4.8671875
262.0 3.765625
263.0 2.8046875
264.0 4.4453125
265.0 5.6328125
266.0 5.875
267.0 5.3515625
268.0 5.453125
269.0 3.90625
270.0 4.1484375
271.0 5.125
272.0 5.484375
273.0 5.515625
274.0 5.5546875
275.0 5.125
276.0 5.578125
277.0 4.9921875
278.0 5.203125
279.0 5.4609375
280.0 5.9140625
281.0 6.03125
282.0 5.609375
283.0 2.015625
284.0 1.0625
285.0 6.9609375
286.0 0.5078125
287.0 2.609375
288.0 2.0625
289.0 4.265625
290.0 5.7109375
291.0 5.4921875
292.0 5.7578125
293.0 5.796875
294.0 5.828125
295.0 5.5625
296.0 5.3828125
297.0 1.328125
298.0 10.4765625
299.0 5.609375
300.0 5.4375
301.0 3.0
302.0 0.0625
303.0 8.625
304.0 3.96875
305.0 5.3359375
306.0 5.28125
307.0 5.3828125
308.0 5.5546875
309.0 5.046875
310.0 4.28125
311.0 5.15625
312.0 5.3125
313.0 3.078125
314.0 8.5703125
315.0 5.609375
316.0 5.8515625
317.0 6.0390625
318.0 5.578125
319.0 5.25
320.0 5.578125
321.0 5.734375
322.0 5.828125
323.0 5.5
324.0 5.703125
325.0 5.6171875
326.0 5.484375
327.0 0.3671875
328.0 9.640625
329.0 4.984375
330.0 5.40625
331.0 5.140625
332.0 0.8046875
333.0 9.7421875
334.0 5.0546875
335.0 4.171875
336.0 4.28125
337.0 5.7578125
338.0 4.9921875
339.0 1.8671875
340.0 8.4453125
341.0 5.140625
342.0 5.28125
343.0 5.5859375
344.0 4.5390625
345.0 4.4296875
346.0 4.3359375
347.0 4.90625
348.0 5.5234375
349.0 5.3359375
350.0 5.234375
351.0 5.234375
352.0 5.125
353.0 5.84375
354.0 5.2890625
355.0 5.7109375
356.0 5.8203125
357.0 5.1640625
358.0 3.25
359.0 7.8828125
360.0 5.546875
361.0 5.515625
362.0 5.5546875
363.0 5.8828125
364.0 5.4921875
365.0 5.3984375
366.0 4.8359375
367.0 4.0234375
368.0 4.0625
369.0 4.53125
370.0 5.5234375
371.0 2.7265625
372.0 7.515625
373.0 5.21875
374.0 5.34375
375.0 5.234375
376.0 5.9296875
377.0 5.765625
378.0 5.7109375
379.0 5.4609375
380.0 5.6796875
381.0 1.9453125
382.0 9.328125
383.0 5.2890625
384.0 5.0546875
385.0 5.453125
386.0 5.0546875
387.0 5.203125
388.0 4.6328125
389.0 4.3203125
390.0 4.9609375
391.0 4.796875
392.0 4.6015625
393.0 4.28125
394.0 4.7734375
395.0 4.71875
396.0 5.234375
397.0 5.1015625
398.0 4.890625
399.0 4.2734375
400.0 4.5625
401.0 4.453125
402.0 0.0
403.0 9.640625
404.0 4.6875
405.0 4.859375
406.0 3.9375
407.0 6.2578125
408.0 4.8984375
409.0 5.21875
410.0 4.8125
411.0 3.9453125
412.0 3.6953125
413.0 3.7421875
414.0 4.09375
415.0 3.078125
416.0 3.5546875
417.0 2.4453125
418.0 0.0
419.0 9.3046875
420.0 4.6484375
421.0 4.828125
422.0 4.1875
423.0 3.7890625
424.0 4.3828125
425.0 4.46875
426.0 3.8828125
427.0 4.171875
428.0 4.625
429.0 4.4140625
430.0 2.7734375
431.0 6.796875
432.0 4.4765625
433.0 4.59375
434.0 4.25
435.0 5.3203125
436.0 5.5
437.0 5.578125
438.0 5.4921875
439.0 4.90625
440.0 4.0234375
441.0 5.9453125
442.0 4.6484375
443.0 4.6953125
444.0 5.0078125
445.0 2.71875
446.0 6.7734375
447.0 4.609375
448.0 4.5625
449.0 4.6484375
450.0 3.796875
451.0 4.3515625
452.0 5.1875
453.0 4.8125
454.0 4.546875
455.0 4.921875
456.0 4.515625
457.0 4.9453125
458.0 4.6015625
459.0 3.6796875
460.0 6.3828125
461.0 5.421875
462.0 5.3203125
463.0 4.0078125
464.0 0.0
465.0 8.6796875
466.0 4.421875
467.0 4.546875
468.0 5.015625
469.0 5.453125
470.0 5.109375
471.0 4.4765625
472.0 4.5
473.0 5.0390625
474.0 5.2734375
475.0 5.3359375
476.0 4.7109375
477.0 2.5625
478.0 7.3984375
479.0 4.2421875
480.0 2.453125
481.0 1.7890625
482.0 6.9140625
483.0 2.375
484.0 2.1015625
485.0 2.8125
486.0 4.578125
487.0 4.78125
488.0 3.4765625
489.0 4.0234375
490.0 3.59375
491.0 2.5234375
492.0 4.4296875
493.0 2.0859375
494.0 8.078125
495.0 5.109375
496.0 5.3671875
497.0 5.3046875
498.0 5.15625
499.0 5.1953125
500.0 5.40625
501.0 5.2265625
502.0 5.203125
503.0 5.1015625
504.0 4.8671875
505.0 3.828125
506.0 5.5234375
507.0 5.0703125
508.0 5.2734375
509.0 5.28125
510.0 4.984375
511.0 3.7109375
512.0 5.96875
513.0 4.9296875
514.0 4.875
515.0 5.203125
516.0 5.109375
517.0 5.375
518.0 5.3125
519.0 5.1015625
520.0 5.109375
521.0 4.9609375
522.0 5.0078125
523.0 5.171875
524.0 5.15625
525.0 1.0625
526.0 8.96875
527.0 5.3359375
528.0 5.28125
529.0 5.53125
530.0 3.90625
531.0 7.25
532.0 5.5
533.0 5.5234375
534.0 6.2890625
535.0 6.2265625
536.0 6.46875
537.0 5.5234375
538.0 4.8125
539.0 5.171875
540.0 2.4921875
541.0 0.0
542.0 0.0
543.0 4.8046875
544.0 2.4453125
545.0 1.7890625
546.0 0.7578125
547.0 0.703125
548.0 0.7578125
549.0 1.5
550.0 1.328125
551.0 2.6875
552.0 2.84375
553.0 1.6796875
554.0 4.515625
555.0 2.8125
556.0 4.484375
557.0 4.53125
558.0 2.671875
559.0 2.421875
560.0 4.03125
561.0 5.609375
562.0 5.6640625
563.0 5.53125
564.0 4.0390625
565.0 3.3828125
566.0 4.609375
567.0 5.75
568.0 5.640625
569.0 5.6171875
570.0 5.5546875
571.0 5.0078125
572.0 4.7578125
573.0 2.4140625
574.0 7.734375
575.0 3.40625
576.0 3.4140625
577.0 5.28125
578.0 5.4296875
579.0 5.734375
580.0 3.7890625
581.0 2.7109375
582.0 2.7734375
583.0 2.15625
584.0 3.6171875
585.0 5.1875
586.0 5.3203125
587.0 1.1953125
588.0 10.3203125
589.0 5.53125
590.0 5.2734375
591.0 3.8515625
592.0 0.0
593.0 6.8828125
594.0 2.0625
595.0 4.9765625
596.0 4.4765625
597.0 1.34375
598.0 2.2734375
599.0 4.0703125
