0.0 4.875
1.0 4.5
2.0 4.7578125
3.0 5.1875
4.0 5.0078125
5.0 4.6640625
6.0 5.15625
7.0 5.0859375
8.0 5.0703125
9.0 5.109375
10.0 5.0546875
11.0 4.8984375
12.0 0.875
13.0 9.390625
14.0 5.0078125
15.0 4.828125
16.0 4.7265625
17.0 4.7578125
18.0 4.1484375
19.0 4.90625
20.0 4.609375
21.0 4.65625
22.0 5.1328125
23.0 5.15625
24.0 4.9609375
25.0 5.015625
26.0 4.9765625
27.0 4.953125
28.0 1.7734375
29.0 7.2109375
30.0 4.484375
31.0 4.515625
32.0 3.9765625
33.0 0.1953125
34.0 5.7109375
35.0 4.6328125
36.0 4.203125
37.0 4.3359375
38.0 4.6875
39.0 4.4296875
40.0 4.6328125
41.0 5.0859375
42.0 5.0546875
43.0 4.9921875
44.0 4.953125
45.0 4.9765625
46.0 4.953125
47.0 4.9609375
48.0 4.984375
49.0 4.90625
50.0 4.7734375
51.0 4.9453125
52.0 4.9921875
53.0 4.6328125
54.0 2.2734375
55.0 2.2734375
56.0 4.28125
57.0 0.8359375
58.0 6.890625
59.0 3.609375
60.0 4.3203125
61.0 4.984375
62.0 4.9453125
63.0 4.171875
64.0 3.859375
65.0 4.3515625
66.0 4.7578125
67.0 5.140625
68.0 5.15625
69.0 4.6875
70.0 0.8046875
71.0 8.34375
72.0 5.171875
73.0 5.109375
74.0 5.28125
75.0 4.9609375
76.0 4.125
77.0 0.0
78.0 8.0625
79.0 0.1953125
80.0 3.578125
81.0 5.3203125
82.0 5.1953125
83.0 5.125
84.0 5.0859375
85.0 4.9296875
86.0 5.0859375
87.0 5.3359375
88.0 5.2578125
89.0 1.40625
90.0 8.8359375
91.0 5.0859375
92.0 5.078125
93.0 5.0390625
94.0 5.1328125
95.0 2.9609375
96.0 0.0
97.0 0.0
98.0 5.2265625
99.0 1.265625
100.0 1.4375
101.0 2.96875
102.0 4.9453125
103.0 5.1640625
104.0 4.8671875
105.0 5.015625
106.0 5.0546875
107.0 4.8671875
108.0 4.578125
109.0 3.28125
110.0 0.0
111.0 9.1796875
112.0 4.953125
113.0 4.875
114.0 4.828125
115.0 4.5390625
116.0 5.0703125
117.0 4.7734375
118.0 4.890625
119.0 4.953125
120.0 4.984375
121.0 4.625
122.0 5.125
123.0 0.9375
124.0 9.3671875
125.0 4.8671875
126.0 5.171875
127.0 5.140625
128.0 4.828125
129.0 0.3125
130.0 9.90625
131.0 5.015625
132.0 4.921875
133.0 4.953125
134.0 4.921875
135.0 5.0078125
136.0 5.1875
137.0 5.28125
138.0 5.3359375
139.0 4.9296875
140.0 5.234375
141.0 4.9453125
142.0 1.0
143.0 9.1484375
144.0 5.3046875
145.0 5.2578125
146.0 5.2890625
147.0 5.078125
148.0 4.984375
149.0 5.140625
150.0 5.3125
151.0 5.125
152.0 5.0390625
153.0 5.0390625
154.0 5.3203125
155.0 5.046875
156.0 5.3125
157.0 4.234375
158.0 4.3359375
159.0 5.34375
160.0 4.7578125
161.0 4.6875
162.0 1.71875
163.0 8.1484375
164.0 5.3828125
165.0 4.5703125
166.0 0.0
167.0 6.453125
168.0 3.734375
169.0 5.421875
170.0 5.21875
171.0 5.234375
172.0 5.234375
173.0 5.15625
174.0 5.2734375
175.0 5.140625
176.0 5.4375
177.0 5.4921875
178.0 5.421875
179.0 5.5
180.0 5.171875
181.0 0.7265625
182.0 9.6015625
183.0 5.28125
184.0 5.578125
185.0 2.5703125
186.0 8.140625
187.0 5.0546875
188.0 5.34375
189.0 5.1015625
190.0 4.921875
191.0 5.078125
192.0 5.25
193.0 5.3515625
194.0 5.25
195.0 5.484375
196.0 5.1953125
197.0 5.0234375
198.0 4.984375
199.0 4.625
200.0 4.890625
201.0 5.1015625
202.0 5.3046875
203.0 5.234375
204.0 5.2890625
205.0 4.4453125
206.0 6.2421875
207.0 5.1328125
208.0 5.1953125
209.0 5.28125
210.0 5.25
211.0 5.15625
212.0 5.140625
213.0 5.1875
214.0 5.2734375
215.0 5.3984375
216.0 5.046875
217.0 5.40625
218.0 4.75
219.0 2.96875
220.0 8.1328125
221.0 5.484375
222.0 5.3203125
223.0 5.0859375
224.0 2.1171875
225.0 8.703125
226.0 5.3828125
227.0 5.3046875
228.0 4.875
229.0 5.0546875
230.0 5.2578125
231.0 5.4296875
232.0 5.515625
233.0 5.515625
234.0 5.2578125
235.0 5.4296875
236.0 5.3359375
237.0 2.6015625
238.0 7.9453125
239.0 5.1640625
240.0 5.28125
241.0 5.3046875
242.0 5.25
243.0 0.640625
244.0 10.1171875
245.0 5.2734375
246.0 5.3671875
247.0 5.1015625
248.0 5.15625
249.0 5.375
250.0 5.171875
251.0 5.234375
252.0 5.453125
253.0 5.4921875
254.0 5.4921875
255.0 5.34375
256.0 0.0625
257.0 10.3515625
258.0 5.2265625
259.0 5.453125
260.0 5.6171875
261.0 5.53125
262.0 0.8828125
263.0 10.3125
264.0 5.3828125
265.0 5.3828125
266.0 5.609375
267.0 5.171875
268.0 5.3515625
269.0 5.4375
270.0 5.484375
271.0 5.453125
272.0 5.3125
273.0 5.203125
274.0 5.546875
275.0 5.3203125
276.0 5.2265625
277.0 5.34375
278.0 5.375
279.0 0.4921875
280.0 10.1484375
281.0 5.0234375
282.0 5.0859375
283.0 0.7890625
284.0 9.1796875
285.0 5.078125
286.0 4.7734375
287.0 4.6484375
288.0 5.203125
289.0 4.890625
290.0 5.234375
291.0 5.4296875
292.0 5.1953125
293.0 5.140625
294.0 5.4296875
295.0 5.21875
296.0 4.9765625
297.0 5.015625
298.0 5.125
299.0 5.203125
300.0 4.8359375
301.0 5.078125
302.0 4.9765625
303.0 4.8125
304.0 4.75
305.0 4.90625
306.0 4.953125
307.0 0.875
308.0 0.0
309.0 6.9453125
310.0 5.046875
311.0 5.125
312.0 5.46875
313.0 5.3671875
314.0 5.21875
315.0 5.6953125
316.0 5.6484375
317.0 5.3671875
318.0 5.109375
319.0 5.3046875
320.0 5.2890625
321.0 5.4375
322.0 5.0078125
323.0 4.890625
324.0 5.0078125
325.0 4.796875
326.0 0.75
327.0 9.0625
328.0 4.828125
329.0 5.2734375
330.0 5.5234375
331.0 3.46875
332.0 0.0
333.0 6.84375
334.0 4.4296875
335.0 5.2890625
336.0 5.4375
337.0 5.5234375
338.0 5.3828125
339.0 5.4609375
340.0 5.34375
341.0 5.28125
342.0 5.4921875
343.0 5.1640625
344.0 5.2734375
345.0 5.1953125
346.0 0.984375
347.0 10.1015625
348.0 5.234375
349.0 5.1015625
350.0 3.4296875
351.0 7.1640625
352.0 5.1875
353.0 5.0546875
354.0 4.9453125
355.0 5.015625
356.0 4.7421875
357.0 4.9453125
358.0 5.1640625
359.0 5.171875
360.0 5.1640625
361.0 5.203125
362.0 5.203125
363.0 5.015625
364.0 5.1875
365.0 5.203125
366.0 5.2578125
367.0 5.3203125
368.0 5.34375
369.0 5.3125
370.0 5.3359375
371.0 5.234375
372.0 5.1015625
373.0 5.2890625
374.0 1.859375
375.0 8.8046875
376.0 5.0703125
377.0 5.234375
378.0 4.9296875
379.0 1.5859375
380.0 8.53125
381.0 3.4140625
382.0 3.6953125
383.0 3.8046875
384.0 3.4296875
385.0 2.1796875
386.0 7.1328125
387.0 5.1640625
388.0 5.078125
389.0 5.171875
390.0 5.0546875
391.0 4.796875
392.0 4.2734375
393.0 4.578125
394.0 4.2421875
395.0 4.6953125
396.0 2.9375
397.0 4.9921875
398.0 5.34375
399.0 5.28125
400.0 5.3671875
401.0 5.0703125
402.0 0.765625
403.0 8.921875
404.0 5.28125
405.0 4.9453125
406.0 4.21875
407.0 4.7265625
408.0 5.2578125
409.0 4.0546875
410.0 5.234375
411.0 5.0078125
412.0 4.7734375
413.0 4.90625
414.0 4.9609375
415.0 1.59375
416.0 8.765625
417.0 2.6953125
418.0 2.046875
419.0 3.890625
420.0 5.125
421.0 3.2265625
422.0 7.109375
423.0 4.65625
424.0 4.84375
425.0 4.4296875
426.0 3.4609375
427.0 3.6171875
428.0 3.7578125
429.0 4.265625
430.0 4.484375
431.0 3.4453125
432.0 4.1015625
433.0 4.9453125
434.0 3.203125
435.0 0.0
436.0 5.84375
437.0 3.140625
438.0 5.3515625
439.0 5.1328125
440.0 1.7578125
441.0 4.796875
442.0 4.6875
443.0 4.71875
444.0 5.15625
445.0 5.3203125
446.0 5.171875
447.0 5.4296875
448.0 5.0703125
449.0 5.1328125
450.0 5.2265625
451.0 5.0859375
452.0 4.84375
453.0 4.9609375
454.0 1.53125
455.0 8.8828125
456.0 5.0234375
457.0 4.9765625
458.0 4.9296875
459.0 4.6953125
460.0 5.0859375
461.0 0.1875
462.0 9.515625
463.0 4.984375
464.0 4.9453125
465.0 4.6875
466.0 4.46875
467.0 4.3359375
468.0 4.578125
469.0 4.71875
470.0 5.375
471.0 4.6953125
472.0 2.1171875
473.0 8.2890625
474.0 5.1953125
475.0 5.0390625
476.0 4.921875
477.0 5.3515625
478.0 5.2890625
479.0 5.3046875
480.0 5.3359375
481.0 3.1953125
482.0 0.0625
483.0 0.0
484.0 9.015625
485.0 4.796875
486.0 2.1953125
487.0 4.953125
488.0 5.4921875
489.0 5.4609375
490.0 5.375
491.0 5.3671875
492.0 5.1953125
493.0 5.4296875
494.0 5.3203125
495.0 5.3515625
496.0 5.25
497.0 0.84375
498.0 9.8046875
499.0 5.5
500.0 5.484375
501.0 4.53125
502.0 5.9765625
503.0 5.0859375
504.0 5.3046875
505.0 5.6796875
506.0 5.6484375
507.0 5.6484375
508.0 5.703125
509.0 5.484375
510.0 5.3984375
511.0 5.140625
512.0 5.078125
513.0 5.4609375
514.0 4.984375
515.0 5.8125
516.0 5.6171875
517.0 5.6640625
518.0 5.3046875
519.0 5.375
520.0 5.484375
521.0 0.8046875
522.0 10.5
523.0 5.6015625
524.0 5.28125
525.0 5.0859375
526.0 5.1328125
527.0 5.1015625
528.0 0.765625
529.0 9.5390625
530.0 5.203125
531.0 5.3203125
532.0 5.015625
533.0 5.078125
534.0 4.9921875
535.0 5.078125
536.0 4.6875
537.0 4.9453125
538.0 4.9921875
539.0 5.1953125
540.0 5.0703125
541.0 4.9765625
542.0 4.90625
543.0 5.1328125
544.0 5.2890625
545.0 5.171875
546.0 5.171875
547.0 4.8671875
548.0 4.9609375
549.0 4.828125
550.0 4.875
551.0 4.7578125
552.0 4.9453125
553.0 4.921875
554.0 5.21875
555.0 5.15625
556.0 4.7265625
557.0 4.75
558.0 4.2734375
559.0 4.203125
560.0 0.5078125
561.0 8.4609375
562.0 5.828125
563.0 4.828125
564.0 5.0234375
565.0 5.0703125
566.0 4.9609375
567.0 4.3671875
568.0 4.890625
569.0 4.921875
570.0 5.1875
571.0 5.0390625
572.0 5.25
573.0 5.234375
574.0 5.140625
575.0 3.28125
576.0 6.1796875
577.0 4.59375
578.0 5.015625
579.0 4.890625
580.0 4.953125
581.0 2.03125
582.0 8.171875
583.0 5.046875
584.0 3.875
585.0 4.0703125
586.0 4.28125
587.0 4.453125
588.0 4.15625
589.0 3.890625
590.0 3.8203125
591.0 3.9921875
592.0 3.96875
593.0 4.1796875
594.0 1.296875
595.0 6.984375
596.0 2.625
597.0 2.296875
598.0 2.59375
599.0 2.6015625
