0.0 6.09375
1.0 2.546875
2.0 9.3671875
3.0 5.640625
4.0 4.5078125
5.0 6.2734375
6.0 6.2734375
7.0 6.0859375
8.0 6.1171875
9.0 6.078125
10.0 6.1796875
11.0 5.9453125
12.0 5.7890625
13.0 5.9375
14.0 6.078125
15.0 6.140625
16.0 6.15625
17.0 2.4453125
18.0 10.046875
19.0 5.1953125
20.0 3.546875
21.0 0.875
22.0 6.125
23.0 3.8203125
24.0 3.5859375
25.0 3.7734375
26.0 3.0859375
27.0 3.7421875
28.0 3.2265625
29.0 3.140625
30.0 3.765625
31.0 3.4296875
32.0 3.9375
33.0 6.109375
34.0 6.078125
35.0 2.265625
36.0 10.1015625
37.0 6.359375
38.0 6.3671875
39.0 6.2265625
40.0 3.921875
41.0 8.2578125
42.0 5.9453125
43.0 6.171875
44.0 5.9765625
45.0 5.734375
46.0 6.1796875
47.0 5.859375
48.0 5.96875
49.0 6.390625
50.0 6.3203125
51.0 6.0234375
52.0 4.4296875
53.0 7.8125
54.0 6.484375
55.0 6.0234375
56.0 2.890625
57.0 9.5390625
58.0 6.0546875
59.0 6.2890625
60.0 6.2578125
61.0 5.765625
62.0 5.90625
63.0 5.7265625
64.0 5.8125
65.0 5.8125
66.0 3.9921875
67.0 8.171875
68.0 6.2890625
69.0 6.8046875
70.0 6.3671875
71.0 6.703125
72.0 7.03125
73.0 6.890625
74.0 6.8984375
75.0 6.859375
76.0 6.6171875
77.0 6.828125
78.0 6.765625
79.0 6.5859375
80.0 2.0625
81.0 11.25
82.0 6.7109375
83.0 6.6796875
84.0 6.7109375
85.0 6.625
86.0 6.5703125
87.0 6.2421875
88.0 3.5234375
89.0 9.4921875
90.0 6.265625
91.0 5.7578125
92.0 6.078125
93.0 6.4140625
94.0 6.3359375
95.0 5.703125
96.0 7.0078125
97.0 6.6875
98.0 7.0078125
99.0 6.7421875
100.0 6.59375
101.0 6.6015625
102.0 7.0078125
103.0 6.9921875
104.0 6.5859375
105.0 6.7734375
106.0 4.4140625
107.0 8.2734375
108.0 6.6640625
109.0 6.7109375
110.0 4.484375
111.0 8.953125
112.0 6.8125
113.0 6.5390625
114.0 6.6328125
115.0 6.296875
116.0 6.3515625
117.0 6.390625
118.0 6.3828125
119.0 5.8828125
120.0 6.2890625
121.0 6.1484375
122.0 6.09375
123.0 5.9921875
124.0 2.8515625
125.0 9.75
126.0 6.3671875
127.0 6.5859375
128.0 6.625
129.0 6.625
130.0 6.421875
131.0 6.171875
132.0 3.234375
133.0 9.2734375
134.0 6.5546875
135.0 6.796875
136.0 6.6015625
137.0 6.6328125
138.0 3.609375
139.0 10.1171875
140.0 6.71875
141.0 6.4375
142.0 6.15625
143.0 3.90625
144.0 3.0546875
145.0 1.8671875
146.0 4.484375
147.0 6.3203125
148.0 5.96875
149.0 5.765625
150.0 6.078125
151.0 6.140625
152.0 6.2890625
153.0 6.65625
154.0 5.9375
155.0 4.84375
156.0 6.921875
157.0 4.4765625
158.0 2.8203125
159.0 1.890625
160.0 3.921875
161.0 5.9375
162.0 6.0859375
163.0 5.7578125
164.0 5.9140625
165.0 5.859375
166.0 6.0390625
167.0 5.9453125
168.0 3.9140625
169.0 7.71875
170.0 5.796875
171.0 5.859375
172.0 6.2109375
173.0 4.0625
174.0 8.0
175.0 6.359375
176.0 6.1796875
177.0 6.3359375
178.0 6.1484375
179.0 5.8828125
180.0 5.96875
181.0 5.875
182.0 6.2109375
183.0 6.1796875
184.0 6.1796875
185.0 4.4765625
186.0 7.71875
187.0 6.1171875
188.0 6.171875
189.0 6.203125
190.0 4.0859375
191.0 8.2734375
192.0 4.1171875
193.0 8.3515625
194.0 4.21875
195.0 8.2421875
196.0 6.0390625
197.0 6.03125
198.0 6.1171875
199.0 5.90625
200.0 5.5234375
201.0 5.34375
202.0 5.734375
203.0 5.9296875
204.0 6.0390625
205.0 5.7890625
206.0 6.0
207.0 5.5
208.0 5.8125
209.0 1.765625
210.0 9.28125
211.0 5.4375
212.0 4.3671875
213.0 7.2734375
214.0 5.421875
215.0 5.9609375
216.0 5.96875
217.0 5.90625
218.0 3.7109375
219.0 7.0703125
220.0 5.9453125
221.0 6.109375
222.0 6.140625
223.0 6.4375
224.0 6.1875
225.0 6.125
226.0 6.109375
227.0 5.859375
228.0 5.4375
229.0 4.53125
230.0 5.3046875
231.0 0.6953125
232.0 10.0703125
233.0 6.2734375
234.0 5.890625
235.0 6.265625
236.0 6.0234375
237.0 5.8125
238.0 6.0
239.0 4.8984375
240.0 3.4453125
241.0 0.25
242.0 6.171875
243.0 2.21875
244.0 2.1875
245.0 1.6875
246.0 1.921875
247.0 5.234375
248.0 6.4765625
249.0 6.390625
250.0 6.0859375
251.0 6.125
252.0 6.234375
253.0 5.8203125
254.0 5.6015625
255.0 6.8984375
256.0 6.078125
257.0 6.1796875
258.0 6.2578125
259.0 6.3046875
260.0 5.9609375
261.0 5.9921875
262.0 5.734375
263.0 6.328125
264.0 6.2734375
265.0 6.3203125
266.0 6.3671875
267.0 5.2890625
268.0 7.1875
269.0 5.828125
270.0 5.7890625
271.0 6.234375
272.0 6.40625
273.0 5.8828125
274.0 6.140625
275.0 5.8125
276.0 6.2578125
277.0 6.3359375
278.0 3.859375
279.0 5.34375
280.0 5.84375
281.0 5.1328125
282.0 5.453125
283.0 6.265625
284.0 5.890625
285.0 5.703125
286.0 6.0390625
287.0 6.2265625
288.0 6.203125
289.0 5.9921875
290.0 6.203125
291.0 6.0078125
292.0 6.2421875
293.0 6.40625
294.0 6.234375
295.0 5.578125
296.0 4.8046875
297.0 8.2890625
298.0 6.1171875
299.0 6.078125
300.0 5.9609375
301.0 5.9140625
302.0 3.109375
303.0 9.4609375
304.0 6.0859375
305.0 5.890625
306.0 6.1796875
307.0 6.03125
308.0 6.1171875
309.0 6.109375
310.0 6.0625
311.0 6.0625
312.0 6.0234375
313.0 6.203125
314.0 6.1875
315.0 1.1796875
316.0 11.265625
317.0 6.4140625
318.0 6.109375
319.0 6.3515625
320.0 3.375
321.0 8.859375
322.0 6.109375
323.0 5.90625
324.0 5.875
325.0 5.859375
326.0 4.0078125
327.0 7.65625
328.0 4.0546875
329.0 7.8359375
330.0 5.53125
331.0 6.09375
332.0 6.09375
333.0 6.171875
334.0 6.078125
335.0 6.2265625
336.0 6.2734375
337.0 6.265625
338.0 6.125
339.0 6.1796875
340.0 6.5859375
341.0 6.2421875
342.0 5.3984375
343.0 7.0390625
344.0 6.1875
345.0 6.1875
346.0 6.0625
347.0 5.671875
348.0 6.390625
349.0 5.890625
350.0 6.0234375
351.0 5.9140625
352.0 6.421875
353.0 6.203125
354.0 6.3515625
355.0 5.96875
356.0 5.2578125
357.0 5.765625
358.0 5.046875
359.0 6.6875
360.0 6.1171875
361.0 6.2734375
362.0 6.2421875
363.0 6.625
364.0 6.5859375
365.0 6.5078125
366.0 6.390625
367.0 6.421875
368.0 6.5859375
369.0 6.46875
370.0 6.2578125
371.0 4.75
372.0 5.96875
373.0 6.7734375
374.0 6.0234375
375.0 6.0546875
376.0 5.2578125
377.0 4.5390625
378.0 7.1953125
379.0 6.078125
380.0 5.84375
381.0 6.1171875
382.0 6.140625
383.0 6.0
384.0 5.734375
385.0 5.90625
386.0 5.9140625
387.0 5.890625
388.0 5.8515625
389.0 5.765625
390.0 5.515625
391.0 5.7109375
392.0 2.328125
393.0 9.328125
394.0 5.8203125
395.0 5.796875
396.0 5.6796875
397.0 5.6796875
398.0 1.28125
399.0 9.7890625
400.0 5.78125
401.0 6.1796875
402.0 6.3203125
403.0 6.0625
404.0 6.2421875
405.0 5.765625
406.0 5.765625
407.0 5.8828125
408.0 6.0859375
409.0 5.7890625
410.0 5.765625
411.0 6.09375
412.0 5.8828125
413.0 5.9375
414.0 5.796875
415.0 5.6796875
416.0 4.8984375
417.0 6.8046875
418.0 4.1328125
419.0 7.6875
420.0 5.703125
421.0 6.0390625
422.0 5.78125
423.0 5.6171875
424.0 5.703125
425.0 6.0078125
426.0 5.9765625
427.0 6.234375
428.0 6.140625
429.0 6.1171875
430.0 6.0078125
431.0 6.296875
432.0 5.046875
433.0 7.34375
434.0 6.0234375
435.0 6.09375
436.0 3.921875
437.0 7.796875
438.0 5.8828125
439.0 6.0546875
440.0 6.0625
441.0 6.125
442.0 6.109375
443.0 5.9921875
444.0 6.2421875
445.0 6.0859375
446.0 5.9453125
447.0 5.9296875
448.0 4.0234375
449.0 7.671875
450.0 6.0546875
451.0 5.84375
452.0 5.7109375
453.0 3.4140625
454.0 8.3203125
455.0 5.828125
456.0 5.9140625
457.0 5.859375
458.0 5.96875
459.0 5.8828125
460.0 5.796875
461.0 5.8203125
462.0 5.890625
463.0 5.859375
464.0 5.9140625
465.0 2.7734375
466.0 9.265625
467.0 6.09375
468.0 6.0390625
469.0 6.109375
470.0 1.796875
471.0 10.4453125
472.0 6.0859375
473.0 5.9609375
474.0 6.0390625
475.0 6.3671875
476.0 6.03125
477.0 6.0546875
478.0 5.7890625
479.0 5.9765625
480.0 5.453125
481.0 5.734375
482.0 6.03125
483.0 1.6875
484.0 10.3984375
485.0 5.890625
486.0 6.125
487.0 5.9296875
488.0 6.09375
489.0 6.2890625
490.0 5.8203125
491.0 5.1953125
492.0 6.203125
493.0 6.171875
494.0 6.234375
495.0 5.8125
496.0 5.859375
497.0 0.9140625
498.0 10.5
499.0 6.03125
500.0 5.8828125
501.0 5.75
502.0 6.0078125
503.0 5.9140625
504.0 5.875
505.0 5.9921875
506.0 6.2265625
507.0 6.03125
508.0 6.1484375
509.0 4.71875
510.0 7.4375
511.0 6.296875
512.0 6.3046875
513.0 6.3203125
514.0 6.2421875
515.0 5.6796875
516.0 6.6328125
517.0 5.90625
518.0 5.8515625
519.0 5.9609375
520.0 5.875
521.0 5.9765625
522.0 6.125
523.0 5.96875
524.0 5.9375
525.0 5.875
526.0 5.90625
527.0 6.0078125
528.0 6.03125
529.0 2.4296875
530.0 9.1875
531.0 6.1796875
532.0 6.125
533.0 1.5
534.0 10.3671875
535.0 6.078125
536.0 3.8046875
537.0 7.6015625
538.0 5.703125
539.0 5.9609375
540.0 4.0
541.0 6.84375
542.0 5.703125
543.0 6.265625
544.0 6.09375
545.0 6.5546875
546.0 6.125
547.0 6.109375
548.0 6.0859375
549.0 6.203125
550.0 5.859375
551.0 5.90625
552.0 5.734375
553.0 6.15625
554.0 5.96875
555.0 6.5703125
556.0 6.296875
557.0 6.265625
558.0 1.890625
559.0 10.953125
560.0 6.2890625
561.0 6.140625
562.0 6.125
563.0 3.671875
564.0 9.078125
565.0 6.2890625
566.0 4.5
567.0 8.46875
568.0 4.421875
569.0 7.765625
570.0 3.8828125
571.0 8.2265625
572.0 6.515625
573.0 6.328125
574.0 6.40625
575.0 6.3828125
576.0 4.4140625
577.0 8.078125
578.0 5.8203125
579.0 6.484375
580.0 5.9296875
581.0 5.90625
582.0 6.328125
583.0 6.6640625
584.0 6.5
585.0 6.5859375
586.0 5.703125
587.0 5.765625
588.0 5.9921875
589.0 5.96875
590.0 6.359375
591.0 1.734375
592.0 9.8203125
593.0 3.671875
594.0 3.515625
595.0 2.296875
596.0 7.8984375
597.0 6.6796875
598.0 6.8671875
599.0 6.296875
