0.0 4.328125
1.0 1.1328125
2.0 7.5234375
3.0 4.2421875
4.0 3.53125
5.0 5.1015625
6.0 4.1875
7.0 4.1171875
8.0 4.125
9.0 4.1171875
10.0 4.296875
11.0 4.265625
12.0 4.3828125
13.0 4.28125
14.0 4.265625
15.0 4.1875
16.0 4.3203125
17.0 4.21875
18.0 2.6875
19.0 5.9140625
20.0 4.1875
21.0 4.3046875
22.0 4.296875
23.0 4.3046875
24.0 3.28125
25.0 4.984375
26.0 4.2421875
27.0 4.21875
28.0 4.484375
29.0 4.3671875
30.0 4.2421875
31.0 4.3984375
32.0 4.2734375
33.0 4.453125
34.0 4.265625
35.0 4.21875
36.0 4.265625
37.0 4.3046875
38.0 4.25
39.0 4.2421875
40.0 4.3203125
41.0 4.203125
42.0 4.0703125
43.0 1.3515625
44.0 6.8671875
45.0 4.265625
46.0 4.1796875
47.0 4.1796875
48.0 3.203125
49.0 5.078125
50.0 4.0546875
51.0 4.3203125
52.0 4.296875
53.0 4.0625
54.0 3.0390625
55.0 3.1171875
56.0 3.1328125
57.0 3.0859375
58.0 3.0390625
59.0 2.8984375
60.0 2.90625
61.0 2.890625
62.0 0.1953125
63.0 6.0390625
64.0 3.140625
65.0 3.0859375
66.0 3.109375
67.0 2.9921875
68.0 0.46875
69.0 5.6015625
70.0 3.1328125
71.0 3.25
72.0 3.0
73.0 3.0703125
74.0 3.0390625
75.0 2.890625
76.0 2.9921875
77.0 2.84375
78.0 2.96875
79.0 3.0390625
80.0 2.921875
81.0 0.0
82.0 6.2109375
83.0 3.4140625
84.0 3.0
85.0 2.921875
86.0 3.1796875
87.0 4.0859375
88.0 2.5390625
89.0 1.5390625
90.0 6.453125
91.0 2.96875
92.0 3.4296875
93.0 2.984375
94.0 2.8671875
95.0 3.4921875
96.0 3.5546875
97.0 4.03125
98.0 3.9921875
99.0 3.4296875
100.0 3.0234375
101.0 2.9296875
102.0 1.1953125
103.0 5.875
104.0 3.921875
105.0 3.96875
106.0 3.90625
107.0 3.9921875
108.0 3.953125
109.0 3.578125
110.0 2.9296875
111.0 2.8515625
112.0 2.984375
113.0 3.109375
114.0 2.90625
115.0 2.90625
116.0 2.9296875
117.0 2.953125
118.0 2.984375
119.0 1.0625
120.0 2.1796875
121.0 6.78125
122.0 3.1484375
123.0 3.171875
124.0 2.984375
125.0 1.890625
126.0 5.3828125
127.0 3.8828125
128.0 4.03125
129.0 3.890625
130.0 3.9453125
131.0 4.03125
132.0 4.1015625
133.0 4.0078125
134.0 4.09375
135.0 4.1328125
136.0 4.1328125
137.0 4.1328125
138.0 3.9453125
139.0 1.328125
140.0 6.9453125
141.0 3.875
142.0 3.96875
143.0 2.328125
144.0 6.03125
145.0 4.15625
146.0 4.0
147.0 3.953125
148.0 3.953125
149.0 3.9921875
150.0 4.0078125
151.0 3.7890625
152.0 4.09375
153.0 4.1171875
154.0 4.234375
155.0 4.265625
156.0 4.1171875
157.0 0.9296875
158.0 7.046875
159.0 4.0859375
160.0 4.09375
161.0 4.203125
162.0 4.1171875
163.0 2.71875
164.0 5.578125
165.0 4.0390625
166.0 4.1015625
167.0 4.234375
168.0 4.1015625
169.0 4.234375
170.0 4.0
171.0 4.1328125
172.0 4.234375
173.0 4.265625
174.0 4.3671875
175.0 4.3046875
176.0 2.3046875
177.0 6.2890625
178.0 4.265625
179.0 4.203125
180.0 4.3515625
181.0 4.1171875
182.0 2.5625
183.0 5.7265625
184.0 4.0859375
185.0 4.1328125
186.0 4.203125
187.0 4.1015625
188.0 4.265625
189.0 4.2734375
190.0 3.8828125
191.0 4.0546875
192.0 4.359375
193.0 4.359375
194.0 4.25
195.0 4.0546875
196.0 0.0
197.0 8.6171875
198.0 3.9765625
199.0 4.1328125
200.0 0.640625
201.0 7.5390625
202.0 4.21875
203.0 3.875
204.0 4.0078125
205.0 3.84375
206.0 4.2109375
207.0 4.171875
208.0 4.203125
209.0 4.1875
210.0 4.1171875
211.0 4.125
212.0 4.2421875
213.0 2.8515625
214.0 5.3125
215.0 4.2734375
216.0 4.2109375
217.0 3.90625
218.0 4.0
219.0 4.0078125
220.0 4.2734375
221.0 0.484375
222.0 7.2890625
223.0 3.2578125
224.0 3.6796875
225.0 3.96875
226.0 4.203125
227.0 4.2734375
228.0 4.1875
229.0 4.1875
230.0 4.171875
231.0 3.9921875
232.0 4.1328125
233.0 4.1875
234.0 4.25
235.0 4.3671875
236.0 4.0546875
237.0 4.09375
238.0 4.3046875
239.0 0.6328125
240.0 8.1171875
241.0 4.15625
242.0 4.21875
243.0 0.0390625
244.0 8.765625
245.0 4.296875
246.0 4.21875
247.0 4.2734375
248.0 1.96875
249.0 6.796875
250.0 4.390625
251.0 4.296875
252.0 4.25
253.0 4.3828125
254.0 4.21875
255.0 4.1796875
256.0 3.96875
257.0 3.9140625
258.0 4.3203125
259.0 4.3515625
260.0 4.328125
261.0 4.1484375
262.0 2.375
263.0 6.3046875
264.0 3.2265625
265.0 5.375
266.0 4.2421875
267.0 4.4765625
268.0 4.1484375
269.0 4.3515625
270.0 4.1171875
271.0 4.3359375
272.0 4.4296875
273.0 4.15625
274.0 4.09375
275.0 4.28125
276.0 4.515625
277.0 4.46875
278.0 3.328125
279.0 5.484375
280.0 2.59375
281.0 5.8203125
282.0 4.2421875
283.0 4.21875
284.0 4.265625
285.0 2.4765625
286.0 2.4140625
287.0 1.765625
288.0 1.609375
289.0 1.4140625
290.0 3.7578125
291.0 4.3203125
292.0 4.125
293.0 4.4296875
294.0 3.640625
295.0 0.609375
296.0 8.921875
297.0 4.28125
298.0 4.3828125
299.0 4.421875
300.0 1.5625
301.0 6.9765625
302.0 4.1328125
303.0 4.3046875
304.0 4.25
305.0 4.1484375
306.0 4.2109375
307.0 4.2421875
308.0 4.203125
309.0 4.2109375
310.0 4.28125
311.0 4.1484375
312.0 4.125
313.0 1.859375
314.0 6.6328125
315.0 4.0234375
316.0 4.1484375
317.0 4.3515625
318.0 4.296875
319.0 3.0859375
320.0 5.640625
321.0 4.2421875
322.0 4.390625
323.0 4.1328125
324.0 4.1875
325.0 4.359375
326.0 4.296875
327.0 4.28125
328.0 4.2734375
329.0 4.21875
330.0 4.203125
331.0 4.1328125
332.0 4.125
333.0 0.3046875
334.0 8.2421875
335.0 4.28125
336.0 4.296875
337.0 4.3515625
338.0 2.9921875
339.0 5.515625
340.0 4.4296875
341.0 4.390625
342.0 4.4453125
343.0 4.2734375
344.0 4.3046875
345.0 4.03125
346.0 4.125
347.0 3.5546875
348.0 2.8125
349.0 4.15625
350.0 4.265625
351.0 2.0703125
352.0 6.453125
353.0 4.125
354.0 4.0390625
355.0 3.96875
356.0 3.9375
357.0 4.1015625
358.0 4.1796875
359.0 4.1484375
360.0 4.3359375
361.0 4.3046875
362.0 4.0859375
363.0 4.1171875
364.0 4.2109375
365.0 2.8359375
366.0 5.703125
367.0 4.1484375
368.0 4.28125
369.0 4.28125
370.0 4.1015625
371.0 4.1875
372.0 3.0703125
373.0 0.0
374.0 5.3203125
375.0 2.8984375
376.0 4.03125
377.0 4.1015625
378.0 3.96875
379.0 4.0625
380.0 4.1171875
381.0 3.96875
382.0 4.21875
383.0 4.1484375
384.0 4.1484375
385.0 4.15625
386.0 3.9140625
387.0 3.8515625
388.0 3.6796875
389.0 3.796875
390.0 3.9453125
391.0 4.0
392.0 3.8828125
393.0 4.0
394.0 4.171875
395.0 3.953125
396.0 3.9140625
397.0 3.7890625
398.0 3.765625
399.0 1.984375
400.0 5.2265625
401.0 4.0390625
402.0 4.1796875
403.0 4.0703125
404.0 3.9921875
405.0 4.125
406.0 4.0703125
407.0 3.953125
408.0 4.0390625
409.0 0.0
410.0 8.5234375
411.0 4.0390625
412.0 4.125
413.0 4.1171875
414.0 4.296875
415.0 4.234375
416.0 4.3203125
417.0 0.328125
418.0 8.0625
419.0 4.296875
420.0 4.4453125
421.0 4.28125
422.0 4.2734375
423.0 4.09375
424.0 4.234375
425.0 4.25
426.0 4.0546875
427.0 3.5234375
428.0 3.796875
429.0 4.15625
430.0 2.296875
431.0 5.46875
432.0 3.515625
433.0 4.15625
434.0 0.6171875
435.0 7.3671875
436.0 3.0703125
437.0 4.0703125
438.0 4.3203125
439.0 4.21875
440.0 4.28125
441.0 4.390625
442.0 4.390625
443.0 4.265625
444.0 4.390625
445.0 4.3671875
446.0 4.265625
447.0 4.0625
448.0 2.1484375
449.0 0.0
450.0 7.4296875
451.0 4.0234375
452.0 3.9765625
453.0 4.25
454.0 4.390625
455.0 0.9375
456.0 7.609375
457.0 4.25
458.0 4.3671875
459.0 4.4140625
460.0 4.53125
461.0 4.390625
462.0 4.328125
463.0 4.3359375
464.0 4.359375
465.0 4.3203125
466.0 4.5625
467.0 4.1875
468.0 1.03125
469.0 7.3671875
470.0 4.234375
471.0 4.265625
472.0 4.2421875
473.0 4.265625
474.0 4.296875
475.0 3.953125
476.0 0.0
477.0 8.828125
478.0 4.390625
479.0 4.3828125
480.0 4.421875
481.0 4.3046875
482.0 4.265625
483.0 4.1875
484.0 4.3515625
485.0 4.3671875
486.0 4.2421875
487.0 4.3828125
488.0 4.265625
489.0 0.5078125
490.0 8.046875
491.0 4.2734375
492.0 4.2734375
493.0 4.296875
494.0 4.1796875
495.0 2.0625
496.0 6.3203125
497.0 4.3046875
498.0 4.3203125
499.0 4.2421875
500.0 4.296875
501.0 4.5
502.0 4.3828125
503.0 4.28125
504.0 4.2421875
505.0 4.203125
506.0 4.3046875
507.0 4.1015625
508.0 2.234375
509.0 6.203125
510.0 4.0546875
511.0 4.203125
512.0 3.9453125
513.0 3.953125
514.0 1.953125
515.0 6.0546875
516.0 3.921875
517.0 4.0078125
518.0 3.7734375
519.0 3.828125
520.0 4.0078125
521.0 3.9453125
522.0 3.921875
523.0 3.9765625
524.0 4.0078125
525.0 3.953125
526.0 4.0703125
527.0 4.0625
528.0 0.0
529.0 8.1640625
530.0 4.0390625
531.0 3.9453125
532.0 4.09375
533.0 2.046875
534.0 6.0859375
535.0 4.1015625
536.0 4.0234375
537.0 4.0703125
538.0 4.171875
539.0 4.0078125
540.0 4.1171875
541.0 4.1015625
542.0 4.1015625
543.0 4.1796875
544.0 4.0234375
545.0 4.0
546.0 1.296875
547.0 6.890625
548.0 4.1484375
549.0 4.1875
550.0 4.09375
551.0 4.15625
552.0 4.09375
553.0 3.5234375
554.0 4.9453125
555.0 4.15625
556.0 4.2109375
557.0 4.3671875
558.0 4.3515625
559.0 4.1875
560.0 4.0703125
561.0 4.1875
562.0 4.2734375
563.0 4.1171875
564.0 4.2109375
565.0 4.234375
566.0 4.28125
567.0 0.2734375
568.0 7.984375
569.0 3.953125
570.0 3.953125
571.0 4.15625
572.0 4.3359375
573.0 4.171875
574.0 1.8359375
575.0 6.59375
576.0 4.2109375
577.0 4.328125
578.0 4.25
579.0 4.125
580.0 4.3671875
581.0 4.296875
582.0 4.265625
583.0 4.296875
584.0 4.4296875
585.0 4.2421875
586.0 4.1875
587.0 4.125
588.0 0.0
589.0 8.375
590.0 4.0625
591.0 0.109375
592.0 7.9375
593.0 4.1875
594.0 4.3828125
595.0 4.28125
596.0 4.46875
597.0 4.265625
598.0 4.0703125
599.0 4.03125
