0.0 4.5390625
1.0 4.65625
2.0 4.390625
3.0 4.6328125
4.0 4.3203125
5.0 4.2109375
6.0 2.5625
7.0 0.0
8.0 8.5703125
9.0 4.4453125
10.0 4.546875
11.0 4.6796875
12.0 4.6328125
13.0 0.328125
14.0 8.703125
15.0 2.7421875
16.0 6.109375
17.0 4.1796875
18.0 4.5
19.0 4.0703125
20.0 4.4140625
21.0 4.2109375
22.0 4.296875
23.0 4.4453125
24.0 4.3671875
25.0 4.2734375
26.0 4.53125
27.0 4.5078125
28.0 4.625
29.0 4.2421875
30.0 4.1875
31.0 4.921875
32.0 4.6328125
33.0 4.6015625
34.0 4.3046875
35.0 3.515625
36.0 3.578125
37.0 4.3515625
38.0 4.3046875
39.0 0.734375
40.0 7.6171875
41.0 2.7109375
42.0 6.2421875
43.0 4.3671875
44.0 4.53125
45.0 4.453125
46.0 4.546875
47.0 4.7265625
48.0 4.75
49.0 4.625
50.0 4.5703125
51.0 4.359375
52.0 4.3671875
53.0 4.546875
54.0 4.578125
55.0 3.34375
56.0 0.0
57.0 8.671875
58.0 4.875
59.0 4.28125
60.0 4.59375
61.0 4.7421875
62.0 3.2890625
63.0 0.0
64.0 8.3125
65.0 3.8203125
66.0 4.3828125
67.0 4.4453125
68.0 4.7109375
69.0 4.5078125
70.0 4.296875
71.0 3.4765625
72.0 3.5
73.0 4.125
74.0 4.421875
75.0 1.0859375
76.0 7.2578125
77.0 4.5
78.0 4.71875
79.0 4.6640625
80.0 4.859375
81.0 4.75
82.0 2.8046875
83.0 6.6015625
84.0 4.5390625
85.0 4.6015625
86.0 3.328125
87.0 6.1875
88.0 4.6328125
89.0 4.890625
90.0 4.9609375
91.0 4.921875
92.0 4.7265625
93.0 4.84375
94.0 4.8046875
95.0 4.859375
96.0 4.390625
97.0 3.65625
98.0 2.6015625
99.0 3.4140625
100.0 4.5
101.0 0.4375
102.0 8.1953125
103.0 3.84375
104.0 4.21875
105.0 4.1171875
106.0 5.015625
107.0 4.28125
108.0 2.0078125
109.0 2.375
110.0 3.0546875
111.0 2.0
112.0 0.0
113.0 6.53125
114.0 0.421875
115.0 0.0
116.0 1.3515625
117.0 2.0
118.0 3.7265625
119.0 4.171875
120.0 4.171875
121.0 3.140625
122.0 3.90625
123.0 4.21875
124.0 4.3984375
125.0 5.015625
126.0 4.6953125
127.0 0.1953125
128.0 7.0078125
129.0 3.4296875
130.0 4.53125
131.0 4.3203125
132.0 4.6484375
133.0 3.875
134.0 3.8515625
135.0 3.7578125
136.0 3.5
137.0 5.2578125
138.0 5.3671875
139.0 3.6171875
140.0 7.1640625
141.0 5.5625
142.0 5.234375
143.0 1.53125
144.0 8.3515625
145.0 4.7421875
146.0 4.5703125
147.0 5.140625
148.0 4.3046875
149.0 4.4453125
150.0 3.953125
151.0 4.3984375
152.0 4.2421875
153.0 3.3125
154.0 3.765625
155.0 2.0625
156.0 5.0859375
157.0 3.1484375
158.0 2.6953125
159.0 3.546875
160.0 3.5234375
161.0 3.8515625
162.0 4.3046875
163.0 4.4765625
164.0 4.4453125
165.0 4.03125
166.0 4.5
167.0 3.65625
168.0 0.0
169.0 7.765625
170.0 4.453125
171.0 4.828125
172.0 4.953125
173.0 4.515625
174.0 3.625
175.0 6.296875
176.0 4.984375
177.0 5.21875
178.0 5.0703125
179.0 4.65625
180.0 4.6640625
181.0 5.3828125
182.0 4.6484375
183.0 5.5546875
184.0 5.9453125
185.0 4.953125
186.0 4.953125
187.0 3.1171875
188.0 6.0625
189.0 4.5390625
190.0 4.5
191.0 4.390625
192.0 4.3984375
193.0 4.453125
194.0 4.609375
195.0 0.3046875
196.0 9.1796875
197.0 4.8359375
198.0 4.359375
199.0 4.6875
200.0 4.6875
201.0 5.1875
202.0 5.1015625
203.0 4.3671875
204.0 4.875
205.0 4.65625
206.0 3.8046875
207.0 3.28125
208.0 4.296875
209.0 4.8046875
210.0 4.7421875
211.0 4.0703125
212.0 5.15625
213.0 4.921875
214.0 2.71875
215.0 7.6171875
216.0 5.3125
217.0 4.9296875
218.0 4.8046875
219.0 4.7734375
220.0 2.9375
221.0 6.78125
222.0 5.234375
223.0 5.46875
224.0 5.484375
225.0 5.421875
226.0 5.1328125
227.0 5.734375
228.0 5.4921875
229.0 5.8828125
230.0 5.609375
231.0 5.9609375
232.0 5.25
233.0 4.0390625
234.0 3.265625
235.0 3.796875
236.0 5.6328125
237.0 4.5625
238.0 4.9921875
239.0 5.671875
240.0 5.8203125
241.0 4.609375
242.0 5.8828125
243.0 5.1953125
244.0 4.53125
245.0 5.0546875
246.0 5.515625
247.0 5.234375
248.0 2.8203125
249.0 7.6015625
250.0 5.109375
251.0 4.4453125
252.0 4.546875
253.0 3.890625
254.0 4.4765625
255.0 5.171875
256.0 4.71875
257.0 5.3046875
258.0 5.6796875
259.0 4.9765625
260.0 5.484375
261.0 2.8125
262.0 7.1640625
263.0 4.84375
264.0 4.65625
265.0 4.6875
266.0 4.9765625
267.0 4.546875
268.0 3.0
269.0 6.2421875
270.0 4.9921875
271.0 5.1328125
272.0 5.015625
273.0 4.3515625
274.0 4.9921875
275.0 4.90625
276.0 5.109375
277.0 4.859375
278.0 4.625
279.0 5.2578125
280.0 3.9765625
281.0 4.9296875
282.0 5.1875
283.0 5.1640625
284.0 4.9453125
285.0 4.9609375
286.0 4.390625
287.0 0.0
288.0 7.1796875
289.0 1.171875
290.0 4.8671875
291.0 3.2265625
292.0 5.0703125
293.0 3.8828125
294.0 4.1796875
295.0 3.3828125
296.0 4.65625
297.0 4.53125
298.0 5.203125
299.0 5.2265625
300.0 5.3671875
301.0 4.390625
302.0 5.1640625
303.0 5.4296875
304.0 3.9453125
305.0 5.5859375
306.0 4.7578125
307.0 5.6484375
308.0 5.484375
309.0 5.421875
310.0 4.1484375
311.0 0.1796875
312.0 9.890625
313.0 5.1875
314.0 4.7109375
315.0 2.1015625
316.0 6.2578125
317.0 2.7265625
318.0 7.4296875
319.0 5.40625
320.0 5.1640625
321.0 4.609375
322.0 4.4453125
323.0 5.28125
324.0 5.8203125
325.0 5.640625
326.0 5.3984375
327.0 5.40625
328.0 5.0390625
329.0 4.03125
330.0 3.828125
331.0 4.625
332.0 0.9296875
333.0 6.5859375
334.0 0.765625
335.0 0.8203125
336.0 2.1640625
337.0 1.234375
338.0 0.0
339.0 5.5234375
340.0 2.4921875
341.0 3.46875
342.0 4.46875
343.0 4.6875
344.0 4.59375
345.0 5.046875
346.0 5.40625
347.0 5.34375
348.0 5.34375
349.0 4.6328125
350.0 1.4921875
351.0 5.0390625
352.0 4.9921875
353.0 4.8671875
354.0 5.015625
355.0 4.984375
356.0 4.3359375
357.0 4.6328125
358.0 4.9296875
359.0 5.15625
360.0 5.828125
361.0 5.5859375
362.0 4.9453125
363.0 2.34375
364.0 0.2421875
365.0 9.6953125
366.0 5.1953125
367.0 4.6875
368.0 4.71875
369.0 5.5
370.0 5.28125
371.0 4.1328125
372.0 0.0
373.0 6.515625
374.0 3.4765625
375.0 2.984375
376.0 2.7265625
377.0 3.703125
378.0 2.625
379.0 3.4609375
380.0 4.1328125
381.0 4.3515625
382.0 4.8359375
383.0 4.828125
384.0 2.03125
385.0 5.9609375
386.0 4.7578125
387.0 4.296875
388.0 4.0625
389.0 3.875
390.0 3.671875
391.0 4.6328125
392.0 5.0078125
393.0 4.9921875
394.0 4.78125
395.0 4.71875
396.0 4.953125
397.0 3.9453125
398.0 0.0
399.0 8.328125
400.0 4.1796875
401.0 4.9296875
402.0 4.4453125
403.0 5.078125
404.0 5.078125
405.0 3.234375
406.0 5.9765625
407.0 4.5390625
408.0 4.4765625
409.0 5.0859375
410.0 4.9765625
411.0 4.8671875
412.0 4.6796875
413.0 4.8984375
414.0 5.6328125
415.0 5.453125
416.0 5.3046875
417.0 5.375
418.0 5.15625
419.0 1.8671875
420.0 7.8984375
421.0 4.90625
422.0 5.6484375
423.0 5.109375
424.0 2.234375
425.0 7.0390625
426.0 4.9609375
427.0 5.0390625
428.0 4.9453125
429.0 5.1328125
430.0 5.3984375
431.0 5.1640625
432.0 5.015625
433.0 4.7578125
434.0 5.078125
435.0 5.3125
436.0 5.25
437.0 5.0859375
438.0 1.3203125
439.0 8.6796875
440.0 5.109375
441.0 5.2578125
442.0 5.28125
443.0 5.046875
444.0 2.1484375
445.0 8.4609375
446.0 5.0859375
447.0 4.6953125
448.0 4.546875
449.0 4.609375
450.0 4.2734375
451.0 4.53125
452.0 5.5546875
453.0 4.984375
454.0 4.9453125
455.0 4.6796875
456.0 4.5390625
457.0 0.3046875
458.0 9.3984375
459.0 4.5078125
460.0 4.8671875
461.0 4.9609375
462.0 3.1015625
463.0 7.1640625
464.0 4.6015625
465.0 4.8046875
466.0 5.015625
467.0 4.2734375
468.0 4.7109375
469.0 4.7578125
470.0 4.984375
471.0 3.1328125
472.0 6.796875
473.0 4.6640625
474.0 4.4765625
475.0 2.96875
476.0 7.78125
477.0 5.140625
478.0 4.0546875
479.0 2.0390625
480.0 4.28125
481.0 4.7265625
482.0 4.3984375
483.0 2.7578125
484.0 6.9296875
485.0 5.15625
486.0 4.6953125
487.0 4.390625
488.0 4.90625
489.0 5.0859375
490.0 5.25
491.0 5.234375
492.0 5.3203125
493.0 4.8984375
494.0 4.875
495.0 4.921875
496.0 5.140625
497.0 3.28125
498.0 7.8984375
499.0 2.546875
500.0 3.859375
501.0 3.25
502.0 7.140625
503.0 5.2734375
504.0 3.8515625
505.0 5.9765625
506.0 5.8125
507.0 5.421875
508.0 5.6171875
509.0 5.3984375
510.0 6.109375
511.0 5.4296875
512.0 5.46875
513.0 5.21875
514.0 5.0390625
515.0 3.6171875
516.0 6.3046875
517.0 1.34375
518.0 8.0234375
519.0 3.2265625
520.0 7.1328125
521.0 4.484375
522.0 3.953125
523.0 4.2734375
524.0 3.3671875
525.0 2.640625
526.0 2.75
527.0 2.4140625
528.0 2.2421875
529.0 2.15625
530.0 2.96875
531.0 5.578125
532.0 5.859375
533.0 5.125
534.0 6.265625
535.0 5.15625
536.0 5.046875
537.0 5.5
538.0 5.0859375
539.0 5.3359375
540.0 4.90625
541.0 5.46875
542.0 4.6484375
543.0 4.28125
544.0 4.6328125
545.0 5.171875
546.0 5.3203125
547.0 2.890625
548.0 6.59375
549.0 4.15625
550.0 3.375
551.0 4.0390625
552.0 4.296875
553.0 4.4765625
554.0 4.171875
555.0 3.875
556.0 4.484375
557.0 4.3828125
558.0 5.28125
559.0 3.4296875
560.0 0.7578125
561.0 0.0
562.0 0.0
563.0 7.8359375
564.0 3.953125
565.0 4.9921875
566.0 5.765625
567.0 5.875
568.0 5.6796875
569.0 2.2421875
570.0 6.3828125
571.0 4.625
572.0 4.234375
573.0 5.15625
574.0 5.5625
575.0 5.0390625
576.0 4.84375
577.0 5.3515625
578.0 5.46875
579.0 5.5
580.0 5.9921875
581.0 5.7265625
582.0 5.15625
583.0 2.3984375
584.0 6.921875
585.0 5.171875
586.0 5.546875
587.0 5.4296875
588.0 2.8046875
589.0 7.6875
590.0 5.6484375
591.0 5.28125
592.0 5.796875
593.0 5.9921875
594.0 4.9609375
595.0 5.3203125
596.0 4.4296875
597.0 4.4296875
598.0 4.6328125
599.0 4.6640625
