0.0 4.7265625
1.0 4.6015625
2.0 4.71875
3.0 4.6953125
4.0 4.875
5.0 4.9453125
6.0 4.578125
7.0 4.59375
8.0 4.9296875
9.0 4.625
10.0 4.0078125
11.0 4.515625
12.0 4.515625
13.0 4.484375
14.0 4.5390625
15.0 4.453125
16.0 4.8046875
17.0 4.6015625
18.0 4.6875
19.0 1.4921875
20.0 8.1484375
21.0 4.6875
22.0 4.3203125
23.0 4.328125
24.0 4.515625
25.0 4.4765625
26.0 4.7578125
27.0 4.6796875
28.0 4.6953125
29.0 4.5
30.0 4.6640625
31.0 3.890625
32.0 4.859375
33.0 4.3984375
34.0 4.6484375
35.0 4.59375
36.0 4.234375
37.0 4.921875
38.0 4.4453125
39.0 4.2421875
40.0 4.5625
41.0 4.4296875
42.0 4.3828125
43.0 4.359375
44.0 4.609375
45.0 4.8125
46.0 2.15625
47.0 6.921875
48.0 1.5703125
49.0 4.515625
50.0 4.53125
51.0 4.828125
52.0 4.7265625
53.0 4.828125
54.0 4.609375
55.0 3.578125
56.0 5.3984375
57.0 4.71875
58.0 4.484375
59.0 4.59375
60.0 4.5625
61.0 4.609375
62.0 4.546875
63.0 4.171875
64.0 4.3671875
65.0 4.5625
66.0 4.484375
67.0 4.5703125
68.0 2.453125
69.0 6.765625
70.0 4.6328125
71.0 4.6875
72.0 4.6796875
73.0 4.6015625
74.0 4.578125
75.0 4.421875
76.0 0.7890625
77.0 7.78125
78.0 4.4765625
79.0 4.4453125
80.0 4.4765625
81.0 4.5078125
82.0 4.3359375
83.0 4.15625
84.0 4.5703125
85.0 4.0078125
86.0 3.25
87.0 5.4921875
88.0 4.625
89.0 4.453125
90.0 4.3828125
91.0 4.546875
92.0 4.03125
93.0 4.3359375
94.0 4.1875
95.0 4.0625
96.0 4.0859375
97.0 4.2421875
98.0 3.8046875
99.0 4.3359375
100.0 4.234375
101.0 4.171875
102.0 4.1796875
103.0 4.578125
104.0 4.3828125
105.0 4.4296875
106.0 4.4765625
107.0 1.359375
108.0 7.6015625
109.0 4.4296875
110.0 4.171875
111.0 4.0546875
112.0 4.265625
113.0 1.390625
114.0 7.2890625
115.0 4.171875
116.0 4.3515625
117.0 3.875
118.0 3.9140625
119.0 3.3203125
120.0 3.578125
121.0 4.1796875
122.0 4.1015625
123.0 4.1875
124.0 4.0625
125.0 4.0078125
126.0 4.125
127.0 2.640625
128.0 1.28125
129.0 8.5
130.0 4.1484375
131.0 4.328125
132.0 0.9140625
133.0 7.546875
134.0 4.1796875
135.0 3.65625
136.0 3.796875
137.0 3.859375
138.0 3.828125
139.0 4.0
140.0 1.265625
141.0 6.84375
142.0 4.0234375
143.0 3.8046875
144.0 3.6484375
145.0 3.9765625
146.0 4.1484375
147.0 4.21875
148.0 4.15625
149.0 3.046875
150.0 5.46875
151.0 4.359375
152.0 2.8671875
153.0 5.4375
154.0 4.15625
155.0 4.171875
156.0 4.6484375
157.0 4.546875
158.0 4.71875
159.0 4.8671875
160.0 4.28125
161.0 4.5703125
162.0 4.5390625
163.0 4.5703125
164.0 4.59375
165.0 4.5390625
166.0 4.53125
167.0 1.3515625
168.0 7.4375
169.0 2.84375
170.0 2.328125
171.0 0.0
172.0 5.515625
173.0 0.703125
174.0 6.59375
175.0 4.0234375
176.0 4.296875
177.0 4.3359375
178.0 4.53125
179.0 3.8046875
180.0 4.234375
181.0 3.9140625
182.0 4.1015625
183.0 2.7109375
184.0 5.203125
185.0 4.03125
186.0 4.0
187.0 4.6015625
188.0 4.1015625
189.0 4.25
190.0 4.0390625
191.0 4.03125
192.0 3.953125
193.0 3.96875
194.0 4.0
195.0 4.0
196.0 3.953125
197.0 3.0390625
198.0 3.875
199.0 3.2890625
200.0 3.65625
201.0 3.6484375
202.0 3.640625
203.0 3.8046875
204.0 3.921875
205.0 4.03125
206.0 3.703125
207.0 3.9375
208.0 3.890625
209.0 3.9140625
210.0 3.6796875
211.0 0.6171875
212.0 7.3671875
213.0 4.1328125
214.0 3.875
215.0 4.1484375
216.0 1.171875
217.0 5.140625
218.0 2.78125
219.0 3.921875
220.0 3.828125
221.0 3.9765625
222.0 4.1328125
223.0 1.28125
224.0 7.0625
225.0 1.2109375
226.0 6.3671875
227.0 3.796875
228.0 3.96875
229.0 3.9453125
230.0 3.8046875
231.0 3.46875
232.0 3.1328125
233.0 3.6953125
234.0 4.265625
235.0 4.484375
236.0 4.25
237.0 4.5078125
238.0 4.578125
239.0 4.2734375
240.0 4.4453125
241.0 4.4140625
242.0 3.953125
243.0 3.1171875
244.0 0.0
245.0 7.71875
246.0 3.859375
247.0 4.0390625
248.0 4.03125
249.0 4.0390625
250.0 4.1171875
251.0 2.4140625
252.0 5.8515625
253.0 4.578125
254.0 4.0859375
255.0 4.171875
256.0 4.1796875
257.0 4.0078125
258.0 4.03125
259.0 4.359375
260.0 4.453125
261.0 4.6875
262.0 4.65625
263.0 4.5
264.0 4.171875
265.0 2.4453125
266.0 5.6171875
267.0 2.21875
268.0 3.375
269.0 4.1328125
270.0 4.265625
271.0 4.390625
272.0 4.0234375
273.0 4.359375
274.0 4.453125
275.0 4.2421875
276.0 4.203125
277.0 3.8828125
278.0 4.390625
279.0 4.4453125
280.0 4.328125
281.0 3.46875
282.0 3.7734375
283.0 4.4140625
284.0 3.8046875
285.0 4.3359375
286.0 4.5
287.0 4.9921875
288.0 4.0625
289.0 4.984375
290.0 3.609375
291.0 3.921875
292.0 4.0703125
293.0 4.5390625
294.0 4.0234375
295.0 4.0
296.0 3.1484375
297.0 3.4921875
298.0 3.84375
299.0 3.5546875
300.0 4.2734375
301.0 4.1171875
302.0 3.9453125
303.0 3.90625
304.0 3.8828125
305.0 1.6875
306.0 2.8515625
307.0 7.0703125
308.0 4.0390625
309.0 3.90625
310.0 3.7265625
311.0 3.4453125
312.0 0.390625
313.0 7.96875
314.0 4.234375
315.0 4.4765625
316.0 3.2265625
317.0 3.2890625
318.0 5.40625
319.0 2.625
320.0 3.9140625
321.0 3.9453125
322.0 4.03125
323.0 3.7578125
324.0 3.875
325.0 4.09375
326.0 3.8828125
327.0 4.1796875
328.0 3.7421875
329.0 3.9453125
330.0 3.1171875
331.0 0.0
332.0 7.375
333.0 4.0703125
334.0 4.5
335.0 4.359375
336.0 4.3984375
337.0 4.15625
338.0 4.203125
339.0 4.0390625
340.0 4.4453125
341.0 4.515625
342.0 4.65625
343.0 2.2734375
344.0 6.7109375
345.0 4.75
346.0 4.6953125
347.0 4.5703125
348.0 4.5078125
349.0 4.5625
350.0 4.578125
351.0 1.078125
352.0 8.1796875
353.0 4.4765625
354.0 4.3984375
355.0 1.4921875
356.0 4.9296875
357.0 6.828125
358.0 4.03125
359.0 4.3984375
360.0 3.734375
361.0 3.4453125
362.0 4.1796875
363.0 3.7578125
364.0 3.796875
365.0 4.234375
366.0 3.84375
367.0 4.125
368.0 4.3203125
369.0 4.4140625
370.0 4.515625
371.0 4.796875
372.0 4.890625
373.0 4.7265625
374.0 0.21875
375.0 5.875
376.0 7.5703125
377.0 3.9921875
378.0 4.8359375
379.0 3.859375
380.0 3.96875
381.0 4.484375
382.0 4.5703125
383.0 1.421875
384.0 7.6171875
385.0 4.2421875
386.0 4.609375
387.0 4.453125
388.0 4.171875
389.0 3.953125
390.0 4.1484375
391.0 3.9921875
392.0 4.171875
393.0 4.3984375
394.0 4.09375
395.0 3.953125
396.0 3.703125
397.0 4.234375
398.0 1.671875
399.0 6.828125
400.0 4.3046875
401.0 4.453125
402.0 4.25
403.0 3.25
404.0 5.203125
405.0 3.734375
406.0 2.75
407.0 3.734375
408.0 4.5703125
409.0 4.3046875
410.0 4.3203125
411.0 4.3828125
412.0 4.3046875
413.0 4.5703125
414.0 4.6640625
415.0 4.6015625
416.0 4.4765625
417.0 0.9140625
418.0 8.390625
419.0 4.484375
420.0 4.625
421.0 4.3828125
422.0 2.2109375
423.0 7.1796875
424.0 4.6484375
425.0 4.609375
426.0 4.6328125
427.0 4.3671875
428.0 4.390625
429.0 4.25
430.0 4.6640625
431.0 4.328125
432.0 4.515625
433.0 4.4140625
434.0 4.2421875
435.0 0.78125
436.0 7.390625
437.0 2.0703125
438.0 2.2734375
439.0 2.1796875
440.0 3.296875
441.0 3.7734375
442.0 4.578125
443.0 4.7734375
444.0 2.3125
445.0 6.9453125
446.0 3.859375
447.0 2.4296875
448.0 2.5703125
449.0 2.0859375
450.0 2.3125
451.0 2.8203125
452.0 4.125
453.0 4.3984375
454.0 4.6640625
455.0 4.609375
456.0 4.515625
457.0 4.3671875
458.0 2.640625
459.0 0.0
460.0 6.078125
461.0 2.09375
462.0 1.8828125
463.0 1.140625
464.0 0.0
465.0 6.359375
466.0 2.5625
467.0 2.8046875
468.0 2.9609375
469.0 4.28125
470.0 4.3671875
471.0 3.9921875
472.0 4.203125
473.0 4.265625
474.0 4.359375
475.0 4.46875
476.0 0.453125
477.0 7.984375
478.0 3.5
479.0 1.2421875
480.0 6.234375
481.0 3.96875
482.0 4.1015625
483.0 3.9375
484.0 4.3671875
485.0 4.1875
486.0 4.2109375
487.0 4.2734375
488.0 4.46875
489.0 4.2109375
490.0 4.1484375
491.0 4.2734375
492.0 4.2109375
493.0 4.4453125
494.0 4.21875
495.0 4.0859375
496.0 2.421875
497.0 5.8203125
498.0 3.7421875
499.0 4.296875
500.0 4.359375
501.0 2.0703125
502.0 6.7734375
503.0 3.9921875
504.0 4.0390625
505.0 4.328125
506.0 4.3203125
507.0 4.421875
508.0 4.625
509.0 4.3984375
510.0 4.5703125
511.0 4.578125
512.0 4.0234375
513.0 5.515625
514.0 4.7109375
515.0 4.4453125
516.0 4.5703125
517.0 4.65625
518.0 4.65625
519.0 4.359375
520.0 4.71875
521.0 4.71875
522.0 4.234375
523.0 4.3359375
524.0 3.1796875
525.0 5.8125
526.0 4.4140625
527.0 4.5078125
528.0 4.4296875
529.0 4.1484375
530.0 4.1328125
531.0 4.1875
532.0 4.1484375
533.0 1.46875
534.0 7.4375
535.0 4.3515625
536.0 4.265625
537.0 4.484375
538.0 4.3203125
539.0 4.3671875
540.0 4.359375
541.0 4.0625
542.0 4.21875
543.0 4.2421875
544.0 4.2109375
545.0 4.171875
546.0 4.265625
547.0 2.875
548.0 0.0
549.0 8.296875
550.0 4.234375
551.0 3.9140625
552.0 4.2734375
553.0 3.796875
554.0 0.8515625
555.0 7.4609375
556.0 4.3984375
557.0 4.359375
558.0 4.46875
559.0 4.0703125
560.0 3.8046875
561.0 3.828125
562.0 4.3203125
563.0 3.90625
564.0 3.890625
565.0 4.328125
566.0 1.3515625
567.0 6.8046875
568.0 4.1875
569.0 3.9140625
570.0 4.2734375
571.0 4.21875
572.0 4.296875
573.0 4.3046875
574.0 4.3671875
575.0 4.03125
576.0 4.5390625
577.0 4.46875
578.0 4.546875
579.0 4.7421875
580.0 4.4453125
581.0 0.0
582.0 9.4140625
583.0 4.484375
584.0 4.46875
585.0 3.84375
586.0 5.0546875
587.0 4.546875
588.0 4.5
589.0 4.7421875
590.0 4.6484375
591.0 4.59375
592.0 4.796875
593.0 4.578125
594.0 4.65625
595.0 4.46875
596.0 4.3359375
597.0 4.3671875
598.0 4.515625
599.0 2.265625
