0.0 6.515625
1.0 6.2890625
2.0 3.8203125
3.0 5.125
4.0 5.5625
5.0 5.3828125
6.0 4.6640625
7.0 4.234375
8.0 5.25
9.0 6.0546875
10.0 6.203125
11.0 6.109375
12.0 5.6953125
13.0 6.0234375
14.0 3.8203125
15.0 0.7890625
16.0 5.4609375
17.0 5.34375
18.0 6.171875
19.0 3.625
20.0 3.015625
21.0 5.1640625
22.0 4.3984375
23.0 2.7421875
24.0 2.328125
25.0 5.4296875
26.0 3.8046875
27.0 2.625
28.0 1.2109375
29.0 7.796875
30.0 6.0859375
31.0 5.140625
32.0 4.453125
33.0 5.5546875
34.0 6.09375
35.0 6.140625
36.0 5.9765625
37.0 6.109375
38.0 6.140625
39.0 6.3671875
40.0 6.5390625
41.0 5.9375
42.0 6.234375
43.0 6.4375
44.0 6.3828125
45.0 6.359375
46.0 4.3828125
47.0 5.75
48.0 5.6171875
49.0 5.3203125
50.0 5.5
51.0 6.296875
52.0 6.4453125
53.0 6.03125
54.0 6.1171875
55.0 6.0546875
56.0 5.96875
57.0 6.3515625
58.0 4.9609375
59.0 6.265625
60.0 6.40625
61.0 6.6484375
62.0 6.59375
63.0 6.6640625
64.0 6.5390625
65.0 4.8984375
66.0 3.703125
67.0 4.9765625
68.0 4.8046875
69.0 5.734375
70.0 3.21875
71.0 3.3984375
72.0 5.46875
73.0 5.6328125
74.0 3.515625
75.0 2.4453125
76.0 1.8515625
77.0 0.0
78.0 7.2890625
79.0 6.140625
80.0 6.515625
81.0 6.359375
82.0 5.5625
83.0 1.921875
84.0 7.671875
85.0 6.078125
86.0 6.234375
87.0 5.84375
88.0 6.09375
89.0 3.4609375
90.0 5.2265625
91.0 5.109375
92.0 5.75
93.0 5.703125
94.0 5.640625
95.0 5.5
96.0 5.6171875
97.0 5.7890625
98.0 4.5390625
99.0 5.2265625
100.0 5.765625
101.0 6.0234375
102.0 5.765625
103.0 5.890625
104.0 6.234375
105.0 6.2109375
106.0 5.2734375
107.0 7.4296875
108.0 6.0546875
109.0 5.703125
110.0 3.140625
111.0 8.171875
112.0 6.0625
113.0 3.953125
114.0 7.8671875
115.0 6.3046875
116.0 6.0078125
117.0 5.734375
118.0 5.3359375
119.0 5.6640625
120.0 5.21875
121.0 5.75
122.0 5.9765625
123.0 6.03125
124.0 5.703125
125.0 5.9921875
126.0 5.546875
127.0 2.90625
128.0 8.8515625
129.0 5.6328125
130.0 5.484375
131.0 5.90625
132.0 4.6484375
133.0 6.46875
134.0 5.7578125
135.0 5.6484375
136.0 5.796875
137.0 5.140625
138.0 4.234375
139.0 5.25
140.0 6.2265625
141.0 6.0234375
142.0 6.109375
143.0 6.0
144.0 5.9453125
145.0 5.046875
146.0 0.8828125
147.0 6.765625
148.0 4.0234375
149.0 4.265625
150.0 4.6640625
151.0 5.375
152.0 5.40625
153.0 5.6015625
154.0 5.6484375
155.0 5.7578125
156.0 5.6796875
157.0 5.7109375
158.0 5.578125
159.0 6.3046875
160.0 6.265625
161.0 6.40625
162.0 6.234375
163.0 5.46875
164.0 1.5703125
165.0 9.640625
166.0 5.5234375
167.0 5.2578125
168.0 2.0625
169.0 8.4453125
170.0 5.640625
171.0 5.765625
172.0 6.171875
173.0 6.5
174.0 6.6640625
175.0 6.3828125
176.0 6.5546875
177.0 6.2890625
178.0 6.3203125
179.0 5.25
180.0 4.9921875
181.0 5.3125
182.0 5.7890625
183.0 5.8515625
184.0 6.2734375
185.0 6.3671875
186.0 6.359375
187.0 6.421875
188.0 6.7421875
189.0 6.6796875
190.0 6.4140625
191.0 6.0390625
192.0 6.0390625
193.0 6.4375
194.0 6.2890625
195.0 6.359375
196.0 5.8125
197.0 2.0
198.0 1.5078125
199.0 3.328125
200.0 6.2421875
201.0 6.0390625
202.0 4.1484375
203.0 8.3125
204.0 6.3046875
205.0 6.0546875
206.0 5.6640625
207.0 3.875
208.0 6.0625
209.0 5.9140625
210.0 5.234375
211.0 5.3203125
212.0 4.75
213.0 4.6484375
214.0 2.7890625
215.0 1.1953125
216.0 6.3359375
217.0 4.625
218.0 1.71875
219.0 1.640625
220.0 2.4140625
221.0 5.1875
222.0 5.96875
223.0 6.140625
224.0 5.84375
225.0 5.6484375
226.0 5.171875
227.0 5.015625
228.0 6.15625
229.0 1.4140625
230.0 10.984375
231.0 5.765625
232.0 5.3515625
233.0 4.875
234.0 5.4296875
235.0 6.0078125
236.0 4.9765625
237.0 4.296875
238.0 3.96875
239.0 2.59375
240.0 4.125
241.0 3.171875
242.0 3.2578125
243.0 4.15625
244.0 4.03125
245.0 2.921875
246.0 1.3125
247.0 7.3046875
248.0 4.796875
249.0 5.2265625
250.0 6.0390625
251.0 5.96875
252.0 5.546875
253.0 6.0390625
254.0 6.2421875
255.0 5.671875
256.0 4.0625
257.0 4.4453125
258.0 3.625
259.0 0.0
260.0 8.703125
261.0 4.6796875
262.0 4.8984375
263.0 5.015625
264.0 4.453125
265.0 4.5390625
266.0 4.453125
267.0 4.203125
268.0 0.7265625
269.0 8.390625
270.0 4.4765625
271.0 4.28125
272.0 3.1796875
273.0 5.640625
274.0 4.0390625
275.0 4.5625
276.0 4.6953125
277.0 4.890625
278.0 5.1015625
279.0 5.890625
280.0 2.4453125
281.0 8.96875
282.0 3.875
283.0 4.859375
284.0 5.046875
285.0 4.875
286.0 1.890625
287.0 8.0859375
288.0 5.828125
289.0 6.09375
290.0 6.3203125
291.0 6.109375
292.0 5.8515625
293.0 5.8828125
294.0 5.96875
295.0 5.9375
296.0 5.203125
297.0 5.5
298.0 5.2734375
299.0 2.7890625
300.0 0.0
301.0 0.0
302.0 0.0
303.0 6.84375
304.0 2.9609375
305.0 3.1484375
306.0 2.4765625
307.0 2.21875
308.0 1.1953125
309.0 4.8359375
310.0 3.578125
311.0 2.71875
312.0 4.0234375
313.0 3.7890625
314.0 6.4453125
315.0 5.703125
316.0 5.0859375
317.0 5.9609375
318.0 5.765625
319.0 3.84375
320.0 2.625
321.0 2.6875
322.0 2.265625
323.0 1.625
324.0 1.328125
325.0 1.703125
326.0 2.3359375
327.0 1.796875
328.0 0.0
329.0 0.0
330.0 6.703125
331.0 2.3671875
332.0 2.8046875
333.0 2.65625
334.0 3.203125
335.0 2.84375
336.0 2.7109375
337.0 0.2109375
338.0 0.0
339.0 7.3359375
340.0 3.0859375
341.0 2.640625
342.0 2.5078125
343.0 2.671875
344.0 2.8359375
345.0 3.34375
346.0 3.1953125
347.0 3.140625
348.0 3.3671875
349.0 3.21875
350.0 3.3203125
351.0 0.1875
352.0 6.2578125
353.0 3.3515625
354.0 3.140625
355.0 3.2890625
356.0 2.84375
357.0 2.3359375
358.0 0.0
359.0 7.7265625
360.0 3.4140625
361.0 3.2578125
362.0 3.1171875
363.0 3.671875
364.0 3.328125
365.0 3.578125
366.0 3.53125
367.0 3.5
368.0 3.1328125
369.0 3.1484375
370.0 2.375
371.0 0.0
372.0 6.15625
373.0 2.921875
374.0 2.90625
375.0 2.1796875
376.0 3.2578125
377.0 3.375
378.0 3.1328125
379.0 0.546875
380.0 5.1640625
381.0 3.015625
382.0 3.0859375
383.0 3.5234375
384.0 4.8984375
385.0 5.46875
386.0 5.6171875
387.0 4.3203125
388.0 4.46875
389.0 6.171875
390.0 6.15625
391.0 5.0546875
392.0 5.90625
393.0 4.5625
394.0 6.296875
395.0 5.7890625
396.0 6.1484375
397.0 6.390625
398.0 6.265625
399.0 6.2734375
400.0 0.8671875
401.0 9.328125
402.0 5.8125
403.0 4.453125
404.0 1.5703125
405.0 6.515625
406.0 1.609375
407.0 7.34375
408.0 6.2421875
409.0 6.6875
410.0 6.4765625
411.0 6.6328125
412.0 5.0546875
413.0 5.140625
414.0 5.0390625
415.0 6.109375
416.0 6.125
417.0 6.5078125
418.0 6.1484375
419.0 6.65625
420.0 6.5390625
421.0 6.2734375
422.0 6.265625
423.0 6.9765625
424.0 6.75
425.0 7.0078125
426.0 7.125
427.0 7.3671875
428.0 7.3125
429.0 5.765625
430.0 8.2734375
431.0 6.171875
432.0 6.40625
433.0 5.3828125
434.0 7.1875
435.0 4.796875
436.0 3.4140625
437.0 5.375
438.0 4.515625
439.0 5.171875
440.0 4.78125
441.0 5.640625
442.0 5.546875
443.0 4.7421875
444.0 2.484375
445.0 10.2890625
446.0 5.375
447.0 3.1953125
448.0 3.234375
449.0 5.515625
450.0 6.0390625
451.0 5.3203125
452.0 4.5625
453.0 5.6640625
454.0 4.25
455.0 5.6015625
456.0 5.8515625
457.0 3.8828125
458.0 5.421875
459.0 4.6953125
460.0 5.9140625
461.0 6.5
462.0 5.6015625
463.0 1.265625
464.0 10.65625
465.0 6.7421875
466.0 6.484375
467.0 6.859375
468.0 6.3203125
469.0 6.2421875
470.0 5.7109375
471.0 4.625
472.0 6.234375
473.0 5.9765625
474.0 5.1875
475.0 4.0546875
476.0 8.46875
477.0 6.3828125
478.0 6.2421875
479.0 6.3671875
480.0 6.0234375
481.0 6.359375
482.0 2.875
483.0 2.3046875
484.0 2.2109375
485.0 5.3828125
486.0 6.6484375
487.0 6.6875
488.0 6.5546875
489.0 6.453125
490.0 5.8203125
491.0 5.0078125
492.0 6.3671875
493.0 6.7734375
494.0 2.375
495.0 11.453125
496.0 6.984375
497.0 6.9921875
498.0 5.4921875
499.0 1.9453125
500.0 8.375
501.0 5.3046875
502.0 5.5859375
503.0 5.28125
504.0 4.390625
505.0 4.296875
506.0 3.5625
507.0 4.3984375
508.0 4.0703125
509.0 3.1328125
510.0 5.4921875
511.0 6.234375
512.0 6.3046875
513.0 6.15625
514.0 5.796875
515.0 2.3984375
516.0 0.640625
517.0 4.9296875
518.0 0.984375
519.0 4.3671875
520.0 5.4296875
521.0 6.265625
522.0 6.3046875
523.0 5.6953125
524.0 5.171875
525.0 5.1953125
526.0 5.9453125
527.0 5.6171875
528.0 5.7265625
529.0 4.921875
530.0 4.65625
531.0 5.3984375
532.0 5.515625
533.0 6.09375
534.0 5.6015625
535.0 5.5234375
536.0 5.5234375
537.0 5.546875
538.0 5.8203125
539.0 5.8125
540.0 5.546875
541.0 5.609375
542.0 5.859375
543.0 6.0859375
544.0 5.40625
545.0 5.546875
546.0 5.7890625
547.0 6.234375
548.0 4.5390625
549.0 5.140625
550.0 6.0625
551.0 4.7109375
552.0 4.3046875
553.0 4.8359375
554.0 4.9296875
555.0 4.3984375
556.0 2.7734375
557.0 5.8203125
558.0 5.7578125
559.0 6.4375
560.0 6.4765625
561.0 6.890625
562.0 6.6875
563.0 6.0625
564.0 7.546875
565.0 6.6796875
566.0 6.2265625
567.0 6.890625
568.0 3.0703125
569.0 9.8671875
570.0 5.6328125
571.0 5.1640625
572.0 4.328125
573.0 4.8984375
574.0 5.109375
575.0 5.75
576.0 6.2734375
577.0 4.921875
578.0 4.15625
579.0 2.0078125
580.0 2.34375
581.0 2.96875
582.0 0.5234375
583.0 0.0
584.0 5.890625
585.0 2.25
586.0 3.6953125
587.0 3.9375
588.0 3.796875
589.0 6.3359375
590.0 4.625
591.0 3.3515625
592.0 4.15625
593.0 5.421875
594.0 5.3203125
595.0 3.109375
596.0 2.59375
597.0 3.8828125
598.0 5.6171875
599.0 4.875
