0.0 5.203125
1.0 5.78125
2.0 6.0
3.0 4.7578125
4.0 4.8125
5.0 6.3515625
6.0 6.0625
7.0 5.9140625
8.0 6.2421875
9.0 5.96875
10.0 5.765625
11.0 5.765625
12.0 6.234375
13.0 6.6484375
14.0 6.5546875
15.0 5.484375
16.0 3.1796875
17.0 0.1328125
18.0 8.2578125
19.0 3.3203125
20.0 2.3984375
21.0 0.453125
22.0 3.9375
23.0 3.5
24.0 5.171875
25.0 4.3828125
26.0 5.546875
27.0 3.3515625
28.0 2.2109375
29.0 4.828125
30.0 5.3359375
31.0 4.546875
32.0 3.9375
33.0 3.4921875
34.0 5.3515625
35.0 5.3359375
36.0 1.03125
37.0 7.6875
38.0 4.4140625
39.0 2.71875
40.0 4.453125
41.0 1.2265625
42.0 0.0
43.0 0.0
44.0 5.015625
45.0 3.609375
46.0 4.2734375
47.0 5.34375
48.0 5.0703125
49.0 3.234375
50.0 2.890625
51.0 3.5234375
52.0 4.7421875
53.0 4.921875
54.0 5.53125
55.0 4.609375
56.0 5.0546875
57.0 5.3671875
58.0 4.6328125
59.0 4.53125
60.0 4.3828125
61.0 4.7734375
62.0 4.5625
63.0 4.390625
64.0 3.875
65.0 3.2265625
66.0 0.0
67.0 7.015625
68.0 2.8203125
69.0 2.7109375
70.0 4.125
71.0 4.3046875
72.0 4.953125
73.0 5.609375
74.0 5.2734375
75.0 5.1953125
76.0 5.3671875
77.0 5.3125
78.0 5.0234375
79.0 5.3984375
80.0 5.4296875
81.0 5.375
82.0 4.8671875
83.0 3.171875
84.0 7.2578125
85.0 5.546875
86.0 5.203125
87.0 4.7578125
88.0 4.859375
89.0 4.9453125
90.0 5.3984375
91.0 4.828125
92.0 5.1015625
93.0 5.0078125
94.0 5.203125
95.0 4.6640625
96.0 3.328125
97.0 0.5546875
98.0 9.7734375
99.0 5.2265625
100.0 4.2109375
101.0 0.015625
102.0 8.5703125
103.0 4.625
104.0 5.3046875
105.0 4.3515625
106.0 4.828125
107.0 5.0390625
108.0 4.9453125
109.0 4.9609375
110.0 4.953125
111.0 3.3984375
112.0 6.1484375
113.0 5.4375
114.0 5.2890625
115.0 4.9921875
116.0 3.53125
117.0 3.015625
118.0 3.59375
119.0 3.7109375
120.0 5.2890625
121.0 5.1875
122.0 5.5546875
123.0 5.078125
124.0 3.6796875
125.0 7.2265625
126.0 5.3515625
127.0 4.6328125
128.0 5.34375
129.0 5.8828125
130.0 5.015625
131.0 5.421875
132.0 5.96875
133.0 0.0
134.0 7.3125
135.0 3.4140625
136.0 5.0078125
137.0 4.4296875
138.0 3.515625
139.0 4.0234375
140.0 4.546875
141.0 4.3203125
142.0 3.53125
143.0 3.8828125
144.0 5.3671875
145.0 4.828125
146.0 5.046875
147.0 4.578125
148.0 5.7890625
149.0 5.5234375
150.0 5.046875
151.0 2.9296875
152.0 5.3203125
153.0 4.9609375
154.0 5.140625
155.0 5.3203125
156.0 5.40625
157.0 5.5234375
158.0 5.8515625
159.0 5.578125
160.0 4.75
161.0 5.6328125
162.0 5.609375
163.0 4.859375
164.0 5.4296875
165.0 5.796875
166.0 5.7109375
167.0 4.5078125
168.0 6.75
169.0 4.09375
170.0 4.546875
171.0 5.7578125
172.0 1.8203125
173.0 8.2890625
174.0 5.6328125
175.0 4.84375
176.0 5.578125
177.0 5.9453125
178.0 6.1875
179.0 5.53125
180.0 5.34375
181.0 5.125
182.0 5.609375
183.0 5.2578125
184.0 5.078125
185.0 2.6875
186.0 7.5078125
187.0 5.4375
188.0 5.1953125
189.0 5.3203125
190.0 5.671875
191.0 4.0703125
192.0 6.078125
193.0 5.3203125
194.0 4.796875
195.0 4.84375
196.0 4.6875
197.0 4.3203125
198.0 4.1015625
199.0 4.0546875
200.0 4.1484375
201.0 4.3359375
202.0 4.09375
203.0 3.5234375
204.0 5.1328125
205.0 4.6015625
206.0 4.984375
207.0 4.625
208.0 4.1875
209.0 4.484375
210.0 4.46875
211.0 4.390625
212.0 2.2421875
213.0 6.3515625
214.0 5.0546875
215.0 4.3359375
216.0 2.515625
217.0 2.640625
218.0 6.03125
219.0 4.9921875
220.0 4.6640625
221.0 4.9296875
222.0 4.3203125
223.0 4.5390625
224.0 5.1640625
225.0 4.421875
226.0 6.203125
227.0 5.140625
228.0 5.0703125
229.0 5.6015625
230.0 5.0390625
231.0 4.4140625
232.0 5.7265625
233.0 5.234375
234.0 5.4609375
235.0 5.78125
236.0 5.46875
237.0 3.84375
238.0 7.359375
239.0 5.7109375
240.0 5.7265625
241.0 5.21875
242.0 5.375
243.0 5.4375
244.0 5.8828125
245.0 5.6796875
246.0 5.140625
247.0 4.859375
248.0 4.3515625
249.0 4.0859375
250.0 4.296875
251.0 3.640625
252.0 6.703125
253.0 5.3125
254.0 5.1953125
255.0 5.2890625
256.0 5.6015625
257.0 5.7578125
258.0 5.40625
259.0 5.1953125
260.0 5.7265625
261.0 5.1953125
262.0 4.5390625
263.0 3.859375
264.0 6.1171875
265.0 4.6953125
266.0 4.4453125
267.0 4.3828125
268.0 2.515625
269.0 6.65625
270.0 4.1875
271.0 4.5390625
272.0 5.140625
273.0 5.125
274.0 4.984375
275.0 5.0234375
276.0 4.59375
277.0 4.890625
278.0 4.9296875
279.0 4.5
280.0 1.59375
281.0 6.6875
282.0 5.4921875
283.0 4.484375
284.0 4.03125
285.0 4.984375
286.0 4.578125
287.0 0.21875
288.0 8.296875
289.0 4.65625
290.0 4.453125
291.0 4.28125
292.0 5.2890625
293.0 4.875
294.0 4.9453125
295.0 4.6953125
296.0 4.5703125
297.0 4.7265625
298.0 4.7578125
299.0 4.6015625
300.0 3.875
301.0 0.4921875
302.0 9.1796875
303.0 4.484375
304.0 2.78125
305.0 7.1328125
306.0 5.6484375
307.0 5.125
308.0 5.203125
309.0 5.1953125
310.0 5.109375
311.0 5.0703125
312.0 5.140625
313.0 5.078125
314.0 5.1953125
315.0 5.203125
316.0 5.0234375
317.0 4.4765625
318.0 0.2734375
319.0 9.4609375
320.0 4.515625
321.0 5.5859375
322.0 6.296875
323.0 0.15625
324.0 8.2890625
325.0 0.25
326.0 3.7578125
327.0 5.1015625
328.0 5.3203125
329.0 2.03125
330.0 0.4375
331.0 0.0
332.0 5.796875
333.0 5.171875
334.0 4.84375
335.0 4.84375
336.0 5.5859375
337.0 5.3671875
338.0 5.5859375
339.0 5.3671875
340.0 5.0234375
341.0 4.65625
342.0 4.8125
343.0 4.5390625
344.0 1.4140625
345.0 7.765625
346.0 4.8671875
347.0 4.421875
348.0 4.125
349.0 1.0625
350.0 6.71875
351.0 5.6953125
352.0 5.796875
353.0 4.65625
354.0 5.578125
355.0 2.4921875
356.0 2.875
357.0 4.875
358.0 5.25
359.0 4.953125
360.0 3.9453125
361.0 3.8203125
362.0 2.75
363.0 2.5390625
364.0 4.1484375
365.0 3.9765625
366.0 5.8515625
367.0 4.1171875
368.0 4.5625
369.0 4.6796875
370.0 4.484375
371.0 5.140625
372.0 3.96875
373.0 3.3984375
374.0 5.375
375.0 5.2265625
376.0 4.09375
377.0 5.40625
378.0 5.15625
379.0 4.28125
380.0 6.59375
381.0 4.0546875
382.0 6.3046875
383.0 5.171875
384.0 4.9453125
385.0 5.2734375
386.0 5.3984375
387.0 5.609375
388.0 5.3125
389.0 5.6171875
390.0 3.5859375
391.0 6.3203125
392.0 5.171875
393.0 5.609375
394.0 4.453125
395.0 4.78125
396.0 5.8828125
397.0 5.78125
398.0 5.40625
399.0 5.109375
400.0 5.46875
401.0 5.125
402.0 1.8046875
403.0 8.421875
404.0 5.484375
405.0 4.5625
406.0 7.1328125
407.0 5.7890625
408.0 5.7578125
409.0 5.125
410.0 5.9375
411.0 5.796875
412.0 5.8828125
413.0 6.203125
414.0 6.0390625
415.0 6.2109375
416.0 6.125
417.0 6.4140625
418.0 6.296875
419.0 4.984375
420.0 6.953125
421.0 5.84375
422.0 5.671875
423.0 5.9921875
424.0 4.515625
425.0 0.125
426.0 9.4453125
427.0 5.8828125
428.0 4.1796875
429.0 2.9609375
430.0 2.6953125
431.0 2.671875
432.0 2.96875
433.0 3.3828125
434.0 4.484375
435.0 2.9921875
436.0 2.328125
437.0 6.09375
438.0 4.234375
439.0 3.0234375
440.0 2.9921875
441.0 2.625
442.0 2.71875
443.0 0.8203125
444.0 5.0859375
445.0 2.609375
446.0 2.9375
447.0 2.6328125
448.0 2.546875
449.0 2.328125
450.0 2.9609375
451.0 2.75
452.0 2.984375
453.0 3.015625
454.0 2.671875
455.0 0.15625
456.0 5.421875
457.0 1.3515625
458.0 1.046875
459.0 1.171875
460.0 3.265625
461.0 4.46875
462.0 4.3828125
463.0 2.125
464.0 1.1484375
465.0 1.265625
466.0 1.03125
467.0 0.671875
468.0 0.5859375
469.0 0.5546875
470.0 0.0
471.0 4.6484375
472.0 1.5703125
473.0 1.046875
474.0 0.6328125
475.0 0.5859375
476.0 0.75
477.0 1.3515625
478.0 1.203125
479.0 1.2109375
480.0 1.09375
481.0 1.40625
482.0 1.203125
483.0 0.3046875
484.0 0.0
485.0 0.0
486.0 0.0625
487.0 4.921875
488.0 0.0
489.0 0.0
490.0 0.0
491.0 3.4296875
492.0 0.4296875
493.0 0.515625
494.0 1.296875
495.0 0.5234375
496.0 0.640625
497.0 0.765625
498.0 0.6171875
499.0 0.765625
500.0 0.8828125
501.0 0.65625
502.0 1.03125
503.0 0.71875
504.0 0.4921875
505.0 0.5078125
506.0 0.578125
507.0 1.640625
508.0 2.2421875
509.0 0.0
510.0 5.6015625
511.0 2.59375
512.0 2.7265625
513.0 2.59375
514.0 2.71875
515.0 2.0390625
516.0 0.0
517.0 6.921875
518.0 2.546875
519.0 2.7578125
520.0 0.0
521.0 4.0546875
522.0 1.890625
523.0 1.1953125
524.0 1.7421875
525.0 2.0859375
526.0 3.53125
527.0 3.703125
528.0 2.09375
529.0 2.0625
530.0 1.703125
531.0 1.0859375
532.0 0.5390625
533.0 0.65625
534.0 1.4140625
535.0 0.0
536.0 0.0
537.0 5.734375
538.0 3.4453125
539.0 3.0
540.0 2.515625
541.0 2.4296875
542.0 4.8125
543.0 4.359375
544.0 2.59375
545.0 2.6015625
546.0 0.109375
547.0 5.0859375
548.0 2.125
549.0 2.3671875
550.0 2.34375
551.0 2.3984375
552.0 2.5625
553.0 0.875
554.0 3.84375
555.0 3.4140625
556.0 3.28125
557.0 2.5390625
558.0 2.4296875
559.0 2.2421875
560.0 3.65625
561.0 4.953125
562.0 5.0703125
563.0 4.84375
564.0 4.4140625
565.0 4.328125
566.0 4.4296875
567.0 2.0859375
568.0 7.609375
569.0 3.890625
570.0 2.9609375
571.0 2.328125
572.0 0.1640625
573.0 7.609375
574.0 3.140625
575.0 3.4296875
576.0 4.265625
577.0 4.390625
578.0 4.921875
579.0 4.84375
580.0 4.9765625
581.0 4.921875
582.0 4.71875
583.0 3.828125
584.0 1.375
585.0 0.0
586.0 5.0078125
587.0 2.625
588.0 2.3046875
589.0 3.90625
590.0 5.203125
591.0 5.4609375
592.0 4.8125
593.0 4.8046875
594.0 1.0234375
595.0 5.859375
596.0 3.828125
597.0 3.546875
598.0 4.921875
599.0 4.6640625
