0.0 4.3203125
1.0 4.203125
2.0 4.2109375
3.0 3.953125
4.0 4.0859375
5.0 4.5703125
6.0 4.0859375
7.0 4.453125
8.0 4.453125
9.0 4.2421875
10.0 4.3359375
11.0 4.625
12.0 4.4765625
13.0 4.796875
14.0 4.03125
15.0 4.421875
16.0 1.359375
17.0 7.3984375
18.0 4.09375
19.0 4.3671875
20.0 3.578125
21.0 5.515625
22.0 4.578125
23.0 4.453125
24.0 4.421875
25.0 4.46875
26.0 4.53125
27.0 4.484375
28.0 4.609375
29.0 4.6953125
30.0 4.4296875
31.0 4.4140625
32.0 4.3046875
33.0 4.296875
34.0 4.4296875
35.0 4.53125
36.0 4.265625
37.0 4.609375
38.0 4.25
39.0 1.9765625
40.0 6.5078125
41.0 4.15625
42.0 4.2109375
43.0 2.2109375
44.0 6.921875
45.0 4.609375
46.0 4.3984375
47.0 4.25
48.0 4.46875
49.0 4.28125
50.0 4.2421875
51.0 4.1484375
52.0 4.4765625
53.0 4.46875
54.0 4.453125
55.0 4.4296875
56.0 2.0625
57.0 7.09375
58.0 4.3984375
59.0 4.5390625
60.0 4.5390625
61.0 4.46875
62.0 1.2421875
63.0 7.734375
64.0 4.3984375
65.0 3.703125
66.0 4.9296875
67.0 4.421875
68.0 4.28125
69.0 4.5
70.0 4.6015625
71.0 4.609375
72.0 4.3515625
73.0 4.390625
74.0 4.5703125
75.0 4.90625
76.0 2.234375
77.0 6.9296875
78.0 4.5078125
79.0 4.5703125
80.0 0.546875
81.0 8.390625
82.0 4.421875
83.0 4.484375
84.0 4.6484375
85.0 4.5
86.0 4.46875
87.0 4.5
88.0 4.5703125
89.0 4.453125
90.0 4.4140625
91.0 4.1875
92.0 4.515625
93.0 1.1796875
94.0 7.703125
95.0 4.53125
96.0 4.578125
97.0 4.3671875
98.0 4.2734375
99.0 2.7109375
100.0 4.2734375
101.0 4.7421875
102.0 4.71875
103.0 4.796875
104.0 4.7421875
105.0 2.6015625
106.0 7.4609375
107.0 4.75
108.0 4.9453125
109.0 4.9453125
110.0 4.8671875
111.0 4.7265625
112.0 4.84375
113.0 4.546875
114.0 2.8671875
115.0 6.0625
116.0 4.3359375
117.0 1.5
118.0 7.65625
119.0 3.578125
120.0 4.9453125
121.0 4.28125
122.0 4.7734375
123.0 3.828125
124.0 3.9453125
125.0 3.5
126.0 4.15625
127.0 3.515625
128.0 4.4296875
129.0 4.25
130.0 4.0078125
131.0 4.265625
132.0 4.609375
133.0 3.96875
134.0 4.0078125
135.0 2.984375
136.0 5.3046875
137.0 4.1875
138.0 4.3359375
139.0 4.5078125
140.0 4.625
141.0 4.578125
142.0 4.4296875
143.0 0.0625
144.0 6.8671875
145.0 5.9453125
146.0 4.6953125
147.0 4.578125
148.0 4.6484375
149.0 4.4765625
150.0 4.6015625
151.0 4.328125
152.0 4.4140625
153.0 4.7265625
154.0 4.5390625
155.0 4.5078125
156.0 3.3203125
157.0 5.40625
158.0 3.578125
159.0 3.859375
160.0 4.0234375
161.0 4.2421875
162.0 4.46875
163.0 4.3671875
164.0 4.5
165.0 4.25
166.0 4.390625
167.0 4.6484375
168.0 4.4453125
169.0 4.5
170.0 3.3125
171.0 4.8359375
172.0 3.8515625
173.0 4.265625
174.0 4.2109375
175.0 4.609375
176.0 3.9921875
177.0 4.265625
178.0 4.3203125
179.0 3.703125
180.0 4.25
181.0 4.0
182.0 3.6953125
183.0 4.1328125
184.0 3.875
185.0 4.359375
186.0 4.03125
187.0 3.921875
188.0 4.5078125
189.0 4.5
190.0 4.5703125
191.0 4.328125
192.0 1.828125
193.0 7.2734375
194.0 4.625
195.0 4.6015625
196.0 4.59375
197.0 0.75
198.0 8.75
199.0 4.8984375
200.0 4.515625
201.0 4.3828125
202.0 4.59375
203.0 4.234375
204.0 4.6796875
205.0 4.546875
206.0 4.53125
207.0 4.515625
208.0 4.359375
209.0 4.0859375
210.0 4.53125
211.0 1.7578125
212.0 7.5546875
213.0 4.609375
214.0 4.484375
215.0 4.21875
216.0 1.03125
217.0 6.09375
218.0 4.0390625
219.0 4.359375
220.0 4.390625
221.0 4.46875
222.0 4.390625
223.0 4.65625
224.0 4.28125
225.0 4.3828125
226.0 4.2109375
227.0 4.265625
228.0 4.421875
229.0 2.015625
230.0 7.0390625
231.0 4.609375
232.0 4.4296875
233.0 4.0546875
234.0 4.03125
235.0 4.359375
236.0 4.390625
237.0 4.46875
238.0 3.2890625
239.0 5.9453125
240.0 4.328125
241.0 4.1875
242.0 3.9765625
243.0 3.265625
244.0 1.6171875
245.0 5.8203125
246.0 4.390625
247.0 4.5625
248.0 4.4140625
249.0 4.3984375
250.0 4.484375
251.0 4.2734375
252.0 4.0625
253.0 4.03125
254.0 3.96875
255.0 4.125
256.0 4.25
257.0 4.203125
258.0 0.2578125
259.0 8.3828125
260.0 3.8046875
261.0 4.15625
262.0 4.4296875
263.0 4.3984375
264.0 0.28125
265.0 8.4921875
266.0 4.2734375
267.0 4.453125
268.0 4.453125
269.0 4.4765625
270.0 4.296875
271.0 4.421875
272.0 4.2734375
273.0 4.46875
274.0 4.65625
275.0 4.515625
276.0 3.5625
277.0 5.828125
278.0 4.515625
279.0 4.46875
280.0 4.515625
281.0 4.5625
282.0 4.2109375
283.0 4.3671875
284.0 4.1875
285.0 3.2265625
286.0 5.109375
287.0 4.3359375
288.0 4.453125
289.0 4.3515625
290.0 4.5078125
291.0 2.4453125
292.0 6.4140625
293.0 4.5390625
294.0 4.578125
295.0 4.546875
296.0 4.5078125
297.0 4.3359375
298.0 4.359375
299.0 4.234375
300.0 4.59375
301.0 4.6484375
302.0 4.4140625
303.0 4.3203125
304.0 4.7109375
305.0 4.3515625
306.0 0.140625
307.0 8.5234375
308.0 4.3046875
309.0 4.2109375
310.0 3.828125
311.0 1.203125
312.0 7.703125
313.0 4.3046875
314.0 4.2109375
315.0 4.296875
316.0 4.4453125
317.0 4.28125
318.0 4.3515625
319.0 4.265625
320.0 3.9375
321.0 4.3671875
322.0 4.78125
323.0 4.5390625
324.0 3.1484375
325.0 5.640625
326.0 4.578125
327.0 4.4765625
328.0 4.1796875
329.0 4.3046875
330.0 4.6796875
331.0 4.5
332.0 0.2265625
333.0 8.703125
334.0 4.421875
335.0 4.546875
336.0 4.5
337.0 4.4296875
338.0 4.4453125
339.0 4.171875
340.0 0.6875
341.0 7.5078125
342.0 4.4140625
343.0 3.890625
344.0 4.296875
345.0 4.1484375
346.0 4.1484375
347.0 4.4453125
348.0 4.3984375
349.0 4.359375
350.0 4.3828125
351.0 4.7578125
352.0 4.4296875
353.0 2.484375
354.0 5.828125
355.0 4.2734375
356.0 4.28125
357.0 4.359375
358.0 4.3984375
359.0 4.3203125
360.0 4.2109375
361.0 4.484375
362.0 4.390625
363.0 4.203125
364.0 4.203125
365.0 4.46875
366.0 4.125
367.0 3.875
368.0 4.1875
369.0 4.390625
370.0 4.0
371.0 4.171875
372.0 4.21875
373.0 3.9375
374.0 4.0234375
375.0 4.234375
376.0 4.4140625
377.0 4.453125
378.0 4.1171875
379.0 3.9921875
380.0 4.0078125
381.0 4.3046875
382.0 4.0703125
383.0 4.1328125
384.0 3.9765625
385.0 3.53125
386.0 4.3203125
387.0 4.28125
388.0 3.59375
389.0 4.0
390.0 4.1171875
391.0 4.1875
392.0 4.0703125
393.0 4.1484375
394.0 4.296875
395.0 4.2421875
396.0 4.484375
397.0 2.71875
398.0 5.7890625
399.0 4.21875
400.0 4.2421875
401.0 4.296875
402.0 4.6640625
403.0 4.4453125
404.0 4.296875
405.0 4.421875
406.0 3.953125
407.0 4.0078125
408.0 4.203125
409.0 4.03125
410.0 4.359375
411.0 4.265625
412.0 3.640625
413.0 0.46875
414.0 8.5703125
415.0 4.1015625
416.0 4.3515625
417.0 4.359375
418.0 4.234375
419.0 0.1328125
420.0 7.703125
421.0 4.328125
422.0 4.21875
423.0 4.0390625
424.0 3.9765625
425.0 4.2734375
426.0 4.25
427.0 4.3203125
428.0 4.25
429.0 3.84375
430.0 3.6171875
431.0 1.4140625
432.0 6.703125
433.0 4.09375
434.0 3.90625
435.0 4.09375
436.0 3.921875
437.0 4.1015625
438.0 4.25
439.0 4.328125
440.0 4.3046875
441.0 4.296875
442.0 4.578125
443.0 2.4921875
444.0 5.9765625
445.0 4.0546875
446.0 4.0625
447.0 3.921875
448.0 3.9453125
449.0 3.9375
450.0 1.5
451.0 5.4921875
452.0 3.4921875
453.0 3.6953125
454.0 4.0
455.0 3.875
456.0 3.9140625
457.0 3.546875
458.0 3.578125
459.0 3.578125
460.0 3.703125
461.0 3.65625
462.0 2.25
463.0 4.453125
464.0 3.625
465.0 3.828125
466.0 3.9453125
467.0 4.234375
468.0 4.1875
469.0 4.1171875
470.0 4.1015625
471.0 4.0625
472.0 4.15625
473.0 4.1171875
474.0 4.3203125
475.0 4.15625
476.0 4.1484375
477.0 1.5625
478.0 6.6015625
479.0 4.3359375
480.0 4.390625
481.0 4.0859375
482.0 2.7421875
483.0 5.7890625
484.0 4.171875
485.0 1.5390625
486.0 7.078125
487.0 4.2734375
488.0 4.0625
489.0 4.0703125
490.0 4.1328125
491.0 4.0703125
492.0 4.2109375
493.0 1.5546875
494.0 7.2421875
495.0 4.25
496.0 4.390625
497.0 4.21875
498.0 4.2421875
499.0 4.3671875
500.0 4.2109375
501.0 4.5
502.0 4.421875
503.0 4.46875
504.0 4.359375
505.0 4.4140625
506.0 4.3046875
507.0 4.2109375
508.0 1.3515625
509.0 4.25
510.0 6.6015625
511.0 4.3671875
512.0 4.3046875
513.0 3.875
514.0 4.296875
515.0 2.3984375
516.0 6.2578125
517.0 4.1328125
518.0 4.328125
519.0 4.46875
520.0 3.9140625
521.0 4.1796875
522.0 4.296875
523.0 3.9765625
524.0 4.234375
525.0 4.1875
526.0 4.296875
527.0 4.3828125
528.0 4.5
529.0 2.046875
530.0 6.5703125
531.0 4.46875
532.0 4.328125
533.0 4.3984375
534.0 4.71875
535.0 4.15625
536.0 3.84375
537.0 0.0703125
538.0 9.0078125
539.0 4.25
540.0 4.171875
541.0 4.265625
542.0 4.609375
543.0 4.7265625
544.0 4.1796875
545.0 4.2421875
546.0 4.515625
547.0 1.796875
548.0 7.109375
549.0 4.65625
550.0 4.6640625
551.0 2.390625
552.0 6.09375
553.0 3.875
554.0 3.921875
555.0 4.2734375
556.0 4.171875
557.0 4.46875
558.0 4.421875
559.0 4.2734375
560.0 4.328125
561.0 4.5625
562.0 4.3203125
563.0 4.6953125
564.0 4.5078125
565.0 4.296875
566.0 0.0
567.0 9.2265625
568.0 4.609375
569.0 4.4140625
570.0 4.03125
571.0 2.4609375
572.0 6.15625
573.0 4.578125
574.0 4.3046875
575.0 4.15625
576.0 4.28125
577.0 4.2421875
578.0 4.28125
579.0 4.28125
580.0 4.4453125
581.0 4.5703125
582.0 2.265625
583.0 6.7421875
584.0 4.4765625
585.0 4.1328125
586.0 4.203125
587.0 2.671875
588.0 5.765625
589.0 4.578125
590.0 3.921875
591.0 4.0
592.0 4.4296875
593.0 4.53125
594.0 4.234375
595.0 4.234375
596.0 2.984375
597.0 5.6484375
598.0 4.2734375
599.0 4.5078125
