0.0 4.578125
1.0 4.5
2.0 3.96875
3.0 3.1484375
4.0 4.4296875
5.0 4.3828125
6.0 4.28125
7.0 3.7421875
8.0 0.0
9.0 7.1015625
10.0 4.609375
11.0 4.125
12.0 3.7421875
13.0 4.0546875
14.0 3.0
15.0 4.8125
16.0 3.6484375
17.0 3.9453125
18.0 3.3984375
19.0 3.40625
20.0 3.6171875
21.0 3.7265625
22.0 3.703125
23.0 3.9453125
24.0 3.671875
25.0 3.4375
26.0 4.1796875
27.0 4.390625
28.0 4.59375
29.0 4.6328125
30.0 0.0
31.0 9.015625
32.0 4.3203125
33.0 3.34375
34.0 5.90625
35.0 4.8046875
36.0 4.609375
37.0 3.703125
38.0 4.234375
39.0 4.203125
40.0 3.015625
41.0 1.7890625
42.0 2.0859375
43.0 2.890625
44.0 3.9453125
45.0 3.015625
46.0 0.0
47.0 5.5546875
48.0 6.6171875
49.0 3.953125
50.0 3.9921875
51.0 4.03125
52.0 3.4765625
53.0 1.34375
54.0 5.453125
55.0 3.8046875
56.0 4.3359375
57.0 3.703125
58.0 4.0390625
59.0 4.21875
60.0 4.1484375
61.0 4.0078125
62.0 3.703125
63.0 3.8046875
64.0 4.1015625
65.0 4.2734375
66.0 4.3828125
67.0 4.1484375
68.0 3.8515625
69.0 2.984375
70.0 4.296875
71.0 4.03125
72.0 3.7421875
73.0 3.9921875
74.0 4.15625
75.0 3.3515625
76.0 0.109375
77.0 7.4609375
78.0 4.125
79.0 3.890625
80.0 4.0078125
81.0 3.9375
82.0 3.890625
83.0 3.703125
84.0 4.0078125
85.0 3.7734375
86.0 4.3046875
87.0 4.203125
88.0 4.578125
89.0 4.328125
90.0 3.0703125
91.0 0.6015625
92.0 8.9765625
93.0 4.2109375
94.0 3.96875
95.0 4.1171875
96.0 2.6640625
97.0 0.546875
98.0 8.8203125
99.0 4.484375
100.0 4.265625
101.0 4.5390625
102.0 4.3203125
103.0 4.28125
104.0 4.578125
105.0 4.828125
106.0 4.71875
107.0 4.28125
108.0 4.203125
109.0 4.2734375
110.0 3.890625
111.0 0.09375
112.0 8.7890625
113.0 3.875
114.0 3.921875
115.0 4.4453125
116.0 4.4140625
117.0 3.765625
118.0 0.3046875
119.0 7.2890625
120.0 4.0234375
121.0 4.15625
122.0 3.90625
123.0 4.1328125
124.0 4.7109375
125.0 4.09375
126.0 3.90625
127.0 4.2734375
128.0 3.34375
129.0 2.546875
130.0 2.21875
131.0 6.140625
132.0 4.7734375
133.0 4.796875
134.0 4.484375
135.0 4.796875
136.0 3.8046875
137.0 3.46875
138.0 4.1484375
139.0 4.1875
140.0 4.28125
141.0 4.1328125
142.0 1.6875
143.0 6.4765625
144.0 4.25
145.0 4.1484375
146.0 3.6953125
147.0 3.953125
148.0 4.1328125
149.0 3.8828125
150.0 4.09375
151.0 3.671875
152.0 3.7421875
153.0 4.234375
154.0 4.296875
155.0 4.390625
156.0 4.4765625
157.0 2.84375
158.0 5.828125
159.0 4.1015625
160.0 3.96875
161.0 0.78125
162.0 7.8828125
163.0 4.5703125
164.0 4.3984375
165.0 4.1875
166.0 4.5
167.0 4.234375
168.0 4.203125
169.0 4.2734375
170.0 4.5390625
171.0 4.3203125
172.0 4.2109375
173.0 4.5
174.0 4.125
175.0 1.703125
176.0 6.5703125
177.0 4.390625
178.0 3.9921875
179.0 1.6875
180.0 7.0625
181.0 4.6875
182.0 4.53125
183.0 4.1171875
184.0 4.21875
185.0 4.5625
186.0 4.859375
187.0 4.5703125
188.0 4.53125
189.0 4.3515625
190.0 4.28125
191.0 4.09375
192.0 3.921875
193.0 4.6484375
194.0 4.1484375
195.0 4.0234375
196.0 4.515625
197.0 4.265625
198.0 4.8125
199.0 4.890625
200.0 4.9296875
201.0 2.9375
202.0 6.2578125
203.0 4.265625
204.0 4.421875
205.0 4.90625
206.0 4.625
207.0 4.390625
208.0 4.6328125
209.0 3.3203125
210.0 6.0234375
211.0 4.4140625
212.0 4.6953125
213.0 4.71875
214.0 4.609375
215.0 4.3828125
216.0 4.7578125
217.0 4.6875
218.0 4.8984375
219.0 4.7734375
220.0 3.328125
221.0 2.671875
222.0 4.203125
223.0 4.46875
224.0 2.328125
225.0 0.3046875
226.0 8.7890625
227.0 4.0234375
228.0 3.6953125
229.0 2.1875
230.0 6.5625
231.0 4.546875
232.0 4.296875
233.0 4.28125
234.0 3.4140625
235.0 3.7578125
236.0 3.90625
237.0 4.1484375
238.0 4.28125
239.0 4.21875
240.0 3.9921875
241.0 1.8203125
242.0 6.75
243.0 4.6328125
244.0 4.4453125
245.0 4.0078125
246.0 3.6171875
247.0 1.375
248.0 5.34375
249.0 1.234375
250.0 1.4453125
251.0 3.171875
252.0 2.1953125
253.0 1.6875
254.0 2.296875
255.0 3.7265625
256.0 3.90625
257.0 4.0
258.0 4.09375
259.0 4.3046875
260.0 4.3046875
261.0 1.625
262.0 6.0
263.0 3.4296875
264.0 3.7578125
265.0 4.2734375
266.0 3.265625
267.0 5.3046875
268.0 4.28125
269.0 4.4140625
270.0 4.6015625
271.0 4.78125
272.0 4.78125
273.0 2.0078125
274.0 7.3046875
275.0 4.484375
276.0 4.09375
277.0 4.1328125
278.0 4.53125
279.0 4.5078125
280.0 4.1015625
281.0 4.6953125
282.0 4.46875
283.0 4.2109375
284.0 4.15625
285.0 4.3046875
286.0 4.53125
287.0 4.25
288.0 0.1875
289.0 8.375
290.0 4.4140625
291.0 4.0703125
292.0 2.34375
293.0 1.671875
294.0 6.421875
295.0 4.2109375
296.0 3.734375
297.0 4.609375
298.0 4.4296875
299.0 3.9453125
300.0 4.4765625
301.0 4.5703125
302.0 4.59375
303.0 4.6015625
304.0 4.453125
305.0 4.53125
306.0 4.546875
307.0 4.1171875
308.0 0.21875
309.0 7.9453125
310.0 4.578125
311.0 4.625
312.0 4.5625
313.0 1.9453125
314.0 7.0390625
315.0 3.90625
316.0 3.3828125
317.0 3.671875
318.0 3.7890625
319.0 3.296875
320.0 3.2578125
321.0 3.4921875
322.0 4.15625
323.0 4.203125
324.0 4.515625
325.0 4.4140625
326.0 4.2421875
327.0 1.796875
328.0 6.9609375
329.0 4.6796875
330.0 4.53125
331.0 4.3671875
332.0 3.1328125
333.0 6.1171875
334.0 4.484375
335.0 4.8046875
336.0 4.796875
337.0 4.6484375
338.0 4.03125
339.0 3.8515625
340.0 4.9296875
341.0 4.7109375
342.0 4.59375
343.0 4.7734375
344.0 4.75
345.0 1.734375
346.0 7.390625
347.0 3.8828125
348.0 4.03125
349.0 4.28125
350.0 1.3203125
351.0 7.90625
352.0 4.75
353.0 1.8671875
354.0 7.0390625
355.0 4.4140625
356.0 4.4296875
357.0 4.4140625
358.0 4.28125
359.0 4.515625
360.0 4.5
361.0 4.3828125
362.0 4.6328125
363.0 4.578125
364.0 4.3828125
365.0 4.3984375
366.0 2.0390625
367.0 4.5390625
368.0 4.0234375
369.0 4.453125
370.0 4.3203125
371.0 4.4453125
372.0 4.6640625
373.0 4.3671875
374.0 4.390625
375.0 4.4296875
376.0 4.328125
377.0 3.7578125
378.0 3.9921875
379.0 3.796875
380.0 3.9765625
381.0 0.0
382.0 8.2578125
383.0 4.3671875
384.0 4.6796875
385.0 4.5390625
386.0 4.0
387.0 1.2109375
388.0 6.6640625
389.0 4.5
390.0 3.34375
391.0 4.453125
392.0 4.46875
393.0 4.3984375
394.0 3.7578125
395.0 2.890625
396.0 3.46875
397.0 4.390625
398.0 3.34375
399.0 4.9609375
400.0 3.953125
401.0 3.640625
402.0 3.4296875
403.0 3.765625
404.0 3.8046875
405.0 3.734375
406.0 3.5546875
407.0 3.4140625
408.0 3.65625
409.0 3.6171875
410.0 3.9921875
411.0 3.671875
412.0 1.6875
413.0 6.2734375
414.0 4.421875
415.0 3.84375
416.0 2.1015625
417.0 2.8515625
418.0 0.3046875
419.0 6.828125
420.0 3.0546875
421.0 2.0390625
422.0 2.0703125
423.0 3.4765625
424.0 3.7734375
425.0 3.59375
426.0 4.171875
427.0 4.3046875
428.0 4.390625
429.0 4.0078125
430.0 4.1875
431.0 3.6796875
432.0 1.1328125
433.0 0.0
434.0 0.0
435.0 8.0625
436.0 4.1875
437.0 4.7578125
438.0 4.390625
439.0 4.390625
440.0 0.0
441.0 6.9296875
442.0 6.703125
443.0 3.65625
444.0 4.1171875
445.0 4.1015625
446.0 4.4140625
447.0 4.0234375
448.0 4.03125
449.0 3.53125
450.0 3.515625
451.0 3.84375
452.0 3.8203125
453.0 3.5859375
454.0 3.65625
455.0 3.5234375
456.0 3.8828125
457.0 3.5
458.0 3.9453125
459.0 3.9765625
460.0 2.609375
461.0 3.828125
462.0 3.890625
463.0 4.21875
464.0 3.7109375
465.0 3.7421875
466.0 3.0703125
467.0 0.0
468.0 8.390625
469.0 2.875
470.0 3.765625
471.0 3.875
472.0 0.21875
473.0 6.296875
474.0 1.703125
475.0 3.21875
476.0 3.5625
477.0 3.7578125
478.0 3.7734375
479.0 3.8515625
480.0 3.46875
481.0 3.6484375
482.0 4.0234375
483.0 4.15625
484.0 4.359375
485.0 4.09375
486.0 2.3046875
487.0 5.3671875
488.0 3.4921875
489.0 3.1796875
490.0 4.1171875
491.0 4.1484375
492.0 2.03125
493.0 0.0
494.0 0.2265625
495.0 7.8125
496.0 3.7265625
497.0 3.59375
498.0 2.9921875
499.0 3.59375
500.0 2.625
501.0 1.421875
502.0 1.046875
503.0 0.0
504.0 0.0
505.0 5.046875
506.0 1.078125
507.0 0.8828125
508.0 0.9375
509.0 0.765625
510.0 0.5078125
511.0 1.109375
512.0 1.4921875
513.0 1.6875
514.0 0.546875
515.0 0.5859375
516.0 1.1484375
517.0 1.359375
518.0 0.3046875
519.0 0.0
520.0 0.0
521.0 6.453125
522.0 2.453125
523.0 2.4765625
524.0 2.328125
525.0 2.8671875
526.0 4.1875
527.0 4.4140625
528.0 4.1796875
529.0 4.2421875
530.0 4.203125
531.0 4.3515625
532.0 3.7734375
533.0 4.9453125
534.0 3.96875
535.0 3.8828125
536.0 4.4140625
537.0 4.328125
538.0 4.03125
539.0 3.8828125
540.0 0.0
541.0 7.5234375
542.0 3.828125
543.0 0.96875
544.0 6.9609375
545.0 4.265625
546.0 3.1484375
547.0 3.0703125
548.0 3.625
549.0 2.953125
550.0 3.1328125
551.0 3.0234375
552.0 3.90625
553.0 3.859375
554.0 3.765625
555.0 3.671875
556.0 3.21875
557.0 1.640625
558.0 0.0
559.0 0.0
560.0 6.2734375
561.0 2.28125
562.0 3.8828125
563.0 3.6484375
564.0 3.5859375
565.0 3.9375
566.0 3.8046875
567.0 3.7578125
568.0 0.3125
569.0 6.3515625
570.0 4.0234375
571.0 4.0703125
572.0 4.0
573.0 3.3671875
574.0 2.7578125
575.0 0.0
576.0 5.078125
577.0 3.3125
578.0 3.671875
579.0 1.8046875
580.0 5.875
581.0 1.53125
582.0 6.125
583.0 3.7734375
584.0 3.8046875
585.0 3.5859375
586.0 3.5625
587.0 3.2578125
588.0 3.40625
589.0 3.2890625
590.0 3.3671875
591.0 1.5
592.0 5.015625
593.0 3.3828125
594.0 3.7265625
595.0 3.1171875
596.0 3.40625
597.0 3.609375
598.0 3.7265625
599.0 3.515625
