0.0 5.21875
1.0 2.484375
2.0 8.34375
3.0 5.53125
4.0 5.234375
5.0 5.3203125
6.0 5.2734375
7.0 5.25
8.0 3.5546875
9.0 5.7578125
10.0 5.3671875
11.0 5.6171875
12.0 5.515625
13.0 5.0703125
14.0 5.2578125
15.0 5.5234375
16.0 5.9453125
17.0 5.421875
18.0 5.5234375
19.0 5.828125
20.0 6.0234375
21.0 5.3125
22.0 1.796875
23.0 9.2734375
24.0 5.1328125
25.0 4.9921875
26.0 2.1953125
27.0 8.0546875
28.0 5.828125
29.0 5.421875
30.0 5.484375
31.0 5.4375
32.0 5.4375
33.0 5.2734375
34.0 4.859375
35.0 4.59375
36.0 5.6640625
37.0 5.84375
38.0 5.6171875
39.0 5.421875
40.0 5.640625
41.0 3.1796875
42.0 8.1796875
43.0 5.78125
44.0 5.6640625
45.0 5.6953125
46.0 5.75
47.0 5.5
48.0 5.3046875
49.0 5.28125
50.0 5.5625
51.0 5.5234375
52.0 5.9765625
53.0 5.7109375
54.0 5.9375
55.0 4.796875
56.0 6.9296875
57.0 5.84375
58.0 5.78125
59.0 6.4765625
60.0 3.3515625
61.0 8.46875
62.0 5.3671875
63.0 4.1875
64.0 4.515625
65.0 5.796875
66.0 5.7890625
67.0 5.2734375
68.0 5.8125
69.0 6.0390625
70.0 5.6171875
71.0 3.6796875
72.0 2.3671875
73.0 5.9375
74.0 5.375
75.0 5.375
76.0 5.703125
77.0 5.8515625
78.0 5.9375
79.0 6.03125
80.0 5.8515625
81.0 5.0078125
82.0 5.7109375
83.0 5.5859375
84.0 5.515625
85.0 5.3828125
86.0 0.546875
87.0 10.7109375
88.0 5.5625
89.0 3.1015625
90.0 8.0
91.0 5.8203125
92.0 5.78125
93.0 4.7109375
94.0 3.9921875
95.0 5.109375
96.0 5.109375
97.0 5.171875
98.0 5.171875
99.0 5.78125
100.0 5.4609375
101.0 5.671875
102.0 5.3515625
103.0 1.3515625
104.0 9.609375
105.0 3.3515625
106.0 8.1171875
107.0 5.8203125
108.0 5.8828125
109.0 5.890625
110.0 5.9921875
111.0 3.40625
112.0 7.8359375
113.0 5.9296875
114.0 5.8515625
115.0 3.2578125
116.0 6.703125
117.0 4.6875
118.0 5.78125
119.0 6.265625
120.0 5.8125
121.0 6.359375
122.0 5.5234375
123.0 5.4609375
124.0 5.2734375
125.0 3.1015625
126.0 3.875
127.0 5.8828125
128.0 5.90625
129.0 3.4765625
130.0 8.0625
131.0 4.7734375
132.0 3.625
133.0 2.78125
134.0 7.8125
135.0 4.828125
136.0 4.8046875
137.0 4.6875
138.0 5.1328125
139.0 5.5546875
140.0 4.4453125
141.0 4.8125
142.0 5.3046875
143.0 4.9765625
144.0 5.1875
145.0 5.34375
146.0 3.765625
147.0 7.9609375
148.0 4.6484375
149.0 5.8828125
150.0 5.171875
151.0 2.609375
152.0 8.8359375
153.0 5.21875
154.0 4.84375
155.0 6.0
156.0 5.5546875
157.0 4.6015625
158.0 3.5234375
159.0 6.9296875
160.0 4.8359375
161.0 4.3984375
162.0 6.171875
163.0 5.3359375
164.0 3.5859375
165.0 5.5546875
166.0 5.53125
167.0 6.296875
168.0 5.6015625
169.0 5.5625
170.0 3.8203125
171.0 5.1328125
172.0 6.0546875
173.0 2.8515625
174.0 7.84375
175.0 5.3203125
176.0 5.5234375
177.0 4.0078125
178.0 7.578125
179.0 5.6328125
180.0 5.53125
181.0 5.078125
182.0 4.28125
183.0 5.84375
184.0 5.734375
185.0 5.453125
186.0 2.71875
187.0 4.5625
188.0 4.4140625
189.0 4.4453125
190.0 4.71875
191.0 5.1640625
192.0 5.0234375
193.0 5.46875
194.0 5.3828125
195.0 5.4296875
196.0 4.8671875
197.0 5.234375
198.0 4.9765625
199.0 4.0859375
200.0 0.21875
201.0 7.6875
202.0 5.140625
203.0 5.1328125
204.0 5.25
205.0 5.1953125
206.0 5.2890625
207.0 5.25
208.0 5.5859375
209.0 5.7109375
210.0 5.8515625
211.0 5.703125
212.0 5.515625
213.0 4.0390625
214.0 7.2109375
215.0 4.859375
216.0 4.21875
217.0 5.453125
218.0 5.5234375
219.0 4.125
220.0 6.9921875
221.0 5.5
222.0 5.15625
223.0 2.1484375
224.0 4.9296875
225.0 2.3359375
226.0 5.5234375
227.0 5.6953125
228.0 5.6640625
229.0 3.3125
230.0 7.8984375
231.0 5.375
232.0 4.75
233.0 5.109375
234.0 5.6015625
235.0 5.78125
236.0 6.0625
237.0 5.6796875
238.0 5.890625
239.0 6.0078125
240.0 5.6640625
241.0 5.734375
242.0 5.7265625
243.0 5.703125
244.0 4.2109375
245.0 7.1015625
246.0 5.28125
247.0 5.28125
248.0 5.5234375
249.0 4.921875
250.0 0.2265625
251.0 8.8671875
252.0 5.2890625
253.0 6.109375
254.0 5.3515625
255.0 5.5234375
256.0 5.1953125
257.0 4.78125
258.0 3.9921875
259.0 5.140625
260.0 5.3671875
261.0 5.3125
262.0 5.2734375
263.0 3.6171875
264.0 6.09375
265.0 3.9375
266.0 4.1328125
267.0 3.609375
268.0 0.7265625
269.0 8.65625
270.0 5.4609375
271.0 5.171875
272.0 5.1953125
273.0 5.0234375
274.0 5.1640625
275.0 5.078125
276.0 5.0078125
277.0 4.3359375
278.0 3.765625
279.0 4.2421875
280.0 3.1328125
281.0 0.0
282.0 7.1015625
283.0 4.625
284.0 5.15625
285.0 3.6171875
286.0 8.0234375
287.0 5.140625
288.0 5.3828125
289.0 5.28125
290.0 5.2734375
291.0 5.1875
292.0 5.4609375
293.0 5.578125
294.0 5.25
295.0 5.2890625
296.0 5.578125
297.0 5.7890625
298.0 4.7421875
299.0 6.0390625
300.0 5.671875
301.0 5.4296875
302.0 5.5859375
303.0 5.0546875
304.0 3.96875
305.0 7.078125
306.0 5.1953125
307.0 4.9296875
308.0 4.6875
309.0 3.875
310.0 3.921875
311.0 4.546875
312.0 5.171875
313.0 4.9296875
314.0 4.09375
315.0 5.4609375
316.0 5.40625
317.0 5.2734375
318.0 1.421875
319.0 9.2265625
320.0 4.90625
321.0 4.609375
322.0 1.734375
323.0 0.2109375
324.0 0.0
325.0 5.078125
326.0 4.2421875
327.0 5.4375
328.0 5.34375
329.0 4.921875
330.0 5.046875
331.0 5.0859375
332.0 5.109375
333.0 4.984375
334.0 4.875
335.0 5.3125
336.0 5.2734375
337.0 5.234375
338.0 0.8359375
339.0 9.6640625
340.0 5.4375
341.0 4.9921875
342.0 5.2578125
343.0 5.9453125
344.0 5.5625
345.0 2.7421875
346.0 8.46875
347.0 5.21875
348.0 5.875
349.0 5.78125
350.0 5.671875
351.0 5.2890625
352.0 5.4921875
353.0 3.328125
354.0 7.6171875
355.0 5.609375
356.0 5.53125
357.0 3.234375
358.0 7.9296875
359.0 5.796875
360.0 5.9609375
361.0 3.5625
362.0 7.9296875
363.0 5.9140625
364.0 5.7578125
365.0 5.8515625
366.0 6.0546875
367.0 5.9453125
368.0 6.0859375
369.0 5.75
370.0 5.796875
371.0 5.9921875
372.0 5.6484375
373.0 5.6328125
374.0 6.0546875
375.0 5.8125
376.0 1.1953125
377.0 9.625
378.0 5.5546875
379.0 5.4609375
380.0 5.40625
381.0 4.203125
382.0 6.9453125
383.0 5.8203125
384.0 5.6640625
385.0 5.6640625
386.0 5.4609375
387.0 5.796875
388.0 6.0078125
389.0 5.7890625
390.0 5.75
391.0 5.4609375
392.0 5.2265625
393.0 5.5859375
394.0 1.4453125
395.0 9.8515625
396.0 5.453125
397.0 5.234375
398.0 5.3203125
399.0 5.078125
400.0 4.25
401.0 1.0546875
402.0 7.3671875
403.0 5.34375
404.0 5.3046875
405.0 5.34375
406.0 4.296875
407.0 3.3515625
408.0 3.578125
409.0 3.3828125
410.0 4.6015625
411.0 5.84375
412.0 5.78125
413.0 5.609375
414.0 2.8984375
415.0 7.34375
416.0 5.3984375
417.0 5.1640625
418.0 3.546875
419.0 6.5859375
420.0 5.546875
421.0 3.2890625
422.0 4.21875
423.0 4.546875
424.0 2.8515625
425.0 4.2109375
426.0 4.4453125
427.0 4.4140625
428.0 4.828125
429.0 3.4296875
430.0 4.0546875
431.0 4.6953125
432.0 2.0
433.0 6.8828125
434.0 4.3203125
435.0 5.1875
436.0 6.03125
437.0 6.03125
438.0 4.3984375
439.0 7.6875
440.0 6.0625
441.0 6.1171875
442.0 6.2578125
443.0 6.0625
444.0 6.1171875
445.0 5.90625
446.0 6.5
447.0 6.2890625
448.0 6.1796875
449.0 5.9453125
450.0 6.2734375
451.0 3.4296875
452.0 8.9765625
453.0 6.1484375
454.0 5.578125
455.0 6.2890625
456.0 5.84375
457.0 5.9921875
458.0 5.7890625
459.0 5.734375
460.0 5.84375
461.0 5.9453125
462.0 5.671875
463.0 5.8515625
464.0 5.8125
465.0 5.84375
466.0 5.9140625
467.0 5.9296875
468.0 2.8671875
469.0 6.71875
470.0 5.5
471.0 6.03125
472.0 6.2734375
473.0 6.1875
474.0 2.65625
475.0 7.1875
476.0 9.046875
477.0 5.8203125
478.0 6.0390625
479.0 6.203125
480.0 5.609375
481.0 3.296875
482.0 7.7578125
483.0 6.265625
484.0 5.859375
485.0 3.4765625
486.0 8.140625
487.0 5.7578125
488.0 5.8125
489.0 5.9765625
490.0 5.6328125
491.0 5.6015625
492.0 6.0859375
493.0 6.234375
494.0 6.125
495.0 6.2421875
496.0 6.4140625
497.0 6.5859375
498.0 5.7265625
499.0 5.7109375
500.0 5.9921875
501.0 6.2265625
502.0 6.5703125
503.0 6.1796875
504.0 1.9140625
505.0 8.3515625
506.0 8.5
507.0 6.296875
508.0 5.84375
509.0 5.578125
510.0 5.7265625
511.0 5.7265625
512.0 5.703125
513.0 5.6015625
514.0 5.5625
515.0 5.7890625
516.0 5.78125
517.0 5.3046875
518.0 5.765625
519.0 5.0078125
520.0 6.484375
521.0 5.9296875
522.0 5.703125
523.0 5.9140625
524.0 6.0390625
525.0 1.5234375
526.0 10.4375
527.0 5.453125
528.0 5.578125
529.0 5.8125
530.0 6.203125
531.0 6.234375
532.0 6.3671875
533.0 6.125
534.0 5.5
535.0 4.8671875
536.0 0.6953125
537.0 10.078125
538.0 5.546875
539.0 5.75
540.0 5.578125
541.0 5.2578125
542.0 5.96875
543.0 5.46875
544.0 1.1796875
545.0 8.015625
546.0 8.328125
547.0 5.40625
548.0 5.4375
549.0 5.53125
550.0 5.40625
551.0 5.796875
552.0 5.3828125
553.0 5.6640625
554.0 5.6640625
555.0 5.6171875
556.0 4.9296875
557.0 4.3671875
558.0 5.25
559.0 3.5
560.0 7.3984375
561.0 5.2265625
562.0 5.34375
563.0 5.75
564.0 5.5546875
565.0 5.0390625
566.0 5.078125
567.0 5.6328125
568.0 5.421875
569.0 5.4609375
570.0 5.9140625
571.0 5.3203125
572.0 5.6484375
573.0 5.5234375
574.0 5.734375
575.0 4.3828125
576.0 4.296875
577.0 5.53125
578.0 5.578125
579.0 1.03125
580.0 10.3515625
581.0 4.890625
582.0 1.890625
583.0 0.0078125
584.0 8.828125
585.0 5.8828125
586.0 5.3828125
587.0 3.296875
588.0 8.171875
589.0 5.6015625
590.0 5.4296875
591.0 3.4375
592.0 7.6953125
593.0 3.34375
594.0 8.0234375
595.0 5.5546875
596.0 5.9375
597.0 5.9453125
598.0 5.96875
599.0 5.6640625
