0.0 5.4375
1.0 5.671875
2.0 5.078125
3.0 5.3046875
4.0 5.125
5.0 5.9609375
6.0 6.0859375
7.0 5.9765625
8.0 3.84375
9.0 8.8046875
10.0 5.9765625
11.0 5.6953125
12.0 4.6484375
13.0 5.453125
14.0 5.21875
15.0 3.9453125
16.0 7.3046875
17.0 5.078125
18.0 5.7890625
19.0 5.3046875
20.0 5.96875
21.0 6.0078125
22.0 4.8359375
23.0 6.3671875
24.0 4.6484375
25.0 4.1171875
26.0 6.1171875
27.0 4.515625
28.0 1.8828125
29.0 9.125
30.0 6.5390625
31.0 6.8359375
32.0 6.6171875
33.0 6.5
34.0 5.484375
35.0 6.234375
36.0 5.9140625
37.0 6.0
38.0 5.0390625
39.0 2.890625
40.0 5.5
41.0 5.7265625
42.0 5.578125
43.0 5.890625
44.0 5.9765625
45.0 6.125
46.0 6.1171875
47.0 5.9453125
48.0 6.3671875
49.0 6.2734375
50.0 5.6328125
51.0 4.75
52.0 1.2265625
53.0 8.75
54.0 5.4375
55.0 5.3515625
56.0 5.5859375
57.0 6.5703125
58.0 2.9609375
59.0 8.9765625
60.0 6.7421875
61.0 6.3515625
62.0 6.03125
63.0 6.3046875
64.0 6.2578125
65.0 5.6640625
66.0 5.6484375
67.0 6.2109375
68.0 6.4140625
69.0 6.703125
70.0 6.0390625
71.0 5.78125
72.0 5.96875
73.0 5.9765625
74.0 6.5390625
75.0 5.46875
76.0 6.0859375
77.0 7.046875
78.0 6.828125
79.0 6.4453125
80.0 6.1171875
81.0 5.890625
82.0 1.8984375
83.0 10.0859375
84.0 6.2421875
85.0 6.2734375
86.0 6.2578125
87.0 6.125
88.0 6.7109375
89.0 5.9453125
90.0 6.140625
91.0 6.328125
92.0 6.125
93.0 5.75
94.0 6.421875
95.0 6.46875
96.0 6.1484375
97.0 5.9453125
98.0 6.2734375
99.0 6.2578125
100.0 2.3359375
101.0 9.8515625
102.0 5.2265625
103.0 3.296875
104.0 7.5390625
105.0 5.9296875
106.0 5.2265625
107.0 5.34375
108.0 5.25
109.0 5.125
110.0 4.8671875
111.0 3.96875
112.0 3.34375
113.0 4.21875
114.0 5.1953125
115.0 4.90625
116.0 3.4140625
117.0 0.0
118.0 8.734375
119.0 4.5625
120.0 4.390625
121.0 2.328125
122.0 0.5390625
123.0 0.0
124.0 5.421875
125.0 1.8203125
126.0 1.8359375
127.0 3.8515625
128.0 4.1328125
129.0 4.125
130.0 4.1015625
131.0 4.0625
132.0 4.859375
133.0 6.3203125
134.0 6.59375
135.0 5.609375
136.0 5.46875
137.0 4.9609375
138.0 1.59375
139.0 6.2734375
140.0 2.78125
141.0 3.1484375
142.0 5.21875
143.0 5.0859375
144.0 3.3828125
145.0 7.734375
146.0 5.3828125
147.0 2.5390625
148.0 2.265625
149.0 0.0
150.0 6.3203125
151.0 4.21875
152.0 4.6796875
153.0 5.171875
154.0 4.359375
155.0 4.25
156.0 4.28125
157.0 4.03125
158.0 3.5234375
159.0 5.140625
160.0 5.6328125
161.0 5.578125
162.0 5.2890625
163.0 1.1484375
164.0 8.2890625
165.0 4.3671875
166.0 2.8046875
167.0 4.953125
168.0 5.3515625
169.0 5.078125
170.0 5.3515625
171.0 5.25
172.0 5.28125
173.0 5.453125
174.0 4.9296875
175.0 4.8671875
176.0 5.0859375
177.0 4.6484375
178.0 0.9921875
179.0 8.5234375
180.0 3.8203125
181.0 3.5
182.0 3.4140625
183.0 3.8046875
184.0 4.2734375
185.0 4.1015625
186.0 1.6484375
187.0 2.6328125
188.0 2.65625
189.0 2.21875
190.0 0.0
191.0 7.9375
192.0 5.46875
193.0 5.3046875
194.0 4.84375
195.0 4.921875
196.0 5.4609375
197.0 5.0703125
198.0 5.7265625
199.0 5.9375
200.0 5.9765625
201.0 5.5546875
202.0 2.28125
203.0 9.59375
204.0 5.25
205.0 2.90625
206.0 2.1640625
207.0 6.625
208.0 5.859375
209.0 5.25
210.0 5.5625
211.0 5.6484375
212.0 5.859375
213.0 4.7734375
214.0 3.9140625
215.0 4.90625
216.0 3.53125
217.0 3.9921875
218.0 4.7734375
219.0 3.828125
220.0 2.1015625
221.0 1.359375
222.0 1.8515625
223.0 4.6015625
224.0 5.5
225.0 5.078125
226.0 5.6171875
227.0 6.0234375
228.0 5.6484375
229.0 3.7109375
230.0 7.765625
231.0 5.1015625
232.0 5.671875
233.0 3.6953125
234.0 7.046875
235.0 5.5859375
236.0 5.34375
237.0 5.1953125
238.0 5.3671875
239.0 4.125
240.0 3.515625
241.0 5.203125
242.0 5.140625
243.0 5.2890625
244.0 5.4375
245.0 4.578125
246.0 5.8828125
247.0 5.6015625
248.0 5.6484375
249.0 5.421875
250.0 5.703125
251.0 2.3125
252.0 9.453125
253.0 5.90625
254.0 5.453125
255.0 5.1640625
256.0 5.78125
257.0 5.2578125
258.0 5.25
259.0 5.234375
260.0 6.0078125
261.0 5.015625
262.0 3.3515625
263.0 1.421875
264.0 8.953125
265.0 5.4375
266.0 5.34375
267.0 4.6328125
268.0 2.890625
269.0 8.671875
270.0 5.40625
271.0 5.171875
272.0 4.71875
273.0 5.15625
274.0 4.859375
275.0 5.125
276.0 5.1640625
277.0 4.71875
278.0 4.8125
279.0 5.1015625
280.0 4.3828125
281.0 5.109375
282.0 4.0390625
283.0 2.984375
284.0 4.9453125
285.0 3.9765625
286.0 3.8515625
287.0 3.546875
288.0 2.515625
289.0 2.59375
290.0 2.84375
291.0 3.0234375
292.0 2.7421875
293.0 2.7109375
294.0 2.953125
295.0 3.078125
296.0 2.7265625
297.0 0.71875
298.0 0.0
299.0 7.046875
300.0 0.6328125
301.0 4.6953125
302.0 3.0703125
303.0 2.7578125
304.0 3.078125
305.0 2.625
306.0 3.703125
307.0 3.921875
308.0 4.1875
309.0 3.734375
310.0 1.078125
311.0 6.1875
312.0 1.96875
313.0 1.9453125
314.0 3.0234375
315.0 2.4609375
316.0 2.6640625
317.0 4.0859375
318.0 3.796875
319.0 3.2890625
320.0 2.8984375
321.0 3.203125
322.0 3.734375
323.0 2.28125
324.0 0.1953125
325.0 6.078125
326.0 2.953125
327.0 2.4765625
328.0 2.28125
329.0 3.9765625
330.0 4.21875
331.0 4.2421875
332.0 4.5390625
333.0 5.0859375
334.0 3.8203125
335.0 5.3984375
336.0 3.171875
337.0 2.59375
338.0 3.265625
339.0 4.21875
340.0 2.8671875
341.0 3.40625
342.0 4.328125
343.0 3.65625
344.0 1.3125
345.0 1.0859375
346.0 2.21875
347.0 3.1640625
348.0 1.296875
349.0 0.0
350.0 5.4296875
351.0 0.0
352.0 4.9609375
353.0 1.5625
354.0 2.296875
355.0 1.8515625
356.0 1.4765625
357.0 1.765625
358.0 1.2890625
359.0 1.0625
360.0 1.34375
361.0 1.7734375
362.0 2.1953125
363.0 1.890625
364.0 1.6875
365.0 2.1640625
366.0 0.2109375
367.0 6.4765625
368.0 3.640625
369.0 3.4296875
370.0 4.234375
371.0 4.125
372.0 1.9140625
373.0 6.203125
374.0 3.8046875
375.0 3.875
376.0 5.171875
377.0 4.578125
378.0 5.0703125
379.0 4.8359375
380.0 3.1171875
381.0 5.015625
382.0 3.1953125
383.0 3.8515625
384.0 3.890625
385.0 1.9765625
386.0 9.265625
387.0 3.8046875
388.0 3.25
389.0 2.125
390.0 0.0
391.0 7.5546875
392.0 2.84375
393.0 4.421875
394.0 4.78125
395.0 4.21875
396.0 4.0625
397.0 3.515625
398.0 5.015625
399.0 4.4765625
400.0 4.421875
401.0 4.3515625
402.0 3.609375
403.0 0.8203125
404.0 5.96875
405.0 4.625
406.0 4.203125
407.0 3.7734375
408.0 3.921875
409.0 4.6875
410.0 4.59375
411.0 1.640625
412.0 0.0
413.0 6.234375
414.0 2.4765625
415.0 3.046875
416.0 4.2421875
417.0 4.234375
418.0 3.078125
419.0 4.8125
420.0 4.796875
421.0 4.4765625
422.0 3.109375
423.0 2.125
424.0 2.1484375
425.0 2.0390625
426.0 1.6875
427.0 1.4921875
428.0 3.1171875
429.0 3.9453125
430.0 1.9765625
431.0 1.5
432.0 0.0
433.0 0.0
434.0 5.703125
435.0 1.015625
436.0 1.984375
437.0 1.5390625
438.0 1.8828125
439.0 2.7265625
440.0 2.046875
441.0 1.4921875
442.0 0.6953125
443.0 4.484375
444.0 3.671875
445.0 2.015625
446.0 2.1015625
447.0 3.640625
448.0 2.4765625
449.0 2.5390625
450.0 4.453125
451.0 4.8046875
452.0 4.7734375
453.0 4.921875
454.0 4.984375
455.0 4.78125
456.0 1.9453125
457.0 0.671875
458.0 8.9453125
459.0 4.2734375
460.0 4.0234375
461.0 4.953125
462.0 4.8984375
463.0 4.8125
464.0 1.2890625
465.0 7.6328125
466.0 1.3203125
467.0 0.9609375
468.0 1.59375
469.0 4.0625
470.0 4.1328125
471.0 4.1484375
472.0 2.7578125
473.0 2.7265625
474.0 3.0703125
475.0 3.625
476.0 3.1640625
477.0 2.0859375
478.0 0.0
479.0 7.9453125
480.0 1.328125
481.0 7.109375
482.0 3.28125
483.0 3.7734375
484.0 3.4453125
485.0 4.546875
486.0 5.234375
487.0 3.46875
488.0 3.609375
489.0 2.7265625
490.0 3.546875
491.0 4.1875
492.0 4.9765625
493.0 4.546875
494.0 1.96875
495.0 6.59375
496.0 5.1015625
497.0 4.6640625
498.0 1.65625
499.0 8.7421875
500.0 3.7890625
501.0 3.5625
502.0 3.234375
503.0 3.21875
504.0 2.5390625
505.0 4.25
506.0 3.546875
507.0 3.703125
508.0 3.8828125
509.0 3.078125
510.0 1.3203125
511.0 0.0
512.0 4.6015625
513.0 1.0625
514.0 0.40625
515.0 0.46875
516.0 0.6015625
517.0 0.65625
518.0 0.578125
519.0 0.6328125
520.0 0.453125
521.0 0.375
522.0 0.4296875
523.0 0.78125
524.0 1.609375
525.0 1.3515625
526.0 1.8828125
527.0 2.375
528.0 1.5078125
529.0 0.0
530.0 0.40625
531.0 6.7734375
532.0 2.390625
533.0 2.3671875
534.0 2.484375
535.0 1.4453125
536.0 5.6484375
537.0 2.78125
538.0 2.7421875
539.0 3.4296875
540.0 3.3984375
541.0 3.1796875
542.0 3.015625
543.0 2.8046875
544.0 2.3359375
545.0 0.9921875
546.0 1.34375
547.0 3.2890625
548.0 4.1015625
549.0 0.484375
550.0 8.8671875
551.0 4.359375
552.0 4.5078125
553.0 4.0234375
554.0 5.3984375
555.0 4.6484375
556.0 4.0390625
557.0 4.5703125
558.0 5.2578125
559.0 5.0078125
560.0 4.78125
561.0 3.9921875
562.0 5.1015625
563.0 5.6015625
564.0 5.6796875
565.0 5.2578125
566.0 5.703125
567.0 5.546875
568.0 5.3984375
569.0 4.9453125
570.0 4.171875
571.0 4.609375
572.0 4.0859375
573.0 3.34375
574.0 3.84375
575.0 4.75
576.0 0.1875
577.0 6.6171875
578.0 3.65625
579.0 5.453125
580.0 5.375
581.0 1.2578125
582.0 9.3046875
583.0 6.140625
584.0 5.9921875
585.0 5.9609375
586.0 5.6796875
587.0 5.015625
588.0 5.6328125
589.0 5.4296875
590.0 5.8203125
591.0 6.359375
592.0 6.484375
593.0 0.8984375
594.0 9.2734375
595.0 6.5390625
596.0 6.734375
597.0 4.6875
598.0 8.828125
599.0 6.84375
