0.0 5.671875
1.0 5.375
2.0 5.140625
3.0 5.015625
4.0 1.6484375
5.0 0.3046875
6.0 10.34375
7.0 6.140625
8.0 6.2734375
9.0 6.390625
10.0 6.2109375
11.0 2.296875
12.0 0.375
13.0 6.03125
14.0 1.40625
15.0 1.109375
16.0 1.4375
17.0 3.203125
18.0 6.328125
19.0 5.875
20.0 4.3515625
21.0 3.140625
22.0 6.8046875
23.0 6.1875
24.0 6.40625
25.0 7.3359375
26.0 4.3828125
27.0 6.4375
28.0 7.2890625
29.0 6.703125
30.0 6.5078125
31.0 4.53125
32.0 7.9921875
33.0 4.46875
34.0 8.015625
35.0 6.2578125
36.0 5.859375
37.0 4.9921875
38.0 6.8125
39.0 4.75
40.0 7.5390625
41.0 6.5078125
42.0 6.65625
43.0 3.90625
44.0 5.0859375
45.0 5.7578125
46.0 5.8515625
47.0 3.65625
48.0 5.3359375
49.0 4.5703125
50.0 5.1640625
51.0 5.7265625
52.0 5.546875
53.0 5.6171875
54.0 3.0546875
55.0 9.3984375
56.0 3.625
57.0 1.609375
58.0 0.0
59.0 5.2578125
60.0 2.2734375
61.0 3.171875
62.0 4.8984375
63.0 3.3203125
64.0 2.9609375
65.0 4.3984375
66.0 5.703125
67.0 4.6015625
68.0 5.0390625
69.0 4.1015625
70.0 4.2421875
71.0 4.9453125
72.0 1.6875
73.0 0.9453125
74.0 5.8828125
75.0 0.9375
76.0 0.078125
77.0 3.40625
78.0 2.84375
79.0 4.6640625
80.0 5.2890625
81.0 4.4453125
82.0 0.0
83.0 6.078125
84.0 5.9140625
85.0 3.5234375
86.0 4.71875
87.0 5.6796875
88.0 6.296875
89.0 6.0625
90.0 3.5625
91.0 6.5703125
92.0 4.90625
93.0 5.90625
94.0 6.4453125
95.0 4.71875
96.0 5.3828125
97.0 4.4453125
98.0 5.3046875
99.0 5.078125
100.0 4.8671875
101.0 5.3359375
102.0 2.7578125
103.0 7.6875
104.0 5.2265625
105.0 5.4921875
106.0 5.5546875
107.0 1.828125
108.0 9.2109375
109.0 5.546875
110.0 5.9921875
111.0 6.0859375
112.0 6.3671875
113.0 6.1171875
114.0 7.0078125
115.0 6.984375
116.0 7.015625
117.0 5.3671875
118.0 4.1015625
119.0 6.421875
120.0 3.328125
121.0 0.0
122.0 7.3203125
123.0 0.4375
124.0 3.515625
125.0 6.421875
126.0 6.5625
127.0 2.4921875
128.0 10.46875
129.0 6.6484375
130.0 6.515625
131.0 6.2890625
132.0 6.390625
133.0 6.4765625
134.0 6.421875
135.0 6.3671875
136.0 6.625
137.0 6.46875
138.0 4.6015625
139.0 6.0546875
140.0 5.9140625
141.0 7.125
142.0 6.8984375
143.0 7.0078125
144.0 6.5703125
145.0 6.4140625
146.0 6.53125
147.0 6.78125
148.0 6.3359375
149.0 5.859375
150.0 4.0625
151.0 4.265625
152.0 4.6796875
153.0 3.1953125
154.0 5.2265625
155.0 4.2421875
156.0 3.921875
157.0 4.9296875
158.0 5.40625
159.0 5.9296875
160.0 5.3046875
161.0 5.1328125
162.0 5.1015625
163.0 5.21875
164.0 5.34375
165.0 5.2265625
166.0 4.171875
167.0 4.265625
168.0 5.6328125
169.0 3.59375
170.0 6.265625
171.0 4.8046875
172.0 4.46875
173.0 4.1015625
174.0 4.0
175.0 4.6640625
176.0 5.609375
177.0 5.15625
178.0 5.3671875
179.0 5.25
180.0 5.0390625
181.0 4.4765625
182.0 4.265625
183.0 1.1796875
184.0 8.421875
185.0 5.5
186.0 5.5234375
187.0 5.2734375
188.0 4.265625
189.0 7.515625
190.0 6.7421875
191.0 6.8984375
192.0 6.8359375
193.0 5.1328125
194.0 5.34375
195.0 5.1015625
196.0 6.515625
197.0 6.3515625
198.0 4.8125
199.0 3.109375
200.0 4.6796875
201.0 6.6171875
202.0 6.4765625
203.0 6.2578125
204.0 6.2890625
205.0 6.234375
206.0 6.6875
207.0 6.484375
208.0 2.2109375
209.0 10.4140625
210.0 5.171875
211.0 3.40625
212.0 2.015625
213.0 7.1015625
214.0 5.8828125
215.0 6.265625
216.0 5.875
217.0 6.15625
218.0 6.296875
219.0 5.15625
220.0 4.4453125
221.0 3.640625
222.0 3.0703125
223.0 0.6328125
224.0 8.1953125
225.0 4.6015625
226.0 4.84375
227.0 4.828125
228.0 4.53125
229.0 5.0078125
230.0 5.28125
231.0 4.9765625
232.0 4.6953125
233.0 3.3515625
234.0 4.546875
235.0 3.640625
236.0 1.65625
237.0 6.7734375
238.0 4.421875
239.0 3.625
240.0 3.25
241.0 3.0546875
242.0 0.9375
243.0 0.0
244.0 5.0859375
245.0 2.96875
246.0 3.1484375
247.0 3.3125
248.0 3.640625
249.0 3.0546875
250.0 3.1796875
251.0 3.7109375
252.0 5.3984375
253.0 4.953125
254.0 4.7109375
255.0 5.6328125
256.0 6.03125
257.0 5.8515625
258.0 1.0625
259.0 10.7578125
260.0 6.53125
261.0 4.46875
262.0 8.03125
263.0 6.9609375
264.0 5.0859375
265.0 6.1796875
266.0 6.9296875
267.0 6.5078125
268.0 5.8515625
269.0 5.2578125
270.0 6.921875
271.0 6.1171875
272.0 6.3515625
273.0 6.8359375
274.0 1.4765625
275.0 9.046875
276.0 8.2421875
277.0 6.03125
278.0 6.0390625
279.0 5.0859375
280.0 4.65625
281.0 3.6171875
282.0 5.2890625
283.0 4.609375
284.0 5.2734375
285.0 5.8203125
286.0 3.921875
287.0 5.2265625
288.0 6.4453125
289.0 5.609375
290.0 5.4921875
291.0 3.765625
292.0 7.515625
293.0 5.015625
294.0 5.015625
295.0 5.5546875
296.0 5.4921875
297.0 6.53125
298.0 6.53125
299.0 4.90625
300.0 3.625
301.0 2.4609375
302.0 5.578125
303.0 5.1015625
304.0 7.2421875
305.0 3.296875
306.0 3.5859375
307.0 5.5
308.0 6.1875
309.0 5.734375
310.0 6.390625
311.0 5.1328125
312.0 3.40625
313.0 3.59375
314.0 6.3046875
315.0 4.5625
316.0 2.3984375
317.0 6.2265625
318.0 4.1796875
319.0 4.5
320.0 5.15625
321.0 6.265625
322.0 4.859375
323.0 3.6484375
324.0 1.5234375
325.0 8.4609375
326.0 5.0546875
327.0 6.2734375
328.0 5.1328125
329.0 4.921875
330.0 3.171875
331.0 8.2421875
332.0 6.15625
333.0 6.2578125
334.0 6.421875
335.0 6.390625
336.0 5.1640625
337.0 6.359375
338.0 6.6875
339.0 6.7421875
340.0 6.4453125
341.0 6.171875
342.0 6.859375
343.0 4.625
344.0 9.0703125
345.0 6.9140625
346.0 6.6484375
347.0 3.21875
348.0 10.65625
349.0 6.71875
350.0 6.484375
351.0 5.5859375
352.0 4.203125
353.0 5.796875
354.0 5.7265625
355.0 6.296875
356.0 6.328125
357.0 6.5
358.0 6.2578125
359.0 3.7890625
360.0 7.546875
361.0 5.9140625
362.0 6.0234375
363.0 6.8671875
364.0 6.0390625
365.0 4.4296875
366.0 4.7421875
367.0 4.8125
368.0 4.5078125
369.0 5.765625
370.0 5.96875
371.0 5.9765625
372.0 6.0234375
373.0 6.1171875
374.0 3.796875
375.0 7.4375
376.0 6.6015625
377.0 5.6640625
378.0 5.75
379.0 1.6484375
380.0 0.7890625
381.0 5.875
382.0 4.9765625
383.0 5.7890625
384.0 4.6015625
385.0 6.09375
386.0 6.6875
387.0 5.4921875
388.0 5.40625
389.0 3.4765625
390.0 3.3203125
391.0 4.609375
392.0 6.0
393.0 2.7890625
394.0 5.8203125
395.0 4.625
396.0 8.171875
397.0 5.578125
398.0 5.90625
399.0 5.7578125
400.0 5.8125
401.0 6.3359375
402.0 6.5703125
403.0 6.78125
404.0 6.8359375
405.0 6.78125
406.0 6.296875
407.0 6.515625
408.0 6.6328125
409.0 3.5546875
410.0 9.25
411.0 6.421875
412.0 6.1875
413.0 7.3046875
414.0 7.2890625
415.0 6.9140625
416.0 6.5703125
417.0 6.796875
418.0 6.734375
419.0 6.8671875
420.0 6.890625
421.0 5.7265625
422.0 5.375
423.0 6.4453125
424.0 6.6015625
425.0 3.59375
426.0 5.015625
427.0 5.9296875
428.0 5.46875
429.0 5.453125
430.0 3.8828125
431.0 1.2578125
432.0 8.7734375
433.0 5.9921875
434.0 6.5625
435.0 5.7890625
436.0 7.21875
437.0 6.71875
438.0 6.6796875
439.0 6.484375
440.0 4.59375
441.0 5.453125
442.0 5.84375
443.0 3.3203125
444.0 0.8046875
445.0 0.0
446.0 0.0
447.0 8.1484375
448.0 6.2890625
449.0 6.125
450.0 6.296875
451.0 6.40625
452.0 6.2109375
453.0 5.9609375
454.0 6.3828125
455.0 5.5625
456.0 6.265625
457.0 6.3046875
458.0 6.109375
459.0 4.6015625
460.0 4.9296875
461.0 6.4140625
462.0 6.1875
463.0 6.2421875
464.0 6.3671875
465.0 4.421875
466.0 7.8125
467.0 6.0546875
468.0 5.734375
469.0 2.7421875
470.0 0.0
471.0 6.8046875
472.0 5.8515625
473.0 5.796875
474.0 6.171875
475.0 6.5546875
476.0 4.7265625
477.0 6.796875
478.0 4.625
479.0 0.6640625
480.0 7.96875
481.0 3.609375
482.0 2.71875
483.0 4.484375
484.0 4.78125
485.0 1.65625
486.0 1.2890625
487.0 2.3046875
488.0 2.7109375
489.0 2.6953125
490.0 4.3671875
491.0 3.4140625
492.0 0.0
493.0 7.1328125
494.0 3.21875
495.0 4.5625
496.0 5.4375
497.0 5.4609375
498.0 4.9609375
499.0 4.1171875
500.0 2.0
501.0 6.3046875
502.0 3.84375
503.0 4.125
504.0 4.2421875
505.0 3.34375
506.0 0.1328125
507.0 0.2265625
508.0 7.390625
509.0 4.9921875
510.0 3.4296875
511.0 2.6015625
512.0 2.4296875
513.0 2.4609375
514.0 2.265625
515.0 2.7578125
516.0 4.7421875
517.0 3.25
518.0 4.5
519.0 2.21875
520.0 5.5625
521.0 3.7890625
522.0 6.3515625
523.0 4.9609375
524.0 4.8125
525.0 5.0703125
526.0 4.84375
527.0 4.53125
528.0 5.015625
529.0 5.2265625
530.0 4.7421875
531.0 4.7265625
532.0 5.0390625
533.0 5.453125
534.0 5.3671875
535.0 5.0546875
536.0 0.2890625
537.0 10.1015625
538.0 5.25
539.0 4.0546875
540.0 6.3359375
541.0 4.171875
542.0 4.9921875
543.0 6.0
544.0 6.6796875
545.0 4.921875
546.0 2.59375
547.0 1.328125
548.0 1.859375
549.0 3.9375
550.0 5.34375
551.0 5.609375
552.0 5.234375
553.0 5.515625
554.0 5.4375
555.0 5.6328125
556.0 5.828125
557.0 5.4296875
558.0 5.6328125
559.0 5.9609375
560.0 5.4921875
561.0 5.1953125
562.0 2.78125
563.0 6.8671875
564.0 5.3359375
565.0 5.40625
566.0 5.0703125
567.0 5.0703125
568.0 4.9765625
569.0 5.4609375
570.0 5.796875
571.0 6.3359375
572.0 5.6640625
573.0 6.1875
574.0 6.5078125
575.0 4.796875
576.0 8.9140625
577.0 6.2109375
578.0 4.296875
579.0 8.3515625
580.0 6.734375
581.0 7.1640625
582.0 6.3359375
583.0 6.359375
584.0 6.09375
585.0 4.875
586.0 3.515625
587.0 5.21875
588.0 4.8046875
589.0 4.8671875
590.0 4.828125
591.0 3.34375
592.0 5.6171875
593.0 4.6484375
594.0 3.6953125
595.0 1.9375
596.0 0.8203125
597.0 5.3984375
598.0 4.578125
599.0 4.3828125
