0.0 5.3046875
1.0 8.1640625
2.0 6.8984375
3.0 7.078125
4.0 5.3359375
5.0 8.140625
6.0 6.9921875
7.0 6.78125
8.0 6.71875
9.0 6.8359375
10.0 6.9453125
11.0 5.6171875
12.0 6.59375
13.0 6.7109375
14.0 6.40625
15.0 6.625
16.0 6.9921875
17.0 7.2890625
18.0 6.421875
19.0 2.015625
20.0 11.3046875
21.0 6.84375
22.0 6.78125
23.0 2.3046875
24.0 10.7265625
25.0 7.0078125
26.0 6.890625
27.0 6.734375
28.0 5.4609375
29.0 6.5390625
30.0 3.4453125
31.0 6.3203125
32.0 6.5625
33.0 6.3359375
34.0 6.2421875
35.0 6.125
36.0 6.2578125
37.0 6.2578125
38.0 6.625
39.0 6.2421875
40.0 6.328125
41.0 6.2890625
42.0 6.265625
43.0 5.9921875
44.0 6.3515625
45.0 6.53125
46.0 6.390625
47.0 1.71875
48.0 11.0703125
49.0 6.2265625
50.0 6.3046875
51.0 6.4375
52.0 6.3828125
53.0 6.1171875
54.0 6.4375
55.0 6.2421875
56.0 6.53125
57.0 6.359375
58.0 6.2421875
59.0 6.4453125
60.0 6.3828125
61.0 6.46875
62.0 5.3515625
63.0 7.6328125
64.0 6.4140625
65.0 6.3515625
66.0 6.53125
67.0 6.7109375
68.0 6.484375
69.0 6.703125
70.0 6.71875
71.0 6.703125
72.0 6.7109375
73.0 6.8671875
74.0 6.703125
75.0 2.3125
76.0 6.2109375
77.0 5.3203125
78.0 6.3359375
79.0 2.984375
80.0 2.71875
81.0 6.296875
82.0 3.625
83.0 3.546875
84.0 3.171875
85.0 3.1484375
86.0 3.9765625
87.0 3.3984375
88.0 3.515625
89.0 3.140625
90.0 4.203125
91.0 6.6796875
92.0 6.8828125
93.0 6.6171875
94.0 3.8515625
95.0 8.9765625
96.0 6.453125
97.0 6.5390625
98.0 3.859375
99.0 8.328125
100.0 6.5859375
101.0 4.03125
102.0 5.0078125
103.0 3.609375
104.0 4.875
105.0 3.0703125
106.0 9.0390625
107.0 3.6484375
108.0 3.7109375
109.0 3.2578125
110.0 4.609375
111.0 4.7421875
112.0 3.1171875
113.0 4.890625
114.0 4.265625
115.0 3.3828125
116.0 4.9921875
117.0 4.328125
118.0 5.6953125
119.0 4.1875
120.0 4.7578125
121.0 4.9453125
122.0 4.3828125
123.0 1.8671875
124.0 6.390625
125.0 2.7890625
126.0 3.4375
127.0 4.84375
128.0 3.0703125
129.0 3.625
130.0 4.4296875
131.0 3.4921875
132.0 4.90625
133.0 4.15625
134.0 4.484375
135.0 4.7109375
136.0 3.328125
137.0 8.234375
138.0 5.3125
139.0 4.125
140.0 1.171875
141.0 10.21875
142.0 5.53125
143.0 3.5546875
144.0 5.3046875
145.0 5.1640625
146.0 4.515625
147.0 5.4296875
148.0 4.6015625
149.0 3.3828125
150.0 0.9140625
151.0 5.7578125
152.0 3.8203125
153.0 5.0390625
154.0 6.953125
155.0 6.2734375
156.0 6.4375
157.0 3.9453125
158.0 3.921875
159.0 5.8203125
160.0 6.625
161.0 5.8125
162.0 5.734375
163.0 6.59375
164.0 6.453125
165.0 2.96875
166.0 9.90625
167.0 6.3203125
168.0 6.328125
169.0 2.1953125
170.0 10.890625
171.0 6.53125
172.0 5.421875
173.0 4.03125
174.0 4.6796875
175.0 3.671875
176.0 3.2265625
177.0 2.21875
178.0 1.59375
179.0 3.828125
180.0 6.84375
181.0 6.6875
182.0 6.390625
183.0 6.5078125
184.0 5.375
185.0 4.515625
186.0 1.2265625
187.0 9.359375
188.0 1.1328125
189.0 1.6171875
190.0 3.859375
191.0 4.6796875
192.0 5.84375
193.0 6.03125
194.0 5.96875
195.0 6.3203125
196.0 6.03125
197.0 4.3828125
198.0 2.15625
199.0 0.0
200.0 0.0
201.0 8.0
202.0 4.65625
203.0 5.3046875
204.0 4.875
205.0 5.734375
206.0 5.28125
207.0 5.8125
208.0 5.046875
209.0 7.046875
210.0 6.2265625
211.0 6.1171875
212.0 5.1875
213.0 7.125
214.0 6.328125
215.0 6.328125
216.0 6.1171875
217.0 5.28125
218.0 2.640625
219.0 2.265625
220.0 5.3984375
221.0 6.6328125
222.0 6.6015625
223.0 6.484375
224.0 6.5078125
225.0 6.6171875
226.0 5.75
227.0 7.6171875
228.0 6.453125
229.0 6.6640625
230.0 6.6796875
231.0 6.5390625
232.0 6.5703125
233.0 6.7421875
234.0 6.6875
235.0 6.828125
236.0 5.6796875
237.0 8.03125
238.0 7.0078125
239.0 6.5625
240.0 6.8671875
241.0 6.84375
242.0 6.3828125
243.0 6.6015625
244.0 6.5390625
245.0 6.6171875
246.0 6.53125
247.0 6.5078125
248.0 6.5
249.0 6.6796875
250.0 6.765625
251.0 6.75
252.0 6.53125
253.0 6.5859375
254.0 5.2890625
255.0 8.0625
256.0 6.5
257.0 6.6484375
258.0 6.796875
259.0 6.8984375
260.0 6.2734375
261.0 6.734375
262.0 6.484375
263.0 6.6171875
264.0 6.6171875
265.0 6.5625
266.0 6.3359375
267.0 6.3046875
268.0 6.421875
269.0 6.515625
270.0 6.484375
271.0 6.4453125
272.0 6.5078125
273.0 6.296875
274.0 6.421875
275.0 6.3046875
276.0 3.9375
277.0 8.5234375
278.0 6.1796875
279.0 6.2890625
280.0 6.5078125
281.0 6.6640625
282.0 5.015625
283.0 8.5
284.0 6.6015625
285.0 6.6015625
286.0 6.8046875
287.0 6.7734375
288.0 6.703125
289.0 6.7421875
290.0 6.6640625
291.0 6.46875
292.0 6.5390625
293.0 6.4765625
294.0 6.5859375
295.0 6.359375
296.0 1.28125
297.0 11.6796875
298.0 6.65625
299.0 6.328125
300.0 4.5390625
301.0 9.1328125
302.0 6.765625
303.0 6.6796875
304.0 6.6875
305.0 3.6171875
306.0 9.9296875
307.0 6.9765625
308.0 6.8671875
309.0 6.84375
310.0 6.8359375
311.0 6.5078125
312.0 6.6796875
313.0 6.8828125
314.0 6.6796875
315.0 6.6171875
316.0 6.8828125
317.0 6.5703125
318.0 6.6640625
319.0 3.4921875
320.0 8.8515625
321.0 6.4765625
322.0 6.2578125
323.0 5.15625
324.0 7.1796875
325.0 6.265625
326.0 6.2578125
327.0 6.2265625
328.0 6.5390625
329.0 6.265625
330.0 6.2109375
331.0 6.328125
332.0 6.5078125
333.0 6.359375
334.0 6.46875
335.0 6.453125
336.0 5.4296875
337.0 7.546875
338.0 5.875
339.0 1.609375
340.0 5.171875
341.0 6.515625
342.0 6.3828125
343.0 6.3671875
344.0 6.6015625
345.0 6.59375
346.0 6.6015625
347.0 6.5078125
348.0 6.5625
349.0 6.796875
350.0 5.234375
351.0 7.6171875
352.0 5.4609375
353.0 4.4765625
354.0 5.515625
355.0 6.921875
356.0 7.015625
357.0 6.9609375
358.0 6.75
359.0 6.7109375
360.0 6.6171875
361.0 6.703125
362.0 6.9921875
363.0 6.765625
364.0 5.8515625
365.0 7.671875
366.0 6.8125
367.0 6.859375
368.0 7.03125
369.0 6.78125
370.0 6.84375
371.0 6.8671875
372.0 6.7734375
373.0 5.3671875
374.0 7.765625
375.0 6.4765625
376.0 6.8359375
377.0 6.3203125
378.0 6.515625
379.0 6.515625
380.0 6.5078125
381.0 6.6875
382.0 6.359375
383.0 6.515625
384.0 6.5078125
385.0 6.359375
386.0 6.234375
387.0 2.125
388.0 10.921875
389.0 6.453125
390.0 6.71875
391.0 6.46875
392.0 2.953125
393.0 9.921875
394.0 6.1875
395.0 6.515625
396.0 6.4140625
397.0 6.2890625
398.0 6.2578125
399.0 6.2421875
400.0 6.1796875
401.0 6.390625
402.0 6.3671875
403.0 6.453125
404.0 6.3046875
405.0 4.859375
406.0 8.1328125
407.0 6.6640625
408.0 6.7421875
409.0 6.5859375
410.0 6.1171875
411.0 6.9453125
412.0 6.296875
413.0 6.7109375
414.0 6.921875
415.0 6.734375
416.0 6.78125
417.0 6.75
418.0 6.71875
419.0 6.8984375
420.0 6.59375
421.0 6.6484375
422.0 6.6640625
423.0 6.6015625
424.0 1.9375
425.0 11.828125
426.0 6.5859375
427.0 4.21875
428.0 9.2734375
429.0 6.2109375
430.0 6.65625
431.0 6.890625
432.0 5.9296875
433.0 8.078125
434.0 5.7890625
435.0 8.171875
436.0 6.921875
437.0 6.5625
438.0 6.328125
439.0 6.4140625
440.0 6.2578125
441.0 5.7578125
442.0 4.6640625
443.0 4.8359375
444.0 5.9765625
445.0 6.0390625
446.0 6.3515625
447.0 6.53125
448.0 6.4453125
449.0 6.0078125
450.0 6.53125
451.0 6.2890625
452.0 6.46875
453.0 6.5859375
454.0 6.2890625
455.0 6.390625
456.0 6.3671875
457.0 6.09375
458.0 5.15625
459.0 7.34375
460.0 6.2890625
461.0 6.328125
462.0 6.46875
463.0 6.359375
464.0 6.4453125
465.0 6.3203125
466.0 6.3828125
467.0 6.2734375
468.0 6.390625
469.0 6.3515625
470.0 6.765625
471.0 6.6015625
472.0 6.5625
473.0 2.3125
474.0 10.5
475.0 6.453125
476.0 6.3828125
477.0 6.328125
478.0 6.71875
479.0 4.7734375
480.0 6.453125
481.0 6.484375
482.0 6.59375
483.0 5.9609375
484.0 6.203125
485.0 6.2578125
486.0 6.2578125
487.0 6.0390625
488.0 3.328125
489.0 1.0234375
490.0 8.2578125
491.0 6.5078125
492.0 6.5078125
493.0 6.5625
494.0 4.953125
495.0 7.796875
496.0 6.421875
497.0 6.1796875
498.0 6.4140625
499.0 6.078125
500.0 6.5078125
501.0 6.5
502.0 6.4140625
503.0 6.3671875
504.0 6.15625
505.0 6.2890625
506.0 6.7421875
507.0 6.734375
508.0 6.4140625
509.0 1.625
510.0 11.4453125
511.0 6.5
512.0 3.3203125
513.0 9.6328125
514.0 6.15625
515.0 3.9453125
516.0 5.1875
517.0 6.0859375
518.0 6.484375
519.0 6.3046875
520.0 6.171875
521.0 5.453125
522.0 5.9609375
523.0 6.6015625
524.0 6.6796875
525.0 0.8515625
526.0 7.9609375
527.0 6.1171875
528.0 5.8125
529.0 5.5859375
530.0 5.734375
531.0 6.3671875
532.0 5.3828125
533.0 5.5546875
534.0 6.3359375
535.0 6.0390625
536.0 5.578125
537.0 5.84375
538.0 6.0859375
539.0 5.9296875
540.0 5.140625
541.0 1.1171875
542.0 10.0234375
543.0 6.484375
544.0 5.34375
545.0 7.5859375
546.0 6.359375
547.0 6.359375
548.0 6.2265625
549.0 6.2421875
550.0 6.4375
551.0 6.4140625
552.0 6.53125
553.0 6.53125
554.0 6.1484375
555.0 6.2734375
556.0 6.1875
557.0 6.203125
558.0 1.421875
559.0 10.984375
560.0 6.0234375
561.0 6.0078125
562.0 5.546875
563.0 1.625
564.0 8.734375
565.0 3.1328125
566.0 2.84375
567.0 2.4765625
568.0 2.5625
569.0 3.015625
570.0 2.8359375
571.0 2.3046875
572.0 1.953125
573.0 0.0
574.0 7.8984375
575.0 3.375
576.0 3.4921875
577.0 3.25
578.0 3.65625
579.0 3.96875
580.0 3.3125
581.0 3.3203125
582.0 2.8203125
583.0 0.0
584.0 6.765625
585.0 3.5859375
586.0 3.0859375
587.0 3.0390625
588.0 3.40625
589.0 3.3671875
590.0 5.046875
591.0 6.109375
592.0 6.2890625
593.0 6.0625
594.0 6.46875
595.0 6.3046875
596.0 6.328125
597.0 2.1484375
598.0 8.8203125
599.0 3.5859375
