0.0 2.4921875
1.0 5.5625
2.0 3.9375
3.0 3.703125
4.0 3.5546875
5.0 4.125
6.0 3.921875
7.0 4.25
8.0 4.0703125
9.0 3.7890625
10.0 3.9375
11.0 4.21875
12.0 3.7734375
13.0 3.9921875
14.0 3.734375
15.0 2.7890625
16.0 5.015625
17.0 4.0625
18.0 4.03125
19.0 4.2421875
20.0 3.8828125
21.0 3.7890625
22.0 0.2578125
23.0 5.171875
24.0 6.109375
25.0 4.0703125
26.0 3.703125
27.0 4.328125
28.0 4.0234375
29.0 4.0703125
30.0 4.0546875
31.0 3.46875
32.0 4.3203125
33.0 4.234375
34.0 4.0546875
35.0 4.125
36.0 4.0390625
37.0 4.25
38.0 3.0859375
39.0 0.0703125
40.0 9.3359375
41.0 4.0234375
42.0 4.171875
43.0 3.140625
44.0 5.203125
45.0 4.1875
46.0 3.796875
47.0 3.7265625
48.0 1.2578125
49.0 6.8984375
50.0 4.03125
51.0 3.9921875
52.0 4.1328125
53.0 3.828125
54.0 3.953125
55.0 4.09375
56.0 4.0078125
57.0 3.9453125
58.0 4.0703125
59.0 4.0625
60.0 3.921875
61.0 3.90625
62.0 3.0546875
63.0 3.3515625
64.0 3.7578125
65.0 3.3828125
66.0 3.296875
67.0 3.28125
68.0 3.0
69.0 0.0
70.0 7.7890625
71.0 3.6953125
72.0 3.890625
73.0 3.9765625
74.0 2.1484375
75.0 5.84375
76.0 4.03125
77.0 3.796875
78.0 3.7109375
79.0 4.0
80.0 3.828125
81.0 3.6796875
82.0 3.796875
83.0 3.7265625
84.0 3.84375
85.0 3.65625
86.0 3.609375
87.0 3.046875
88.0 2.4140625
89.0 2.8046875
90.0 3.7578125
91.0 3.84375
92.0 4.234375
93.0 4.0703125
94.0 4.0390625
95.0 4.1484375
96.0 3.46875
97.0 3.6171875
98.0 3.8046875
99.0 3.59375
100.0 3.921875
101.0 3.40625
102.0 3.4765625
103.0 4.1328125
104.0 4.0390625
105.0 0.609375
106.0 7.5078125
107.0 4.0390625
108.0 3.0234375
109.0 5.0703125
110.0 4.0390625
111.0 4.0390625
112.0 4.0859375
113.0 4.0546875
114.0 4.0703125
115.0 4.171875
116.0 4.1015625
117.0 4.1015625
118.0 4.0625
119.0 3.8828125
120.0 4.0703125
121.0 3.96875
122.0 1.8203125
123.0 6.453125
124.0 4.03125
125.0 3.9453125
126.0 4.1015625
127.0 4.359375
128.0 4.0390625
129.0 2.515625
130.0 5.3515625
131.0 4.1015625
132.0 3.84375
133.0 1.5390625
134.0 6.3828125
135.0 3.859375
136.0 3.7265625
137.0 3.9453125
138.0 4.2109375
139.0 4.171875
140.0 4.1171875
141.0 4.1328125
142.0 4.0859375
143.0 3.9375
144.0 3.9765625
145.0 3.90625
146.0 4.0625
147.0 4.0390625
148.0 0.5390625
149.0 7.75
150.0 4.3984375
151.0 4.1796875
152.0 4.234375
153.0 1.5546875
154.0 6.0546875
155.0 3.9921875
156.0 4.0078125
157.0 3.7734375
158.0 3.875
159.0 3.8515625
160.0 4.0
161.0 4.1875
162.0 4.265625
163.0 4.2421875
164.0 4.171875
165.0 4.6796875
166.0 4.5390625
167.0 3.375
168.0 5.484375
169.0 4.3359375
170.0 3.5
171.0 5.1875
172.0 4.4453125
173.0 4.4296875
174.0 4.09375
175.0 4.0390625
176.0 4.15625
177.0 4.1171875
178.0 4.2421875
179.0 4.3203125
180.0 4.3359375
181.0 1.953125
182.0 6.7421875
183.0 4.3515625
184.0 4.453125
185.0 4.6015625
186.0 3.84375
187.0 3.7890625
188.0 3.828125
189.0 3.9453125
190.0 4.296875
191.0 4.21875
192.0 3.9453125
193.0 4.0078125
194.0 4.828125
195.0 4.6875
196.0 0.2265625
197.0 9.9375
198.0 4.78125
199.0 4.7109375
200.0 2.0703125
201.0 7.3203125
202.0 1.9453125
203.0 7.875
204.0 5.3359375
205.0 5.3984375
206.0 5.3046875
207.0 5.1953125
208.0 4.8671875
209.0 5.1328125
210.0 5.046875
211.0 4.9921875
212.0 5.25
213.0 5.125
214.0 5.3671875
215.0 5.078125
216.0 5.3828125
217.0 0.8984375
218.0 9.2265625
219.0 4.484375
220.0 4.9296875
221.0 5.203125
222.0 5.3828125
223.0 5.34375
224.0 5.1640625
225.0 4.6640625
226.0 4.46875
227.0 4.1796875
228.0 4.25
229.0 4.4765625
230.0 4.2109375
231.0 4.0546875
232.0 4.28125
233.0 4.421875
234.0 4.328125
235.0 4.65625
236.0 4.5625
237.0 4.203125
238.0 0.2109375
239.0 8.4921875
240.0 4.234375
241.0 4.5703125
242.0 4.296875
243.0 1.9453125
244.0 6.6875
245.0 4.4296875
246.0 4.4765625
247.0 4.3828125
248.0 4.4140625
249.0 4.328125
250.0 4.3359375
251.0 4.28125
252.0 4.2421875
253.0 4.3984375
254.0 4.421875
255.0 4.3671875
256.0 4.65625
257.0 1.0
258.0 8.03125
259.0 4.1875
260.0 3.9765625
261.0 4.203125
262.0 4.3515625
263.0 1.703125
264.0 7.4609375
265.0 4.59375
266.0 4.390625
267.0 2.65625
268.0 6.2265625
269.0 4.15625
270.0 4.21875
271.0 4.28125
272.0 4.28125
273.0 4.515625
274.0 4.5078125
275.0 4.65625
276.0 4.3984375
277.0 3.3671875
278.0 5.234375
279.0 4.2109375
280.0 3.6484375
281.0 4.03125
282.0 4.5390625
283.0 3.7265625
284.0 4.0859375
285.0 3.6953125
286.0 4.1015625
287.0 4.3046875
288.0 4.46875
289.0 4.4453125
290.0 3.1640625
291.0 1.65625
292.0 0.0
293.0 7.6640625
294.0 3.9140625
295.0 4.1015625
296.0 3.765625
297.0 3.5625
298.0 3.4375
299.0 2.8359375
300.0 1.7890625
301.0 5.0703125
302.0 3.7421875
303.0 3.5234375
304.0 3.21875
305.0 2.9609375
306.0 3.3203125
307.0 3.578125
308.0 3.59375
309.0 3.5625
310.0 3.6171875
311.0 3.4609375
312.0 3.375
313.0 3.46875
314.0 2.1328125
315.0 5.21875
316.0 3.46875
317.0 3.4765625
318.0 3.3515625
319.0 2.609375
320.0 5.3125
321.0 3.1015625
322.0 4.828125
323.0 4.3046875
324.0 3.921875
325.0 4.2109375
326.0 3.796875
327.0 3.890625
328.0 3.8828125
329.0 3.8515625
330.0 3.8046875
331.0 3.90625
332.0 4.0390625
333.0 4.09375
334.0 3.921875
335.0 4.4296875
336.0 4.203125
337.0 3.9140625
338.0 3.703125
339.0 4.0078125
340.0 4.1328125
341.0 4.3046875
342.0 3.953125
343.0 3.6953125
344.0 3.6953125
345.0 4.265625
346.0 4.2109375
347.0 4.15625
348.0 0.515625
349.0 7.2890625
350.0 4.0
351.0 4.1328125
352.0 4.125
353.0 3.5625
354.0 4.0859375
355.0 3.640625
356.0 3.4765625
357.0 3.515625
358.0 4.0234375
359.0 4.0703125
360.0 4.203125
361.0 4.21875
362.0 3.28125
363.0 4.7421875
364.0 4.25
365.0 4.15625
366.0 3.765625
367.0 4.0546875
368.0 3.859375
369.0 3.609375
370.0 1.09375
371.0 7.2109375
372.0 3.9921875
373.0 1.65625
374.0 6.109375
375.0 3.7578125
376.0 4.1171875
377.0 3.9453125
378.0 3.96875
379.0 3.828125
380.0 4.328125
381.0 4.2734375
382.0 4.1484375
383.0 4.6640625
384.0 4.921875
385.0 4.90625
386.0 4.84375
387.0 4.6875
388.0 1.4453125
389.0 8.203125
390.0 4.328125
391.0 4.515625
392.0 4.9296875
393.0 4.390625
394.0 0.109375
395.0 8.265625
396.0 4.1328125
397.0 4.1015625
398.0 4.265625
399.0 4.2109375
400.0 4.3359375
401.0 4.3359375
402.0 4.46875
403.0 4.296875
404.0 4.4765625
405.0 4.328125
406.0 4.1875
407.0 1.8046875
408.0 6.3046875
409.0 3.890625
410.0 4.3515625
411.0 4.625
412.0 4.359375
413.0 2.21875
414.0 6.9140625
415.0 4.2734375
416.0 4.25
417.0 3.4765625
418.0 5.3828125
419.0 4.65625
420.0 4.5390625
421.0 4.421875
422.0 4.4453125
423.0 4.28125
424.0 4.546875
425.0 4.4453125
426.0 3.53125
427.0 5.484375
428.0 4.6015625
429.0 4.4296875
430.0 4.5390625
431.0 4.25
432.0 4.171875
433.0 0.3125
434.0 8.328125
435.0 1.328125
436.0 7.390625
437.0 4.515625
438.0 4.3984375
439.0 4.0390625
440.0 4.1015625
441.0 4.2109375
442.0 4.1484375
443.0 4.4765625
444.0 4.1875
445.0 4.296875
446.0 4.5625
447.0 4.3203125
448.0 4.4453125
449.0 4.3203125
450.0 0.03125
451.0 8.53125
452.0 3.8203125
453.0 4.28125
454.0 4.3671875
455.0 3.7421875
456.0 0.0
457.0 8.8828125
458.0 4.21875
459.0 4.421875
460.0 2.3046875
461.0 6.4765625
462.0 4.03125
463.0 4.21875
464.0 4.3046875
465.0 3.9921875
466.0 4.15625
467.0 3.7265625
468.0 4.53125
469.0 4.328125
470.0 4.59375
471.0 4.3671875
472.0 4.265625
473.0 4.6015625
474.0 0.5546875
475.0 6.09375
476.0 6.1484375
477.0 4.15625
478.0 3.859375
479.0 4.203125
480.0 4.28125
481.0 4.0703125
482.0 4.3203125
483.0 3.890625
484.0 4.0
485.0 4.1171875
486.0 3.90625
487.0 3.8828125
488.0 3.640625
489.0 3.3671875
490.0 0.5859375
491.0 6.78125
492.0 4.1328125
493.0 4.15625
494.0 4.0
495.0 2.671875
496.0 5.25
497.0 3.3203125
498.0 3.6953125
499.0 4.0703125
500.0 3.828125
501.0 4.0
502.0 4.3203125
503.0 4.265625
504.0 4.1875
505.0 4.53125
506.0 4.1328125
507.0 4.2734375
508.0 4.2109375
509.0 4.0234375
510.0 3.796875
511.0 4.0703125
512.0 3.9140625
513.0 1.5078125
514.0 6.0546875
515.0 3.8515625
516.0 4.3984375
517.0 4.390625
518.0 3.734375
519.0 5.0703125
520.0 5.0546875
521.0 4.75
522.0 4.2421875
523.0 4.0234375
524.0 4.2421875
525.0 4.328125
526.0 4.28125
527.0 4.359375
528.0 4.2421875
529.0 4.4765625
530.0 4.3984375
531.0 4.3359375
532.0 4.4140625
533.0 0.0078125
534.0 8.3125
535.0 4.53125
536.0 4.828125
537.0 4.875
538.0 4.578125
539.0 5.4375
540.0 4.484375
541.0 4.7421875
542.0 5.0234375
543.0 4.53125
544.0 4.78125
545.0 4.609375
546.0 4.6328125
547.0 4.7109375
548.0 4.5078125
549.0 4.8046875
550.0 4.59375
551.0 4.625
552.0 4.7421875
553.0 4.8359375
554.0 4.90625
555.0 4.828125
556.0 4.2421875
557.0 4.21875
558.0 4.609375
559.0 5.046875
560.0 3.9375
561.0 1.3125
562.0 8.7734375
563.0 4.03125
564.0 0.3046875
565.0 8.8515625
566.0 4.546875
567.0 4.4140625
568.0 4.8359375
569.0 4.5078125
570.0 4.328125
571.0 4.7734375
572.0 4.953125
573.0 4.4453125
574.0 4.3984375
575.0 4.5703125
576.0 4.390625
577.0 1.5859375
578.0 7.96875
579.0 4.7265625
580.0 4.8984375
581.0 4.7421875
582.0 4.953125
583.0 5.1015625
584.0 4.9765625
585.0 4.6796875
586.0 4.8671875
587.0 4.6796875
588.0 4.2421875
589.0 4.875
590.0 0.578125
591.0 8.4140625
592.0 4.953125
593.0 4.515625
594.0 4.71875
595.0 4.7421875
596.0 5.0390625
597.0 4.8359375
598.0 2.7421875
599.0 6.2890625
