0.0 1.6484375
1.0 2.0625
2.0 1.8984375
3.0 2.2734375
4.0 3.2890625
5.0 5.1015625
6.0 5.171875
7.0 1.234375
8.0 0.359375
9.0 0.0
10.0 6.4453125
11.0 4.0859375
12.0 5.375
13.0 5.140625
14.0 5.046875
15.0 4.9921875
16.0 4.9296875
17.0 5.015625
18.0 4.84375
19.0 5.046875
20.0 5.28125
21.0 4.953125
22.0 4.9921875
23.0 5.2734375
24.0 5.2265625
25.0 5.0390625
26.0 5.125
27.0 4.921875
28.0 5.0390625
29.0 0.5390625
30.0 9.96875
31.0 5.125
32.0 5.125
33.0 4.5390625
34.0 4.984375
35.0 5.0078125
36.0 4.7421875
37.0 5.109375
38.0 5.1875
39.0 5.0078125
40.0 4.890625
41.0 4.296875
42.0 0.8515625
43.0 8.296875
44.0 4.4296875
45.0 2.1875
46.0 0.875
47.0 0.0
48.0 7.8515625
49.0 3.921875
50.0 4.328125
51.0 4.796875
52.0 4.609375
53.0 4.359375
54.0 4.5390625
55.0 4.1875
56.0 4.0625
57.0 4.265625
58.0 4.4296875
59.0 4.8046875
60.0 1.65625
61.0 7.375
62.0 4.4296875
63.0 4.4765625
64.0 4.5703125
65.0 2.78125
66.0 5.6640625
67.0 4.0234375
68.0 4.3203125
69.0 3.7421875
70.0 3.875
71.0 5.46875
72.0 5.0390625
73.0 4.5078125
74.0 4.1171875
75.0 3.7265625
76.0 3.4296875
77.0 1.0
78.0 8.265625
79.0 5.0234375
80.0 4.953125
81.0 4.890625
82.0 4.8671875
83.0 4.78125
84.0 5.078125
85.0 5.140625
86.0 4.8671875
87.0 4.8046875
88.0 4.875
89.0 5.0859375
90.0 4.9921875
91.0 0.453125
92.0 9.75
93.0 5.15625
94.0 4.984375
95.0 4.3203125
96.0 5.7890625
97.0 5.140625
98.0 4.8984375
99.0 4.71875
100.0 4.1796875
101.0 2.8515625
102.0 6.09375
103.0 4.578125
104.0 4.3359375
105.0 4.5078125
106.0 4.546875
107.0 4.6484375
108.0 4.7578125
109.0 4.609375
110.0 4.75
111.0 4.953125
112.0 4.8125
113.0 4.984375
114.0 1.140625
115.0 8.71875
116.0 4.859375
117.0 4.9296875
118.0 4.6640625
119.0 4.3359375
120.0 4.1875
121.0 4.8671875
122.0 5.125
123.0 4.8125
124.0 5.0078125
125.0 4.6015625
126.0 4.71875
127.0 4.7109375
128.0 5.046875
129.0 5.0546875
130.0 5.1015625
131.0 4.984375
132.0 4.8671875
133.0 4.7421875
134.0 4.4765625
135.0 4.3515625
136.0 4.3515625
137.0 4.4296875
138.0 4.3828125
139.0 4.59375
140.0 4.7265625
141.0 4.4296875
142.0 4.8046875
143.0 4.59375
144.0 4.3984375
145.0 4.6640625
146.0 4.8671875
147.0 0.7890625
148.0 8.8828125
149.0 5.0078125
150.0 4.875
151.0 5.078125
152.0 4.6953125
153.0 2.7734375
154.0 7.6640625
155.0 5.3671875
156.0 5.125
157.0 5.2734375
158.0 5.1015625
159.0 5.140625
160.0 5.3359375
161.0 5.0390625
162.0 5.3046875
163.0 5.796875
164.0 5.4921875
165.0 5.0390625
166.0 4.6328125
167.0 0.0
168.0 9.6328125
169.0 4.8671875
170.0 4.8125
171.0 2.0078125
172.0 7.609375
173.0 5.0546875
174.0 4.6484375
175.0 4.7265625
176.0 1.1796875
177.0 8.3203125
178.0 4.890625
179.0 4.875
180.0 4.859375
181.0 4.6328125
182.0 5.015625
183.0 4.796875
184.0 5.1640625
185.0 5.3125
186.0 5.140625
187.0 5.1328125
188.0 4.9296875
189.0 3.5859375
190.0 6.84375
191.0 5.046875
192.0 5.078125
193.0 5.0703125
194.0 4.78125
195.0 0.6640625
196.0 9.3984375
197.0 5.0859375
198.0 4.3046875
199.0 4.5
200.0 4.859375
201.0 5.125
202.0 4.984375
203.0 5.2578125
204.0 4.9296875
205.0 5.2265625
206.0 5.6171875
207.0 5.2578125
208.0 1.96875
209.0 7.78125
210.0 4.65625
211.0 4.359375
212.0 3.1953125
213.0 1.2578125
214.0 7.5390625
215.0 4.578125
216.0 4.6640625
217.0 2.78125
218.0 3.0234375
219.0 3.1796875
220.0 4.8359375
221.0 3.3515625
222.0 3.4609375
223.0 3.1171875
224.0 3.328125
225.0 3.9921875
226.0 0.25
227.0 9.28125
228.0 5.1640625
229.0 5.578125
230.0 6.171875
231.0 5.8125
232.0 5.96875
233.0 5.3828125
234.0 2.1796875
235.0 9.6015625
236.0 5.8125
237.0 4.5078125
238.0 4.515625
239.0 5.0859375
240.0 5.234375
241.0 5.421875
242.0 5.703125
243.0 5.7890625
244.0 5.90625
245.0 5.9765625
246.0 5.9140625
247.0 5.375
248.0 5.3515625
249.0 5.171875
250.0 4.25
251.0 3.40625
252.0 5.3515625
253.0 4.796875
254.0 4.8046875
255.0 4.9609375
256.0 4.953125
257.0 4.9609375
258.0 5.3984375
259.0 4.9921875
260.0 3.625
261.0 6.40625
262.0 4.9609375
263.0 4.859375
264.0 4.25
265.0 4.875
266.0 4.7265625
267.0 2.6015625
268.0 8.8671875
269.0 5.6015625
270.0 5.3671875
271.0 5.203125
272.0 5.25
273.0 5.109375
274.0 5.25
275.0 5.4375
276.0 5.15625
277.0 5.3203125
278.0 5.4375
279.0 5.25
280.0 5.6953125
281.0 5.0546875
282.0 4.859375
283.0 5.25
284.0 4.90625
285.0 1.8203125
286.0 7.4375
287.0 5.25
288.0 5.0859375
289.0 5.1875
290.0 5.3984375
291.0 5.1640625
292.0 5.3125
293.0 5.5
294.0 5.5
295.0 5.609375
296.0 6.109375
297.0 5.3515625
298.0 4.953125
299.0 5.0546875
300.0 5.515625
301.0 4.9765625
302.0 5.0703125
303.0 5.515625
304.0 3.4140625
305.0 7.5390625
306.0 5.671875
307.0 5.1640625
308.0 5.4609375
309.0 5.40625
310.0 5.046875
311.0 3.40625
312.0 3.40625
313.0 3.109375
314.0 2.328125
315.0 5.0859375
316.0 5.5
317.0 5.6640625
318.0 5.78125
319.0 5.828125
320.0 6.09375
321.0 5.796875
322.0 5.4921875
323.0 4.6796875
324.0 4.9921875
325.0 5.2890625
326.0 5.5
327.0 5.375
328.0 4.0078125
329.0 6.3828125
330.0 5.3046875
331.0 5.21875
332.0 5.5625
333.0 5.78125
334.0 5.546875
335.0 4.5078125
336.0 5.3359375
337.0 5.484375
338.0 4.8125
339.0 5.234375
340.0 5.1875
341.0 2.5703125
342.0 8.5234375
343.0 5.3515625
344.0 5.1328125
345.0 5.171875
346.0 5.53125
347.0 4.6484375
348.0 2.515625
349.0 7.3984375
350.0 5.046875
351.0 5.0859375
352.0 5.1640625
353.0 5.46875
354.0 5.375
355.0 5.4921875
356.0 5.4609375
357.0 5.0703125
358.0 5.140625
359.0 5.453125
360.0 1.4765625
361.0 10.1328125
362.0 5.90625
363.0 5.703125
364.0 5.6328125
365.0 5.5546875
366.0 1.421875
367.0 9.0625
368.0 5.6953125
369.0 5.703125
370.0 5.484375
371.0 4.84375
372.0 4.890625
373.0 4.4765625
374.0 4.0625
375.0 4.359375
376.0 4.546875
377.0 5.1328125
378.0 5.0703125
379.0 2.8359375
380.0 7.015625
381.0 4.8671875
382.0 4.84375
383.0 4.609375
384.0 0.984375
385.0 8.2421875
386.0 2.953125
387.0 6.765625
388.0 4.796875
389.0 4.53125
390.0 4.59375
391.0 4.3984375
392.0 4.53125
393.0 5.1015625
394.0 4.78125
395.0 4.828125
396.0 4.90625
397.0 4.5
398.0 4.4140625
399.0 3.8046875
400.0 4.8125
401.0 0.078125
402.0 9.2421875
403.0 3.90625
404.0 4.5703125
405.0 4.578125
406.0 4.5
407.0 3.1328125
408.0 3.0703125
409.0 2.5390625
410.0 3.0546875
411.0 4.6796875
412.0 4.8359375
413.0 4.8984375
414.0 5.1015625
415.0 4.625
416.0 4.8046875
417.0 2.7734375
418.0 7.1015625
419.0 4.84375
420.0 5.0859375
421.0 5.1328125
422.0 5.3515625
423.0 3.375
424.0 6.5703125
425.0 4.8984375
426.0 4.8046875
427.0 5.0859375
428.0 5.2265625
429.0 4.6875
430.0 4.75
431.0 4.7734375
432.0 4.75
433.0 5.0859375
434.0 5.046875
435.0 4.90625
436.0 0.9296875
437.0 9.1328125
438.0 4.984375
439.0 5.0234375
440.0 4.9296875
441.0 2.90625
442.0 6.53125
443.0 4.7421875
444.0 4.6953125
445.0 4.7265625
446.0 4.984375
447.0 4.7265625
448.0 4.6796875
449.0 4.609375
450.0 4.75
451.0 4.546875
452.0 4.0703125
453.0 2.03125
454.0 6.6796875
455.0 4.2734375
456.0 3.953125
457.0 4.09375
458.0 4.578125
459.0 4.796875
460.0 4.75
461.0 4.234375
462.0 3.3125
463.0 3.375
464.0 2.9296875
465.0 1.109375
466.0 8.0625
467.0 4.6484375
468.0 5.015625
469.0 4.8046875
470.0 4.8984375
471.0 4.7578125
472.0 5.046875
473.0 4.796875
474.0 4.7578125
475.0 4.484375
476.0 1.2421875
477.0 7.8984375
478.0 4.78125
479.0 4.921875
480.0 4.5625
481.0 4.3203125
482.0 4.359375
483.0 2.7578125
484.0 6.65625
485.0 4.65625
486.0 1.1640625
487.0 7.375
488.0 4.65625
489.0 3.9453125
490.0 3.4609375
491.0 3.46875
492.0 3.9765625
493.0 4.9296875
494.0 4.3671875
495.0 4.203125
496.0 4.65625
497.0 4.4140625
498.0 4.390625
499.0 4.1796875
500.0 4.515625
501.0 4.5625
502.0 4.2734375
503.0 3.578125
504.0 4.0703125
505.0 4.15625
506.0 3.7734375
507.0 0.78125
508.0 7.34375
509.0 3.9375
510.0 4.3828125
511.0 4.3984375
512.0 3.234375
513.0 5.578125
514.0 4.421875
515.0 4.578125
516.0 4.546875
517.0 4.4140625
518.0 4.828125
519.0 5.3671875
520.0 4.8984375
521.0 4.796875
522.0 4.8671875
523.0 4.828125
524.0 5.0703125
525.0 5.2890625
526.0 1.0859375
527.0 9.359375
528.0 5.0703125
529.0 5.1328125
530.0 4.875
531.0 2.8984375
532.0 6.5078125
533.0 2.34375
534.0 6.5
535.0 4.1484375
536.0 4.21875
537.0 4.90625
538.0 4.609375
539.0 4.546875
540.0 4.7578125
541.0 4.78125
542.0 4.3671875
543.0 4.6796875
544.0 4.5
545.0 4.5703125
546.0 4.6640625
547.0 3.109375
548.0 6.4140625
549.0 4.8125
550.0 5.203125
551.0 4.5703125
552.0 4.8125
553.0 4.6953125
554.0 2.25
555.0 7.3984375
556.0 4.890625
557.0 5.0234375
558.0 4.515625
559.0 4.6640625
560.0 4.3046875
561.0 4.5390625
562.0 4.625
563.0 4.8125
564.0 4.8984375
565.0 5.1328125
566.0 1.1328125
567.0 8.6484375
568.0 5.078125
569.0 5.0703125
570.0 4.9453125
571.0 4.5703125
572.0 5.078125
573.0 5.375
574.0 5.2734375
575.0 4.7265625
576.0 3.265625
577.0 0.5390625
578.0 8.703125
579.0 4.859375
580.0 1.3515625
581.0 8.46875
582.0 5.140625
583.0 5.28125
584.0 5.234375
585.0 5.21875
586.0 5.1953125
587.0 5.1328125
588.0 5.125
589.0 5.046875
590.0 5.0078125
591.0 4.9765625
592.0 4.9296875
593.0 5.0703125
594.0 5.1953125
595.0 4.21875
596.0 5.140625
597.0 4.6484375
598.0 4.6796875
599.0 4.3515625
