0.0 5.1328125
1.0 5.0703125
2.0 5.015625
3.0 4.8984375
4.0 5.0703125
5.0 5.0078125
6.0 4.9765625
7.0 4.9453125
8.0 4.7421875
9.0 1.8046875
10.0 8.296875
11.0 5.6640625
12.0 5.546875
13.0 5.1875
14.0 2.15625
15.0 8.5
16.0 5.1328125
17.0 5.1015625
18.0 5.125
19.0 4.3671875
20.0 3.921875
21.0 5.3203125
22.0 5.3515625
23.0 5.546875
24.0 5.4921875
25.0 5.2578125
26.0 2.8203125
27.0 8.328125
28.0 5.2734375
29.0 5.34375
30.0 5.53125
31.0 5.1015625
32.0 4.7265625
33.0 1.109375
34.0 9.4609375
35.0 5.46875
36.0 5.546875
37.0 5.3671875
38.0 5.21875
39.0 5.2578125
40.0 5.3359375
41.0 2.3984375
42.0 8.1640625
43.0 5.21875
44.0 5.3671875
45.0 5.3203125
46.0 4.9765625
47.0 5.109375
48.0 5.3828125
49.0 5.28125
50.0 3.7109375
51.0 4.0078125
52.0 4.859375
53.0 3.828125
54.0 2.3984375
55.0 4.9296875
56.0 3.328125
57.0 4.71875
58.0 3.265625
59.0 2.6953125
60.0 0.2109375
61.0 7.96875
62.0 3.2578125
63.0 3.3515625
64.0 4.453125
65.0 3.2265625
66.0 3.96875
67.0 3.765625
68.0 3.2890625
69.0 3.265625
70.0 3.2890625
71.0 3.2265625
72.0 4.0546875
73.0 1.4453125
74.0 0.0
75.0 8.078125
76.0 3.046875
77.0 3.34375
78.0 3.5234375
79.0 0.0
80.0 7.9140625
81.0 4.3046875
82.0 3.671875
83.0 2.84375
84.0 2.7890625
85.0 2.75
86.0 2.9609375
87.0 3.34375
88.0 3.1328125
89.0 4.3671875
90.0 4.0703125
91.0 3.0390625
92.0 3.1328125
93.0 4.3828125
94.0 4.5
95.0 3.0390625
96.0 4.0
97.0 4.203125
98.0 3.703125
99.0 2.8515625
100.0 3.0703125
101.0 3.3515625
102.0 2.7890625
103.0 0.0
104.0 7.5078125
105.0 4.171875
106.0 3.1796875
107.0 3.6484375
108.0 0.0
109.0 9.1796875
110.0 3.234375
111.0 3.2890625
112.0 4.984375
113.0 4.6640625
114.0 0.328125
115.0 6.0390625
116.0 1.8515625
117.0 2.0859375
118.0 5.0546875
119.0 3.28125
120.0 3.5
121.0 3.1953125
122.0 3.59375
123.0 3.671875
124.0 3.0390625
125.0 3.4765625
126.0 3.921875
127.0 3.078125
128.0 3.65625
129.0 4.875
130.0 2.8359375
131.0 1.5234375
132.0 4.9921875
133.0 4.8359375
134.0 3.1015625
135.0 3.2265625
136.0 4.609375
137.0 4.5703125
138.0 3.046875
139.0 3.96875
140.0 3.7109375
141.0 4.1875
142.0 4.3828125
143.0 3.296875
144.0 0.4921875
145.0 5.96875
146.0 4.921875
147.0 3.96875
148.0 2.7734375
149.0 2.75
150.0 5.28125
151.0 3.0
152.0 3.671875
153.0 4.1875
154.0 3.2578125
155.0 3.28125
156.0 4.578125
157.0 3.1328125
158.0 3.21875
159.0 3.3671875
160.0 5.25
161.0 5.0390625
162.0 3.0390625
163.0 0.0
164.0 7.140625
165.0 3.296875
166.0 3.234375
167.0 1.671875
168.0 6.859375
169.0 3.515625
170.0 3.4453125
171.0 4.296875
172.0 3.0546875
173.0 3.3203125
174.0 4.0234375
175.0 3.1328125
176.0 3.5625
177.0 4.1015625
178.0 3.109375
179.0 2.984375
180.0 1.3203125
181.0 6.125
182.0 3.796875
183.0 3.3203125
184.0 3.4375
185.0 3.3828125
186.0 2.71875
187.0 5.1953125
188.0 5.21875
189.0 3.546875
190.0 3.203125
191.0 3.3125
192.0 4.234375
193.0 3.84375
194.0 3.34375
195.0 4.0
196.0 3.34375
197.0 3.4296875
198.0 0.7265625
199.0 9.390625
200.0 3.515625
201.0 3.296875
202.0 3.1953125
203.0 5.125
204.0 3.90625
205.0 3.6171875
206.0 0.1015625
207.0 7.015625
208.0 3.7578125
209.0 5.5234375
210.0 5.546875
211.0 5.3359375
212.0 5.171875
213.0 5.34375
214.0 5.4609375
215.0 5.109375
216.0 3.0390625
217.0 3.3984375
218.0 3.7109375
219.0 0.125
220.0 6.3046875
221.0 3.234375
222.0 3.1796875
223.0 3.109375
224.0 2.7578125
225.0 6.0546875
226.0 3.0859375
227.0 3.4453125
228.0 4.90625
229.0 2.0078125
230.0 5.9296875
231.0 2.75
232.0 4.15625
233.0 4.7578125
234.0 3.4375
235.0 3.140625
236.0 3.1640625
237.0 3.0703125
238.0 3.6953125
239.0 0.15625
240.0 6.5390625
241.0 3.3203125
242.0 4.59375
243.0 5.5
244.0 5.3046875
245.0 5.40625
246.0 5.3828125
247.0 5.5546875
248.0 5.578125
249.0 4.1484375
250.0 6.8125
251.0 5.5546875
252.0 5.4375
253.0 4.5625
254.0 4.265625
255.0 5.375
256.0 5.3828125
257.0 5.1328125
258.0 5.3359375
259.0 5.671875
260.0 5.078125
261.0 2.8671875
262.0 7.5859375
263.0 5.4609375
264.0 5.40625
265.0 5.3671875
266.0 4.9296875
267.0 0.9609375
268.0 8.75
269.0 2.0390625
270.0 8.8671875
271.0 3.8515625
272.0 2.0703125
273.0 3.4609375
274.0 5.5625
275.0 5.84375
276.0 5.6796875
277.0 5.3046875
278.0 5.5234375
279.0 5.6484375
280.0 5.578125
281.0 5.6484375
282.0 5.7109375
283.0 5.4296875
284.0 5.6953125
285.0 5.3671875
286.0 5.40625
287.0 5.703125
288.0 5.53125
289.0 5.546875
290.0 5.546875
291.0 5.171875
292.0 5.5234375
293.0 3.765625
294.0 7.1640625
295.0 5.3515625
296.0 5.421875
297.0 4.21875
298.0 6.078125
299.0 4.5703125
300.0 3.828125
301.0 4.796875
302.0 5.15625
303.0 5.421875
304.0 5.5
305.0 5.5625
306.0 5.0859375
307.0 5.4375
308.0 5.4375
309.0 5.1875
310.0 2.78125
311.0 6.5
312.0 5.28125
313.0 4.1015625
314.0 6.359375
315.0 4.6953125
316.0 3.9453125
317.0 5.3515625
318.0 4.0703125
319.0 3.4921875
320.0 3.296875
321.0 3.3125
322.0 3.546875
323.0 3.9140625
324.0 3.890625
325.0 3.4765625
326.0 2.8359375
327.0 0.421875
328.0 6.2578125
329.0 3.3203125
330.0 3.21875
331.0 3.578125
332.0 3.25
333.0 2.4765625
334.0 0.0
335.0 7.2578125
336.0 3.8046875
337.0 3.4375
338.0 3.7734375
339.0 3.1953125
340.0 3.375
341.0 0.7890625
342.0 6.9453125
343.0 2.9375
344.0 1.65625
345.0 2.03125
346.0 4.4453125
347.0 4.296875
348.0 3.3984375
349.0 4.03125
350.0 4.8046875
351.0 3.203125
352.0 2.7734375
353.0 3.34375
354.0 4.8125
355.0 3.1953125
356.0 7.4296875
357.0 5.53125
358.0 5.3984375
359.0 5.3046875
360.0 3.6953125
361.0 7.0390625
362.0 5.453125
363.0 5.75
364.0 5.546875
365.0 5.5
366.0 5.0703125
367.0 3.234375
368.0 2.8984375
369.0 4.3671875
370.0 5.515625
371.0 4.2109375
372.0 1.6796875
373.0 0.0
374.0 7.8671875
375.0 4.859375
376.0 5.0546875
377.0 3.1953125
378.0 3.0546875
379.0 1.65625
380.0 4.9296875
381.0 3.1484375
382.0 3.2265625
383.0 3.265625
384.0 3.40625
385.0 3.3515625
386.0 3.2578125
387.0 3.9921875
388.0 5.4609375
389.0 3.640625
390.0 3.578125
391.0 5.1328125
392.0 2.953125
393.0 0.0
394.0 7.9296875
395.0 3.34375
396.0 3.59375
397.0 3.3671875
398.0 3.4375
399.0 0.28125
400.0 6.7734375
401.0 4.1875
402.0 3.0546875
403.0 4.0703125
404.0 4.0
405.0 3.6484375
406.0 4.5
407.0 4.953125
408.0 3.1328125
409.0 3.6171875
410.0 5.40625
411.0 2.6953125
412.0 0.0
413.0 7.7890625
414.0 2.359375
415.0 1.53125
416.0 2.3046875
417.0 3.8828125
418.0 3.4375
419.0 5.53125
420.0 5.5859375
421.0 5.6015625
422.0 4.6015625
423.0 3.8046875
424.0 3.2265625
425.0 3.265625
426.0 3.7265625
427.0 5.4921875
428.0 5.5859375
429.0 4.21875
430.0 3.078125
431.0 3.28125
432.0 0.5546875
433.0 8.6484375
434.0 3.0859375
435.0 3.1796875
436.0 3.21875
437.0 1.625
438.0 5.3125
439.0 4.0859375
440.0 3.3984375
441.0 3.0546875
442.0 3.28125
443.0 4.6015625
444.0 3.9140625
445.0 3.015625
446.0 3.4921875
447.0 3.4609375
448.0 3.1796875
449.0 2.6640625
450.0 0.0
451.0 8.6171875
452.0 3.546875
453.0 2.6875
454.0 3.3515625
455.0 3.703125
456.0 3.2265625
457.0 1.46875
458.0 5.8125
459.0 3.546875
460.0 4.5703125
461.0 3.4375
462.0 3.578125
463.0 4.3359375
464.0 4.84375
465.0 4.71875
466.0 4.828125
467.0 3.1171875
468.0 3.640625
469.0 3.171875
470.0 3.4296875
471.0 0.3125
472.0 6.4140625
473.0 3.8046875
474.0 4.28125
475.0 3.0859375
476.0 1.09375
477.0 6.2734375
478.0 3.4140625
479.0 3.21875
480.0 4.296875
481.0 4.6796875
482.0 4.46875
483.0 1.5390625
484.0 4.8046875
485.0 1.828125
486.0 2.3359375
487.0 4.421875
488.0 4.8125
489.0 2.2109375
490.0 7.4375
491.0 5.1953125
492.0 4.4765625
493.0 4.171875
494.0 5.2734375
495.0 3.734375
496.0 1.6796875
497.0 2.21875
498.0 3.078125
499.0 4.3984375
500.0 5.046875
501.0 5.28125
502.0 4.9453125
503.0 4.234375
504.0 6.0859375
505.0 3.8046875
506.0 4.125
507.0 3.734375
508.0 5.703125
509.0 5.078125
510.0 4.3046875
511.0 2.609375
512.0 2.515625
513.0 3.609375
514.0 2.4296875
515.0 2.2109375
516.0 2.8125
517.0 5.078125
518.0 5.2890625
519.0 5.078125
520.0 2.4140625
521.0 7.875
522.0 5.4375
523.0 5.0390625
524.0 3.921875
525.0 2.25
526.0 4.90625
527.0 3.4921875
528.0 3.7578125
529.0 4.984375
530.0 3.2578125
531.0 3.3203125
532.0 3.4609375
533.0 3.25
534.0 3.671875
535.0 3.5625
536.0 3.0703125
537.0 2.015625
538.0 0.5390625
539.0 0.0
540.0 7.515625
541.0 3.515625
542.0 3.765625
543.0 3.5859375
544.0 3.7265625
545.0 5.5546875
546.0 5.0546875
547.0 5.3359375
548.0 4.359375
549.0 3.296875
550.0 3.28125
551.0 3.9921875
552.0 3.828125
553.0 2.7421875
554.0 3.078125
555.0 3.953125
556.0 3.3125
557.0 2.3125
558.0 0.0
559.0 8.109375
560.0 3.0
561.0 3.90625
562.0 3.2578125
563.0 0.4375
564.0 6.6875
565.0 3.34375
566.0 3.328125
567.0 3.296875
568.0 3.4296875
569.0 3.5546875
570.0 3.3671875
571.0 3.7578125
572.0 3.65625
573.0 3.546875
574.0 5.1015625
575.0 5.3046875
576.0 5.125
577.0 0.7578125
578.0 9.90625
579.0 5.671875
580.0 5.46875
581.0 5.6171875
582.0 5.453125
583.0 5.7265625
584.0 5.765625
585.0 5.6015625
586.0 4.71875
587.0 5.3671875
588.0 4.7734375
589.0 0.0078125
590.0 9.046875
591.0 4.890625
592.0 4.6875
593.0 4.03125
594.0 4.625
595.0 3.2890625
596.0 4.5625
597.0 3.28125
598.0 6.9921875
599.0 5.125
