0.0 5.8203125
1.0 6.0625
2.0 6.109375
3.0 2.890625
4.0 9.25
5.0 2.7265625
6.0 8.3125
7.0 2.8515625
8.0 5.6484375
9.0 5.7109375
10.0 5.6484375
11.0 5.5859375
12.0 5.3125
13.0 5.9453125
14.0 5.609375
15.0 5.4609375
16.0 5.375
17.0 5.96875
18.0 5.25
19.0 5.7890625
20.0 1.8203125
21.0 9.6953125
22.0 5.8125
23.0 2.921875
24.0 8.6796875
25.0 5.640625
26.0 5.7265625
27.0 5.3125
28.0 5.8828125
29.0 5.9140625
30.0 6.0390625
31.0 5.7890625
32.0 5.9453125
33.0 5.9375
34.0 5.96875
35.0 5.7890625
36.0 5.234375
37.0 6.09375
38.0 5.7109375
39.0 5.703125
40.0 5.828125
41.0 5.890625
42.0 5.75
43.0 5.8125
44.0 5.9921875
45.0 5.703125
46.0 2.78125
47.0 9.4609375
48.0 6.09375
49.0 5.890625
50.0 5.046875
51.0 6.0390625
52.0 5.765625
53.0 6.2890625
54.0 6.203125
55.0 5.84375
56.0 5.6953125
57.0 5.875
58.0 6.3203125
59.0 6.125
60.0 5.6796875
61.0 0.2109375
62.0 7.7578125
63.0 8.96875
64.0 5.5234375
65.0 5.6015625
66.0 5.765625
67.0 5.7265625
68.0 5.4375
69.0 6.1484375
70.0 5.640625
71.0 6.09375
72.0 5.9140625
73.0 5.8125
74.0 5.5546875
75.0 6.0546875
76.0 2.21875
77.0 9.3671875
78.0 5.7265625
79.0 5.8828125
80.0 6.0390625
81.0 5.734375
82.0 4.265625
83.0 7.9921875
84.0 5.6328125
85.0 5.34375
86.0 5.3828125
87.0 5.7890625
88.0 3.9140625
89.0 7.703125
90.0 5.375
91.0 5.4296875
92.0 5.78125
93.0 5.25
94.0 5.9140625
95.0 5.7109375
96.0 5.4296875
97.0 5.40625
98.0 5.9453125
99.0 5.6484375
100.0 5.5546875
101.0 5.859375
102.0 5.9921875
103.0 1.6796875
104.0 11.1015625
105.0 5.375
106.0 5.609375
107.0 5.9609375
108.0 5.6015625
109.0 5.9140625
110.0 5.4296875
111.0 5.53125
112.0 5.6640625
113.0 5.671875
114.0 5.28125
115.0 5.78125
116.0 5.640625
117.0 5.796875
118.0 5.75
119.0 5.546875
120.0 3.890625
121.0 8.265625
122.0 5.828125
123.0 6.0546875
124.0 6.234375
125.0 6.296875
126.0 6.0234375
127.0 4.234375
128.0 7.8984375
129.0 5.796875
130.0 6.1796875
131.0 5.90625
132.0 6.1796875
133.0 5.890625
134.0 5.5859375
135.0 5.765625
136.0 6.03125
137.0 4.0
138.0 8.2265625
139.0 5.796875
140.0 5.5859375
141.0 2.9375
142.0 8.765625
143.0 5.578125
144.0 5.734375
145.0 5.75
146.0 5.765625
147.0 5.9921875
148.0 5.765625
149.0 5.828125
150.0 5.78125
151.0 5.890625
152.0 6.0625
153.0 5.84375
154.0 3.25
155.0 9.1875
156.0 5.796875
157.0 3.015625
158.0 9.046875
159.0 5.6015625
160.0 6.3359375
161.0 5.9765625
162.0 5.8515625
163.0 5.90625
164.0 5.765625
165.0 2.625
166.0 8.3203125
167.0 5.1875
168.0 5.078125
169.0 4.6015625
170.0 6.75
171.0 5.28125
172.0 4.90625
173.0 5.765625
174.0 5.890625
175.0 5.7890625
176.0 5.6484375
177.0 4.9453125
178.0 4.3671875
179.0 4.4453125
180.0 4.2734375
181.0 0.0078125
182.0 7.578125
183.0 3.6953125
184.0 3.96875
185.0 5.46875
186.0 4.65625
187.0 4.7109375
188.0 5.234375
189.0 5.078125
190.0 5.234375
191.0 5.3203125
192.0 5.3125
193.0 4.9609375
194.0 1.0625
195.0 9.75
196.0 5.5625
197.0 5.25
198.0 5.6171875
199.0 5.515625
200.0 4.6796875
201.0 5.34375
202.0 5.609375
203.0 2.7109375
204.0 8.234375
205.0 5.2890625
206.0 5.3359375
207.0 5.3203125
208.0 5.3671875
209.0 4.9609375
210.0 4.796875
211.0 5.109375
212.0 4.9609375
213.0 2.3359375
214.0 7.3203125
215.0 4.609375
216.0 4.8671875
217.0 4.9296875
218.0 5.109375
219.0 5.5546875
220.0 5.0859375
221.0 5.25
222.0 5.2890625
223.0 4.6796875
224.0 5.828125
225.0 4.7109375
226.0 5.0078125
227.0 5.3125
228.0 5.78125
229.0 5.796875
230.0 5.796875
231.0 4.90625
232.0 6.8359375
233.0 5.7109375
234.0 6.0234375
235.0 5.828125
236.0 5.53125
237.0 3.53125
238.0 7.8125
239.0 5.1875
240.0 5.4375
241.0 6.0859375
242.0 5.640625
243.0 5.96875
244.0 5.78125
245.0 5.6953125
246.0 5.7890625
247.0 5.6015625
248.0 5.9453125
249.0 5.8125
250.0 5.703125
251.0 1.8203125
252.0 9.0625
253.0 5.796875
254.0 6.0390625
255.0 5.859375
256.0 6.0390625
257.0 3.4375
258.0 8.59375
259.0 6.0625
260.0 5.9765625
261.0 5.828125
262.0 5.765625
263.0 5.7890625
264.0 5.6015625
265.0 5.4375
266.0 5.703125
267.0 5.578125
268.0 5.5
269.0 5.78125
270.0 1.359375
271.0 10.46875
272.0 5.546875
273.0 5.671875
274.0 5.828125
275.0 5.5625
276.0 5.828125
277.0 5.890625
278.0 5.46875
279.0 5.578125
280.0 5.859375
281.0 6.0234375
282.0 6.0078125
283.0 5.9921875
284.0 5.75
285.0 5.9921875
286.0 5.75
287.0 5.6484375
288.0 4.296875
289.0 7.9140625
290.0 5.6171875
291.0 6.109375
292.0 6.0
293.0 6.1171875
294.0 5.6640625
295.0 6.0
296.0 6.0078125
297.0 5.703125
298.0 5.828125
299.0 5.484375
300.0 5.375
301.0 5.6484375
302.0 5.2578125
303.0 5.28125
304.0 5.3671875
305.0 5.734375
306.0 4.5703125
307.0 4.9453125
308.0 5.5
309.0 5.7578125
310.0 6.140625
311.0 5.703125
312.0 2.484375
313.0 9.015625
314.0 5.84375
315.0 5.859375
316.0 5.640625
317.0 5.6015625
318.0 5.5625
319.0 3.34375
320.0 8.765625
321.0 5.859375
322.0 5.890625
323.0 5.6171875
324.0 5.9453125
325.0 6.0859375
326.0 5.9609375
327.0 5.3125
328.0 5.796875
329.0 5.609375
330.0 5.6484375
331.0 5.5
332.0 6.40625
333.0 5.640625
334.0 6.2578125
335.0 5.7578125
336.0 5.90625
337.0 5.75
338.0 6.0546875
339.0 6.140625
340.0 6.0390625
341.0 1.4921875
342.0 10.5078125
343.0 6.1796875
344.0 5.7109375
345.0 5.75
346.0 5.75
347.0 5.6953125
348.0 5.4375
349.0 5.4921875
350.0 5.3125
351.0 5.421875
352.0 5.3125
353.0 5.453125
354.0 5.5625
355.0 5.3125
356.0 5.140625
357.0 5.546875
358.0 5.6640625
359.0 5.40625
360.0 6.0546875
361.0 5.5625
362.0 5.421875
363.0 5.640625
364.0 5.4609375
365.0 4.875
366.0 5.546875
367.0 6.078125
368.0 5.890625
369.0 2.8671875
370.0 8.3203125
371.0 5.3828125
372.0 5.578125
373.0 5.671875
374.0 5.2265625
375.0 5.484375
376.0 5.2265625
377.0 5.4609375
378.0 5.3671875
379.0 5.578125
380.0 5.6171875
381.0 5.34375
382.0 5.3046875
383.0 1.5703125
384.0 9.4296875
385.0 4.875
386.0 5.21875
387.0 5.140625
388.0 5.3515625
389.0 5.75
390.0 5.4296875
391.0 3.1640625
392.0 8.03125
393.0 5.2890625
394.0 5.7109375
395.0 5.875
396.0 5.4296875
397.0 5.578125
398.0 5.890625
399.0 5.6328125
400.0 5.75
401.0 5.546875
402.0 5.40625
403.0 5.703125
404.0 5.3984375
405.0 1.3515625
406.0 9.625
407.0 5.28125
408.0 5.234375
409.0 1.078125
410.0 9.7578125
411.0 5.3203125
412.0 5.0234375
413.0 4.546875
414.0 5.484375
415.0 5.6171875
416.0 5.5859375
417.0 5.8203125
418.0 2.0
419.0 6.9140625
420.0 5.1015625
421.0 5.703125
422.0 5.6015625
423.0 5.7890625
424.0 5.6328125
425.0 5.7890625
426.0 3.8828125
427.0 7.03125
428.0 4.890625
429.0 5.5
430.0 5.40625
431.0 5.25
432.0 5.8125
433.0 5.53125
434.0 5.484375
435.0 5.453125
436.0 5.4375
437.0 5.6328125
438.0 5.6015625
439.0 5.6484375
440.0 5.7578125
441.0 2.1953125
442.0 9.453125
443.0 4.5
444.0 7.0390625
445.0 5.75
446.0 5.578125
447.0 5.671875
448.0 5.6640625
449.0 5.6328125
450.0 5.5546875
451.0 5.484375
452.0 5.6796875
453.0 2.8046875
454.0 8.8828125
455.0 5.4296875
456.0 5.578125
457.0 4.984375
458.0 5.40625
459.0 5.46875
460.0 5.1640625
461.0 5.2890625
462.0 5.40625
463.0 5.6640625
464.0 5.3984375
465.0 5.6328125
466.0 5.3203125
467.0 2.984375
468.0 8.0546875
469.0 5.6171875
470.0 5.3359375
471.0 5.7578125
472.0 5.578125
473.0 1.375
474.0 9.3359375
475.0 5.34375
476.0 5.6640625
477.0 5.75
478.0 5.5625
479.0 5.21875
480.0 5.4921875
481.0 5.375
482.0 5.5234375
483.0 5.53125
484.0 5.0390625
485.0 2.2421875
486.0 8.96875
487.0 5.734375
488.0 5.2578125
489.0 5.609375
490.0 5.578125
491.0 1.015625
492.0 9.7421875
493.0 5.875
494.0 5.6640625
495.0 5.53125
496.0 5.4921875
497.0 5.578125
498.0 5.6484375
499.0 5.578125
500.0 5.4296875
501.0 5.28125
502.0 5.375
503.0 5.671875
504.0 5.7890625
505.0 3.53125
506.0 7.96875
507.0 5.4296875
508.0 5.3203125
509.0 5.421875
510.0 1.2578125
511.0 9.65625
512.0 5.5
513.0 5.515625
514.0 1.890625
515.0 9.125
516.0 5.5859375
517.0 5.5234375
518.0 5.484375
519.0 5.640625
520.0 5.8515625
521.0 5.8515625
522.0 5.46875
523.0 5.4921875
524.0 5.640625
525.0 5.8125
526.0 5.2578125
527.0 5.4921875
528.0 3.609375
529.0 7.3125
530.0 5.4375
531.0 5.515625
532.0 5.484375
533.0 5.515625
534.0 5.4609375
535.0 5.5625
536.0 5.421875
537.0 5.7265625
538.0 5.6953125
539.0 5.3203125
540.0 5.46875
541.0 5.5234375
542.0 5.4296875
543.0 5.5
544.0 5.3828125
545.0 5.6484375
546.0 5.546875
547.0 5.578125
548.0 5.75
549.0 5.703125
550.0 5.640625
551.0 5.7578125
552.0 5.2890625
553.0 5.515625
554.0 5.5546875
555.0 5.796875
556.0 3.6484375
557.0 7.015625
558.0 5.5625
559.0 5.7890625
560.0 2.4140625
561.0 8.6484375
562.0 6.03125
563.0 5.6796875
564.0 5.6015625
565.0 5.203125
566.0 5.6484375
567.0 5.890625
568.0 5.640625
569.0 5.84375
570.0 5.5
571.0 5.75
572.0 5.5859375
573.0 2.9375
574.0 8.5546875
575.0 5.734375
576.0 5.3203125
577.0 5.453125
578.0 5.4921875
579.0 4.125
580.0 6.8125
581.0 2.6328125
582.0 7.2578125
583.0 5.484375
584.0 5.2890625
585.0 4.25
586.0 5.46875
587.0 3.96875
588.0 5.6171875
589.0 5.5546875
590.0 5.4609375
591.0 5.734375
592.0 5.5625
593.0 5.46875
594.0 5.3828125
595.0 4.171875
596.0 7.40625
597.0 5.453125
598.0 5.6953125
599.0 5.9453125
