0.0 10.28125
1.0 4.4296875
2.0 3.015625
3.0 2.6328125
4.0 0.5234375
5.0 5.9921875
6.0 4.46875
7.0 4.5078125
8.0 2.875
9.0 3.0
10.0 2.8359375
11.0 2.5390625
12.0 2.671875
13.0 2.6640625
14.0 2.59375
15.0 2.4921875
16.0 2.1015625
17.0 0.6328125
18.0 0.0
19.0 6.8828125
20.0 2.625
21.0 0.0
22.0 6.9140625
23.0 2.3671875
24.0 2.7265625
25.0 2.8359375
26.0 3.140625
27.0 3.375
28.0 2.984375
29.0 2.9609375
30.0 3.1484375
31.0 2.9921875
32.0 3.1015625
33.0 3.0859375
34.0 3.3515625
35.0 3.296875
36.0 2.90625
37.0 3.34375
38.0 2.6640625
39.0 3.1328125
40.0 3.171875
41.0 0.0
42.0 6.6640625
43.0 3.21875
44.0 3.2578125
45.0 3.671875
46.0 2.9296875
47.0 0.015625
48.0 5.828125
49.0 3.234375
50.0 2.9375
51.0 3.0
52.0 2.609375
53.0 2.8984375
54.0 3.1640625
55.0 3.203125
56.0 3.203125
57.0 3.171875
58.0 3.1640625
59.0 3.3671875
60.0 1.984375
61.0 0.0
62.0 7.3046875
63.0 3.1328125
64.0 3.0703125
65.0 3.1640625
66.0 0.5546875
67.0 5.421875
68.0 2.8125
69.0 3.265625
70.0 3.0859375
71.0 2.359375
72.0 2.34375
73.0 2.0
74.0 3.40625
75.0 3.828125
76.0 3.2578125
77.0 2.75
78.0 2.421875
79.0 0.0
80.0 6.5
81.0 5.1953125
82.0 6.5
83.0 3.9375
84.0 2.84375
85.0 3.6171875
86.0 5.6796875
87.0 6.203125
88.0 4.0234375
89.0 4.3671875
90.0 4.3984375
91.0 5.9609375
92.0 3.96875
93.0 3.1953125
94.0 3.140625
95.0 3.9375
96.0 3.21875
97.0 2.671875
98.0 0.40625
99.0 5.890625
100.0 4.2421875
101.0 3.4765625
102.0 3.7109375
103.0 4.5703125
104.0 4.984375
105.0 3.328125
106.0 0.0
107.0 4.953125
108.0 3.734375
109.0 5.171875
110.0 5.0390625
111.0 4.78125
112.0 5.5234375
113.0 4.890625
114.0 4.2734375
115.0 4.59375
116.0 4.1015625
117.0 4.5390625
118.0 3.3984375
119.0 2.0703125
120.0 4.859375
121.0 5.96875
122.0 6.234375
123.0 5.734375
124.0 5.828125
125.0 5.3359375
126.0 5.859375
127.0 6.484375
128.0 4.578125
129.0 1.796875
130.0 6.390625
131.0 6.234375
132.0 5.8203125
133.0 5.7890625
134.0 5.6484375
135.0 5.9921875
136.0 5.375
137.0 5.7265625
138.0 6.03125
139.0 5.5625
140.0 4.1328125
141.0 7.2265625
142.0 5.78125
143.0 5.609375
144.0 6.828125
145.0 6.6015625
146.0 6.328125
147.0 5.3046875
148.0 6.2421875
149.0 6.421875
150.0 6.1484375
151.0 5.9140625
152.0 1.2890625
153.0 9.453125
154.0 2.578125
155.0 2.1796875
156.0 2.546875
157.0 0.5703125
158.0 0.0
159.0 0.3671875
160.0 8.8203125
161.0 6.8984375
162.0 6.1796875
163.0 5.1875
164.0 2.9609375
165.0 4.8984375
166.0 5.578125
167.0 5.046875
168.0 5.1015625
169.0 6.078125
170.0 6.6171875
171.0 6.1171875
172.0 5.53125
173.0 5.171875
174.0 4.7265625
175.0 2.578125
176.0 5.3671875
177.0 5.4609375
178.0 5.75
179.0 5.734375
180.0 5.234375
181.0 5.0703125
182.0 3.953125
183.0 0.03125
184.0 6.765625
185.0 5.7890625
186.0 5.3515625
187.0 6.125
188.0 5.1015625
189.0 5.125
190.0 5.6015625
191.0 5.125
192.0 5.28125
193.0 5.4921875
194.0 5.3828125
195.0 5.6328125
196.0 6.5625
197.0 6.2734375
198.0 4.09375
199.0 5.484375
200.0 5.6796875
201.0 6.3671875
202.0 6.1484375
203.0 6.765625
204.0 6.7734375
205.0 5.78125
206.0 4.46875
207.0 8.359375
208.0 6.0625
209.0 5.6484375
210.0 5.75
211.0 5.6015625
212.0 6.109375
213.0 5.84375
214.0 5.3125
215.0 5.640625
216.0 5.3828125
217.0 5.421875
218.0 4.0703125
219.0 0.0
220.0 9.0625
221.0 4.65625
222.0 5.1875
223.0 4.828125
224.0 3.7734375
225.0 5.5546875
226.0 4.875
227.0 5.0859375
228.0 4.6640625
229.0 3.9765625
230.0 5.0078125
231.0 4.46875
232.0 3.1953125
233.0 6.9296875
234.0 5.3515625
235.0 5.7109375
236.0 5.90625
237.0 6.0546875
238.0 5.828125
239.0 5.6171875
240.0 5.3828125
241.0 5.5
242.0 5.5546875
243.0 5.53125
244.0 5.1953125
245.0 4.453125
246.0 1.71875
247.0 0.0
248.0 8.140625
249.0 5.6171875
250.0 5.5234375
251.0 5.0859375
252.0 4.8359375
253.0 1.2890625
254.0 7.3203125
255.0 4.8984375
256.0 5.4921875
257.0 5.2890625
258.0 5.96875
259.0 5.9296875
260.0 5.9140625
261.0 5.9453125
262.0 5.7578125
263.0 5.046875
264.0 6.3671875
265.0 5.9609375
266.0 6.1796875
267.0 5.6015625
268.0 3.8046875
269.0 3.203125
270.0 5.2578125
271.0 4.5078125
272.0 3.875
273.0 0.0
274.0 5.734375
275.0 2.15625
276.0 3.171875
277.0 5.46875
278.0 5.3203125
279.0 6.453125
280.0 5.40625
281.0 4.875
282.0 5.765625
283.0 6.0546875
284.0 6.265625
285.0 5.9453125
286.0 6.3359375
287.0 5.4375
288.0 6.2265625
289.0 5.9765625
290.0 5.6953125
291.0 5.8125
292.0 5.90625
293.0 1.1953125
294.0 10.7421875
295.0 6.078125
296.0 2.8046875
297.0 9.703125
298.0 6.234375
299.0 5.8828125
300.0 5.703125
301.0 6.0546875
302.0 6.03125
303.0 5.2578125
304.0 5.3515625
305.0 6.328125
306.0 5.1953125
307.0 3.171875
308.0 0.8046875
309.0 9.546875
310.0 6.421875
311.0 4.2734375
312.0 4.1484375
313.0 5.8125
314.0 5.6953125
315.0 5.3359375
316.0 6.4453125
317.0 6.328125
318.0 6.4375
319.0 6.1796875
320.0 6.203125
321.0 5.7578125
322.0 1.1796875
323.0 9.6953125
324.0 6.125
325.0 5.1875
326.0 5.3984375
327.0 6.03125
328.0 5.0078125
329.0 4.1796875
330.0 5.078125
331.0 3.7109375
332.0 3.7421875
333.0 4.0078125
334.0 5.1328125
335.0 6.234375
336.0 4.921875
337.0 2.875
338.0 1.3125
339.0 0.0
340.0 0.0
341.0 0.0
342.0 5.6640625
343.0 0.5390625
344.0 3.921875
345.0 5.15625
346.0 4.859375
347.0 3.328125
348.0 3.640625
349.0 4.7109375
350.0 5.453125
351.0 5.046875
352.0 2.5390625
353.0 5.234375
354.0 5.2890625
355.0 3.578125
356.0 7.640625
357.0 4.234375
358.0 5.34375
359.0 5.546875
360.0 5.609375
361.0 5.4921875
362.0 5.515625
363.0 4.90625
364.0 5.109375
365.0 5.859375
366.0 4.7109375
367.0 3.296875
368.0 1.0
369.0 0.0
370.0 7.1640625
371.0 0.8046875
372.0 2.625
373.0 2.8046875
374.0 3.2578125
375.0 5.546875
376.0 5.9296875
377.0 3.5625
378.0 2.6640625
379.0 0.0
380.0 6.3359375
381.0 5.3828125
382.0 2.6953125
383.0 2.5625
384.0 1.828125
385.0 5.28125
386.0 5.109375
387.0 3.21875
388.0 3.6484375
389.0 4.953125
390.0 5.796875
391.0 5.9296875
392.0 3.1484375
393.0 4.0546875
394.0 5.875
395.0 5.765625
396.0 3.234375
397.0 0.6953125
398.0 5.640625
399.0 4.5625
400.0 6.1796875
401.0 5.421875
402.0 3.1171875
403.0 3.3203125
404.0 0.140625
405.0 10.4765625
406.0 3.671875
407.0 2.5078125
408.0 2.0390625
409.0 4.1484375
410.0 4.234375
411.0 5.859375
412.0 3.4375
413.0 3.890625
414.0 5.375
415.0 6.2265625
416.0 6.2109375
417.0 4.7578125
418.0 5.5625
419.0 5.9296875
420.0 5.5
421.0 5.6640625
422.0 5.9453125
423.0 5.9609375
424.0 6.0546875
425.0 6.4453125
426.0 5.765625
427.0 2.234375
428.0 9.546875
429.0 4.3671875
430.0 6.484375
431.0 6.1875
432.0 2.21875
433.0 7.4296875
434.0 2.8359375
435.0 4.25
436.0 4.3203125
437.0 6.296875
438.0 6.5859375
439.0 2.1640625
440.0 10.59375
441.0 6.3515625
442.0 5.6640625
443.0 5.9765625
444.0 6.5078125
445.0 5.484375
446.0 5.6484375
447.0 5.6484375
448.0 5.5
449.0 5.34375
450.0 5.0390625
451.0 5.140625
452.0 3.703125
453.0 2.6875
454.0 7.1640625
455.0 5.6015625
456.0 5.4609375
457.0 3.3203125
458.0 4.4140625
459.0 5.578125
460.0 5.15625
461.0 4.7265625
462.0 2.5703125
463.0 1.6875
464.0 6.7109375
465.0 5.171875
466.0 4.7578125
467.0 3.3671875
468.0 4.1875
469.0 5.96875
470.0 4.7578125
471.0 5.3125
472.0 2.6875
473.0 3.4296875
474.0 5.640625
475.0 5.734375
476.0 5.234375
477.0 2.9296875
478.0 3.9453125
479.0 3.0
480.0 5.109375
481.0 5.1328125
482.0 2.4609375
483.0 2.984375
484.0 4.3828125
485.0 5.046875
486.0 5.078125
487.0 2.9609375
488.0 5.109375
489.0 5.9296875
490.0 6.2734375
491.0 5.4609375
492.0 2.1875
493.0 1.3125
494.0 1.28125
495.0 2.953125
496.0 6.328125
497.0 3.4765625
498.0 4.125
499.0 4.5078125
500.0 3.5859375
501.0 5.546875
502.0 2.3046875
503.0 2.7890625
504.0 4.328125
505.0 3.84375
506.0 1.53125
507.0 5.2578125
508.0 2.9609375
509.0 3.140625
510.0 3.234375
511.0 3.578125
512.0 2.265625
513.0 2.7890625
514.0 3.3671875
515.0 3.515625
516.0 3.7421875
517.0 2.1953125
518.0 0.84375
519.0 8.109375
520.0 5.6171875
521.0 5.078125
522.0 2.671875
523.0 3.0703125
524.0 3.3671875
525.0 3.703125
526.0 2.8359375
527.0 1.46875
528.0 0.6875
529.0 1.0234375
530.0 3.6484375
531.0 5.6484375
532.0 3.296875
533.0 3.875
534.0 2.2734375
535.0 4.84375
536.0 5.15625
537.0 3.0546875
538.0 3.265625
539.0 0.0
540.0 9.3671875
541.0 4.3984375
542.0 3.296875
543.0 3.34375
544.0 5.234375
545.0 6.59375
546.0 6.5546875
547.0 4.5625
548.0 3.203125
549.0 3.578125
550.0 5.3046875
551.0 5.9453125
552.0 4.28125
553.0 2.2109375
554.0 2.34375
555.0 2.84375
556.0 3.3515625
557.0 1.8203125
558.0 1.53125
559.0 1.796875
560.0 3.59375
561.0 3.65625
562.0 1.7734375
563.0 1.703125
564.0 1.4609375
565.0 7.2421875
566.0 5.25
567.0 2.6328125
568.0 3.1640625
569.0 3.515625
570.0 4.84375
571.0 5.0390625
572.0 3.0859375
573.0 3.4453125
574.0 5.78125
575.0 5.5625
576.0 5.515625
577.0 2.84375
578.0 2.984375
579.0 3.375
580.0 0.2109375
581.0 7.46875
582.0 3.0859375
583.0 3.5546875
584.0 4.9921875
585.0 4.6015625
586.0 3.46875
587.0 2.6875
588.0 1.921875
589.0 1.3125
590.0 1.7734375
591.0 3.0859375
592.0 1.46875
593.0 1.0
594.0 0.0
595.0 7.5546875
596.0 4.21875
597.0 2.3984375
598.0 3.7578125
599.0 5.203125
