0.0 5.7265625
1.0 4.421875
2.0 4.3515625
3.0 4.6328125
4.0 4.7265625
5.0 4.5625
6.0 4.3203125
7.0 3.765625
8.0 2.5234375
9.0 3.7265625
10.0 2.625
11.0 2.6015625
12.0 2.6640625
13.0 3.171875
14.0 3.1484375
15.0 0.0
16.0 7.6171875
17.0 4.0078125
18.0 4.0234375
19.0 4.1171875
20.0 0.453125
21.0 7.3984375
22.0 3.96875
23.0 3.8046875
24.0 3.9140625
25.0 4.1171875
26.0 4.0234375
27.0 3.6484375
28.0 3.8203125
29.0 3.8515625
30.0 1.6875
31.0 6.5390625
32.0 3.7265625
33.0 4.21875
34.0 4.4765625
35.0 4.6015625
36.0 2.09375
37.0 6.9765625
38.0 4.0546875
39.0 4.125
40.0 3.859375
41.0 4.1171875
42.0 4.1328125
43.0 3.7421875
44.0 3.1484375
45.0 4.5078125
46.0 4.296875
47.0 4.3203125
48.0 4.4453125
49.0 4.3984375
50.0 2.4140625
51.0 6.5078125
52.0 4.796875
53.0 4.25
54.0 4.15625
55.0 3.828125
56.0 2.1484375
57.0 6.65625
58.0 4.515625
59.0 4.578125
60.0 4.390625
61.0 3.6171875
62.0 3.8203125
63.0 3.8515625
64.0 4.4140625
65.0 3.65625
66.0 3.859375
67.0 3.9453125
68.0 3.1796875
69.0 4.1015625
70.0 3.734375
71.0 4.25
72.0 4.3359375
73.0 4.4765625
74.0 4.0390625
75.0 4.328125
76.0 4.15625
77.0 3.828125
78.0 4.3359375
79.0 4.265625
80.0 4.5703125
81.0 4.6328125
82.0 4.609375
83.0 4.5703125
84.0 0.21875
85.0 8.4453125
86.0 4.1171875
87.0 4.390625
88.0 0.1875
89.0 8.265625
90.0 1.8828125
91.0 6.59375
92.0 4.2421875
93.0 4.2109375
94.0 4.1484375
95.0 4.3671875
96.0 4.265625
97.0 4.578125
98.0 4.3515625
99.0 4.15625
100.0 4.625
101.0 4.578125
102.0 4.515625
103.0 4.3671875
104.0 4.0703125
105.0 0.5078125
106.0 7.734375
107.0 4.265625
108.0 4.3984375
109.0 4.4296875
110.0 4.15625
111.0 0.0
112.0 8.828125
113.0 4.3046875
114.0 4.2734375
115.0 4.1796875
116.0 4.03125
117.0 4.6796875
118.0 4.3046875
119.0 4.3046875
120.0 4.1484375
121.0 4.0390625
122.0 3.9375
123.0 3.5859375
124.0 0.0
125.0 8.828125
126.0 4.2109375
127.0 4.0078125
128.0 3.3125
129.0 3.6171875
130.0 2.7109375
131.0 5.140625
132.0 4.09375
133.0 1.734375
134.0 6.2265625
135.0 4.3203125
136.0 3.828125
137.0 4.03125
138.0 3.953125
139.0 3.875
140.0 4.1484375
141.0 4.203125
142.0 4.234375
143.0 4.1484375
144.0 3.875
145.0 4.0078125
146.0 3.96875
147.0 4.0
148.0 4.203125
149.0 4.1796875
150.0 4.25
151.0 4.2421875
152.0 4.15625
153.0 4.1875
154.0 2.8515625
155.0 5.8515625
156.0 4.0078125
157.0 4.3203125
158.0 4.484375
159.0 4.3203125
160.0 1.1953125
161.0 7.375
162.0 4.5
163.0 3.921875
164.0 4.0546875
165.0 3.4375
166.0 3.5859375
167.0 4.1484375
168.0 4.3046875
169.0 4.125
170.0 4.28125
171.0 4.0546875
172.0 4.09375
173.0 0.0390625
174.0 7.8828125
175.0 3.953125
176.0 4.203125
177.0 4.28125
178.0 3.953125
179.0 3.25
180.0 0.0
181.0 2.1484375
182.0 7.90625
183.0 4.328125
184.0 4.2421875
185.0 4.4453125
186.0 4.6640625
187.0 4.0546875
188.0 3.4453125
189.0 4.4453125
190.0 3.7265625
191.0 4.265625
192.0 4.546875
193.0 4.796875
194.0 2.8984375
195.0 5.53125
196.0 4.3046875
197.0 2.3359375
198.0 6.3515625
199.0 3.7578125
200.0 4.0859375
201.0 4.4765625
202.0 4.4140625
203.0 3.265625
204.0 4.9765625
205.0 3.9765625
206.0 4.1796875
207.0 4.328125
208.0 3.84375
209.0 3.625
210.0 4.203125
211.0 3.9765625
212.0 4.25
213.0 4.9296875
214.0 4.8671875
215.0 4.75
216.0 4.46875
217.0 3.140625
218.0 1.5234375
219.0 6.4765625
220.0 4.5625
221.0 4.6640625
222.0 2.359375
223.0 7.3671875
224.0 4.6953125
225.0 4.84375
226.0 5.015625
227.0 4.9296875
228.0 5.171875
229.0 5.046875
230.0 4.796875
231.0 4.6484375
232.0 4.6953125
233.0 4.6796875
234.0 4.921875
235.0 1.796875
236.0 7.4296875
237.0 4.6015625
238.0 4.1875
239.0 4.2421875
240.0 0.7890625
241.0 7.8125
242.0 4.484375
243.0 4.484375
244.0 4.5078125
245.0 4.4296875
246.0 4.546875
247.0 4.625
248.0 4.7109375
249.0 4.5625
250.0 4.609375
251.0 4.5
252.0 4.5078125
253.0 3.375
254.0 5.96875
255.0 4.78125
256.0 4.625
257.0 4.3671875
258.0 4.2109375
259.0 4.4140625
260.0 4.5
261.0 4.4140625
262.0 4.71875
263.0 4.78125
264.0 0.9609375
265.0 7.984375
266.0 4.5625
267.0 4.3203125
268.0 4.5078125
269.0 4.1015625
270.0 4.203125
271.0 3.2890625
272.0 5.25
273.0 4.0859375
274.0 4.0703125
275.0 4.3671875
276.0 4.265625
277.0 4.2109375
278.0 4.21875
279.0 4.5
280.0 4.7109375
281.0 4.5390625
282.0 4.484375
283.0 4.6328125
284.0 4.578125
285.0 0.5546875
286.0 7.28125
287.0 3.9921875
288.0 4.296875
289.0 1.3828125
290.0 7.0625
291.0 4.2734375
292.0 4.328125
293.0 4.1875
294.0 4.390625
295.0 4.6328125
296.0 4.7265625
297.0 4.6796875
298.0 4.484375
299.0 4.625
300.0 4.5078125
301.0 4.578125
302.0 2.09375
303.0 7.0625
304.0 5.0390625
305.0 4.796875
306.0 4.8984375
307.0 4.6796875
308.0 2.1796875
309.0 7.0625
310.0 4.6328125
311.0 4.3984375
312.0 4.59375
313.0 4.8671875
314.0 4.8359375
315.0 4.796875
316.0 4.6484375
317.0 4.6484375
318.0 2.265625
319.0 6.84375
320.0 4.4296875
321.0 4.3359375
322.0 4.6015625
323.0 4.625
324.0 4.4765625
325.0 4.78125
326.0 2.1015625
327.0 6.984375
328.0 4.78125
329.0 4.796875
330.0 4.6484375
331.0 4.515625
332.0 4.53125
333.0 4.609375
334.0 4.78125
335.0 4.6015625
336.0 4.453125
337.0 4.3359375
338.0 4.515625
339.0 4.578125
340.0 4.609375
341.0 4.71875
342.0 0.0
343.0 7.6015625
344.0 4.4296875
345.0 4.6328125
346.0 4.7265625
347.0 0.015625
348.0 9.390625
349.0 4.578125
350.0 4.59375
351.0 4.5078125
352.0 3.84375
353.0 0.0
354.0 6.171875
355.0 2.71875
356.0 2.265625
357.0 3.4296875
358.0 4.53125
359.0 4.625
360.0 4.8046875
361.0 5.1640625
362.0 4.9609375
363.0 4.9609375
364.0 4.8671875
365.0 3.015625
366.0 4.78125
367.0 4.8359375
368.0 2.375
369.0 7.3203125
370.0 4.59375
371.0 4.546875
372.0 4.6328125
373.0 4.609375
374.0 4.4453125
375.0 4.625
376.0 4.65625
377.0 4.421875
378.0 4.5625
379.0 4.546875
380.0 2.890625
381.0 4.625
382.0 4.7109375
383.0 3.25
384.0 5.9375
385.0 4.1171875
386.0 4.265625
387.0 4.328125
388.0 1.65625
389.0 7.2734375
390.0 4.0625
391.0 3.9375
392.0 3.890625
393.0 2.1171875
394.0 4.0
395.0 4.5
396.0 4.0859375
397.0 0.84375
398.0 6.234375
399.0 4.84375
400.0 4.7578125
401.0 4.625
402.0 4.578125
403.0 4.59375
404.0 4.7421875
405.0 4.6484375
406.0 4.8671875
407.0 4.828125
408.0 4.6796875
409.0 4.59375
410.0 4.46875
411.0 3.9140625
412.0 0.15625
413.0 5.8515625
414.0 8.2421875
415.0 4.7109375
416.0 4.46875
417.0 4.359375
418.0 4.2421875
419.0 4.296875
420.0 4.0703125
421.0 4.1171875
422.0 4.3671875
423.0 4.3828125
424.0 4.46875
425.0 4.578125
426.0 4.46875
427.0 4.1015625
428.0 0.0
429.0 8.9765625
430.0 4.328125
431.0 4.6015625
432.0 4.421875
433.0 3.4921875
434.0 1.3125
435.0 8.375
436.0 4.8984375
437.0 4.4140625
438.0 4.3359375
439.0 4.9296875
440.0 4.6953125
441.0 4.2734375
442.0 4.4765625
443.0 4.609375
444.0 4.8359375
445.0 4.75
446.0 4.453125
447.0 3.84375
448.0 4.03125
449.0 4.5703125
450.0 3.9765625
451.0 3.4921875
452.0 3.9375
453.0 3.6171875
454.0 3.796875
455.0 3.9921875
456.0 3.7265625
457.0 3.671875
458.0 4.1171875
459.0 3.6171875
460.0 3.9140625
461.0 3.6953125
462.0 3.859375
463.0 3.859375
464.0 4.21875
465.0 3.546875
466.0 3.9453125
467.0 4.171875
468.0 4.125
469.0 4.6484375
470.0 3.96875
471.0 2.3671875
472.0 2.65625
473.0 5.0546875
474.0 3.953125
475.0 4.0078125
476.0 4.578125
477.0 4.578125
478.0 4.546875
479.0 4.46875
480.0 4.453125
481.0 4.4453125
482.0 0.9609375
483.0 7.8984375
484.0 4.1328125
485.0 4.6484375
486.0 4.328125
487.0 4.21875
488.0 4.1796875
489.0 4.6328125
490.0 4.6328125
491.0 3.1328125
492.0 2.6875
493.0 3.796875
494.0 4.4453125
495.0 3.46875
496.0 0.6953125
497.0 7.6953125
498.0 4.515625
499.0 4.515625
500.0 4.03125
501.0 2.84375
502.0 5.6640625
503.0 4.3359375
504.0 4.1484375
505.0 4.0234375
506.0 2.984375
507.0 5.5546875
508.0 4.453125
509.0 4.28125
510.0 4.3515625
511.0 3.65625
512.0 3.859375
513.0 4.1328125
514.0 3.9375
515.0 3.8203125
516.0 4.1015625
517.0 4.1796875
518.0 3.921875
519.0 3.8046875
520.0 2.921875
521.0 0.09375
522.0 8.46875
523.0 3.4375
524.0 3.7578125
525.0 4.1484375
526.0 4.0546875
527.0 4.3359375
528.0 1.390625
529.0 7.984375
530.0 4.390625
531.0 4.1015625
532.0 4.3515625
533.0 4.6953125
534.0 4.71875
535.0 4.9609375
536.0 4.4453125
537.0 4.296875
538.0 4.21875
539.0 3.890625
540.0 4.390625
541.0 4.5703125
542.0 4.4453125
543.0 4.3671875
544.0 4.296875
545.0 0.5234375
546.0 8.0546875
547.0 4.0390625
548.0 3.671875
549.0 0.8359375
550.0 6.828125
551.0 4.25
552.0 3.890625
553.0 4.171875
554.0 4.2734375
555.0 3.375
556.0 3.0859375
557.0 3.4921875
558.0 0.9140625
559.0 7.5234375
560.0 4.1796875
561.0 4.6953125
562.0 4.53125
563.0 4.90625
564.0 4.7734375
565.0 4.4296875
566.0 4.84375
567.0 4.9296875
568.0 4.90625
569.0 4.9765625
570.0 4.890625
571.0 4.875
572.0 4.71875
573.0 1.0546875
574.0 6.15625
575.0 6.9296875
576.0 4.3515625
577.0 4.515625
578.0 4.234375
579.0 4.6640625
580.0 4.3671875
581.0 4.4296875
582.0 4.265625
583.0 3.890625
584.0 3.84375
585.0 3.8515625
586.0 3.7890625
587.0 2.5703125
588.0 1.984375
589.0 0.0
590.0 7.5546875
591.0 3.3671875
592.0 3.5546875
593.0 3.671875
594.0 3.7890625
595.0 1.59375
596.0 6.5859375
597.0 3.4375
598.0 1.8359375
599.0 4.359375
