0.0 2.375
1.0 0.390625
2.0 0.0
3.0 0.0
4.0 5.7890625
5.0 3.1015625
6.0 3.3203125
7.0 5.8203125
8.0 7.3203125
9.0 6.6796875
10.0 6.9296875
11.0 7.9609375
12.0 7.609375
13.0 5.4609375
14.0 6.2890625
15.0 7.3046875
16.0 7.1640625
17.0 4.6796875
18.0 10.234375
19.0 5.890625
20.0 5.578125
21.0 4.359375
22.0 2.34375
23.0 5.3359375
24.0 4.125
25.0 2.9609375
26.0 2.609375
27.0 1.5703125
28.0 2.8046875
29.0 6.5625
30.0 6.859375
31.0 6.15625
32.0 6.296875
33.0 6.921875
34.0 7.34375
35.0 7.390625
36.0 4.7734375
37.0 9.5546875
38.0 7.5390625
39.0 7.2421875
40.0 3.2265625
41.0 9.375
42.0 6.359375
43.0 3.9921875
44.0 4.6015625
45.0 3.609375
46.0 4.3984375
47.0 3.609375
48.0 2.7734375
49.0 0.0
50.0 4.984375
51.0 2.578125
52.0 2.09375
53.0 1.7421875
54.0 0.6171875
55.0 0.671875
56.0 1.3203125
57.0 2.0703125
58.0 3.1640625
59.0 2.671875
60.0 3.546875
61.0 4.8984375
62.0 5.53125
63.0 1.5
64.0 11.0078125
65.0 2.9921875
66.0 7.8828125
67.0 3.6953125
68.0 5.4296875
69.0 2.90625
70.0 6.1875
71.0 2.8984375
72.0 3.6953125
73.0 2.875
74.0 5.125
75.0 2.8984375
76.0 2.8046875
77.0 5.765625
78.0 7.2578125
79.0 6.9296875
80.0 6.6171875
81.0 6.6171875
82.0 6.5859375
83.0 5.1640625
84.0 8.40625
85.0 7.15625
86.0 7.609375
87.0 7.796875
88.0 7.40625
89.0 4.984375
90.0 8.5859375
91.0 6.703125
92.0 7.1640625
93.0 7.28125
94.0 7.25
95.0 7.0390625
96.0 5.9453125
97.0 5.40625
98.0 6.0390625
99.0 6.75
100.0 6.2265625
101.0 3.078125
102.0 10.4453125
103.0 6.265625
104.0 6.0234375
105.0 3.2578125
106.0 11.5
107.0 6.828125
108.0 5.578125
109.0 6.1484375
110.0 4.546875
111.0 6.1875
112.0 5.796875
113.0 6.3046875
114.0 5.5234375
115.0 6.2109375
116.0 5.8125
117.0 6.09375
118.0 4.8984375
119.0 7.5859375
120.0 6.75
121.0 6.390625
122.0 6.84375
123.0 6.265625
124.0 4.0625
125.0 6.0625
126.0 5.90625
127.0 5.7890625
128.0 5.703125
129.0 5.0859375
130.0 5.3125
131.0 3.703125
132.0 1.328125
133.0 0.0
134.0 6.5859375
135.0 4.0625
136.0 2.96875
137.0 0.046875
138.0 0.0
139.0 4.9296875
140.0 4.7265625
141.0 5.90625
142.0 6.3203125
143.0 6.5859375
144.0 6.4453125
145.0 6.828125
146.0 6.6328125
147.0 3.7734375
148.0 8.8671875
149.0 5.6953125
150.0 4.6015625
151.0 9.3359375
152.0 6.9140625
153.0 6.5546875
154.0 6.3515625
155.0 6.2890625
156.0 6.1484375
157.0 5.6953125
158.0 4.1015625
159.0 5.9375
160.0 6.3359375
161.0 6.2578125
162.0 6.765625
163.0 5.3203125
164.0 6.2890625
165.0 6.5703125
166.0 6.1484375
167.0 5.34375
168.0 0.78125
169.0 10.7265625
170.0 6.6640625
171.0 6.65625
172.0 4.3984375
173.0 6.7109375
174.0 6.4140625
175.0 6.265625
176.0 6.3671875
177.0 6.09375
178.0 6.6015625
179.0 5.8828125
180.0 5.859375
181.0 7.1875
182.0 6.703125
183.0 3.4609375
184.0 11.21875
185.0 7.046875
186.0 6.8984375
187.0 6.5
188.0 7.40625
189.0 6.8359375
190.0 6.4140625
191.0 6.5390625
192.0 6.5625
193.0 5.484375
194.0 4.53125
195.0 3.0859375
196.0 5.171875
197.0 5.640625
198.0 5.234375
199.0 5.171875
200.0 5.109375
201.0 4.890625
202.0 4.234375
203.0 2.1640625
204.0 6.8984375
205.0 5.28125
206.0 4.1796875
207.0 1.8984375
208.0 4.0625
209.0 5.4296875
210.0 5.6171875
211.0 6.3359375
212.0 6.3359375
213.0 6.265625
214.0 6.265625
215.0 2.875
216.0 8.890625
217.0 6.2890625
218.0 4.1328125
219.0 5.578125
220.0 6.6015625
221.0 7.0078125
222.0 7.109375
223.0 6.7734375
224.0 6.6796875
225.0 6.1171875
226.0 6.9609375
227.0 7.2109375
228.0 6.5859375
229.0 6.859375
230.0 6.6484375
231.0 6.9921875
232.0 6.234375
233.0 6.703125
234.0 6.921875
235.0 3.578125
236.0 2.3046875
237.0 7.9140625
238.0 6.2578125
239.0 6.0546875
240.0 6.53125
241.0 6.296875
242.0 6.2265625
243.0 6.109375
244.0 6.109375
245.0 6.203125
246.0 6.078125
247.0 6.3359375
248.0 6.234375
249.0 5.8515625
250.0 2.640625
251.0 8.328125
252.0 4.90625
253.0 5.484375
254.0 5.84375
255.0 2.6875
256.0 0.0
257.0 8.359375
258.0 4.1171875
259.0 3.84375
260.0 4.0625
261.0 5.0390625
262.0 5.6640625
263.0 5.515625
264.0 4.6875
265.0 2.9609375
266.0 2.265625
267.0 0.0
268.0 0.0
269.0 5.9296875
270.0 0.609375
271.0 0.0
272.0 0.0
273.0 0.0
274.0 0.0
275.0 0.0390625
276.0 2.0078125
277.0 2.7421875
278.0 4.0859375
279.0 3.921875
280.0 3.9765625
281.0 3.9140625
282.0 3.5546875
283.0 1.234375
284.0 3.328125
285.0 3.1953125
286.0 3.1328125
287.0 3.5546875
288.0 4.6640625
289.0 4.515625
290.0 5.140625
291.0 6.140625
292.0 2.8671875
293.0 4.9453125
294.0 7.21875
295.0 6.859375
296.0 6.7734375
297.0 5.96875
298.0 6.234375
299.0 6.859375
300.0 6.0625
301.0 6.1796875
302.0 5.3515625
303.0 5.4921875
304.0 5.6015625
305.0 5.5546875
306.0 5.21875
307.0 6.0234375
308.0 6.8359375
309.0 7.15625
310.0 7.34375
311.0 7.140625
312.0 7.2421875
313.0 6.921875
314.0 6.53125
315.0 6.984375
316.0 7.0703125
317.0 6.421875
318.0 7.6953125
319.0 7.1875
320.0 6.703125
321.0 6.2890625
322.0 6.953125
323.0 6.6328125
324.0 7.2109375
325.0 7.1953125
326.0 7.578125
327.0 7.109375
328.0 6.84375
329.0 3.4921875
330.0 10.265625
331.0 7.0703125
332.0 6.5859375
333.0 3.46875
334.0 9.8125
335.0 6.1875
336.0 6.75
337.0 6.9609375
338.0 7.140625
339.0 6.7734375
340.0 7.109375
341.0 6.7734375
342.0 6.828125
343.0 6.2890625
344.0 6.2890625
345.0 6.2421875
346.0 5.4375
347.0 7.0625
348.0 5.484375
349.0 5.8203125
350.0 6.6640625
351.0 6.65625
352.0 7.046875
353.0 7.8203125
354.0 7.453125
355.0 7.5703125
356.0 7.6171875
357.0 7.25
358.0 6.4765625
359.0 6.59375
360.0 4.84375
361.0 4.6875
362.0 7.3125
363.0 7.1015625
364.0 6.625
365.0 6.03125
366.0 6.8125
367.0 5.8125
368.0 0.390625
369.0 6.1796875
370.0 7.015625
371.0 7.15625
372.0 6.8359375
373.0 6.5859375
374.0 6.890625
375.0 7.4921875
376.0 7.4921875
377.0 3.1328125
378.0 10.5234375
379.0 7.03125
380.0 7.4296875
381.0 6.9296875
382.0 7.2890625
383.0 6.828125
384.0 5.765625
385.0 5.8515625
386.0 7.2265625
387.0 6.953125
388.0 6.921875
389.0 7.5234375
390.0 6.5859375
391.0 4.7578125
392.0 7.78125
393.0 7.4921875
394.0 7.5078125
395.0 7.46875
396.0 7.2890625
397.0 7.796875
398.0 7.96875
399.0 8.078125
400.0 7.671875
401.0 7.7265625
402.0 7.9296875
403.0 7.8125
404.0 8.1484375
405.0 8.0234375
406.0 7.5078125
407.0 7.8203125
408.0 7.8984375
409.0 7.0703125
410.0 9.4609375
411.0 7.9375
412.0 7.8671875
413.0 8.3828125
414.0 5.96875
415.0 1.8671875
416.0 11.234375
417.0 6.0234375
418.0 7.484375
419.0 8.375
420.0 8.234375
421.0 8.0234375
422.0 7.875
423.0 7.9296875
424.0 7.609375
425.0 5.78125
426.0 6.203125
427.0 7.7890625
428.0 6.765625
429.0 9.59375
430.0 8.109375
431.0 8.671875
432.0 8.046875
433.0 7.5078125
434.0 6.9765625
435.0 4.125
436.0 10.828125
437.0 7.71875
438.0 6.78125
439.0 5.3125
440.0 1.4921875
441.0 7.8203125
442.0 2.84375
443.0 8.09375
444.0 7.8125
445.0 7.578125
446.0 7.3671875
447.0 3.21875
448.0 11.9375
449.0 6.78125
450.0 5.703125
451.0 8.3203125
452.0 7.4609375
453.0 7.015625
454.0 6.65625
455.0 6.953125
456.0 4.8125
457.0 4.71875
458.0 5.046875
459.0 5.2265625
460.0 6.4765625
461.0 6.6171875
462.0 6.2265625
463.0 1.9453125
464.0 0.703125
465.0 6.390625
466.0 4.4296875
467.0 5.9296875
468.0 3.7109375
469.0 4.84375
470.0 4.21875
471.0 2.390625
472.0 5.703125
473.0 6.0234375
474.0 5.3828125
475.0 4.71875
476.0 2.7421875
477.0 8.5234375
478.0 4.5390625
479.0 3.25
480.0 2.9375
481.0 3.5859375
482.0 3.796875
483.0 4.75
484.0 3.7890625
485.0 4.0859375
486.0 6.5390625
487.0 5.765625
488.0 7.109375
489.0 7.15625
490.0 5.4375
491.0 4.9296875
492.0 5.4296875
493.0 6.734375
494.0 6.4453125
495.0 6.5390625
496.0 6.3515625
497.0 6.296875
498.0 6.71875
499.0 7.078125
500.0 6.796875
501.0 4.953125
502.0 4.4453125
503.0 3.953125
504.0 1.3125
505.0 0.0
506.0 0.0
507.0 6.359375
508.0 1.609375
509.0 3.21875
510.0 4.78125
511.0 4.1328125
512.0 2.78125
513.0 6.1171875
514.0 7.515625
515.0 7.2578125
516.0 7.515625
517.0 7.3984375
518.0 6.6796875
519.0 3.046875
520.0 8.234375
521.0 1.1796875
522.0 1.1328125
523.0 0.2890625
524.0 7.1953125
525.0 1.8203125
526.0 1.7890625
527.0 2.125
528.0 6.5078125
529.0 3.890625
530.0 3.0390625
531.0 1.6796875
532.0 2.3046875
533.0 5.5234375
534.0 5.2734375
535.0 3.6171875
536.0 3.265625
537.0 3.7109375
538.0 2.8671875
539.0 2.9296875
540.0 1.734375
541.0 0.1875
542.0 0.0
543.0 7.34375
544.0 1.9765625
545.0 9.0625
546.0 6.2421875
547.0 6.0078125
548.0 4.0078125
549.0 4.484375
550.0 5.6171875
551.0 5.34375
552.0 4.6015625
553.0 4.25
554.0 1.5625
555.0 1.1484375
556.0 1.2109375
557.0 3.5546875
558.0 3.9140625
559.0 0.6015625
560.0 0.0
561.0 0.0
562.0 6.0234375
563.0 3.28125
564.0 4.2734375
565.0 2.09375
566.0 0.0
567.0 5.421875
568.0 1.5234375
569.0 1.046875
570.0 1.28125
571.0 1.40625
572.0 1.765625
573.0 4.5078125
574.0 4.7734375
575.0 1.953125
576.0 0.9140625
577.0 1.703125
578.0 5.4609375
579.0 6.3203125
580.0 3.9375
581.0 8.5078125
582.0 3.4453125
583.0 0.40625
584.0 8.7734375
585.0 3.9375
586.0 1.8671875
587.0 3.6796875
588.0 3.8828125
589.0 6.7421875
590.0 6.8046875
591.0 6.8984375
592.0 7.2421875
593.0 7.2109375
594.0 6.8671875
595.0 2.8515625
596.0 0.046875
597.0 6.953125
598.0 2.3046875
599.0 1.59375
