0.0 3.9375
1.0 3.9453125
2.0 4.0078125
3.0 2.9296875
4.0 2.5625
5.0 1.171875
6.0 5.8828125
7.0 3.6484375
8.0 3.875
9.0 1.703125
10.0 6.5859375
11.0 4.3984375
12.0 4.0078125
13.0 3.9765625
14.0 4.1484375
15.0 4.0390625
16.0 4.0234375
17.0 3.875
18.0 4.359375
19.0 2.2109375
20.0 6.1171875
21.0 4.2734375
22.0 4.1796875
23.0 4.2734375
24.0 4.15625
25.0 2.1796875
26.0 6.734375
27.0 4.46875
28.0 4.421875
29.0 4.2734375
30.0 4.5390625
31.0 2.375
32.0 6.9765625
33.0 4.546875
34.0 3.140625
35.0 3.7421875
36.0 2.609375
37.0 2.640625
38.0 2.21875
39.0 2.7421875
40.0 4.0703125
41.0 3.9765625
42.0 4.1015625
43.0 4.3203125
44.0 4.328125
45.0 4.5703125
46.0 4.328125
47.0 2.2734375
48.0 6.6796875
49.0 4.3984375
50.0 4.3828125
51.0 4.234375
52.0 4.7578125
53.0 4.2421875
54.0 4.4765625
55.0 4.3671875
56.0 3.59375
57.0 1.890625
58.0 2.421875
59.0 2.5625
60.0 3.171875
61.0 2.390625
62.0 5.2890625
63.0 3.84375
64.0 3.828125
65.0 4.0078125
66.0 3.6484375
67.0 3.25
68.0 3.234375
69.0 3.3984375
70.0 3.40625
71.0 2.9609375
72.0 1.53125
73.0 5.53125
74.0 3.921875
75.0 3.4765625
76.0 3.296875
77.0 0.0
78.0 6.9296875
79.0 3.2578125
80.0 3.1796875
81.0 3.140625
82.0 3.1171875
83.0 3.3203125
84.0 3.4453125
85.0 3.625
86.0 3.6953125
87.0 3.1953125
88.0 0.5390625
89.0 6.7421875
90.0 3.28125
91.0 3.1796875
92.0 3.3828125
93.0 3.7265625
94.0 3.671875
95.0 3.609375
96.0 3.59375
97.0 3.5546875
98.0 3.6484375
99.0 3.328125
100.0 3.0390625
101.0 2.8359375
102.0 2.546875
103.0 0.0
104.0 7.109375
105.0 3.7890625
106.0 3.65625
107.0 3.625
108.0 3.21875
109.0 3.4765625
110.0 3.2890625
111.0 3.1796875
112.0 3.3125
113.0 3.140625
114.0 3.4609375
115.0 3.2890625
116.0 0.15625
117.0 6.0546875
118.0 3.265625
119.0 3.546875
120.0 3.0859375
121.0 2.1953125
122.0 4.578125
123.0 3.53125
124.0 3.3125
125.0 3.0703125
126.0 3.375
127.0 3.3203125
128.0 3.078125
129.0 3.4140625
130.0 3.1484375
131.0 3.109375
132.0 3.3828125
133.0 3.59375
134.0 3.40625
135.0 2.9375
136.0 0.0
137.0 7.0078125
138.0 3.2890625
139.0 3.2578125
140.0 3.0703125
141.0 0.0
142.0 6.40625
143.0 3.3125
144.0 3.40625
145.0 3.5546875
146.0 3.65625
147.0 3.65625
148.0 3.4609375
149.0 3.3828125
150.0 2.3125
151.0 4.0546875
152.0 3.203125
153.0 3.328125
154.0 3.4765625
155.0 3.046875
156.0 3.1328125
157.0 3.109375
158.0 3.4375
159.0 3.5546875
160.0 3.0546875
161.0 2.9375
162.0 2.3046875
163.0 0.9921875
164.0 5.515625
165.0 4.1796875
166.0 4.0546875
167.0 4.234375
168.0 4.0390625
169.0 4.0625
170.0 4.0
171.0 3.9921875
172.0 3.703125
173.0 3.6484375
174.0 3.265625
175.0 3.671875
176.0 3.40625
177.0 3.4609375
178.0 4.25
179.0 4.0703125
180.0 3.5546875
181.0 4.1015625
182.0 4.2734375
183.0 4.0078125
184.0 3.734375
185.0 3.5
186.0 0.0
187.0 8.0234375
188.0 4.0
189.0 4.25
190.0 4.0078125
191.0 3.53125
192.0 0.0
193.0 8.5703125
194.0 4.125
195.0 4.0234375
196.0 4.5390625
197.0 2.0625
198.0 5.140625
199.0 2.3125
200.0 2.8046875
201.0 4.1328125
202.0 3.9765625
203.0 3.3828125
204.0 3.515625
205.0 3.671875
206.0 3.6953125
207.0 3.2890625
208.0 2.4765625
209.0 2.4453125
210.0 1.359375
211.0 0.0
212.0 8.2578125
213.0 3.6953125
214.0 3.9765625
215.0 4.328125
216.0 2.953125
217.0 3.578125
218.0 4.09375
219.0 3.53125
220.0 3.8046875
221.0 1.7578125
222.0 0.0
223.0 6.828125
224.0 2.7109375
225.0 2.9609375
226.0 2.78125
227.0 3.0
228.0 2.96875
229.0 2.7421875
230.0 2.7578125
231.0 3.171875
232.0 3.265625
233.0 3.3515625
234.0 3.25
235.0 3.578125
236.0 3.5234375
237.0 1.0625
238.0 6.140625
239.0 2.8984375
240.0 2.125
241.0 4.625
242.0 3.1328125
243.0 3.0546875
244.0 2.8515625
245.0 2.71875
246.0 2.8046875
247.0 2.7734375
248.0 2.7421875
249.0 3.1484375
250.0 3.0234375
251.0 2.953125
252.0 2.6875
253.0 3.0
254.0 2.1640625
255.0 0.0
256.0 3.4375
257.0 5.6796875
258.0 4.3359375
259.0 4.0546875
260.0 3.5859375
261.0 3.6796875
262.0 4.1171875
263.0 3.703125
264.0 1.625
265.0 5.765625
266.0 5.15625
267.0 3.40625
268.0 2.8203125
269.0 3.3984375
270.0 3.4140625
271.0 2.9296875
272.0 3.0546875
273.0 2.8125
274.0 2.8515625
275.0 3.2578125
276.0 3.171875
277.0 3.1328125
278.0 2.34375
279.0 1.8984375
280.0 0.0
281.0 7.03125
282.0 2.7734375
283.0 2.7578125
284.0 1.8359375
285.0 3.2890625
286.0 4.0546875
287.0 4.2734375
288.0 4.0625
289.0 4.1796875
290.0 4.234375
291.0 4.484375
292.0 4.421875
293.0 4.125
294.0 4.9609375
295.0 4.2421875
296.0 3.96875
297.0 3.765625
298.0 1.4609375
299.0 5.546875
300.0 4.0703125
301.0 3.859375
302.0 4.03125
303.0 4.1171875
304.0 4.125
305.0 4.1328125
306.0 4.15625
307.0 4.3515625
308.0 4.1015625
309.0 4.53125
310.0 4.3046875
311.0 4.3359375
312.0 3.0703125
313.0 5.3515625
314.0 4.25
315.0 2.1015625
316.0 5.890625
317.0 1.421875
318.0 3.7734375
319.0 0.640625
320.0 1.109375
321.0 3.4375
322.0 3.7890625
323.0 1.6875
324.0 3.9140625
325.0 2.7265625
326.0 3.7265625
327.0 3.7421875
328.0 3.6953125
329.0 3.4609375
330.0 3.640625
331.0 3.5
332.0 3.4921875
333.0 3.4453125
334.0 3.0546875
335.0 3.4921875
336.0 3.3671875
337.0 3.1484375
338.0 3.703125
339.0 1.9375
340.0 5.421875
341.0 4.1015625
342.0 3.859375
343.0 3.765625
344.0 3.921875
345.0 2.1015625
346.0 5.5859375
347.0 3.6953125
348.0 2.6640625
349.0 3.3671875
350.0 4.390625
351.0 3.7578125
352.0 3.7265625
353.0 3.7109375
354.0 4.3671875
355.0 4.15625
356.0 3.9453125
357.0 4.1328125
358.0 2.1875
359.0 4.8046875
360.0 3.6796875
361.0 3.6484375
362.0 3.875
363.0 2.953125
364.0 1.734375
365.0 0.0
366.0 7.3125
367.0 3.1796875
368.0 2.7734375
369.0 3.5625
370.0 3.59375
371.0 3.4609375
372.0 2.046875
373.0 2.1484375
374.0 2.421875
375.0 2.546875
376.0 2.640625
377.0 3.078125
378.0 2.953125
379.0 0.0
380.0 5.875
381.0 2.6640625
382.0 2.328125
383.0 2.671875
384.0 2.515625
385.0 0.6171875
386.0 5.4921875
387.0 2.71875
388.0 2.8203125
389.0 3.7578125
390.0 3.171875
391.0 3.640625
392.0 3.9921875
393.0 3.578125
394.0 2.7890625
395.0 2.546875
396.0 3.3828125
397.0 3.203125
398.0 2.7421875
399.0 0.0
400.0 7.875
401.0 3.2265625
402.0 3.046875
403.0 3.46875
404.0 3.4375
405.0 3.2265625
406.0 2.9609375
407.0 0.65625
408.0 6.03125
409.0 3.3671875
410.0 3.2890625
411.0 3.0703125
412.0 3.1640625
413.0 3.046875
414.0 3.1171875
415.0 3.0234375
416.0 2.7421875
417.0 3.1640625
418.0 3.015625
419.0 3.0703125
420.0 2.453125
421.0 0.0
422.0 6.75
423.0 3.21875
424.0 3.25
425.0 3.2578125
426.0 3.328125
427.0 3.4609375
428.0 3.4453125
429.0 0.5703125
430.0 6.15625
431.0 3.3125
432.0 3.625
433.0 3.6953125
434.0 3.84375
435.0 3.875
436.0 3.3828125
437.0 3.296875
438.0 3.4140625
439.0 3.34375
440.0 0.0
441.0 5.5859375
442.0 4.984375
443.0 3.375
444.0 3.6796875
445.0 3.5546875
446.0 3.5
447.0 3.5
448.0 3.1796875
449.0 3.171875
450.0 3.515625
451.0 3.4140625
452.0 3.609375
453.0 3.5859375
454.0 3.5234375
455.0 2.5625
456.0 3.28125
457.0 3.375
458.0 2.90625
459.0 3.6796875
460.0 3.578125
461.0 2.03125
462.0 5.421875
463.0 3.3125
464.0 3.3828125
465.0 3.4296875
466.0 3.25
467.0 3.296875
468.0 1.03125
469.0 5.703125
470.0 3.5234375
471.0 3.3515625
472.0 3.3671875
473.0 3.6484375
474.0 3.6171875
475.0 1.8984375
476.0 5.1328125
477.0 3.328125
478.0 3.296875
479.0 3.796875
480.0 3.65625
481.0 3.9453125
482.0 3.875
483.0 4.15625
484.0 3.296875
485.0 3.34375
486.0 3.4765625
487.0 3.7265625
488.0 3.515625
489.0 2.6953125
490.0 1.0234375
491.0 0.328125
492.0 0.0
493.0 0.0
494.0 0.0
495.0 0.0
496.0 0.0
497.0 5.8125
498.0 0.2265625
499.0 0.1953125
500.0 0.109375
501.0 0.0703125
502.0 0.03125
503.0 0.03125
504.0 0.0
505.0 0.0
506.0 0.0
507.0 0.0
508.0 0.0
509.0 0.0
510.0 0.7890625
511.0 2.6640625
512.0 3.1640625
513.0 3.21875
514.0 0.8046875
515.0 1.53125
516.0 0.2109375
517.0 0.21875
518.0 0.078125
519.0 0.140625
520.0 0.8671875
521.0 0.5078125
522.0 0.9375
523.0 0.546875
524.0 1.078125
525.0 0.7578125
526.0 0.78125
527.0 0.9453125
528.0 0.8125
529.0 0.7890625
530.0 0.671875
531.0 1.2265625
532.0 0.9296875
533.0 1.03125
534.0 0.8984375
535.0 0.9296875
536.0 0.9921875
537.0 0.8203125
538.0 0.8515625
539.0 1.109375
540.0 0.765625
541.0 1.2109375
542.0 0.375
543.0 1.1796875
544.0 1.2265625
545.0 0.6875
546.0 0.640625
547.0 1.1953125
548.0 0.8359375
549.0 0.9453125
550.0 0.875
551.0 0.8671875
552.0 2.1484375
553.0 0.03125
554.0 1.7109375
555.0 0.9921875
556.0 0.0
557.0 0.0
558.0 0.0
559.0 0.0
560.0 1.4375
561.0 21.6171875
562.0 2.0625
563.0 2.375
564.0 2.4296875
565.0 2.7890625
566.0 2.953125
567.0 2.6328125
568.0 2.875
569.0 2.78125
570.0 2.8515625
571.0 3.015625
572.0 3.0859375
573.0 0.671875
574.0 4.859375
575.0 1.859375
576.0 2.09375
577.0 1.5703125
578.0 5.0390625
579.0 3.109375
580.0 2.9921875
581.0 2.90625
582.0 3.078125
583.0 3.078125
584.0 3.25
585.0 3.171875
586.0 3.140625
587.0 1.609375
588.0 4.125
589.0 2.7890625
590.0 2.8515625
591.0 1.5546875
592.0 4.28125
593.0 2.984375
594.0 2.8203125
595.0 3.3515625
596.0 3.296875
597.0 2.8515625
598.0 2.6640625
599.0 2.9609375
