0.0 4.3984375
1.0 4.6328125
2.0 4.515625
3.0 4.5
4.0 4.7265625
5.0 4.6640625
6.0 4.3984375
7.0 4.0
8.0 4.5078125
9.0 4.578125
10.0 3.953125
11.0 2.90625
12.0 4.6796875
13.0 4.84375
14.0 4.7578125
15.0 4.75
16.0 4.6953125
17.0 4.6796875
18.0 4.890625
19.0 4.6796875
20.0 4.875
21.0 4.890625
22.0 4.8984375
23.0 4.625
24.0 4.6953125
25.0 5.0234375
26.0 0.375
27.0 9.75
28.0 4.7421875
29.0 4.9765625
30.0 4.65625
31.0 4.7265625
32.0 4.8046875
33.0 4.8046875
34.0 4.84375
35.0 4.9296875
36.0 4.859375
37.0 4.6640625
38.0 4.78125
39.0 4.7734375
40.0 4.8359375
41.0 4.8671875
42.0 4.75
43.0 4.9453125
44.0 4.78125
45.0 5.015625
46.0 4.828125
47.0 4.90625
48.0 4.7734375
49.0 4.90625
50.0 4.828125
51.0 4.90625
52.0 4.8984375
53.0 4.859375
54.0 4.7578125
55.0 5.078125
56.0 4.7421875
57.0 4.8984375
58.0 4.6640625
59.0 5.015625
60.0 4.90625
61.0 4.6484375
62.0 4.8359375
63.0 2.546875
64.0 7.3125
65.0 4.59375
66.0 4.84375
67.0 4.8046875
68.0 4.9921875
69.0 4.796875
70.0 4.9296875
71.0 4.7578125
72.0 4.875
73.0 4.8671875
74.0 4.8671875
75.0 4.9296875
76.0 2.21875
77.0 7.21875
78.0 5.078125
79.0 4.921875
80.0 4.75
81.0 3.3671875
82.0 6.0546875
83.0 4.75
84.0 4.796875
85.0 4.78125
86.0 4.9609375
87.0 4.6640625
88.0 4.9609375
89.0 4.828125
90.0 4.6328125
91.0 4.5703125
92.0 4.6875
93.0 3.265625
94.0 3.1796875
95.0 0.7890625
96.0 8.203125
97.0 4.828125
98.0 4.6640625
99.0 4.78125
100.0 4.53125
101.0 4.5625
102.0 4.484375
103.0 4.328125
104.0 0.21875
105.0 8.5546875
106.0 4.71875
107.0 4.421875
108.0 4.4765625
109.0 4.3203125
110.0 4.4140625
111.0 4.59375
112.0 3.078125
113.0 2.1171875
114.0 2.65625
115.0 4.3828125
116.0 4.484375
117.0 1.296875
118.0 8.203125
119.0 3.9453125
120.0 3.90625
121.0 4.5625
122.0 2.8984375
123.0 5.9921875
124.0 4.5703125
125.0 4.6796875
126.0 4.7578125
127.0 4.6953125
128.0 4.4453125
129.0 4.75
130.0 4.453125
131.0 4.625
132.0 4.4140625
133.0 4.65625
134.0 4.578125
135.0 4.625
136.0 1.078125
137.0 9.0703125
138.0 4.7578125
139.0 4.6875
140.0 4.78125
141.0 3.578125
142.0 5.796875
143.0 4.6796875
144.0 4.7265625
145.0 4.890625
146.0 4.84375
147.0 4.8671875
148.0 4.8125
149.0 4.8671875
150.0 4.953125
151.0 5.0234375
152.0 4.9921875
153.0 5.078125
154.0 5.1015625
155.0 0.8203125
156.0 9.09375
157.0 4.6953125
158.0 4.9296875
159.0 4.9609375
160.0 4.859375
161.0 1.625
162.0 8.1953125
163.0 4.9296875
164.0 4.84375
165.0 4.9609375
166.0 4.9921875
167.0 5.140625
168.0 5.0703125
169.0 4.9609375
170.0 4.921875
171.0 4.90625
172.0 5.046875
173.0 4.7265625
174.0 4.953125
175.0 4.8984375
176.0 5.1640625
177.0 4.921875
178.0 4.796875
179.0 4.9921875
180.0 4.984375
181.0 5.015625
182.0 4.7265625
183.0 4.71875
184.0 4.9296875
185.0 4.9453125
186.0 4.921875
187.0 4.7421875
188.0 4.953125
189.0 4.7734375
190.0 4.90625
191.0 4.8984375
192.0 4.7734375
193.0 5.0078125
194.0 3.078125
195.0 6.7109375
196.0 4.6875
197.0 4.84375
198.0 4.7421875
199.0 2.484375
200.0 7.140625
201.0 4.9921875
202.0 4.8359375
203.0 4.7421875
204.0 4.71875
205.0 4.65625
206.0 4.6484375
207.0 4.65625
208.0 4.8984375
209.0 3.4609375
210.0 6.5703125
211.0 4.9609375
212.0 4.7265625
213.0 4.9453125
214.0 4.859375
215.0 4.875
216.0 4.90625
217.0 4.75
218.0 4.90625
219.0 4.578125
220.0 4.8671875
221.0 4.8046875
222.0 4.84375
223.0 1.1484375
224.0 8.4140625
225.0 4.515625
226.0 4.5
227.0 4.7421875
228.0 4.6328125
229.0 0.8671875
230.0 8.734375
231.0 4.796875
232.0 4.78125
233.0 4.796875
234.0 4.625
235.0 4.609375
236.0 4.3984375
237.0 4.7578125
238.0 4.53125
239.0 4.6015625
240.0 4.7421875
241.0 4.609375
242.0 1.375
243.0 8.140625
244.0 4.5703125
245.0 3.7109375
246.0 5.53125
247.0 4.5
248.0 4.609375
249.0 4.578125
250.0 4.359375
251.0 4.46875
252.0 4.3046875
253.0 4.328125
254.0 4.234375
255.0 4.203125
256.0 4.65625
257.0 4.6875
258.0 4.7109375
259.0 4.625
260.0 0.375
261.0 8.890625
262.0 4.6015625
263.0 4.3984375
264.0 4.296875
265.0 0.78125
266.0 8.4140625
267.0 4.15625
268.0 4.3828125
269.0 4.28125
270.0 4.5390625
271.0 4.3984375
272.0 4.546875
273.0 4.6015625
274.0 4.4765625
275.0 4.5
276.0 4.578125
277.0 4.578125
278.0 1.6796875
279.0 7.3203125
280.0 4.6015625
281.0 4.5078125
282.0 4.59375
283.0 4.8359375
284.0 1.4375
285.0 7.8828125
286.0 4.6015625
287.0 4.3671875
288.0 4.6015625
289.0 4.5625
290.0 4.5625
291.0 4.546875
292.0 4.59375
293.0 4.5078125
294.0 4.5390625
295.0 4.546875
296.0 2.4140625
297.0 6.7421875
298.0 3.4453125
299.0 5.6484375
300.0 4.390625
301.0 4.203125
302.0 4.5703125
303.0 4.4140625
304.0 4.421875
305.0 4.359375
306.0 4.46875
307.0 4.609375
308.0 4.5703125
309.0 4.4296875
310.0 4.46875
311.0 0.75
312.0 8.046875
313.0 4.5078125
314.0 4.46875
315.0 4.609375
316.0 4.6640625
317.0 4.546875
318.0 4.28125
319.0 4.515625
320.0 4.53125
321.0 4.5625
322.0 4.6953125
323.0 4.609375
324.0 4.6953125
325.0 2.4140625
326.0 6.953125
327.0 4.578125
328.0 4.5078125
329.0 4.4765625
330.0 4.7109375
331.0 4.625
332.0 2.484375
333.0 6.984375
334.0 4.625
335.0 0.8359375
336.0 8.5
337.0 4.578125
338.0 4.7421875
339.0 4.78125
340.0 4.7578125
341.0 4.46875
342.0 4.59375
343.0 4.65625
344.0 4.578125
345.0 4.46875
346.0 4.484375
347.0 4.5
348.0 4.6015625
349.0 4.84375
350.0 4.984375
351.0 3.1796875
352.0 5.8125
353.0 4.546875
354.0 5.0078125
355.0 4.8125
356.0 2.7734375
357.0 7.0703125
358.0 4.8671875
359.0 4.7265625
360.0 4.8125
361.0 4.8046875
362.0 4.890625
363.0 5.046875
364.0 4.6953125
365.0 4.46875
366.0 4.5625
367.0 4.6796875
368.0 4.7734375
369.0 4.6015625
370.0 4.9765625
371.0 5.0546875
372.0 4.921875
373.0 4.9296875
374.0 4.9453125
375.0 4.984375
376.0 5.21875
377.0 1.7578125
378.0 8.0
379.0 5.0390625
380.0 4.90625
381.0 4.578125
382.0 4.0625
383.0 0.546875
384.0 9.390625
385.0 4.6953125
386.0 4.90625
387.0 4.859375
388.0 4.7734375
389.0 5.015625
390.0 4.9453125
391.0 5.0078125
392.0 5.0234375
393.0 4.859375
394.0 4.7265625
395.0 4.84375
396.0 2.453125
397.0 7.3125
398.0 5.1015625
399.0 4.9609375
400.0 4.90625
401.0 4.9296875
402.0 2.375
403.0 7.3046875
404.0 4.84375
405.0 4.296875
406.0 5.46875
407.0 4.828125
408.0 4.8125
409.0 4.7421875
410.0 4.75
411.0 4.9765625
412.0 4.90625
413.0 5.15625
414.0 4.9609375
415.0 4.9609375
416.0 4.6484375
417.0 4.875
418.0 4.78125
419.0 4.46875
420.0 0.1953125
421.0 9.84375
422.0 4.984375
423.0 4.7265625
424.0 4.78125
425.0 0.984375
426.0 8.6484375
427.0 4.8671875
428.0 4.84375
429.0 5.0234375
430.0 4.6796875
431.0 4.8046875
432.0 4.75
433.0 4.71875
434.0 4.6953125
435.0 4.71875
436.0 4.8125
437.0 4.7421875
438.0 2.1015625
439.0 7.5546875
440.0 4.7734375
441.0 4.65625
442.0 4.75
443.0 4.578125
444.0 4.625
445.0 1.234375
446.0 8.4140625
447.0 4.59375
448.0 4.484375
449.0 4.5703125
450.0 4.7109375
451.0 4.8125
452.0 4.984375
453.0 4.6484375
454.0 4.75
455.0 4.8046875
456.0 4.546875
457.0 4.328125
458.0 0.40625
459.0 9.1328125
460.0 4.75
461.0 4.4453125
462.0 4.78125
463.0 4.3046875
464.0 0.1875
465.0 9.015625
466.0 4.453125
467.0 4.3359375
468.0 4.3046875
469.0 4.3828125
470.0 4.6328125
471.0 4.5625
472.0 4.6015625
473.0 4.5625
474.0 4.3515625
475.0 4.21875
476.0 4.453125
477.0 2.953125
478.0 6.171875
479.0 4.578125
480.0 4.609375
481.0 4.59375
482.0 4.53125
483.0 2.8984375
484.0 6.5625
485.0 4.3515625
486.0 4.3671875
487.0 4.5
488.0 4.6953125
489.0 4.625
490.0 4.7109375
491.0 4.65625
492.0 4.4765625
493.0 4.53125
494.0 4.6640625
495.0 4.7734375
496.0 3.890625
497.0 0.78125
498.0 9.2421875
499.0 4.75
500.0 4.609375
501.0 4.6640625
502.0 4.6953125
503.0 0.8515625
504.0 8.984375
505.0 4.6640625
506.0 4.7734375
507.0 4.75
508.0 4.7109375
509.0 4.5078125
510.0 4.75
511.0 4.6796875
512.0 4.625
513.0 4.84375
514.0 4.5625
515.0 3.4375
516.0 6.0625
517.0 4.6328125
518.0 4.6796875
519.0 4.609375
520.0 4.796875
521.0 5.0390625
522.0 4.9453125
523.0 4.75
524.0 2.453125
525.0 7.421875
526.0 4.90625
527.0 4.7578125
528.0 4.890625
529.0 4.828125
530.0 4.78125
531.0 4.7265625
532.0 4.8359375
533.0 4.6328125
534.0 4.71875
535.0 4.7734375
536.0 4.796875
537.0 4.75
538.0 0.5546875
539.0 9.4140625
540.0 4.6015625
541.0 0.875
542.0 7.7890625
543.0 4.8046875
544.0 4.8671875
545.0 4.609375
546.0 4.875
547.0 4.3203125
548.0 5.109375
549.0 4.6796875
550.0 4.75
551.0 4.7578125
552.0 4.859375
553.0 4.5
554.0 4.7734375
555.0 4.75
556.0 4.7265625
557.0 4.6015625
558.0 4.9765625
559.0 4.609375
560.0 4.6875
561.0 4.6953125
562.0 4.8359375
563.0 4.8359375
564.0 4.609375
565.0 4.578125
566.0 4.53125
567.0 4.546875
568.0 4.78125
569.0 0.6875
570.0 8.6015625
571.0 4.609375
572.0 4.5078125
573.0 4.515625
574.0 4.4296875
575.0 4.421875
576.0 4.3671875
577.0 4.46875
578.0 4.3203125
579.0 4.5390625
580.0 4.3984375
581.0 4.21875
582.0 0.0390625
583.0 9.0078125
584.0 4.4140625
585.0 4.4140625
586.0 4.578125
587.0 4.4140625
588.0 1.59375
589.0 7.2578125
590.0 4.46875
591.0 4.53125
592.0 4.3671875
593.0 4.2421875
594.0 4.4765625
595.0 4.578125
596.0 4.59375
597.0 4.59375
598.0 4.53125
599.0 4.6796875
