0.0 5.3125
1.0 4.6953125
2.0 6.4375
3.0 5.6328125
4.0 5.6796875
5.0 4.578125
6.0 6.6640625
7.0 4.421875
8.0 6.6484375
9.0 5.515625
10.0 5.5
11.0 5.8515625
12.0 5.53125
13.0 5.546875
14.0 5.546875
15.0 5.5625
16.0 5.5
17.0 5.3203125
18.0 5.4296875
19.0 5.6484375
20.0 5.4921875
21.0 4.921875
22.0 0.0
23.0 9.4296875
24.0 5.21875
25.0 4.546875
26.0 4.890625
27.0 0.0390625
28.0 8.8671875
29.0 4.1171875
30.0 4.75
31.0 4.7734375
32.0 4.6328125
33.0 4.8671875
34.0 4.7421875
35.0 4.890625
36.0 4.6640625
37.0 4.5078125
38.0 5.0078125
39.0 5.015625
40.0 0.3046875
41.0 9.625
42.0 4.5625
43.0 4.3828125
44.0 4.7109375
45.0 2.0859375
46.0 7.671875
47.0 4.6953125
48.0 4.7265625
49.0 5.4296875
50.0 5.53125
51.0 5.578125
52.0 5.546875
53.0 5.546875
54.0 5.515625
55.0 5.40625
56.0 5.5546875
57.0 5.3046875
58.0 5.3125
59.0 1.421875
60.0 9.265625
61.0 5.3828125
62.0 5.34375
63.0 5.4375
64.0 2.7421875
65.0 7.96875
66.0 5.3671875
67.0 5.1953125
68.0 5.3671875
69.0 5.4296875
70.0 5.3828125
71.0 5.421875
72.0 5.3203125
73.0 5.34375
74.0 5.3515625
75.0 5.171875
76.0 5.3203125
77.0 5.375
78.0 1.015625
79.0 9.640625
80.0 5.5
81.0 5.6640625
82.0 5.140625
83.0 5.5546875
84.0 5.078125
85.0 5.1953125
86.0 5.5625
87.0 5.5546875
88.0 5.6640625
89.0 5.640625
90.0 5.7265625
91.0 5.4296875
92.0 5.484375
93.0 5.6953125
94.0 5.3359375
95.0 4.0703125
96.0 7.09375
97.0 5.6484375
98.0 5.7109375
99.0 5.5625
100.0 5.6328125
101.0 5.5625
102.0 5.5625
103.0 3.1484375
104.0 8.0
105.0 5.6953125
106.0 5.7578125
107.0 5.609375
108.0 2.0859375
109.0 9.1796875
110.0 5.6953125
111.0 4.71875
112.0 6.65625
113.0 5.46875
114.0 5.6171875
115.0 5.4921875
116.0 5.6015625
117.0 4.5625
118.0 6.71875
119.0 5.484375
120.0 5.6171875
121.0 5.5625
122.0 5.125
123.0 5.578125
124.0 5.578125
125.0 4.65625
126.0 6.5859375
127.0 5.515625
128.0 5.515625
129.0 5.7265625
130.0 5.6328125
131.0 4.609375
132.0 6.625
133.0 5.6015625
134.0 5.453125
135.0 5.703125
136.0 5.2890625
137.0 5.6328125
138.0 5.703125
139.0 4.3359375
140.0 6.59375
141.0 5.4609375
142.0 5.5859375
143.0 5.546875
144.0 5.6484375
145.0 5.6015625
146.0 5.453125
147.0 5.578125
148.0 5.7578125
149.0 5.640625
150.0 5.6796875
151.0 5.703125
152.0 5.6015625
153.0 5.7890625
154.0 5.5
155.0 5.7109375
156.0 5.6015625
157.0 5.6171875
158.0 5.640625
159.0 5.6015625
160.0 2.09375
161.0 9.1328125
162.0 5.6171875
163.0 5.671875
164.0 5.3046875
165.0 5.5234375
166.0 5.5625
167.0 5.34375
168.0 5.40625
169.0 5.671875
170.0 5.5546875
171.0 5.4296875
172.0 5.5
173.0 1.40625
174.0 9.4921875
175.0 5.6796875
176.0 5.4609375
177.0 5.515625
178.0 5.4296875
179.0 5.3125
180.0 2.296875
181.0 8.5859375
182.0 5.421875
183.0 5.1640625
184.0 5.1875
185.0 5.3359375
186.0 5.28125
187.0 5.3046875
188.0 5.3125
189.0 5.0703125
190.0 5.109375
191.0 5.3046875
192.0 5.3125
193.0 3.203125
194.0 7.9453125
195.0 5.3828125
196.0 5.3984375
197.0 5.1875
198.0 5.28125
199.0 5.4375
200.0 5.3828125
201.0 5.453125
202.0 5.21875
203.0 5.578125
204.0 5.28125
205.0 5.2578125
206.0 5.4609375
207.0 5.484375
208.0 5.21875
209.0 5.3828125
210.0 5.171875
211.0 2.5234375
212.0 8.4375
213.0 5.25
214.0 4.921875
215.0 5.125
216.0 5.140625
217.0 5.3671875
218.0 5.3046875
219.0 5.3984375
220.0 5.3671875
221.0 5.25
222.0 5.25
223.0 5.078125
224.0 5.4609375
225.0 3.7265625
226.0 7.09375
227.0 5.3671875
228.0 5.3984375
229.0 5.3671875
230.0 5.34375
231.0 2.890625
232.0 8.140625
233.0 5.453125
234.0 5.4375
235.0 4.1796875
236.0 6.40625
237.0 5.3203125
238.0 5.3515625
239.0 4.3359375
240.0 6.453125
241.0 4.328125
242.0 6.265625
243.0 4.5703125
244.0 6.453125
245.0 5.4921875
246.0 5.515625
247.0 5.6953125
248.0 5.484375
249.0 5.53125
250.0 5.7265625
251.0 5.5546875
252.0 5.578125
253.0 5.4921875
254.0 5.6015625
255.0 5.4921875
256.0 5.5234375
257.0 5.2734375
258.0 1.625
259.0 9.625
260.0 5.5859375
261.0 5.7578125
262.0 5.6484375
263.0 3.9375
264.0 7.2421875
265.0 5.515625
266.0 5.5546875
267.0 5.5234375
268.0 5.3828125
269.0 5.671875
270.0 5.5
271.0 5.375
272.0 5.5546875
273.0 5.3125
274.0 5.5625
275.0 4.515625
276.0 6.828125
277.0 5.4296875
278.0 5.5234375
279.0 5.4609375
280.0 5.6171875
281.0 5.7578125
282.0 1.8515625
283.0 9.4140625
284.0 5.5859375
285.0 5.6171875
286.0 5.4296875
287.0 5.6171875
288.0 5.3984375
289.0 5.6171875
290.0 5.609375
291.0 5.8125
292.0 5.6015625
293.0 5.3359375
294.0 5.3828125
295.0 2.7890625
296.0 8.2109375
297.0 5.640625
298.0 5.46875
299.0 5.484375
300.0 5.8515625
301.0 5.6796875
302.0 5.7109375
303.0 5.484375
304.0 5.2734375
305.0 5.4375
306.0 5.6953125
307.0 5.4296875
308.0 5.6015625
309.0 5.5859375
310.0 5.421875
311.0 5.546875
312.0 5.3671875
313.0 2.1015625
314.0 9.125
315.0 5.484375
316.0 5.3359375
317.0 5.5234375
318.0 5.375
319.0 1.7109375
320.0 9.1328125
321.0 4.4453125
322.0 6.515625
323.0 5.375
324.0 5.3203125
325.0 5.3671875
326.0 5.546875
327.0 5.34375
328.0 5.3984375
329.0 5.3828125
330.0 5.3125
331.0 5.3671875
332.0 5.3671875
333.0 5.4375
334.0 5.703125
335.0 4.390625
336.0 6.6171875
337.0 5.6328125
338.0 5.4296875
339.0 5.421875
340.0 5.5546875
341.0 5.3828125
342.0 3.0703125
343.0 8.1328125
344.0 5.234375
345.0 5.484375
346.0 5.453125
347.0 5.3203125
348.0 5.34375
349.0 5.4921875
350.0 5.515625
351.0 5.375
352.0 5.2890625
353.0 5.375
354.0 5.3828125
355.0 5.34375
356.0 0.390625
357.0 9.5234375
358.0 5.9921875
359.0 5.1328125
360.0 5.203125
361.0 5.2578125
362.0 5.25
363.0 5.1640625
364.0 5.3203125
365.0 5.140625
366.0 5.3046875
367.0 5.2734375
368.0 5.453125
369.0 5.40625
370.0 5.4296875
371.0 3.5859375
372.0 7.2734375
373.0 5.453125
374.0 5.171875
375.0 5.484375
376.0 5.4296875
377.0 5.5
378.0 0.7265625
379.0 9.421875
380.0 6.484375
381.0 4.6015625
382.0 6.53125
383.0 4.3359375
384.0 6.46875
385.0 5.203125
386.0 5.3671875
387.0 5.671875
388.0 5.4921875
389.0 5.609375
390.0 5.6171875
391.0 5.6171875
392.0 5.5625
393.0 5.3984375
394.0 5.5234375
395.0 5.3515625
396.0 5.4375
397.0 5.484375
398.0 3.703125
399.0 7.6015625
400.0 5.2734375
401.0 5.5546875
402.0 5.4296875
403.0 0.7890625
404.0 10.140625
405.0 5.484375
406.0 5.6171875
407.0 5.4609375
408.0 5.75
409.0 5.5
410.0 5.6328125
411.0 5.578125
412.0 5.6328125
413.0 5.5625
414.0 5.6484375
415.0 5.6953125
416.0 2.125
417.0 9.2109375
418.0 5.6328125
419.0 5.453125
420.0 5.6484375
421.0 1.7421875
422.0 9.609375
423.0 5.5625
424.0 5.6171875
425.0 5.6015625
426.0 5.578125
427.0 5.34375
428.0 5.3984375
429.0 5.640625
430.0 5.75
431.0 5.3515625
432.0 5.671875
433.0 5.53125
434.0 5.7265625
435.0 5.5546875
436.0 5.6015625
437.0 5.609375
438.0 5.8203125
439.0 5.5
440.0 5.671875
441.0 5.7109375
442.0 5.421875
443.0 3.875
444.0 7.15625
445.0 5.6796875
446.0 5.5
447.0 5.4296875
448.0 5.6171875
449.0 5.3515625
450.0 5.53125
451.0 5.2734375
452.0 5.5859375
453.0 5.6015625
454.0 5.34375
455.0 3.578125
456.0 7.4296875
457.0 5.53125
458.0 5.609375
459.0 5.421875
460.0 5.609375
461.0 5.609375
462.0 5.453125
463.0 5.5625
464.0 5.5234375
465.0 5.515625
466.0 5.546875
467.0 5.3671875
468.0 5.46875
469.0 1.2890625
470.0 9.890625
471.0 5.3671875
472.0 5.609375
473.0 5.6328125
474.0 1.140625
475.0 9.671875
476.0 5.3671875
477.0 5.2734375
478.0 5.2734375
479.0 5.28125
480.0 5.28125
481.0 5.4921875
482.0 5.453125
483.0 5.4609375
484.0 5.3515625
485.0 4.6328125
486.0 6.484375
487.0 5.3359375
488.0 5.5
489.0 5.6484375
490.0 5.5
491.0 5.671875
492.0 5.5546875
493.0 5.5546875
494.0 5.3359375
495.0 5.5234375
496.0 5.46875
497.0 5.3125
498.0 5.3515625
499.0 5.5859375
500.0 5.4921875
501.0 5.3203125
502.0 5.4296875
503.0 5.453125
504.0 2.8203125
505.0 8.1171875
506.0 5.3046875
507.0 5.3515625
508.0 5.3984375
509.0 5.3125
510.0 5.40625
511.0 5.3359375
512.0 5.515625
513.0 5.5625
514.0 5.5546875
515.0 5.1640625
516.0 5.4609375
517.0 5.4921875
518.0 0.5703125
519.0 10.046875
520.0 5.25
521.0 5.3046875
522.0 5.1953125
523.0 2.1953125
524.0 8.734375
525.0 5.5546875
526.0 5.4609375
527.0 5.3046875
528.0 5.578125
529.0 5.6484375
530.0 5.5859375
531.0 5.5625
532.0 5.5234375
533.0 5.484375
534.0 5.4375
535.0 5.421875
536.0 4.3203125
537.0 6.78125
538.0 5.3671875
539.0 5.40625
540.0 5.421875
541.0 3.890625
542.0 7.46875
543.0 5.515625
544.0 5.234375
545.0 5.5546875
546.0 5.7578125
547.0 5.578125
548.0 5.6328125
549.0 5.734375
550.0 5.765625
551.0 5.46875
552.0 5.578125
553.0 5.484375
554.0 3.40625
555.0 7.8984375
556.0 5.578125
557.0 4.6796875
558.0 6.46875
559.0 5.6015625
560.0 5.6484375
561.0 5.46875
562.0 5.6796875
563.0 5.78125
564.0 5.53125
565.0 5.3046875
566.0 5.4375
567.0 5.5546875
568.0 5.53125
569.0 5.609375
570.0 5.546875
571.0 5.7109375
572.0 5.5234375
573.0 5.6796875
574.0 5.6015625
575.0 5.5234375
576.0 5.40625
577.0 0.96875
578.0 9.9375
579.0 5.515625
580.0 5.3515625
581.0 5.53125
582.0 5.6953125
583.0 4.8359375
584.0 6.46875
585.0 5.671875
586.0 5.28125
587.0 5.46875
588.0 5.546875
589.0 5.5
590.0 5.578125
591.0 5.5859375
592.0 5.7578125
593.0 5.3359375
594.0 5.421875
595.0 3.90625
596.0 7.4921875
597.0 5.6328125
598.0 5.6328125
599.0 5.78125
