0.0 4.3828125
1.0 3.8828125
2.0 3.828125
3.0 3.5546875
4.0 3.9453125
5.0 4.0
6.0 3.9453125
7.0 4.21875
8.0 0.5078125
9.0 6.2578125
10.0 3.1015625
11.0 2.6640625
12.0 2.8203125
13.0 3.2578125
14.0 0.6171875
15.0 6.3515625
16.0 3.171875
17.0 3.625
18.0 4.234375
19.0 4.578125
20.0 4.71875
21.0 4.953125
22.0 4.7578125
23.0 4.8046875
24.0 4.6953125
25.0 4.6796875
26.0 4.3984375
27.0 2.484375
28.0 6.0234375
29.0 4.609375
30.0 4.234375
31.0 4.2109375
32.0 3.7734375
33.0 1.171875
34.0 7.078125
35.0 4.0390625
36.0 4.21875
37.0 4.2734375
38.0 4.8984375
39.0 4.46875
40.0 4.4296875
41.0 4.3671875
42.0 4.609375
43.0 4.71875
44.0 4.6953125
45.0 4.8046875
46.0 4.6953125
47.0 0.0625
48.0 9.3984375
49.0 4.3046875
50.0 4.3359375
51.0 2.7109375
52.0 6.6015625
53.0 5.2265625
54.0 4.546875
55.0 4.2109375
56.0 3.4765625
57.0 3.375
58.0 3.8515625
59.0 4.0390625
60.0 4.21875
61.0 4.5703125
62.0 4.5390625
63.0 4.3984375
64.0 1.5859375
65.0 7.2109375
66.0 4.90625
67.0 4.75
68.0 4.296875
69.0 4.484375
70.0 4.2734375
71.0 0.71875
72.0 8.40625
73.0 3.1953125
74.0 4.234375
75.0 3.3515625
76.0 3.3125
77.0 4.3359375
78.0 4.46875
79.0 4.3359375
80.0 4.6796875
81.0 3.8515625
82.0 4.46875
83.0 4.25
84.0 1.625
85.0 6.1484375
86.0 4.3203125
87.0 4.03125
88.0 4.6484375
89.0 4.171875
90.0 5.671875
91.0 5.0859375
92.0 4.1875
93.0 2.3046875
94.0 3.7109375
95.0 4.2421875
96.0 4.6796875
97.0 4.3046875
98.0 4.53125
99.0 4.265625
100.0 4.265625
101.0 4.3046875
102.0 4.9453125
103.0 2.7421875
104.0 6.9765625
105.0 4.859375
106.0 4.296875
107.0 4.921875
108.0 4.8984375
109.0 2.3984375
110.0 7.28125
111.0 4.4296875
112.0 4.609375
113.0 4.1171875
114.0 4.453125
115.0 2.6875
116.0 0.0
117.0 6.2578125
118.0 0.5859375
119.0 1.984375
120.0 2.9296875
121.0 3.3828125
122.0 2.8515625
123.0 3.96875
124.0 4.0703125
125.0 2.640625
126.0 5.3984375
127.0 4.1796875
128.0 4.0703125
129.0 4.515625
130.0 4.0
131.0 4.5625
132.0 4.6796875
133.0 4.7578125
134.0 4.9296875
135.0 4.953125
136.0 4.890625
137.0 4.875
138.0 4.421875
139.0 4.1875
140.0 0.9140625
141.0 7.453125
142.0 4.3984375
143.0 3.9375
144.0 3.7734375
145.0 3.84375
146.0 4.0390625
147.0 4.1875
148.0 3.8203125
149.0 3.234375
150.0 0.0
151.0 7.6875
152.0 3.5
153.0 3.5234375
154.0 3.859375
155.0 3.515625
156.0 0.84375
157.0 0.0
158.0 6.921875
159.0 0.671875
160.0 3.109375
161.0 2.0078125
162.0 1.5
163.0 1.609375
164.0 2.625
165.0 2.7890625
166.0 1.8046875
167.0 1.859375
168.0 3.046875
169.0 2.2734375
170.0 0.0
171.0 4.9453125
172.0 2.4453125
173.0 3.0234375
174.0 2.5078125
175.0 1.890625
176.0 1.921875
177.0 1.890625
178.0 0.28125
179.0 0.0
180.0 4.4765625
181.0 2.4296875
182.0 2.2734375
183.0 3.0
184.0 3.5546875
185.0 2.96875
186.0 2.7421875
187.0 3.3984375
188.0 3.46875
189.0 2.2421875
190.0 1.7890625
191.0 2.4921875
192.0 2.8046875
193.0 2.4140625
194.0 0.453125
195.0 4.7734375
196.0 2.8359375
197.0 3.1484375
198.0 2.921875
199.0 2.7734375
200.0 2.390625
201.0 0.03125
202.0 5.9921875
203.0 2.4453125
204.0 2.8046875
205.0 2.375
206.0 2.953125
207.0 2.8125
208.0 2.65625
209.0 2.1796875
210.0 1.8515625
211.0 2.96875
212.0 3.265625
213.0 3.21875
214.0 1.359375
215.0 0.0
216.0 5.6328125
217.0 1.53125
218.0 0.4921875
219.0 1.1171875
220.0 1.9375
221.0 2.4296875
222.0 3.1796875
223.0 2.78125
224.0 2.28125
225.0 2.015625
226.0 2.265625
227.0 3.1015625
228.0 2.7421875
229.0 0.0
230.0 6.0
231.0 3.0234375
232.0 2.7421875
233.0 3.1640625
234.0 2.328125
235.0 0.0
236.0 7.25
237.0 3.3984375
238.0 3.609375
239.0 3.3828125
240.0 3.65625
241.0 3.578125
242.0 3.4609375
243.0 3.59375
244.0 3.4296875
245.0 3.328125
246.0 2.9609375
247.0 0.453125
248.0 4.6015625
249.0 3.0546875
250.0 2.6640625
251.0 2.8671875
252.0 3.25
253.0 3.25
254.0 3.6953125
255.0 3.328125
256.0 2.234375
257.0 0.0
258.0 7.671875
259.0 3.078125
260.0 3.1953125
261.0 2.09375
262.0 4.484375
263.0 2.921875
264.0 2.5390625
265.0 2.7109375
266.0 3.1171875
267.0 3.5625
268.0 3.0390625
269.0 2.8125
270.0 2.6328125
271.0 1.65625
272.0 0.0
273.0 5.640625
274.0 0.5078125
275.0 2.0
276.0 0.9140625
277.0 0.9609375
278.0 1.4765625
279.0 2.2109375
280.0 3.96875
281.0 3.7109375
282.0 4.125
283.0 4.125
284.0 3.3984375
285.0 0.0
286.0 5.9296875
287.0 0.78125
288.0 0.5859375
289.0 2.15625
290.0 2.8515625
291.0 0.0
292.0 7.8515625
293.0 3.875
294.0 3.3828125
295.0 3.203125
296.0 3.921875
297.0 2.8359375
298.0 3.1015625
299.0 1.28125
300.0 1.6484375
301.0 3.796875
302.0 4.125
303.0 3.6953125
304.0 0.40625
305.0 8.1640625
306.0 4.234375
307.0 4.359375
308.0 4.3359375
309.0 4.3359375
310.0 4.359375
311.0 3.921875
312.0 0.765625
313.0 6.65625
314.0 3.953125
315.0 4.03125
316.0 4.171875
317.0 2.1796875
318.0 3.296875
319.0 4.3359375
320.0 3.0390625
321.0 3.5546875
322.0 3.4140625
323.0 1.9453125
324.0 0.9609375
325.0 0.0
326.0 7.46875
327.0 3.546875
328.0 3.671875
329.0 3.4140625
330.0 4.15625
331.0 4.0625
332.0 4.5625
333.0 4.2109375
334.0 4.1328125
335.0 4.0
336.0 3.5546875
337.0 1.3125
338.0 6.515625
339.0 2.75
340.0 1.9765625
341.0 2.2109375
342.0 2.7734375
343.0 0.4609375
344.0 4.828125
345.0 2.09375
346.0 2.2109375
347.0 4.3984375
348.0 4.7578125
349.0 4.78125
350.0 4.5625
351.0 1.015625
352.0 7.6328125
353.0 4.3984375
354.0 4.75
355.0 4.6953125
356.0 4.9453125
357.0 4.7109375
358.0 4.78125
359.0 4.5078125
360.0 3.8515625
361.0 3.7109375
362.0 3.96875
363.0 4.2421875
364.0 3.65625
365.0 5.2265625
366.0 4.5078125
367.0 4.0234375
368.0 3.7734375
369.0 3.96875
370.0 3.625
371.0 1.046875
372.0 7.359375
373.0 4.4140625
374.0 3.90625
375.0 4.234375
376.0 4.359375
377.0 3.9140625
378.0 3.7109375
379.0 3.703125
380.0 3.3125
381.0 3.25
382.0 3.7421875
383.0 2.890625
384.0 0.0
385.0 6.3359375
386.0 3.828125
387.0 3.3828125
388.0 3.171875
389.0 2.5078125
390.0 4.75
391.0 3.3828125
392.0 3.4375
393.0 2.6875
394.0 4.8359375
395.0 2.25
396.0 4.7578125
397.0 3.59375
398.0 3.7421875
399.0 2.265625
400.0 4.7578125
401.0 4.09375
402.0 3.515625
403.0 3.2578125
404.0 2.5234375
405.0 3.28125
406.0 3.4375
407.0 2.3671875
408.0 3.7734375
409.0 0.9453125
410.0 1.8671875
411.0 0.453125
412.0 1.625
413.0 1.6796875
414.0 1.4921875
415.0 0.9140625
416.0 1.921875
417.0 1.8359375
418.0 1.7578125
419.0 1.765625
420.0 1.6796875
421.0 1.5703125
422.0 2.0
423.0 2.265625
424.0 1.828125
425.0 0.484375
426.0 0.0
427.0 0.0
428.0 5.859375
429.0 1.7734375
430.0 1.765625
431.0 1.8203125
432.0 1.703125
433.0 1.828125
434.0 1.890625
435.0 0.765625
436.0 0.0
437.0 6.8359375
438.0 3.140625
439.0 1.375
440.0 1.2890625
441.0 1.765625
442.0 1.140625
443.0 1.171875
444.0 1.8671875
445.0 1.953125
446.0 2.1796875
447.0 2.015625
448.0 2.96875
449.0 2.359375
450.0 0.0
451.0 6.6875
452.0 4.1484375
453.0 3.90625
454.0 3.921875
455.0 2.6328125
456.0 0.0
457.0 7.2890625
458.0 4.03125
459.0 4.15625
460.0 3.8046875
461.0 1.6796875
462.0 6.5
463.0 4.0390625
464.0 3.9453125
465.0 3.7109375
466.0 3.4765625
467.0 3.3125
468.0 3.375
469.0 4.1796875
470.0 3.5234375
471.0 3.7421875
472.0 3.609375
473.0 3.7109375
474.0 4.1015625
475.0 2.3984375
476.0 0.9296875
477.0 7.7265625
478.0 1.34375
479.0 3.5546875
480.0 3.609375
481.0 3.7265625
482.0 4.0078125
483.0 4.03125
484.0 3.8203125
485.0 3.5546875
486.0 3.28125
487.0 3.9375
488.0 2.890625
489.0 0.0
490.0 7.875
491.0 4.0703125
492.0 4.0234375
493.0 3.765625
494.0 1.8359375
495.0 5.7109375
496.0 3.96875
497.0 4.09375
498.0 3.5546875
499.0 3.875
500.0 3.9765625
501.0 3.875
502.0 3.578125
503.0 3.171875
504.0 4.0625
505.0 4.1875
506.0 3.84375
507.0 0.7578125
508.0 6.5859375
509.0 3.3671875
510.0 3.2890625
511.0 3.8515625
512.0 3.84375
513.0 3.515625
514.0 0.390625
515.0 6.4375
516.0 3.53125
517.0 3.265625
518.0 3.9140625
519.0 3.5546875
520.0 4.03125
521.0 4.3046875
522.0 4.5390625
523.0 3.7265625
524.0 4.3515625
525.0 4.1171875
526.0 4.4453125
527.0 4.5703125
528.0 0.6015625
529.0 7.9453125
530.0 3.875
531.0 3.515625
532.0 0.0
533.0 8.359375
534.0 3.90625
535.0 3.4609375
536.0 3.0546875
537.0 2.328125
538.0 1.7578125
539.0 1.3125
540.0 0.0
541.0 4.625
542.0 2.6640625
543.0 3.96875
544.0 3.8828125
545.0 3.4453125
546.0 3.6484375
547.0 3.84375
548.0 3.90625
549.0 3.6484375
550.0 3.59375
551.0 3.4453125
552.0 3.734375
553.0 3.59375
554.0 1.5078125
555.0 5.4921875
556.0 3.5546875
557.0 3.34375
558.0 3.46875
559.0 3.796875
560.0 1.765625
561.0 4.890625
562.0 3.9921875
563.0 3.109375
564.0 5.578125
565.0 4.25
566.0 4.5390625
567.0 4.3828125
568.0 4.65625
569.0 4.3828125
570.0 4.359375
571.0 3.90625
572.0 3.5234375
573.0 4.484375
574.0 4.421875
575.0 4.609375
576.0 4.09375
577.0 4.0
578.0 3.0234375
579.0 4.328125
580.0 4.390625
581.0 4.7109375
582.0 4.453125
583.0 1.703125
584.0 6.828125
585.0 5.3046875
586.0 4.953125
587.0 4.5703125
588.0 1.640625
589.0 8.4375
590.0 5.0078125
591.0 4.1875
592.0 4.1328125
593.0 4.2421875
594.0 4.03125
595.0 3.890625
596.0 3.84375
597.0 3.8203125
598.0 4.0234375
599.0 0.8359375
