0.0 5.8828125
1.0 5.6640625
2.0 5.7109375
3.0 5.546875
4.0 5.40625
5.0 4.2421875
6.0 6.2265625
7.0 5.0234375
8.0 5.3828125
9.0 5.0546875
10.0 4.3359375
11.0 0.0
12.0 6.4765625
13.0 2.0625
14.0 2.8125
15.0 4.3359375
16.0 4.3515625
17.0 4.7265625
18.0 5.140625
19.0 5.3359375
20.0 5.5
21.0 5.3046875
22.0 5.796875
23.0 5.3046875
24.0 5.3125
25.0 0.9609375
26.0 10.671875
27.0 5.6328125
28.0 4.828125
29.0 5.640625
30.0 5.734375
31.0 5.40625
32.0 4.4765625
33.0 4.1484375
34.0 4.421875
35.0 0.0390625
36.0 0.0
37.0 0.0
38.0 5.375
39.0 4.515625
40.0 5.5859375
41.0 5.671875
42.0 5.2734375
43.0 5.9296875
44.0 6.0234375
45.0 5.515625
46.0 5.84375
47.0 6.359375
48.0 6.03125
49.0 6.125
50.0 6.328125
51.0 3.828125
52.0 9.421875
53.0 6.4765625
54.0 6.453125
55.0 6.2734375
56.0 5.4921875
57.0 3.7734375
58.0 7.9296875
59.0 5.828125
60.0 5.734375
61.0 4.890625
62.0 5.21875
63.0 5.640625
64.0 5.7578125
65.0 5.4921875
66.0 5.453125
67.0 5.6953125
68.0 6.03125
69.0 5.546875
70.0 5.453125
71.0 5.5234375
72.0 4.625
73.0 0.9296875
74.0 8.5390625
75.0 5.3203125
76.0 4.859375
77.0 5.3671875
78.0 5.15625
79.0 5.4375
80.0 5.0390625
81.0 4.9296875
82.0 4.9921875
83.0 5.25
84.0 5.375
85.0 5.2890625
86.0 5.171875
87.0 5.0078125
88.0 5.0078125
89.0 4.6484375
90.0 4.625
91.0 5.0859375
92.0 5.9921875
93.0 6.0078125
94.0 6.234375
95.0 6.0078125
96.0 6.0
97.0 5.7109375
98.0 5.875
99.0 6.296875
100.0 5.78125
101.0 5.7578125
102.0 5.828125
103.0 5.53125
104.0 4.578125
105.0 4.9609375
106.0 4.328125
107.0 4.7421875
108.0 5.5234375
109.0 5.171875
110.0 4.78125
111.0 3.796875
112.0 0.0
113.0 7.0078125
114.0 4.78125
115.0 4.9453125
116.0 4.8984375
117.0 5.75
118.0 5.6328125
119.0 4.8359375
120.0 4.5625
121.0 4.7265625
122.0 4.65625
123.0 4.3359375
124.0 4.4765625
125.0 5.3984375
126.0 5.7265625
127.0 5.7265625
128.0 5.1640625
129.0 6.125
130.0 5.9296875
131.0 0.6875
132.0 11.3359375
133.0 6.2734375
134.0 6.1796875
135.0 5.8828125
136.0 1.5390625
137.0 9.984375
138.0 5.3125
139.0 4.609375
140.0 5.1875
141.0 5.3515625
142.0 4.7421875
143.0 3.625
144.0 5.375
145.0 4.0859375
146.0 3.7421875
147.0 4.796875
148.0 5.9453125
149.0 6.078125
150.0 6.140625
151.0 6.3203125
152.0 5.4921875
153.0 5.0703125
154.0 5.3671875
155.0 4.828125
156.0 4.3359375
157.0 5.375
158.0 5.3203125
159.0 4.9921875
160.0 5.15625
161.0 4.0234375
162.0 6.5625
163.0 5.375
164.0 4.6015625
165.0 4.7578125
166.0 5.1015625
167.0 4.8359375
168.0 5.375
169.0 5.640625
170.0 4.890625
171.0 4.90625
172.0 5.203125
173.0 4.359375
174.0 3.203125
175.0 0.7890625
176.0 0.0
177.0 7.7890625
178.0 0.65625
179.0 4.6953125
180.0 4.515625
181.0 4.6328125
182.0 4.5390625
183.0 4.2734375
184.0 2.09375
185.0 6.5625
186.0 4.6484375
187.0 4.1484375
188.0 3.4453125
189.0 0.15625
190.0 8.0
191.0 4.59375
192.0 4.65625
193.0 3.875
194.0 4.7578125
195.0 4.875
196.0 4.578125
197.0 5.2890625
198.0 5.140625
199.0 4.953125
200.0 5.3359375
201.0 4.828125
202.0 1.7421875
203.0 7.65625
204.0 4.7734375
205.0 4.953125
206.0 4.171875
207.0 4.953125
208.0 4.2734375
209.0 4.5
210.0 4.359375
211.0 4.9765625
212.0 4.90625
213.0 4.9296875
214.0 5.125
215.0 4.7265625
216.0 4.890625
217.0 4.484375
218.0 4.6328125
219.0 4.5625
220.0 1.9765625
221.0 7.375
222.0 4.4453125
223.0 4.6875
224.0 1.9453125
225.0 7.4296875
226.0 4.7265625
227.0 4.4140625
228.0 2.609375
229.0 2.609375
230.0 3.296875
231.0 5.2578125
232.0 2.0703125
233.0 8.0546875
234.0 4.7109375
235.0 3.4765625
236.0 2.0
237.0 1.6796875
238.0 3.203125
239.0 4.9296875
240.0 4.3671875
241.0 4.09375
242.0 3.96875
243.0 4.1484375
244.0 5.46875
245.0 5.3828125
246.0 2.921875
247.0 6.46875
248.0 4.7578125
249.0 3.796875
250.0 0.0
251.0 6.390625
252.0 4.75
253.0 4.25
254.0 4.8671875
255.0 4.71875
256.0 4.953125
257.0 5.3125
258.0 5.0390625
259.0 4.7734375
260.0 4.0390625
261.0 4.3828125
262.0 4.4453125
263.0 5.0234375
264.0 4.1796875
265.0 2.2109375
266.0 6.9296875
267.0 4.6796875
268.0 5.1953125
269.0 5.0703125
270.0 4.6640625
271.0 4.3359375
272.0 1.3828125
273.0 8.40625
274.0 5.4921875
275.0 4.4453125
276.0 4.5703125
277.0 4.6875
278.0 4.28125
279.0 4.71875
280.0 3.9921875
281.0 3.8046875
282.0 5.421875
283.0 5.578125
284.0 5.3984375
285.0 5.2578125
286.0 5.3984375
287.0 3.6171875
288.0 6.6015625
289.0 6.5078125
290.0 5.9921875
291.0 5.703125
292.0 5.6328125
293.0 4.6875
294.0 4.15625
295.0 4.796875
296.0 5.6953125
297.0 5.84375
298.0 5.6640625
299.0 5.8828125
300.0 6.1171875
301.0 6.078125
302.0 6.15625
303.0 5.9296875
304.0 5.9609375
305.0 5.4921875
306.0 5.34375
307.0 5.109375
308.0 4.65625
309.0 4.9453125
310.0 4.3046875
311.0 4.921875
312.0 4.6640625
313.0 3.3203125
314.0 6.3671875
315.0 4.2421875
316.0 4.3515625
317.0 0.7890625
318.0 9.375
319.0 4.546875
320.0 5.3203125
321.0 4.7734375
322.0 4.5703125
323.0 4.8125
324.0 5.21875
325.0 5.46875
326.0 5.5
327.0 5.2265625
328.0 5.3046875
329.0 5.3359375
330.0 3.1796875
331.0 7.515625
332.0 4.234375
333.0 4.890625
334.0 4.7734375
335.0 2.421875
336.0 6.59375
337.0 4.8046875
338.0 4.6953125
339.0 5.3828125
340.0 5.609375
341.0 5.859375
342.0 5.6953125
343.0 5.640625
344.0 5.7578125
345.0 5.6953125
346.0 5.28125
347.0 1.3515625
348.0 8.6796875
349.0 5.21875
350.0 5.1328125
351.0 5.765625
352.0 6.1484375
353.0 6.109375
354.0 5.890625
355.0 6.0546875
356.0 6.2734375
357.0 4.296875
358.0 7.8671875
359.0 3.8828125
360.0 3.625
361.0 6.0546875
362.0 5.7890625
363.0 6.1171875
364.0 6.3046875
365.0 5.8515625
366.0 6.171875
367.0 6.296875
368.0 7.359375
369.0 6.8046875
370.0 3.0546875
371.0 10.84375
372.0 6.8984375
373.0 6.265625
374.0 1.8671875
375.0 9.390625
376.0 6.796875
377.0 7.140625
378.0 7.2578125
379.0 7.125
380.0 7.3046875
381.0 6.71875
382.0 6.3515625
383.0 5.6484375
384.0 6.734375
385.0 6.6171875
386.0 6.296875
387.0 4.09375
388.0 3.2890625
389.0 4.265625
390.0 7.1640625
391.0 6.125
392.0 7.75
393.0 6.453125
394.0 5.8203125
395.0 6.0078125
396.0 6.0390625
397.0 1.171875
398.0 11.1015625
399.0 6.2265625
400.0 6.2890625
401.0 6.078125
402.0 6.15625
403.0 6.4375
404.0 7.0703125
405.0 6.4375
406.0 6.484375
407.0 6.484375
408.0 6.078125
409.0 6.234375
410.0 1.984375
411.0 10.828125
412.0 6.2890625
413.0 6.296875
414.0 6.1875
415.0 2.921875
416.0 9.6015625
417.0 6.71875
418.0 5.734375
419.0 3.6171875
420.0 3.2890625
421.0 1.6484375
422.0 8.921875
423.0 6.2890625
424.0 6.078125
425.0 6.2578125
426.0 5.9140625
427.0 5.703125
428.0 5.96875
429.0 6.1796875
430.0 6.65625
431.0 6.2578125
432.0 5.875
433.0 7.2890625
434.0 6.5625
435.0 6.9921875
436.0 6.9140625
437.0 7.25
438.0 6.84375
439.0 3.5625
440.0 6.65625
441.0 2.7265625
442.0 3.609375
443.0 6.6171875
444.0 6.5078125
445.0 5.796875
446.0 5.8828125
447.0 4.4765625
448.0 8.984375
449.0 6.5859375
450.0 5.578125
451.0 6.1796875
452.0 6.421875
453.0 5.8203125
454.0 5.2265625
455.0 5.203125
456.0 5.8125
457.0 5.8515625
458.0 6.0078125
459.0 5.6953125
460.0 3.109375
461.0 8.5546875
462.0 5.9921875
463.0 6.46875
464.0 5.6953125
465.0 6.0078125
466.0 5.796875
467.0 5.5625
468.0 1.9140625
469.0 8.0859375
470.0 5.8828125
471.0 5.84375
472.0 5.9140625
473.0 5.171875
474.0 5.1015625
475.0 5.84375
476.0 2.578125
477.0 9.2109375
478.0 4.8046875
479.0 5.203125
480.0 5.4296875
481.0 5.84375
482.0 4.890625
483.0 4.984375
484.0 5.3984375
485.0 5.40625
486.0 5.234375
487.0 4.75
488.0 4.0234375
489.0 2.890625
490.0 7.015625
491.0 4.90625
492.0 4.8671875
493.0 2.359375
494.0 0.34375
495.0 0.0
496.0 5.7890625
497.0 5.21875
498.0 5.203125
499.0 4.4765625
500.0 2.28125
501.0 2.84375
502.0 5.2734375
503.0 5.8828125
504.0 5.8203125
505.0 6.125
506.0 2.34375
507.0 7.6640625
508.0 6.5
509.0 5.5859375
510.0 6.4453125
511.0 6.1484375
512.0 6.2578125
513.0 6.421875
514.0 5.546875
515.0 5.75
516.0 5.2578125
517.0 5.53125
518.0 6.390625
519.0 5.8125
520.0 6.734375
521.0 5.34375
522.0 0.484375
523.0 10.9140625
524.0 5.8828125
525.0 3.9375
526.0 8.2578125
527.0 5.3984375
528.0 2.953125
529.0 10.0
530.0 6.5078125
531.0 6.3359375
532.0 5.7265625
533.0 6.6796875
534.0 6.2734375
535.0 6.359375
536.0 6.4375
537.0 6.84375
538.0 6.6796875
539.0 5.5859375
540.0 5.3671875
541.0 5.5
542.0 5.859375
543.0 5.6015625
544.0 4.5703125
545.0 5.1015625
546.0 6.3359375
547.0 1.2421875
548.0 8.1484375
549.0 8.765625
550.0 6.5625
551.0 6.6328125
552.0 6.53125
553.0 6.734375
554.0 6.2265625
555.0 6.2578125
556.0 5.34375
557.0 3.25
558.0 4.1328125
559.0 5.6015625
560.0 5.75
561.0 2.921875
562.0 8.0234375
563.0 6.0234375
564.0 5.765625
565.0 5.6640625
566.0 5.9609375
567.0 5.078125
568.0 7.390625
569.0 6.1171875
570.0 5.859375
571.0 6.53125
572.0 6.3046875
573.0 6.390625
574.0 5.890625
575.0 5.7890625
576.0 5.859375
577.0 5.8515625
578.0 5.6171875
579.0 2.8046875
580.0 8.390625
581.0 6.8984375
582.0 6.8359375
583.0 6.6015625
584.0 6.5390625
585.0 6.6015625
586.0 3.890625
587.0 5.90625
588.0 6.4140625
589.0 6.203125
590.0 6.5703125
591.0 7.046875
592.0 6.8359375
593.0 7.4296875
594.0 7.5234375
595.0 6.625
596.0 6.3359375
597.0 6.453125
598.0 3.2578125
599.0 0.65625
