0.0 4.546875
1.0 5.1875
2.0 5.0234375
3.0 4.8125
4.0 5.0703125
5.0 5.375
6.0 5.2265625
7.0 5.0546875
8.0 4.828125
9.0 3.9921875
10.0 5.578125
11.0 4.78125
12.0 4.6796875
13.0 5.1015625
14.0 4.9609375
15.0 4.8359375
16.0 5.4296875
17.0 4.71875
18.0 5.046875
19.0 5.171875
20.0 5.0234375
21.0 4.9765625
22.0 4.9453125
23.0 4.1875
24.0 2.375
25.0 7.390625
26.0 5.0703125
27.0 5.109375
28.0 5.421875
29.0 5.3515625
30.0 5.28125
31.0 4.8671875
32.0 5.171875
33.0 4.8046875
34.0 5.203125
35.0 5.0546875
36.0 4.9765625
37.0 3.0
38.0 7.3359375
39.0 4.6640625
40.0 4.7109375
41.0 4.84375
42.0 5.046875
43.0 4.859375
44.0 5.0859375
45.0 4.984375
46.0 5.234375
47.0 5.1015625
48.0 4.8984375
49.0 5.1875
50.0 1.6875
51.0 7.6640625
52.0 1.4765625
53.0 4.65625
54.0 4.5703125
55.0 4.296875
56.0 4.5
57.0 4.9921875
58.0 4.6015625
59.0 4.546875
60.0 4.9453125
61.0 4.984375
62.0 5.109375
63.0 4.0
64.0 6.234375
65.0 4.8671875
66.0 4.8984375
67.0 5.0390625
68.0 1.2109375
69.0 8.8046875
70.0 5.0390625
71.0 5.078125
72.0 4.8671875
73.0 4.9765625
74.0 4.796875
75.0 4.9609375
76.0 4.7265625
77.0 4.2734375
78.0 4.5625
79.0 4.65625
80.0 4.71875
81.0 4.625
82.0 4.8984375
83.0 4.3984375
84.0 4.6484375
85.0 4.859375
86.0 5.0234375
87.0 5.203125
88.0 4.78125
89.0 4.9765625
90.0 4.9453125
91.0 0.6640625
92.0 9.453125
93.0 4.9453125
94.0 5.1328125
95.0 5.25
96.0 3.7890625
97.0 6.765625
98.0 4.890625
99.0 5.171875
100.0 4.65625
101.0 5.640625
102.0 5.2734375
103.0 5.3671875
104.0 4.5625
105.0 4.6640625
106.0 4.84375
107.0 4.234375
108.0 4.7734375
109.0 4.890625
110.0 4.9921875
111.0 4.0234375
112.0 4.59375
113.0 4.8125
114.0 4.8984375
115.0 4.859375
116.0 4.5
117.0 3.90625
118.0 4.7734375
119.0 4.78125
120.0 4.2421875
121.0 4.4765625
122.0 4.6484375
123.0 5.0390625
124.0 4.953125
125.0 4.3671875
126.0 6.09375
127.0 5.1015625
128.0 5.046875
129.0 4.15625
130.0 6.125
131.0 5.1328125
132.0 4.953125
133.0 5.125
134.0 5.078125
135.0 5.234375
136.0 5.1328125
137.0 5.203125
138.0 5.0234375
139.0 5.1953125
140.0 1.984375
141.0 7.96875
142.0 5.0859375
143.0 5.1875
144.0 5.2265625
145.0 5.0546875
146.0 5.140625
147.0 4.9453125
148.0 4.7109375
149.0 4.9765625
150.0 5.0234375
151.0 5.171875
152.0 4.828125
153.0 5.21875
154.0 5.0390625
155.0 5.0078125
156.0 4.9921875
157.0 5.046875
158.0 5.1875
159.0 5.1328125
160.0 5.0234375
161.0 5.0234375
162.0 4.890625
163.0 4.9296875
164.0 4.828125
165.0 3.6953125
166.0 6.03125
167.0 5.171875
168.0 4.75
169.0 4.9921875
170.0 4.859375
171.0 4.53125
172.0 4.421875
173.0 3.46875
174.0 5.8828125
175.0 4.6796875
176.0 4.71875
177.0 5.0234375
178.0 5.078125
179.0 5.1015625
180.0 4.9765625
181.0 5.0390625
182.0 4.7421875
183.0 5.078125
184.0 4.9453125
185.0 5.0703125
186.0 4.8984375
187.0 1.765625
188.0 8.2265625
189.0 4.7734375
190.0 4.8984375
191.0 4.8671875
192.0 3.578125
193.0 6.9296875
194.0 5.109375
195.0 5.0703125
196.0 5.2265625
197.0 5.2734375
198.0 4.8046875
199.0 5.375
200.0 4.2734375
201.0 4.921875
202.0 5.1015625
203.0 5.140625
204.0 4.9609375
205.0 5.125
206.0 4.90625
207.0 5.125
208.0 5.2890625
209.0 4.9609375
210.0 4.9921875
211.0 4.625
212.0 5.609375
213.0 5.1328125
214.0 4.8359375
215.0 5.046875
216.0 5.109375
217.0 5.2734375
218.0 5.1875
219.0 5.15625
220.0 5.109375
221.0 4.953125
222.0 5.0234375
223.0 5.2265625
224.0 5.046875
225.0 3.203125
226.0 7.6875
227.0 5.0703125
228.0 5.1953125
229.0 5.1640625
230.0 4.953125
231.0 5.34375
232.0 4.5703125
233.0 5.8828125
234.0 4.90625
235.0 5.3515625
236.0 5.2890625
237.0 1.4140625
238.0 9.1171875
239.0 1.4609375
240.0 7.578125
241.0 5.125
242.0 5.15625
243.0 5.3046875
244.0 5.28125
245.0 5.0078125
246.0 5.15625
247.0 4.7421875
248.0 4.546875
249.0 4.7421875
250.0 4.8046875
251.0 5.046875
252.0 4.7734375
253.0 4.9765625
254.0 4.7265625
255.0 5.0078125
256.0 4.8125
257.0 4.90625
258.0 5.0546875
259.0 5.171875
260.0 5.0859375
261.0 2.7734375
262.0 4.3515625
263.0 7.9296875
264.0 5.25
265.0 5.125
266.0 3.3828125
267.0 7.015625
268.0 5.28125
269.0 5.1328125
270.0 5.234375
271.0 4.921875
272.0 5.3203125
273.0 5.125
274.0 5.0703125
275.0 5.0546875
276.0 5.046875
277.0 5.0703125
278.0 5.2578125
279.0 5.1015625
280.0 1.2109375
281.0 8.8046875
282.0 5.0390625
283.0 5.1875
284.0 4.78125
285.0 3.34375
286.0 6.734375
287.0 4.921875
288.0 4.859375
289.0 5.140625
290.0 5.0390625
291.0 5.2734375
292.0 5.0234375
293.0 5.25
294.0 5.1953125
295.0 4.8671875
296.0 4.78125
297.0 5.0703125
298.0 4.6015625
299.0 0.0
300.0 5.25
301.0 7.515625
302.0 4.09375
303.0 4.0859375
304.0 4.828125
305.0 4.1015625
306.0 5.015625
307.0 5.078125
308.0 5.140625
309.0 5.1640625
310.0 4.9609375
311.0 5.109375
312.0 5.140625
313.0 1.1171875
314.0 9.328125
315.0 5.109375
316.0 5.3828125
317.0 5.0703125
318.0 5.2890625
319.0 5.1015625
320.0 5.3125
321.0 5.0703125
322.0 5.0078125
323.0 5.171875
324.0 5.125
325.0 5.2734375
326.0 4.8671875
327.0 2.6015625
328.0 7.453125
329.0 5.046875
330.0 5.15625
331.0 5.21875
332.0 5.3984375
333.0 5.3046875
334.0 5.1328125
335.0 5.0546875
336.0 5.2265625
337.0 5.0859375
338.0 5.1328125
339.0 5.1953125
340.0 1.140625
341.0 9.2265625
342.0 5.0546875
343.0 5.0234375
344.0 5.0703125
345.0 4.9609375
346.0 4.9921875
347.0 5.2578125
348.0 5.078125
349.0 4.984375
350.0 5.4296875
351.0 5.15625
352.0 4.9921875
353.0 5.015625
354.0 5.140625
355.0 5.2578125
356.0 2.78125
357.0 7.515625
358.0 4.90625
359.0 4.6328125
360.0 5.6796875
361.0 4.515625
362.0 4.1875
363.0 5.1015625
364.0 5.21875
365.0 5.0859375
366.0 5.125
367.0 5.1328125
368.0 5.109375
369.0 5.15625
370.0 5.0859375
371.0 5.2265625
372.0 5.2578125
373.0 5.1875
374.0 5.1875
375.0 5.3515625
376.0 2.046875
377.0 8.4140625
378.0 5.078125
379.0 4.9609375
380.0 3.0703125
381.0 7.109375
382.0 5.2890625
383.0 5.109375
384.0 5.1328125
385.0 5.3203125
386.0 5.1015625
387.0 5.3359375
388.0 5.2265625
389.0 5.1015625
390.0 5.046875
391.0 5.1328125
392.0 5.109375
393.0 3.6171875
394.0 6.71875
395.0 4.9609375
396.0 4.859375
397.0 5.34375
398.0 5.125
399.0 5.109375
400.0 3.1953125
401.0 7.078125
402.0 4.9296875
403.0 4.9296875
404.0 4.921875
405.0 4.78125
406.0 4.71875
407.0 4.9453125
408.0 4.6484375
409.0 5.2734375
410.0 5.1328125
411.0 4.8125
412.0 5.15625
413.0 5.234375
414.0 3.53125
415.0 7.03125
416.0 5.0078125
417.0 5.0859375
418.0 5.15625
419.0 5.0859375
420.0 4.8359375
421.0 5.6484375
422.0 5.171875
423.0 4.9921875
424.0 5.53125
425.0 5.765625
426.0 5.4296875
427.0 4.75
428.0 5.1328125
429.0 5.0859375
430.0 5.1875
431.0 4.90625
432.0 5.203125
433.0 5.1328125
434.0 5.21875
435.0 5.4921875
436.0 5.046875
437.0 5.0390625
438.0 5.3359375
439.0 5.0859375
440.0 5.5546875
441.0 5.125
442.0 5.1875
443.0 4.9296875
444.0 4.796875
445.0 1.4375
446.0 9.0625
447.0 5.15625
448.0 5.15625
449.0 5.1640625
450.0 5.0859375
451.0 5.15625
452.0 0.4375
453.0 9.7890625
454.0 5.140625
455.0 5.0234375
456.0 5.1328125
457.0 5.1640625
458.0 5.1015625
459.0 5.0390625
460.0 5.1640625
461.0 5.125
462.0 5.0078125
463.0 5.109375
464.0 3.28125
465.0 7.21875
466.0 5.3125
467.0 5.1328125
468.0 4.9921875
469.0 1.5390625
470.0 8.828125
471.0 5.1015625
472.0 5.0546875
473.0 5.25
474.0 5.2890625
475.0 1.5078125
476.0 8.7109375
477.0 5.0546875
478.0 5.234375
479.0 5.046875
480.0 4.890625
481.0 5.234375
482.0 5.078125
483.0 5.0859375
484.0 5.2890625
485.0 5.0546875
486.0 5.3828125
487.0 5.2890625
488.0 5.4375
489.0 4.828125
490.0 5.859375
491.0 5.3125
492.0 5.234375
493.0 5.109375
494.0 2.4921875
495.0 7.6640625
496.0 5.0859375
497.0 5.21875
498.0 5.34375
499.0 5.3125
500.0 5.1328125
501.0 5.203125
502.0 5.3125
503.0 5.234375
504.0 5.46875
505.0 5.3046875
506.0 5.453125
507.0 5.375
508.0 5.1328125
509.0 1.5390625
510.0 9.1875
511.0 4.9921875
512.0 5.53125
513.0 5.3515625
514.0 5.484375
515.0 4.875
516.0 4.265625
517.0 6.171875
518.0 5.1015625
519.0 5.21875
520.0 5.0703125
521.0 4.8046875
522.0 5.078125
523.0 5.34375
524.0 4.984375
525.0 5.2265625
526.0 5.125
527.0 5.2265625
528.0 5.1328125
529.0 2.1171875
530.0 8.765625
531.0 5.2265625
532.0 5.0859375
533.0 4.921875
534.0 4.984375
535.0 4.984375
536.0 4.984375
537.0 4.984375
538.0 5.0859375
539.0 3.140625
540.0 7.2890625
541.0 5.203125
542.0 5.2890625
543.0 5.140625
544.0 5.0390625
545.0 5.4375
546.0 5.3671875
547.0 5.2265625
548.0 5.3359375
549.0 5.125
550.0 5.3046875
551.0 4.90625
552.0 5.0390625
553.0 5.578125
554.0 5.3359375
555.0 3.6171875
556.0 7.2109375
557.0 4.921875
558.0 5.1015625
559.0 5.2890625
560.0 5.1328125
561.0 5.1640625
562.0 5.109375
563.0 5.3359375
564.0 5.3828125
565.0 5.203125
566.0 5.25
567.0 5.234375
568.0 5.0859375
569.0 1.015625
570.0 9.953125
571.0 5.25
572.0 5.4609375
573.0 5.203125
574.0 5.125
575.0 3.703125
576.0 7.2109375
577.0 4.828125
578.0 5.3515625
579.0 5.203125
580.0 5.1875
581.0 5.234375
582.0 5.515625
583.0 5.28125
584.0 5.3359375
585.0 5.25
586.0 5.2734375
587.0 5.21875
588.0 4.9296875
589.0 2.71875
590.0 7.90625
591.0 5.078125
592.0 5.0859375
593.0 5.0703125
594.0 4.9921875
595.0 0.9453125
596.0 9.515625
597.0 5.3125
598.0 5.1328125
599.0 5.0546875
