0 1.1385147523000458
1 1.1385147523000458
2 0.1547167316653808
3 0.1547167316653808
4 0.1547167316653808
5 0.1547167316653808
6 0.2025616478917661
7 0.2025616478917661
8 3.252539916258528
9 3.252539916258528
10 3.252539916258528
11 3.252539916258528
12 2.841647618262704
13 2.841647618262704
14 2.841647618262704
15 2.841647618262704
16 4.357098774799242
17 4.357098774799242
18 4.357098774799242
19 4.357098774799242
20 2.956703876870448
21 2.956703876870448
22 2.956703876870448
23 2.956703876870448
24 4.706413829698581
25 4.706413829698581
26 4.706413829698581
27 4.706413829698581
28 3.8101025556884824
29 3.8101025556884824
30 3.8101025556884824
31 3.8101025556884824
32 5.885043714030214
33 5.885043714030214
34 5.885043714030214
35 5.885043714030214
36 3.075334343349889
37 3.075334343349889
38 1.404357179103319
39 1.404357179103319
40 0.6558123516512259
41 0.6558123516512259
42 0.6558123516512259
43 0.6558123516512259
44 1.7694398180719781
45 1.7694398180719781
46 1.7694398180719781
47 1.7694398180719781
48 1.9435903315399985
49 1.9435903315399985
50 1.9435903315399985
51 1.9435903315399985
52 2.573565592148385
53 2.573565592148385
54 2.573565592148385
55 2.573565592148385
56 2.4818739588535896
57 2.4818739588535896
58 2.4818739588535896
59 2.4818739588535896
60 2.195372089861947
61 2.195372089861947
62 2.195372089861947
63 2.195372089861947
64 3.04136315455667
65 3.04136315455667
66 3.04136315455667
67 3.04136315455667
68 2.9581876626447587
69 2.9581876626447587
70 2.9581876626447587
71 2.9581876626447587
72 1.5189352353948673
73 1.5189352353948673
74 1.5189352353948673
75 1.5189352353948673
76 1.6225776564689314
77 1.6225776564689314
78 1.6225776564689314
79 1.6225776564689314
80 1.9352438676048997
81 1.9352438676048997
82 1.9352438676048997
83 1.9352438676048997
84 2.826599622786716
85 2.826599622786716
86 2.826599622786716
87 2.826599622786716
88 2.1671424602199463
89 2.1671424602199463
90 2.1671424602199463
91 2.1671424602199463
92 2.8903753595397337
93 2.8903753595397337
94 2.8903753595397337
95 2.8903753595397337
96 1.378696875545601
97 1.378696875545601
98 1.378696875545601
99 1.0750190906353183
100 1.0750190906353183
101 1.0750190906353183
102 1.0750190906353183
103 1.115613298158614
104 1.115613298158614
105 1.115613298158614
106 1.115613298158614
107 1.9671397950054312
108 1.9671397950054312
109 1.9671397950054312
110 1.9671397950054312
111 0.9173156294374902
112 0.9173156294374902
113 0.9173156294374902
114 0.9173156294374902
115 1.6600532613161567
116 1.6600532613161567
117 1.6600532613161567
118 1.6600532613161567
119 1.859664243356342
120 1.859664243356342
121 1.859664243356342
122 1.859664243356342
123 1.8955130886442664
124 1.8955130886442664
125 1.8955130886442664
126 1.8955130886442664
127 3.6879728923336437
128 3.6879728923336437
129 3.6879728923336437
130 3.6879728923336437
131 2.4983127797163305
132 2.4983127797163305
133 2.4983127797163305
134 2.4983127797163305
135 4.4590328116316424
136 4.4590328116316424
137 4.4590328116316424
138 4.4590328116316424
139 2.948472528524852
140 2.948472528524852
141 2.948472528524852
142 2.948472528524852
143 2.62543819434065
144 2.62543819434065
145 2.62543819434065
146 2.62543819434065
147 4.496067097961557
148 4.496067097961557
149 4.496067097961557
150 4.496067097961557
151 3.5570386898943114
152 3.5570386898943114
153 3.5570386898943114
154 3.5570386898943114
155 2.49857447543657
156 2.49857447543657
157 2.49857447543657
158 2.49857447543657
159 5.692126176455668
160 5.692126176455668
161 5.692126176455668
162 5.692126176455668
163 3.151551546598271
164 3.151551546598271
165 3.151551546598271
166 3.151551546598271
167 2.3225034153839226
168 2.3225034153839226
169 2.3225034153839226
170 2.3225034153839226
171 1.8216200696053806
172 1.8216200696053806
173 1.8216200696053806
174 1.8216200696053806
175 4.597226820931171
176 4.597226820931171
177 4.597226820931171
178 4.597226820931171
179 4.41559446598531
180 4.41559446598531
181 4.41559446598531
182 4.41559446598531
183 6.058137487327137
184 6.058137487327137
185 6.058137487327137
186 6.058137487327137
187 5.410399702893377
188 5.410399702893377
189 5.410399702893377
190 5.410399702893377
191 3.741408255931918
192 3.741408255931918
193 3.741408255931918
194 3.741408255931918
195 0.28385913307133315
196 0.28385913307133315
197 0.28385913307133315
198 0.28385913307133315
199 2.086014621648817
200 2.086014621648817
201 2.086014621648817
202 2.086014621648817
203 2.940981258476653
204 2.940981258476653
205 2.940981258476653
206 2.940981258476653
207 2.0610550389018965
208 2.0610550389018965
209 2.0610550389018965
210 2.1183192816968117
211 2.1183192816968117
212 2.1183192816968117
213 2.1183192816968117
214 1.2845413148436182
215 1.2845413148436182
216 1.2845413148436182
217 1.2845413148436182
218 0.7588721617694463
219 0.7588721617694463
220 0.7588721617694463
221 0.7588721617694463
222 3.4949579622427764
223 3.4949579622427764
224 3.4949579622427764
225 3.4949579622427764
226 1.6410613696106444
227 1.6410613696106444
228 1.6410613696106444
229 1.6410613696106444
230 1.3918570797231409
231 1.3918570797231409
232 1.3918570797231409
233 1.3918570797231409
234 1.2337473807863442
235 1.2337473807863442
236 1.2337473807863442
237 1.2337473807863442
238 1.7314066338384968
239 1.7314066338384968
240 1.7314066338384968
241 1.7314066338384968
242 2.0390576334084494
243 2.0390576334084494
244 2.0390576334084494
245 2.0390576334084494
246 1.541827304681036
247 1.541827304681036
248 1.541827304681036
249 1.541827304681036
250 2.07049130637487
251 2.07049130637487
252 2.07049130637487
253 2.07049130637487
254 1.789211395356928
255 1.789211395356928
256 1.789211395356928
257 1.789211395356928
258 1.353302828215504
259 1.353302828215504
260 1.353302828215504
261 1.353302828215504
262 0.6364263642255115
263 0.6364263642255115
264 0.6364263642255115
265 0.6364263642255115
266 1.883090357119715
267 1.883090357119715
268 4.373476880089772
269 4.373476880089772
270 4.373476880089772
271 4.373476880089772
272 2.8561584312647934
273 2.8561584312647934
274 2.8561584312647934
275 2.8561584312647934
276 3.156985111974303
277 3.156985111974303
278 3.156985111974303
279 3.156985111974303
280 2.029268550982542
281 2.029268550982542
282 2.029268550982542
283 2.029268550982542
284 0.6734761252374457
285 0.6734761252374457
286 1.0907849049059544
287 1.0907849049059544
288 1.0907849049059544
289 1.0907849049059544
290 0.8948697750659551
291 0.8948697750659551
292 0.8948697750659551
293 0.8948697750659551
294 1.6196942268888148
295 1.6196942268888148
296 1.6196942268888148
297 1.6196942268888148
298 1.0810140253534983
299 1.0810140253534983
300 0.95040192434741
301 0.95040192434741
302 0.95040192434741
303 0.95040192434741
304 2.272198644514681
305 2.272198644514681
306 2.272198644514681
307 2.272198644514681
308 1.2852915173486852
309 1.2852915173486852
310 1.2852915173486852
311 1.2852915173486852
312 2.322183218709839
313 2.322183218709839
314 2.322183218709839
315 2.322183218709839
316 1.6114295544813224
317 1.6114295544813224
318 1.6114295544813224
319 1.6114295544813224
320 2.026416066686731
321 2.026416066686731
322 2.026416066686731
323 2.026416066686731
324 3.088021270135835
325 3.088021270135835
326 3.088021270135835
327 3.088021270135835
328 2.4199802198570115
329 2.4199802198570115
330 2.4199802198570115
331 2.4199802198570115
332 3.4674028175848615
333 3.4674028175848615
334 3.4674028175848615
335 3.4674028175848615
336 2.647095433449758
337 2.647095433449758
338 2.647095433449758
339 2.647095433449758
340 1.7310846044813688
341 1.7310846044813688
342 1.7310846044813688
343 1.7310846044813688
344 1.411831692745581
345 1.411831692745581
346 1.411831692745581
347 1.411831692745581
348 2.2608444523241227
349 2.2608444523241227
350 2.2608444523241227
351 2.2608444523241227
352 1.8993230922310296
353 1.8993230922310296
354 1.8993230922310296
355 1.8993230922310296
356 1.3544263073573017
357 1.3544263073573017
358 1.3544263073573017
359 1.3544263073573017
360 1.0398447458603843
361 1.0398447458603843
362 1.0398447458603843
363 1.917877753624912
364 1.917877753624912
365 1.917877753624912
366 1.917877753624912
367 2.3601943297896506
368 2.3601943297896506
369 2.3601943297896506
370 2.3601943297896506
371 3.267747025418352
372 3.267747025418352
373 3.267747025418352
374 3.267747025418352
375 3.181379268436751
376 3.181379268436751
377 3.181379268436751
378 3.181379268436751
379 2.290085129484077
380 2.290085129484077
381 2.290085129484077
382 2.290085129484077
383 2.5202104836268355
384 2.5202104836268355
385 2.5202104836268355
386 2.5202104836268355
387 1.052187570909306
388 1.052187570909306
389 1.052187570909306
390 1.052187570909306
391 1.9936055821951109
392 1.9936055821951109
393 1.9936055821951109
394 1.9936055821951109
395 2.5630461448626405
396 2.5630461448626405
397 2.5630461448626405
398 2.5630461448626405
399 1.77759866798208
400 1.77759866798208
401 1.77759866798208
402 1.77759866798208
403 2.0472557270037215
404 2.0472557270037215
405 2.0472557270037215
406 2.0472557270037215
407 1.8207868883539293
408 1.8207868883539293
409 1.8207868883539293
410 1.8207868883539293
411 0.6133633213100398
412 0.6133633213100398
413 0.6133633213100398
414 0.6133633213100398
415 3.324394877020941
416 3.324394877020941
417 3.324394877020941
418 3.324394877020941
419 3.220760946773492
420 3.220760946773492
421 3.220760946773492
422 3.220760946773492
423 2.938203546238951
424 2.938203546238951
425 2.938203546238951
426 2.938203546238951
427 2.595211313923167
428 2.595211313923167
429 2.595211313923167
430 2.595211313923167
431 1.8524281639609994
432 1.8524281639609994
433 1.8524281639609994
434 1.8524281639609994
435 1.5555457117679066
436 1.5555457117679066
437 1.5555457117679066
438 1.5555457117679066
439 1.6534585527769727
440 1.6534585527769727
441 1.6534585527769727
442 1.6534585527769727
443 1.5181366734242965
444 1.5181366734242965
445 1.5181366734242965
446 1.5181366734242965
447 1.9687908349983847
448 1.9687908349983847
449 0.7316102570723577
450 0.7316102570723577
451 0.7316102570723577
452 0.7316102570723577
453 0.5308551117213149
454 0.5308551117213149
455 0.5308551117213149
456 0.5308551117213149
457 0.9487686584577043
458 0.9487686584577043
459 0.9487686584577043
460 0.9487686584577043
461 1.5269032180608726
462 1.5269032180608726
463 1.5269032180608726
464 1.5269032180608726
465 1.1096146885612919
466 1.1096146885612919
467 1.1096146885612919
468 1.1096146885612919
469 2.1849733160133025
470 2.1849733160133025
471 2.1849733160133025
472 2.1849733160133025
473 1.388633861912688
474 1.388633861912688
475 1.388633861912688
476 1.388633861912688
477 4.043858661594125
478 4.043858661594125
479 4.043858661594125
480 4.043858661594125
481 6.107188095956914
482 6.107188095956914
483 6.107188095956914
484 6.107188095956914
485 3.2877875122888787
486 3.2877875122888787
487 3.2877875122888787
488 3.2877875122888787
489 2.9547658625749906
490 2.9547658625749906
491 2.9547658625749906
492 2.9547658625749906
493 2.3783547565084193
494 2.3783547565084193
495 2.3783547565084193
496 2.3783547565084193
497 3.545639585576013
498 3.545639585576013
499 3.545639585576013
500 3.545639585576013
501 1.5978703873561062
502 1.5978703873561062
503 1.5978703873561062
504 1.5978703873561062
505 1.207711035189118
506 1.207711035189118
507 2.8821622555840167
508 2.8821622555840167
509 2.8821622555840167
510 2.8821622555840167
511 2.0892931448445324
512 2.0892931448445324
513 2.0892931448445324
514 2.0892931448445324
515 2.028984627090811
516 2.028984627090811
517 2.028984627090811
518 2.028984627090811
519 5.312700021276961
520 5.312700021276961
521 2.8184835127765053
522 2.8184835127765053
523 2.8184835127765053
524 2.8184835127765053
525 3.079963565149459
526 3.079963565149459
527 3.079963565149459
528 3.079963565149459
529 3.787128600476499
530 3.787128600476499
531 3.787128600476499
532 3.787128600476499
533 3.4518375253756783
534 0.4181188045117823
535 0.4181188045117823
536 0.4181188045117823
537 0.4181188045117823
538 4.233127466464788
539 4.233127466464788
540 4.233127466464788
541 4.233127466464788
542 4.044872511957221
543 4.044872511957221
544 4.044872511957221
545 4.044872511957221
546 4.733277826696623
547 4.733277826696623
548 4.733277826696623
549 4.733277826696623
550 5.019299734797261
551 5.019299734797261
552 5.019299734797261
553 5.019299734797261
554 2.506043067280843
555 2.506043067280843
556 2.506043067280843
557 2.506043067280843
558 1.4691864282670333
559 1.4691864282670333
560 1.4691864282670333
561 1.4691864282670333
562 2.70245433332609
563 2.70245433332609
564 2.70245433332609
565 2.70245433332609
566 2.0291162755952543
567 2.0291162755952543
568 2.0291162755952543
569 2.0291162755952543
570 1.7253627066064694
571 0.7913589937685425
572 0.7913589937685425
573 0.7913589937685425
574 0.7913589937685425
575 0.45026770642503106
576 0.45026770642503106
577 0.45026770642503106
578 0.45026770642503106
579 0.4555288178812626
580 0.4555288178812626
581 0.4555288178812626
582 2.146923296431603
583 2.146923296431603
584 2.146923296431603
585 2.146923296431603
586 1.867949365213344
587 1.867949365213344
588 1.867949365213344
589 1.867949365213344
590 1.80661162114537
591 1.80661162114537
592 1.80661162114537
593 1.80661162114537
594 2.387907946880591
595 2.387907946880591
596 3.1208404699130625
597 3.1208404699130625
598 3.1208404699130625
599 3.1208404699130625
600 5.800150500982953
601 5.800150500982953
602 5.800150500982953
603 5.800150500982953
604 4.64773330880114
605 4.64773330880114
606 4.64773330880114
607 4.64773330880114
608 3.550299989624753
609 3.550299989624753
610 3.550299989624753
611 3.550299989624753
612 6.685357233342623
613 6.685357233342623
614 6.685357233342623
615 6.685357233342623
616 4.398089627608693
617 4.398089627608693
618 4.398089627608693
619 4.398089627608693
620 5.835229504800031
621 5.835229504800031
622 5.835229504800031
623 5.835229504800031
624 2.3168010836431296
625 2.3168010836431296
626 2.3168010836431296
627 2.3168010836431296
628 4.8428859539129085
629 4.8428859539129085
630 4.8428859539129085
631 4.8428859539129085
632 2.5413303952446107
633 2.5413303952446107
634 2.5413303952446107
635 2.5413303952446107
636 3.4160199976371164
637 3.4160199976371164
638 3.4160199976371164
639 3.4160199976371164
640 4.1969039264923
641 4.1969039264923
642 4.1969039264923
643 4.1969039264923
644 3.7712799668205492
645 3.7712799668205492
646 3.7712799668205492
647 3.7712799668205492
648 5.028933543661744
649 5.028933543661744
650 5.028933543661744
651 2.2242727626623937
652 2.9618331152542154
653 2.9618331152542154
654 2.9618331152542154
655 2.9618331152542154
656 1.9058184549457746
657 1.9058184549457746
658 1.9058184549457746
659 1.9058184549457746
660 2.4447522721707706
661 2.4447522721707706
662 2.4447522721707706
663 2.4447522721707706
664 0.1
665 0.1
666 0.1
667 0.1
668 3.5785858311335113
669 3.5785858311335113
670 3.5785858311335113
671 0.1
672 0.1
673 0.1
674 0.1
675 4.988349565212751
676 4.988349565212751
677 4.988349565212751
678 4.988349565212751
679 3.206025849440433
680 3.206025849440433
681 3.206025849440433
682 3.206025849440433
683 3.3426948800112264
684 3.3426948800112264
685 3.3426948800112264
686 3.3426948800112264
687 1.0388475292638448
688 1.0388475292638448
689 1.0388475292638448
690 1.0388475292638448
691 5.045002217415731
692 5.045002217415731
693 5.045002217415731
694 5.045002217415731
695 4.213327693933647
696 4.213327693933647
697 4.213327693933647
698 4.213327693933647
699 1.9995188090852596
700 1.9995188090852596
701 1.9995188090852596
702 1.9995188090852596
703 0.1
704 0.1
705 0.1
706 0.1
707 2.0021277140760425
708 2.0021277140760425
709 2.0021277140760425
710 2.0021277140760425
711 2.174543228879144
712 2.174543228879144
713 2.174543228879144
714 2.174543228879144
715 2.8724356787023515
716 2.8724356787023515
717 2.8724356787023515
718 2.8724356787023515
719 2.1082364654303847
720 2.1082364654303847
721 2.1082364654303847
722 2.1082364654303847
723 2.4512238001011006
724 2.4512238001011006
725 2.4512238001011006
726 2.4512238001011006
727 3.2795597503289775
728 3.2795597503289775
729 3.2795597503289775
730 3.2795597503289775
731 2.914509758954725
732 2.914509758954725
733 2.914509758954725
734 2.914509758954725
735 4.803941180639292
736 4.803941180639292
737 4.803941180639292
738 4.803941180639292
739 2.625731519869093
740 2.625731519869093
741 2.625731519869093
742 2.625731519869093
743 2.8534749065449767
744 2.8534749065449767
745 2.8534749065449767
746 2.8534749065449767
747 4.601834850271773
748 4.601834850271773
749 4.601834850271773
750 4.601834850271773
751 4.288950159681431
752 2.734522385918921
753 2.734522385918921
754 2.734522385918921
755 2.734522385918921
756 1.9943942750972323
757 1.9943942750972323
758 1.9943942750972323
759 1.9943942750972323
760 2.3394141378869646
761 2.3394141378869646
762 2.3394141378869646
763 2.3394141378869646
764 3.0233570594216417
765 3.0233570594216417
766 3.0233570594216417
767 3.0233570594216417
768 2.555466368421467
769 2.555466368421467
770 2.555466368421467
771 2.555466368421467
772 2.890520988289081
773 2.890520988289081
774 2.890520988289081
775 2.890520988289081
776 2.6668666710200717
777 2.6668666710200717
778 2.6668666710200717
779 2.6668666710200717
780 2.2030359508283457
781 2.2030359508283457
782 2.2030359508283457
783 2.2030359508283457
784 2.664069869822275
785 2.664069869822275
786 2.664069869822275
787 2.664069869822275
788 1.1583227858392926
789 1.1583227858392926
790 1.1583227858392926
791 1.1583227858392926
792 3.4451323635546656
793 3.4451323635546656
794 3.4451323635546656
795 3.4451323635546656
796 1.3450103628625234
797 1.3450103628625234
798 1.3450103628625234
799 1.3450103628625234
800 3.182014074933214
801 3.182014074933214
802 3.182014074933214
803 2.27889161775748
804 2.27889161775748
805 2.27889161775748
806 2.27889161775748
807 2.1907690942820244
808 2.1907690942820244
809 2.1907690942820244
810 2.1907690942820244
811 4.633495838701016
812 0.8146184558958021
813 0.8146184558958021
814 0.8146184558958021
815 0.8146184558958021
816 1.8886119391933645
817 1.8886119391933645
818 1.8886119391933645
819 1.8886119391933645
820 1.6063249874584626
821 1.6063249874584626
822 1.6063249874584626
823 1.6063249874584626
824 1.959233187800316
825 1.7102279830023104
826 1.7102279830023104
827 1.7102279830023104
828 1.7102279830023104
829 3.1403012188050567
830 3.1403012188050567
831 3.1403012188050567
832 3.1403012188050567
833 2.7007481779196985
834 2.7007481779196985
835 2.7007481779196985
836 2.7007481779196985
837 2.2061895185522102
838 2.2061895185522102
839 2.2061895185522102
840 2.2061895185522102
841 0.1
842 0.1
843 0.1
844 0.1
845 2.2939542770815877
846 2.2939542770815877
847 2.2939542770815877
848 2.2939542770815877
849 1.3043700188584193
850 1.3043700188584193
851 1.3043700188584193
852 1.3043700188584193
853 1.5152959829201231
854 1.5152959829201231
855 1.5152959829201231
856 1.5152959829201231
857 2.240161809639816
858 2.240161809639816
859 2.240161809639816
860 2.240161809639816
861 1.8767204591956348
862 1.8767204591956348
863 1.8767204591956348
864 1.8767204591956348
865 3.8071348701182837
866 3.8071348701182837
867 3.8071348701182837
868 3.8071348701182837
869 2.567888872470375
870 0.14497402167991738
871 0.14497402167991738
872 0.14497402167991738
873 0.14497402167991738
874 0.1
875 0.1
876 0.1
877 0.1
878 0.10740476250063939
879 0.10740476250063939
880 0.10740476250063939
881 0.10740476250063939
882 0.10326710774116682
883 1.7588085659485686
884 1.7588085659485686
885 1.7588085659485686
886 1.7588085659485686
887 1.9410623062106345
888 1.9410623062106345
889 1.9410623062106345
890 1.9410623062106345
891 1.8915032705279538
892 1.8915032705279538
893 1.8915032705279538
894 1.8915032705279538
895 2.051009171345308
896 2.051009171345308
897 2.051009171345308
898 2.051009171345308
899 1.7362074107070045
900 1.7362074107070045
901 1.7362074107070045
902 1.7362074107070045
903 2.323307784086406
904 2.323307784086406
905 2.323307784086406
906 2.323307784086406
907 0.9615360072780681
908 0.9615360072780681
909 0.9615360072780681
910 0.9615360072780681
911 1.094560433730643
912 1.094560433730643
913 1.094560433730643
914 1.094560433730643
915 2.3093740452419844
916 2.3093740452419844
917 2.3093740452419844
918 2.3093740452419844
919 1.5362656483381012
920 1.5362656483381012
921 1.5362656483381012
922 1.5362656483381012
923 1.4650005359524105
924 1.4650005359524105
925 1.4650005359524105
926 1.4650005359524105
927 2.6417600966681283
928 2.6417600966681283
929 2.6417600966681283
930 2.6417600966681283
931 1.428892529140277
932 1.428892529140277
933 1.428892529140277
934 1.428892529140277
935 0.8870589666135038
936 0.8870589666135038
937 0.8870589666135038
938 0.8870589666135038
939 2.066665621452572
940 2.066665621452572
941 2.066665621452572
942 2.066665621452572
943 1.883520109819694
944 1.883520109819694
945 1.883520109819694
946 1.883520109819694
947 1.6003154524039296
948 1.6003154524039296
949 1.6003154524039296
950 1.6003154524039296
951 1.0830718595377415
952 1.0830718595377415
953 1.0830718595377415
954 1.0830718595377415
955 1.911727112761762
956 1.911727112761762
957 1.911727112761762
958 1.911727112761762
959 3.317625935063844
960 3.317625935063844
961 3.317625935063844
962 3.317625935063844
963 2.1216839644315697
964 2.1216839644315697
965 2.1216839644315697
966 2.1216839644315697
967 4.0600268718186125
968 4.0600268718186125
969 2.1310082674269815
970 2.1310082674269815
971 2.1310082674269815
972 2.1310082674269815
973 5.4272930225833
974 5.4272930225833
975 5.4272930225833
976 5.4272930225833
977 3.455395964740875
978 3.455395964740875
979 3.455395964740875
980 3.455395964740875
981 3.4480758186276756
982 3.4480758186276756
983 3.4480758186276756
984 3.4480758186276756
985 6.295242564345204
986 6.295242564345204
987 6.295242564345204
988 6.295242564345204
989 3.5159305183447325
990 3.5159305183447325
991 3.5159305183447325
992 3.5159305183447325
993 6.06115560923664
994 6.06115560923664
995 1.7278285951338508
996 1.7278285951338508
997 1.7278285951338508
998 1.7278285951338508
999 2.0763735020697585
1000 2.0763735020697585
1001 2.0763735020697585
1002 2.0763735020697585
1003 0.9989039109385046
1004 0.9989039109385046
1005 0.9989039109385046
1006 0.9989039109385046
1007 1.1721509805012038
1008 1.1721509805012038
1009 1.1721509805012038
1010 1.1721509805012038
1011 0.276859375543951
1012 0.276859375543951
1013 0.276859375543951
1014 0.276859375543951
1015 2.272326327235882
1016 2.272326327235882
1017 2.272326327235882
1018 2.272326327235882
1019 1.176966824050174
1020 1.176966824050174
1021 1.176966824050174
1022 1.176966824050174
1023 2.0963277261101547
1024 2.0963277261101547
1025 2.0963277261101547
1026 2.0963277261101547
1027 0.32540225432799375
1028 0.32540225432799375
1029 0.32540225432799375
1030 0.32540225432799375
1031 1.4904496491453734
1032 1.4904496491453734
1033 1.4904496491453734
1034 1.4904496491453734
1035 2.0847756112851643
1036 2.0847756112851643
1037 2.0847756112851643
1038 3.5702086114521436
1039 3.5702086114521436
1040 3.5702086114521436
1041 3.5702086114521436
1042 4.688298662082641
1043 4.688298662082641
1044 4.688298662082641
1045 4.688298662082641
1046 2.306275529793351
1047 2.306275529793351
1048 2.306275529793351
1049 2.306275529793351
1050 3.5515953810034895
1051 3.5515953810034895
1052 3.5515953810034895
1053 3.5515953810034895
1054 2.2725181228758826
1055 2.2725181228758826
1056 2.2725181228758826
1057 2.2725181228758826
1058 4.760380577872693
1059 4.760380577872693
1060 4.760380577872693
1061 4.760380577872693
1062 2.9987741445963465
1063 2.9987741445963465
1064 2.9987741445963465
1065 2.9987741445963465
1066 2.785988908363437
1067 2.785988908363437
1068 2.785988908363437
1069 2.785988908363437
1070 4.2181726511339
1071 4.2181726511339
1072 4.2181726511339
1073 4.2181726511339
1074 2.745777605259127
1075 2.745777605259127
1076 2.745777605259127
1077 2.745777605259127
1078 4.753684505919878
1079 4.753684505919878
1080 4.753684505919878
1081 4.753684505919878
1082 3.426852480430168
1083 3.426852480430168
1084 3.426852480430168
1085 3.426852480430168
1086 1.2378725904960195
1087 1.2378725904960195
1088 1.2378725904960195
1089 1.2378725904960195
1090 2.862855679582993
1091 2.862855679582993
1092 2.862855679582993
1093 2.862855679582993
1094 5.072577439713134
1095 5.072577439713134
1096 5.072577439713134
1097 5.072577439713134
1098 2.4560924199787832
1099 2.4560924199787832
1100 2.4560924199787832
1101 2.4560924199787832
1102 3.399288217591835
1103 3.399288217591835
1104 3.399288217591835
1105 3.399288217591835
1106 4.61251736468701
1107 4.61251736468701
1108 4.61251736468701
1109 4.61251736468701
1110 1.6818081815296106
1111 1.6818081815296106
1112 1.6818081815296106
1113 1.6818081815296106
1114 2.6077376674102566
1115 2.6077376674102566
1116 2.6077376674102566
1117 2.6077376674102566
1118 2.5699914579067418
1119 2.5699914579067418
1120 2.5699914579067418
1121 2.5699914579067418
1122 4.059163709591634
1123 4.059163709591634
1124 4.059163709591634
1125 4.059163709591634
1126 4.022606005684897
1127 4.022606005684897
1128 4.022606005684897
1129 4.022606005684897
1130 1.239625646091604
1131 1.239625646091604
1132 1.239625646091604
1133 1.239625646091604
1134 3.2073618563115307
1135 3.2073618563115307
1136 3.2073618563115307
1137 3.2073618563115307
1138 4.014152232388354
1139 4.014152232388354
1140 4.014152232388354
1141 4.014152232388354
1142 1.9261821156678558
1143 1.9261821156678558
1144 1.9261821156678558
1145 1.9261821156678558
1146 3.3317308620032504
1147 3.3317308620032504
1148 3.3317308620032504
1149 3.3317308620032504
1150 4.473068792565889
1151 4.473068792565889
1152 2.009536620607192
1153 2.009536620607192
1154 2.009536620607192
1155 2.009536620607192
1156 1.374758930281259
1157 1.374758930281259
1158 1.374758930281259
1159 1.374758930281259
1160 1.4930889324825138
1161 1.4930889324825138
1162 1.4930889324825138
1163 1.4930889324825138
1164 0.6837954868192558
1165 0.6837954868192558
1166 0.6837954868192558
1167 0.6837954868192558
1168 1.9373660403198834
1169 1.9373660403198834
1170 1.9373660403198834
1171 1.9373660403198834
1172 1.0375030535342982
1173 1.0375030535342982
1174 1.0375030535342982
1175 1.0375030535342982
1176 2.3788767499448205
1177 2.3788767499448205
1178 2.3788767499448205
1179 2.3788767499448205
1180 1.537941593049865
1181 1.537941593049865
1182 2.332641739673497
1183 2.332641739673497
1184 2.332641739673497
1185 2.332641739673497
1186 2.9709935192272825
1187 2.9709935192272825
1188 2.9709935192272825
1189 2.9709935192272825
1190 1.7646651447196144
1191 1.7646651447196144
1192 1.7646651447196144
1193 1.7646651447196144
1194 2.2686704363473327
1195 2.2686704363473327
1196 2.2686704363473327
1197 2.2686704363473327
1198 2.491320308913316
1199 2.491320308913316
1200 2.491320308913316
1201 2.491320308913316
1202 2.089631164412772
1203 2.089631164412772
1204 2.089631164412772
1205 2.089631164412772
1206 3.1053662400942517
1207 3.1053662400942517
1208 3.1053662400942517
1209 3.1053662400942517
1210 2.5575130123652547
1211 2.5575130123652547
1212 2.5575130123652547
1213 2.5575130123652547
1214 2.418924029886459
1215 2.418924029886459
1216 2.418924029886459
1217 2.418924029886459
1218 2.8505501109259734
1219 2.8505501109259734
1220 2.8505501109259734
1221 0.9850108830400923
1222 0.9850108830400923
1223 0.9850108830400923
1224 0.9850108830400923
1225 1.0147303919558803
1226 1.0147303919558803
1227 1.0147303919558803
1228 1.0147303919558803
1229 0.8460853448705086
1230 0.8460853448705086
1231 0.8460853448705086
1232 0.8460853448705086
1233 0.7427996262061094
1234 0.7427996262061094
1235 0.7427996262061094
1236 0.7427996262061094
1237 1.1918302919932768
1238 1.1918302919932768
1239 1.1918302919932768
1240 1.1918302919932768
1241 5.3458990008679885
1242 5.3458990008679885
1243 5.3458990008679885
1244 5.3458990008679885
1245 4.336168910855065
1246 4.336168910855065
1247 4.336168910855065
1248 4.336168910855065
1249 4.3975896620248704
1250 4.3975896620248704
1251 4.3975896620248704
1252 4.3975896620248704
1253 6.33616583950192
1254 6.33616583950192
1255 6.33616583950192
1256 6.33616583950192
1257 2.87388280425611
1258 2.87388280425611
1259 2.87388280425611
1260 2.87388280425611
1261 3.225048663328342
1262 3.225048663328342
1263 3.225048663328342
1264 3.225048663328342
1265 3.603593612870895
1266 3.603593612870895
1267 3.603593612870895
1268 3.603593612870895
1269 1.4846561003294476
1270 1.4846561003294476
1271 1.4846561003294476
1272 1.4846561003294476
1273 2.1554457098429833
1274 2.1554457098429833
1275 2.1554457098429833
1276 2.1554457098429833
1277 6.105674223067963
1278 6.105674223067963
1279 6.105674223067963
1280 6.105674223067963
1281 1.2295670285545732
1282 1.2295670285545732
1283 1.2295670285545732
1284 1.2295670285545732
1285 2.262333304131074
1286 2.262333304131074
1287 2.262333304131074
1288 2.262333304131074
1289 4.503374922504643
1290 4.503374922504643
1291 4.503374922504643
1292 4.503374922504643
1293 2.4420800141314576
1294 2.4420800141314576
1295 2.4420800141314576
1296 2.4420800141314576
1297 6.417991892481671
1298 6.417991892481671
1299 6.417991892481671
1300 6.417991892481671
1301 2.2380602563454834
1302 2.2380602563454834
1303 2.2380602563454834
1304 2.2380602563454834
1305 6.325616294812125
1306 6.325616294812125
1307 6.325616294812125
1308 6.325616294812125
1309 2.4767934829026457
1310 2.4767934829026457
1311 2.4767934829026457
1312 2.4767934829026457
1313 5.360775997253111
1314 5.360775997253111
1315 5.360775997253111
1316 5.360775997253111
1317 2.229471838589432
1318 2.229471838589432
1319 2.229471838589432
1320 2.229471838589432
1321 5.732594749233029
1322 5.732594749233029
1323 5.732594749233029
1324 5.732594749233029
1325 5.032611954407962
1326 5.032611954407962
1327 5.032611954407962
1328 5.032611954407962
1329 1.6632672355013747
1330 1.6632672355013747
1331 1.6632672355013747
1332 1.6632672355013747
1333 3.7265612562626775
1334 3.7265612562626775
1335 3.7265612562626775
1336 3.7265612562626775
1337 3.5557131127207975
1338 1.763186610153409
1339 1.763186610153409
1340 1.763186610153409
1341 1.763186610153409
1342 2.7620420504240117
1343 2.7620420504240117
1344 2.7620420504240117
1345 2.7620420504240117
1346 1.067847504628298
1347 1.067847504628298
1348 1.067847504628298
1349 1.067847504628298
1350 1.5718143615117222
1351 1.5718143615117222
1352 1.5718143615117222
1353 1.5718143615117222
1354 1.3742707364284406
1355 1.3742707364284406
1356 1.3742707364284406
1357 1.3742707364284406
1358 3.3222116991081325
1359 3.3222116991081325
1360 3.3222116991081325
1361 3.3222116991081325
1362 0.4071880121581528
1363 0.4071880121581528
1364 0.4071880121581528
1365 2.95829063121998
1366 2.95829063121998
1367 2.95829063121998
1368 1.883965495388692
1369 1.883965495388692
1370 1.883965495388692
1371 1.883965495388692
1372 4.496516627912078
1373 4.496516627912078
1374 4.496516627912078
1375 4.496516627912078
1376 4.42491362846915
1377 0.5469244441192659
1378 0.5469244441192659
1379 0.5469244441192659
1380 0.5469244441192659
1381 0.597310518735529
1382 0.597310518735529
1383 0.597310518735529
1384 0.597310518735529
1385 0.5216813665372411
1386 0.5216813665372411
1387 0.5216813665372411
1388 0.5216813665372411
1389 1.212104951076678
1390 1.212104951076678
1391 1.212104951076678
1392 1.212104951076678
1393 0.7025612163342962
1394 0.7025612163342962
1395 0.7025612163342962
1396 0.7025612163342962
1397 0.9710200387033259
1398 0.9710200387033259
1399 0.9710200387033259
1400 0.9710200387033259
1401 0.8370906574786356
1402 0.8370906574786356
1403 0.8370906574786356
1404 0.8370906574786356
1405 0.24363991694578452
1406 0.24363991694578452
1407 0.24363991694578452
1408 0.24363991694578452
1409 1.0154580815885816
1410 1.0154580815885816
1411 1.0154580815885816
1412 1.0154580815885816
1413 0.7284870540555743
1414 0.7284870540555743
1415 0.7284870540555743
1416 0.7284870540555743
1417 0.3283268647453264
1418 0.3283268647453264
1419 0.3283268647453264
1420 0.3283268647453264
1421 0.5946506107382049
1422 0.5946506107382049
1423 0.5946506107382049
1424 0.5946506107382049
1425 0.7871958987230407
1426 0.7871958987230407
1427 0.7871958987230407
1428 0.7871958987230407
1429 0.8291674904047367
1430 0.8291674904047367
1431 0.8291674904047367
1432 0.8291674904047367
1433 0.5634743930142722
1434 0.5634743930142722
1435 1.290848748296068
1436 1.290848748296068
1437 1.290848748296068
1438 1.290848748296068
1439 3.5110755471701687
1440 3.5110755471701687
1441 3.5110755471701687
1442 3.5110755471701687
1443 2.5430846507589737
1444 2.5430846507589737
1445 2.5430846507589737
1446 2.5430846507589737
1447 2.5179413786647675
1448 2.5179413786647675
1449 2.5179413786647675
1450 2.5179413786647675
1451 2.151789287235199
1452 2.151789287235199
1453 2.151789287235199
1454 2.151789287235199
1455 2.4919907066321154
1456 2.4919907066321154
1457 2.4919907066321154
1458 2.4919907066321154
1459 2.513202508262995
1460 2.513202508262995
1461 2.513202508262995
1462 2.513202508262995
1463 2.582509783619704
1464 2.582509783619704
1465 2.582509783619704
1466 2.582509783619704
1467 2.6763748944701606
1468 2.6763748944701606
1469 2.6763748944701606
1470 2.6763748944701606
1471 1.701480833711936
1472 1.701480833711936
1473 1.701480833711936
1474 1.701480833711936
1475 2.5801976704357936
1476 0.7874639419365412
1477 0.7874639419365412
1478 0.7874639419365412
1479 0.7874639419365412
1480 0.8778704665052135
1481 0.8778704665052135
1482 0.8778704665052135
1483 0.8778704665052135
1484 0.7114396585590864
1485 0.7114396585590864
1486 0.7114396585590864
1487 0.7114396585590864
1488 0.6423518892985645
1489 0.6423518892985645
1490 0.6423518892985645
1491 0.6423518892985645
1492 0.5843833546843653
1493 0.5843833546843653
1494 0.5843833546843653
1495 0.5843833546843653
1496 0.5043116538519183
1497 0.5043116538519183
1498 0.5043116538519183
1499 0.5043116538519183
1500 0.5882513532631124
1501 0.5882513532631124
1502 0.5882513532631124
1503 0.5882513532631124
1504 0.42718586448757057
1505 0.42718586448757057
1506 0.42718586448757057
1507 0.42718586448757057
1508 0.5249891492154511
1509 0.5249891492154511
1510 0.5249891492154511
1511 0.5249891492154511
1512 1.0010177997848173
1513 1.0010177997848173
1514 1.0010177997848173
1515 1.0010177997848173
1516 0.7001391508770032
1517 0.7001391508770032
1518 0.7001391508770032
1519 0.7001391508770032
1520 0.3460456899100105
1521 0.3460456899100105
1522 0.3460456899100105
1523 0.3460456899100105
1524 0.4697674298914546
1525 0.4697674298914546
1526 0.4697674298914546
1527 0.4697674298914546
1528 0.41819187868369523
1529 0.41819187868369523
1530 0.41819187868369523
1531 0.41819187868369523
1532 0.8633267857413169
1533 0.8633267857413169
1534 0.8633267857413169
1535 0.8633267857413169
1536 1.029609798593285
1537 1.029609798593285
1538 1.029609798593285
1539 1.029609798593285
1540 4.863267011932098
1541 4.863267011932098
1542 4.863267011932098
1543 4.863267011932098
1544 2.9658034468617727
1545 2.9658034468617727
1546 2.9658034468617727
1547 2.9658034468617727
1548 1.4230376638977276
1549 1.4230376638977276
1550 1.4230376638977276
1551 1.4230376638977276
1552 2.992246385565111
1553 2.992246385565111
1554 2.992246385565111
1555 2.992246385565111
1556 3.225683444107588
1557 3.225683444107588
1558 3.225683444107588
1559 3.225683444107588
1560 2.3875961516894377
1561 2.3875961516894377
1562 2.3875961516894377
1563 2.3875961516894377
1564 4.089235398035738
1565 4.089235398035738
1566 4.089235398035738
1567 4.089235398035738
1568 2.9207998286201766
1569 2.9207998286201766
1570 2.9207998286201766
1571 2.9207998286201766
1572 3.240322888508009
1573 3.240322888508009
1574 3.240322888508009
1575 3.240322888508009
1576 3.737297712987001
1577 3.737297712987001
1578 3.737297712987001
1579 3.737297712987001
1580 1.7789615075294918
1581 1.7789615075294918
1582 1.7789615075294918
1583 1.7789615075294918
1584 3.0201953343816452
1585 3.0201953343816452
1586 3.0201953343816452
1587 3.0201953343816452
1588 3.2230623913889893
1589 3.2230623913889893
1590 3.2230623913889893
1591 3.2230623913889893
1592 2.6892329560998194
1593 2.6892329560998194
1594 2.6892329560998194
1595 2.6892329560998194
1596 2.160450473889644
1597 2.160450473889644
1598 2.160450473889644
1599 2.160450473889644
1600 2.6872286653891613
1601 2.6872286653891613
1602 2.6872286653891613
1603 2.6872286653891613
1604 2.3788742061238026
1605 2.3788742061238026
1606 2.3788742061238026
1607 2.3788742061238026
1608 2.4840819068279516
1609 2.4840819068279516
1610 2.4840819068279516
1611 2.4840819068279516
1612 3.289597939954907
1613 3.289597939954907
1614 3.289597939954907
1615 3.289597939954907
1616 2.8822611220154255
1617 2.8822611220154255
1618 2.8822611220154255
1619 2.8822611220154255
1620 2.525511446488629
1621 2.525511446488629
1622 2.525511446488629
1623 2.525511446488629
1624 0.7738799497635469
1625 0.7738799497635469
1626 0.7738799497635469
1627 0.7738799497635469
1628 1.8277645108689513
1629 1.8277645108689513
1630 1.8277645108689513
1631 1.8277645108689513
1632 1.9042740724973921
1633 1.9042740724973921
1634 1.9042740724973921
1635 1.9042740724973921
1636 3.0352616727848156
1637 3.0352616727848156
1638 3.0352616727848156
1639 3.0352616727848156
1640 2.088977290563471
1641 2.088977290563471
1642 2.088977290563471
1643 2.088977290563471
1644 3.6018235236172904
1645 3.6018235236172904
1646 3.6018235236172904
1647 3.6018235236172904
1648 3.25832403761829
1649 3.25832403761829
1650 3.25832403761829
1651 3.25832403761829
1652 1.7238944690549447
1653 1.7238944690549447
1654 1.7238944690549447
1655 1.7238944690549447
1656 1.3358109767184096
1657 1.3358109767184096
1658 1.3358109767184096
1659 1.3358109767184096
1660 3.022928649151085
1661 3.022928649151085
1662 3.022928649151085
1663 3.022928649151085
1664 4.866355824876312
1665 4.866355824876312
1666 4.866355824876312
1667 4.866355824876312
1668 3.8168907015247173
1669 3.8168907015247173
1670 3.8168907015247173
1671 3.8168907015247173
1672 3.089574089295874
1673 2.181142351611822
1674 2.181142351611822
1675 1.7870096445633725
1676 1.7870096445633725
1677 4.181813383735141
1678 4.181813383735141
1679 3.871852457387493
1680 3.871852457387493
1681 3.871852457387493
1682 3.871852457387493
1683 2.9952522354465816
1684 2.9952522354465816
1685 2.9952522354465816
1686 2.9952522354465816
1687 2.72067834765838
1688 2.72067834765838
1689 2.72067834765838
1690 2.72067834765838
1691 3.093797123806805
1692 3.093797123806805
1693 3.093797123806805
1694 3.093797123806805
1695 2.4237074426528933
1696 2.4237074426528933
1697 2.4237074426528933
1698 2.4237074426528933
1699 2.1940500356416006
1700 2.1940500356416006
1701 2.1940500356416006
1702 2.1940500356416006
1703 2.262061045930297
1704 2.262061045930297
1705 2.262061045930297
1706 2.262061045930297
1707 2.908669543107931
1708 2.908669543107931
1709 2.908669543107931
1710 2.908669543107931
1711 1.258322088143495
1712 1.258322088143495
1713 1.258322088143495
1714 2.287618488910102
1715 2.287618488910102
1716 2.287618488910102
1717 2.287618488910102
1718 1.976277941772308
1719 1.976277941772308
1720 1.976277941772308
1721 1.976277941772308
1722 6.563878668119262
1723 6.563878668119262
1724 6.563878668119262
1725 6.563878668119262
1726 4.998166024133893
1727 4.998166024133893
1728 4.998166024133893
1729 4.998166024133893
1730 1.7524489771634466
1731 1.7524489771634466
1732 1.7524489771634466
1733 2.817980216969135
1734 2.817980216969135
1735 2.817980216969135
1736 2.817980216969135
1737 1.102760826496732
1738 1.102760826496732
1739 1.102760826496732
1740 1.102760826496732
1741 1.523081740452667
1742 1.523081740452667
1743 1.523081740452667
1744 1.523081740452667
1745 0.76979191478455
1746 0.76979191478455
1747 0.76979191478455
1748 0.76979191478455
1749 2.3750809133772792
1750 2.3750809133772792
1751 2.3750809133772792
1752 2.3750809133772792
1753 1.9888950011100932
1754 1.9888950011100932
1755 1.9888950011100932
1756 1.9888950011100932
1757 1.7261474657446183
1758 1.7261474657446183
1759 1.7261474657446183
1760 1.7261474657446183
1761 0.4863749054873925
1762 0.4863749054873925
1763 0.4863749054873925
1764 0.4863749054873925
1765 1.2446882420548804
1766 1.2446882420548804
1767 1.2446882420548804
1768 0.2363327835764658
1769 0.2363327835764658
1770 0.2363327835764658
1771 0.2363327835764658
1772 0.30250470064858703
1773 0.30250470064858703
1774 0.30250470064858703
1775 0.30250470064858703
1776 0.28927305837692996
1777 0.28927305837692996
1778 0.28927305837692996
1779 0.28927305837692996
1780 0.2970272708060787
1781 0.2970272708060787
1782 0.2970272708060787
1783 0.2970272708060787
1784 0.16408209004653085
1785 0.16408209004653085
1786 0.16408209004653085
1787 0.16408209004653085
1788 0.16546047099712013
1789 0.16546047099712013
1790 0.16546047099712013
1791 0.16546047099712013
1792 0.2767600065487956
1793 0.2767600065487956
1794 0.2767600065487956
1795 0.2767600065487956
1796 0.19964917409519378
1797 0.19964917409519378
1798 0.19964917409519378
1799 0.19964917409519378
1800 0.22383863633008588
1801 0.22383863633008588
1802 0.22383863633008588
1803 0.22383863633008588
1804 0.11715578712172989
1805 0.11715578712172989
1806 0.11715578712172989
1807 0.11715578712172989
1808 0.2234055899505032
1809 0.2234055899505032
1810 0.2234055899505032
1811 0.2234055899505032
1812 1.1262591662331294
1813 1.1262591662331294
1814 1.1262591662331294
1815 1.1262591662331294
1816 0.592965393113563
1817 0.592965393113563
1818 0.592965393113563
1819 0.592965393113563
1820 0.8071465245707823
1821 0.8071465245707823
1822 0.8071465245707823
1823 0.8071465245707823
1824 1.954901907838433
1825 1.954901907838433
1826 1.954901907838433
1827 1.954901907838433
1828 1.716976104295485
1829 1.716976104295485
1830 1.716976104295485
1831 1.716976104295485
1832 0.7064273503824179
1833 0.7064273503824179
1834 0.7064273503824179
1835 0.7064273503824179
1836 1.4540958853885237
1837 1.4540958853885237
1838 1.4540958853885237
1839 1.4540958853885237
1840 1.3413162046648792
1841 1.3413162046648792
1842 1.3413162046648792
1843 1.3413162046648792
1844 3.1401724693444537
1845 3.1401724693444537
1846 3.1401724693444537
1847 3.1401724693444537
1848 0.9720739899917263
1849 0.9720739899917263
1850 0.9720739899917263
1851 0.9720739899917263
1852 1.5861874769603825
1853 1.5861874769603825
1854 1.5861874769603825
1855 1.5861874769603825
1856 1.328612618067917
1857 1.328612618067917
1858 1.328612618067917
1859 1.328612618067917
1860 1.745146326685873
1861 1.745146326685873
1862 1.745146326685873
1863 1.745146326685873
1864 2.1617795255985452
1865 2.1617795255985452
1866 2.1617795255985452
1867 2.1617795255985452
1868 2.3267348580424803
1869 2.3267348580424803
1870 2.3267348580424803
1871 2.3267348580424803
1872 2.112331670116258
1873 2.112331670116258
1874 2.112331670116258
1875 2.112331670116258
1876 1.9752812139445408
1877 1.9752812139445408
1878 1.9752812139445408
1879 1.9752812139445408
1880 0.8495435455578852
1881 0.8495435455578852
1882 0.8495435455578852
1883 0.8495435455578852
1884 3.014386133770797
1885 3.014386133770797
1886 3.014386133770797
1887 3.014386133770797
1888 0.7328266140417128
1889 0.7328266140417128
1890 0.7328266140417128
1891 0.7328266140417128
1892 2.165311751249835
1893 2.165311751249835
1894 2.165311751249835
1895 2.165311751249835
1896 0.9347184334872436
1897 0.9347184334872436
1898 0.9347184334872436
1899 0.9347184334872436
1900 1.8611486974672455
1901 1.8611486974672455
1902 1.8611486974672455
1903 1.8611486974672455
1904 1.3553173454400462
1905 1.3553173454400462
1906 1.3553173454400462
1907 1.3553173454400462
1908 1.6336493770342269
1909 1.6336493770342269
1910 1.6336493770342269
1911 1.6336493770342269
1912 2.2152426917345793
1913 2.2152426917345793
1914 2.2152426917345793
1915 2.2152426917345793
1916 2.3211296753203796
1917 2.3211296753203796
1918 2.3211296753203796
1919 2.3211296753203796
1920 3.4647748832593654
1921 3.4647748832593654
1922 3.4647748832593654
1923 3.4647748832593654
1924 3.055586819215784
1925 3.055586819215784
1926 3.055586819215784
1927 3.055586819215784
1928 1.8068948136210783
1929 2.3767348815628844
1930 1.7189882078936423
1931 1.7189882078936423
1932 1.7189882078936423
1933 1.7189882078936423
1934 2.9377941380606147
1935 2.9377941380606147
1936 2.9377941380606147
1937 2.9377941380606147
1938 2.3904699317918037
1939 2.3904699317918037
1940 2.3904699317918037
1941 2.3904699317918037
1942 2.3954061816142724
1943 2.3954061816142724
1944 2.3954061816142724
1945 2.3954061816142724
1946 4.620319052129783
1947 4.620319052129783
1948 4.620319052129783
1949 4.620319052129783
1950 4.190441058782985
1951 4.190441058782985
1952 4.190441058782985
1953 4.190441058782985
1954 3.8351233309198327
1955 3.8351233309198327
1956 3.8351233309198327
1957 3.8351233309198327
1958 0.6901685980418923
1959 0.6901685980418923
1960 0.6901685980418923
1961 0.6901685980418923
1962 2.63776652624097
1963 2.63776652624097
1964 3.537374050282846
1965 0.13055153324073465
1966 0.13055153324073465
1967 0.13055153324073465
1968 0.13055153324073465
1969 0.11070561701169578
1970 0.11070561701169578
1971 0.11070561701169578
1972 0.11070561701169578
1973 0.24708998420706654
1974 0.24708998420706654
1975 0.24708998420706654
1976 0.24708998420706654
1977 0.1751190858966354
1978 0.1751190858966354
1979 0.1751190858966354
1980 0.1751190858966354
1981 0.1913478505641562
1982 0.1913478505641562
1983 0.1913478505641562
1984 0.1913478505641562
1985 0.3023204425080409
1986 0.3023204425080409
1987 0.3023204425080409
1988 0.3023204425080409
1989 2.5928366354388586
1990 2.5928366354388586
1991 2.5928366354388586
1992 2.5928366354388586
1993 2.5284562699137796
1994 2.5284562699137796
1995 1.0342846995654935
1996 1.0342846995654935
1997 1.0342846995654935
1998 1.0342846995654935
1999 3.207980164055538
