0 3.244572209409983
1 3.244572209409983
2 5.324883181076392
3 5.324883181076392
4 3.029865505316631
5 3.029865505316631
6 7.372158024254519
7 7.372158024254519
8 5.208590522566377
9 5.208590522566377
10 4.533634774465549
11 4.533634774465549
12 5.694500935905012
13 5.694500935905012
14 2.843949686999448
15 2.843949686999448
16 3.6264378380408835
17 3.6264378380408835
18 2.6066390226894818
19 2.6066390226894818
20 2.5663603962906105
21 2.5663603962906105
22 2.9750935993954264
23 2.9750935993954264
24 5.60106117088698
25 5.60106117088698
26 3.796421187834812
27 3.796421187834812
28 4.436627249725284
29 4.436627249725284
30 3.830137279555652
31 3.830137279555652
32 3.9136800576480857
33 3.9136800576480857
34 3.9815978160766035
35 3.9815978160766035
36 2.9777321945082047
37 2.9777321945082047
38 5.907261190925499
39 5.907261190925499
40 6.0411727076223
41 6.0411727076223
42 3.5429938153229217
43 3.5429938153229217
44 2.816982910885195
45 2.421306039051822
46 2.421306039051822
47 2.607838043372436
48 2.607838043372436
49 0.8812511188467171
50 0.8812511188467171
51 2.4507915163305447
52 2.4507915163305447
53 2.332743565375737
54 2.332743565375737
55 2.2445011614200014
56 2.2445011614200014
57 1.9780564722416423
58 1.9780564722416423
59 2.339983723414053
60 2.339983723414053
61 2.162965070432646
62 2.162965070432646
63 1.4161863039754607
64 1.4161863039754607
65 2.1411236775299525
66 2.1411236775299525
67 0.9791294678823446
68 0.9791294678823446
69 2.1896660601691638
70 2.1896660601691638
71 0.76984132551645
72 0.76984132551645
73 2.224375217703378
74 2.224375217703378
75 2.126694839000772
76 2.126694839000772
77 1.60090083277337
78 1.60090083277337
79 2.664052986025467
80 2.664052986025467
81 3.1846883453508488
82 3.1846883453508488
83 0.8816193395160812
84 0.8816193395160812
85 0.9187192756827101
86 0.9187192756827101
87 2.620539212674681
88 2.620539212674681
89 2.5459430066104707
90 2.5459430066104707
91 2.501689318291136
92 2.501689318291136
93 1.900571915413203
94 1.900571915413203
95 2.449433939680177
96 2.449433939680177
97 2.727851378352093
98 2.727851378352093
99 2.226692738149868
100 2.226692738149868
101 1.5921439388381722
102 1.5921439388381722
103 0.8683714988977862
104 0.8683714988977862
105 1.8775220801644696
106 1.8775220801644696
107 2.0608432978374718
108 2.0608432978374718
109 2.5588907304080455
110 2.5588907304080455
111 1.9036834475137416
112 1.9036834475137416
113 2.1150158136878168
114 2.1150158136878168
115 1.8233947894520055
116 1.8233947894520055
117 1.1259408968014146
118 1.1259408968014146
119 1.6798831786932387
120 1.6798831786932387
121 1.0229443704177101
122 1.0229443704177101
123 1.1837654602145746
124 1.1837654602145746
125 1.9056606287543705
126 1.9056606287543705
127 1.3404964735565397
128 1.3404964735565397
129 2.2090347460320494
130 2.2090347460320494
131 1.4917225496135467
132 1.4917225496135467
133 1.9207318227538333
134 1.9207318227538333
135 1.523702331619715
136 1.523702331619715
137 2.428746486088833
138 2.428746486088833
139 1.519604739419506
140 1.519604739419506
141 2.3331686201800017
142 2.3331686201800017
143 1.4527384579354308
144 1.4527384579354308
145 1.0562468427713965
146 1.0562468427713965
147 1.955579620189427
148 1.955579620189427
149 0.9989067969872042
150 0.9989067969872042
151 1.9083107713571221
152 1.9083107713571221
153 1.016213420970984
154 1.016213420970984
155 2.6711083489052934
156 2.6711083489052934
157 2.019506822046273
158 2.019506822046273
159 2.128593396404451
160 2.128593396404451
161 1.8086660534657044
162 1.8086660534657044
163 1.4346495962700248
164 1.4346495962700248
165 1.5449325085700931
166 1.5449325085700931
167 2.5055949036771232
168 2.5055949036771232
169 2.2264724579094155
170 2.2264724579094155
171 2.3938932622455793
172 2.3938932622455793
173 1.7843449914452756
174 1.7843449914452756
175 1.607539994738165
176 1.607539994738165
177 1.7600953229113945
178 1.7600953229113945
179 2.0726119849880527
180 2.0726119849880527
181 2.0518761834668027
182 2.0518761834668027
183 1.8631146945015526
184 1.8631146945015526
185 1.3696510655593128
186 1.3696510655593128
187 1.6560265489405774
188 1.6560265489405774
189 1.128342944380413
190 1.128342944380413
191 1.4394791795985518
192 1.4394791795985518
193 1.9098917454768363
194 1.9098917454768363
195 0.7732096422167967
196 0.7732096422167967
197 1.0423494721062736
198 4.25001079449142
199 4.25001079449142
200 3.333111956660278
201 3.333111956660278
202 4.102617716117561
203 4.102617716117561
204 4.835735931485457
205 4.835735931485457
206 3.6145566082828866
207 3.6145566082828866
208 4.945613980864773
209 4.945613980864773
210 6.265641666235492
211 6.265641666235492
212 3.22162064754365
213 3.22162064754365
214 3.121233455612922
215 3.121233455612922
216 3.8899656512290024
217 3.8899656512290024
218 2.1455773430593936
219 2.1455773430593936
220 3.2303613366045214
221 3.2303613366045214
222 2.2815050596069684
223 2.2815050596069684
224 4.552450348045107
225 4.552450348045107
226 2.1625076908375886
227 2.1625076908375886
228 3.4583818354196825
229 3.4583818354196825
230 2.7908782926869
231 2.7908782926869
232 2.8528707156692272
233 2.8528707156692272
234 4.517999234124189
235 4.517999234124189
236 2.3734558538373447
237 2.3734558538373447
238 4.170790820686842
239 4.170790820686842
240 5.637921756431487
241 5.637921756431487
242 3.2768234611570706
243 3.2768234611570706
244 2.671673093270922
245 2.671673093270922
246 4.376503789237084
247 4.376503789237084
248 4.876320339505359
249 4.876320339505359
250 2.3960601737339062
251 2.3960601737339062
252 6.094195547621112
253 6.094195547621112
254 3.887709941687832
255 3.887709941687832
256 3.862682652345181
257 3.862682652345181
258 3.3059781864212603
259 3.3059781864212603
260 3.608074594047738
261 3.608074594047738
262 4.642778532860745
263 4.642778532860745
264 5.422052014449801
265 5.422052014449801
266 3.6750832988069226
267 3.6750832988069226
268 3.2288308174522307
269 3.2288308174522307
270 2.449985401551371
271 2.449985401551371
272 3.533242361591713
273 3.533242361591713
274 4.330967809548292
275 4.330967809548292
276 4.354353742896063
277 4.354353742896063
278 4.325175859261666
279 4.325175859261666
280 5.609745010809503
281 5.609745010809503
282 3.573249583213135
283 3.573249583213135
284 2.957427348593923
285 2.957427348593923
286 5.624286779648736
287 5.624286779648736
288 4.530483406289673
289 4.530483406289673
290 5.241634656653751
291 5.241634656653751
292 3.566830643044963
293 3.566830643044963
294 3.1505252168873903
295 3.1505252168873903
296 1.255299453532828
297 1.255299453532828
298 1.5573490608927456
299 1.5573490608927456
300 1.4764316347974327
301 1.4764316347974327
302 1.6336625382735237
303 1.6336625382735237
304 1.532812371701647
305 1.532812371701647
306 1.3973519172883957
307 1.3973519172883957
308 1.5624521325603293
309 1.5624521325603293
310 1.5948839874766496
311 1.5948839874766496
312 1.012519940920143
313 1.012519940920143
314 1.4390248385049187
315 1.4390248385049187
316 1.587308689080039
317 1.587308689080039
318 1.026887913834374
319 1.026887913834374
320 1.060565896546713
321 1.060565896546713
322 1.1625358034997095
323 1.1625358034997095
324 1.0662954529774247
325 1.0662954529774247
326 1.0891185065138504
327 1.0891185065138504
328 0.8788461384153663
329 0.8788461384153663
330 0.9473546149256761
331 0.9473546149256761
332 0.5904055407925454
333 0.5904055407925454
334 0.9929991593330044
335 0.9929991593330044
336 1.1964493297083267
337 1.1964493297083267
338 1.4217808890157069
339 1.4217808890157069
340 0.921509181380114
341 0.921509181380114
342 0.8205557536761503
343 0.8205557536761503
344 0.9000124204247772
345 0.9000124204247772
346 0.93896418376787
347 0.93896418376787
348 1.1500713958692834
349 1.1500713958692834
350 1.3609009531029015
351 1.3609009531029015
352 1.3321779794804858
353 1.3321779794804858
354 2.5475218415292993
355 2.5475218415292993
356 1.3418419598437772
357 1.3418419598437772
358 4.217877005736609
359 4.217877005736609
360 2.421608409478543
361 2.421608409478543
362 2.7162310284892244
363 2.7162310284892244
364 2.980772094395332
365 2.980772094395332
366 0.8193241449671396
367 0.8193241449671396
368 1.582244612129585
369 1.582244612129585
370 3.8281404295245682
371 3.8281404295245682
372 1.7806282474858108
373 1.7806282474858108
374 1.7936567120986406
375 1.7936567120986406
376 2.218630236862977
377 2.218630236862977
378 3.3128236437401224
379 3.3128236437401224
380 2.869875271378736
381 2.869875271378736
382 1.739789047973118
383 1.739789047973118
384 1.1454921483689864
385 1.1454921483689864
386 3.157494574335053
387 3.157494574335053
388 1.380511226732582
389 1.380511226732582
390 2.3789027320602996
391 2.3789027320602996
392 1.6436373924510053
393 1.6436373924510053
394 1.2749781896612133
395 1.2749781896612133
396 1.9561203320426783
397 1.9561203320426783
398 2.4265586545334195
399 2.4265586545334195
400 2.264902751816829
401 2.264902751816829
402 2.3233660639740807
403 2.3233660639740807
404 1.3001848199850536
405 1.3001848199850536
406 2.8864007304858643
407 2.8864007304858643
408 1.2501907162986283
409 1.2501907162986283
410 2.678079690821922
411 2.678079690821922
412 1.3429396671364147
413 1.3429396671364147
414 2.129360712883489
415 2.129360712883489
416 2.959116659920162
417 2.959116659920162
418 3.68592954182332
419 3.68592954182332
420 2.895375298070893
421 2.895375298070893
422 2.6691690458923336
423 2.6691690458923336
424 1.3701032107219953
425 1.3701032107219953
426 2.7386380162583395
427 2.7386380162583395
428 2.8512468556948303
429 2.8512468556948303
430 2.9336388894791376
431 2.9336388894791376
432 3.5696006274341245
433 3.5696006274341245
434 1.9916922676008053
435 1.9916922676008053
436 2.9338030348870685
437 2.9338030348870685
438 3.3098970896695117
439 3.3098970896695117
440 2.0260380560346265
441 2.0260380560346265
442 4.458210756048456
443 4.458210756048456
444 2.5301075747348145
445 2.5301075747348145
446 3.260837024418208
447 3.260837024418208
448 2.8669041113765803
449 2.8669041113765803
450 2.9571001289566006
451 2.9571001289566006
452 3.399449766139812
453 3.399449766139812
454 2.9504279992324967
455 2.9504279992324967
456 1.7350921115863605
457 1.7350921115863605
458 2.8040776574952253
459 2.8040776574952253
460 2.294045007334029
461 2.294045007334029
462 3.2388453070278085
463 3.2388453070278085
464 3.3161699538493234
465 3.3161699538493234
466 2.3830474404913073
467 2.3830474404913073
468 2.8736344845106703
469 2.8736344845106703
470 3.9253827761375675
471 3.9253827761375675
472 4.252564570212451
473 4.252564570212451
474 3.4239189339899143
475 3.4239189339899143
476 3.9296159096575414
477 3.9296159096575414
478 2.9309365589097807
479 2.9309365589097807
480 3.5538033241370757
481 3.5538033241370757
482 2.5953037318940524
483 2.5953037318940524
484 1.97628464722793
485 1.97628464722793
486 2.539606167017054
487 2.539606167017054
488 3.1033421011071587
489 3.1033421011071587
490 2.8563736709622924
491 2.8563736709622924
492 2.652455471741047
493 2.652455471741047
494 3.460018523212182
495 3.460018523212182
496 4.068133406821936
497 4.068133406821936
498 3.0609198931497597
499 3.0609198931497597
500 3.2111217535792496
501 3.2111217535792496
502 1.7011387087606065
503 1.7011387087606065
504 3.793355710812064
505 3.793355710812064
506 3.004941838199468
507 3.004941838199468
508 4.425343329818122
509 4.425343329818122
510 3.7341689234249578
511 3.7341689234249578
512 3.5509599613504985
513 3.5509599613504985
514 3.5708914143192643
515 3.5708914143192643
516 3.447141393048261
517 3.447141393048261
518 2.2336389687580653
519 2.2336389687580653
520 3.007622839064771
521 3.007622839064771
522 2.2819073713740905
523 2.2819073713740905
524 2.3402865942351205
525 2.3402865942351205
526 1.4505806216363837
527 0.8383946661442848
528 0.8383946661442848
529 0.38848046384329527
530 0.38848046384329527
531 0.4785252805979884
532 0.4785252805979884
533 1.050032241833592
534 1.050032241833592
535 0.5232900113367481
536 0.5232900113367481
537 0.9590531968310999
538 0.9590531968310999
539 0.4251157001078579
540 0.4251157001078579
541 0.8243505885186639
542 0.8243505885186639
543 0.7068301442268162
544 0.7068301442268162
545 0.6900411055942463
546 0.6900411055942463
547 0.8088931706419449
548 0.8088931706419449
549 0.20451442780011336
550 0.20451442780011336
551 0.3774870548756344
552 0.3774870548756344
553 0.6188287914004624
554 0.6188287914004624
555 0.9510927906961388
556 0.9510927906961388
557 0.8127448589014313
558 0.8127448589014313
559 0.36074961341688133
560 0.36074961341688133
561 0.8367229787245728
562 0.8367229787245728
563 0.2649532536281042
564 0.2649532536281042
565 0.750949549114321
566 0.750949549114321
567 0.6335063557547318
568 0.6335063557547318
569 0.7230382528875033
570 0.7230382528875033
571 0.5707414582358227
572 0.5707414582358227
573 1.1193129107695645
574 1.1193129107695645
575 0.4996151251461073
576 0.4996151251461073
577 1.137877366115929
578 1.137877366115929
579 0.6193839475731348
580 0.6193839475731348
581 0.5459822109453814
582 0.5459822109453814
583 0.6300739733543961
584 0.6300739733543961
585 0.7409267642045083
586 0.7409267642045083
587 0.7561632737155262
588 0.7561632737155262
589 0.8985110064843143
590 0.8985110064843143
591 0.5866436460105582
592 0.5866436460105582
593 0.6757381258678992
594 0.6757381258678992
595 0.893443405127267
596 0.893443405127267
597 0.7053476284217294
598 0.7053476284217294
599 0.3231669767022736
600 0.3231669767022736
601 0.44496482437427065
602 0.44496482437427065
603 0.49961783376346103
604 0.49961783376346103
605 0.462302352515241
606 0.462302352515241
607 0.3972728758488073
608 0.3972728758488073
609 0.6646873643597544
610 0.6646873643597544
611 0.8361015690716131
612 0.8361015690716131
613 0.36969639570453205
614 0.36969639570453205
615 0.8556034063682383
616 0.8556034063682383
617 0.4446480187761185
618 0.4446480187761185
619 0.3288442657452375
620 0.3288442657452375
621 0.761481731349539
622 0.761481731349539
623 0.7433965232054259
624 0.7433965232054259
625 0.5552743468930287
626 0.5552743468930287
627 0.604947477981837
628 0.604947477981837
629 0.19752366565856572
630 0.19752366565856572
631 0.5405507636391036
632 0.5405507636391036
633 0.5356709431527248
634 0.5356709431527248
635 0.5250939616965081
636 0.5250939616965081
637 0.495070777781469
638 0.495070777781469
639 1.0850895448452988
640 1.0850895448452988
641 0.4425728621556754
642 0.4425728621556754
643 0.5796398269977262
644 0.5796398269977262
645 0.4944748618652252
646 0.4944748618652252
647 0.7331130197531622
648 0.5161643962550961
649 0.5161643962550961
650 5.155336615338083
651 5.155336615338083
652 2.405572413862791
653 2.405572413862791
654 2.212339524444218
655 2.212339524444218
656 2.6434706068292018
657 2.6434706068292018
658 3.0379350960090608
659 3.0379350960090608
660 3.689753483230514
661 3.689753483230514
662 2.8171788796762067
663 2.8171788796762067
664 3.6783039267065027
665 3.6783039267065027
666 4.478734337601567
667 4.478734337601567
668 3.88504004873033
669 3.88504004873033
670 4.847825359824824
671 4.847825359824824
672 2.565905653620285
673 2.565905653620285
674 4.4317134882452205
675 4.4317134882452205
676 3.459552027016283
677 3.459552027016283
678 2.701199199462052
679 2.701199199462052
680 3.0003245323237566
681 3.0003245323237566
682 4.375094510516381
683 4.375094510516381
684 3.8264420736908447
685 3.8264420736908447
686 3.5581319364341746
687 3.5581319364341746
688 4.710450561968821
689 4.710450561968821
690 5.741077171454361
691 5.741077171454361
692 1.7076242320409447
693 1.7076242320409447
694 2.513371864802915
695 2.513371864802915
696 4.628367880029731
697 4.628367880029731
698 3.4726774316216944
699 3.4726774316216944
700 3.0425526540361916
701 3.0425526540361916
702 3.5125048023624013
703 3.5125048023624013
704 1.2006201428914838
705 1.2006201428914838
706 2.9573094269579485
707 2.9573094269579485
708 3.481573826631422
709 3.481573826631422
710 3.008903624879529
711 3.008903624879529
712 3.0161697976330344
713 3.0161697976330344
714 4.238998765461601
715 4.238998765461601
716 3.996727459164321
717 3.996727459164321
718 4.2014932594604595
719 4.2014932594604595
720 2.573989087690638
721 2.573989087690638
722 1.0146074769695912
723 1.0146074769695912
724 3.795713118772219
725 3.795713118772219
726 4.017231381795595
727 4.017231381795595
728 4.966914943368622
729 4.966914943368622
730 5.030089136119296
731 5.030089136119296
732 3.7806542031978525
733 3.7806542031978525
734 3.3089988609815957
735 3.3089988609815957
736 2.3139573113638656
737 2.3139573113638656
738 3.2001808382745534
739 3.2001808382745534
740 3.0813137585348307
741 3.0813137585348307
742 2.1054832471927356
743 2.1054832471927356
744 2.5290834886825335
745 2.5290834886825335
746 2.107818146817229
747 2.107818146817229
748 3.845989706771773
749 3.845989706771773
750 3.440667704173564
751 3.440667704173564
752 1.9665128163776793
753 1.9665128163776793
754 3.706583240970343
755 3.706583240970343
756 2.4944122653247303
757 2.4944122653247303
758 2.6171575194566232
759 2.6171575194566232
760 2.6599170500986125
761 2.6599170500986125
762 3.8004542026520105
763 3.8004542026520105
764 4.824203702143793
765 4.824203702143793
766 2.8596985118743534
767 2.8596985118743534
768 3.3638486711138005
769 3.3638486711138005
770 2.843072651368422
771 2.843072651368422
772 1.8908021196256368
773 1.8908021196256368
774 3.8500215162408087
775 3.8500215162408087
776 3.3863749590441583
777 3.3863749590441583
778 5.110988897967639
779 5.110988897967639
780 3.3921761162223696
781 3.3921761162223696
782 3.0972099061098364
783 3.0972099061098364
784 3.5230772320889123
785 3.5230772320889123
786 4.0851840844247285
787 4.0851840844247285
788 3.422504657728946
789 3.422504657728946
790 4.880408434717071
791 4.880408434717071
792 3.7559162609680934
793 3.7559162609680934
794 4.330642166668948
795 4.330642166668948
796 3.8654210628525134
797 3.8654210628525134
798 3.5078050216057446
799 3.5078050216057446
800 3.4517090074742143
801 3.4517090074742143
802 1.7178440318424286
803 1.7178440318424286
804 2.7290447628821237
805 2.7290447628821237
806 3.490722609647819
807 3.490722609647819
808 2.964520317387212
809 2.964520317387212
810 3.0870983424176472
811 3.0870983424176472
812 3.3410316034061185
813 3.3410316034061185
814 3.4868218583453383
815 3.4868218583453383
816 3.5490504428705383
817 3.5490504428705383
818 3.8201189179620147
819 3.8201189179620147
820 6.160697629859831
821 6.160697629859831
822 3.124183545002022
823 3.124183545002022
824 4.654854653992564
825 4.654854653992564
826 4.03662919024941
827 4.03662919024941
828 4.602851223787536
829 4.602851223787536
830 4.0350021063762895
831 4.0350021063762895
832 2.1646321375870414
833 2.1646321375870414
834 2.3362825114882004
835 2.3362825114882004
836 3.9141151492362605
837 3.9141151492362605
838 3.1016796939745226
839 3.1016796939745226
840 3.315217168959491
841 3.315217168959491
842 3.433599348680561
843 3.433599348680561
844 3.1069581409434015
845 3.1069581409434015
846 4.718143099565722
847 4.718143099565722
848 3.589676738774083
849 3.589676738774083
850 2.105206752166425
851 2.105206752166425
852 4.613744576158647
853 4.613744576158647
854 2.9518354068689225
855 2.9518354068689225
856 4.282522818403661
857 4.282522818403661
858 4.4593084202908
859 4.4593084202908
860 3.431936831611431
861 3.431936831611431
862 0.34947009577260113
863 0.34947009577260113
864 2.8500940370103276
865 2.8500940370103276
866 3.9617268895082285
867 3.9617268895082285
868 2.7707324064484316
869 2.7707324064484316
870 3.723997721003269
871 3.723997721003269
872 2.222946528123413
873 2.222946528123413
874 2.0443939137178493
875 2.0443939137178493
876 3.7060897454089146
877 3.7060897454089146
878 4.452979125752042
879 4.452979125752042
880 1.8474178111188246
881 1.8474178111188246
882 3.6624836735859474
883 3.6624836735859474
884 2.218251626536195
885 2.218251626536195
886 3.803322091163169
887 3.803322091163169
888 1.8638073291361075
889 1.8638073291361075
890 4.666989447637066
891 4.666989447637066
892 4.13746000084802
893 4.13746000084802
894 4.002592409104976
895 4.002592409104976
896 3.6354865730301893
897 3.6354865730301893
898 5.449697301694259
899 5.449697301694259
900 3.028932339017063
901 3.028932339017063
902 3.9743629360064365
903 3.9743629360064365
904 0.8268996226736864
905 0.8268996226736864
906 3.198459505775377
907 3.198459505775377
908 3.129310699489764
909 3.129310699489764
910 3.0493682871936842
911 3.0493682871936842
912 3.2925824277437834
913 3.2925824277437834
914 2.1556416354944337
915 2.1556416354944337
916 2.402847834227542
917 2.402847834227542
918 3.3481408652922573
919 3.3481408652922573
920 4.111600823204413
921 4.111600823204413
922 1.4655454033583755
923 1.4655454033583755
924 3.679737512367987
925 3.679737512367987
926 3.026050149553305
927 3.026050149553305
928 2.049064823294855
929 2.049064823294855
930 1.459545816367759
931 1.459545816367759
932 3.140710650594881
933 3.140710650594881
934 2.2614589115391093
935 2.2614589115391093
936 4.8797283939446086
937 4.8797283939446086
938 2.4774017053311006
939 2.4774017053311006
940 3.2346003524339775
941 3.2346003524339775
942 2.483769900381038
943 2.483769900381038
944 2.1139218893689504
945 2.1139218893689504
946 4.769282542936917
947 4.769282542936917
948 4.877488202642777
949 4.877488202642777
950 5.504165961773227
951 5.504165961773227
952 3.3527487865135353
953 3.3527487865135353
954 5.639502239480403
955 5.639502239480403
956 4.549193056554557
957 4.549193056554557
958 2.4499638590301043
959 2.4499638590301043
960 3.462689701994725
961 3.462689701994725
962 4.318930016212633
963 4.318930016212633
964 1.6877584367230096
965 1.6877584367230096
966 3.974999991427304
967 3.974999991427304
968 3.4932547418122524
969 3.4932547418122524
970 4.826741797810841
971 4.826741797810841
972 4.426212931409631
973 4.426212931409631
974 3.269260536145196
975 3.269260536145196
976 5.227551782403039
977 5.227551782403039
978 4.982865038126276
979 4.982865038126276
980 3.002061416031307
981 3.002061416031307
982 4.439279168639737
983 4.439279168639737
984 2.009174242243311
985 2.009174242243311
986 3.823921515727779
987 3.823921515727779
988 4.743162169066215
989 4.743162169066215
990 2.843725727458137
991 2.843725727458137
992 1.2160588224368531
993 1.2160588224368531
994 3.595795836062967
995 3.595795836062967
996 4.504580612653102
997 4.504580612653102
998 3.570483467348325
999 3.570483467348325
1000 2.960304712690348
1001 2.960304712690348
1002 2.313594457382334
1003 2.313594457382334
1004 2.9992285866455655
1005 2.9992285866455655
1006 3.5333721261834223
1007 3.5333721261834223
1008 2.758274542245538
1009 2.758274542245538
1010 2.9409668016103088
1011 2.9409668016103088
1012 4.540603924521709
1013 4.540603924521709
1014 3.8322213609933504
1015 3.8322213609933504
1016 2.1784303055784475
1017 2.1784303055784475
1018 4.273604272269303
1019 4.273604272269303
1020 3.5260700052130947
1021 3.5260700052130947
1022 2.3276152016173697
1023 2.3276152016173697
1024 3.87826316081493
1025 3.87826316081493
1026 3.150535805080638
1027 3.150535805080638
1028 3.119732416897599
1029 3.119732416897599
1030 2.187450849060175
1031 2.187450849060175
1032 4.236553734431782
1033 4.236553734431782
1034 4.493471306755243
1035 4.493471306755243
1036 4.3702968911082705
1037 4.3702968911082705
1038 2.321021739136448
1039 2.321021739136448
1040 3.2287474428414082
1041 3.2287474428414082
1042 3.004260938497783
1043 3.004260938497783
1044 3.054045079574705
1045 3.054045079574705
1046 2.7213975386569658
1047 2.7213975386569658
1048 1.6733949321004067
1049 1.6733949321004067
1050 2.8053243808577855
1051 2.8053243808577855
1052 1.3095564570352862
1053 1.3095564570352862
1054 4.900597148161509
1055 4.900597148161509
1056 3.888072978281013
1057 3.888072978281013
1058 2.5682274598820367
1059 2.5682274598820367
1060 2.5587941388141626
1061 2.5587941388141626
1062 3.2109567902145084
1063 3.2109567902145084
1064 2.3489192151869016
1065 2.3489192151869016
1066 3.1467803565072394
1067 3.1467803565072394
1068 3.1753918154375023
1069 3.1753918154375023
1070 1.8846906596111959
1071 1.8846906596111959
1072 2.488046558438465
1073 2.488046558438465
1074 3.1617262151181915
1075 3.1617262151181915
1076 4.248758094245377
1077 4.248758094245377
1078 2.7033378032337207
1079 2.7033378032337207
1080 1.1056266255043328
1081 1.1056266255043328
1082 3.622851056777201
1083 3.622851056777201
1084 3.4304028444895867
1085 3.4304028444895867
1086 3.303784358962841
1087 3.303784358962841
1088 3.6129380626125407
1089 3.6129380626125407
1090 3.4751111718376744
1091 3.4751111718376744
1092 4.550483627708315
1093 4.550483627708315
1094 3.725367330233686
1095 3.725367330233686
1096 2.7790741434530806
1097 2.7790741434530806
1098 5.106184197547754
1099 5.106184197547754
1100 4.463134654699186
1101 4.463134654699186
1102 3.183108531517027
1103 3.183108531517027
1104 3.2027177644457843
1105 3.2027177644457843
1106 2.7941313387143834
1107 2.7941313387143834
1108 4.520570789418429
1109 4.520570789418429
1110 2.808729803520798
1111 2.808729803520798
1112 3.202996540765625
1113 3.202996540765625
1114 3.740371449389345
1115 3.740371449389345
1116 2.6468571639383844
1117 2.6468571639383844
1118 4.37438568714836
1119 4.37438568714836
1120 3.9312902060388284
1121 3.9312902060388284
1122 2.7970282764971666
1123 2.7970282764971666
1124 3.1080667574989236
1125 3.1080667574989236
1126 4.294298856301757
1127 4.294298856301757
1128 2.2627890623481557
1129 2.2627890623481557
1130 1.9032314861248756
1131 1.9032314861248756
1132 4.344847125703996
1133 4.344847125703996
1134 3.780957596321311
1135 3.780957596321311
1136 3.0267228111436384
1137 3.0267228111436384
1138 4.292292427512709
1139 4.292292427512709
1140 4.177993634628148
1141 4.177993634628148
1142 2.334168569033366
1143 2.334168569033366
1144 3.070527369735872
1145 3.070527369735872
1146 1.8918785013816366
1147 1.8918785013816366
1148 2.919809669598859
1149 2.919809669598859
1150 2.8904971587823285
1151 2.8904971587823285
1152 3.471259769844816
1153 3.471259769844816
1154 1.9856273110635396
1155 1.9856273110635396
1156 2.653761705119732
1157 2.653761705119732
1158 3.9966527946481447
1159 3.9966527946481447
1160 4.47132318998229
1161 4.47132318998229
1162 4.410276840581897
1163 1.4463933980638621
1164 1.4463933980638621
1165 1.313262915861742
1166 1.313262915861742
1167 0.4567967793732516
1168 0.4567967793732516
1169 1.1986719062273021
1170 1.1986719062273021
1171 1.4953159428469918
1172 1.4953159428469918
1173 0.9601898535307503
1174 0.9601898535307503
1175 0.8058835265511854
1176 0.8058835265511854
1177 0.7203093278113506
1178 0.7203093278113506
1179 1.3334679178616948
1180 1.3334679178616948
1181 0.8541749941271496
1182 0.8541749941271496
1183 0.972940958038252
1184 0.972940958038252
1185 1.4659744534863852
1186 1.4659744534863852
1187 1.0333774923946224
1188 1.0333774923946224
1189 1.217991433212594
1190 1.217991433212594
1191 0.7639956918149244
1192 0.7639956918149244
1193 1.1306982956502627
1194 1.1306982956502627
1195 0.9857613117618262
1196 0.9857613117618262
1197 1.3451416406815941
1198 1.3451416406815941
1199 0.7611599895905148
1200 0.7611599895905148
1201 1.676730530101446
1202 1.676730530101446
1203 0.9175857008817176
1204 0.9175857008817176
1205 1.2923335987247848
1206 1.2923335987247848
1207 1.7703297829547648
1208 1.7703297829547648
1209 1.9490288169319845
1210 1.9490288169319845
1211 0.5725723623639349
1212 0.5725723623639349
1213 0.6673358295109582
1214 0.6673358295109582
1215 1.2327012523336118
1216 1.2327012523336118
1217 0.9400174773943455
1218 0.9400174773943455
1219 1.1750740147938588
1220 1.1750740147938588
1221 1.1351156923531645
1222 1.1351156923531645
1223 0.8753107413408263
1224 0.8753107413408263
1225 0.5212481599245383
1226 0.5212481599245383
1227 0.6013078223604733
1228 0.6013078223604733
1229 1.4361539674146673
1230 1.4361539674146673
1231 0.891488692528809
1232 0.891488692528809
1233 1.0651892575941857
1234 1.0651892575941857
1235 0.3471739910613296
1236 0.3471739910613296
1237 1.8664349977006176
1238 1.8664349977006176
1239 0.9396420620421179
1240 0.9396420620421179
1241 0.8304243782075256
1242 0.8304243782075256
1243 0.9679301803345344
1244 0.9679301803345344
1245 1.4561741381404643
1246 1.4561741381404643
1247 1.140866727594387
1248 1.140866727594387
1249 0.8287325642690824
1250 0.8287325642690824
1251 1.3652591052462113
1252 1.3652591052462113
1253 1.2444306745972809
1254 1.2444306745972809
1255 0.9944687350704088
1256 0.9944687350704088
1257 0.2643989634003726
1258 0.2643989634003726
1259 0.22159210788522016
1260 0.22159210788522016
1261 0.15761567564779963
1262 0.15761567564779963
1263 0.2628584103380363
1264 0.2628584103380363
1265 0.21471404103634292
1266 0.21471404103634292
1267 0.1436963544070381
1268 0.1436963544070381
1269 0.18774303932241646
1270 0.18774303932241646
1271 0.1
1272 0.1
1273 0.25816798693584786
1274 0.25816798693584786
1275 0.2874657816539615
1276 0.2874657816539615
1277 0.1417773515453667
1278 0.1417773515453667
1279 0.22296707407394878
1280 0.22296707407394878
1281 0.14075649859256212
1282 0.14075649859256212
1283 0.12472397333999286
1284 0.12472397333999286
1285 0.234875520021958
1286 0.234875520021958
1287 0.1822998082050779
1288 0.1822998082050779
1289 0.1
1290 0.1
1291 0.20954802152617832
1292 0.20954802152617832
1293 0.1529508713671136
1294 0.1529508713671136
1295 0.13311087608130023
1296 0.13311087608130023
1297 0.13894282013841253
1298 0.13894282013841253
1299 0.1
1300 0.1
1301 0.2742700747442731
1302 0.2742700747442731
1303 0.2258767655981927
1304 0.2258767655981927
1305 0.23554880205556725
1306 0.23554880205556725
1307 0.1
1308 0.1
1309 0.24496526868221694
1310 0.24496526868221694
1311 0.23633254079857924
1312 0.23633254079857924
1313 0.2836623319493976
1314 0.2836623319493976
1315 0.13624156370643914
1316 0.13624156370643914
1317 0.32091949383954343
1318 0.32091949383954343
1319 0.21649759725779358
1320 0.21649759725779358
1321 0.13232888842197515
1322 0.13232888842197515
1323 0.20581127645869698
1324 0.20581127645869698
1325 0.1709672803360059
1326 0.1709672803360059
1327 0.13782861980214933
1328 0.13782861980214933
1329 0.24976438236974222
1330 0.24976438236974222
1331 0.30141558284804054
1332 0.30141558284804054
1333 0.2616217208326723
1334 0.2616217208326723
1335 0.20195825484583907
1336 0.20195825484583907
1337 0.1543254952808481
1338 0.1543254952808481
1339 0.109262903817934
1340 0.109262903817934
1341 0.2795111445604517
1342 0.2795111445604517
1343 0.24741411636180202
1344 0.24741411636180202
1345 0.1
1346 0.1
1347 0.19496781818889006
1348 0.19496781818889006
1349 0.20533922479956446
1350 0.20533922479956446
1351 0.23032748293715877
1352 0.23032748293715877
1353 0.19744311458739675
1354 0.19744311458739675
1355 0.2900923030874256
1356 0.2900923030874256
1357 0.1223026037322102
1358 0.1223026037322102
1359 0.1919799773264916
1360 0.1919799773264916
1361 0.2298771269482931
1362 0.2298771269482931
1363 0.1628259143313174
1364 0.1628259143313174
1365 0.21162579965871886
1366 0.21162579965871886
1367 0.23464096229694073
1368 0.23464096229694073
1369 0.1547356584081519
1370 0.1547356584081519
1371 0.1232470810775297
1372 0.1232470810775297
1373 0.16105566480083866
1374 0.16105566480083866
1375 0.16828717057301285
1376 0.16828717057301285
1377 0.23191987090542954
1378 0.23191987090542954
1379 0.15405048136132138
1380 0.15405048136132138
1381 0.1579550642914508
1382 0.1579550642914508
1383 0.20737742801033524
1384 0.20737742801033524
1385 0.17595559959320856
1386 0.17595559959320856
1387 0.18191325721683374
1388 0.18191325721683374
1389 0.23254063862506294
1390 0.23254063862506294
1391 0.28175067964727746
1392 0.28175067964727746
1393 0.15681949686868576
1394 0.15681949686868576
1395 0.49861238834486366
1396 0.49861238834486366
1397 0.3968011536070647
1398 0.3968011536070647
1399 0.7824998796762151
1400 0.7824998796762151
1401 0.5782757224568309
1402 0.5782757224568309
1403 0.3904343837262089
1404 0.3904343837262089
1405 0.8598822926918939
1406 0.8598822926918939
1407 0.3553967962702882
1408 0.3553967962702882
1409 0.47167145578919034
1410 0.47167145578919034
1411 0.6827974570845646
1412 0.6827974570845646
1413 0.604640831934635
1414 0.604640831934635
1415 0.43932449122333783
1416 0.43932449122333783
1417 0.5580728721707382
1418 0.5580728721707382
1419 0.7987288561528887
1420 0.7987288561528887
1421 0.6661172312499323
1422 0.6661172312499323
1423 0.7162131536096317
1424 0.7162131536096317
1425 0.7199192269238215
1426 0.7199192269238215
1427 0.8318891949406211
1428 0.8318891949406211
1429 0.5545664043063612
1430 0.5545664043063612
1431 0.46363567455874566
1432 0.46363567455874566
1433 0.6958462217806288
1434 0.6958462217806288
1435 0.6267144226153575
1436 0.6267144226153575
1437 0.5742431808165808
1438 0.5742431808165808
1439 0.9988676695337276
1440 0.9988676695337276
1441 0.7728373558722385
1442 0.7728373558722385
1443 0.861964870711154
1444 0.861964870711154
1445 0.857191849575252
1446 0.857191849575252
1447 0.6315651154227503
1448 0.6315651154227503
1449 0.704342763103133
1450 4.054048839226436
1451 4.054048839226436
1452 4.177784983035842
1453 4.177784983035842
1454 1.9846824887301433
1455 1.9846824887301433
1456 3.2449541139338605
1457 3.2449541139338605
1458 1.9290441080629004
1459 1.9290441080629004
1460 3.6059540222057778
1461 3.6059540222057778
1462 2.7083973379176443
1463 2.7083973379176443
1464 2.6770038117196675
1465 2.6770038117196675
1466 3.328784845497081
1467 3.328784845497081
1468 4.497713927533166
1469 4.497713927533166
1470 4.485178352627176
1471 4.485178352627176
1472 2.5194161654005414
1473 2.5194161654005414
1474 5.48771330461969
1475 5.48771330461969
1476 4.1531508019931795
1477 4.1531508019931795
1478 4.085200307242596
1479 4.085200307242596
1480 5.502407636283942
1481 5.502407636283942
1482 4.015791304378269
1483 4.015791304378269
1484 3.9249299538548916
1485 3.9249299538548916
1486 5.03030490148332
1487 5.03030490148332
1488 4.095867069890256
1489 4.095867069890256
1490 4.108637041343941
1491 4.108637041343941
1492 4.025027337960439
1493 4.025027337960439
1494 4.119092676625735
1495 4.119092676625735
1496 2.9469689346225696
1497 2.9469689346225696
1498 3.3488666152980864
1499 3.3488666152980864
1500 2.89054858036007
1501 2.89054858036007
1502 5.7963466985359435
1503 5.7963466985359435
1504 5.1419889967165275
1505 5.1419889967165275
1506 4.027497999794387
1507 4.027497999794387
1508 5.036077417152484
1509 5.036077417152484
1510 3.3539989811493287
1511 3.3539989811493287
1512 3.5692193401297336
1513 3.5692193401297336
1514 4.43625427733674
1515 4.43625427733674
1516 2.61760000530451
1517 2.61760000530451
1518 6.088131685371259
1519 6.088131685371259
1520 3.344329620804503
1521 3.344329620804503
1522 5.75848460433032
1523 5.75848460433032
1524 3.4029432273334685
1525 3.4029432273334685
1526 4.454780764532608
1527 4.454780764532608
1528 4.214409757381773
1529 4.214409757381773
1530 4.8584884937427635
1531 4.8584884937427635
1532 3.809543061759413
1533 3.809543061759413
1534 3.4304434350109996
1535 3.4304434350109996
1536 3.197482888059917
1537 3.197482888059917
1538 3.9920477759854793
1539 3.9920477759854793
1540 3.010830445396966
1541 3.010830445396966
1542 4.0345378457243735
1543 4.0345378457243735
1544 2.9263030146981994
1545 2.9263030146981994
1546 4.749389167557583
1547 4.749389167557583
1548 3.688441063787694
1549 3.688441063787694
1550 4.7951487073136585
1551 4.7951487073136585
1552 4.3434490920162965
1553 4.3434490920162965
1554 4.1236303196941115
1555 4.1236303196941115
1556 4.06977075230656
1557 4.06977075230656
1558 3.220232769335639
1559 3.220232769335639
1560 5.28222996923997
1561 2.100058280276867
1562 2.100058280276867
1563 2.609694051019235
1564 2.609694051019235
1565 2.1373015163043494
1566 2.1373015163043494
1567 2.1137474398497935
1568 2.1137474398497935
1569 2.8574985083752527
1570 2.8574985083752527
1571 1.4933765998607453
1572 1.4933765998607453
1573 3.4008074725204085
1574 3.4008074725204085
1575 2.748061893887926
1576 2.748061893887926
1577 2.167682083543513
1578 2.167682083543513
1579 3.511911761157348
1580 3.511911761157348
1581 1.5664654955452542
1582 1.5664654955452542
1583 1.65253393716669
1584 1.65253393716669
1585 2.542207524839419
1586 2.542207524839419
1587 2.045997084861948
1588 2.045997084861948
1589 2.8344703986792115
1590 2.8344703986792115
1591 3.0628935412781093
1592 3.0628935412781093
1593 1.9782082852269232
1594 1.9782082852269232
1595 2.871384385445782
1596 2.871384385445782
1597 1.917253314812966
1598 1.917253314812966
1599 1.857881450008666
1600 1.857881450008666
1601 2.999420900613182
1602 2.999420900613182
1603 3.8101135958594803
1604 3.8101135958594803
1605 2.359691394925287
1606 0.3505837004217902
1607 0.3505837004217902
1608 0.527733663999491
1609 0.527733663999491
1610 0.7706585970440553
1611 0.7706585970440553
1612 0.4596354249444421
1613 0.4596354249444421
1614 0.8107329516157942
1615 0.8107329516157942
1616 0.43436238338843364
1617 0.43436238338843364
1618 0.5857871698518119
1619 0.5857871698518119
1620 0.5250730894987788
1621 0.5250730894987788
1622 0.8818741558742089
1623 0.8818741558742089
1624 0.9614486287531483
1625 0.9614486287531483
1626 0.4557503663105147
1627 0.4557503663105147
1628 0.38132122927124723
1629 0.38132122927124723
1630 0.5840011597879506
1631 0.5840011597879506
1632 0.3043219738836599
1633 0.3043219738836599
1634 0.8056544558412994
1635 0.8056544558412994
1636 0.9008210304238661
1637 0.9008210304238661
1638 0.6437623745316711
1639 4.322458204434514
1640 4.322458204434514
1641 3.8683599011441463
1642 3.8683599011441463
1643 4.338732973301017
1644 4.338732973301017
1645 3.685505609519291
1646 3.685505609519291
1647 4.8913569013625295
1648 4.8913569013625295
1649 1.86264138166428
1650 1.86264138166428
1651 3.045479168697157
1652 3.045479168697157
1653 3.8590398552460425
1654 3.8590398552460425
1655 3.05887113560757
1656 3.05887113560757
1657 1.7381869858276862
1658 1.7381869858276862
1659 4.969235956915453
1660 4.969235956915453
1661 4.233583441497397
1662 4.233583441497397
1663 4.262289089491982
1664 4.262289089491982
1665 3.0928899712677955
1666 3.0928899712677955
1667 3.1964279989205866
1668 3.1964279989205866
1669 4.062458226274974
1670 4.062458226274974
1671 2.1963365605061416
1672 2.1963365605061416
1673 3.988031297454825
1674 3.988031297454825
1675 2.806491272700752
1676 2.806491272700752
1677 5.125257891364573
1678 5.125257891364573
1679 3.629281178570092
1680 3.629281178570092
1681 4.27289643542892
1682 4.27289643542892
1683 3.0848542286130303
1684 3.0848542286130303
1685 4.474159259695083
1686 4.474159259695083
1687 2.608547654264374
1688 2.608547654264374
1689 3.6292693982965933
1690 3.6292693982965933
1691 3.894316074693048
1692 3.894316074693048
1693 2.1881853890100076
1694 2.1881853890100076
1695 2.439010859278313
1696 2.439010859278313
1697 4.2044062509264215
1698 4.2044062509264215
1699 2.9435513127756074
1700 2.9435513127756074
1701 3.7025691695529352
1702 3.7025691695529352
1703 2.5940387108220864
1704 2.5940387108220864
1705 1.7071637632979133
1706 1.7071637632979133
1707 4.88723082432392
1708 4.88723082432392
1709 3.961227167760068
1710 3.961227167760068
1711 3.487132750817862
1712 3.487132750817862
1713 4.20261622603891
1714 4.20261622603891
1715 3.1526202936216574
1716 3.1526202936216574
1717 2.751339621127392
1718 2.751339621127392
1719 2.2628516426459457
1720 2.2628516426459457
1721 3.664226056358064
1722 3.664226056358064
1723 4.742302616579218
1724 4.742302616579218
1725 4.088428059463716
1726 4.088428059463716
1727 3.5437293962981946
1728 3.5437293962981946
1729 3.477817695255552
1730 3.477817695255552
1731 3.897344264898963
1732 3.897344264898963
1733 2.962077512539308
1734 2.962077512539308
1735 2.357498524742945
1736 2.357498524742945
1737 4.138647798196588
1738 4.138647798196588
1739 2.721616190763617
1740 2.721616190763617
1741 4.481418958828607
1742 4.481418958828607
1743 4.144896380123732
1744 4.144896380123732
1745 2.6697662341755724
1746 2.6697662341755724
1747 3.9585442425269766
1748 3.9585442425269766
1749 2.945431012375785
1750 2.945431012375785
1751 3.592332172468133
1752 3.592332172468133
1753 1.9272413985906651
1754 1.9272413985906651
1755 3.5831300722530273
1756 3.5831300722530273
1757 2.3207709738164954
1758 2.3207709738164954
1759 4.362787351561335
1760 4.362787351561335
1761 4.116075671488012
1762 4.116075671488012
1763 4.726867908359289
1764 4.726867908359289
1765 2.3202112891271107
1766 2.3202112891271107
1767 5.331594269637751
1768 5.331594269637751
1769 3.8225529895136883
1770 3.8225529895136883
1771 3.586132967452845
1772 3.586132967452845
1773 3.9434283494285696
1774 3.9434283494285696
1775 4.89418906412971
1776 4.89418906412971
1777 3.2893882034766304
1778 3.2893882034766304
1779 4.559292321646759
1780 4.559292321646759
1781 0.9395619854705686
1782 0.9395619854705686
1783 3.9016358325928384
1784 3.9016358325928384
1785 4.0468662602048635
1786 4.0468662602048635
1787 3.7582014268573536
1788 3.7582014268573536
1789 3.0922496946995097
1790 3.0922496946995097
1791 1.8427852408377818
1792 1.8427852408377818
1793 2.321991649803759
1794 2.321991649803759
1795 3.075848079956403
1796 3.075848079956403
1797 2.0334991699479197
1798 2.0334991699479197
1799 4.85432696774152
1800 4.85432696774152
1801 2.643711285357702
1802 2.643711285357702
1803 4.0954399993639905
1804 4.0954399993639905
1805 4.318139069460283
1806 4.318139069460283
1807 3.1240213577497142
1808 3.1240213577497142
1809 2.9067216362615818
1810 2.9067216362615818
1811 4.769047964168081
1812 4.769047964168081
1813 2.6712751411131004
1814 2.6712751411131004
1815 3.916184605018791
1816 3.916184605018791
1817 2.5122954642665296
1818 2.5122954642665296
1819 2.131471882781323
1820 2.131471882781323
1821 2.116025825179941
1822 2.116025825179941
1823 2.542839055233708
1824 2.542839055233708
1825 2.6928959045384504
1826 2.6928959045384504
1827 3.513606629800622
1828 3.513606629800622
1829 2.2305749103100054
1830 2.2305749103100054
1831 3.344361074751224
1832 3.344361074751224
1833 1.8707013331705014
1834 1.8707013331705014
1835 3.521965218838179
1836 3.521965218838179
1837 5.202262299341578
1838 5.202262299341578
1839 2.0148548357325717
1840 2.0148548357325717
1841 5.032169520062401
1842 5.032169520062401
1843 4.130636391151509
1844 4.130636391151509
1845 4.817570192273168
1846 4.817570192273168
1847 4.703747715125325
1848 4.703747715125325
1849 4.919352729659435
1850 4.919352729659435
1851 4.361843926868785
1852 4.361843926868785
1853 5.431295003535903
1854 5.431295003535903
1855 2.9560688417728374
1856 2.9560688417728374
1857 3.868671162508099
1858 3.868671162508099
1859 2.383326406623057
1860 2.383326406623057
1861 3.517194156383364
1862 3.517194156383364
1863 3.337835437064715
1864 3.337835437064715
1865 2.928301706366585
1866 2.928301706366585
1867 1.8427696512002492
1868 1.8427696512002492
1869 3.827107849517594
1870 3.827107849517594
1871 2.427519171782746
1872 2.427519171782746
1873 2.678570551765368
1874 2.678570551765368
1875 3.833110179747774
1876 3.833110179747774
1877 4.592890037524232
1878 4.592890037524232
1879 3.7408687349096006
1880 3.7408687349096006
1881 2.8560523351013543
1882 2.8560523351013543
1883 4.050353913783404
1884 4.050353913783404
1885 1.9163149758223201
1886 1.9163149758223201
1887 2.287272234876612
1888 2.287272234876612
1889 1.8979091025968373
1890 1.8979091025968373
1891 2.8241868083067003
1892 2.8241868083067003
1893 3.6994793703824422
1894 3.6994793703824422
1895 3.1083793740301577
1896 3.1083793740301577
1897 3.3738551302724216
1898 3.3738551302724216
1899 3.2752463766291213
1900 3.2752463766291213
1901 1.2091213153075562
1902 1.2091213153075562
1903 2.094492496799536
1904 2.094492496799536
1905 2.6389435504362257
1906 2.6389435504362257
1907 1.4745367903254691
1908 1.4745367903254691
1909 2.0711398094810574
1910 2.0711398094810574
1911 2.0038067722998227
1912 2.0038067722998227
1913 1.6607555085030685
1914 1.6607555085030685
1915 2.2209749877782206
1916 2.2209749877782206
1917 1.4339707275161928
1918 1.4339707275161928
1919 2.350263647860126
1920 2.350263647860126
1921 1.4725862646061825
1922 1.4725862646061825
1923 1.4753199472370098
1924 1.4753199472370098
1925 0.9926471234562388
1926 0.9926471234562388
1927 1.8646402869920349
1928 1.8646402869920349
1929 1.6426608956449724
1930 1.6426608956449724
1931 1.5507329087241546
1932 1.5507329087241546
1933 1.4795261361248182
1934 1.4795261361248182
1935 1.22162367649599
1936 1.22162367649599
1937 1.4971637366224106
1938 1.4971637366224106
1939 1.779652026556081
1940 1.779652026556081
1941 1.5430580294028684
1942 1.5430580294028684
1943 1.935805920178267
1944 1.935805920178267
1945 1.184670687780509
1946 1.184670687780509
1947 1.7512032578344914
1948 1.7512032578344914
1949 1.3587091673512446
1950 1.3587091673512446
1951 1.782085866594162
1952 1.782085866594162
1953 1.8077480544241207
1954 1.8077480544241207
1955 1.9931787249807815
1956 1.9931787249807815
1957 1.1972630660199135
1958 1.1972630660199135
1959 2.1380571298838684
1960 2.1380571298838684
1961 1.8338380375451417
1962 1.8338380375451417
1963 1.929985969954942
1964 1.929985969954942
1965 2.4674784445947835
1966 2.4674784445947835
1967 1.5335633784188436
1968 1.5335633784188436
1969 2.6763494549773625
1970 2.6763494549773625
1971 1.2087300762162547
1972 1.2087300762162547
1973 0.7344235616249445
1974 0.7344235616249445
1975 1.8253568136370117
1976 1.8253568136370117
1977 1.2968338304141944
1978 1.2968338304141944
1979 1.637142760246162
1980 1.637142760246162
1981 1.6839481220454848
1982 1.6839481220454848
1983 1.736672524396779
1984 1.736672524396779
1985 2.117641040599894
1986 2.117641040599894
1987 2.176793932386552
1988 2.176793932386552
1989 1.5011146084293638
1990 1.5011146084293638
1991 0.9371713771954916
1992 0.9371713771954916
1993 1.9133477540467227
1994 1.9133477540467227
1995 0.9903687095402404
1996 0.9903687095402404
1997 1.5828777781453383
1998 1.5828777781453383
1999 1.9126274342767657
