0 1.33306459145878
1 1.33306459145878
2 1.33306459145878
3 2.0467693776826827
4 2.0467693776826827
5 2.0467693776826827
6 1.6536229145587285
7 1.6536229145587285
8 1.6536229145587285
9 2.6238922304213514
10 2.6238922304213514
11 2.6238922304213514
12 2.4880906483441256
13 2.4880906483441256
14 2.4880906483441256
15 1.3601018207556932
16 1.3601018207556932
17 1.3601018207556932
18 1.7518366461871262
19 1.7518366461871262
20 1.7518366461871262
21 3.2092593124220548
22 3.2092593124220548
23 3.2092593124220548
24 1.2896399419462288
25 1.2896399419462288
26 1.2896399419462288
27 1.6709535386798926
28 1.6709535386798926
29 1.6709535386798926
30 2.0804803721234535
31 2.0804803721234535
32 2.0804803721234535
33 0.9880851312067236
34 0.9880851312067236
35 0.9880851312067236
36 1.6480918259424362
37 1.6480918259424362
38 1.6480918259424362
39 1.8349742183572724
40 1.8349742183572724
41 1.8349742183572724
42 0.8085224360233498
43 0.8085224360233498
44 0.8085224360233498
45 2.5372668681289423
46 2.5372668681289423
47 2.5372668681289423
48 2.499571636874827
49 2.499571636874827
50 2.499571636874827
51 2.0952970623007934
52 2.0952970623007934
53 2.0952970623007934
54 2.7947455988629217
55 2.7947455988629217
56 2.7947455988629217
57 1.6337729569339077
58 1.6337729569339077
59 1.6337729569339077
60 3.071064788476071
61 3.071064788476071
62 3.071064788476071
63 1.397743129751808
64 1.397743129751808
65 1.397743129751808
66 1.2346849568369365
67 1.2346849568369365
68 1.2346849568369365
69 2.577838617589979
70 2.577838617589979
71 2.577838617589979
72 2.287308110035506
73 2.287308110035506
74 2.287308110035506
75 3.1022759922674465
76 3.1022759922674465
77 3.1022759922674465
78 1.479774988485751
79 1.479774988485751
80 1.479774988485751
81 1.642703758571387
82 1.642703758571387
83 1.642703758571387
84 2.2015743112293062
85 2.2015743112293062
86 2.2015743112293062
87 1.4728353205739344
88 1.4728353205739344
89 1.4728353205739344
90 2.1104361584343136
91 2.1104361584343136
92 2.1104361584343136
93 1.0193958936700964
94 1.0193958936700964
95 1.0193958936700964
96 1.7792991019595497
97 1.7792991019595497
98 1.7792991019595497
99 1.5512144459712012
100 1.5512144459712012
101 1.5512144459712012
102 1.7588981193706084
103 1.7588981193706084
104 1.7588981193706084
105 1.965525057167562
106 1.965525057167562
107 1.965525057167562
108 1.7072188950623577
109 1.7072188950623577
110 1.7072188950623577
111 3.1674606247308335
112 3.1674606247308335
113 3.1674606247308335
114 1.4993539670415457
115 1.4993539670415457
116 1.4993539670415457
117 1.6499868899725874
118 1.6499868899725874
119 1.6499868899725874
120 1.8789057447966147
121 1.8789057447966147
122 1.8789057447966147
123 2.2446642116928737
124 2.2446642116928737
125 2.2446642116928737
126 2.0114628225871165
127 2.0114628225871165
128 2.0114628225871165
129 2.0831963540913336
130 2.0831963540913336
131 2.0831963540913336
132 1.0227805585930492
133 1.0227805585930492
134 1.0227805585930492
135 2.3735657753850337
136 2.3735657753850337
137 2.3735657753850337
138 2.504487056618549
139 2.504487056618549
140 2.504487056618549
141 2.3034972922099675
142 2.3034972922099675
143 2.3034972922099675
144 2.4848353057757144
145 2.4848353057757144
146 2.4848353057757144
147 2.6653993463446266
148 2.6653993463446266
149 2.6653993463446266
150 3.2494773255966214
151 3.2494773255966214
152 3.2494773255966214
153 2.3492662595493883
154 2.3492662595493883
155 2.3492662595493883
156 2.3560920001799075
157 2.3560920001799075
158 2.3560920001799075
159 2.1319554721483924
160 2.1319554721483924
161 2.1319554721483924
162 1.1400353814475213
163 1.1400353814475213
164 1.1400353814475213
165 2.5165691531961545
166 2.5165691531961545
167 2.5165691531961545
168 1.862422284467312
169 1.862422284467312
170 1.862422284467312
171 2.971302985450859
172 2.971302985450859
173 2.971302985450859
174 2.002196534490677
175 2.002196534490677
176 2.002196534490677
177 1.2606629825096087
178 1.2606629825096087
179 1.2606629825096087
180 2.9886203992921914
181 2.9886203992921914
182 2.9886203992921914
183 2.502343336757803
184 2.502343336757803
185 2.502343336757803
186 0.19040146002828395
187 0.19040146002828395
188 0.19040146002828395
189 1.5648805350132842
190 1.5648805350132842
191 1.5648805350132842
192 1.5883465957037919
193 1.5883465957037919
194 1.5883465957037919
195 2.2652309128623926
196 2.2652309128623926
197 2.2652309128623926
198 0.8142993993467953
199 0.8142993993467953
200 0.8142993993467953
201 0.39048653927847243
202 0.39048653927847243
203 0.39048653927847243
204 1.6403451210681994
205 1.6403451210681994
206 1.6403451210681994
207 0.5957350959291969
208 0.5957350959291969
209 0.5957350959291969
210 1.3568746676652563
211 1.3568746676652563
212 1.3568746676652563
213 1.3943040553310184
214 1.3943040553310184
215 1.3943040553310184
216 1.6162476301283704
217 1.6162476301283704
218 1.6162476301283704
219 2.5149667289283633
220 2.5149667289283633
221 2.5149667289283633
222 1.8871348659636678
223 1.8871348659636678
224 1.8871348659636678
225 2.4670264087049993
226 2.4670264087049993
227 2.4670264087049993
228 2.0145712880923488
229 2.0145712880923488
230 2.0145712880923488
231 1.7762625571049249
232 1.7762625571049249
233 1.7762625571049249
234 2.778970183614158
235 2.778970183614158
236 2.778970183614158
237 1.2612586378537023
238 1.2612586378537023
239 1.2612586378537023
240 2.0675687804302054
241 2.0675687804302054
242 2.0675687804302054
243 1.7569251836135966
244 1.7569251836135966
245 1.7569251836135966
246 2.5085113392042406
247 2.5085113392042406
248 2.5085113392042406
249 2.718519625733342
250 2.718519625733342
251 2.718519625733342
252 3.165247312152303
253 3.165247312152303
254 3.165247312152303
255 1.8962205890009323
256 1.8962205890009323
257 1.8962205890009323
258 2.5872865985752744
259 2.5872865985752744
260 2.5872865985752744
261 2.180986116278255
262 2.180986116278255
263 2.180986116278255
264 2.3332206034179737
265 2.3332206034179737
266 2.3332206034179737
267 2.070383269888073
268 2.070383269888073
269 2.070383269888073
270 1.9472064539032496
271 1.9472064539032496
272 1.9472064539032496
273 1.2762711170815386
274 1.2762711170815386
275 1.2762711170815386
276 2.155809287445244
277 2.155809287445244
278 2.155809287445244
279 2.432025143180893
280 2.432025143180893
281 2.432025143180893
282 2.424190403839444
283 2.424190403839444
284 2.424190403839444
285 2.153665895651723
286 2.153665895651723
287 2.153665895651723
288 2.6605195843241214
289 2.6605195843241214
290 2.6605195843241214
291 2.5372401156706204
292 2.5372401156706204
293 2.5372401156706204
294 2.5040875276869867
295 2.5040875276869867
296 2.5040875276869867
297 3.2765762292109297
298 3.2765762292109297
299 3.2765762292109297
300 2.311691268983416
301 2.311691268983416
302 2.311691268983416
303 1.5676555485758321
304 1.5676555485758321
305 1.5676555485758321
306 2.346272916719836
307 2.346272916719836
308 2.346272916719836
309 0.9756416559258259
310 0.9756416559258259
311 0.9756416559258259
312 1.7612484669226451
313 1.7612484669226451
314 1.7612484669226451
315 1.5698339425608294
316 1.5698339425608294
317 1.5698339425608294
318 2.568197344637465
319 2.568197344637465
320 2.568197344637465
321 1.2344482240189352
322 1.2344482240189352
323 1.2344482240189352
324 2.911589646393094
325 2.911589646393094
326 2.911589646393094
327 2.012948482096113
328 2.012948482096113
329 2.012948482096113
330 1.529663484766879
331 1.529663484766879
332 1.529663484766879
333 1.732398963114477
334 1.732398963114477
335 1.732398963114477
336 3.232042740819076
337 3.232042740819076
338 3.232042740819076
339 2.293082527229607
340 2.293082527229607
341 2.293082527229607
342 1.765217289877148
343 1.765217289877148
344 1.765217289877148
345 2.741209104919456
346 2.741209104919456
347 2.741209104919456
348 1.5692341919291892
349 1.5692341919291892
350 1.5692341919291892
351 1.1773926412402596
352 1.1773926412402596
353 1.1773926412402596
354 1.7879339107024086
355 1.7879339107024086
356 1.7879339107024086
357 3.206153878350945
358 3.206153878350945
359 3.206153878350945
360 2.9471658219208856
361 2.9471658219208856
362 2.9471658219208856
363 1.6023969184249691
364 1.6023969184249691
365 1.6023969184249691
366 2.414533103592764
367 2.414533103592764
368 2.414533103592764
369 1.1402655771731431
370 1.1402655771731431
371 1.1402655771731431
372 2.4820232453167126
373 2.4820232453167126
374 2.4820232453167126
375 1.271201038457881
376 1.271201038457881
377 1.271201038457881
378 2.7199805069524983
379 2.7199805069524983
380 2.7199805069524983
381 1.8237842115350504
382 1.8237842115350504
383 1.8237842115350504
384 1.4093238587257533
385 1.4093238587257533
386 1.4093238587257533
387 0.7866870507182686
388 0.7866870507182686
389 0.7866870507182686
390 1.2809797416608346
391 1.2809797416608346
392 1.2809797416608346
393 1.986604311595323
394 1.986604311595323
395 1.986604311595323
396 2.205207727543974
397 2.205207727543974
398 2.205207727543974
399 3.3070168120544725
400 3.3070168120544725
401 3.3070168120544725
402 1.9803595059394938
403 1.9803595059394938
404 1.9803595059394938
405 2.235129143376297
406 2.235129143376297
407 2.235129143376297
408 2.9500254027330284
409 2.9500254027330284
410 2.9500254027330284
411 2.037904306847695
412 2.037904306847695
413 2.037904306847695
414 0.9439851509456101
415 0.9439851509456101
416 0.9439851509456101
417 2.107068666873866
418 2.107068666873866
419 2.107068666873866
420 0.7964176927050521
421 0.7964176927050521
422 0.7964176927050521
423 1.7488698323715073
424 1.7488698323715073
425 1.7488698323715073
426 0.7802889143874154
427 0.7802889143874154
428 0.7802889143874154
429 2.274046653411007
430 2.274046653411007
431 2.274046653411007
432 1.6129544980063175
433 1.6129544980063175
434 1.6129544980063175
435 2.5046528555331427
436 2.5046528555331427
437 2.5046528555331427
438 3.038916262439412
439 3.038916262439412
440 3.038916262439412
441 1.9346112319112705
442 1.9346112319112705
443 1.9346112319112705
444 2.1834926118159945
445 2.1834926118159945
446 2.1834926118159945
447 2.413745368249273
448 2.413745368249273
449 2.413745368249273
450 1.1314103520135381
451 1.1314103520135381
452 1.1314103520135381
453 2.10423425705512
454 2.10423425705512
455 2.10423425705512
456 2.0596151194104744
457 2.0596151194104744
458 2.0596151194104744
459 2.847347957886533
460 2.847347957886533
461 2.847347957886533
462 2.0127992096480747
463 2.0127992096480747
464 2.0127992096480747
465 1.860586182485501
466 1.860586182485501
467 1.860586182485501
468 2.349742707904044
469 2.349742707904044
470 2.349742707904044
471 2.339134093480201
472 2.339134093480201
473 2.339134093480201
474 1.5077856075410163
475 2.789789307164761
476 2.789789307164761
477 2.789789307164761
478 4.692965560473551
479 4.692965560473551
480 4.692965560473551
481 1.1654769060691827
482 0.9193221990651952
483 0.9193221990651952
484 0.9193221990651952
485 1.5406069067486543
486 1.5406069067486543
487 1.5406069067486543
488 0.5946320516719684
489 0.5946320516719684
490 0.5946320516719684
491 1.3429963283818085
492 1.3429963283818085
493 1.3429963283818085
494 1.17685879722857
495 1.17685879722857
496 1.17685879722857
497 1.5870208157184298
498 1.5870208157184298
499 1.5870208157184298
500 2.0651756712729537
501 2.0651756712729537
502 2.0651756712729537
503 0.46450262602555314
504 0.2441652085919451
505 0.2441652085919451
506 0.2441652085919451
507 0.2338404261229249
508 0.2338404261229249
509 0.2338404261229249
510 0.3274012077066105
511 0.3274012077066105
512 0.3274012077066105
513 0.27416297181020266
514 0.27416297181020266
515 0.27416297181020266
516 0.16307101660658968
517 0.16307101660658968
518 0.16307101660658968
519 0.2247316031910846
520 0.2247316031910846
521 0.2247316031910846
522 0.15243819941219558
523 0.15243819941219558
524 0.15243819941219558
525 0.2617209479923384
526 0.2617209479923384
527 0.2617209479923384
528 0.26466812909091125
529 0.26466812909091125
530 0.26466812909091125
531 0.2222417796154999
532 0.2222417796154999
533 0.2222417796154999
534 0.29360516756617083
535 0.29360516756617083
536 0.29360516756617083
537 0.1
538 0.1
539 0.1
540 0.23600713574439966
541 0.23600713574439966
542 0.23600713574439966
543 0.3189236813204812
544 0.3189236813204812
545 0.3189236813204812
546 0.13967482028038178
547 0.13967482028038178
548 0.13967482028038178
549 0.1
550 0.1
551 0.1
552 0.30322745302408366
553 0.30322745302408366
554 0.30322745302408366
555 0.20737278117255425
556 0.20737278117255425
557 0.20737278117255425
558 0.2151774211461177
559 0.2151774211461177
560 0.2151774211461177
561 0.10606522179680333
562 0.10606522179680333
563 0.10606522179680333
564 0.18880427637036554
565 0.18880427637036554
566 0.18880427637036554
567 0.24311118662508752
568 0.24311118662508752
569 0.24311118662508752
570 0.21484385595279207
571 0.21484385595279207
572 0.21484385595279207
573 0.24583131358716787
574 0.24583131358716787
575 0.24583131358716787
576 0.3077239162113128
577 0.3077239162113128
578 0.3077239162113128
579 0.13650478614369388
580 0.13650478614369388
581 0.13650478614369388
582 0.25084131255602327
583 0.25084131255602327
584 0.25084131255602327
585 0.1
586 0.1
587 0.1
588 0.13673435728287253
589 0.13673435728287253
590 0.13673435728287253
591 0.1805108011632454
592 0.1805108011632454
593 0.1805108011632454
594 0.2721930606175688
595 0.2721930606175688
596 0.2721930606175688
597 0.2719354657461016
598 0.2719354657461016
599 0.2719354657461016
600 0.2803710544153183
601 0.2803710544153183
602 0.2803710544153183
603 0.15027591526293446
604 0.15027591526293446
605 0.15027591526293446
606 0.1825217617793938
607 0.1825217617793938
608 0.1825217617793938
609 0.17479974461984016
610 0.17479974461984016
611 0.17479974461984016
612 0.1701085179294808
613 0.1701085179294808
614 0.1701085179294808
615 0.15040765914786458
616 0.15040765914786458
617 0.15040765914786458
618 0.11462673199622356
619 0.11462673199622356
620 0.11462673199622356
621 0.2879114896221558
622 0.2879114896221558
623 0.2879114896221558
624 0.1
625 0.1
626 0.1
627 0.25838072253121563
628 0.25838072253121563
629 0.25838072253121563
630 0.21851562256603377
631 0.21851562256603377
632 0.21851562256603377
633 0.24903074803943462
634 0.24903074803943462
635 0.24903074803943462
636 0.13501823329586904
637 0.13501823329586904
638 0.13501823329586904
639 0.245608419463141
640 0.245608419463141
641 0.245608419463141
642 0.22415534536758355
643 0.22415534536758355
644 0.22415534536758355
645 0.12098620666148774
646 0.12098620666148774
647 0.12098620666148774
648 0.1
649 0.1
650 0.97640899584149
651 0.97640899584149
652 0.97640899584149
653 0.8656564854020393
654 0.8656564854020393
655 0.8656564854020393
656 0.3866229153734485
657 0.3866229153734485
658 0.3866229153734485
659 0.9410323732993329
660 0.9410323732993329
661 0.9410323732993329
662 0.43119466480470053
663 0.43119466480470053
664 0.43119466480470053
665 0.8395642610080908
666 0.8395642610080908
667 0.8395642610080908
668 1.0374581108060679
669 1.0374581108060679
670 1.0374581108060679
671 0.40697018217352754
672 0.40697018217352754
673 0.40697018217352754
674 0.3682234316650458
675 0.3682234316650458
676 0.3682234316650458
677 0.6553434321980881
678 0.6553434321980881
679 0.6553434321980881
680 0.9985948949882026
681 3.773293312036946
682 3.773293312036946
683 3.773293312036946
684 1.321574152859621
685 1.321574152859621
686 1.321574152859621
687 3.503910202177218
688 3.503910202177218
689 3.503910202177218
690 2.7599142124136145
691 6.577576652668904
692 6.577576652668904
693 6.577576652668904
694 3.6821471078809367
695 3.6821471078809367
696 3.6821471078809367
697 4.091280582831816
698 4.091280582831816
699 4.091280582831816
700 2.352732971675411
701 2.352732971675411
702 2.352732971675411
703 0.9115185779719962
704 0.9115185779719962
705 0.9115185779719962
706 1.0033229527689893
707 1.0033229527689893
708 1.0033229527689893
709 0.933505043811065
710 0.933505043811065
711 0.933505043811065
712 0.8079388730650447
713 0.8079388730650447
714 0.8079388730650447
715 0.9912733059210127
716 0.9912733059210127
717 0.9912733059210127
718 0.8036139402476064
719 0.8036139402476064
720 0.8036139402476064
721 0.7631718915923501
722 0.7631718915923501
723 0.7631718915923501
724 1.3099754948308835
725 1.3099754948308835
726 1.3099754948308835
727 1.8409442687909852
728 1.8409442687909852
729 1.8409442687909852
730 1.029544503171891
731 1.029544503171891
732 1.029544503171891
733 0.5865588471311483
734 0.5865588471311483
735 0.5865588471311483
736 0.8168236147271657
737 0.8168236147271657
738 0.8168236147271657
739 1.3692441574073368
740 1.3692441574073368
741 1.0412991034474457
742 1.0412991034474457
743 1.0412991034474457
744 0.5616294006608045
745 0.5616294006608045
746 0.5616294006608045
747 0.8067316366506301
748 0.8067316366506301
749 0.8067316366506301
750 0.7169080974482586
751 0.7169080974482586
752 0.7169080974482586
753 0.6148275490936298
754 0.6148275490936298
755 0.6148275490936298
756 0.695937816663942
757 0.695937816663942
758 0.695937816663942
759 0.330467999087348
760 0.330467999087348
761 0.330467999087348
762 0.8149104731191602
763 0.8149104731191602
764 0.8149104731191602
765 0.26185853836083817
766 0.26185853836083817
767 0.26185853836083817
768 0.6845088961581721
769 0.6845088961581721
770 0.6845088961581721
771 0.7134386913907388
772 0.7134386913907388
773 0.7134386913907388
774 1.0314211680659575
775 1.0314211680659575
776 1.0314211680659575
777 0.5325519863476729
778 0.5325519863476729
779 0.5325519863476729
780 0.682701524865489
781 0.682701524865489
782 0.682701524865489
783 0.27641372016583826
784 0.27641372016583826
785 0.27641372016583826
786 0.6304327019390867
787 0.6304327019390867
788 0.6304327019390867
789 3.52045173685381
790 3.52045173685381
791 3.52045173685381
792 2.852364299505767
793 2.852364299505767
794 2.852364299505767
795 2.4737195054352727
796 2.4737195054352727
797 2.4737195054352727
798 2.7895433546321384
799 2.7895433546321384
800 2.7895433546321384
801 1.9400942401103733
802 1.9400942401103733
803 1.9400942401103733
804 2.01905304586953
805 2.01905304586953
806 2.01905304586953
807 3.2542611824168715
808 3.2542611824168715
809 3.2542611824168715
810 3.356997441660259
811 3.356997441660259
812 3.356997441660259
813 3.9590301902677982
814 3.9590301902677982
815 3.9590301902677982
816 1.6195727827564335
817 1.6195727827564335
818 1.6195727827564335
819 1.687462644294291
820 1.687462644294291
821 1.687462644294291
822 2.404250472909927
823 2.404250472909927
824 2.404250472909927
825 4.3970554894779195
826 4.3970554894779195
827 4.3970554894779195
828 2.9920726370257906
829 2.9920726370257906
830 2.9920726370257906
831 2.2854609359933615
832 2.2854609359933615
833 2.2854609359933615
834 2.439943027045537
835 2.439943027045537
836 2.439943027045537
837 5.458019687326999
838 5.458019687326999
839 5.458019687326999
840 4.196679750627683
841 4.196679750627683
842 4.196679750627683
843 3.5621033591761195
844 3.5621033591761195
845 3.5621033591761195
846 2.531956931065845
847 2.531956931065845
848 2.531956931065845
849 4.062795355324317
850 4.062795355324317
851 4.062795355324317
852 3.547907277801026
853 3.547907277801026
854 3.547907277801026
855 2.577816709056129
856 2.577816709056129
857 2.577816709056129
858 2.4020970054290123
859 2.4020970054290123
860 2.4020970054290123
861 3.57573729475581
862 3.57573729475581
863 3.57573729475581
864 3.104651647170608
865 3.104651647170608
866 3.104651647170608
867 2.381739726652392
868 2.381739726652392
869 2.381739726652392
870 4.406002919464969
871 4.406002919464969
872 4.406002919464969
873 3.423977986330251
874 3.423977986330251
875 3.423977986330251
876 2.5113823881002015
877 2.5113823881002015
878 2.5113823881002015
879 2.657996708011871
880 2.657996708011871
881 2.657996708011871
882 1.3636074834626553
883 1.3636074834626553
884 1.3636074834626553
885 6.15225023691817
886 6.15225023691817
887 6.15225023691817
888 3.2552487013091875
889 3.2552487013091875
890 3.2552487013091875
891 3.353184618047564
892 3.353184618047564
893 3.353184618047564
894 4.62528608023603
895 4.62528608023603
896 4.62528608023603
897 4.517121549423582
898 4.517121549423582
899 4.517121549423582
900 2.7574347816074005
901 2.7574347816074005
902 2.7574347816074005
903 3.1623775272260986
904 3.1623775272260986
905 3.1623775272260986
906 2.9965826160110716
907 2.9965826160110716
908 2.9965826160110716
909 3.554061781038783
910 3.554061781038783
911 3.554061781038783
912 5.452091584471079
913 5.452091584471079
914 5.452091584471079
915 3.940347649867731
916 3.940347649867731
917 3.940347649867731
918 3.1358997983827748
919 3.1358997983827748
920 3.1358997983827748
921 5.291508747638039
922 5.291508747638039
923 5.291508747638039
924 2.887896537630317
925 2.887896537630317
926 2.887896537630317
927 4.319452754819357
928 4.319452754819357
929 4.319452754819357
930 3.572317880022024
931 3.572317880022024
932 3.572317880022024
933 3.82141559520951
934 3.82141559520951
935 3.82141559520951
936 4.458866821911256
937 4.458866821911256
938 4.458866821911256
939 4.154773346127222
940 4.154773346127222
941 4.154773346127222
942 4.781934433521113
943 2.1254118115918117
944 2.1254118115918117
945 2.1254118115918117
946 1.5752008636812844
947 1.5752008636812844
948 1.5752008636812844
949 2.4858383616415396
950 2.4858383616415396
951 2.4858383616415396
952 3.7502897071933234
953 3.7502897071933234
954 3.7502897071933234
955 0.957495948215995
956 0.957495948215995
957 0.957495948215995
958 1.7816458680729415
959 1.7816458680729415
960 1.7816458680729415
961 2.07604237411248
962 2.07604237411248
963 2.07604237411248
964 2.6366292626396683
965 2.6366292626396683
966 2.6366292626396683
967 1.3727313973913848
968 1.3727313973913848
969 1.3727313973913848
970 1.8608163288604442
971 1.8608163288604442
972 1.8608163288604442
973 1.9910368362863824
974 1.9910368362863824
975 1.9910368362863824
976 1.3526340290617522
977 1.3526340290617522
978 1.3526340290617522
979 1.0963084291808443
980 1.0963084291808443
981 1.0963084291808443
982 1.343927944494664
983 1.343927944494664
984 1.343927944494664
985 1.2288757617581418
986 1.2288757617581418
987 1.2288757617581418
988 1.4580545473802022
989 1.4580545473802022
990 1.4580545473802022
991 0.7816883883369725
992 0.7816883883369725
993 0.7816883883369725
994 1.1315074158282357
995 1.1315074158282357
996 1.1315074158282357
997 1.6519887858020468
998 1.6519887858020468
999 1.6519887858020468
1000 1.0587645760940974
1001 1.0587645760940974
1002 1.0587645760940974
1003 1.5742864239982024
1004 1.5742864239982024
1005 1.5742864239982024
1006 0.7644408869790924
1007 0.7644408869790924
1008 0.7644408869790924
1009 0.6911368584496297
1010 0.6911368584496297
1011 0.6911368584496297
1012 0.6022587709641548
1013 0.6022587709641548
1014 0.6022587709641548
1015 0.7536600523984707
1016 0.7536600523984707
1017 0.7536600523984707
1018 0.8456394334023927
1019 0.8456394334023927
1020 0.8456394334023927
1021 0.1
1022 0.1
1023 0.1
1024 0.9191100958435623
1025 0.9191100958435623
1026 0.9191100958435623
1027 0.6820711786948257
1028 0.6820711786948257
1029 0.6820711786948257
1030 0.576280257347241
1031 0.576280257347241
1032 0.576280257347241
1033 0.6785380515158764
1034 0.6785380515158764
1035 0.6785380515158764
1036 0.5088814306586865
1037 0.5088814306586865
1038 0.5088814306586865
1039 0.7045111539098436
1040 0.7045111539098436
1041 0.7045111539098436
1042 0.21238510794195992
1043 0.21238510794195992
1044 0.21238510794195992
1045 0.48670588428078987
1046 0.48670588428078987
1047 0.48670588428078987
1048 0.9116835958021542
1049 0.9116835958021542
1050 0.9116835958021542
1051 0.5523382070106222
1052 0.5523382070106222
1053 1.3520650107533072
1054 1.3520650107533072
1055 1.3520650107533072
1056 2.2349406009597224
1057 2.2349406009597224
1058 2.2349406009597224
1059 3.811087371790658
1060 3.811087371790658
1061 3.811087371790658
1062 2.490420380179364
1063 2.490420380179364
1064 2.490420380179364
1065 4.365998580203076
1066 4.365998580203076
1067 4.365998580203076
1068 4.5799259360845
1069 4.5799259360845
1070 4.5799259360845
1071 2.801158138690715
1072 2.801158138690715
1073 2.801158138690715
1074 0.41853150386029947
1075 0.41853150386029947
1076 0.41853150386029947
1077 2.6702780053458848
1078 2.6702780053458848
1079 2.6702780053458848
1080 3.381461267101576
1081 3.381461267101576
1082 3.381461267101576
1083 2.832099295784919
1084 2.832099295784919
1085 2.832099295784919
1086 3.1290334471845958
1087 3.1290334471845958
1088 3.1290334471845958
1089 1.4428799513326849
1090 1.4428799513326849
1091 1.4428799513326849
1092 3.80561486354203
1093 3.80561486354203
1094 3.80561486354203
1095 3.123006731502073
1096 3.123006731502073
1097 3.123006731502073
1098 2.826968603274244
1099 2.826968603274244
1100 2.826968603274244
1101 3.0853508869490236
1102 3.0853508869490236
1103 3.0853508869490236
1104 2.68674076550367
1105 2.68674076550367
1106 2.68674076550367
1107 2.497641216199872
1108 2.497641216199872
1109 2.497641216199872
1110 1.832556760084064
1111 1.832556760084064
1112 1.832556760084064
1113 3.093856442640195
1114 3.093856442640195
1115 3.093856442640195
1116 3.339255126685834
1117 3.339255126685834
1118 3.339255126685834
1119 0.9056250695338144
1120 0.9056250695338144
1121 0.9056250695338144
1122 2.2880167441869794
1123 2.2880167441869794
1124 2.2880167441869794
1125 2.701857152011723
1126 2.701857152011723
1127 2.701857152011723
1128 2.887419005947113
1129 2.887419005947113
1130 2.887419005947113
1131 2.0255517643151815
1132 2.0255517643151815
1133 2.0255517643151815
1134 3.227111228425694
1135 3.227111228425694
1136 3.227111228425694
1137 2.708272340904163
1138 2.708272340904163
1139 2.708272340904163
1140 3.0932611751365644
1141 3.0932611751365644
1142 3.0932611751365644
1143 3.0897098025449368
1144 3.0897098025449368
1145 3.0897098025449368
1146 2.6345483709120447
1147 2.6345483709120447
1148 2.6345483709120447
1149 3.736367289812552
1150 3.736367289812552
1151 3.736367289812552
1152 2.8457902024445367
1153 2.8457902024445367
1154 2.8457902024445367
1155 2.1436189850299714
1156 2.1436189850299714
1157 2.1436189850299714
1158 1.138005142991958
1159 1.138005142991958
1160 1.138005142991958
1161 3.137893763745962
1162 3.137893763745962
1163 3.137893763745962
1164 3.9360765591915623
1165 3.9360765591915623
1166 3.9360765591915623
1167 2.536638182888745
1168 2.536638182888745
1169 2.536638182888745
1170 2.2288450747947923
1171 2.2288450747947923
1172 2.2288450747947923
1173 2.1502357795825415
1174 2.1502357795825415
1175 2.1502357795825415
1176 1.9052562335271563
1177 1.9052562335271563
1178 1.9052562335271563
1179 1.9076130422813788
1180 1.9076130422813788
1181 1.9076130422813788
1182 1.9813717353102336
1183 1.9813717353102336
1184 1.9813717353102336
1185 2.0812015587150805
1186 2.0812015587150805
1187 2.0812015587150805
1188 2.1817951826296293
1189 2.1817951826296293
1190 2.1817951826296293
1191 1.7295466061159381
1192 1.7295466061159381
1193 1.7295466061159381
1194 2.6673264868885944
1195 2.6673264868885944
1196 2.6673264868885944
1197 2.476829098546016
1198 2.476829098546016
1199 2.476829098546016
1200 2.3007005940139846
1201 2.3007005940139846
1202 2.3007005940139846
1203 2.723436385682605
1204 2.723436385682605
1205 2.723436385682605
1206 3.301677241170556
1207 3.301677241170556
1208 3.301677241170556
1209 2.4245268037012324
1210 2.4245268037012324
1211 2.4245268037012324
1212 3.1937399073784287
1213 3.1937399073784287
1214 3.1937399073784287
1215 2.3474527712224673
1216 2.3474527712224673
1217 2.3474527712224673
1218 2.386995231097195
1219 2.386995231097195
1220 2.386995231097195
1221 2.770644769201572
1222 2.770644769201572
1223 2.770644769201572
1224 2.641884481869218
1225 2.641884481869218
1226 2.641884481869218
1227 2.9861843732184
1228 2.9861843732184
1229 2.9861843732184
1230 2.024337779518988
1231 2.024337779518988
1232 2.024337779518988
1233 2.3536092036954313
1234 2.3536092036954313
1235 2.3536092036954313
1236 1.66136791140022
1237 1.66136791140022
1238 1.66136791140022
1239 3.016503739023513
1240 3.016503739023513
1241 3.016503739023513
1242 3.022923421715068
1243 3.022923421715068
1244 3.022923421715068
1245 2.8895176205830393
1246 2.8895176205830393
1247 2.8895176205830393
1248 3.5680516022145956
1249 3.5680516022145956
1250 3.5680516022145956
1251 3.9008319420506403
1252 3.9008319420506403
1253 3.9008319420506403
1254 3.4656660698188775
1255 3.4656660698188775
1256 3.4656660698188775
1257 3.4840358248447543
1258 3.4840358248447543
1259 3.4840358248447543
1260 4.067658636374321
1261 4.067658636374321
1262 4.067658636374321
1263 3.355903038547555
1264 3.355903038547555
1265 3.355903038547555
1266 4.586099484825994
1267 4.586099484825994
1268 4.586099484825994
1269 2.582870696908139
1270 2.582870696908139
1271 2.582870696908139
1272 0.9049157949575442
1273 0.9049157949575442
1274 0.9049157949575442
1275 1.8791606605657982
1276 1.8791606605657982
1277 1.8791606605657982
1278 1.200436105189063
1279 1.200436105189063
1280 1.200436105189063
1281 4.5084433337071195
1282 4.5084433337071195
1283 4.5084433337071195
1284 2.8881192582626194
1285 2.8881192582626194
1286 2.8881192582626194
1287 3.1270334518070464
1288 3.1270334518070464
1289 3.1270334518070464
1290 1.0393553861556994
1291 1.0393553861556994
1292 1.0393553861556994
1293 5.670549063477342
1294 5.670549063477342
1295 5.670549063477342
1296 4.219382215049542
1297 4.219382215049542
1298 4.219382215049542
1299 2.4277115977036052
1300 2.4277115977036052
1301 2.4277115977036052
1302 4.210205865345824
1303 4.210205865345824
1304 4.210205865345824
1305 5.064100326638236
1306 5.064100326638236
1307 5.064100326638236
1308 3.194189049503205
1309 3.194189049503205
1310 3.194189049503205
1311 2.26891256620529
1312 2.26891256620529
1313 2.26891256620529
1314 3.4306500553080226
1315 3.4306500553080226
1316 3.4306500553080226
1317 4.278825699457936
1318 4.278825699457936
1319 4.278825699457936
1320 2.8975537106139635
1321 2.8975537106139635
1322 2.8975537106139635
1323 2.552206788197203
1324 2.552206788197203
1325 2.552206788197203
1326 1.934688697824538
1327 1.934688697824538
1328 1.934688697824538
1329 1.9484392770976937
1330 1.9484392770976937
1331 1.9484392770976937
1332 1.074004583768167
1333 1.074004583768167
1334 1.074004583768167
1335 3.8226619879358332
1336 3.8226619879358332
1337 3.8226619879358332
1338 3.23703310641108
1339 3.23703310641108
1340 3.23703310641108
1341 0.6362882444049512
1342 0.6362882444049512
1343 0.6362882444049512
1344 1.104972453990872
1345 1.104972453990872
1346 1.104972453990872
1347 0.5929977296482877
1348 0.5929977296482877
1349 0.5929977296482877
1350 0.47942930208728607
1351 0.47942930208728607
1352 0.47942930208728607
1353 0.6421918225235084
1354 0.6421918225235084
1355 3.2369407047525307
1356 3.2369407047525307
1357 3.2369407047525307
1358 2.422444648103881
1359 2.422444648103881
1360 2.422444648103881
1361 5.262578814449034
1362 5.262578814449034
1363 5.262578814449034
1364 4.995257703682745
1365 4.995257703682745
1366 4.995257703682745
1367 3.2071260642366926
1368 3.2071260642366926
1369 3.2071260642366926
1370 5.198514285351534
1371 5.198514285351534
1372 5.198514285351534
1373 2.6736788092211494
1374 2.6736788092211494
1375 2.6736788092211494
1376 2.6894967228260773
1377 2.6894967228260773
1378 2.6894967228260773
1379 3.535467563669432
1380 3.535467563669432
1381 3.535467563669432
1382 3.2722617479610148
1383 3.2722617479610148
1384 3.2722617479610148
1385 4.158956977543147
1386 4.158956977543147
1387 4.158956977543147
1388 2.121248459912582
1389 2.121248459912582
1390 2.121248459912582
1391 2.84519827710601
1392 2.84519827710601
1393 2.84519827710601
1394 3.966211195217789
1395 3.966211195217789
1396 3.966211195217789
1397 0.33618744396131905
1398 0.33618744396131905
1399 0.33618744396131905
1400 3.097878374194827
1401 3.097878374194827
1402 3.097878374194827
1403 4.429692373445727
1404 4.429692373445727
1405 4.429692373445727
1406 3.8816196675268646
1407 3.8816196675268646
1408 3.8816196675268646
1409 3.0540218345391477
1410 3.0540218345391477
1411 3.0540218345391477
1412 4.447730828889372
1413 4.447730828889372
1414 4.447730828889372
1415 3.4217925174662946
1416 3.4217925174662946
1417 3.4217925174662946
1418 2.6102742255544404
1419 2.6102742255544404
1420 2.6102742255544404
1421 4.2125894970079445
1422 4.2125894970079445
1423 4.2125894970079445
1424 3.4559475791163616
1425 3.4559475791163616
1426 3.4559475791163616
1427 3.17586392229169
1428 3.17586392229169
1429 3.17586392229169
1430 1.9562331079404784
1431 1.9562331079404784
1432 1.9562331079404784
1433 3.87188956796499
1434 3.87188956796499
1435 3.87188956796499
1436 4.635659695838581
1437 4.635659695838581
1438 4.635659695838581
1439 4.143328647598052
1440 4.143328647598052
1441 4.143328647598052
1442 2.3268540434150866
1443 2.3268540434150866
1444 2.3268540434150866
1445 4.6110967311402975
1446 4.6110967311402975
1447 4.6110967311402975
1448 5.382845160919555
1449 5.382845160919555
1450 5.382845160919555
1451 2.3648441507482136
1452 2.3648441507482136
1453 2.3648441507482136
1454 3.1683411024590273
1455 3.1683411024590273
1456 3.1683411024590273
1457 4.544358606136932
1458 4.544358606136932
1459 4.544358606136932
1460 3.025543783532278
1461 3.025543783532278
1462 3.025543783532278
1463 4.692994532508762
1464 4.692994532508762
1465 4.692994532508762
1466 3.5498508045852017
1467 3.5498508045852017
1468 3.5498508045852017
1469 1.7434004364516258
1470 1.7434004364516258
1471 1.7434004364516258
1472 2.4756086653738043
1473 2.4756086653738043
1474 2.4756086653738043
1475 3.332518371744836
1476 3.332518371744836
1477 3.332518371744836
1478 5.500363923791854
1479 5.500363923791854
1480 5.500363923791854
1481 4.395581622003521
1482 4.395581622003521
1483 4.395581622003521
1484 2.823885762371452
1485 2.823885762371452
1486 2.823885762371452
1487 3.221310894813711
1488 3.221310894813711
1489 3.221310894813711
1490 3.503679826491478
1491 3.503679826491478
1492 3.503679826491478
1493 2.6644257793414523
1494 2.6644257793414523
1495 2.6644257793414523
1496 2.9284460225671585
1497 2.9284460225671585
1498 2.9284460225671585
1499 2.182176061829061
1500 2.182176061829061
1501 2.182176061829061
1502 5.030331070808216
1503 5.030331070808216
1504 5.030331070808216
1505 2.4269921610677443
1506 2.4269921610677443
1507 2.4269921610677443
1508 4.667417651328332
1509 4.667417651328332
1510 4.667417651328332
1511 3.508047707804548
1512 3.508047707804548
1513 3.508047707804548
1514 1.8231908420792944
1515 1.8231908420792944
1516 1.8231908420792944
1517 5.051378976826211
1518 5.051378976826211
1519 5.051378976826211
1520 2.5323119160054364
1521 2.5323119160054364
1522 2.5323119160054364
1523 2.579733351779481
1524 2.579733351779481
1525 2.579733351779481
1526 4.141258629150213
1527 4.141258629150213
1528 4.141258629150213
1529 4.583053756337716
1530 4.583053756337716
1531 4.583053756337716
1532 2.426783431468291
1533 2.426783431468291
1534 2.426783431468291
1535 2.3803904301150656
1536 2.3803904301150656
1537 2.3803904301150656
1538 3.3568897378858367
1539 3.3568897378858367
1540 3.3568897378858367
1541 4.166602995061916
1542 4.166602995061916
1543 4.166602995061916
1544 1.6461165816332823
1545 1.6461165816332823
1546 1.6461165816332823
1547 4.454862083503527
1548 4.454862083503527
1549 4.454862083503527
1550 4.793998771612186
1551 4.793998771612186
1552 4.793998771612186
1553 3.5461957806719315
1554 3.5461957806719315
1555 3.5461957806719315
1556 3.236276520133513
1557 3.236276520133513
1558 3.236276520133513
1559 2.005433348446733
1560 2.005433348446733
1561 2.005433348446733
1562 3.1938601445947428
1563 3.1938601445947428
1564 3.1938601445947428
1565 2.9575121973762326
1566 2.9575121973762326
1567 2.9575121973762326
1568 3.628172364481655
1569 1.524674748757821
1570 1.524674748757821
1571 1.524674748757821
1572 0.605699338587166
1573 0.605699338587166
1574 0.605699338587166
1575 1.065831969618987
1576 1.065831969618987
1577 1.065831969618987
1578 1.6046557328439837
1579 1.6046557328439837
1580 1.6046557328439837
1581 0.7060845588151978
1582 0.7060845588151978
1583 0.7060845588151978
1584 1.5176712601859335
1585 1.5176712601859335
1586 1.5176712601859335
1587 0.7332906363585121
1588 0.7332906363585121
1589 0.7332906363585121
1590 0.8366897025910565
1591 0.8366897025910565
1592 0.8366897025910565
1593 0.7305388513020743
1594 0.7305388513020743
1595 0.7305388513020743
1596 0.8351245028582217
1597 0.8351245028582217
1598 0.8351245028582217
1599 1.5063157631134232
1600 1.5063157631134232
1601 1.5063157631134232
1602 0.42811117482698835
1603 0.42811117482698835
1604 0.42811117482698835
1605 0.6456594242158411
1606 0.6456594242158411
1607 0.6456594242158411
1608 1.2722494393868642
1609 1.2722494393868642
1610 1.2722494393868642
1611 1.5720036040146943
1612 1.5720036040146943
1613 1.5720036040146943
1614 0.9366795056664896
1615 0.9366795056664896
1616 0.9366795056664896
1617 0.8743723624838541
1618 0.8743723624838541
1619 0.8743723624838541
1620 1.5606471590081514
1621 1.5606471590081514
1622 1.5606471590081514
1623 1.2554889538268545
1624 1.2554889538268545
1625 1.2554889538268545
1626 0.9026278178673939
1627 0.9026278178673939
1628 0.9026278178673939
1629 1.2840356611619577
1630 0.11558518359675753
1631 0.11558518359675753
1632 2.040673337020896
1633 2.040673337020896
1634 2.040673337020896
1635 0.8560792585009125
1636 0.8560792585009125
1637 0.8560792585009125
1638 1.9377242376596584
1639 1.9377242376596584
1640 1.9377242376596584
1641 1.0323318940040953
1642 1.0323318940040953
1643 1.0323318940040953
1644 1.549409154474499
1645 1.549409154474499
1646 1.549409154474499
1647 1.7834829036459914
1648 1.7834829036459914
1649 1.7834829036459914
1650 1.0615835292472628
1651 1.0615835292472628
1652 1.0615835292472628
1653 1.0239004759977846
1654 1.0239004759977846
1655 1.0239004759977846
1656 1.8280643975648283
1657 1.8280643975648283
1658 1.8280643975648283
1659 1.8727444628650316
1660 1.8727444628650316
1661 1.8727444628650316
1662 2.3356051056030696
1663 2.3356051056030696
1664 2.3356051056030696
1665 1.9416281228178647
1666 1.9416281228178647
1667 1.9416281228178647
1668 1.6853436706021567
1669 1.6853436706021567
1670 1.6853436706021567
1671 0.7268968196655202
1672 0.7268968196655202
1673 0.7268968196655202
1674 1.4759377034860193
1675 1.4759377034860193
1676 1.4759377034860193
1677 0.9259923772451654
1678 0.9259923772451654
1679 0.9259923772451654
1680 1.8089623243660133
1681 1.8089623243660133
1682 1.8089623243660133
1683 1.5935242946745118
1684 1.5935242946745118
1685 1.5935242946745118
1686 2.896874005030342
1687 2.896874005030342
1688 2.896874005030342
1689 1.6784137532724874
1690 1.6784137532724874
1691 1.6784137532724874
1692 2.835518734878118
1693 2.835518734878118
1694 2.835518734878118
1695 1.4798716888785801
1696 1.4798716888785801
1697 1.4798716888785801
1698 1.5060374650456827
1699 1.5060374650456827
1700 1.5060374650456827
1701 1.452305041011297
1702 1.452305041011297
1703 1.452305041011297
1704 0.9887731891482479
1705 0.9887731891482479
1706 0.9887731891482479
1707 0.9603876383408366
1708 0.9603876383408366
1709 0.9603876383408366
1710 1.1125595259430041
1711 1.1125595259430041
1712 1.1125595259430041
1713 0.9524334061486305
1714 0.9524334061486305
1715 0.9524334061486305
1716 1.0513659612876658
1717 1.0513659612876658
1718 1.0513659612876658
1719 1.0709880761550723
1720 1.0709880761550723
1721 1.0709880761550723
1722 2.4725343284015286
1723 2.4725343284015286
1724 2.4725343284015286
1725 1.741676244004683
1726 1.741676244004683
1727 1.741676244004683
1728 1.3780192458829865
1729 1.3780192458829865
1730 1.3780192458829865
1731 0.7740838643477446
1732 0.7740838643477446
1733 0.7740838643477446
1734 0.6075154220344965
1735 0.6075154220344965
1736 0.6075154220344965
1737 2.3980897671368218
1738 2.3980897671368218
1739 2.3980897671368218
1740 0.609004640063206
1741 0.609004640063206
1742 5.22401634331174
1743 5.22401634331174
1744 0.8256308129377998
1745 0.8256308129377998
1746 0.8256308129377998
1747 1.1879609689640631
1748 1.1879609689640631
1749 1.1879609689640631
1750 1.1055753753838986
1751 1.1055753753838986
1752 1.1055753753838986
1753 0.9923296897253662
1754 0.9923296897253662
1755 0.9923296897253662
1756 1.0862592665713748
1757 1.0862592665713748
1758 1.0862592665713748
1759 0.5525255122181109
1760 0.5525255122181109
1761 0.5525255122181109
1762 0.7149081441315276
1763 0.7149081441315276
1764 0.7149081441315276
1765 0.7572910494120473
1766 0.7572910494120473
1767 0.7572910494120473
1768 1.2033176838672524
1769 1.2033176838672524
1770 1.2033176838672524
1771 1.7403657909986232
1772 1.7403657909986232
1773 1.7403657909986232
1774 0.2770721598717958
1775 0.2770721598717958
1776 0.2770721598717958
1777 1.633876166889956
1778 1.633876166889956
1779 1.633876166889956
1780 0.7581303715492235
1781 0.7581303715492235
1782 0.7581303715492235
1783 0.7443978296047102
1784 0.7443978296047102
1785 0.7443978296047102
1786 0.7767549566067335
1787 0.7767549566067335
1788 0.7767549566067335
1789 0.3651839233159469
1790 0.20140215270597914
1791 0.20140215270597914
1792 0.20140215270597914
1793 0.1293326166872144
1794 0.1293326166872144
1795 0.1293326166872144
1796 0.19508609271033403
1797 0.19508609271033403
1798 0.19508609271033403
1799 0.27214356420498986
1800 0.27214356420498986
1801 0.27214356420498986
1802 0.17047284186868225
1803 0.17047284186868225
1804 0.17047284186868225
1805 0.2604300585046585
1806 0.2604300585046585
1807 0.2604300585046585
1808 0.2694888843032398
1809 0.2694888843032398
1810 0.2694888843032398
1811 0.21524720806119807
1812 0.21524720806119807
1813 0.21524720806119807
1814 0.20122867719938353
1815 0.20122867719938353
1816 0.20122867719938353
1817 0.2812592043224354
1818 0.2812592043224354
1819 0.2812592043224354
1820 0.18608209476147422
1821 0.18608209476147422
1822 0.18608209476147422
1823 0.24084148279282766
1824 0.24084148279282766
1825 0.24084148279282766
1826 0.9143417150433419
1827 0.9143417150433419
1828 0.9143417150433419
1829 1.4423763765848476
1830 1.4423763765848476
1831 1.4423763765848476
1832 1.0573092860308033
1833 1.0573092860308033
1834 1.0573092860308033
1835 1.2250002480222417
1836 1.2250002480222417
1837 1.2250002480222417
1838 1.1632513586389888
1839 2.453397256597983
1840 2.453397256597983
1841 2.453397256597983
1842 1.3282255615176082
1843 1.3282255615176082
1844 1.3282255615176082
1845 1.1236921077990283
1846 1.1236921077990283
1847 1.1236921077990283
1848 1.1194074531520533
1849 1.1194074531520533
1850 1.1194074531520533
1851 2.6174343026018985
1852 2.6174343026018985
1853 2.6174343026018985
1854 1.412956319697821
1855 1.412956319697821
1856 1.412956319697821
1857 1.9989093719522666
1858 1.9989093719522666
1859 1.9989093719522666
1860 2.1003834404413935
1861 2.1003834404413935
1862 2.1003834404413935
1863 1.579883249830317
1864 1.579883249830317
1865 1.579883249830317
1866 2.3434045608074263
1867 2.3434045608074263
1868 2.3434045608074263
1869 0.7541681030333347
1870 0.7541681030333347
1871 0.7541681030333347
1872 1.8433270240520236
1873 1.8433270240520236
1874 1.8433270240520236
1875 1.5776664788574168
1876 1.5776664788574168
1877 1.5776664788574168
1878 1.8647339232393094
1879 1.8647339232393094
1880 1.8647339232393094
1881 1.6242039094812362
1882 5.821222471681689
1883 5.821222471681689
1884 5.821222471681689
1885 6.227866527107677
1886 6.227866527107677
1887 6.227866527107677
1888 3.9421674019023873
1889 3.9421674019023873
1890 3.9421674019023873
1891 2.072900671140141
1892 2.072900671140141
1893 2.072900671140141
1894 2.589652557592566
1895 2.589652557592566
1896 0.6444275346863432
1897 0.6444275346863432
1898 0.6444275346863432
1899 0.602900833276616
1900 0.602900833276616
1901 0.602900833276616
1902 1.1077129124152012
1903 1.1077129124152012
1904 1.1077129124152012
1905 0.7178920251596168
1906 0.7178920251596168
1907 0.7178920251596168
1908 0.6916163900926613
1909 0.6916163900926613
1910 0.6916163900926613
1911 0.9344692450313975
1912 0.9344692450313975
1913 0.9344692450313975
1914 0.7788815242532565
1915 0.7788815242532565
1916 0.7788815242532565
1917 0.6433623837987643
1918 0.6433623837987643
1919 0.6433623837987643
1920 0.51507994073557
1921 0.51507994073557
1922 0.51507994073557
1923 1.065448855183923
1924 1.065448855183923
1925 1.065448855183923
1926 0.45587555155668474
1927 0.45587555155668474
1928 0.45587555155668474
1929 0.57057313553792
1930 0.57057313553792
1931 0.57057313553792
1932 0.9270858959075281
1933 0.9270858959075281
1934 0.9270858959075281
1935 0.8759242948444061
1936 0.8759242948444061
1937 0.8759242948444061
1938 0.7193050588632204
1939 0.7193050588632204
1940 0.7193050588632204
1941 0.5398309255564776
1942 0.5398309255564776
1943 0.5398309255564776
1944 0.5715933536582477
1945 0.5715933536582477
1946 0.5715933536582477
1947 0.8404092208850849
1948 0.8404092208850849
1949 0.8404092208850849
1950 0.8703175309624598
1951 0.8703175309624598
1952 0.8703175309624598
1953 0.40373436734503637
1954 0.40373436734503637
1955 0.40373436734503637
1956 0.4602367813017822
1957 0.4602367813017822
1958 0.4602367813017822
1959 0.9541665297156989
1960 0.9541665297156989
1961 0.9541665297156989
1962 0.915403959086942
1963 0.915403959086942
1964 0.915403959086942
1965 0.6884677749829048
1966 0.6884677749829048
1967 0.6884677749829048
1968 0.5641829067906945
1969 0.5641829067906945
1970 0.5641829067906945
1971 0.6868100534490332
1972 0.6868100534490332
1973 0.6868100534490332
1974 0.5308830061680362
1975 0.5308830061680362
1976 0.5308830061680362
1977 0.8193102549259637
1978 0.8193102549259637
1979 0.8193102549259637
1980 0.302022777377216
1981 0.302022777377216
1982 0.302022777377216
1983 0.5656899585259744
1984 0.5656899585259744
1985 0.5656899585259744
1986 0.6879779655742487
1987 0.6879779655742487
1988 0.6879779655742487
1989 0.8816285137010023
1990 0.8816285137010023
1991 0.8816285137010023
1992 0.45834803928528456
1993 0.45834803928528456
1994 0.45834803928528456
1995 0.7877408224447596
1996 0.7877408224447596
1997 0.7877408224447596
1998 0.7152895132634469
1999 0.7152895132634469
