0 1.0652075002194308
1 1.0652075002194308
2 2.3857334294481713
3 2.3857334294481713
4 0.6137186944270273
5 0.6137186944270273
6 0.9544093658922039
7 0.9544093658922039
8 4.276996407690242
9 4.276996407690242
10 4.235632672570486
11 4.235632672570486
12 7.164999568320763
13 7.164999568320763
14 3.619012695880623
15 3.619012695880623
16 1.3300827959992687
17 1.3300827959992687
18 2.438157813623084
19 2.438157813623084
20 4.469267938334136
21 4.469267938334136
22 4.096923169215636
23 4.096923169215636
24 1.1815286034462376
25 1.1815286034462376
26 5.545387015586466
27 5.545387015586466
28 4.6012459988027095
29 4.6012459988027095
30 4.0144392960690745
31 4.0144392960690745
32 8.360819844036062
33 8.360819844036062
34 5.690606743187213
35 5.690606743187213
36 4.053563393404071
37 4.053563393404071
38 3.7809397892498495
39 3.7809397892498495
40 5.312501982125425
41 5.312501982125425
42 4.001005408434343
43 4.001005408434343
44 5.182176424367607
45 5.182176424367607
46 2.7398762257448936
47 2.7398762257448936
48 2.1699803144953926
49 2.1699803144953926
50 4.199786447455699
51 4.199786447455699
52 3.1000919708379016
53 3.1000919708379016
54 5.783934784186937
55 5.783934784186937
56 5.034250141853021
57 5.034250141853021
58 4.133420558810761
59 4.133420558810761
60 0.4916460756347343
61 0.4916460756347343
62 4.702362944234818
63 4.702362944234818
64 4.1779943497161485
65 4.1779943497161485
66 2.7448055223233494
67 2.7448055223233494
68 6.834695685345256
69 6.834695685345256
70 5.306225528865744
71 5.306225528865744
72 6.9742303297440245
73 6.9742303297440245
74 3.4062898971792785
75 3.4062898971792785
76 4.417586953527043
77 4.417586953527043
78 3.0027132642722965
79 3.0027132642722965
80 2.8889436196629843
81 2.8889436196629843
82 3.204328668307225
83 3.204328668307225
84 2.581579011781727
85 2.581579011781727
86 2.1418144992763857
87 2.1418144992763857
88 2.481636678404783
89 2.481636678404783
90 2.415458116282467
91 2.415458116282467
92 1.4116064934794754
93 1.4116064934794754
94 4.308133212174116
95 4.308133212174116
96 2.7317741729881355
97 2.7317741729881355
98 2.668526464284647
99 2.668526464284647
100 2.301019437459372
101 2.301019437459372
102 0.6425108423109869
103 0.6425108423109869
104 3.9376359328366393
105 3.9376359328366393
106 2.7130723591399577
107 2.7130723591399577
108 3.7631476738994487
109 3.7631476738994487
110 2.338226954120949
111 2.338226954120949
112 1.64258335721178
113 1.64258335721178
114 4.040722005873224
115 4.040722005873224
116 3.450694543428657
117 3.450694543428657
118 3.126482970044841
119 3.126482970044841
120 2.8975617283408255
121 2.8975617283408255
122 0.48780400955661296
123 0.48780400955661296
124 3.006620930641099
125 3.006620930641099
126 2.733877361449226
127 2.733877361449226
128 3.6378057944067486
129 3.6378057944067486
130 4.953637096652351
131 4.953637096652351
132 4.327613418602346
133 4.327613418602346
134 3.828572874835896
135 3.828572874835896
136 4.186135253066511
137 4.186135253066511
138 3.8832816479136723
139 3.8832816479136723
140 4.391959020457525
141 4.391959020457525
142 2.990886211062487
143 2.990886211062487
144 4.529015488339912
145 4.529015488339912
146 2.9402793521049437
147 2.9402793521049437
148 2.7171694874671877
149 2.7171694874671877
150 4.685114905745011
151 4.685114905745011
152 3.7164031029536337
153 3.7164031029536337
154 3.2742891038914332
155 3.2742891038914332
156 2.8527785696312353
157 2.8527785696312353
158 2.7943750397566367
159 2.7943750397566367
160 3.4759400584319304
161 3.4759400584319304
162 4.023075804705607
163 4.023075804705607
164 5.059994557077172
165 5.059994557077172
166 2.2546161340920983
167 2.2546161340920983
168 4.013725486913827
169 4.013725486913827
170 4.893595880094425
171 4.893595880094425
172 3.74764739106798
173 3.74764739106798
174 0.133200297496598
175 0.133200297496598
176 1.6067591512654382
177 1.6067591512654382
178 4.890659682533441
179 4.890659682533441
180 2.944324701399319
181 2.944324701399319
182 2.686993819255347
183 2.686993819255347
184 2.4882023680659136
185 2.4882023680659136
186 1.0703313653899422
187 1.0703313653899422
188 1.1737304559657453
189 1.1737304559657453
190 1.1114860542952896
191 1.1114860542952896
192 0.46049319350656315
193 0.46049319350656315
194 1.47903670970557
195 1.47903670970557
196 0.8725353330292089
197 0.8725353330292089
198 1.0528257185813596
199 1.0528257185813596
200 0.77603803861897
201 0.77603803861897
202 1.5197074822936467
203 1.5197074822936467
204 1.6556719147241608
205 1.6556719147241608
206 1.559222677530769
207 1.559222677530769
208 0.6162997351597506
209 0.6162997351597506
210 1.1795796462774768
211 1.1795796462774768
212 0.435490824651261
213 0.435490824651261
214 1.507039988130828
215 1.507039988130828
216 0.6583314879891882
217 0.6583314879891882
218 1.014092968461701
219 1.014092968461701
220 0.9569689047612449
221 0.9569689047612449
222 1.6821490955604859
223 1.6821490955604859
224 2.1344111474587413
225 2.1344111474587413
226 0.955770683603909
227 0.955770683603909
228 0.7819885153197299
229 0.7819885153197299
230 1.367301217182912
231 1.367301217182912
232 0.9738861185027805
233 0.9738861185027805
234 0.8097474410876111
235 0.8097474410876111
236 1.1428536743607332
237 1.1428536743607332
238 1.0042983261036664
239 1.0042983261036664
240 0.7343169463488548
241 0.7343169463488548
242 0.5375555716259409
243 0.5375555716259409
244 1.3561429240815863
245 1.3561429240815863
246 0.7256592171501286
247 0.7256592171501286
248 1.3519406870495645
249 1.3519406870495645
250 1.4338139001184238
251 1.4338139001184238
252 0.5502345359675008
253 0.5502345359675008
254 0.44178558634823495
255 0.44178558634823495
256 0.4182151396742013
257 0.4182151396742013
258 1.135287719400628
259 1.135287719400628
260 1.4013741960978958
261 1.4013741960978958
262 1.2399775707342884
263 1.2399775707342884
264 1.720393194405748
265 1.720393194405748
266 1.9257082675250239
267 1.9257082675250239
268 1.4157886846964591
269 1.4157886846964591
270 0.5812023532225135
271 0.5812023532225135
272 0.5153601964249919
273 0.5153601964249919
274 1.1858380581008605
275 1.1858380581008605
276 1.1886067987306324
277 1.1886067987306324
278 0.2132977474392549
279 0.2132977474392549
280 0.6912397600801468
281 0.6912397600801468
282 0.6793246766394122
283 0.6793246766394122
284 1.127359113223097
285 1.127359113223097
286 0.6669431761314568
287 0.6669431761314568
288 1.2688162683094513
289 1.2688162683094513
290 0.8715276734309645
291 0.8715276734309645
292 1.010078661678118
293 1.010078661678118
294 0.8187625950198525
295 0.8187625950198525
296 1.1131721815441702
297 1.1131721815441702
298 0.9759357668497937
299 0.9759357668497937
300 1.127778690785082
301 2.2493297502546366
302 2.2493297502546366
303 3.1804080724995583
304 3.1804080724995583
305 1.6892713263727344
306 1.6892713263727344
307 3.032397455608272
308 3.032397455608272
309 4.365784286497173
310 4.365784286497173
311 2.307523865588646
312 2.307523865588646
313 2.748920445436662
314 2.748920445436662
315 1.6704107029830846
316 1.6704107029830846
317 4.139921420561916
318 4.139921420561916
319 4.427614131391076
320 4.427614131391076
321 1.8191541285054047
322 1.8191541285054047
323 3.0673800258513295
324 3.0673800258513295
325 2.6695079838127453
326 2.6695079838127453
327 3.9571213415521926
328 3.9571213415521926
329 1.2144929977064207
330 1.2144929977064207
331 2.897264042949649
332 2.897264042949649
333 2.1506594605117457
334 2.1506594605117457
335 2.838379056743372
336 2.838379056743372
337 2.803512366314567
338 2.803512366314567
339 0.9371942630461685
340 0.9371942630461685
341 3.8602075824550397
342 3.8602075824550397
343 2.1559712958591057
344 2.1559712958591057
345 4.012131902803031
346 4.012131902803031
347 2.9158077870865604
348 2.9158077870865604
349 4.740060104804199
350 4.740060104804199
351 3.0613246780438965
352 3.0613246780438965
353 3.97798213080279
354 3.97798213080279
355 2.8854678844475363
356 2.8854678844475363
357 1.9766911091203192
358 1.9766911091203192
359 2.043261274993869
360 2.043261274993869
361 3.039528298537712
362 3.039528298537712
363 1.1453258903120052
364 1.1453258903120052
365 0.6137037295654291
366 0.6137037295654291
367 3.8277506018645338
368 3.8277506018645338
369 4.056041899283652
370 4.056041899283652
371 2.2603664566261426
372 2.2603664566261426
373 2.778138232817497
374 2.778138232817497
375 4.146637812982622
376 4.146637812982622
377 0.42856155274741825
378 0.42856155274741825
379 2.9671905491954473
380 1.481827717565352
381 1.481827717565352
382 2.948410058146872
383 2.948410058146872
384 2.4889468722590964
385 2.4889468722590964
386 2.5911144464117424
387 2.5911144464117424
388 1.7201912767361294
389 1.7201912767361294
390 2.341916297242047
391 2.341916297242047
392 1.4262047476526019
393 1.4262047476526019
394 2.982951090716033
395 2.982951090716033
396 1.8480617650370559
397 1.8480617650370559
398 1.6760319289223529
399 1.6760319289223529
400 3.1593472544666343
401 3.1593472544666343
402 0.7215482291945337
403 0.7215482291945337
404 1.846184291590845
405 1.846184291590845
406 1.7239514960129525
407 1.7239514960129525
408 1.481450365406375
409 1.481450365406375
410 0.8999089073718514
411 0.8999089073718514
412 1.0962817235096338
413 1.0962817235096338
414 1.519908415223502
415 1.519908415223502
416 0.9883705602187269
417 0.9883705602187269
418 2.2652220882046477
419 2.2652220882046477
420 1.2857209216473393
421 1.2857209216473393
422 0.6744411972493132
423 0.6744411972493132
424 1.8601679241911595
425 1.8601679241911595
426 2.094169021779677
427 2.094169021779677
428 1.6942123926843924
429 1.6942123926843924
430 2.0400112175051945
431 2.0400112175051945
432 1.5709629837311154
433 1.5709629837311154
434 2.917351959135946
435 2.917351959135946
436 2.705328751736092
437 2.705328751736092
438 0.1
439 0.1
440 2.8971458740776566
441 2.8971458740776566
442 0.6010600501556
443 0.6010600501556
444 3.3396646314372713
445 3.3396646314372713
446 1.9861708015282742
447 1.9861708015282742
448 2.082078255118124
449 2.082078255118124
450 1.4325752621427366
451 1.4325752621427366
452 3.048317562447582
453 3.048317562447582
454 1.1047489425736483
455 1.1047489425736483
456 2.4097439325022005
457 2.4097439325022005
458 0.970134254879762
459 0.970134254879762
460 1.2593233488454687
461 1.2593233488454687
462 2.7885245273036734
463 2.7885245273036734
464 3.056894793532858
465 3.056894793532858
466 1.56230815284788
467 1.56230815284788
468 1.4665159401932497
469 1.4665159401932497
470 3.491256675573162
471 3.491256675573162
472 3.5079289570793097
473 3.5079289570793097
474 3.250815102874009
475 3.250815102874009
476 1.5128962868094618
477 1.5128962868094618
478 3.7679357173553094
479 3.7679357173553094
480 2.9258529843484498
481 2.9258529843484498
482 0.5475616996273489
483 0.5475616996273489
484 2.8974977003319626
485 2.8974977003319626
486 2.870905941941788
487 2.870905941941788
488 0.6990598350047312
489 0.6990598350047312
490 0.8345588307109724
491 0.8345588307109724
492 1.2646231294985668
493 1.2646231294985668
494 1.0319915466091287
495 1.0319915466091287
496 2.4494411367460223
497 2.4494411367460223
498 0.7992912716712763
499 0.7992912716712763
500 1.6267925009086512
501 1.6267925009086512
502 1.3522104677672835
503 1.3522104677672835
504 1.7865813373286308
505 1.7865813373286308
506 2.0208636589505655
507 2.0208636589505655
508 0.5447333717928337
509 0.5447333717928337
510 0.8334637781652752
511 0.8334637781652752
512 0.7039866173660178
513 0.7039866173660178
514 0.5092047318886889
515 0.5092047318886889
516 0.43620145387955567
517 0.43620145387955567
518 0.191628990250388
519 0.191628990250388
520 0.5458466786616619
521 0.5458466786616619
522 0.5407087833898585
523 0.5407087833898585
524 0.7632572094767242
525 0.7632572094767242
526 0.323224115955672
527 0.323224115955672
528 0.44215815954787585
529 0.44215815954787585
530 0.8892929003510615
531 0.8892929003510615
532 1.4531067368083526
533 1.4531067368083526
534 0.8116939049900029
535 0.8116939049900029
536 0.862913580270706
537 0.862913580270706
538 0.6435106246596347
539 0.6435106246596347
540 0.5576014546559018
541 0.5576014546559018
542 0.4020452256671533
543 0.4020452256671533
544 0.7332970136082257
545 0.7332970136082257
546 0.41510851360133005
547 0.41510851360133005
548 0.5383928330877328
549 0.5383928330877328
550 0.8874277060781408
551 0.8874277060781408
552 0.9056522521949322
553 0.9056522521949322
554 0.8737364540676932
555 0.8737364540676932
556 0.1
557 0.1
558 0.5970085055107114
559 0.5970085055107114
560 0.7804132323350564
561 0.7804132323350564
562 0.6002565266556151
563 0.6002565266556151
564 0.9460626976668559
565 0.9460626976668559
566 0.3367698817009597
567 0.3367698817009597
568 0.9705928807870353
569 0.9705928807870353
570 0.7708549924483721
571 0.7708549924483721
572 0.368875297320733
573 0.368875297320733
574 1.1374731961404503
575 1.1374731961404503
576 0.32245082875805675
577 0.32245082875805675
578 0.47408426156206585
579 0.47408426156206585
580 0.633430766144901
581 0.633430766144901
582 0.9794723911246125
583 0.9794723911246125
584 0.9241711925127087
585 0.9241711925127087
586 0.8911680999654783
587 0.8911680999654783
588 0.9025935532006257
589 0.9025935532006257
590 0.4146865702294016
591 0.4146865702294016
592 1.0405079354004338
593 1.0405079354004338
594 0.7789045201521005
595 0.7789045201521005
596 1.1400375027009004
597 1.1400375027009004
598 0.5784466582610899
599 0.5784466582610899
600 0.6626774199340832
601 0.6626774199340832
602 0.9370030983680596
603 0.9370030983680596
604 0.6746657578412651
605 0.6746657578412651
606 0.6459970672856425
607 0.6459970672856425
608 0.31813852448676383
609 0.31813852448676383
610 0.4556864777102754
611 0.4556864777102754
612 0.6541598380882533
613 0.6541598380882533
614 0.7787394128192191
615 0.7787394128192191
616 0.57083930556441
617 0.57083930556441
618 1.3068135618971806
619 1.3068135618971806
620 0.7557558830195087
621 0.7557558830195087
622 0.6622970784054921
623 0.6622970784054921
624 0.8794440007251435
625 0.8794440007251435
626 0.7821998374543858
627 0.7821998374543858
628 0.7167350504867696
629 0.7167350504867696
630 0.7552747362856062
631 0.7552747362856062
632 0.7688943931888454
633 0.7688943931888454
634 0.8183193070978962
635 0.8183193070978962
636 0.34153256978777347
637 0.34153256978777347
638 0.8951227110028569
639 0.8951227110028569
640 0.4380198382103897
641 0.4380198382103897
642 0.5265296654710239
643 0.5265296654710239
644 0.7718805307911739
645 0.7718805307911739
646 0.32685483002487037
647 0.32685483002487037
648 0.491817457838404
649 0.491817457838404
650 0.1
651 0.1
652 0.7835078345841077
653 0.7835078345841077
654 0.4919005408315966
655 0.4919005408315966
656 1.0436042698952657
657 1.0436042698952657
658 0.7638293772690338
659 0.7638293772690338
660 0.2908408006747913
661 0.2908408006747913
662 0.30025417029724394
663 0.30025417029724394
664 0.4444236472782919
665 0.4444236472782919
666 0.6684475069530361
667 0.6684475069530361
668 0.7647495485796131
669 0.7647495485796131
670 0.5051646382964183
671 0.5051646382964183
672 0.8527192851203369
673 0.8527192851203369
674 0.8076975957224146
675 0.8076975957224146
676 1.329221003350353
677 1.329221003350353
678 0.5289341413975213
679 0.5289341413975213
680 0.5974007471435815
681 0.5974007471435815
682 0.5566440224470294
683 0.5566440224470294
684 0.6368854076521842
685 0.6368854076521842
686 0.8419061574106412
687 0.8419061574106412
688 1.024320110353949
689 1.024320110353949
690 0.5887204116463417
691 0.5887204116463417
692 0.7829501831477597
693 0.7829501831477597
694 0.794763486421634
695 0.794763486421634
696 0.3220396508429725
697 0.3220396508429725
698 0.6708667776719233
699 0.6708667776719233
700 0.6555967387279857
701 0.6555967387279857
702 0.6001547532310364
703 0.6001547532310364
704 0.4084191774713736
705 0.4084191774713736
706 1.065722201532998
707 1.065722201532998
708 1.081948403828678
709 1.081948403828678
710 0.9828846457231992
711 0.9828846457231992
712 0.5634764250368092
713 0.5634764250368092
714 0.7901211797659675
715 0.1
716 0.1
717 0.27724273796690735
718 0.27724273796690735
719 0.12172026113543961
720 0.12172026113543961
721 0.12907645924920846
722 0.12907645924920846
723 0.2596920821513889
724 0.2596920821513889
725 0.26217412164719844
726 0.26217412164719844
727 0.27754102490624605
728 0.27754102490624605
729 0.3426736183077168
730 0.3426736183077168
731 0.2536745596817705
732 0.2536745596817705
733 0.3131478912597989
734 0.3131478912597989
735 0.1
736 0.1
737 0.13482260611732472
738 0.13482260611732472
739 0.25612420494958055
740 0.25612420494958055
741 0.26587038582426026
742 0.26587038582426026
743 0.17172118072888087
744 0.17172118072888087
745 0.27657086053636726
746 0.27657086053636726
747 0.1
748 0.1
749 0.1
750 0.1
751 0.3004673923378305
752 0.3004673923378305
753 0.16978504224724375
754 0.16978504224724375
755 0.1863429595275236
756 0.1863429595275236
757 0.34117335932653026
758 0.34117335932653026
759 0.21082468392694875
760 0.21082468392694875
761 0.20720191318918701
762 0.20720191318918701
763 0.2243939033076105
764 0.2243939033076105
765 0.20167510690355087
766 0.20167510690355087
767 0.10357525659003533
768 0.10357525659003533
769 0.32349927061792083
770 0.32349927061792083
771 0.1
772 0.1
773 0.2873264516028307
774 0.2873264516028307
775 0.1
776 0.1
777 0.1347237419223873
778 0.1347237419223873
779 0.2375479479467783
780 0.2375479479467783
781 0.2380872946315249
782 0.2380872946315249
783 0.13872711091795598
784 0.13872711091795598
785 0.10456714914292375
786 0.10456714914292375
787 0.21748875658726902
788 0.21748875658726902
789 0.3338870240899924
790 0.3338870240899924
791 0.1857672002807627
792 0.1857672002807627
793 0.21409387123438794
794 0.21409387123438794
795 0.27665509502781555
796 0.27665509502781555
797 0.12944564401588032
798 0.12944564401588032
799 0.33547277556919175
800 0.33547277556919175
801 0.21924150362224745
802 0.21924150362224745
803 0.23786263881415703
804 0.23786263881415703
805 0.18031715932908313
806 0.18031715932908313
807 0.26613849374742254
808 0.26613849374742254
809 0.33878070059038323
810 0.33878070059038323
811 0.22568487443849797
812 0.22568487443849797
813 0.11798696167284027
814 0.11798696167284027
815 0.10922745601275974
816 0.10922745601275974
817 0.29827616886401975
818 0.29827616886401975
819 0.222417213302043
820 0.222417213302043
821 0.1897950160073313
822 0.1897950160073313
823 0.22676167030954777
824 0.22676167030954777
825 0.15470278766839293
826 0.15470278766839293
827 0.32537748672096745
828 0.32537748672096745
829 0.16086939150807839
830 2.699754296976877
831 2.699754296976877
832 2.709890601222212
833 2.709890601222212
834 3.997824156893432
835 3.997824156893432
836 1.9085902119871125
837 1.9085902119871125
838 2.839891679786591
839 2.839891679786591
840 2.865174730928692
841 2.865174730928692
842 0.7651904465156818
843 0.7651904465156818
844 0.9773408135754005
845 0.9773408135754005
846 3.0997245210104802
847 3.0997245210104802
848 1.208837860960742
849 0.24981166430196577
850 0.24981166430196577
851 0.21296452712014885
852 0.21296452712014885
853 0.18204645306716982
854 0.18204645306716982
855 0.28653351976222946
856 0.28653351976222946
857 0.1740324009142314
858 0.1740324009142314
859 0.26125031171518975
860 0.26125031171518975
861 0.19222907402549563
862 0.19222907402549563
863 0.12015826059648303
864 0.12015826059648303
865 0.1
866 0.1
867 0.11715438066125247
868 0.11715438066125247
869 0.1098504147089207
870 0.1098504147089207
871 0.1
872 0.1
873 0.29190638276646547
874 0.29190638276646547
875 0.2557285275309419
876 0.2557285275309419
877 0.26643294856720035
878 0.26643294856720035
879 0.20867421329004435
880 0.20867421329004435
881 0.13205925172301913
882 0.13205925172301913
883 0.10210404009105985
884 0.10210404009105985
885 0.149785636742153
886 0.149785636742153
887 0.14098772142390797
888 0.14098772142390797
889 0.18626063005809837
890 0.18626063005809837
891 0.1343984381434185
892 0.1343984381434185
893 0.2522487329962249
894 0.2522487329962249
895 0.19612689156535268
896 0.19612689156535268
897 0.2166087356049066
898 0.2166087356049066
899 0.2399114771871015
900 0.2399114771871015
901 0.1757360509545191
902 0.1757360509545191
903 0.21631934253021143
904 0.21631934253021143
905 0.27736412939466776
906 0.27736412939466776
907 0.233781122181785
908 0.233781122181785
909 0.17022504742500824
910 0.17022504742500824
911 0.3270039854557791
912 0.3270039854557791
913 0.2086428400216344
914 0.2086428400216344
915 0.20565887999618135
916 0.20565887999618135
917 0.1
918 0.1
919 0.13240175230094828
920 0.13240175230094828
921 0.2808691849610445
922 0.2808691849610445
923 0.23290495986542345
924 0.23290495986542345
925 0.20802282786791987
926 0.20802282786791987
927 0.22170765174378365
928 0.22170765174378365
929 0.33717487432388715
930 0.33717487432388715
931 0.13228976831552397
932 0.13228976831552397
933 0.3147176897000435
934 0.3147176897000435
935 0.22272549775007328
936 0.22272549775007328
937 0.2638333891612853
938 0.2638333891612853
939 0.16402431231010697
940 0.16402431231010697
941 0.13067791263371298
942 0.13067791263371298
943 0.20076956658998274
944 0.20076956658998274
945 0.15184280813770548
946 0.15184280813770548
947 0.10308278183757139
948 0.10308278183757139
949 0.3196943613959051
950 0.3196943613959051
951 0.23703767503069714
952 0.23703767503069714
953 0.11157160456751948
954 0.11157160456751948
955 0.1767348850335136
956 0.1767348850335136
957 0.2597908648097347
958 0.2597908648097347
959 0.19646671655570666
960 0.19646671655570666
961 0.12020875824525018
962 0.12020875824525018
963 0.11901048943740847
964 0.11901048943740847
965 0.23495855180914643
966 0.23495855180914643
967 0.2791869165660678
968 0.2791869165660678
969 0.1
970 0.1
971 0.1
972 0.1
973 0.20402846448643314
974 0.20402846448643314
975 0.16225354984964985
976 0.16225354984964985
977 0.2400843396370442
978 0.2400843396370442
979 0.11344026283325627
980 0.11344026283325627
981 0.16338020828617134
982 0.16338020828617134
983 0.1
984 0.1
985 0.1930506544733628
986 0.1930506544733628
987 0.148487323487288
988 0.148487323487288
989 0.18515145642412795
990 0.18515145642412795
991 0.10704533607412568
992 0.10704533607412568
993 0.1
994 0.1
995 0.2886075353415119
996 0.2886075353415119
997 0.2399296864033196
998 0.2399296864033196
999 0.22670915801992886
1000 0.22670915801992886
1001 0.27401520847723304
1002 0.27401520847723304
1003 0.2524965247882348
1004 0.2524965247882348
1005 0.1
1006 0.1
1007 0.1
1008 0.1
1009 0.17270952264597292
1010 0.17270952264597292
1011 0.1
1012 0.1
1013 0.18200578940715775
1014 0.18200578940715775
1015 0.1
1016 0.1
1017 0.22132040686588894
1018 0.22132040686588894
1019 0.2055412969490614
1020 0.2055412969490614
1021 0.24518953329969662
1022 0.24518953329969662
1023 0.262170029838629
1024 0.262170029838629
1025 0.20522123137357198
1026 0.20522123137357198
1027 0.23175710041824593
1028 0.23175710041824593
1029 0.2164716043224184
1030 0.2164716043224184
1031 0.13173543920932818
1032 0.13173543920932818
1033 0.2527608469261062
1034 0.2527608469261062
1035 0.1
1036 0.1
1037 0.11800238018971455
1038 0.11800238018971455
1039 0.1229698477242695
1040 0.1229698477242695
1041 0.15970493368576125
1042 0.15970493368576125
1043 0.1644208842676626
1044 0.1644208842676626
1045 0.26394439202406317
1046 0.26394439202406317
1047 0.26468414423086206
1048 0.26468414423086206
1049 0.2034014107057937
1050 0.2034014107057937
1051 0.25017559093314584
1052 0.25017559093314584
1053 0.24761316877341827
1054 0.24761316877341827
1055 0.4220868293403656
1056 0.4220868293403656
1057 0.2009619752725685
1058 0.2009619752725685
1059 0.2815756489647564
1060 0.2815756489647564
1061 0.19105407304022803
1062 0.19105407304022803
1063 0.1
1064 0.1
1065 0.16700767111022352
1066 0.16700767111022352
1067 0.18151065720296936
1068 0.18151065720296936
1069 0.16231850870550218
1070 0.16231850870550218
1071 0.21325751829138542
1072 0.21325751829138542
1073 0.12037256427134474
1074 0.12037256427134474
1075 0.24182721821469869
1076 0.24182721821469869
1077 0.1
1078 0.1
1079 0.12307169810564665
1080 0.12307169810564665
1081 0.2851731439414323
1082 0.2851731439414323
1083 0.14844651454063668
1084 0.14844651454063668
1085 0.3688921190379987
1086 0.3688921190379987
1087 0.23295056829271704
1088 0.23295056829271704
1089 0.2864041714667632
1090 0.2864041714667632
1091 0.2755190517597355
1092 0.2755190517597355
1093 0.16102210553067572
1094 0.16102210553067572
1095 0.260172136139418
1096 0.260172136139418
1097 0.26099118076167555
1098 0.26099118076167555
1099 0.15749570118167916
1100 0.15749570118167916
1101 0.39241261046378845
1102 0.39241261046378845
1103 0.11742454698610583
1104 0.11742454698610583
1105 0.29352000933446887
1106 0.29352000933446887
1107 0.20356910579665047
1108 0.20356910579665047
1109 0.26778670511649905
1110 0.26778670511649905
1111 0.2720346259656183
1112 0.2720346259656183
1113 0.1274518013640401
1114 0.1274518013640401
1115 0.1493463190207726
1116 0.1493463190207726
1117 0.22178780557642805
1118 0.22178780557642805
1119 0.1
1120 0.1
1121 0.13850243744758786
1122 0.13850243744758786
1123 0.23678348653087689
1124 0.23678348653087689
1125 0.1968302582686571
1126 0.1968302582686571
1127 0.20768948211209773
1128 0.20768948211209773
1129 0.2790221600512869
1130 0.2790221600512869
1131 0.37858985653625365
1132 0.37858985653625365
1133 0.18377030879225092
1134 0.18377030879225092
1135 0.2305775228564338
1136 0.2305775228564338
1137 0.12605823662386934
1138 0.12605823662386934
1139 0.2686343557985023
1140 0.2686343557985023
1141 0.19475039230045396
1142 0.19475039230045396
1143 0.40573189370989327
1144 0.40573189370989327
1145 0.2999192205069567
1146 0.2999192205069567
1147 0.24987493548665612
1148 0.24987493548665612
1149 0.11925633209301591
1150 0.11925633209301591
1151 0.19281535062355112
1152 0.19281535062355112
1153 0.12033287451582342
1154 0.12033287451582342
1155 0.21896994641281392
1156 0.21896994641281392
1157 0.10981740528640169
1158 0.10981740528640169
1159 0.26248497829911904
1160 0.26248497829911904
1161 0.1633327632925733
1162 0.1633327632925733
1163 1.3837479455862636
1164 1.3837479455862636
1165 1.0614709445614976
1166 1.0614709445614976
1167 0.40334857365495613
1168 0.40334857365495613
1169 0.29997577136682374
1170 0.29997577136682374
1171 0.7804684944844534
1172 0.7804684944844534
1173 0.46753243712638315
1174 0.46753243712638315
1175 0.1
1176 0.1
1177 0.8584002583998094
1178 0.8584002583998094
1179 0.7171505355460259
1180 0.7171505355460259
1181 0.14581956548809227
1182 0.14581956548809227
1183 0.35844611863692244
1184 0.35844611863692244
1185 0.9028153606774127
1186 0.9028153606774127
1187 0.4901188582520478
1188 0.4901188582520478
1189 0.3203495027669602
1190 0.3203495027669602
1191 1.015672343343811
1192 1.015672343343811
1193 0.7801391475167535
1194 0.7801391475167535
1195 0.1
1196 0.1
1197 0.7276082021738681
1198 0.7276082021738681
1199 0.7954604262123185
1200 0.7954604262123185
1201 0.6456043562428844
1202 0.6456043562428844
1203 0.3295449742954945
1204 0.3295449742954945
1205 0.7260103029751188
1206 0.7260103029751188
1207 0.5051424885460192
1208 0.5051424885460192
1209 1.2020290593601306
1210 1.2020290593601306
1211 0.6190127216734146
1212 0.6190127216734146
1213 0.9619092674544115
1214 0.9619092674544115
1215 0.864961065044213
1216 0.864961065044213
1217 0.2857045410487207
1218 0.2857045410487207
1219 0.8540284869165146
1220 0.8540284869165146
1221 0.6496814439248579
1222 0.6496814439248579
1223 0.61289672415003
1224 0.61289672415003
1225 0.6996703504091866
1226 0.6996703504091866
1227 0.403071861643705
1228 0.403071861643705
1229 0.740318984906941
1230 0.740318984906941
1231 0.8238052458141378
1232 2.392022691960361
1233 2.392022691960361
1234 3.1652500462223845
1235 3.1652500462223845
1236 2.536245975552057
1237 2.536245975552057
1238 2.3426448472227794
1239 2.3426448472227794
1240 0.915437025933864
1241 0.915437025933864
1242 0.9436361226481664
1243 0.9436361226481664
1244 1.7486946933115592
1245 1.7486946933115592
1246 2.047708735542625
1247 2.047708735542625
1248 1.67262741044305
1249 1.67262741044305
1250 2.2411566822086
1251 2.2411566822086
1252 1.169522449919402
1253 1.169522449919402
1254 1.973539814901429
1255 1.973539814901429
1256 1.5849247149434509
1257 1.5849247149434509
1258 2.35495990288009
1259 2.35495990288009
1260 2.37898087479198
1261 2.37898087479198
1262 2.2292330509554676
1263 2.2292330509554676
1264 2.326953489606854
1265 2.326953489606854
1266 2.0321430182373947
1267 2.0321430182373947
1268 2.390310422501847
1269 2.390310422501847
1270 0.9289896181944934
1271 0.9289896181944934
1272 3.198182347541362
1273 3.198182347541362
1274 0.8926497669890974
1275 0.8926497669890974
1276 2.2407392935246544
1277 2.2407392935246544
1278 1.7641638962186557
1279 1.7641638962186557
1280 1.6908418919025041
1281 1.6908418919025041
1282 1.61995212780028
1283 1.61995212780028
1284 3.466730838742662
1285 3.466730838742662
1286 3.758672432202924
1287 3.758672432202924
1288 2.507202438994754
1289 2.507202438994754
1290 0.7142415674642464
1291 0.7142415674642464
1292 1.0361821548447696
1293 1.0361821548447696
1294 1.8260293286114457
1295 1.8260293286114457
1296 0.9914960863190616
1297 0.9914960863190616
1298 1.2693264246956455
1299 1.2693264246956455
1300 2.705260017847243
1301 2.705260017847243
1302 3.024717718100643
1303 3.024717718100643
1304 3.2786046558160655
1305 3.2786046558160655
1306 1.2577153849510987
1307 1.2577153849510987
1308 1.8281587513177064
1309 1.8281587513177064
1310 0.9854161145686224
1311 0.9854161145686224
1312 2.819063916702124
1313 2.819063916702124
1314 1.6909445736161963
1315 1.6909445736161963
1316 1.9980468655736079
1317 1.9980468655736079
1318 1.6312929908743432
1319 1.6312929908743432
1320 4.517706366586203
1321 4.517706366586203
1322 1.8697351812035805
1323 1.8697351812035805
1324 3.89505905520414
1325 3.89505905520414
1326 3.53387032303364
1327 3.53387032303364
1328 3.239149009272841
1329 3.239149009272841
1330 3.7960076012716963
1331 3.7960076012716963
1332 0.9975535073315733
1333 0.9975535073315733
1334 3.1264251995256322
1335 3.1264251995256322
1336 1.793982812991981
1337 1.793982812991981
1338 2.1651393243781785
1339 2.1651393243781785
1340 2.8399724657919125
1341 2.8399724657919125
1342 2.255790716986476
1343 2.255790716986476
1344 2.6157393711289605
1345 2.6157393711289605
1346 3.0191513438796234
1347 3.0191513438796234
1348 3.8207462259191565
1349 3.8207462259191565
1350 2.6947956117995737
1351 2.6947956117995737
1352 4.089572240097237
1353 4.089572240097237
1354 4.071299178718407
1355 4.071299178718407
1356 2.7161161373708476
1357 2.7161161373708476
1358 0.7889185810507875
1359 0.7889185810507875
1360 2.9578916960361212
1361 2.9578916960361212
1362 3.094207398567614
1363 3.094207398567614
1364 4.219528080319345
1365 4.219528080319345
1366 4.4281729533757614
1367 4.4281729533757614
1368 3.6269350550913293
1369 3.6269350550913293
1370 4.78895481778564
1371 4.78895481778564
1372 4.923841152531211
1373 4.923841152531211
1374 4.1873777952124565
1375 4.1873777952124565
1376 3.7661803488289927
1377 3.7661803488289927
1378 5.564010656869915
1379 5.564010656869915
1380 2.4528480359637808
1381 2.4528480359637808
1382 1.7210302932027384
1383 1.7210302932027384
1384 4.349592532210464
1385 4.349592532210464
1386 2.440830197371416
1387 2.440830197371416
1388 2.703483114069736
1389 2.703483114069736
1390 2.4906854890534627
1391 2.4906854890534627
1392 3.962891156421605
1393 3.962891156421605
1394 4.669312236394964
1395 4.669312236394964
1396 4.447582879358002
1397 4.447582879358002
1398 2.519932404612679
1399 2.519932404612679
1400 4.492116816255307
1401 4.492116816255307
1402 5.3820739345784485
1403 5.3820739345784485
1404 5.380629907571141
1405 5.380629907571141
1406 2.3928333002925752
1407 2.3928333002925752
1408 1.7676214667781953
1409 1.7676214667781953
1410 3.393497435856993
1411 3.393497435856993
1412 5.195421710946777
1413 5.195421710946777
1414 3.8042549565299812
1415 3.8042549565299812
1416 5.093480210395569
1417 5.093480210395569
1418 2.2389519509182385
1419 2.2389519509182385
1420 3.6511095322674043
1421 3.6511095322674043
1422 2.03714185491177
1423 2.03714185491177
1424 2.296092887356857
1425 2.296092887356857
1426 5.226453829610104
1427 5.226453829610104
1428 1.6575696587324864
1429 1.6575696587324864
1430 0.9339980889762662
1431 0.9339980889762662
1432 4.9063072765725995
1433 4.9063072765725995
1434 2.428297343311061
1435 2.428297343311061
1436 3.47987542978619
1437 3.47987542978619
1438 4.227877891144287
1439 4.227877891144287
1440 2.664456175937255
1441 2.664456175937255
1442 4.977908945850992
1443 4.977908945850992
1444 3.9600909371711195
1445 3.9600909371711195
1446 5.872862587315726
1447 5.872862587315726
1448 3.554345917123246
1449 3.554345917123246
1450 5.356949654706219
1451 5.356949654706219
1452 3.678602030168849
1453 3.678602030168849
1454 4.268422884508948
1455 4.268422884508948
1456 1.5082499890522238
1457 1.5082499890522238
1458 3.8399973162478376
1459 3.8399973162478376
1460 2.1885107949588583
1461 2.1885107949588583
1462 2.3667694176382357
1463 2.3667694176382357
1464 1.1414901374459934
1465 1.1414901374459934
1466 7.384455818859228
1467 7.384455818859228
1468 3.578933457640072
1469 3.578933457640072
1470 4.642159189131961
1471 4.642159189131961
1472 3.3685248379092916
1473 3.3685248379092916
1474 2.7870491432249773
1475 2.7870491432249773
1476 6.811487410464828
1477 6.811487410464828
1478 4.422090891126085
1479 4.422090891126085
1480 4.0807916659757595
1481 4.0807916659757595
1482 4.468750132172179
1483 4.468750132172179
1484 5.367571716730688
1485 5.367571716730688
1486 2.031353086120781
1487 2.031353086120781
1488 2.85792549865305
1489 2.85792549865305
1490 3.0716528280476694
1491 3.0716528280476694
1492 2.6724082850842947
1493 2.6724082850842947
1494 2.4740067902498533
1495 2.4740067902498533
1496 3.452043700952129
1497 3.452043700952129
1498 1.5249424369693387
1499 1.5249424369693387
1500 3.0754614702108705
1501 3.0754614702108705
1502 3.8316917943507955
1503 1.452939582907132
1504 1.452939582907132
1505 1.1855933783385635
1506 1.1855933783385635
1507 2.299492766664474
1508 2.299492766664474
1509 2.1251510271267353
1510 2.1251510271267353
1511 2.1922722619030925
1512 2.1922722619030925
1513 1.368764527793557
1514 1.368764527793557
1515 1.6177425156457423
1516 1.6177425156457423
1517 3.079472069927692
1518 3.079472069927692
1519 1.7112749745108629
1520 1.7112749745108629
1521 2.9680515775546783
1522 2.9680515775546783
1523 1.025602791948581
1524 1.025602791948581
1525 2.4167523105076407
1526 2.4167523105076407
1527 0.6570661119765246
1528 0.6570661119765246
1529 1.5565504535968393
1530 1.5565504535968393
1531 2.691242832662309
1532 2.691242832662309
1533 1.5958298059682732
1534 1.5958298059682732
1535 1.7851005434587768
1536 1.7851005434587768
1537 1.644174070366151
1538 1.644174070366151
1539 2.569187935843204
1540 2.569187935843204
1541 2.5062317836985875
1542 2.5062317836985875
1543 2.317305496139051
1544 2.317305496139051
1545 3.1459906634987735
1546 3.1459906634987735
1547 1.7924722806888718
1548 1.7924722806888718
1549 1.8450109128086831
1550 1.8450109128086831
1551 1.8898940424451514
1552 1.8898940424451514
1553 2.1693111232456963
1554 2.1693111232456963
1555 0.1
1556 0.1
1557 0.8081852512986891
1558 0.8081852512986891
1559 3.190063386657512
1560 3.190063386657512
1561 2.7651389997252496
1562 2.7651389997252496
1563 0.5696155260018441
1564 0.5696155260018441
1565 1.5754877887899168
1566 1.5754877887899168
1567 2.8696058804430686
1568 2.8696058804430686
1569 3.1157288720965646
1570 3.1157288720965646
1571 2.3694046458483093
1572 2.3694046458483093
1573 1.676751862772683
1574 1.676751862772683
1575 3.0578308835301793
1576 3.0578308835301793
1577 2.316435765003172
1578 2.316435765003172
1579 2.2466092854108672
1580 2.2466092854108672
1581 2.5760193759079866
1582 2.5760193759079866
1583 2.9156988218111346
1584 2.9156988218111346
1585 3.38758442164999
1586 3.38758442164999
1587 2.8176310224371095
1588 2.8176310224371095
1589 1.509167755568071
1590 1.509167755568071
1591 2.577733046519408
1592 2.577733046519408
1593 2.5146085475155564
1594 2.5146085475155564
1595 2.2367046514542657
1596 2.2367046514542657
1597 1.603040175787859
1598 1.603040175787859
1599 2.288565111882338
1600 2.288565111882338
1601 2.1381504978883803
1602 2.1381504978883803
1603 0.9426836844933555
1604 0.9426836844933555
1605 1.3590328707188928
1606 1.3590328707188928
1607 1.5913168627720897
1608 1.5913168627720897
1609 1.5426990364080297
1610 1.5426990364080297
1611 1.3112683012596897
1612 1.3112683012596897
1613 0.5184218805562155
1614 0.5184218805562155
1615 2.7780721559988697
1616 2.7780721559988697
1617 2.4297453880435267
1618 2.4297453880435267
1619 1.7209227708760961
1620 1.7209227708760961
1621 1.2407608335405769
1622 1.2407608335405769
1623 2.5061391800060107
1624 2.5061391800060107
1625 2.2458531368361028
1626 2.2458531368361028
1627 1.3542808016073087
1628 1.3542808016073087
1629 3.668924845892092
1630 3.668924845892092
1631 1.6214764306187024
1632 1.6214764306187024
1633 1.9405874231477411
1634 1.9405874231477411
1635 1.7207877359572226
1636 1.7207877359572226
1637 2.456562875176594
1638 2.456562875176594
1639 1.4194889379008782
1640 1.4194889379008782
1641 2.460713399808881
1642 2.460713399808881
1643 0.1
1644 0.1
1645 4.062838382379243
1646 4.062838382379243
1647 1.468347774947944
1648 1.468347774947944
1649 2.7858111515635424
1650 2.7858111515635424
1651 3.4620273669584503
1652 3.4620273669584503
1653 0.6219319135436117
1654 0.6219319135436117
1655 1.8381557448672556
1656 1.8381557448672556
1657 2.642031510939129
1658 2.642031510939129
1659 2.442023583965164
1660 2.442023583965164
1661 2.0583616875682345
1662 2.0583616875682345
1663 2.0187946687028244
1664 2.0187946687028244
1665 1.34810830635765
1666 1.34810830635765
1667 1.811204698408344
1668 1.811204698408344
1669 1.72221110723979
1670 1.72221110723979
1671 2.1754762736190463
1672 2.1754762736190463
1673 2.75692248150387
1674 2.75692248150387
1675 2.620492618592539
1676 2.620492618592539
1677 3.5944868438764974
1678 3.5944868438764974
1679 1.5222720326888213
1680 1.5222720326888213
1681 1.078097892603819
1682 1.078097892603819
1683 1.7316641017334322
1684 1.7316641017334322
1685 1.9307277376038352
1686 1.9307277376038352
1687 2.4111996240301625
1688 2.4111996240301625
1689 2.9501481636847133
1690 2.9501481636847133
1691 1.977064135771583
1692 1.977064135771583
1693 2.3313370602211987
1694 2.3313370602211987
1695 1.6599327464403941
1696 1.6599327464403941
1697 2.1270705024400565
1698 2.1270705024400565
1699 1.0765838403962236
1700 1.0765838403962236
1701 2.157337186434825
1702 2.157337186434825
1703 1.3833115912545164
1704 1.3833115912545164
1705 1.131142352841393
1706 1.131142352841393
1707 1.185087746878267
1708 1.185087746878267
1709 0.3927214072801013
1710 0.3927214072801013
1711 2.145831576909657
1712 2.145831576909657
1713 0.8238840279249485
1714 0.8238840279249485
1715 1.0220563885790437
1716 1.0220563885790437
1717 2.680787823891478
1718 2.680787823891478
1719 2.0439980498160653
1720 2.0439980498160653
1721 1.275245125611616
1722 1.275245125611616
1723 2.0216322437731655
1724 2.0216322437731655
1725 1.101899658078036
1726 1.101899658078036
1727 1.2799696740339237
1728 1.2799696740339237
1729 1.8972432908178212
1730 1.8972432908178212
1731 1.7214208102992279
1732 1.7214208102992279
1733 2.9219630259381466
1734 2.9219630259381466
1735 1.767402913559337
1736 1.767402913559337
1737 1.211195700159289
1738 1.211195700159289
1739 1.5408354576933718
1740 1.5408354576933718
1741 1.6486110657809134
1742 1.6486110657809134
1743 0.1
1744 0.1
1745 2.6361576816349306
1746 2.6361576816349306
1747 0.4527417405277294
1748 0.4527417405277294
1749 1.2400940707660713
1750 1.2400940707660713
1751 1.7665647158675197
1752 1.7665647158675197
1753 2.1221936301199436
1754 2.1221936301199436
1755 2.6440548804440915
1756 2.6440548804440915
1757 2.2499015879261077
1758 2.2499015879261077
1759 2.884436675878553
1760 2.884436675878553
1761 2.7320462529168443
1762 2.7320462529168443
1763 1.8158393819881216
1764 1.8158393819881216
1765 0.6342295752482465
1766 0.6342295752482465
1767 1.872333045210069
1768 1.872333045210069
1769 1.0251676255694049
1770 1.0251676255694049
1771 1.6540250787379698
1772 1.6540250787379698
1773 3.0660675348293402
1774 3.0660675348293402
1775 1.775390008531125
1776 1.775390008531125
1777 1.7090252824670376
1778 1.7090252824670376
1779 2.049513024301178
1780 2.049513024301178
1781 1.4787227030220809
1782 1.4787227030220809
1783 1.684693402087312
1784 1.684693402087312
1785 1.821425404791118
1786 1.821425404791118
1787 1.4009103015851139
1788 1.4009103015851139
1789 1.525281497872832
1790 1.525281497872832
1791 2.7729379429122036
1792 2.7729379429122036
1793 2.5684314530188104
1794 2.5684314530188104
1795 1.7224107114692282
1796 1.7224107114692282
1797 2.552320117403531
1798 2.552320117403531
1799 2.0858236243962955
1800 2.0858236243962955
1801 1.2155690878193548
1802 1.2155690878193548
1803 3.6107648788159867
1804 3.6107648788159867
1805 1.4977417751096114
1806 1.4977417751096114
1807 2.4521402399437022
1808 2.4521402399437022
1809 1.5126733467944578
1810 1.5126733467944578
1811 2.6652485286593404
1812 2.6652485286593404
1813 3.147563803773963
1814 3.147563803773963
1815 1.255137570890312
1816 1.255137570890312
1817 3.529339846988049
1818 3.529339846988049
1819 1.9368514791708724
1820 1.9368514791708724
1821 1.8898739732308998
1822 1.8898739732308998
1823 1.332485704373655
1824 1.332485704373655
1825 3.0527991340679583
1826 3.0527991340679583
1827 2.6397715562466493
1828 2.6397715562466493
1829 1.2150059017160424
1830 1.2150059017160424
1831 2.114207552626553
1832 2.114207552626553
1833 2.3967938367353216
1834 2.3967938367353216
1835 2.098430818079329
1836 2.098430818079329
1837 2.835295246760749
1838 2.835295246760749
1839 0.8206422955781876
1840 0.8206422955781876
1841 2.5181049680378997
1842 2.5181049680378997
1843 2.533228052238874
1844 2.533228052238874
1845 2.0363042153932365
1846 2.0363042153932365
1847 2.229305428512397
1848 2.229305428512397
1849 1.511051140692789
1850 1.511051140692789
1851 2.9635595393936853
1852 2.9635595393936853
1853 0.1
1854 0.1
1855 3.6233849945575445
1856 3.6233849945575445
1857 3.623313416623022
1858 3.623313416623022
1859 0.7973874957738596
1860 0.7973874957738596
1861 1.6461830137155746
1862 1.6461830137155746
1863 1.6359382698557146
1864 1.6359382698557146
1865 4.6459853942999505
1866 4.6459853942999505
1867 1.5400400293612821
1868 1.5400400293612821
1869 1.754706715563826
1870 1.754706715563826
1871 1.751903162983787
1872 1.751903162983787
1873 1.763320821230255
1874 1.763320821230255
1875 2.0606795757607057
1876 2.0606795757607057
1877 1.877863184581285
1878 1.877863184581285
1879 5.040082522180684
1880 5.040082522180684
1881 1.3301801994149025
1882 1.3301801994149025
1883 2.4237894251982715
1884 2.4237894251982715
1885 3.572339406059943
1886 3.572339406059943
1887 3.602753553233553
1888 3.602753553233553
1889 2.147248751622182
1890 2.147248751622182
1891 2.3794687991570624
1892 2.3794687991570624
1893 3.2116598176870466
1894 3.2116598176870466
1895 3.055916167326563
1896 3.055916167326563
1897 4.0856719997898
1898 4.0856719997898
1899 1.494801753590222
1900 1.494801753590222
1901 1.9220680795119909
1902 1.9220680795119909
1903 1.3932567143597105
1904 1.3932567143597105
1905 2.2836011341761417
1906 2.2836011341761417
1907 1.712539327761052
1908 1.712539327761052
1909 1.735131515202464
1910 1.735131515202464
1911 2.3074140355541277
1912 2.3074140355541277
1913 2.125407069728029
1914 2.125407069728029
1915 2.768924991142924
1916 2.768924991142924
1917 3.3045236765614066
1918 3.3045236765614066
1919 3.302634792726594
1920 3.302634792726594
1921 3.303418128581288
1922 3.303418128581288
1923 2.9146102314410913
1924 2.9146102314410913
1925 2.4667780840095372
1926 2.4667780840095372
1927 2.893887797921448
1928 2.893887797921448
1929 3.96994575466598
1930 3.96994575466598
1931 3.1557085408388774
1932 3.1557085408388774
1933 2.8493476389082963
1934 2.8493476389082963
1935 0.7610246476026219
1936 0.7610246476026219
1937 4.450254617550281
1938 4.450254617550281
1939 1.9961103453034503
1940 1.9961103453034503
1941 3.955754531811392
1942 3.955754531811392
1943 3.014525484023637
1944 3.014525484023637
1945 0.6329707667652822
1946 0.6329707667652822
1947 2.743218639057183
1948 2.743218639057183
1949 2.6827264041302468
1950 2.6827264041302468
1951 1.4032450683743931
1952 1.4032450683743931
1953 3.1534668053673145
1954 3.1534668053673145
1955 1.4805330515573907
1956 1.4805330515573907
1957 1.9556760124538202
1958 1.9556760124538202
1959 3.4281663620405767
1960 3.4281663620405767
1961 1.7806209778690194
1962 1.7806209778690194
1963 3.7197441095787376
1964 3.7197441095787376
1965 3.455604909988899
1966 3.455604909988899
1967 2.355559750992434
1968 2.355559750992434
1969 0.37963738012459114
1970 0.37963738012459114
1971 3.629019605194334
1972 3.629019605194334
1973 2.1849889237132967
1974 2.1849889237132967
1975 1.5223198027954388
1976 1.5223198027954388
1977 2.3933501365049232
1978 2.3933501365049232
1979 2.7303205866768128
1980 2.7303205866768128
1981 2.0783174487172587
1982 2.0783174487172587
1983 1.4813649007829817
1984 1.4813649007829817
1985 3.5155322555046746
1986 3.5155322555046746
1987 1.790103382032092
1988 1.790103382032092
1989 3.251246584504175
1990 3.251246584504175
1991 2.0249217127791836
1992 2.0249217127791836
1993 1.3227452038076382
1994 1.3227452038076382
1995 2.9336293867310053
1996 2.9336293867310053
1997 0.18489634556674694
1998 0.18489634556674694
1999 1.854821676025359
