0 2.512669529190775
1 2.512669529190775
2 2.512669529190775
3 2.512669529190775
4 2.1870744208856254
5 2.1870744208856254
6 2.1870744208856254
7 2.1870744208856254
8 2.6403821757207577
9 2.6403821757207577
10 2.6403821757207577
11 2.6403821757207577
12 2.1927328681637555
13 2.1927328681637555
14 2.1927328681637555
15 2.1927328681637555
16 2.63707644532672
17 2.63707644532672
18 2.63707644532672
19 2.63707644532672
20 2.575312188774724
21 2.575312188774724
22 2.575312188774724
23 2.575312188774724
24 2.694062925414446
25 2.694062925414446
26 2.694062925414446
27 2.694062925414446
28 2.34992246776386
29 2.34992246776386
30 2.34992246776386
31 2.34992246776386
32 2.7112181660448407
33 2.7112181660448407
34 2.7112181660448407
35 2.7112181660448407
36 2.33443347548078
37 2.33443347548078
38 2.33443347548078
39 2.33443347548078
40 2.5007696425798844
41 2.5007696425798844
42 2.5007696425798844
43 2.5007696425798844
44 2.3449056450622923
45 2.3449056450622923
46 2.3449056450622923
47 2.3449056450622923
48 2.693806817148087
49 2.693806817148087
50 2.693806817148087
51 2.693806817148087
52 2.3489380748276485
53 2.3489380748276485
54 2.3489380748276485
55 2.3489380748276485
56 2.1600480887641544
57 2.1600480887641544
58 2.1600480887641544
59 2.1600480887641544
60 2.6350338527102575
61 2.6350338527102575
62 2.6350338527102575
63 2.6350338527102575
64 2.236275920994749
65 2.236275920994749
66 2.236275920994749
67 2.236275920994749
68 2.753994445952564
69 2.753994445952564
70 2.753994445952564
71 2.753994445952564
72 1.9815278546673185
73 1.9815278546673185
74 1.9815278546673185
75 1.9815278546673185
76 2.2222320375477267
77 2.2222320375477267
78 2.2222320375477267
79 2.2222320375477267
80 2.904042616739684
81 2.904042616739684
82 2.904042616739684
83 2.904042616739684
84 2.686480151647833
85 2.686480151647833
86 2.686480151647833
87 2.686480151647833
88 2.7524633532410983
89 2.7524633532410983
90 2.7524633532410983
91 2.7524633532410983
92 2.5825759476666668
93 2.5825759476666668
94 2.5825759476666668
95 2.744624231150349
96 3.9884132565237818
97 3.9884132565237818
98 3.9884132565237818
99 3.9884132565237818
100 3.6413473062907036
101 3.6413473062907036
102 3.6413473062907036
103 3.6413473062907036
104 3.5317292836688416
105 3.5317292836688416
106 3.5317292836688416
107 3.5317292836688416
108 4.266193052461429
109 4.266193052461429
110 4.266193052461429
111 4.266193052461429
112 3.0367392064839587
113 3.0367392064839587
114 3.0367392064839587
115 3.0367392064839587
116 4.23160603055389
117 4.23160603055389
118 4.23160603055389
119 4.23160603055389
120 3.44665044316457
121 3.44665044316457
122 3.44665044316457
123 3.44665044316457
124 3.60886455308255
125 3.60886455308255
126 3.60886455308255
127 3.60886455308255
128 4.22078324259961
129 4.22078324259961
130 4.22078324259961
131 4.22078324259961
132 4.067314471651506
133 4.067314471651506
134 4.067314471651506
135 4.067314471651506
136 3.935571448993804
137 3.935571448993804
138 3.935571448993804
139 3.935571448993804
140 3.1900295491303576
141 3.1900295491303576
142 3.1900295491303576
143 3.1900295491303576
144 3.5264899747947247
145 3.5264899747947247
146 3.5264899747947247
147 3.5264899747947247
148 3.635627883034083
149 3.635627883034083
150 3.635627883034083
151 3.635627883034083
152 4.546659544460417
153 4.546659544460417
154 4.546659544460417
155 4.546659544460417
156 4.689584908658652
157 4.689584908658652
158 4.689584908658652
159 4.689584908658652
160 2.7275807810462904
161 2.7275807810462904
162 2.7275807810462904
163 2.7275807810462904
164 4.029442051797436
165 4.029442051797436
166 4.029442051797436
167 4.029442051797436
168 4.270797634648258
169 4.270797634648258
170 4.270797634648258
171 4.270797634648258
172 4.104161339889879
173 4.104161339889879
174 4.104161339889879
175 4.104161339889879
176 4.480541693890795
177 4.480541693890795
178 4.480541693890795
179 4.480541693890795
180 3.5118414359309065
181 3.5118414359309065
182 3.5118414359309065
183 3.5118414359309065
184 3.335269553187004
185 3.335269553187004
186 3.335269553187004
187 3.335269553187004
188 4.444218919377442
189 4.444218919377442
190 4.444218919377442
191 4.444218919377442
192 3.4511134374616708
193 3.4511134374616708
194 3.4511134374616708
195 3.4511134374616708
196 4.3480023555650105
197 4.3480023555650105
198 4.3480023555650105
199 4.3480023555650105
200 4.137798968634519
201 4.137798968634519
202 4.137798968634519
203 4.137798968634519
204 4.06237867921118
205 4.06237867921118
206 4.06237867921118
207 4.06237867921118
208 4.156731359056949
209 4.156731359056949
210 4.156731359056949
211 4.156731359056949
212 3.8293145308120025
213 3.8293145308120025
214 3.8293145308120025
215 3.8293145308120025
216 2.9833215082004108
217 2.9833215082004108
218 2.9833215082004108
219 2.9833215082004108
220 4.2687155860745065
221 4.2687155860745065
222 4.2687155860745065
223 4.2687155860745065
224 4.0313371106206795
225 4.0313371106206795
226 4.0313371106206795
227 4.0313371106206795
228 3.8431614093774176
229 3.8431614093774176
230 3.8431614093774176
231 3.8431614093774176
232 3.7178985453439157
233 3.7178985453439157
234 3.7178985453439157
235 3.7178985453439157
236 4.13253785227368
237 4.13253785227368
238 4.13253785227368
239 4.13253785227368
240 4.132719117081414
241 4.132719117081414
242 4.132719117081414
243 4.132719117081414
244 3.9459845849881177
245 3.9459845849881177
246 3.9459845849881177
247 3.9459845849881177
248 4.297200079066716
249 4.297200079066716
250 4.297200079066716
251 4.297200079066716
252 3.9638816953868803
253 3.9638816953868803
254 3.9638816953868803
255 3.9638816953868803
256 3.347019611076857
257 3.347019611076857
258 3.347019611076857
259 3.347019611076857
260 4.308306737025733
261 4.308306737025733
262 4.308306737025733
263 4.308306737025733
264 4.596885238118828
265 4.596885238118828
266 4.596885238118828
267 4.596885238118828
268 4.24635271198138
269 4.24635271198138
270 4.24635271198138
271 4.24635271198138
272 3.899061591013544
273 3.899061591013544
274 3.899061591013544
275 3.899061591013544
276 4.479000745566647
277 4.479000745566647
278 4.479000745566647
279 4.479000745566647
280 3.895997889832589
281 3.895997889832589
282 3.895997889832589
283 3.895997889832589
284 3.5668312633993313
285 3.5668312633993313
286 3.5668312633993313
287 3.5668312633993313
288 3.9683439486002756
289 3.9683439486002756
290 3.9683439486002756
291 3.9683439486002756
292 4.2977311562882035
293 4.2977311562882035
294 4.2977311562882035
295 4.2977311562882035
296 4.018522721632647
297 4.018522721632647
298 4.018522721632647
299 4.018522721632647
300 3.708523965629547
301 3.708523965629547
302 3.708523965629547
303 3.708523965629547
304 4.132468861091303
305 4.132468861091303
306 4.132468861091303
307 4.132468861091303
308 4.078416274922324
309 4.078416274922324
310 4.078416274922324
311 4.078416274922324
312 3.637850795256045
313 3.637850795256045
314 3.637850795256045
315 3.637850795256045
316 4.036352725792377
317 4.036352725792377
318 4.036352725792377
319 4.036352725792377
320 4.5346682179553035
321 4.5346682179553035
322 4.5346682179553035
323 4.5346682179553035
324 3.2572308649762007
325 3.2572308649762007
326 3.2572308649762007
327 3.2572308649762007
328 4.052147622357455
329 4.052147622357455
330 4.052147622357455
331 4.052147622357455
332 3.6653878508947493
333 3.6653878508947493
334 3.6653878508947493
335 3.6653878508947493
336 4.254590167352181
337 4.254590167352181
338 4.254590167352181
339 4.254590167352181
340 4.260305052844892
341 4.260305052844892
342 4.260305052844892
343 4.260305052844892
344 3.4916757467109703
345 3.4916757467109703
346 3.4916757467109703
347 3.4916757467109703
348 3.660924423784141
349 3.660924423784141
350 3.660924423784141
351 3.660924423784141
352 3.2671043814725538
353 3.2671043814725538
354 3.2671043814725538
355 3.2671043814725538
356 4.122673183142384
357 4.122673183142384
358 4.122673183142384
359 4.122673183142384
360 3.208858387360607
361 3.208858387360607
362 3.208858387360607
363 3.208858387360607
364 3.2837418953670174
365 3.2837418953670174
366 3.2837418953670174
367 3.2837418953670174
368 3.7352917058852317
369 3.7352917058852317
370 3.7352917058852317
371 3.7352917058852317
372 3.503634316724977
373 3.503634316724977
374 3.503634316724977
375 3.503634316724977
376 3.5111868638146695
377 3.5111868638146695
378 3.5111868638146695
379 3.5111868638146695
380 3.7856195937437493
381 3.7856195937437493
382 3.7856195937437493
383 3.7856195937437493
384 4.240275742336278
385 4.240275742336278
386 4.240275742336278
387 4.240275742336278
388 3.1695858067645295
389 3.1695858067645295
390 3.1695858067645295
391 3.1695858067645295
392 3.3412231626287303
393 3.3412231626287303
394 3.3412231626287303
395 3.3412231626287303
396 3.5794651847418786
397 3.5794651847418786
398 3.5794651847418786
399 3.5794651847418786
400 4.447384252748472
401 0.698356651845576
402 0.698356651845576
403 0.698356651845576
404 0.698356651845576
405 0.6599940123227716
406 0.6599940123227716
407 0.6599940123227716
408 0.6599940123227716
409 0.501011114633274
410 0.501011114633274
411 0.501011114633274
412 0.501011114633274
413 0.5937357976324992
414 0.5937357976324992
415 0.5937357976324992
416 0.5937357976324992
417 0.6717061849814441
418 0.6717061849814441
419 2.39160783700439
420 2.39160783700439
421 2.39160783700439
422 2.39160783700439
423 2.23061477617078
424 2.23061477617078
425 2.23061477617078
426 2.23061477617078
427 2.244207594088734
428 2.244207594088734
429 2.244207594088734
430 2.244207594088734
431 2.8352435679502186
432 2.8352435679502186
433 2.8352435679502186
434 2.8352435679502186
435 2.375664667186983
436 2.375664667186983
437 2.375664667186983
438 2.375664667186983
439 2.5928124530581984
440 2.5928124530581984
441 2.5928124530581984
442 2.5928124530581984
443 2.4866036183314235
444 2.4866036183314235
445 2.4866036183314235
446 2.4866036183314235
447 2.3034946370071414
448 2.3034946370071414
449 2.3034946370071414
450 2.3034946370071414
451 2.6346240927435542
452 2.6346240927435542
453 2.6346240927435542
454 2.6346240927435542
455 2.793334445720671
456 2.793334445720671
457 2.793334445720671
458 2.793334445720671
459 2.797246734679508
460 2.797246734679508
461 2.797246734679508
462 2.797246734679508
463 2.4951783258741465
464 2.4951783258741465
465 2.4951783258741465
466 2.4951783258741465
467 2.1849720940805435
468 2.1849720940805435
469 2.1849720940805435
470 2.1849720940805435
471 2.484278103752054
472 2.484278103752054
473 2.484278103752054
474 2.484278103752054
475 2.4215316966862606
476 2.4215316966862606
477 2.4215316966862606
478 2.4215316966862606
479 2.3545426013442547
480 2.3545426013442547
481 2.3545426013442547
482 2.3545426013442547
483 2.2141575848051005
484 2.2141575848051005
485 2.2141575848051005
486 2.2141575848051005
487 3.0061406375206188
488 3.0061406375206188
489 3.0061406375206188
490 3.0061406375206188
491 1.4984358496493235
492 1.4984358496493235
493 0.507959599052576
494 0.507959599052576
495 0.507959599052576
496 0.507959599052576
497 0.7649432501686468
498 0.7649432501686468
499 0.7649432501686468
500 0.7649432501686468
501 0.728422619084446
502 0.728422619084446
503 0.728422619084446
504 0.728422619084446
505 0.6878951782556596
506 0.6878951782556596
507 0.6878951782556596
508 0.6878951782556596
509 0.7400837941463586
510 0.7400837941463586
511 0.7400837941463586
512 0.7400837941463586
513 0.6405500753959582
514 0.6405500753959582
515 0.6405500753959582
516 0.6405500753959582
517 0.6609383761352079
518 0.6609383761352079
519 0.6609383761352079
520 0.6609383761352079
521 0.6839221759572556
522 0.6839221759572556
523 0.6839221759572556
524 0.6839221759572556
525 0.6808125928663107
526 0.6808125928663107
527 0.6808125928663107
528 0.6808125928663107
529 0.5429012984580561
530 0.5429012984580561
531 0.5429012984580561
532 0.5429012984580561
533 0.6143439965890654
534 0.6143439965890654
535 0.6143439965890654
536 0.6143439965890654
537 0.6053732221409508
538 0.6053732221409508
539 0.6053732221409508
540 0.6053732221409508
541 0.5752040303241087
542 0.5752040303241087
543 0.5752040303241087
544 0.5752040303241087
545 0.6342699602870119
546 0.6342699602870119
547 0.6342699602870119
548 0.6342699602870119
549 0.7423914676548182
550 0.7423914676548182
551 0.7423914676548182
552 0.7423914676548182
553 0.7024958020484771
554 0.7024958020484771
555 0.7024958020484771
556 0.7024958020484771
557 0.5342927334571567
558 0.5342927334571567
559 0.5342927334571567
560 0.5342927334571567
561 0.5480869190201252
562 0.5480869190201252
563 0.5480869190201252
564 0.5480869190201252
565 0.5052453824064496
566 0.5052453824064496
567 0.5052453824064496
568 0.5052453824064496
569 0.4963226421142993
570 0.4963226421142993
571 0.4963226421142993
572 0.4963226421142993
573 0.5844348975920148
574 0.5844348975920148
575 0.5844348975920148
576 0.5844348975920148
577 0.5840033919573157
578 0.5840033919573157
579 0.5840033919573157
580 0.5840033919573157
581 0.6799881887238972
582 0.6799881887238972
583 0.6799881887238972
584 0.6799881887238972
585 0.6901257530891411
586 0.6901257530891411
587 0.6901257530891411
588 0.6901257530891411
589 0.5960380438656394
590 0.5960380438656394
591 0.5960380438656394
592 0.5960380438656394
593 0.6523929333715779
594 0.6523929333715779
595 0.6523929333715779
596 0.6523929333715779
597 0.7183011868129342
598 0.7183011868129342
599 0.7183011868129342
600 0.7183011868129342
601 0.6514201326112261
602 0.6514201326112261
603 0.6514201326112261
604 0.6514201326112261
605 0.6501918407011438
606 0.6501918407011438
607 0.6501918407011438
608 0.6501918407011438
609 0.7550029397942704
610 0.7550029397942704
611 0.7550029397942704
612 0.7550029397942704
613 0.5647996038943748
614 0.5647996038943748
615 0.5647996038943748
616 0.5647996038943748
617 0.6602718647139307
618 0.6602718647139307
619 0.6602718647139307
620 0.6602718647139307
621 0.6016755506453006
622 0.6016755506453006
623 0.6016755506453006
624 0.6016755506453006
625 0.6699839292755428
626 0.6699839292755428
627 0.6699839292755428
628 0.6699839292755428
629 0.575449068284213
630 0.575449068284213
631 0.575449068284213
632 0.575449068284213
633 0.5769423783541492
634 0.5769423783541492
635 0.5769423783541492
636 0.5769423783541492
637 0.678368991242516
638 0.678368991242516
639 0.678368991242516
640 0.678368991242516
641 3.1045931705792977
642 3.1045931705792977
643 3.1045931705792977
644 3.1045931705792977
645 3.6084882228924733
646 3.6084882228924733
647 3.6084882228924733
648 3.6084882228924733
649 2.8616027016732266
650 2.8616027016732266
651 2.8616027016732266
652 2.8616027016732266
653 2.924614874859982
654 2.924614874859982
655 2.924614874859982
656 2.924614874859982
657 3.491899641707912
658 3.491899641707912
659 3.491899641707912
660 3.491899641707912
661 2.7708364007484203
662 2.7708364007484203
663 2.7708364007484203
664 2.7708364007484203
665 3.2017194326119025
666 3.2017194326119025
667 3.2017194326119025
668 3.2017194326119025
669 3.029911136442513
670 3.029911136442513
671 3.029911136442513
672 3.029911136442513
673 3.050455523532878
674 3.050455523532878
675 3.050455523532878
676 3.050455523532878
677 2.5341608793750208
678 2.5341608793750208
679 2.5341608793750208
680 2.5341608793750208
681 3.26500504407556
682 3.26500504407556
683 3.26500504407556
684 3.26500504407556
685 3.591490110923204
686 3.591490110923204
687 3.591490110923204
688 3.591490110923204
689 2.994977196814202
690 2.994977196814202
691 2.994977196814202
692 2.994977196814202
693 2.5657281738339384
694 2.5657281738339384
695 2.5657281738339384
696 2.5657281738339384
697 2.5093459308147024
698 2.5093459308147024
699 2.5093459308147024
700 2.5093459308147024
701 2.5523207946941575
702 2.5523207946941575
703 2.5523207946941575
704 2.5523207946941575
705 2.504681427182385
706 2.504681427182385
707 2.504681427182385
708 2.504681427182385
709 2.668919588209373
710 2.668919588209373
711 2.668919588209373
712 2.668919588209373
713 3.1844442955683583
714 3.1844442955683583
715 3.1844442955683583
716 3.1844442955683583
717 2.8444053912769816
718 2.8444053912769816
719 2.8444053912769816
720 2.8444053912769816
721 2.8807234033525297
722 2.8807234033525297
723 2.8807234033525297
724 2.8807234033525297
725 3.09921872063337
726 3.09921872063337
727 3.09921872063337
728 3.09921872063337
729 3.133787773265415
730 3.133787773265415
731 3.133787773265415
732 3.133787773265415
733 3.061944684608719
734 3.061944684608719
735 3.061944684608719
736 3.061944684608719
737 2.6540379649538557
738 2.6540379649538557
739 2.6540379649538557
740 2.6540379649538557
741 2.934536062777399
742 2.934536062777399
743 2.934536062777399
744 2.934536062777399
745 2.777833797680433
746 2.777833797680433
747 2.777833797680433
748 2.777833797680433
749 2.84377696401136
750 2.84377696401136
751 2.84377696401136
752 2.84377696401136
753 4.181340974483294
754 4.181340974483294
755 4.181340974483294
756 4.181340974483294
757 4.01697091351806
758 4.01697091351806
759 4.01697091351806
760 4.01697091351806
761 3.2866221567136136
762 3.2866221567136136
763 3.2866221567136136
764 3.2866221567136136
765 3.3901090462895067
766 3.3901090462895067
767 3.3901090462895067
768 3.3901090462895067
769 3.8890730114240237
770 3.8890730114240237
771 3.8890730114240237
772 3.8890730114240237
773 3.4384931982315035
774 3.4384931982315035
775 3.4384931982315035
776 3.4384931982315035
777 3.3140342783567154
778 3.3140342783567154
779 3.3140342783567154
780 3.3140342783567154
781 3.299974155275228
782 3.299974155275228
783 3.299974155275228
784 3.299974155275228
785 3.8051514956160895
786 3.8051514956160895
787 3.8051514956160895
788 3.8051514956160895
789 3.6657198706925707
790 3.6657198706925707
791 3.6657198706925707
792 2.589508625445388
793 2.589508625445388
794 2.589508625445388
795 2.589508625445388
796 2.629535119953042
797 2.629535119953042
798 2.629535119953042
799 2.629535119953042
800 2.3741510323309676
801 2.3741510323309676
802 2.3741510323309676
803 2.3741510323309676
804 2.3460351189895214
805 2.3460351189895214
806 2.3460351189895214
807 2.3460351189895214
808 3.2259329600320776
809 3.2259329600320776
810 3.2259329600320776
811 3.2259329600320776
812 2.3476776288139045
813 2.3476776288139045
814 0.7920646593251257
815 0.7920646593251257
816 0.7920646593251257
817 0.7920646593251257
818 1.5634757369264676
819 1.5634757369264676
820 1.5634757369264676
821 1.5634757369264676
822 1.340688175363822
823 1.340688175363822
824 1.340688175363822
825 1.340688175363822
826 1.6121566721882719
827 1.6121566721882719
828 1.6121566721882719
829 1.6121566721882719
830 1.4727001139890012
831 1.4727001139890012
832 1.4727001139890012
833 1.4727001139890012
834 1.4019126284491576
835 1.4019126284491576
836 1.4019126284491576
837 1.4019126284491576
838 3.201440015987009
839 3.201440015987009
840 3.201440015987009
841 3.201440015987009
842 4.117862803036538
843 4.117862803036538
844 4.117862803036538
845 4.117862803036538
846 3.2391148631845015
847 3.2391148631845015
848 3.2391148631845015
849 3.2391148631845015
850 3.9533645163763436
851 3.9533645163763436
852 3.9533645163763436
853 3.9533645163763436
854 3.3859840393250056
855 3.3859840393250056
856 3.3859840393250056
857 3.3859840393250056
858 2.9150894596994354
859 2.9150894596994354
860 2.9150894596994354
861 2.9150894596994354
862 3.313593749859567
863 3.313593749859567
864 3.313593749859567
865 3.313593749859567
866 3.0714379034203647
867 3.0714379034203647
868 3.0714379034203647
869 3.0714379034203647
870 3.424664320928559
871 3.424664320928559
872 3.424664320928559
873 3.424664320928559
874 3.410176511493038
875 3.410176511493038
876 3.410176511493038
877 3.410176511493038
878 3.2984410962084283
879 3.2984410962084283
880 3.2984410962084283
881 3.2984410962084283
882 3.6867130317389476
883 3.6867130317389476
884 3.6867130317389476
885 3.6867130317389476
886 3.399448834016903
887 3.399448834016903
888 3.399448834016903
889 3.399448834016903
890 3.037840954317239
891 3.037840954317239
892 3.037840954317239
893 3.037840954317239
894 3.415220403624288
895 3.415220403624288
896 3.415220403624288
897 3.415220403624288
898 3.258366041902967
899 3.258366041902967
900 3.258366041902967
901 3.258366041902967
902 3.5892375582800287
903 3.5892375582800287
904 3.5892375582800287
905 3.5892375582800287
906 3.091301106901663
907 3.091301106901663
908 3.091301106901663
909 3.091301106901663
910 3.2760612681625956
911 3.2760612681625956
912 3.2760612681625956
913 3.2760612681625956
914 3.0560841388449433
915 3.0560841388449433
916 3.0560841388449433
917 3.0560841388449433
918 3.6906789366814987
919 3.6906789366814987
920 3.6906789366814987
921 3.6906789366814987
922 3.34340137878117
923 3.34340137878117
924 3.34340137878117
925 3.34340137878117
926 3.6026877409632254
927 3.6026877409632254
928 3.6026877409632254
929 3.6026877409632254
930 3.252649363057559
931 3.252649363057559
932 3.252649363057559
933 3.252649363057559
934 3.1435603857243852
935 3.1435603857243852
936 3.1435603857243852
937 3.1435603857243852
938 3.5389771082591355
939 3.5389771082591355
940 3.5389771082591355
941 3.5389771082591355
942 3.808648412251026
943 3.808648412251026
944 3.808648412251026
945 3.808648412251026
946 3.284492954363806
947 3.284492954363806
948 3.284492954363806
949 3.284492954363806
950 3.2176177007603157
951 3.2176177007603157
952 3.2176177007603157
953 3.2176177007603157
954 3.782145096824717
955 3.782145096824717
956 3.782145096824717
957 3.782145096824717
958 2.929539619691325
959 2.929539619691325
960 2.929539619691325
961 2.929539619691325
962 3.3464317883394483
963 3.3464317883394483
964 3.3464317883394483
965 3.3464317883394483
966 3.5166442330992176
967 3.5166442330992176
968 3.5166442330992176
969 3.5166442330992176
970 3.6616224665099275
971 3.6616224665099275
972 3.6616224665099275
973 3.6616224665099275
974 3.001766398587848
975 3.001766398587848
976 3.001766398587848
977 3.001766398587848
978 3.179880642913041
979 3.179880642913041
980 3.179880642913041
981 3.179880642913041
982 3.349039719764382
983 3.349039719764382
984 3.349039719764382
985 3.349039719764382
986 3.1909124359911583
987 3.1909124359911583
988 3.1909124359911583
989 3.1909124359911583
990 2.7297848152058735
991 2.7297848152058735
992 2.7297848152058735
993 2.7297848152058735
994 3.413067323410614
995 3.413067323410614
996 3.413067323410614
997 3.413067323410614
998 3.6521247476300363
999 3.6521247476300363
1000 3.6521247476300363
1001 3.6521247476300363
1002 3.686723174364251
1003 3.686723174364251
1004 3.686723174364251
1005 3.686723174364251
1006 3.0098637701476143
1007 3.0098637701476143
1008 3.0098637701476143
1009 3.0098637701476143
1010 3.8510239368327652
1011 3.8510239368327652
1012 3.8510239368327652
1013 3.8510239368327652
1014 3.6429027362985638
1015 3.6429027362985638
1016 3.6429027362985638
1017 3.6429027362985638
1018 3.280799823477435
1019 3.280799823477435
1020 3.280799823477435
1021 3.280799823477435
1022 3.809528163555705
1023 2.216303607891788
1024 2.216303607891788
1025 2.216303607891788
1026 2.216303607891788
1027 2.340854382873071
1028 2.340854382873071
1029 2.340854382873071
1030 2.340854382873071
1031 1.859095155909944
1032 1.859095155909944
1033 1.859095155909944
1034 1.859095155909944
1035 1.9324935043729
1036 1.9324935043729
1037 1.9324935043729
1038 1.9324935043729
1039 2.635060560142528
1040 2.635060560142528
1041 2.635060560142528
1042 2.635060560142528
1043 1.6826164375601627
1044 1.6826164375601627
1045 1.6826164375601627
1046 1.6826164375601627
1047 1.8751361663726456
1048 1.8751361663726456
1049 1.8751361663726456
1050 1.8751361663726456
1051 1.7946590076543176
1052 1.7946590076543176
1053 1.7946590076543176
1054 1.7946590076543176
1055 2.287894398118026
1056 2.287894398118026
1057 2.287894398118026
1058 2.287894398118026
1059 2.2914808384260357
1060 2.2914808384260357
1061 2.2914808384260357
1062 2.2914808384260357
1063 2.0432306696911016
1064 2.0432306696911016
1065 2.0432306696911016
1066 2.0432306696911016
1067 2.003200781427851
1068 2.003200781427851
1069 2.003200781427851
1070 2.003200781427851
1071 1.63466438274168
1072 1.63466438274168
1073 1.63466438274168
1074 1.63466438274168
1075 2.146958992285899
1076 2.146958992285899
1077 2.146958992285899
1078 2.146958992285899
1079 2.0905285092836836
1080 2.0905285092836836
1081 2.0905285092836836
1082 2.0905285092836836
1083 1.8811826032169081
1084 1.8811826032169081
1085 1.8811826032169081
1086 1.8811826032169081
1087 1.7705496223422508
1088 1.7705496223422508
1089 1.7705496223422508
1090 1.7705496223422508
1091 1.7520549553071583
1092 0.9367210513854681
1093 0.9367210513854681
1094 0.9367210513854681
1095 0.9367210513854681
1096 1.1991897739242117
1097 1.1991897739242117
1098 1.1991897739242117
1099 1.1991897739242117
1100 0.9876091295138785
1101 0.9876091295138785
1102 0.9876091295138785
1103 0.9876091295138785
1104 1.0725143869982496
1105 1.0725143869982496
1106 1.0725143869982496
1107 1.0725143869982496
1108 1.2728148471317264
1109 1.2728148471317264
1110 1.2728148471317264
1111 1.2728148471317264
1112 1.0483859798142119
1113 1.0483859798142119
1114 1.0483859798142119
1115 1.0483859798142119
1116 1.2153439857492825
1117 1.2153439857492825
1118 1.2153439857492825
1119 1.2153439857492825
1120 1.2419176658820439
1121 1.2419176658820439
1122 1.2419176658820439
1123 1.2419176658820439
1124 1.319985441015466
1125 1.319985441015466
1126 1.319985441015466
1127 1.319985441015466
1128 0.7968675689177038
1129 0.7968675689177038
1130 0.7968675689177038
1131 0.7968675689177038
1132 0.9047414310626852
1133 0.9047414310626852
1134 0.9047414310626852
1135 0.9047414310626852
1136 1.3089610125744089
1137 1.3089610125744089
1138 1.3089610125744089
1139 1.3089610125744089
1140 1.2322784338159327
1141 1.2322784338159327
1142 1.2322784338159327
1143 1.2322784338159327
1144 1.0745298554745277
1145 1.0745298554745277
1146 1.0745298554745277
1147 1.0745298554745277
1148 1.0361489141796894
1149 1.0361489141796894
1150 1.0361489141796894
1151 1.0361489141796894
1152 1.1341540380415138
1153 1.1341540380415138
1154 1.1341540380415138
1155 1.1341540380415138
1156 1.237366097338781
1157 1.237366097338781
1158 1.237366097338781
1159 1.237366097338781
1160 1.1393966362523726
1161 1.1393966362523726
1162 1.1393966362523726
1163 1.1393966362523726
1164 1.1504572993621762
1165 1.1504572993621762
1166 1.1504572993621762
1167 1.1504572993621762
1168 0.9922226088256152
1169 0.9922226088256152
1170 0.9922226088256152
1171 0.9922226088256152
1172 1.2186070585145925
1173 1.2186070585145925
1174 1.2186070585145925
1175 1.2186070585145925
1176 0.9502103206044676
1177 0.9502103206044676
1178 0.9502103206044676
1179 0.9502103206044676
1180 1.0485882516380487
1181 1.0485882516380487
1182 1.0485882516380487
1183 1.0485882516380487
1184 1.252870092731415
1185 4.278972548373083
1186 4.278972548373083
1187 4.278972548373083
1188 4.278972548373083
1189 4.216521136167525
1190 4.216521136167525
1191 4.216521136167525
1192 4.216521136167525
1193 3.742015954396985
1194 3.742015954396985
1195 3.742015954396985
1196 3.742015954396985
1197 4.49677866974137
1198 4.49677866974137
1199 4.49677866974137
1200 4.49677866974137
1201 3.563145633131765
1202 3.563145633131765
1203 3.563145633131765
1204 3.563145633131765
1205 3.3549507716306954
1206 3.3549507716306954
1207 3.3549507716306954
1208 3.3549507716306954
1209 3.3887936505826373
1210 3.3887936505826373
1211 3.3887936505826373
1212 3.3887936505826373
1213 3.37463439134192
1214 3.37463439134192
1215 3.37463439134192
1216 3.37463439134192
1217 3.354794459324652
1218 3.354794459324652
1219 3.354794459324652
1220 3.354794459324652
1221 4.3945552947966195
1222 1.2204591732024175
1223 1.2204591732024175
1224 1.2204591732024175
1225 1.2204591732024175
1226 1.0643786933472195
1227 1.0643786933472195
1228 1.0643786933472195
1229 1.0643786933472195
1230 1.1545434369033705
1231 1.1545434369033705
1232 1.1545434369033705
1233 1.1545434369033705
1234 1.1080491270988202
1235 1.1080491270988202
1236 1.1080491270988202
1237 1.1080491270988202
1238 1.3559668188113845
1239 1.3559668188113845
1240 1.3559668188113845
1241 1.3559668188113845
1242 1.2849862386340762
1243 1.2849862386340762
1244 1.2849862386340762
1245 0.18586414599172285
1246 0.18586414599172285
1247 0.18586414599172285
1248 0.18586414599172285
1249 0.1924430874738172
1250 0.1924430874738172
1251 0.1924430874738172
1252 0.1924430874738172
1253 0.21832537343035743
1254 0.21832537343035743
1255 0.21832537343035743
1256 0.21832537343035743
1257 0.21445605570785653
1258 0.21445605570785653
1259 0.21445605570785653
1260 0.21445605570785653
1261 0.1652410838197011
1262 0.1652410838197011
1263 0.1652410838197011
1264 0.1652410838197011
1265 0.17834552789482855
1266 0.17834552789482855
1267 0.17834552789482855
1268 0.17834552789482855
1269 0.20079226745479156
1270 0.20079226745479156
1271 0.20079226745479156
1272 0.20079226745479156
1273 0.19001559357212927
1274 0.19001559357212927
1275 0.19001559357212927
1276 0.19001559357212927
1277 0.17656376218692635
1278 0.17656376218692635
1279 0.17656376218692635
1280 0.17656376218692635
1281 0.19439594926552717
1282 0.19439594926552717
1283 0.19439594926552717
1284 0.19439594926552717
1285 0.1940909563529675
1286 0.1940909563529675
1287 0.1940909563529675
1288 0.1940909563529675
1289 0.17215348145192982
1290 0.17215348145192982
1291 0.17215348145192982
1292 0.17215348145192982
1293 0.26671277505344715
1294 0.26671277505344715
1295 0.26671277505344715
1296 0.26671277505344715
1297 1.670279292482821
1298 1.670279292482821
1299 1.670279292482821
1300 1.670279292482821
1301 1.6263302410651062
1302 1.6263302410651062
1303 1.6263302410651062
1304 1.6263302410651062
1305 1.6144131865463698
1306 1.6144131865463698
1307 1.6144131865463698
1308 1.6144131865463698
1309 1.8011411799668609
1310 1.8011411799668609
1311 1.8011411799668609
1312 1.8011411799668609
1313 1.8080184803338348
1314 1.8080184803338348
1315 1.8080184803338348
1316 1.8080184803338348
1317 1.7836444354417456
1318 1.7836444354417456
1319 1.7836444354417456
1320 1.7836444354417456
1321 1.3677840882686891
1322 1.3677840882686891
1323 1.3677840882686891
1324 1.3677840882686891
1325 1.5693002756376437
1326 1.5693002756376437
1327 1.5693002756376437
1328 1.5693002756376437
1329 1.1849066132095523
1330 1.1849066132095523
1331 1.1849066132095523
1332 1.1849066132095523
1333 1.9184881257571953
1334 1.9184881257571953
1335 1.9184881257571953
1336 1.9184881257571953
1337 1.8750602812515218
1338 1.8750602812515218
1339 1.8750602812515218
1340 1.8750602812515218
1341 1.4910080629530753
1342 1.4910080629530753
1343 1.4910080629530753
1344 1.4910080629530753
1345 1.4863217343584156
1346 1.4863217343584156
1347 1.4863217343584156
1348 1.4863217343584156
1349 1.4085521926218108
1350 1.4085521926218108
1351 1.4085521926218108
1352 1.4085521926218108
1353 1.5244284048986392
1354 1.5244284048986392
1355 1.5244284048986392
1356 1.5244284048986392
1357 1.5277155190333185
1358 1.5277155190333185
1359 1.5277155190333185
1360 1.5277155190333185
1361 1.6599851188377222
1362 1.6599851188377222
1363 1.6599851188377222
1364 1.6599851188377222
1365 1.5162231746329655
1366 1.5162231746329655
1367 1.5162231746329655
1368 3.7147466121561887
1369 3.7147466121561887
1370 3.7147466121561887
1371 3.7147466121561887
1372 4.061838260758911
1373 4.061838260758911
1374 4.061838260758911
1375 4.061838260758911
1376 3.688724474821718
1377 3.688724474821718
1378 3.688724474821718
1379 3.688724474821718
1380 3.591820846156779
1381 3.591820846156779
1382 3.591820846156779
1383 3.591820846156779
1384 3.8895760375073474
1385 3.8895760375073474
1386 3.8895760375073474
1387 3.8895760375073474
1388 4.3363709140584366
1389 4.3363709140584366
1390 4.3363709140584366
1391 4.3363709140584366
1392 3.2193569641329733
1393 3.2193569641329733
1394 3.2193569641329733
1395 3.2193569641329733
1396 3.442926016175417
1397 3.442926016175417
1398 3.442926016175417
1399 3.442926016175417
1400 4.046336178923076
1401 4.046336178923076
1402 4.046336178923076
1403 4.046336178923076
1404 3.2571245197555987
1405 3.2571245197555987
1406 3.2571245197555987
1407 3.2571245197555987
1408 4.363945508254617
1409 4.363945508254617
1410 4.363945508254617
1411 4.363945508254617
1412 3.5369189997669324
1413 3.5369189997669324
1414 3.5369189997669324
1415 3.5369189997669324
1416 3.697788502839225
1417 3.697788502839225
1418 3.697788502839225
1419 3.697788502839225
1420 4.0353634030280565
1421 4.0353634030280565
1422 4.0353634030280565
1423 4.0353634030280565
1424 4.045027575095318
1425 4.045027575095318
1426 4.045027575095318
1427 4.045027575095318
1428 4.108297325597324
1429 4.108297325597324
1430 4.108297325597324
1431 4.108297325597324
1432 3.7339013236917467
1433 3.7339013236917467
1434 3.7339013236917467
1435 3.7339013236917467
1436 3.934978295703933
1437 3.934978295703933
1438 3.934978295703933
1439 3.934978295703933
1440 3.39214005357883
1441 3.39214005357883
1442 3.39214005357883
1443 3.39214005357883
1444 3.704293738482141
1445 3.704293738482141
1446 3.704293738482141
1447 3.704293738482141
1448 3.841063956911194
1449 3.841063956911194
1450 3.841063956911194
1451 3.841063956911194
1452 3.7594354459224357
1453 3.7594354459224357
1454 3.7594354459224357
1455 3.7594354459224357
1456 3.4524034521869624
1457 3.4524034521869624
1458 3.4524034521869624
1459 3.4524034521869624
1460 3.7799463737424484
1461 3.7799463737424484
1462 3.7799463737424484
1463 3.7799463737424484
1464 4.253810342068493
1465 4.253810342068493
1466 4.253810342068493
1467 4.253810342068493
1468 3.4159412421173734
1469 3.4159412421173734
1470 3.4159412421173734
1471 3.4159412421173734
1472 3.804495958553072
1473 3.804495958553072
1474 3.804495958553072
1475 3.804495958553072
1476 3.9657132688826566
1477 3.9657132688826566
1478 3.9657132688826566
1479 3.9657132688826566
1480 3.9737011431876956
1481 3.9737011431876956
1482 3.9737011431876956
1483 3.9737011431876956
1484 4.475995047931343
1485 4.475995047931343
1486 4.475995047931343
1487 4.475995047931343
1488 4.227065501508089
1489 4.227065501508089
1490 4.227065501508089
1491 4.227065501508089
1492 4.293151036200883
1493 4.293151036200883
1494 4.293151036200883
1495 4.293151036200883
1496 4.042863518202649
1497 4.042863518202649
1498 4.042863518202649
1499 4.042863518202649
1500 4.019771637702281
1501 4.019771637702281
1502 4.019771637702281
1503 4.019771637702281
1504 4.180489159595798
1505 4.180489159595798
1506 4.180489159595798
1507 4.180489159595798
1508 3.4288111858350643
1509 3.4288111858350643
1510 3.4288111858350643
1511 3.4288111858350643
1512 3.546682224149471
1513 3.546682224149471
1514 3.546682224149471
1515 3.546682224149471
1516 3.654172259134265
1517 3.654172259134265
1518 3.654172259134265
1519 3.654172259134265
1520 3.975835998968514
1521 3.975835998968514
1522 3.975835998968514
1523 3.975835998968514
1524 4.59596375801787
1525 4.59596375801787
1526 4.59596375801787
1527 4.59596375801787
1528 3.7240276033892297
1529 3.7240276033892297
1530 3.7240276033892297
1531 3.7240276033892297
1532 3.5178323119682213
1533 3.5178323119682213
1534 3.5178323119682213
1535 3.5178323119682213
1536 3.4511882886370615
1537 3.4511882886370615
1538 3.4511882886370615
1539 3.4511882886370615
1540 3.304054832214175
1541 3.304054832214175
1542 3.304054832214175
1543 3.304054832214175
1544 4.453841370503575
1545 4.453841370503575
1546 4.453841370503575
1547 4.453841370503575
1548 4.625550918901559
1549 4.625550918901559
1550 4.625550918901559
1551 4.625550918901559
1552 4.315880582157482
1553 4.315880582157482
1554 4.315880582157482
1555 4.315880582157482
1556 4.165446046162315
1557 4.165446046162315
1558 4.165446046162315
1559 4.165446046162315
1560 3.6939392453212205
1561 3.6939392453212205
1562 3.6939392453212205
1563 3.6939392453212205
1564 3.9963958005367237
1565 3.9963958005367237
1566 3.9963958005367237
1567 3.9963958005367237
1568 4.349615202977661
1569 4.349615202977661
1570 4.349615202977661
1571 4.349615202977661
1572 4.565022606557207
1573 4.565022606557207
1574 4.565022606557207
1575 4.565022606557207
1576 3.613334392772302
1577 3.613334392772302
1578 3.613334392772302
1579 3.613334392772302
1580 4.171036772010728
1581 4.171036772010728
1582 4.171036772010728
1583 4.171036772010728
1584 3.318993882110826
1585 3.318993882110826
1586 3.318993882110826
1587 3.318993882110826
1588 3.2015596477151584
1589 3.2015596477151584
1590 3.2015596477151584
1591 3.2015596477151584
1592 4.94017155987045
1593 4.94017155987045
1594 4.94017155987045
1595 4.94017155987045
1596 4.11099263309805
1597 4.11099263309805
1598 4.11099263309805
1599 4.11099263309805
1600 3.7937216329865424
1601 3.7937216329865424
1602 3.408433313708129
1603 3.408433313708129
1604 3.408433313708129
1605 3.408433313708129
1606 3.3014448600991995
1607 3.3014448600991995
1608 0.5428066528386404
1609 0.5428066528386404
1610 0.5428066528386404
1611 0.5428066528386404
1612 0.4831074639869898
1613 0.4831074639869898
1614 0.4831074639869898
1615 0.4831074639869898
1616 0.691400893451929
1617 0.691400893451929
1618 0.691400893451929
1619 0.691400893451929
1620 0.5799264268622473
1621 0.5799264268622473
1622 0.5799264268622473
1623 0.5799264268622473
1624 0.5526971160764194
1625 0.5526971160764194
1626 0.5526971160764194
1627 0.5526971160764194
1628 0.7572034359508699
1629 0.7572034359508699
1630 0.7572034359508699
1631 0.7572034359508699
1632 0.6521468616534942
1633 0.6521468616534942
1634 0.6521468616534942
1635 0.6521468616534942
1636 0.7153408566379122
1637 0.7153408566379122
1638 0.7153408566379122
1639 0.7153408566379122
1640 0.5981735125542373
1641 0.5981735125542373
1642 0.5981735125542373
1643 0.5981735125542373
1644 0.7438272149183851
1645 0.7438272149183851
1646 0.7438272149183851
1647 0.7438272149183851
1648 0.5034858304497805
1649 0.5034858304497805
1650 0.5034858304497805
1651 0.5034858304497805
1652 0.759551493036457
1653 0.759551493036457
1654 0.759551493036457
1655 0.759551493036457
1656 0.6378727636833915
1657 0.6378727636833915
1658 0.6378727636833915
1659 0.6378727636833915
1660 0.6864223452343566
1661 0.6864223452343566
1662 0.6864223452343566
1663 0.6864223452343566
1664 0.5067656533182601
1665 0.5067656533182601
1666 0.5067656533182601
1667 0.5067656533182601
1668 0.7286821950673908
1669 0.7286821950673908
1670 0.7286821950673908
1671 0.7286821950673908
1672 0.6739019241869555
1673 0.6739019241869555
1674 0.6739019241869555
1675 0.6739019241869555
1676 0.6805335974391941
1677 0.6805335974391941
1678 0.6805335974391941
1679 0.6805335974391941
1680 0.6020432952618355
1681 0.6020432952618355
1682 0.6020432952618355
1683 0.6020432952618355
1684 0.7980925441724331
1685 0.7980925441724331
1686 0.7980925441724331
1687 0.7980925441724331
1688 0.7509139442718099
1689 0.7509139442718099
1690 0.7509139442718099
1691 0.7509139442718099
1692 0.5500440414363448
1693 0.5500440414363448
1694 0.5500440414363448
1695 0.5500440414363448
1696 0.611906285388387
1697 0.611906285388387
1698 0.611906285388387
1699 0.611906285388387
1700 2.1818668356317663
1701 2.1818668356317663
1702 2.1818668356317663
1703 2.1818668356317663
1704 2.0475472792861122
1705 2.0475472792861122
1706 2.0475472792861122
1707 2.0475472792861122
1708 1.9976940029814125
1709 1.9976940029814125
1710 1.9976940029814125
1711 1.9976940029814125
1712 1.9183848996633652
1713 1.9183848996633652
1714 1.9183848996633652
1715 1.9183848996633652
1716 1.8946129196590742
1717 1.8946129196590742
1718 1.8946129196590742
1719 1.8946129196590742
1720 1.7501566404061732
1721 1.7501566404061732
1722 1.7501566404061732
1723 1.7501566404061732
1724 1.7301428519578812
1725 1.7301428519578812
1726 1.7301428519578812
1727 1.7301428519578812
1728 1.8653292624677944
1729 1.8653292624677944
1730 1.8653292624677944
1731 1.8653292624677944
1732 1.917370628000795
1733 1.917370628000795
1734 1.917370628000795
1735 1.917370628000795
1736 2.046186533712348
1737 2.046186533712348
1738 2.046186533712348
1739 2.046186533712348
1740 2.381789887688785
1741 2.381789887688785
1742 2.381789887688785
1743 2.381789887688785
1744 2.2839424078592985
1745 2.2839424078592985
1746 2.2839424078592985
1747 2.2839424078592985
1748 1.9186480753195874
1749 1.9186480753195874
1750 1.9186480753195874
1751 1.9186480753195874
1752 1.9193128070913463
1753 1.9193128070913463
1754 1.9193128070913463
1755 1.9193128070913463
1756 1.9082380771572747
1757 1.9082380771572747
1758 1.9082380771572747
1759 1.9082380771572747
1760 2.0769230346362897
1761 2.0769230346362897
1762 2.0769230346362897
1763 2.0769230346362897
1764 1.7552410258478421
1765 1.7552410258478421
1766 1.7552410258478421
1767 1.7552410258478421
1768 1.9166585610459699
1769 1.9166585610459699
1770 1.9166585610459699
1771 1.9166585610459699
1772 1.8398501219479537
1773 1.8398501219479537
1774 1.8398501219479537
1775 1.8398501219479537
1776 1.6321087695623506
1777 1.6321087695623506
1778 1.6321087695623506
1779 1.6321087695623506
1780 2.2492546043514503
1781 2.2492546043514503
1782 2.2492546043514503
1783 2.2492546043514503
1784 1.9793845667901697
1785 1.9793845667901697
1786 1.9793845667901697
1787 1.9793845667901697
1788 1.7557710110890419
1789 1.7557710110890419
1790 1.7557710110890419
1791 1.7557710110890419
1792 2.1370846501913543
1793 2.1370846501913543
1794 2.1370846501913543
1795 2.1370846501913543
1796 2.2248120778623948
1797 2.2248120778623948
1798 2.2248120778623948
1799 2.2248120778623948
1800 2.245799043173015
1801 2.245799043173015
1802 2.245799043173015
1803 2.245799043173015
1804 1.9923452296663249
1805 1.9923452296663249
1806 1.9923452296663249
1807 1.9923452296663249
1808 2.2871846466263532
1809 2.2871846466263532
1810 2.2871846466263532
1811 2.2871846466263532
1812 1.9406346281807823
1813 1.9406346281807823
1814 1.9406346281807823
1815 1.9406346281807823
1816 1.948538118373347
1817 1.948538118373347
1818 1.948538118373347
1819 1.948538118373347
1820 2.032363703156089
1821 2.032363703156089
1822 2.032363703156089
1823 2.032363703156089
1824 2.0241819776349463
1825 2.0241819776349463
1826 2.0241819776349463
1827 2.0241819776349463
1828 2.366915063119406
1829 2.366915063119406
1830 2.366915063119406
1831 2.366915063119406
1832 2.0900750630976033
1833 2.0900750630976033
1834 2.0900750630976033
1835 2.0900750630976033
1836 1.9248954261707423
1837 1.9248954261707423
1838 1.9248954261707423
1839 1.9248954261707423
1840 2.051224359626237
1841 2.051224359626237
1842 2.051224359626237
1843 2.051224359626237
1844 2.431690368593662
1845 2.431690368593662
1846 2.431690368593662
1847 2.431690368593662
1848 1.9037647734656837
1849 1.9037647734656837
1850 1.9037647734656837
1851 1.9037647734656837
1852 1.8756505263249863
1853 1.8756505263249863
1854 1.8756505263249863
1855 1.8756505263249863
1856 1.7268441373322956
1857 1.7268441373322956
1858 1.7268441373322956
1859 1.7268441373322956
1860 2.1098478500482143
1861 2.1098478500482143
1862 2.1098478500482143
1863 2.1098478500482143
1864 2.204531529734678
1865 2.204531529734678
1866 2.204531529734678
1867 2.204531529734678
1868 2.18439939337341
1869 2.18439939337341
1870 2.18439939337341
1871 2.18439939337341
1872 2.1320406775182907
1873 2.1320406775182907
1874 2.1320406775182907
1875 2.1320406775182907
1876 2.2074948809469292
1877 2.2074948809469292
1878 2.2074948809469292
1879 2.2074948809469292
1880 1.798524368000055
1881 1.798524368000055
1882 1.798524368000055
1883 1.798524368000055
1884 2.194375436114089
1885 2.194375436114089
1886 2.194375436114089
1887 2.194375436114089
1888 2.1371242326103177
1889 2.1371242326103177
1890 2.1371242326103177
1891 2.1371242326103177
1892 2.34449857396875
1893 2.34449857396875
1894 2.34449857396875
1895 2.34449857396875
1896 1.8974269498679976
1897 1.8974269498679976
1898 1.8974269498679976
1899 1.8974269498679976
1900 1.8290169255733533
1901 1.8290169255733533
1902 1.8290169255733533
1903 1.8290169255733533
1904 2.1543916712513935
1905 2.1543916712513935
1906 2.1543916712513935
1907 2.1543916712513935
1908 2.0568853210697813
1909 2.0568853210697813
1910 2.0568853210697813
1911 2.0568853210697813
1912 1.874417502499053
1913 1.874417502499053
1914 1.874417502499053
1915 1.874417502499053
1916 1.6282724584623167
1917 1.6282724584623167
1918 1.6282724584623167
1919 1.6282724584623167
1920 2.206249686050747
1921 2.206249686050747
1922 2.206249686050747
1923 2.206249686050747
1924 2.0549194684445515
1925 2.0549194684445515
1926 2.0549194684445515
1927 2.0549194684445515
1928 2.5699436428394673
1929 2.5699436428394673
1930 2.5699436428394673
1931 2.5699436428394673
1932 2.3535935559789944
1933 2.3535935559789944
1934 2.3535935559789944
1935 2.3535935559789944
1936 1.8897430114000073
1937 1.8897430114000073
1938 1.8897430114000073
1939 1.8897430114000073
1940 2.165571472668616
1941 2.165571472668616
1942 2.165571472668616
1943 2.165571472668616
1944 2.0127431262883673
1945 2.0127431262883673
1946 2.0127431262883673
1947 2.0127431262883673
1948 1.8487098469425547
1949 1.8487098469425547
1950 1.8487098469425547
1951 1.8487098469425547
1952 2.293245328098072
1953 2.293245328098072
1954 2.293245328098072
1955 2.293245328098072
1956 2.131732092286124
1957 2.131732092286124
1958 2.131732092286124
1959 2.131732092286124
1960 2.063079194473059
1961 2.063079194473059
1962 2.063079194473059
1963 2.063079194473059
1964 1.7135643602361603
1965 1.7135643602361603
1966 1.7135643602361603
1967 1.7135643602361603
1968 1.7055804497426017
1969 1.7055804497426017
1970 1.7055804497426017
1971 1.7055804497426017
1972 2.1429357834964176
1973 2.1429357834964176
1974 2.1429357834964176
1975 2.1429357834964176
1976 1.7449321566496827
1977 1.7449321566496827
1978 1.7449321566496827
1979 1.7449321566496827
1980 1.9799824079154453
1981 1.9799824079154453
1982 1.9799824079154453
1983 1.9799824079154453
1984 2.446914043431952
1985 2.446914043431952
1986 2.446914043431952
1987 2.446914043431952
1988 2.0259700512817793
1989 2.0259700512817793
1990 2.0259700512817793
1991 2.0259700512817793
1992 1.6739208922709075
1993 1.6739208922709075
1994 1.6739208922709075
1995 1.6739208922709075
1996 2.1498081748080446
1997 2.1498081748080446
1998 2.1498081748080446
1999 2.1498081748080446
