0 1.9366001573046612
1 1.9366001573046612
2 1.9366001573046612
3 1.9366001573046612
4 1.9366001573046612
5 2.023421032080016
6 2.023421032080016
7 2.023421032080016
8 2.023421032080016
9 2.023421032080016
10 2.7552925902705345
11 2.7552925902705345
12 2.7552925902705345
13 2.7552925902705345
14 2.7552925902705345
15 3.056664782287794
16 3.056664782287794
17 3.056664782287794
18 3.056664782287794
19 3.056664782287794
20 2.9011301636608167
21 2.9011301636608167
22 2.9011301636608167
23 2.9011301636608167
24 2.9011301636608167
25 3.0124671002287826
26 3.0124671002287826
27 3.0124671002287826
28 3.0124671002287826
29 3.0124671002287826
30 4.218673842858995
31 4.218673842858995
32 4.218673842858995
33 4.218673842858995
34 4.218673842858995
35 3.5329016485479254
36 3.5329016485479254
37 3.5329016485479254
38 3.5329016485479254
39 3.2722940998830867
40 3.2722940998830867
41 3.2722940998830867
42 3.2722940998830867
43 3.2722940998830867
44 4.555308862829826
45 4.555308862829826
46 4.555308862829826
47 4.555308862829826
48 4.555308862829826
49 5.020826411036149
50 5.020826411036149
51 5.020826411036149
52 5.020826411036149
53 5.020826411036149
54 4.303436902042611
55 4.303436902042611
56 4.303436902042611
57 4.303436902042611
58 4.303436902042611
59 5.462509623381573
60 5.462509623381573
61 5.462509623381573
62 5.462509623381573
63 5.462509623381573
64 4.446854595163207
65 4.446854595163207
66 4.446854595163207
67 4.446854595163207
68 4.446854595163207
69 4.4985593258124075
70 4.4985593258124075
71 4.4985593258124075
72 4.4985593258124075
73 4.4985593258124075
74 5.016183830382073
75 5.016183830382073
76 5.016183830382073
77 5.016183830382073
78 5.016183830382073
79 3.8471659691524773
80 3.8471659691524773
81 3.8471659691524773
82 3.8471659691524773
83 3.8471659691524773
84 3.3398116954329113
85 3.3398116954329113
86 3.3398116954329113
87 3.3398116954329113
88 3.3398116954329113
89 5.38258791228442
90 5.38258791228442
91 5.38258791228442
92 5.38258791228442
93 5.38258791228442
94 4.723467715846826
95 4.723467715846826
96 4.723467715846826
97 4.723467715846826
98 4.723467715846826
99 3.061179026418299
100 3.061179026418299
101 3.061179026418299
102 3.061179026418299
103 3.061179026418299
104 4.228343143444377
105 4.228343143444377
106 4.228343143444377
107 4.228343143444377
108 1.4904085021344724
109 1.4904085021344724
110 1.4904085021344724
111 1.4904085021344724
112 1.4904085021344724
113 0.9371092372242065
114 0.9371092372242065
115 0.9371092372242065
116 0.9371092372242065
117 0.9371092372242065
118 2.280259062467834
119 2.280259062467834
120 2.280259062467834
121 2.280259062467834
122 2.280259062467834
123 1.6500896452575933
124 1.6500896452575933
125 1.6500896452575933
126 1.6500896452575933
127 3.135077268342294
128 3.135077268342294
129 3.135077268342294
130 3.135077268342294
131 3.135077268342294
132 0.8396527542487737
133 0.8396527542487737
134 0.8396527542487737
135 0.8396527542487737
136 0.8396527542487737
137 0.6277152498944955
138 0.6277152498944955
139 0.6277152498944955
140 0.6277152498944955
141 0.6277152498944955
142 0.5570011253731075
143 0.5570011253731075
144 0.5570011253731075
145 0.5570011253731075
146 0.5570011253731075
147 0.7728887652940452
148 0.7728887652940452
149 0.7728887652940452
150 0.7728887652940452
151 0.7728887652940452
152 0.7139864673957778
153 0.7139864673957778
154 0.7139864673957778
155 0.7139864673957778
156 0.7139864673957778
157 0.38665347045245474
158 0.38665347045245474
159 0.38665347045245474
160 0.38665347045245474
161 0.38665347045245474
162 0.8435158586536812
163 0.8435158586536812
164 0.8435158586536812
165 0.8435158586536812
166 0.8435158586536812
167 0.6043892912775032
168 0.6043892912775032
169 0.6043892912775032
170 0.6043892912775032
171 0.6043892912775032
172 0.7476239197209202
173 0.7476239197209202
174 1.2944484579709443
175 1.2944484579709443
176 1.2944484579709443
177 1.2944484579709443
178 5.031600376646404
179 5.031600376646404
180 5.031600376646404
181 5.031600376646404
182 5.031600376646404
183 2.612633980337664
184 2.612633980337664
185 2.612633980337664
186 2.612633980337664
187 2.612633980337664
188 4.597135722627357
189 4.597135722627357
190 4.597135722627357
191 4.597135722627357
192 4.597135722627357
193 4.0594241194334195
194 4.0594241194334195
195 4.0594241194334195
196 4.0594241194334195
197 4.0594241194334195
198 3.1172550354228026
199 3.1172550354228026
200 3.1172550354228026
201 3.1172550354228026
202 3.1172550354228026
203 4.380308969351797
204 4.380308969351797
205 4.380308969351797
206 4.380308969351797
207 4.380308969351797
208 4.629455860883304
209 4.629455860883304
210 4.629455860883304
211 4.629455860883304
212 4.629455860883304
213 2.172617393542315
214 2.172617393542315
215 2.172617393542315
216 2.906089817716661
217 2.906089817716661
218 2.906089817716661
219 1.6945080230855827
220 1.6945080230855827
221 1.6945080230855827
222 1.6945080230855827
223 1.6945080230855827
224 1.6613127616414696
225 1.6613127616414696
226 1.6613127616414696
227 1.6613127616414696
228 1.6613127616414696
229 1.6276675160602274
230 1.6276675160602274
231 1.6276675160602274
232 1.6276675160602274
233 1.6276675160602274
234 1.2662845706551853
235 1.2662845706551853
236 1.2662845706551853
237 1.2662845706551853
238 1.2662845706551853
239 1.7886688929626386
240 1.7886688929626386
241 1.7886688929626386
242 1.7886688929626386
243 1.7886688929626386
244 1.9547645471022643
245 1.9547645471022643
246 1.9547645471022643
247 1.9547645471022643
248 1.9547645471022643
249 2.3120937315248646
250 4.473254879728042
251 4.473254879728042
252 4.473254879728042
253 2.848934196728322
254 2.848934196728322
255 0.6214829517021303
256 0.6214829517021303
257 0.6214829517021303
258 0.6214829517021303
259 0.6214829517021303
260 0.4935544262674971
261 0.4935544262674971
262 0.4935544262674971
263 0.4935544262674971
264 0.4935544262674971
265 0.6158381141042598
266 0.6158381141042598
267 0.6158381141042598
268 0.6158381141042598
269 0.6158381141042598
270 0.5633733113427608
271 0.5633733113427608
272 0.5633733113427608
273 0.5633733113427608
274 0.5633733113427608
275 0.5255988121073766
276 0.5255988121073766
277 0.5255988121073766
278 0.5255988121073766
279 0.5255988121073766
280 0.5679957515439633
281 0.5679957515439633
282 0.5679957515439633
283 0.5679957515439633
284 0.5679957515439633
285 0.6360473232303505
286 0.6360473232303505
287 0.6360473232303505
288 0.6360473232303505
289 0.6360473232303505
290 0.7162853042742571
291 0.7162853042742571
292 0.7162853042742571
293 0.7162853042742571
294 2.8212117629332765
295 2.8212117629332765
296 2.8212117629332765
297 2.8212117629332765
298 2.8212117629332765
299 3.7868119618378024
300 3.7868119618378024
301 3.7868119618378024
302 3.7868119618378024
303 3.7868119618378024
304 3.341380548255618
305 3.341380548255618
306 3.341380548255618
307 3.341380548255618
308 3.341380548255618
309 3.205737645298314
310 3.205737645298314
311 3.205737645298314
312 3.205737645298314
313 3.205737645298314
314 3.3720770922403407
315 3.3720770922403407
316 3.3720770922403407
317 6.053030299644581
318 6.053030299644581
319 6.053030299644581
320 6.053030299644581
321 6.053030299644581
322 3.3327255884167992
323 3.3327255884167992
324 3.3327255884167992
325 3.3327255884167992
326 3.3327255884167992
327 3.662589459123811
328 3.662589459123811
329 3.662589459123811
330 3.662589459123811
331 3.662589459123811
332 3.32017329757495
333 3.32017329757495
334 1.4594231225009469
335 1.4594231225009469
336 1.4594231225009469
337 1.4594231225009469
338 1.4594231225009469
339 1.28325721090301
340 1.28325721090301
341 1.28325721090301
342 1.28325721090301
343 1.28325721090301
344 3.2115365278280583
345 3.2115365278280583
346 3.2115365278280583
347 3.2115365278280583
348 3.2115365278280583
349 2.7733310790367116
350 2.7733310790367116
351 2.7733310790367116
352 2.7733310790367116
353 2.7733310790367116
354 2.9602819556492275
355 2.9602819556492275
356 2.9602819556492275
357 2.9602819556492275
358 2.9602819556492275
359 4.130653853100759
360 4.130653853100759
361 4.130653853100759
362 4.130653853100759
363 4.130653853100759
364 3.834978678521957
365 3.834978678521957
366 3.834978678521957
367 3.834978678521957
368 3.834978678521957
369 4.627387873429553
370 4.627387873429553
371 4.627387873429553
372 4.627387873429553
373 4.627387873429553
374 3.6878278495321375
375 3.6878278495321375
376 3.6878278495321375
377 3.6878278495321375
378 3.6878278495321375
379 3.8019677129908684
380 3.8019677129908684
381 3.8019677129908684
382 3.8019677129908684
383 3.8019677129908684
384 4.358329679018514
385 4.358329679018514
386 4.358329679018514
387 4.358329679018514
388 4.358329679018514
389 3.957307572925923
390 2.1483047087331033
391 2.1483047087331033
392 2.1483047087331033
393 2.1483047087331033
394 2.1483047087331033
395 1.2027564989866089
396 1.2027564989866089
397 1.2027564989866089
398 4.1998500417473394
399 4.1998500417473394
400 4.1998500417473394
401 4.1998500417473394
402 4.1998500417473394
403 3.880966419713817
404 3.880966419713817
405 3.880966419713817
406 3.880966419713817
407 3.880966419713817
408 4.52412596638845
409 4.52412596638845
410 4.52412596638845
411 4.52412596638845
412 4.52412596638845
413 2.1908189769059896
414 2.1908189769059896
415 2.1908189769059896
416 2.1908189769059896
417 2.1908189769059896
418 2.1919845052462685
419 2.1919845052462685
420 2.1919845052462685
421 2.1919845052462685
422 2.1919845052462685
423 6.062356879915669
424 6.062356879915669
425 6.062356879915669
426 6.062356879915669
427 2.968957067222573
428 2.968957067222573
429 2.968957067222573
430 2.968957067222573
431 2.968957067222573
432 5.92407820946046
433 5.92407820946046
434 5.92407820946046
435 5.92407820946046
436 5.92407820946046
437 4.159798748070596
438 4.159798748070596
439 4.159798748070596
440 4.159798748070596
441 4.159798748070596
442 3.0126568245316765
443 0.990801883308096
444 0.990801883308096
445 0.990801883308096
446 0.990801883308096
447 0.990801883308096
448 1.3302950453484517
449 1.3302950453484517
450 3.6337987350663616
451 3.6337987350663616
452 3.6337987350663616
453 3.6337987350663616
454 3.6337987350663616
455 4.508932332359687
456 4.508932332359687
457 4.508932332359687
458 4.508932332359687
459 4.508932332359687
460 2.833014573606765
461 2.833014573606765
462 2.0082859668770783
463 2.0082859668770783
464 2.0082859668770783
465 2.0082859668770783
466 2.0082859668770783
467 1.6743161056706657
468 1.6743161056706657
469 1.6743161056706657
470 1.6743161056706657
471 1.6743161056706657
472 3.1241022724187033
473 3.1241022724187033
474 3.1241022724187033
475 3.1241022724187033
476 3.1241022724187033
477 1.2598305927883335
478 3.48862289673973
479 3.6734671063747886
480 3.6734671063747886
481 3.6734671063747886
482 3.6734671063747886
483 3.6734671063747886
484 3.3591175829006943
485 3.3591175829006943
486 3.3591175829006943
487 3.3591175829006943
488 3.3591175829006943
489 3.6464341884055034
490 3.6464341884055034
491 3.6464341884055034
492 3.6464341884055034
493 3.6464341884055034
494 3.6367523344720416
495 3.6367523344720416
496 3.6367523344720416
497 3.6367523344720416
498 3.6367523344720416
499 6.311663112025971
500 2.3769222519991184
501 2.3769222519991184
502 2.3769222519991184
503 2.3769222519991184
504 2.3769222519991184
505 2.945402462548448
506 2.945402462548448
507 2.945402462548448
508 2.945402462548448
509 0.8743147067609744
510 0.8743147067609744
511 0.8743147067609744
512 2.63267806625449
513 2.63267806625449
514 2.63267806625449
515 2.63267806625449
516 2.63267806625449
517 3.2050090773373374
518 3.2050090773373374
519 3.2050090773373374
520 3.2050090773373374
521 3.2050090773373374
522 2.9462843764184603
523 2.9462843764184603
524 2.9462843764184603
525 2.9462843764184603
526 2.9462843764184603
527 2.467571132126704
528 2.467571132126704
529 2.467571132126704
530 2.467571132126704
531 2.467571132126704
532 3.0039667329076716
533 3.0039667329076716
534 3.0039667329076716
535 3.0039667329076716
536 3.0039667329076716
537 3.8309812760034845
538 2.661460237171902
539 2.661460237171902
540 2.661460237171902
541 2.661460237171902
542 2.661460237171902
543 4.145421277448907
544 4.145421277448907
545 4.145421277448907
546 4.145421277448907
547 4.145421277448907
548 2.852877619407756
549 2.852877619407756
550 2.852877619407756
551 2.852877619407756
552 2.852877619407756
553 2.893806944893438
554 2.893806944893438
555 2.893806944893438
556 4.688728136730631
557 4.688728136730631
558 1.7540844036201175
559 1.7540844036201175
560 1.7540844036201175
561 1.7540844036201175
562 1.7540844036201175
563 2.2650147435391683
564 2.2650147435391683
565 2.2650147435391683
566 2.2650147435391683
567 2.2650147435391683
568 2.3694470920801023
569 2.3694470920801023
570 2.3694470920801023
571 2.3694470920801023
572 2.3694470920801023
573 1.758064993126307
574 1.758064993126307
575 1.758064993126307
576 1.758064993126307
577 1.758064993126307
578 1.5842970545217336
579 1.5842970545217336
580 1.5842970545217336
581 1.5842970545217336
582 1.5842970545217336
583 1.922605566728317
584 1.922605566728317
585 1.922605566728317
586 1.922605566728317
587 1.922605566728317
588 1.9070262005099092
589 1.9070262005099092
590 1.9070262005099092
591 1.9070262005099092
592 1.9070262005099092
593 1.305457122429602
594 1.305457122429602
595 1.305457122429602
596 1.305457122429602
597 1.305457122429602
598 1.4256070736290343
599 1.4256070736290343
600 1.4256070736290343
601 1.4256070736290343
602 1.4256070736290343
603 2.2258628423773477
604 2.2258628423773477
605 2.2258628423773477
606 2.2258628423773477
607 2.2258628423773477
608 2.186889180823851
609 2.186889180823851
610 2.186889180823851
611 2.186889180823851
612 4.1307098552120225
613 4.1307098552120225
614 4.1307098552120225
615 4.1307098552120225
616 4.1307098552120225
617 2.296982636790249
618 2.296982636790249
619 2.296982636790249
620 2.296982636790249
621 2.296982636790249
622 3.5566755700614436
623 3.5566755700614436
624 3.5566755700614436
625 3.5566755700614436
626 3.5566755700614436
627 3.8063861388666185
628 3.8063861388666185
629 3.8063861388666185
630 3.8063861388666185
631 3.8063861388666185
632 4.277188780229251
633 4.277188780229251
634 4.277188780229251
635 4.277188780229251
636 4.277188780229251
637 3.178920389985231
638 3.178920389985231
639 3.178920389985231
640 3.178920389985231
641 3.178920389985231
642 4.111326336064826
643 4.111326336064826
644 4.111326336064826
645 4.111326336064826
646 4.111326336064826
647 3.1991907066315233
648 3.1991907066315233
649 3.1991907066315233
650 3.1991907066315233
651 3.1991907066315233
652 1.3643875814820678
653 1.3643875814820678
654 1.3643875814820678
655 1.3643875814820678
656 1.3643875814820678
657 1.75967589195355
658 1.75967589195355
659 1.75967589195355
660 1.75967589195355
661 1.75967589195355
662 1.5016544803169383
663 0.5870088000025182
664 0.5870088000025182
665 0.5870088000025182
666 4.256129176141705
667 4.256129176141705
668 4.256129176141705
669 4.256129176141705
670 4.256129176141705
671 4.234416517045732
672 4.234416517045732
673 1.7582788838015517
674 1.7582788838015517
675 1.7582788838015517
676 1.7582788838015517
677 1.7582788838015517
678 1.3407654537361702
679 1.3407654537361702
680 2.31661121565927
681 2.31661121565927
682 2.31661121565927
683 1.2252497187971902
684 1.2252497187971902
685 1.2252497187971902
686 1.2252497187971902
687 1.2252497187971902
688 0.9891735118352835
689 0.9891735118352835
690 0.9891735118352835
691 0.9891735118352835
692 0.4203202046495148
693 0.4203202046495148
694 0.4203202046495148
695 0.4203202046495148
696 0.4203202046495148
697 0.503052925076523
698 0.503052925076523
699 0.503052925076523
700 0.503052925076523
701 0.503052925076523
702 0.44275919527016766
703 0.44275919527016766
704 0.44275919527016766
705 0.44275919527016766
706 0.44275919527016766
707 0.627461400335533
708 0.627461400335533
709 0.627461400335533
710 0.627461400335533
711 0.627461400335533
712 0.8667081931249845
713 0.8667081931249845
714 0.8667081931249845
715 4.34546423790398
716 4.34546423790398
717 4.34546423790398
718 4.34546423790398
719 4.34546423790398
720 4.296826903022835
721 4.296826903022835
722 4.296826903022835
723 4.296826903022835
724 4.296826903022835
725 3.4538159450660784
726 3.4538159450660784
727 3.4538159450660784
728 5.38459216795261
729 5.38459216795261
730 5.38459216795261
731 5.38459216795261
732 5.38459216795261
733 5.355886278592872
734 5.355886278592872
735 5.355886278592872
736 5.355886278592872
737 5.355886278592872
738 5.046520402932193
739 5.046520402932193
740 5.046520402932193
741 5.046520402932193
742 5.046520402932193
743 4.69102316913682
744 4.69102316913682
745 4.69102316913682
746 2.0293219207912037
747 2.0293219207912037
748 2.0293219207912037
749 2.0293219207912037
750 2.0293219207912037
751 2.0169834573800407
752 2.0169834573800407
753 2.0169834573800407
754 2.0169834573800407
755 2.0169834573800407
756 2.4557384954043506
757 2.4557384954043506
758 2.4557384954043506
759 2.4557384954043506
760 2.4557384954043506
761 1.9808961728827787
762 1.9808961728827787
763 1.9808961728827787
764 1.9808961728827787
765 1.9808961728827787
766 2.5071036144241776
767 0.23375422662396567
768 0.23375422662396567
769 0.23375422662396567
770 0.23375422662396567
771 0.23375422662396567
772 0.15448030677434157
773 0.15448030677434157
774 0.15448030677434157
775 0.15448030677434157
776 0.15448030677434157
777 0.23391991735538367
778 0.23391991735538367
779 0.23391991735538367
780 2.626067606900222
781 2.626067606900222
782 2.626067606900222
783 2.626067606900222
784 2.626067606900222
785 3.1022015034247374
786 3.1022015034247374
787 3.1022015034247374
788 3.1022015034247374
789 3.1022015034247374
790 2.9386726200779956
791 2.9386726200779956
792 2.9386726200779956
793 2.9386726200779956
794 2.9386726200779956
795 2.7127222973419505
796 2.7127222973419505
797 2.7127222973419505
798 2.7127222973419505
799 2.7127222973419505
800 2.5934766934616853
801 2.5934766934616853
802 2.5934766934616853
803 2.5934766934616853
804 2.5934766934616853
805 2.8662204869956662
806 2.8662204869956662
807 2.8662204869956662
808 2.8662204869956662
809 2.8662204869956662
810 3.268342793332652
811 3.268342793332652
812 1.6823533374632538
813 1.6823533374632538
814 1.6823533374632538
815 1.6823533374632538
816 1.6823533374632538
817 2.176456348253227
818 2.176456348253227
819 2.176456348253227
820 2.176456348253227
821 2.176456348253227
822 0.6229530168840286
823 0.6229530168840286
824 0.6229530168840286
825 0.6229530168840286
826 0.6229530168840286
827 0.7368231431750552
828 0.7368231431750552
829 0.7368231431750552
830 2.4365784456252078
831 2.4365784456252078
832 2.4365784456252078
833 2.4365784456252078
834 2.4365784456252078
835 2.785125773131771
836 2.785125773131771
837 2.785125773131771
838 0.45923752977998067
839 0.45923752977998067
840 0.45923752977998067
841 0.45923752977998067
842 0.45923752977998067
843 0.8546184230189797
844 0.8546184230189797
845 0.8546184230189797
846 0.6571847736721478
847 0.6571847736721478
848 0.6571847736721478
849 0.6571847736721478
850 0.6571847736721478
851 0.17236384821479334
852 3.5215463488055243
853 3.5215463488055243
854 3.5215463488055243
855 3.5215463488055243
856 3.5215463488055243
857 3.6344905737732147
858 3.6344905737732147
859 3.6344905737732147
860 3.6344905737732147
861 3.6344905737732147
862 3.8243583026839705
863 3.8243583026839705
864 3.8243583026839705
865 3.8243583026839705
866 3.8243583026839705
867 4.247812229378676
868 0.9385083961683103
869 0.9385083961683103
870 0.9385083961683103
871 0.9385083961683103
872 0.9385083961683103
873 1.5752996325434196
874 1.5752996325434196
875 1.5752996325434196
876 1.5752996325434196
877 1.5752996325434196
878 1.5675917561622605
879 1.5675917561622605
880 1.5675917561622605
881 1.5675917561622605
882 1.5675917561622605
883 0.9764455407273799
884 0.9764455407273799
885 0.9764455407273799
886 0.9764455407273799
887 0.9764455407273799
888 1.0667121281626646
889 1.0667121281626646
890 0.12610717251812725
891 0.12610717251812725
892 0.12610717251812725
893 0.12610717251812725
894 0.12610717251812725
895 0.1608806021915943
896 0.1608806021915943
897 0.1608806021915943
898 0.1608806021915943
899 0.1608806021915943
900 0.11979975461467131
901 0.11979975461467131
902 0.11979975461467131
903 0.11979975461467131
904 5.0090382080992715
905 5.0090382080992715
906 5.0090382080992715
907 5.0090382080992715
908 5.0090382080992715
909 5.806035855388189
910 5.806035855388189
911 5.806035855388189
912 5.806035855388189
913 5.806035855388189
914 3.763131260518824
915 3.763131260518824
916 3.763131260518824
917 3.763131260518824
918 3.763131260518824
919 3.95211089592666
920 3.95211089592666
921 3.95211089592666
922 3.95211089592666
923 3.95211089592666
924 4.083936243338532
925 4.083936243338532
926 4.083936243338532
927 4.083936243338532
928 4.083936243338532
929 3.2388403013049256
930 1.3242575204488574
931 1.3242575204488574
932 1.3242575204488574
933 1.3242575204488574
934 1.1266199378563497
935 1.1266199378563497
936 1.1266199378563497
937 1.1266199378563497
938 3.075379799878917
939 3.075379799878917
940 3.075379799878917
941 3.075379799878917
942 3.075379799878917
943 0.4914742232313908
944 0.4914742232313908
945 0.4914742232313908
946 0.4914742232313908
947 0.4914742232313908
948 0.6141954853053028
949 0.6141954853053028
950 0.6141954853053028
951 0.6141954853053028
952 2.566353855518062
953 2.566353855518062
954 2.658229700597517
955 2.658229700597517
956 2.658229700597517
957 2.658229700597517
958 2.658229700597517
959 2.8622763340138047
960 2.8622763340138047
961 2.8622763340138047
962 2.8622763340138047
963 2.8622763340138047
964 2.8266732036099493
965 2.8266732036099493
966 2.8266732036099493
967 2.8266732036099493
968 2.8266732036099493
969 2.745923851636217
970 2.745923851636217
971 2.745923851636217
972 2.745923851636217
973 2.745923851636217
974 3.30140350021849
975 3.30140350021849
976 3.30140350021849
977 3.30140350021849
978 3.30140350021849
979 4.7979215093551675
980 0.8479004187040837
981 0.8479004187040837
982 0.8479004187040837
983 0.8479004187040837
984 0.8479004187040837
985 2.5582177496265412
986 2.5582177496265412
987 2.5582177496265412
988 2.5582177496265412
989 2.5582177496265412
990 1.3499459879204863
991 1.3499459879204863
992 1.3499459879204863
993 1.3499459879204863
994 1.3499459879204863
995 1.2814290228374527
996 1.2814290228374527
997 1.2814290228374527
998 1.4446318442448214
999 1.4446318442448214
1000 1.4446318442448214
1001 1.4446318442448214
1002 1.4446318442448214
1003 1.059853787889
1004 1.059853787889
1005 1.059853787889
1006 1.059853787889
1007 1.059853787889
1008 1.3609234527801952
1009 1.3609234527801952
1010 1.3609234527801952
1011 1.3609234527801952
1012 1.3609234527801952
1013 0.9739138767665184
1014 0.9739138767665184
1015 0.9739138767665184
1016 0.9739138767665184
1017 0.9739138767665184
1018 1.5885708227314266
1019 1.5885708227314266
1020 1.5885708227314266
1021 1.5885708227314266
1022 1.5885708227314266
1023 1.1549717797470533
1024 1.1549717797470533
1025 1.1549717797470533
1026 1.1549717797470533
1027 1.1549717797470533
1028 1.280044346712646
1029 1.280044346712646
1030 1.280044346712646
1031 1.280044346712646
1032 1.280044346712646
1033 0.8015879970543648
1034 0.8015879970543648
1035 0.8015879970543648
1036 0.8015879970543648
1037 0.8015879970543648
1038 1.104015052654697
1039 1.104015052654697
1040 1.104015052654697
1041 1.104015052654697
1042 1.104015052654697
1043 0.7167447494290127
1044 0.7167447494290127
1045 0.7167447494290127
1046 0.7167447494290127
1047 0.7167447494290127
1048 1.1530445297388872
1049 1.1530445297388872
1050 1.1530445297388872
1051 1.1530445297388872
1052 1.1530445297388872
1053 1.3315149744697286
1054 2.8590003140951765
1055 2.8590003140951765
1056 2.8590003140951765
1057 2.8590003140951765
1058 2.8590003140951765
1059 5.205659780593068
1060 5.205659780593068
1061 5.205659780593068
1062 1.1126935991349944
1063 1.1126935991349944
1064 1.1126935991349944
1065 1.1126935991349944
1066 1.1126935991349944
1067 0.5623289548428732
1068 0.5623289548428732
1069 0.5623289548428732
1070 0.5623289548428732
1071 0.5623289548428732
1072 1.6975309523577655
1073 1.6975309523577655
1074 1.6975309523577655
1075 1.6975309523577655
1076 1.6975309523577655
1077 1.2284412356336445
1078 1.2284412356336445
1079 1.2284412356336445
1080 2.3132122768557335
1081 3.8863968800548507
1082 3.8863968800548507
1083 3.8863968800548507
1084 3.8863968800548507
1085 3.8863968800548507
1086 4.511387142208012
1087 4.511387142208012
1088 4.511387142208012
1089 4.511387142208012
1090 4.511387142208012
1091 2.815201177886686
1092 2.6317903682174313
1093 2.6317903682174313
1094 2.6317903682174313
1095 2.6317903682174313
1096 2.6317903682174313
1097 1.5162792362160387
1098 1.5162792362160387
1099 1.5162792362160387
1100 1.5162792362160387
1101 1.5162792362160387
1102 3.0054530695160846
1103 3.0054530695160846
1104 3.0054530695160846
1105 3.0054530695160846
1106 3.0054530695160846
1107 2.359085643083077
1108 2.359085643083077
1109 2.359085643083077
1110 2.359085643083077
1111 2.359085643083077
1112 2.15496956146245
1113 2.15496956146245
1114 2.15496956146245
1115 2.15496956146245
1116 2.15496956146245
1117 2.3673903970809205
1118 2.3673903970809205
1119 2.3673903970809205
1120 2.3673903970809205
1121 2.3673903970809205
1122 2.746915900718592
1123 2.746915900718592
1124 2.44172532535263
1125 2.44172532535263
1126 2.44172532535263
1127 2.44172532535263
1128 2.44172532535263
1129 1.7012746990872931
1130 1.7012746990872931
1131 1.7012746990872931
1132 1.7012746990872931
1133 1.7012746990872931
1134 1.5077238269665096
1135 1.5077238269665096
1136 1.5077238269665096
1137 1.5077238269665096
1138 1.5077238269665096
1139 3.0241241204443376
1140 3.0241241204443376
1141 0.21825323045172126
1142 0.21825323045172126
1143 0.21825323045172126
1144 0.21825323045172126
1145 0.21825323045172126
1146 0.1787313844171863
1147 0.1787313844171863
1148 0.1787313844171863
1149 0.1787313844171863
1150 0.5946235614078155
1151 0.5946235614078155
1152 0.5946235614078155
1153 0.5946235614078155
1154 0.5946235614078155
1155 0.6931038280085612
1156 0.6931038280085612
1157 0.6931038280085612
1158 0.6931038280085612
1159 0.6931038280085612
1160 0.7668933283719841
1161 0.7668933283719841
1162 0.7668933283719841
1163 0.7668933283719841
1164 0.7668933283719841
1165 0.6119174169970734
1166 0.6119174169970734
1167 0.6119174169970734
1168 0.6119174169970734
1169 0.6119174169970734
1170 1.3737845178093395
1171 1.3737845178093395
1172 1.3737845178093395
1173 1.3737845178093395
1174 1.3737845178093395
1175 1.2036195873417912
1176 1.2036195873417912
1177 1.2036195873417912
1178 1.2036195873417912
1179 1.2036195873417912
1180 1.7695309635638692
1181 1.7695309635638692
1182 1.7695309635638692
1183 1.7695309635638692
1184 1.7695309635638692
1185 1.5165903184916616
1186 2.170164189981942
1187 2.170164189981942
1188 2.170164189981942
1189 2.170164189981942
1190 2.170164189981942
1191 2.4789653319867817
1192 2.4789653319867817
1193 2.4789653319867817
1194 2.4789653319867817
1195 2.4789653319867817
1196 1.8377965352564456
1197 1.8377965352564456
1198 1.8377965352564456
1199 1.8377965352564456
1200 1.8377965352564456
1201 1.9625557432298886
1202 3.864016347219839
1203 3.864016347219839
1204 3.864016347219839
1205 3.864016347219839
1206 3.864016347219839
1207 4.553143338946565
1208 4.553143338946565
1209 4.553143338946565
1210 4.553143338946565
1211 4.553143338946565
1212 3.0854310817138577
1213 3.0854310817138577
1214 3.0854310817138577
1215 3.0854310817138577
1216 3.0854310817138577
1217 2.9421501137506407
1218 2.9421501137506407
1219 2.9421501137506407
1220 2.9421501137506407
1221 2.9421501137506407
1222 4.003843389631644
1223 1.555345251230367
1224 1.555345251230367
1225 1.555345251230367
1226 1.555345251230367
1227 1.555345251230367
1228 0.9860080391004338
1229 0.9860080391004338
1230 0.9860080391004338
1231 0.9860080391004338
1232 0.9860080391004338
1233 0.6875044900683194
1234 0.6875044900683194
1235 0.6875044900683194
1236 4.24401900916975
1237 4.24401900916975
1238 4.24401900916975
1239 4.24401900916975
1240 4.24401900916975
1241 3.706497166440307
1242 3.706497166440307
1243 3.706497166440307
1244 3.706497166440307
1245 3.706497166440307
1246 2.4932462716881103
1247 2.4932462716881103
1248 2.4932462716881103
1249 2.4932462716881103
1250 2.4932462716881103
1251 3.7892915621873766
1252 3.7892915621873766
1253 3.7892915621873766
1254 3.7892915621873766
1255 3.7892915621873766
1256 3.378504531324991
1257 3.378504531324991
1258 2.342905263893293
1259 2.342905263893293
1260 2.342905263893293
1261 2.342905263893293
1262 2.342905263893293
1263 2.3562129693841416
1264 2.3562129693841416
1265 2.3562129693841416
1266 2.3562129693841416
1267 2.3562129693841416
1268 3.7557335113337134
1269 3.7557335113337134
1270 3.7557335113337134
1271 3.7557335113337134
1272 3.7557335113337134
1273 3.404721601433607
1274 3.404721601433607
1275 3.404721601433607
1276 3.404721601433607
1277 3.404721601433607
1278 4.0037401124404575
1279 4.0037401124404575
1280 4.0037401124404575
1281 2.4214785996112456
1282 2.4214785996112456
1283 2.4214785996112456
1284 2.4214785996112456
1285 2.4214785996112456
1286 2.0633940918512095
1287 2.0633940918512095
1288 2.0633940918512095
1289 2.0633940918512095
1290 3.809878879104844
1291 3.809878879104844
1292 3.809878879104844
1293 3.809878879104844
1294 3.809878879104844
1295 1.2598738780429928
1296 1.2598738780429928
1297 1.2598738780429928
1298 1.2598738780429928
1299 1.2598738780429928
1300 4.1308650898048285
1301 4.1308650898048285
1302 4.1308650898048285
1303 4.1308650898048285
1304 4.1308650898048285
1305 2.7042751256835933
1306 2.7042751256835933
1307 2.7042751256835933
1308 2.7042751256835933
1309 2.7042751256835933
1310 3.0643429025344746
1311 3.0643429025344746
1312 3.0643429025344746
1313 3.0643429025344746
1314 3.0643429025344746
1315 3.1405891193338
1316 3.1405891193338
1317 3.1405891193338
1318 3.1405891193338
1319 3.1405891193338
1320 3.0551804829076534
1321 3.0551804829076534
1322 3.0551804829076534
1323 3.0551804829076534
1324 3.0551804829076534
1325 3.3389678290882494
1326 3.3389678290882494
1327 3.3389678290882494
1328 3.3389678290882494
1329 0.7419979786585571
1330 0.7419979786585571
1331 0.7419979786585571
1332 0.7419979786585571
1333 0.7419979786585571
1334 0.43836992946140635
1335 0.43836992946140635
1336 0.43836992946140635
1337 0.43836992946140635
1338 0.43836992946140635
1339 0.6555301341705755
1340 0.6555301341705755
1341 0.6555301341705755
1342 0.6555301341705755
1343 0.6555301341705755
1344 0.7623910119579423
1345 0.7623910119579423
1346 0.7623910119579423
1347 0.7623910119579423
1348 0.7623910119579423
1349 0.6422308744120382
1350 0.6422308744120382
1351 0.6422308744120382
1352 0.6422308744120382
1353 0.6422308744120382
1354 0.8851244405133561
1355 0.8851244405133561
1356 0.8851244405133561
1357 0.8851244405133561
1358 0.8851244405133561
1359 0.4705701753966587
1360 0.4705701753966587
1361 1.0710052724025583
1362 1.0710052724025583
1363 1.0710052724025583
1364 1.0710052724025583
1365 1.0710052724025583
1366 1.7166815754636722
1367 1.7166815754636722
1368 1.7166815754636722
1369 1.7166815754636722
1370 1.7166815754636722
1371 2.660767236022376
1372 2.660767236022376
1373 2.660767236022376
1374 2.660767236022376
1375 2.660767236022376
1376 2.7891172165071776
1377 2.7891172165071776
1378 2.7891172165071776
1379 2.7891172165071776
1380 2.7891172165071776
1381 2.357835202566984
1382 2.357835202566984
1383 2.357835202566984
1384 2.357835202566984
1385 2.357835202566984
1386 2.3539945741054944
1387 2.3539945741054944
1388 2.3539945741054944
1389 2.3539945741054944
1390 2.3539945741054944
1391 2.3760573208170572
1392 2.3760573208170572
1393 2.3760573208170572
1394 2.3760573208170572
1395 2.3760573208170572
1396 2.920117876566589
1397 2.920117876566589
1398 2.920117876566589
1399 2.920117876566589
1400 2.920117876566589
1401 1.9383808664604045
1402 1.9383808664604045
1403 1.9383808664604045
1404 1.9383808664604045
1405 1.9383808664604045
1406 2.796595149026893
1407 2.796595149026893
1408 2.796595149026893
1409 2.796595149026893
1410 2.796595149026893
1411 1.7611816025828388
1412 1.7611816025828388
1413 1.7611816025828388
1414 1.7611816025828388
1415 1.7611816025828388
1416 2.6668123080383164
1417 2.6668123080383164
1418 2.6668123080383164
1419 2.6668123080383164
1420 2.6668123080383164
1421 3.601066294702723
1422 3.601066294702723
1423 3.601066294702723
1424 3.601066294702723
1425 3.601066294702723
1426 4.610446237351418
1427 4.610446237351418
1428 4.610446237351418
1429 4.610446237351418
1430 4.610446237351418
1431 3.4984649158456804
1432 3.4984649158456804
1433 3.4984649158456804
1434 3.4984649158456804
1435 3.4984649158456804
1436 2.163505193868816
1437 2.163505193868816
1438 2.163505193868816
1439 2.163505193868816
1440 2.163505193868816
1441 2.791350431762348
1442 2.791350431762348
1443 2.791350431762348
1444 2.791350431762348
1445 2.791350431762348
1446 2.8761845515284685
1447 2.8761845515284685
1448 2.8761845515284685
1449 2.8761845515284685
1450 2.8761845515284685
1451 1.7307366148418581
1452 1.7307366148418581
1453 4.997202785329735
1454 4.997202785329735
1455 4.997202785329735
1456 4.997202785329735
1457 4.997202785329735
1458 2.762865185670947
1459 2.762865185670947
1460 2.762865185670947
1461 2.762865185670947
1462 2.762865185670947
1463 2.468398942914232
1464 2.468398942914232
1465 2.468398942914232
1466 2.468398942914232
1467 2.468398942914232
1468 3.3973449405968488
1469 3.3973449405968488
1470 3.3973449405968488
1471 3.3973449405968488
1472 3.3973449405968488
1473 3.3135541405401234
1474 3.3135541405401234
1475 3.3135541405401234
1476 3.3135541405401234
1477 3.3135541405401234
1478 2.1870403944051247
1479 2.1870403944051247
1480 2.1870403944051247
1481 2.1870403944051247
1482 2.1870403944051247
1483 0.9019072989390584
1484 0.9019072989390584
1485 0.9019072989390584
1486 0.9019072989390584
1487 0.9019072989390584
1488 1.0247858650361659
1489 1.0247858650361659
1490 1.0247858650361659
1491 1.0247858650361659
1492 1.0247858650361659
1493 0.5470324996264976
1494 0.5470324996264976
1495 0.5470324996264976
1496 0.5470324996264976
1497 0.5470324996264976
1498 1.4263184974398162
1499 1.4263184974398162
1500 1.4263184974398162
1501 1.4263184974398162
1502 1.2067184749822977
1503 1.2067184749822977
1504 1.2067184749822977
1505 1.2067184749822977
1506 1.2067184749822977
1507 1.8324666585116103
1508 1.8324666585116103
1509 1.8324666585116103
1510 1.8324666585116103
1511 1.8324666585116103
1512 3.182964691503797
1513 3.182964691503797
1514 3.182964691503797
1515 3.182964691503797
1516 3.182964691503797
1517 2.2277281593884473
1518 0.43880846694298514
1519 0.43880846694298514
1520 0.43880846694298514
1521 0.43880846694298514
1522 0.43880846694298514
1523 0.388441657140148
1524 0.388441657140148
1525 0.388441657140148
1526 0.388441657140148
1527 0.388441657140148
1528 0.5758771019146678
1529 0.5758771019146678
1530 0.5758771019146678
1531 0.5758771019146678
1532 0.5758771019146678
1533 0.5099379433241561
1534 0.5099379433241561
1535 0.5099379433241561
1536 0.5099379433241561
1537 0.5099379433241561
1538 0.499200084865696
1539 0.499200084865696
1540 0.499200084865696
1541 0.499200084865696
1542 0.499200084865696
1543 0.74852174269031
1544 0.74852174269031
1545 0.74852174269031
1546 0.74852174269031
1547 0.74852174269031
1548 0.33061169493424786
1549 0.33061169493424786
1550 0.33061169493424786
1551 0.33061169493424786
1552 0.33061169493424786
1553 0.9246821970599435
1554 0.9246821970599435
1555 0.9246821970599435
1556 0.9246821970599435
1557 0.9246821970599435
1558 0.4108820090944948
1559 0.4108820090944948
1560 0.4108820090944948
1561 0.4108820090944948
1562 0.4108820090944948
1563 0.71026223050418
1564 0.71026223050418
1565 5.408306448413125
1566 5.408306448413125
1567 5.408306448413125
1568 5.408306448413125
1569 5.408306448413125
1570 4.043000759124892
1571 4.043000759124892
1572 4.043000759124892
1573 4.043000759124892
1574 4.043000759124892
1575 2.605057309727682
1576 2.605057309727682
1577 2.605057309727682
1578 2.605057309727682
1579 2.605057309727682
1580 3.3355487565306867
1581 3.3355487565306867
1582 3.3355487565306867
1583 3.3355487565306867
1584 3.3355487565306867
1585 2.46406773490796
1586 2.46406773490796
1587 2.46406773490796
1588 2.46406773490796
1589 2.46406773490796
1590 1.7850533431998339
1591 1.7850533431998339
1592 1.7850533431998339
1593 1.7850533431998339
1594 1.7850533431998339
1595 4.342630486552146
1596 0.265668295490435
1597 0.265668295490435
1598 0.265668295490435
1599 0.265668295490435
1600 0.265668295490435
1601 0.5743792972548444
1602 0.5743792972548444
1603 0.5743792972548444
1604 0.5743792972548444
1605 0.5743792972548444
1606 0.5098066179814998
1607 0.5098066179814998
1608 0.5098066179814998
1609 0.5098066179814998
1610 0.5098066179814998
1611 0.7495813717251056
1612 0.7495813717251056
1613 0.7495813717251056
1614 0.7495813717251056
1615 0.7495813717251056
1616 1.1577114284636698
1617 1.1577114284636698
1618 1.1577114284636698
1619 1.1577114284636698
1620 1.1577114284636698
1621 0.5649343061742828
1622 0.5649343061742828
1623 0.5649343061742828
1624 0.5649343061742828
1625 0.7762204784090034
1626 0.7762204784090034
1627 0.7762204784090034
1628 0.7762204784090034
1629 0.7762204784090034
1630 0.9326530509406146
1631 0.9326530509406146
1632 0.9326530509406146
1633 0.9326530509406146
1634 2.0867942581933616
1635 2.0867942581933616
1636 2.0867942581933616
1637 0.720395940218924
1638 0.720395940218924
1639 0.720395940218924
1640 0.720395940218924
1641 2.8375162295933514
1642 2.8375162295933514
1643 2.8375162295933514
1644 2.8375162295933514
1645 2.8375162295933514
1646 2.6559170493783313
1647 2.6559170493783313
1648 2.6559170493783313
1649 0.699689261867109
1650 0.699689261867109
1651 0.699689261867109
1652 0.699689261867109
1653 0.699689261867109
1654 3.129319183306092
1655 3.129319183306092
1656 3.129319183306092
1657 3.129319183306092
1658 3.129319183306092
1659 2.2035781194465915
1660 2.2035781194465915
1661 2.2035781194465915
1662 2.2035781194465915
1663 2.2035781194465915
1664 4.3992821960370705
1665 4.3992821960370705
1666 4.3992821960370705
1667 4.3992821960370705
1668 3.482301448035781
1669 3.482301448035781
1670 3.482301448035781
1671 3.482301448035781
1672 3.5676478185653444
1673 3.5676478185653444
1674 3.5676478185653444
1675 3.5676478185653444
1676 3.5676478185653444
1677 1.9083149355532978
1678 1.9083149355532978
1679 1.9083149355532978
1680 1.9083149355532978
1681 1.9083149355532978
1682 2.640214558532669
1683 2.640214558532669
1684 2.640214558532669
1685 2.640214558532669
1686 2.640214558532669
1687 2.4556537691536127
1688 2.4556537691536127
1689 2.4556537691536127
1690 1.0424819382152517
1691 1.0424819382152517
1692 1.0424819382152517
1693 1.0424819382152517
1694 1.0424819382152517
1695 1.3106883828232427
1696 1.3106883828232427
1697 1.3106883828232427
1698 1.3106883828232427
1699 1.3106883828232427
1700 1.1581976551617401
1701 1.1581976551617401
1702 1.1581976551617401
1703 1.1581976551617401
1704 1.1581976551617401
1705 1.2601163500034565
1706 1.2601163500034565
1707 1.2601163500034565
1708 1.2601163500034565
1709 1.2601163500034565
1710 1.3139991349028348
1711 1.3139991349028348
1712 1.3139991349028348
1713 1.3139991349028348
1714 1.3139991349028348
1715 1.377212469732158
1716 1.377212469732158
1717 1.377212469732158
1718 1.377212469732158
1719 1.377212469732158
1720 1.1243023027995067
1721 1.1243023027995067
1722 2.3983586271456425
1723 2.3983586271456425
1724 2.3983586271456425
1725 2.3983586271456425
1726 2.3983586271456425
1727 2.5110016478498163
1728 2.5110016478498163
1729 2.5110016478498163
1730 2.5110016478498163
1731 2.5110016478498163
1732 2.3979494607877174
1733 2.3979494607877174
1734 2.3979494607877174
1735 2.3979494607877174
1736 2.3979494607877174
1737 2.4772817677495964
1738 2.4772817677495964
1739 2.4772817677495964
1740 2.4772817677495964
1741 2.4772817677495964
1742 2.252569781670494
1743 2.252569781670494
1744 2.252569781670494
1745 2.252569781670494
1746 2.252569781670494
1747 1.9734453047269718
1748 1.9734453047269718
1749 1.9734453047269718
1750 1.9734453047269718
1751 1.9734453047269718
1752 2.0405090986217886
1753 2.0405090986217886
1754 2.0405090986217886
1755 2.0405090986217886
1756 2.0405090986217886
1757 3.324225788491766
1758 3.324225788491766
1759 3.324225788491766
1760 3.324225788491766
1761 3.324225788491766
1762 2.952304047401756
1763 2.952304047401756
1764 2.952304047401756
1765 2.952304047401756
1766 2.952304047401756
1767 2.522129514170824
1768 2.522129514170824
1769 1.1146994049136205
1770 1.1146994049136205
1771 1.1146994049136205
1772 1.1146994049136205
1773 1.1146994049136205
1774 0.7671583900811885
1775 0.7671583900811885
1776 2.073022583098467
1777 2.073022583098467
1778 2.073022583098467
1779 2.073022583098467
1780 2.073022583098467
1781 2.4516084293538096
1782 2.4516084293538096
1783 2.4516084293538096
1784 2.4516084293538096
1785 2.4516084293538096
1786 2.4999253241238186
1787 2.4999253241238186
1788 2.4999253241238186
1789 2.4999253241238186
1790 2.4999253241238186
1791 2.0824532403658482
1792 2.0824532403658482
1793 2.0824532403658482
1794 2.0824532403658482
1795 2.0824532403658482
1796 2.753070623502118
1797 2.753070623502118
1798 2.753070623502118
1799 2.753070623502118
1800 2.753070623502118
1801 1.8490077927895063
1802 1.8490077927895063
1803 1.8490077927895063
1804 1.8490077927895063
1805 1.8490077927895063
1806 2.3134110916656874
1807 2.3134110916656874
1808 2.3134110916656874
1809 2.3134110916656874
1810 2.3134110916656874
1811 3.117871881462311
1812 3.117871881462311
1813 3.117871881462311
1814 3.117871881462311
1815 3.117871881462311
1816 1.474718138038041
1817 1.474718138038041
1818 1.474718138038041
1819 1.474718138038041
1820 1.474718138038041
1821 2.5981409578262253
1822 2.5981409578262253
1823 2.5981409578262253
1824 2.5981409578262253
1825 2.5981409578262253
1826 2.5968542417020135
1827 1.7180263137134004
1828 1.6760811321419777
1829 3.00414269983855
1830 3.00414269983855
1831 3.00414269983855
1832 3.00414269983855
1833 3.00414269983855
1834 1.387827362754071
1835 1.387827362754071
1836 1.387827362754071
1837 1.387827362754071
1838 1.387827362754071
1839 1.7858252443556275
1840 1.7858252443556275
1841 1.7858252443556275
1842 1.7858252443556275
1843 1.7858252443556275
1844 1.8830777715684013
1845 1.8830777715684013
1846 1.8830777715684013
1847 1.8830777715684013
1848 1.8830777715684013
1849 2.3846802891395154
1850 2.3846802891395154
1851 2.3846802891395154
1852 2.3846802891395154
1853 2.3846802891395154
1854 1.5714484218215383
1855 1.5714484218215383
1856 1.5714484218215383
1857 1.5714484218215383
1858 1.5714484218215383
1859 2.603299062674239
1860 2.603299062674239
1861 2.603299062674239
1862 2.603299062674239
1863 1.1458575510183868
1864 1.8534533610518407
1865 1.8534533610518407
1866 1.8534533610518407
1867 1.8534533610518407
1868 1.8534533610518407
1869 3.3249941789648862
1870 3.3249941789648862
1871 3.3249941789648862
1872 3.3249941789648862
1873 3.3249941789648862
1874 2.51258296360666
1875 2.51258296360666
1876 2.51258296360666
1877 2.51258296360666
1878 2.51258296360666
1879 3.54714135521812
1880 3.54714135521812
1881 3.54714135521812
1882 3.54714135521812
1883 3.54714135521812
1884 2.352418690487344
1885 2.352418690487344
1886 2.352418690487344
1887 2.352418690487344
1888 2.352418690487344
1889 3.4961299643280683
1890 3.4961299643280683
1891 3.4961299643280683
1892 3.4961299643280683
1893 3.4961299643280683
1894 1.8832023383856167
1895 1.8832023383856167
1896 1.8832023383856167
1897 1.8832023383856167
1898 2.8804608677692194
1899 2.8804608677692194
1900 2.8804608677692194
1901 2.8804608677692194
1902 2.8804608677692194
1903 4.737837569424037
1904 4.737837569424037
1905 4.737837569424037
1906 4.737837569424037
1907 4.737837569424037
1908 5.911357316461086
1909 5.911357316461086
1910 5.911357316461086
1911 5.911357316461086
1912 5.911357316461086
1913 4.636263836170986
1914 4.636263836170986
1915 4.636263836170986
1916 4.636263836170986
1917 2.0401824553219843
1918 1.323223193627397
1919 1.323223193627397
1920 1.323223193627397
1921 1.323223193627397
1922 1.323223193627397
1923 1.1986880048188162
1924 1.1986880048188162
1925 1.1986880048188162
1926 1.1986880048188162
1927 1.1986880048188162
1928 1.9715201130692441
1929 1.9715201130692441
1930 1.9715201130692441
1931 1.9715201130692441
1932 1.9715201130692441
1933 1.6964864927578338
1934 1.6964864927578338
1935 1.6964864927578338
1936 1.6964864927578338
1937 1.6964864927578338
1938 1.812708411973
1939 1.812708411973
1940 1.812708411973
1941 1.812708411973
1942 1.812708411973
1943 1.983308030933538
1944 1.983308030933538
1945 1.983308030933538
1946 1.983308030933538
1947 1.983308030933538
1948 0.9577151943536275
1949 0.9577151943536275
1950 0.9577151943536275
1951 0.9577151943536275
1952 0.9577151943536275
1953 0.6387692628778132
1954 0.6387692628778132
1955 0.6387692628778132
1956 0.6387692628778132
1957 3.075914102140045
1958 3.075914102140045
1959 3.075914102140045
1960 3.075914102140045
1961 1.3619242045866435
1962 1.3619242045866435
1963 1.3619242045866435
1964 1.3619242045866435
1965 1.3619242045866435
1966 2.754511620225136
1967 1.7544585998101463
1968 1.7544585998101463
1969 1.7544585998101463
1970 1.7544585998101463
1971 1.7544585998101463
1972 3.4042434687662957
1973 3.4042434687662957
1974 3.4042434687662957
1975 3.4042434687662957
1976 3.4042434687662957
1977 2.2899220478148132
1978 2.2899220478148132
1979 2.2899220478148132
1980 2.2899220478148132
1981 2.2899220478148132
1982 1.9465987386652137
1983 1.4545994218510916
1984 1.4545994218510916
1985 1.4545994218510916
1986 1.4545994218510916
1987 1.4545994218510916
1988 0.8135782943938246
1989 0.8135782943938246
1990 0.8135782943938246
1991 0.8135782943938246
1992 0.8135782943938246
1993 2.8756800744390283
1994 2.8756800744390283
1995 2.8756800744390283
1996 2.8756800744390283
1997 2.8756800744390283
1998 3.415133599745855
1999 1.7913180299243168
