0 0.954255417498935
1 0.954255417498935
2 0.5838750203463638
3 0.5838750203463638
4 0.5732941743805369
5 0.5732941743805369
6 0.5954671254923117
7 0.5954671254923117
8 0.3958996541059458
9 0.3958996541059458
10 0.6442075955259666
11 0.6442075955259666
12 0.6896357134285349
13 0.6896357134285349
14 0.6611913058751033
15 0.6611913058751033
16 0.7042481080292959
17 0.7042481080292959
18 0.562397093813101
19 0.562397093813101
20 0.9702707108525042
21 0.9702707108525042
22 0.8675302806028256
23 0.8675302806028256
24 0.5767266308333641
25 0.5767266308333641
26 0.6499842914206088
27 0.6499842914206088
28 0.7767115364728012
29 0.7767115364728012
30 0.8028475031247237
31 0.8028475031247237
32 0.7153440833411029
33 0.7153440833411029
34 0.5208692502925127
35 0.5208692502925127
36 1.016530900486088
37 1.016530900486088
38 0.7582523608915983
39 0.7582523608915983
40 0.7056906340705761
41 0.7056906340705761
42 0.9639654305490684
43 0.9639654305490684
44 0.4791694286254409
45 0.4791694286254409
46 0.834385059352256
47 0.834385059352256
48 0.7604744772936645
49 0.7604744772936645
50 0.7140147357094222
51 0.7140147357094222
52 0.8316218360607953
53 0.8316218360607953
54 0.8773680876152241
55 0.8773680876152241
56 0.8190942944219358
57 0.8190942944219358
58 0.5451337400339974
59 0.5451337400339974
60 0.5720559474890413
61 0.5720559474890413
62 0.7175830871216532
63 0.7175830871216532
64 0.9059438448115211
65 0.9059438448115211
66 0.4065694962948922
67 0.4065694962948922
68 0.784990211792993
69 0.784990211792993
70 0.724267234653172
71 0.724267234653172
72 0.5892615993336027
73 0.5892615993336027
74 2.094887351427084
75 2.094887351427084
76 2.9845691114509374
77 2.9845691114509374
78 1.8982920561948875
79 1.8982920561948875
80 2.2052633310496925
81 2.2052633310496925
82 1.9638649971936382
83 1.9638649971936382
84 2.84520764976019
85 2.84520764976019
86 1.6833497845281975
87 1.6833497845281975
88 1.9662318691446052
89 1.9662318691446052
90 1.319459678520127
91 1.319459678520127
92 2.105923023916528
93 2.105923023916528
94 2.3258415095482574
95 2.3258415095482574
96 2.1587896490482428
97 2.1587896490482428
98 3.194939646661176
99 3.194939646661176
100 1.978796364406324
101 1.978796364406324
102 2.151397406570782
103 2.151397406570782
104 1.7433508744986193
105 1.7433508744986193
106 2.536905875455489
107 2.536905875455489
108 2.4847638717627825
109 2.4847638717627825
110 2.2147561434652823
111 2.2147561434652823
112 2.176564569289286
113 2.176564569289286
114 2.733521867228642
115 2.733521867228642
116 2.363703432966793
117 2.363703432966793
118 1.8445884495025355
119 1.8445884495025355
120 1.3027473332667212
121 1.3027473332667212
122 1.7049175090597772
123 1.7049175090597772
124 2.433206506929623
125 2.433206506929623
126 1.2548863762659734
127 1.2548863762659734
128 1.8911364751063098
129 1.8911364751063098
130 1.192332781233298
131 1.192332781233298
132 2.2774293949503086
133 2.2774293949503086
134 2.3687850831418893
135 2.3687850831418893
136 1.8808570681473373
137 1.8808570681473373
138 2.190090508686609
139 2.190090508686609
140 2.5787072813267873
141 2.5787072813267873
142 1.6240117795069522
143 1.6240117795069522
144 2.228253326268119
145 2.228253326268119
146 2.2970560018997985
147 2.2970560018997985
148 1.8982519519584093
149 1.8982519519584093
150 1.4185986451580317
151 1.4185986451580317
152 2.1234324368680784
153 2.1234324368680784
154 3.32514317470525
155 3.32514317470525
156 1.9150153830420202
157 1.9150153830420202
158 1.807758520274189
159 1.807758520274189
160 1.7946091228438943
161 1.7946091228438943
162 1.096377381930329
163 1.096377381930329
164 2.3135799341229224
165 2.3135799341229224
166 1.1911230588446813
167 1.1911230588446813
168 2.4116562030936826
169 2.4116562030936826
170 1.8984171361094924
171 1.8984171361094924
172 1.8506789139809223
173 1.8506789139809223
174 2.3049020641831888
175 2.3049020641831888
176 1.8892322080470014
177 1.8892322080470014
178 2.502257055164157
179 2.502257055164157
180 2.2554102982666984
181 2.2554102982666984
182 2.883279551783615
183 2.883279551783615
184 2.8030896077061245
185 2.8030896077061245
186 1.8111018249896418
187 1.8111018249896418
188 2.358041074169027
189 2.358041074169027
190 3.0113076626399637
191 3.0113076626399637
192 2.4979868814116593
193 2.4979868814116593
194 1.4231014293471664
195 1.4231014293471664
196 2.3130811456392495
197 2.3130811456392495
198 2.5706869829253782
199 2.5706869829253782
200 1.3986986296187565
201 1.3986986296187565
202 1.70884108599802
203 1.70884108599802
204 1.9020080675161084
205 1.9020080675161084
206 1.43759535367535
207 1.43759535367535
208 2.194810536230819
209 2.194810536230819
210 1.522773783772858
211 1.522773783772858
212 2.380591193822462
213 2.380591193822462
214 2.5225810126596073
215 2.5225810126596073
216 1.804279871386168
217 1.804279871386168
218 2.183453054636377
219 2.183453054636377
220 1.5849873060178963
221 1.5849873060178963
222 2.300940587707648
223 2.300940587707648
224 1.7502234094001956
225 0.235194074316261
226 0.235194074316261
227 0.22679329146074528
228 0.22679329146074528
229 0.3005060648556376
230 0.3005060648556376
231 0.20234340503557274
232 0.20234340503557274
233 0.1636940130767247
234 3.4085422117995954
235 3.4085422117995954
236 3.41379842120108
237 3.41379842120108
238 3.5436844491303927
239 3.5436844491303927
240 3.6871006432657474
241 3.6871006432657474
242 2.4982763457729837
243 2.4982763457729837
244 4.521315386088555
245 4.521315386088555
246 3.495510409386981
247 3.495510409386981
248 2.6273641047973317
249 2.6273641047973317
250 3.3403588326124587
251 3.3403588326124587
252 4.889366368138139
253 4.889366368138139
254 4.021003326809993
255 4.021003326809993
256 4.596723911786123
257 4.596723911786123
258 1.7857489509895326
259 1.7857489509895326
260 3.2625925349709655
261 3.2625925349709655
262 2.237868567024571
263 2.237868567024571
264 4.567897698591918
265 4.567897698591918
266 3.76978513165195
267 3.76978513165195
268 4.277164849172389
269 4.277164849172389
270 4.385034766442567
271 4.385034766442567
272 4.655050402388613
273 4.655050402388613
274 3.341828030025936
275 3.341828030025936
276 2.707270305778544
277 2.707270305778544
278 2.118264081611767
279 2.118264081611767
280 3.260763248061965
281 3.260763248061965
282 3.3513646301152344
283 3.3513646301152344
284 2.928048198470042
285 2.928048198470042
286 3.8071533642583
287 3.8071533642583
288 2.407994118813297
289 2.407994118813297
290 4.296904504571274
291 4.296904504571274
292 3.256108445669412
293 3.256108445669412
294 3.2816363611431276
295 3.2816363611431276
296 2.607029492740299
297 2.607029492740299
298 2.622071556198381
299 2.622071556198381
300 3.1786226975580854
301 3.1786226975580854
302 2.9265479442990303
303 2.9265479442990303
304 4.072094807706514
305 4.072094807706514
306 3.191939628934651
307 3.191939628934651
308 4.376201354327632
309 4.376201354327632
310 4.839107667663512
311 4.839107667663512
312 4.1744224517484385
313 4.1744224517484385
314 3.7867204494206312
315 3.7867204494206312
316 2.706933938534831
317 2.706933938534831
318 2.8867764967942424
319 2.8867764967942424
320 2.2908982515756176
321 2.2908982515756176
322 3.0437716037584384
323 3.0437716037584384
324 3.0329501274066173
325 3.0329501274066173
326 2.3179866565491225
327 2.3179866565491225
328 2.2647964156486298
329 2.2647964156486298
330 1.509051505146573
331 1.509051505146573
332 2.2971721599704975
333 2.2971721599704975
334 1.4618554875137875
335 1.4618554875137875
336 0.9603020292094624
337 0.9603020292094624
338 1.864106416289461
339 1.864106416289461
340 1.9320053944469429
341 1.9320053944469429
342 1.3442295108194808
343 1.3442295108194808
344 1.8384211559685395
345 1.8384211559685395
346 2.7124250097660347
347 2.7124250097660347
348 2.592997493914891
349 2.592997493914891
350 2.15368096602704
351 2.15368096602704
352 3.0125660261984284
353 3.0125660261984284
354 2.050883662565652
355 2.050883662565652
356 2.2507068386413436
357 2.2507068386413436
358 2.3629195646601517
359 2.3629195646601517
360 1.7129048401159803
361 1.7129048401159803
362 2.247908892724933
363 2.247908892724933
364 2.0234170245951137
365 2.0234170245951137
366 1.5959933386780358
367 1.5959933386780358
368 1.8434240468471565
369 1.8434240468471565
370 2.5958924471448843
371 2.5958924471448843
372 2.3703033671227156
373 2.3703033671227156
374 1.7295497439023333
375 1.7295497439023333
376 3.0076441296732153
377 3.0076441296732153
378 2.22912202322419
379 2.22912202322419
380 2.2243821240222084
381 2.2243821240222084
382 1.7752107425808343
383 1.7752107425808343
384 3.1548799313400266
385 3.1548799313400266
386 2.3687121592262717
387 2.3687121592262717
388 1.9992726108359715
389 1.9992726108359715
390 2.5009216271231254
391 2.5009216271231254
392 2.3144579740495885
393 2.3144579740495885
394 2.423283046102682
395 2.423283046102682
396 2.9062014036193315
397 2.9062014036193315
398 2.4911963736186418
399 2.4911963736186418
400 4.045150250643699
401 4.045150250643699
402 3.089891523155132
403 3.089891523155132
404 3.107239507561715
405 3.107239507561715
406 3.519552748453235
407 3.519552748453235
408 1.9706002800985256
409 1.9706002800985256
410 5.2049392215148345
411 5.2049392215148345
412 4.093502903613406
413 4.093502903613406
414 3.99889333167705
415 3.99889333167705
416 2.7309475029780854
417 2.7309475029780854
418 3.952789400593655
419 3.952789400593655
420 3.88478130929387
421 3.88478130929387
422 3.975711687638681
423 3.975711687638681
424 4.02050857315226
425 4.02050857315226
426 3.4213896824551804
427 3.4213896824551804
428 3.3691291915976342
429 3.3691291915976342
430 5.174287200026113
431 5.174287200026113
432 2.541936025927962
433 2.541936025927962
434 4.701411138200794
435 4.701411138200794
436 5.00862150132858
437 5.00862150132858
438 3.126461917957541
439 3.126461917957541
440 1.6787760820328872
441 1.6787760820328872
442 4.6484363343312305
443 4.6484363343312305
444 3.8926374469629565
445 3.8926374469629565
446 2.726694455875241
447 2.726694455875241
448 4.091092145399564
449 4.091092145399564
450 3.7842576300314286
451 3.7842576300314286
452 3.702030574101528
453 3.702030574101528
454 3.1291755270977593
455 3.1291755270977593
456 4.762036867139834
457 4.762036867139834
458 3.307028092424426
459 3.307028092424426
460 2.879578086203631
461 2.879578086203631
462 3.0084710268458315
463 3.0084710268458315
464 2.9291855927079
465 2.9291855927079
466 2.8644247767158504
467 2.8644247767158504
468 3.105542642093294
469 3.105542642093294
470 5.245298425250454
471 5.245298425250454
472 1.8303373399922118
473 1.8303373399922118
474 5.310823170236462
475 5.310823170236462
476 3.1641514731009304
477 3.1641514731009304
478 4.01939379261744
479 4.01939379261744
480 3.9100270483124833
481 3.9100270483124833
482 4.44643891240824
483 4.44643891240824
484 3.7526922212161336
485 3.7526922212161336
486 5.162694901454041
487 5.162694901454041
488 3.4428745942169514
489 3.4428745942169514
490 4.828039301166117
491 4.828039301166117
492 1.956955520104651
493 1.956955520104651
494 4.520536688222642
495 4.520536688222642
496 4.366942023099474
497 4.366942023099474
498 3.037295618100107
499 3.037295618100107
500 3.0295184334736622
501 3.0295184334736622
502 3.660183779687898
503 3.660183779687898
504 0.6264953053687848
505 0.6264953053687848
506 0.4676113375819425
507 0.4676113375819425
508 0.6538039875650252
509 0.6538039875650252
510 0.8487219178998632
511 0.8487219178998632
512 0.7998417859774252
513 0.7998417859774252
514 0.919429896013743
515 0.919429896013743
516 0.6222844827651882
517 0.6222844827651882
518 0.6085152714505879
519 0.6085152714505879
520 0.8046892162124512
521 0.8046892162124512
522 0.7394538849925165
523 0.7394538849925165
524 0.6412741304568923
525 0.6412741304568923
526 0.7435267698532954
527 0.7435267698532954
528 1.0291239714300966
529 1.0291239714300966
530 0.46492610163849907
531 0.46492610163849907
532 0.6000485491047711
533 0.6000485491047711
534 0.6430766824004269
535 0.6430766824004269
536 0.4963616274836276
537 0.4963616274836276
538 0.8119670095367273
539 0.8119670095367273
540 0.5156318958127198
541 0.5156318958127198
542 0.9702885480252518
543 0.9702885480252518
544 0.6765577642543209
545 0.6765577642543209
546 0.6652773447907492
547 0.6652773447907492
548 0.35694923655547517
549 1.64707121499889
550 1.64707121499889
551 2.063671140992142
552 2.063671140992142
553 2.0056214833350077
554 2.0056214833350077
555 1.8742485180960449
556 1.8742485180960449
557 2.039727534924261
558 2.039727534924261
559 2.8618166591448877
560 2.8618166591448877
561 2.256021281446517
562 2.256021281446517
563 2.1945249238052096
564 2.1945249238052096
565 2.463556452759994
566 2.463556452759994
567 2.4333790494798726
568 2.4333790494798726
569 2.6203817993438996
570 2.6203817993438996
571 2.6669569942750475
572 2.6669569942750475
573 2.59753247801767
574 2.59753247801767
575 1.9801024410285828
576 1.9801024410285828
577 3.0921188861395734
578 3.0921188861395734
579 2.1020221861053177
580 2.1020221861053177
581 1.19528287202347
582 1.19528287202347
583 1.7000422413512575
584 1.7000422413512575
585 1.5927778264461592
586 1.5927778264461592
587 1.660906191347053
588 1.660906191347053
589 2.09578892650364
590 2.09578892650364
591 1.9757789879475656
592 1.9757789879475656
593 2.6604409801336213
594 2.6604409801336213
595 1.2045033869217345
596 1.2045033869217345
597 1.8518773298750657
598 1.8518773298750657
599 2.318987973272007
600 2.318987973272007
601 1.7507889154048615
602 1.7507889154048615
603 2.33462750784333
604 2.33462750784333
605 1.2711959746341135
606 1.2711959746341135
607 2.314468746419167
608 2.314468746419167
609 1.7943753704384275
610 1.7943753704384275
611 1.8501483381560817
612 1.8501483381560817
613 2.6189783093078263
614 2.6189783093078263
615 2.898856602473324
616 2.898856602473324
617 2.1581654549737967
618 2.1581654549737967
619 1.523283732949098
620 1.523283732949098
621 2.8435648195725154
622 2.8435648195725154
623 1.8483381564356247
624 1.8483381564356247
625 1.7638747489223519
626 1.7638747489223519
627 1.2185852122814231
628 1.2185852122814231
629 1.3201001413635587
630 1.3201001413635587
631 1.4246151985911362
632 1.4246151985911362
633 1.6455648104354648
634 1.6455648104354648
635 1.600857336715794
636 1.600857336715794
637 1.7404801936714742
638 1.7404801936714742
639 2.488867786314508
640 2.488867786314508
641 2.741011710214783
642 2.741011710214783
643 2.384141562076253
644 2.384141562076253
645 1.856682283222807
646 1.856682283222807
647 2.18099599734545
648 2.18099599734545
649 1.4849459363807738
650 1.4849459363807738
651 2.630803748487434
652 2.630803748487434
653 2.4551250819622408
654 2.4551250819622408
655 1.635831284302994
656 1.635831284302994
657 2.016341536237138
658 2.016341536237138
659 2.2837428113731555
660 2.2837428113731555
661 2.3489951472613453
662 2.3489951472613453
663 1.792669336999141
664 1.792669336999141
665 1.505219844451057
666 1.505219844451057
667 2.050587037160692
668 2.050587037160692
669 1.9022180950367018
670 1.9022180950367018
671 2.3215129091114592
672 2.3215129091114592
673 2.090029629578596
674 2.090029629578596
675 2.897031622662874
676 2.897031622662874
677 2.1889004871750957
678 2.1889004871750957
679 2.1268775386340444
680 2.1268775386340444
681 1.3732102880727175
682 1.3732102880727175
683 2.674881357047115
684 2.674881357047115
685 2.4764268811453483
686 2.4764268811453483
687 2.0435678859871174
688 2.0435678859871174
689 2.742403814768383
690 2.742403814768383
691 1.8770180657633668
692 1.8770180657633668
693 3.175290561908956
694 3.175290561908956
695 2.526519749844009
696 2.526519749844009
697 0.8467163168045535
698 0.8467163168045535
699 2.4431475265418134
700 2.4431475265418134
701 2.577131536824152
702 2.577131536824152
703 2.6281476007071336
704 2.6281476007071336
705 2.0686756756136853
706 2.0686756756136853
707 1.6153392480881865
708 1.6153392480881865
709 2.5273987541065894
710 2.5273987541065894
711 1.9613007288251643
712 1.9613007288251643
713 2.6251269303348206
714 2.6251269303348206
715 2.582278473350814
716 2.582278473350814
717 2.3539731860748008
718 2.3539731860748008
719 2.0670525921548433
720 2.0670525921548433
721 1.9190324228857405
722 1.9190324228857405
723 2.4035473354374055
724 2.4035473354374055
725 1.329022000287793
726 1.329022000287793
727 2.217527950040309
728 2.217527950040309
729 2.203999171720031
730 2.203999171720031
731 2.000671101339823
732 2.000671101339823
733 2.7644668391696077
734 2.7644668391696077
735 1.9655299013687049
736 1.9655299013687049
737 2.5800421989791342
738 2.5800421989791342
739 2.967582756315788
740 2.967582756315788
741 0.964069227572522
742 0.964069227572522
743 1.8388690170621913
744 1.8388690170621913
745 1.951708444685453
746 1.951708444685453
747 1.5296578589993557
748 1.5296578589993557
749 2.1216106280424083
750 2.1216106280424083
751 1.5470815445938975
752 1.5470815445938975
753 1.9136148887386475
754 1.9136148887386475
755 2.5019121945790928
756 2.5019121945790928
757 2.7798559808325445
758 2.7798559808325445
759 1.1952944918926771
760 1.1952944918926771
761 2.3434856821232155
762 2.3434856821232155
763 1.9130090009951737
764 1.9130090009951737
765 1.9510090277306766
766 1.9510090277306766
767 1.856939164294403
768 1.856939164294403
769 2.688805965207826
770 2.688805965207826
771 3.3258746945494755
772 3.3258746945494755
773 1.6308023687964606
774 1.6308023687964606
775 1.380353261618477
776 1.380353261618477
777 2.979381587366252
778 2.979381587366252
779 2.2246359710288974
780 2.2246359710288974
781 2.1937048911473864
782 2.1937048911473864
783 3.1773748061636415
784 3.1773748061636415
785 2.324971187156582
786 2.324971187156582
787 3.418832653113649
788 3.418832653113649
789 2.95400421084954
790 2.95400421084954
791 2.8102167820560813
792 2.8102167820560813
793 2.2196873729392
794 2.2196873729392
795 3.280894530157685
796 3.280894530157685
797 1.5810944478299205
798 1.5810944478299205
799 3.1725251224657476
800 3.1725251224657476
801 2.3470515839491504
802 2.3470515839491504
803 1.0789764901367638
804 1.0789764901367638
805 2.616508003152362
806 2.616508003152362
807 3.1320477108062748
808 3.1320477108062748
809 2.6585173897620535
810 2.6585173897620535
811 2.504261369694301
812 2.504261369694301
813 2.653627358836867
814 2.653627358836867
815 2.350950717780511
816 2.350950717780511
817 3.003144224918712
818 3.003144224918712
819 2.839212830034856
820 2.839212830034856
821 3.204380635538758
822 3.204380635538758
823 1.6639299469746782
824 1.6639299469746782
825 2.3012899460623935
826 2.3012899460623935
827 2.005827788325129
828 2.005827788325129
829 2.7917231879861255
830 2.7917231879861255
831 2.4632114657352475
832 2.4632114657352475
833 2.6937859738924157
834 2.6937859738924157
835 2.4849462530702766
836 2.4849462530702766
837 2.343769380149146
838 2.343769380149146
839 2.7665476946219005
840 2.7665476946219005
841 1.7704494821388326
842 1.7704494821388326
843 2.103196955236937
844 2.103196955236937
845 3.0099147341632597
846 3.0099147341632597
847 1.898345888982161
848 1.898345888982161
849 2.629219354830377
850 2.629219354830377
851 2.5889737272014393
852 2.5889737272014393
853 2.120438971640677
854 2.120438971640677
855 2.0694909700386512
856 2.0694909700386512
857 2.643436490539415
858 2.643436490539415
859 2.422270821617747
860 2.422270821617747
861 3.0578442476561274
862 3.0578442476561274
863 3.537038418799048
864 3.537038418799048
865 2.8402699334437873
866 2.8402699334437873
867 2.3318915570105863
868 2.3318915570105863
869 2.56894586603351
870 2.56894586603351
871 2.5630465294768454
872 2.5630465294768454
873 2.2760812766433673
874 2.2760812766433673
875 2.6467277846691473
876 2.6467277846691473
877 2.9105860665494454
878 2.9105860665494454
879 3.6596057010097445
880 3.6596057010097445
881 2.5837937846094423
882 2.5837937846094423
883 2.625598903355416
884 2.625598903355416
885 2.8299366446026424
886 2.8299366446026424
887 2.4390729763450203
888 2.4390729763450203
889 2.599914310624172
890 2.599914310624172
891 3.1821856386740253
892 3.1821856386740253
893 3.0324962345437
894 3.0324962345437
895 3.097406083582047
896 3.097406083582047
897 3.0516524314695412
898 3.0516524314695412
899 2.473278422283949
900 2.473278422283949
901 2.4056905777957334
902 2.4056905777957334
903 1.5894219799954263
904 1.5894219799954263
905 3.67312610688995
906 3.67312610688995
907 3.4808556727277242
908 3.4808556727277242
909 3.4627151816647475
910 3.4627151816647475
911 2.7085392559524513
912 2.7085392559524513
913 3.8654303344697616
914 3.8654303344697616
915 2.091080505926278
916 2.091080505926278
917 2.147569312923954
918 2.147569312923954
919 1.68225493785109
920 1.68225493785109
921 1.7032618777301698
922 1.7032618777301698
923 2.4903337677186506
924 2.4903337677186506
925 1.179945144296238
926 1.179945144296238
927 2.085707518284014
928 2.085707518284014
929 2.9270713192454934
930 2.9270713192454934
931 1.3978702172139992
932 1.3978702172139992
933 2.19569187820211
934 2.19569187820211
935 2.736634739664893
936 2.736634739664893
937 1.1558154241603948
938 1.1558154241603948
939 1.1146931268600555
940 1.1146931268600555
941 1.3264777113623942
942 1.3264777113623942
943 1.4153119531640153
944 1.4153119531640153
945 1.3724732608612087
946 1.3724732608612087
947 1.5642839076104298
948 1.5642839076104298
949 1.245050286511141
950 1.245050286511141
951 0.7828732753948493
952 0.7828732753948493
953 0.6394934374641279
954 0.6394934374641279
955 1.1631879089407888
956 1.1631879089407888
957 1.0459601972375023
958 1.0459601972375023
959 1.0789371654215336
960 1.0789371654215336
961 1.2541793182980943
962 1.2541793182980943
963 0.5086634681488227
964 0.5086634681488227
965 1.3241804522836462
966 1.3241804522836462
967 1.4003396152922791
968 1.4003396152922791
969 0.7602814985601428
970 0.7602814985601428
971 1.0704657391084598
972 1.0704657391084598
973 1.3236609503573675
974 1.3236609503573675
975 1.5533685102800212
976 1.5533685102800212
977 1.3850368923007859
978 1.3850368923007859
979 1.159726375181582
980 1.159726375181582
981 1.2031405209700403
982 1.2031405209700403
983 1.39951347252918
984 1.39951347252918
985 0.9908299943803272
986 0.9908299943803272
987 1.6793268340588958
988 1.6793268340588958
989 0.9723938415758171
990 0.9723938415758171
991 3.277551920685464
992 3.277551920685464
993 2.979191308402589
994 2.979191308402589
995 3.1635683016653524
996 3.1635683016653524
997 2.9162417742705338
998 2.9162417742705338
999 2.736273754841348
1000 2.736273754841348
1001 2.4584933555285313
1002 2.4584933555285313
1003 2.4228033789933505
1004 2.4228033789933505
1005 2.652460064936712
1006 2.652460064936712
1007 3.490141330005819
1008 3.490141330005819
1009 2.7317033757324363
1010 2.7317033757324363
1011 2.29373273609545
1012 2.29373273609545
1013 2.8948981513178684
1014 2.8948981513178684
1015 2.4850084584702823
1016 2.4850084584702823
1017 4.3555281474117695
1018 4.3555281474117695
1019 2.6184724728851245
1020 2.6184724728851245
1021 2.1336512065450766
1022 2.1336512065450766
1023 3.332387257464136
1024 3.332387257464136
1025 2.981759130472933
1026 2.981759130472933
1027 2.769073787223372
1028 2.769073787223372
1029 3.9954842240188686
1030 3.9954842240188686
1031 3.0410138919063474
1032 3.0410138919063474
1033 3.083120160885168
1034 3.083120160885168
1035 2.9067192154839567
1036 2.9067192154839567
1037 3.411676476316914
1038 3.411676476316914
1039 3.361905648318738
1040 3.361905648318738
1041 3.884770220491369
1042 3.884770220491369
1043 3.924366357375966
1044 3.924366357375966
1045 3.1831458420811365
1046 3.1831458420811365
1047 3.5407985531604442
1048 3.5407985531604442
1049 3.817156445566537
1050 3.817156445566537
1051 3.8129061760061354
1052 3.8129061760061354
1053 3.065990904581357
1054 3.065990904581357
1055 3.347754486873161
1056 3.347754486873161
1057 3.4534483696894376
1058 3.4534483696894376
1059 2.837909716544529
1060 2.837909716544529
1061 2.1936824512339586
1062 2.1936824512339586
1063 1.7490115230181253
1064 1.7490115230181253
1065 3.012787145496701
1066 3.012787145496701
1067 2.8649207883917005
1068 2.8649207883917005
1069 3.230405676446065
1070 3.230405676446065
1071 3.484704206323423
1072 3.484704206323423
1073 3.8839658491895324
1074 3.8839658491895324
1075 1.8395918358210752
1076 1.8395918358210752
1077 4.090443811386337
1078 4.090443811386337
1079 2.24460129155313
1080 2.24460129155313
1081 1.652048343606285
1082 1.652048343606285
1083 2.1750661098924278
1084 2.1750661098924278
1085 1.2556805153327613
1086 1.2556805153327613
1087 1.4811500485196676
1088 1.4811500485196676
1089 1.4680957605468448
1090 1.4680957605468448
1091 1.171265373547123
1092 1.171265373547123
1093 1.3989509700242557
1094 1.3989509700242557
1095 2.0217675932985313
1096 2.0217675932985313
1097 1.2730658138354005
1098 1.2730658138354005
1099 1.9698775827648396
1100 1.9698775827648396
1101 1.7608802034236162
1102 1.7608802034236162
1103 1.2111285947291024
1104 1.2111285947291024
1105 0.8947389555909716
1106 0.8947389555909716
1107 1.317350353540496
1108 1.317350353540496
1109 1.6782474092046482
1110 1.6782474092046482
1111 1.8679139912284555
1112 1.8679139912284555
1113 1.6868781270661561
1114 1.6868781270661561
1115 1.833998276736577
1116 1.833998276736577
1117 1.224284632301265
1118 1.224284632301265
1119 1.4610801048585405
1120 1.4610801048585405
1121 1.5231120841670023
1122 1.5231120841670023
1123 1.981040100003378
1124 1.981040100003378
1125 1.1860613506442617
1126 1.1860613506442617
1127 1.23318393781845
1128 1.23318393781845
1129 1.3391408348478704
1130 1.3391408348478704
1131 1.557142633708644
1132 1.557142633708644
1133 1.949503073072029
1134 1.949503073072029
1135 1.9733303426791253
1136 1.9733303426791253
1137 1.9684695611654524
1138 1.9684695611654524
1139 1.995776963633629
1140 1.995776963633629
1141 1.4162292883499763
1142 1.4162292883499763
1143 0.8574374711125016
1144 0.8574374711125016
1145 1.6980238196154274
1146 1.6980238196154274
1147 1.8736825675699273
1148 1.8736825675699273
1149 1.3063659236129708
1150 1.3063659236129708
1151 1.6143881998901168
1152 1.6143881998901168
1153 0.9316877662699493
1154 0.9316877662699493
1155 1.1430763410394347
1156 1.1430763410394347
1157 1.833688373727401
1158 1.833688373727401
1159 1.8701156020939806
1160 1.8701156020939806
1161 1.7806983158993528
1162 1.7806983158993528
1163 1.567899464149463
1164 1.567899464149463
1165 1.3788723071468716
1166 1.3788723071468716
1167 1.4885086234177345
1168 1.4885086234177345
1169 1.2634458743062518
1170 1.2634458743062518
1171 1.3100299941536726
1172 1.3100299941536726
1173 1.0297898422493847
1174 1.0297898422493847
1175 1.2159057631895949
1176 1.2159057631895949
1177 1.696493800355195
1178 1.696493800355195
1179 1.3852563738595731
1180 1.3852563738595731
1181 1.407119314152026
1182 1.407119314152026
1183 1.2241434303985543
1184 1.2241434303985543
1185 1.3490318126919665
1186 1.3490318126919665
1187 1.8371831413216482
1188 1.8371831413216482
1189 2.193739309435708
1190 2.193739309435708
1191 1.7168223419865263
1192 1.7168223419865263
1193 1.651357076704685
1194 1.651357076704685
1195 1.7688822529896777
1196 1.7688822529896777
1197 1.6567218341404393
1198 1.6567218341404393
1199 1.9082819890233127
1200 1.9082819890233127
1201 2.3630820577406966
1202 2.3630820577406966
1203 0.6697071213148078
1204 0.6697071213148078
1205 1.2508279697303197
1206 1.2508279697303197
1207 1.2194874557896158
1208 1.2194874557896158
1209 1.7426870181169913
1210 1.7426870181169913
1211 2.1813193895129257
1212 2.1813193895129257
1213 1.233265730761846
1214 1.233265730761846
1215 1.920392398783552
1216 1.920392398783552
1217 2.1517888973110697
1218 2.1517888973110697
1219 1.2372663259671728
1220 1.2372663259671728
1221 1.386580014489544
1222 1.386580014489544
1223 1.3470394207644714
1224 1.3470394207644714
1225 0.9767964771155647
1226 0.9767964771155647
1227 2.441501028970329
1228 2.441501028970329
1229 1.5314899051023216
1230 1.5314899051023216
1231 1.9210572440359295
1232 1.9210572440359295
1233 1.3155771721184293
1234 1.3155771721184293
1235 1.7064463292492296
1236 4.461975903930158
1237 4.461975903930158
1238 3.412710328655002
1239 3.412710328655002
1240 6.450938238651149
1241 6.450938238651149
1242 2.9745833245031252
1243 2.9745833245031252
1244 3.3729950828114235
1245 3.3729950828114235
1246 3.1599276541481967
1247 3.1599276541481967
1248 1.4419295192271755
1249 1.4419295192271755
1250 4.248596140607144
1251 4.248596140607144
1252 2.5820772863613524
1253 2.5820772863613524
1254 3.2416890472366875
1255 3.2416890472366875
1256 2.6298643048289945
1257 2.6298643048289945
1258 3.2986881747881736
1259 3.2986881747881736
1260 4.42342865752749
1261 4.42342865752749
1262 3.5670426432954656
1263 3.5670426432954656
1264 4.73293108998739
1265 4.73293108998739
1266 4.109963621682262
1267 4.109963621682262
1268 3.8389981477825077
1269 3.8389981477825077
1270 4.699176649261233
1271 4.699176649261233
1272 5.15472244878949
1273 5.15472244878949
1274 3.7146770039535753
1275 3.7146770039535753
1276 4.54819053539374
1277 4.54819053539374
1278 3.1866662985346657
1279 3.1866662985346657
1280 4.580488345922796
1281 4.580488345922796
1282 3.8528305927552915
1283 3.8528305927552915
1284 2.711171302879875
1285 2.711171302879875
1286 3.5487374123861795
1287 3.5487374123861795
1288 4.484031379625759
1289 4.484031379625759
1290 2.57842298809808
1291 2.57842298809808
1292 4.699917830066938
1293 4.699917830066938
1294 4.717966265115974
1295 4.717966265115974
1296 2.079280072131616
1297 2.079280072131616
1298 4.164244810444976
1299 4.164244810444976
1300 4.784719795951885
1301 4.784719795951885
1302 3.7236634487067524
1303 3.7236634487067524
1304 2.766220973248865
1305 2.766220973248865
1306 3.784885623747707
1307 3.784885623747707
1308 4.894884845025393
1309 4.894884845025393
1310 3.834848146821577
1311 3.834848146821577
1312 4.341580797187305
1313 4.341580797187305
1314 4.136290180600328
1315 4.136290180600328
1316 3.9365167502490306
1317 3.9365167502490306
1318 4.37114442725342
1319 4.37114442725342
1320 4.2176059506230175
1321 4.2176059506230175
1322 2.7167810527422267
1323 2.7167810527422267
1324 2.9937394301403137
1325 2.9937394301403137
1326 2.3224688339688457
1327 2.3224688339688457
1328 4.674711475200203
1329 4.674711475200203
1330 3.973821688466914
1331 3.973821688466914
1332 4.7748267474846955
1333 4.7748267474846955
1334 2.2217527020013583
1335 2.2217527020013583
1336 4.583348534044244
1337 4.583348534044244
1338 4.133098909029359
1339 4.133098909029359
1340 4.348884650812053
1341 4.348884650812053
1342 3.596687800666484
1343 3.596687800666484
1344 4.747035333977884
1345 4.747035333977884
1346 5.437417247478501
1347 5.437417247478501
1348 3.6610414920156344
1349 3.6610414920156344
1350 2.8554981275341107
1351 2.8554981275341107
1352 2.6458209124843886
1353 2.6458209124843886
1354 0.9850929915660294
1355 0.9850929915660294
1356 3.090830188771267
1357 3.090830188771267
1358 2.1043345304033707
1359 2.1043345304033707
1360 1.8160717913357893
1361 1.8160717913357893
1362 2.100700830639846
1363 2.100700830639846
1364 1.6271526595077292
1365 1.6271526595077292
1366 1.7519714111791869
1367 1.7519714111791869
1368 2.541145842317443
1369 2.541145842317443
1370 2.366322093501602
1371 2.366322093501602
1372 1.302819375705523
1373 1.302819375705523
1374 2.065020401546699
1375 2.065020401546699
1376 1.8054653324256003
1377 1.8054653324256003
1378 1.0900904417006623
1379 1.0900904417006623
1380 2.2282644468353223
1381 2.2282644468353223
1382 2.188230885219759
1383 2.188230885219759
1384 1.823438093714441
1385 1.823438093714441
1386 2.4910051500103143
1387 2.4910051500103143
1388 2.270947779940158
1389 2.270947779940158
1390 2.5221511204076963
1391 2.5221511204076963
1392 1.2626794275086115
1393 1.2626794275086115
1394 1.8834775601687324
1395 1.8834775601687324
1396 1.7495074919235307
1397 1.7495074919235307
1398 2.5984731065707636
1399 2.5984731065707636
1400 1.5563279597645114
1401 1.5563279597645114
1402 1.8592542783401897
1403 1.8592542783401897
1404 1.0022268798807663
1405 1.0022268798807663
1406 1.7034921306234885
1407 1.7034921306234885
1408 1.9018792994276423
1409 1.9018792994276423
1410 2.0838314336901544
1411 2.0838314336901544
1412 1.921136448571421
1413 1.921136448571421
1414 1.217599479945227
1415 1.217599479945227
1416 1.1383790620783723
1417 1.1383790620783723
1418 2.7778411473034827
1419 2.7778411473034827
1420 2.1248704567919434
1421 2.1248704567919434
1422 1.76651279583927
1423 1.76651279583927
1424 1.967884712069067
1425 1.967884712069067
1426 2.3517406625625727
1427 2.3517406625625727
1428 2.06816388745073
1429 2.06816388745073
1430 3.1834854022395485
1431 3.1834854022395485
1432 1.6396420244934167
1433 1.6396420244934167
1434 2.575332160159668
1435 2.575332160159668
1436 2.1267929316392657
1437 2.1267929316392657
1438 1.5865605667776854
1439 1.5865605667776854
1440 1.336221245495296
1441 1.336221245495296
1442 2.397033369663589
1443 2.397033369663589
1444 1.8112791766656802
1445 1.8112791766656802
1446 2.8105562404365605
1447 2.8105562404365605
1448 2.722386043303616
1449 2.722386043303616
1450 2.1180834987327315
1451 2.1180834987327315
1452 1.6870996465241732
1453 1.6870996465241732
1454 2.2671901833037715
1455 2.2671901833037715
1456 2.0585171812069256
1457 2.0585171812069256
1458 2.5696031005545845
1459 2.5696031005545845
1460 3.079665090657963
1461 3.079665090657963
1462 3.70941367199154
1463 3.70941367199154
1464 3.7718534677601467
1465 3.7718534677601467
1466 2.9454413892019855
1467 2.9454413892019855
1468 3.571834467482266
1469 3.571834467482266
1470 3.3349651052745806
1471 3.3349651052745806
1472 4.411484504101948
1473 4.411484504101948
1474 1.8182075907470319
1475 1.8182075907470319
1476 3.671399807181289
1477 3.671399807181289
1478 3.683126385634121
1479 3.683126385634121
1480 3.283337942222858
1481 3.283337942222858
1482 3.416353023239094
1483 3.416353023239094
1484 4.094730099995648
1485 4.094730099995648
1486 3.77580039804515
1487 3.77580039804515
1488 3.57199482776024
1489 3.57199482776024
1490 4.053951772914204
1491 4.053951772914204
1492 2.7149848963623757
1493 2.7149848963623757
1494 2.4556597478890905
1495 2.4556597478890905
1496 3.2012876773424717
1497 3.2012876773424717
1498 3.2988039667245532
1499 3.2988039667245532
1500 4.034352135345689
1501 4.034352135345689
1502 2.9427797765372
1503 2.9427797765372
1504 3.8665792898958173
1505 3.8665792898958173
1506 2.1517241036473633
1507 2.1517241036473633
1508 2.377794158754245
1509 2.377794158754245
1510 4.0776836569332
1511 0.6502163454600389
1512 0.6502163454600389
1513 0.6033182883182352
1514 0.6033182883182352
1515 0.643303052109153
1516 0.643303052109153
1517 0.44842295919470077
1518 0.44842295919470077
1519 0.41912555930484635
1520 0.41912555930484635
1521 0.5567864866120491
1522 0.2226861135239618
1523 0.2226861135239618
1524 0.1445388296987709
1525 0.1445388296987709
1526 0.249373306827267
1527 0.249373306827267
1528 0.15639459499510733
1529 0.15639459499510733
1530 0.22187335507467373
1531 0.22187335507467373
1532 0.14170123833099313
1533 0.14170123833099313
1534 0.2567872841670658
1535 0.2567872841670658
1536 0.2425286296179155
1537 0.2425286296179155
1538 0.20539383460273206
1539 0.20539383460273206
1540 0.15222303678313165
1541 0.15222303678313165
1542 0.1903947282727472
1543 0.1903947282727472
1544 0.19124844095971666
1545 0.19124844095971666
1546 0.19528246494873344
1547 0.19528246494873344
1548 0.2625572875649477
1549 0.2625572875649477
1550 0.16982012465019378
1551 0.16982012465019378
1552 0.22212978097298133
1553 0.22212978097298133
1554 0.19198559196023612
1555 0.19198559196023612
1556 0.20729007441477088
1557 0.20729007441477088
1558 0.18356838241329015
1559 0.18356838241329015
1560 0.21966706319927934
1561 0.21966706319927934
1562 0.3190040308830851
1563 0.3190040308830851
1564 0.23255385288408262
1565 0.23255385288408262
1566 0.1661487376771858
1567 0.1661487376771858
1568 0.3203423869280298
1569 0.3203423869280298
1570 0.1871561328252192
1571 0.1871561328252192
1572 0.287268813425327
1573 0.287268813425327
1574 0.2716328656867332
1575 0.2716328656867332
1576 0.1476489554581426
1577 0.1476489554581426
1578 0.2270331763458735
1579 0.2270331763458735
1580 0.2716379709073778
1581 0.2716379709073778
1582 0.15215074338969004
1583 0.15215074338969004
1584 0.21480284124904891
1585 0.21480284124904891
1586 0.16854787606524527
1587 0.16854787606524527
1588 0.12261443636430971
1589 0.12261443636430971
1590 0.17421275350686571
1591 0.17421275350686571
1592 0.14253160589391067
1593 0.14253160589391067
1594 0.17228044012668764
1595 0.17228044012668764
1596 0.28648849847987845
1597 0.28648849847987845
1598 0.23715045689143627
1599 0.23715045689143627
1600 0.21521902634510653
1601 0.21521902634510653
1602 0.15782604971789127
1603 0.15782604971789127
1604 0.2363244622482394
1605 0.2363244622482394
1606 0.23677109407750307
1607 0.23677109407750307
1608 0.11709460569219286
1609 0.11709460569219286
1610 0.21956843777595866
1611 0.21956843777595866
1612 0.11008550864456472
1613 0.11008550864456472
1614 0.19422720275460104
1615 0.19422720275460104
1616 0.19041638126112437
1617 0.19041638126112437
1618 0.2500073135018172
1619 0.2500073135018172
1620 0.20993953958976894
1621 0.20993953958976894
1622 0.24172376817252264
1623 0.24172376817252264
1624 0.2720002361458542
1625 0.2720002361458542
1626 0.19503729320378485
1627 0.19503729320378485
1628 0.17488340842447442
1629 0.17488340842447442
1630 0.16518020691331667
1631 0.16518020691331667
1632 0.17478283762315558
1633 0.17478283762315558
1634 0.2316029151539175
1635 0.2316029151539175
1636 0.14911618370182705
1637 0.14911618370182705
1638 0.2105293275453281
1639 0.2105293275453281
1640 0.16137067355729973
1641 0.16137067355729973
1642 0.29418950056674487
1643 0.29418950056674487
1644 0.26670910343477533
1645 0.26670910343477533
1646 0.22664930996754515
1647 0.22664930996754515
1648 0.21225727048314186
1649 0.21225727048314186
1650 0.14615748543926194
1651 0.14615748543926194
1652 0.2544256288272111
1653 0.2544256288272111
1654 0.1507076549823178
1655 0.1507076549823178
1656 0.1963482812860373
1657 0.1963482812860373
1658 0.16500189084555694
1659 0.16500189084555694
1660 0.21967606746118712
1661 0.21967606746118712
1662 0.21729188341442307
1663 0.21729188341442307
1664 0.19955921645499267
1665 0.19955921645499267
1666 0.3152916951649569
1667 0.3152916951649569
1668 0.302949249830057
1669 2.1957736658185145
1670 2.1957736658185145
1671 2.484402187973093
1672 2.484402187973093
1673 1.8860789672508467
1674 1.8860789672508467
1675 1.7598070065104552
1676 1.7598070065104552
1677 2.2092460042930355
1678 2.2092460042930355
1679 1.9768156349772665
1680 1.9768156349772665
1681 1.4419904602821314
1682 1.4419904602821314
1683 1.313523520099875
1684 1.313523520099875
1685 2.2364168330148844
1686 2.2364168330148844
1687 1.5502897054683993
1688 1.5502897054683993
1689 2.217502746439018
1690 2.217502746439018
1691 2.286724428972243
1692 2.286724428972243
1693 1.8275293891581936
1694 1.8275293891581936
1695 2.156263014249077
1696 1.1444838129038217
1697 1.1444838129038217
1698 1.0794862419544722
1699 1.0794862419544722
1700 1.2239063425330707
1701 1.2239063425330707
1702 1.3874821055262008
1703 1.3874821055262008
1704 1.0421903840909765
1705 1.0421903840909765
1706 1.3885892441160659
1707 1.3885892441160659
1708 1.075280209141703
1709 1.075280209141703
1710 1.1267470685862329
1711 1.1267470685862329
1712 1.1295361980593541
1713 1.1295361980593541
1714 1.3502655385277094
1715 1.3502655385277094
1716 1.2603911858215946
1717 1.2603911858215946
1718 0.35303871529032727
1719 0.35303871529032727
1720 0.5640444707967068
1721 0.5640444707967068
1722 0.8106237714244268
1723 0.8106237714244268
1724 0.9873657006666821
1725 0.9873657006666821
1726 1.3548387838257059
1727 1.3548387838257059
1728 1.276667166095678
1729 2.4133130669991467
1730 2.4133130669991467
1731 3.7351218253433136
1732 3.7351218253433136
1733 4.38626148526525
1734 4.38626148526525
1735 4.385547398373703
1736 4.385547398373703
1737 4.028319511877537
1738 4.028319511877537
1739 4.807459556782894
1740 4.807459556782894
1741 5.701132613099021
1742 5.701132613099021
1743 5.216879810296207
1744 5.216879810296207
1745 3.525404945835856
1746 3.525404945835856
1747 3.352989251267998
1748 3.352989251267998
1749 3.492593911341162
1750 3.492593911341162
1751 3.9071560938368934
1752 3.9071560938368934
1753 2.2796510913711674
1754 2.2796510913711674
1755 3.2582897215047555
1756 3.2582897215047555
1757 5.12100585816347
1758 5.12100585816347
1759 3.8246375006740587
1760 3.8246375006740587
1761 3.0620479855346217
1762 3.0620479855346217
1763 4.387316985706918
1764 4.387316985706918
1765 2.540197318059776
1766 2.540197318059776
1767 2.545177743279561
1768 2.545177743279561
1769 3.0295384898075635
1770 3.0295384898075635
1771 3.658672716874698
1772 3.658672716874698
1773 3.537420738771494
1774 3.537420738771494
1775 1.9016101837509487
1776 1.9016101837509487
1777 3.374026616829172
1778 3.374026616829172
1779 4.301262189829766
1780 4.301262189829766
1781 4.105501719791068
1782 4.105501719791068
1783 3.7279101748486876
1784 3.7279101748486876
1785 3.5516899494929888
1786 3.5516899494929888
1787 4.661209645721325
1788 4.661209645721325
1789 3.95285707667697
1790 3.95285707667697
1791 4.23240137484543
1792 4.23240137484543
1793 3.4117046132498725
1794 3.4117046132498725
1795 3.6006742947887216
1796 3.6006742947887216
1797 2.8484686339924776
1798 2.8484686339924776
1799 3.3336107364208125
1800 3.3336107364208125
1801 2.8138375041937236
1802 2.8138375041937236
1803 3.2664236224293233
1804 3.2664236224293233
1805 3.891143561447289
1806 3.891143561447289
1807 2.9192239779142004
1808 2.9192239779142004
1809 4.954335678274078
1810 4.954335678274078
1811 5.007881759436803
1812 5.007881759436803
1813 2.4174205157260498
1814 2.4174205157260498
1815 4.9029676423229125
1816 4.9029676423229125
1817 3.9259186757823175
1818 3.9259186757823175
1819 5.099117748542165
1820 5.099117748542165
1821 4.031528553098148
1822 4.031528553098148
1823 4.146382810680036
1824 4.146382810680036
1825 5.678573215500483
1826 5.678573215500483
1827 2.6609211136852227
1828 2.6609211136852227
1829 3.668827493932218
1830 3.668827493932218
1831 3.8197685051619854
1832 3.8197685051619854
1833 3.708171067531247
1834 3.708171067531247
1835 2.731694564550558
1836 2.731694564550558
1837 3.301330166539124
1838 3.301330166539124
1839 4.533212123062255
1840 4.533212123062255
1841 3.0280934183959225
1842 3.0280934183959225
1843 4.114750958175821
1844 4.114750958175821
1845 3.29460844251309
1846 3.29460844251309
1847 3.9305117894872774
1848 3.9305117894872774
1849 3.207978824692873
1850 3.207978824692873
1851 3.1757615274433397
1852 3.1757615274433397
1853 3.9553935167426144
1854 3.9553935167426144
1855 2.3157767248058643
1856 2.3157767248058643
1857 3.3651768110004103
1858 3.3651768110004103
1859 4.102631280154424
1860 4.102631280154424
1861 4.075438041615814
1862 4.075438041615814
1863 4.246991341079455
1864 4.246991341079455
1865 3.055919069681544
1866 3.055919069681544
1867 2.9314968465984736
1868 2.9314968465984736
1869 5.076157391860176
1870 5.076157391860176
1871 1.9535910734146222
1872 1.9535910734146222
1873 1.7320937443822797
1874 1.7320937443822797
1875 3.413611325317957
1876 3.413611325317957
1877 3.94660355840105
1878 3.94660355840105
1879 4.329802295127169
1880 4.329802295127169
1881 3.7978372354976124
1882 3.7978372354976124
1883 4.149027578096486
1884 4.149027578096486
1885 2.990526861649729
1886 2.990526861649729
1887 2.597269742353779
1888 2.597269742353779
1889 2.971650711573723
1890 2.971650711573723
1891 3.9906884694137608
1892 3.9906884694137608
1893 3.1840375768889615
1894 3.1840375768889615
1895 1.7016622007354205
1896 1.7016622007354205
1897 2.03975568126013
1898 2.03975568126013
1899 1.171132680768867
1900 1.171132680768867
1901 2.0830045550768843
1902 2.0830045550768843
1903 1.8048713060516044
1904 1.8048713060516044
1905 0.7795406878853781
1906 0.7795406878853781
1907 1.4378765504320479
1908 1.4378765504320479
1909 1.1607404065816596
1910 1.1607404065816596
1911 1.5938847883017877
1912 1.5938847883017877
1913 1.3970365307582058
1914 1.3970365307582058
1915 1.5267408404111509
1916 1.5267408404111509
1917 1.8239561204061343
1918 1.8239561204061343
1919 1.1162408973459828
1920 1.1162408973459828
1921 2.0579452277557984
1922 2.0579452277557984
1923 1.4929811423241932
1924 1.4929811423241932
1925 0.8594610897805379
1926 0.8594610897805379
1927 1.513126779107288
1928 1.513126779107288
1929 0.931806179002554
1930 0.931806179002554
1931 2.407062118149077
1932 2.407062118149077
1933 1.0405649974818534
1934 1.0405649974818534
1935 1.8198326277247323
1936 1.8198326277247323
1937 1.1279222819903618
1938 1.1279222819903618
1939 1.5059556358853994
1940 1.5059556358853994
1941 1.3642089534599713
1942 1.3642089534599713
1943 1.499175030396609
1944 1.499175030396609
1945 1.2971777856330275
1946 1.2971777856330275
1947 1.9574647546471762
1948 1.9574647546471762
1949 1.0898404570309626
1950 1.0898404570309626
1951 2.0026369155045614
1952 2.0026369155045614
1953 0.9265641754324846
1954 0.9265641754324846
1955 1.3647295955987877
1956 1.3647295955987877
1957 1.7593287436939036
1958 0.2576245138666043
1959 0.2576245138666043
1960 0.20628782398841403
1961 3.7140260737004036
1962 3.7140260737004036
1963 2.2910430776555937
1964 2.2910430776555937
1965 4.380375497775165
1966 4.380375497775165
1967 3.636384780011654
1968 3.636384780011654
1969 2.87909623478937
1970 2.87909623478937
1971 2.43842578570885
1972 2.43842578570885
1973 3.2102388590725197
1974 3.2102388590725197
1975 3.4926266063779168
1976 3.4926266063779168
1977 3.8748925017377824
1978 3.8748925017377824
1979 2.615284736128789
1980 2.615284736128789
1981 3.355045018933728
1982 3.355045018933728
1983 2.7788421589547356
1984 2.7788421589547356
1985 3.1971745121503377
1986 3.1971745121503377
1987 2.520401899224271
1988 2.520401899224271
1989 2.384116673939129
1990 2.384116673939129
1991 4.084791683445368
1992 4.084791683445368
1993 4.5737983679672425
1994 4.5737983679672425
1995 4.925063487476824
1996 4.925063487476824
1997 3.9725912276790067
1998 3.9725912276790067
1999 2.286327409240592
