0 3.9997629970154605
1 3.9997629970154605
2 3.9997629970154605
3 4.107816398308426
4 4.107816398308426
5 4.107816398308426
6 5.346908048187048
7 5.346908048187048
8 5.346908048187048
9 4.919221634348398
10 4.919221634348398
11 4.919221634348398
12 4.508388826111367
13 4.508388826111367
14 4.508388826111367
15 4.295292329718162
16 4.295292329718162
17 4.295292329718162
18 4.64562497587228
19 4.64562497587228
20 4.64562497587228
21 4.087064931396851
22 4.087064931396851
23 4.087064931396851
24 4.281350415111705
25 4.281350415111705
26 4.281350415111705
27 4.51566207464644
28 4.51566207464644
29 4.51566207464644
30 4.121210084800642
31 4.121210084800642
32 4.121210084800642
33 4.361635450929235
34 4.361635450929235
35 4.361635450929235
36 5.140516900477531
37 5.140516900477531
38 5.140516900477531
39 3.7440608313732815
40 3.7440608313732815
41 3.7440608313732815
42 4.215010723715743
43 4.215010723715743
44 4.215010723715743
45 3.961325288487969
46 3.961325288487969
47 3.961325288487969
48 4.112659714210392
49 4.112659714210392
50 4.112659714210392
51 4.194416884195621
52 4.194416884195621
53 4.194416884195621
54 4.744873813725917
55 4.068519430881115
56 4.068519430881115
57 4.068519430881115
58 3.403277920003555
59 3.403277920003555
60 3.403277920003555
61 3.3132951865202114
62 3.3132951865202114
63 3.3132951865202114
64 3.88830528932543
65 3.88830528932543
66 3.88830528932543
67 2.745583800396345
68 2.745583800396345
69 2.745583800396345
70 3.4294431504044955
71 3.4294431504044955
72 3.4294431504044955
73 3.177779550493794
74 3.177779550493794
75 3.177779550493794
76 3.283026445719371
77 3.283026445719371
78 3.283026445719371
79 2.69971795491122
80 2.69971795491122
81 2.69971795491122
82 3.5573731112724962
83 3.5573731112724962
84 3.5573731112724962
85 3.5405908968162834
86 3.5405908968162834
87 3.5405908968162834
88 2.897631790065306
89 2.897631790065306
90 2.897631790065306
91 3.2505166082417696
92 3.2505166082417696
93 3.2505166082417696
94 2.961179583214502
95 2.961179583214502
96 2.961179583214502
97 3.9125891107321644
98 3.9125891107321644
99 3.9125891107321644
100 3.816973160623901
101 3.816973160623901
102 3.816973160623901
103 3.28753489096013
104 3.28753489096013
105 3.28753489096013
106 3.52768516935684
107 3.52768516935684
108 3.52768516935684
109 4.29645282770217
110 4.29645282770217
111 4.29645282770217
112 3.817619018885059
113 3.817619018885059
114 3.817619018885059
115 4.572411105987761
116 4.572411105987761
117 4.572411105987761
118 3.7745820775562398
119 3.7745820775562398
120 3.7745820775562398
121 4.759276202115318
122 4.759276202115318
123 4.759276202115318
124 4.1649592382641725
125 4.1649592382641725
126 4.1649592382641725
127 4.459269928226466
128 4.459269928226466
129 4.459269928226466
130 4.37188459956683
131 4.37188459956683
132 4.37188459956683
133 4.20267650033358
134 4.20267650033358
135 4.20267650033358
136 4.824357138721631
137 4.824357138721631
138 4.824357138721631
139 4.126319548241087
140 4.126319548241087
141 4.126319548241087
142 4.551712262559428
143 4.551712262559428
144 4.551712262559428
145 4.132300236587491
146 4.132300236587491
147 4.132300236587491
148 4.032280087688751
149 4.032280087688751
150 4.032280087688751
151 4.243484297309331
152 4.243484297309331
153 4.243484297309331
154 4.372978298819146
155 4.372978298819146
156 4.372978298819146
157 4.1972261266315165
158 4.1972261266315165
159 4.1972261266315165
160 4.22466102098713
161 4.22466102098713
162 4.22466102098713
163 4.333622262835845
164 4.333622262835845
165 4.333622262835845
166 5.138771030725661
167 5.138771030725661
168 5.138771030725661
169 4.208608431834452
170 4.208608431834452
171 4.208608431834452
172 4.487613599469328
173 4.487613599469328
174 4.487613599469328
175 4.032959786729441
176 4.032959786729441
177 4.032959786729441
178 4.063344578123376
179 4.063344578123376
180 4.063344578123376
181 3.7319399681460608
182 3.7319399681460608
183 3.7319399681460608
184 4.014555271111689
185 4.014555271111689
186 4.014555271111689
187 4.348487778043917
188 4.348487778043917
189 4.348487778043917
190 3.8026785853383043
191 3.8026785853383043
192 3.8026785853383043
193 4.1749969614851725
194 4.1749969614851725
195 4.1749969614851725
196 3.5972790284675806
197 3.5972790284675806
198 3.5972790284675806
199 4.0268271973204355
200 4.0268271973204355
201 4.0268271973204355
202 4.136698127439587
203 4.136698127439587
204 4.136698127439587
205 3.080589980566255
206 3.080589980566255
207 3.080589980566255
208 4.310138179275404
209 4.310138179275404
210 4.310138179275404
211 4.524446701581102
212 4.524446701581102
213 4.524446701581102
214 4.329525066716024
215 4.329525066716024
216 4.329525066716024
217 3.923955815525364
218 3.923955815525364
219 3.923955815525364
220 3.9349173379775806
221 3.9349173379775806
222 3.9349173379775806
223 4.438770158939771
224 4.438770158939771
225 4.438770158939771
226 4.099107126928599
227 4.099107126928599
228 4.099107126928599
229 4.443742129618544
230 4.443742129618544
231 4.443742129618544
232 3.9077586097891683
233 3.9077586097891683
234 3.9077586097891683
235 4.02331213046344
236 4.02331213046344
237 4.02331213046344
238 4.6935359502491165
239 4.6935359502491165
240 4.6935359502491165
241 4.204645216379578
242 4.204645216379578
243 4.204645216379578
244 3.52957207828428
245 3.52957207828428
246 3.52957207828428
247 4.012736374137446
248 4.012736374137446
249 4.012736374137446
250 4.389121517969557
251 4.389121517969557
252 4.389121517969557
253 4.125973613839146
254 4.125973613839146
255 4.125973613839146
256 3.3600794362860245
257 3.3600794362860245
258 3.3600794362860245
259 4.028964266432693
260 4.028964266432693
261 4.028964266432693
262 4.201088612513023
263 4.201088612513023
264 4.201088612513023
265 4.400952505254282
266 4.400952505254282
267 4.400952505254282
268 3.8553856511538775
269 3.8553856511538775
270 3.8553856511538775
271 3.9167115111095314
272 3.9167115111095314
273 3.9167115111095314
274 4.403312493695044
275 4.403312493695044
276 4.403312493695044
277 4.546136482603649
278 4.546136482603649
279 2.3068078419788436
280 2.3068078419788436
281 2.3068078419788436
282 1.8109855209558376
283 1.8109855209558376
284 1.8109855209558376
285 1.9119676117489586
286 1.9119676117489586
287 1.9119676117489586
288 2.375653427403019
289 2.375653427403019
290 2.375653427403019
291 1.9789728396934916
292 1.9789728396934916
293 1.9789728396934916
294 2.115718498696846
295 2.115718498696846
296 2.115718498696846
297 1.9856450549320146
298 1.9856450549320146
299 1.9856450549320146
300 1.9892497015004054
301 1.9892497015004054
302 1.9892497015004054
303 2.3768661195213374
304 2.3768661195213374
305 2.3768661195213374
306 1.8936465920203611
307 1.8936465920203611
308 1.8936465920203611
309 1.8194762111035194
310 1.8194762111035194
311 1.8194762111035194
312 2.092025931327301
313 2.092025931327301
314 2.092025931327301
315 2.2809104806277145
316 2.2809104806277145
317 2.2809104806277145
318 2.1186160526116753
319 2.1186160526116753
320 2.1186160526116753
321 2.0678458087970157
322 2.0678458087970157
323 2.0678458087970157
324 1.9893586035282547
325 1.9893586035282547
326 1.9893586035282547
327 2.082252448632726
328 2.082252448632726
329 2.082252448632726
330 2.1629388354394057
331 2.1629388354394057
332 2.1629388354394057
333 1.8321231608459074
334 1.8321231608459074
335 1.8321231608459074
336 2.2423145599876517
337 2.2423145599876517
338 2.2423145599876517
339 1.9386419365455279
340 1.9386419365455279
341 1.9386419365455279
342 2.3167922444150792
343 2.3167922444150792
344 2.3167922444150792
345 2.1191331961782187
346 2.1191331961782187
347 2.1191331961782187
348 2.8749657984511066
349 2.8749657984511066
350 2.8749657984511066
351 3.520373736678925
352 3.520373736678925
353 3.520373736678925
354 3.2737727945578263
355 3.2737727945578263
356 3.2737727945578263
357 3.6732241773868117
358 3.6732241773868117
359 3.6732241773868117
360 3.0265913310020807
361 3.0265913310020807
362 3.0265913310020807
363 3.5274806137346926
364 3.5274806137346926
365 3.5274806137346926
366 2.9109781631004084
367 2.9109781631004084
368 2.9109781631004084
369 3.3570498821341936
370 3.3570498821341936
371 3.3570498821341936
372 2.0286655188457936
373 2.0286655188457936
374 2.0286655188457936
375 2.307465388261987
376 2.307465388261987
377 2.307465388261987
378 1.9880505636317194
379 1.9880505636317194
380 1.9880505636317194
381 1.8980077394277244
382 1.8980077394277244
383 1.8980077394277244
384 1.9705297797103327
385 1.9705297797103327
386 1.9705297797103327
387 2.1956886472535615
388 2.1956886472535615
389 2.1956886472535615
390 1.8699737694732115
391 1.8699737694732115
392 1.8699737694732115
393 2.08708910271295
394 2.08708910271295
395 2.08708910271295
396 1.9294373640347875
397 1.9294373640347875
398 1.9294373640347875
399 1.731605393593141
400 1.731605393593141
401 1.731605393593141
402 1.6572979237065664
403 1.6572979237065664
404 1.6572979237065664
405 1.8681099285967053
406 1.8681099285967053
407 1.8681099285967053
408 2.1030302659553737
409 2.1030302659553737
410 2.1030302659553737
411 2.4360277043311243
412 2.4360277043311243
413 2.4360277043311243
414 2.196084136650694
415 2.196084136650694
416 2.196084136650694
417 2.051557066065865
418 2.051557066065865
419 2.051557066065865
420 1.9287101073299235
421 1.9287101073299235
422 1.9287101073299235
423 2.5005047979055552
424 2.5005047979055552
425 2.5005047979055552
426 2.45543826834061
427 2.45543826834061
428 2.45543826834061
429 2.488747037088935
430 2.488747037088935
431 2.488747037088935
432 2.3479569946842305
433 2.3479569946842305
434 2.3479569946842305
435 2.4029305461658845
436 2.4029305461658845
437 0.5839593264330364
438 0.5839593264330364
439 0.5839593264330364
440 0.6306448426059833
441 0.6306448426059833
442 0.6306448426059833
443 0.6999650753520049
444 0.6999650753520049
445 0.6999650753520049
446 0.5773103186310222
447 0.5773103186310222
448 0.5773103186310222
449 0.6455419015893263
450 0.6455419015893263
451 0.6455419015893263
452 0.7108751993504809
453 0.7108751993504809
454 0.7108751993504809
455 0.4879576657253737
456 0.4879576657253737
457 0.4879576657253737
458 0.6145957609062699
459 0.6145957609062699
460 0.6145957609062699
461 0.7452140125064913
462 0.7452140125064913
463 0.7452140125064913
464 0.645629265287777
465 0.645629265287777
466 0.645629265287777
467 0.6170958963793932
468 0.6170958963793932
469 0.6170958963793932
470 0.6679273023791016
471 0.6679273023791016
472 0.6679273023791016
473 0.6921977469846178
474 0.6921977469846178
475 0.6921977469846178
476 0.6921446505541482
477 0.6921446505541482
478 0.6921446505541482
479 0.7778131519033165
480 0.7778131519033165
481 0.7778131519033165
482 0.6415054134483307
483 0.6415054134483307
484 0.6415054134483307
485 0.7001950336922476
486 0.18640617891272399
487 0.18640617891272399
488 0.18640617891272399
489 0.19877236615468266
490 0.19877236615468266
491 1.63315977395909
492 1.63315977395909
493 1.63315977395909
494 1.459786047278007
495 1.459786047278007
496 1.459786047278007
497 1.6247798334711785
498 1.6247798334711785
499 1.6247798334711785
500 1.1820681649776887
501 1.1820681649776887
502 1.1820681649776887
503 1.562365991950331
504 1.562365991950331
505 1.562365991950331
506 1.6495331598047764
507 1.6495331598047764
508 1.6495331598047764
509 1.527035843437827
510 1.527035843437827
511 1.527035843437827
512 1.4096692926230283
513 1.4096692926230283
514 1.4096692926230283
515 1.6619354662780441
516 1.6619354662780441
517 1.6619354662780441
518 1.4773627763967512
519 1.4773627763967512
520 1.4773627763967512
521 1.4868088995904816
522 1.4868088995904816
523 1.4868088995904816
524 1.471846713996579
525 1.471846713996579
526 1.471846713996579
527 1.4569457210414545
528 1.4569457210414545
529 1.4569457210414545
530 1.5411992396995713
531 1.5411992396995713
532 1.5411992396995713
533 1.5617091603748872
534 1.5617091603748872
535 1.5617091603748872
536 1.620336666900811
537 1.620336666900811
538 1.620336666900811
539 1.5506645407955622
540 1.5506645407955622
541 1.5506645407955622
542 1.4530789205366048
543 1.4530789205366048
544 1.4530789205366048
545 1.6102065992140189
546 1.6102065992140189
547 1.6102065992140189
548 1.6228130716559628
549 1.6228130716559628
550 1.6228130716559628
551 1.3799227363521278
552 1.3799227363521278
553 1.3799227363521278
554 1.4835820731533471
555 1.4835820731533471
556 1.4835820731533471
557 1.510454480401506
558 1.510454480401506
559 1.510454480401506
560 1.7212518912902257
561 1.7212518912902257
562 1.7212518912902257
563 1.4540468450329562
564 1.4540468450329562
565 1.4540468450329562
566 1.3730975998694361
567 1.3730975998694361
568 1.3730975998694361
569 1.5998807446187677
570 2.290586395333727
571 2.290586395333727
572 2.290586395333727
573 2.9279794098492644
574 2.9279794098492644
575 2.9279794098492644
576 2.5068021940549237
577 2.5068021940549237
578 2.5068021940549237
579 2.5570829713123504
580 2.5570829713123504
581 2.5570829713123504
582 2.677789419948325
583 2.677789419948325
584 2.677789419948325
585 2.1847859449679676
586 2.1847859449679676
587 2.1847859449679676
588 2.7376948295130203
589 2.7376948295130203
590 2.7376948295130203
591 2.267364822192962
592 2.267364822192962
593 2.267364822192962
594 2.946519390322938
595 2.946519390322938
596 2.946519390322938
597 2.336765545722878
598 2.336765545722878
599 2.336765545722878
600 2.4258771385499367
601 2.4258771385499367
602 2.4258771385499367
603 2.5941672253836314
604 2.5941672253836314
605 2.5941672253836314
606 2.3713468193375578
607 2.3713468193375578
608 2.3713468193375578
609 2.297743409933434
610 2.297743409933434
611 2.297743409933434
612 2.1099121278706257
613 2.1099121278706257
614 2.1099121278706257
615 2.4380830857153604
616 2.4380830857153604
617 2.4380830857153604
618 2.5510684568416475
619 2.5510684568416475
620 2.5510684568416475
621 2.313356487467222
622 2.313356487467222
623 2.313356487467222
624 2.4369574634110354
625 2.4369574634110354
626 2.4369574634110354
627 1.9982891979723323
628 1.9982891979723323
629 1.9982891979723323
630 2.834824705133912
631 2.834824705133912
632 2.834824705133912
633 2.15351661596559
634 2.15351661596559
635 2.15351661596559
636 2.568610444998148
637 2.568610444998148
638 2.568610444998148
639 2.055031156782388
640 2.055031156782388
641 2.055031156782388
642 2.1930781924061797
643 2.1930781924061797
644 2.1930781924061797
645 2.7406688376074158
646 2.7406688376074158
647 2.7406688376074158
648 2.6423281996646275
649 2.6423281996646275
650 2.6423281996646275
651 2.6285235611623827
652 2.6285235611623827
653 2.6285235611623827
654 2.9496208301703897
655 2.9496208301703897
656 2.9496208301703897
657 2.8112918425230804
658 2.8112918425230804
659 2.8112918425230804
660 2.5392031273321822
661 2.5392031273321822
662 2.5392031273321822
663 2.563490598354545
664 2.563490598354545
665 2.563490598354545
666 2.9365722564745935
667 2.0027144289326535
668 2.0027144289326535
669 2.0027144289326535
670 2.1449280749734863
671 2.1449280749734863
672 2.1449280749734863
673 1.6763841088034668
674 1.6763841088034668
675 1.6763841088034668
676 2.1469214981089118
677 2.1469214981089118
678 2.1469214981089118
679 2.3645068232580595
680 2.3645068232580595
681 2.3645068232580595
682 2.2351402784886103
683 2.2351402784886103
684 2.2351402784886103
685 2.130215849151102
686 2.130215849151102
687 2.130215849151102
688 2.3467716656251403
689 2.3467716656251403
690 2.3467716656251403
691 1.992243320262163
692 1.992243320262163
693 1.992243320262163
694 2.033897659334625
695 2.033897659334625
696 2.033897659334625
697 2.085175391634083
698 2.085175391634083
699 2.085175391634083
700 1.8719167278380013
701 1.8719167278380013
702 1.8719167278380013
703 2.123605412331443
704 2.123605412331443
705 2.123605412331443
706 1.9991158720987638
707 1.9991158720987638
708 1.9991158720987638
709 1.9750976942125134
710 1.9750976942125134
711 1.9750976942125134
712 2.652352977197567
713 2.652352977197567
714 2.652352977197567
715 1.7296844728834406
716 1.7296844728834406
717 1.7296844728834406
718 2.3659780623084647
719 2.3659780623084647
720 2.3659780623084647
721 1.958691496114239
722 1.958691496114239
723 1.958691496114239
724 1.9391836361743198
725 1.9391836361743198
726 1.9391836361743198
727 1.9682123506638682
728 1.9682123506638682
729 1.9682123506638682
730 2.1873879951129784
731 2.1873879951129784
732 2.1873879951129784
733 2.094533529063473
734 2.094533529063473
735 2.094533529063473
736 2.125768310984584
737 2.125768310984584
738 2.125768310984584
739 1.8049463497212324
740 1.8049463497212324
741 1.8049463497212324
742 1.9641078212467684
743 1.9641078212467684
744 1.9641078212467684
745 2.081289486873704
746 2.081289486873704
747 2.081289486873704
748 2.2699221699367116
749 2.2699221699367116
750 2.2699221699367116
751 1.9623132809271076
752 1.9623132809271076
753 1.9623132809271076
754 2.3710417822050434
755 2.3710417822050434
756 2.3710417822050434
757 2.152694213239804
758 2.152694213239804
759 2.152694213239804
760 2.1310329925596996
761 1.0422254784537572
762 1.0422254784537572
763 1.0422254784537572
764 1.0432066836206837
765 1.0432066836206837
766 1.0432066836206837
767 1.0369811426730717
768 1.0369811426730717
769 1.0369811426730717
770 1.079891046010545
771 1.079891046010545
772 1.079891046010545
773 0.9882261709004847
774 0.9882261709004847
775 0.9882261709004847
776 1.2259580628135855
777 1.2259580628135855
778 1.2259580628135855
779 1.2335153094076325
780 1.2335153094076325
781 1.2335153094076325
782 0.9784123664861264
783 0.9784123664861264
784 0.9784123664861264
785 0.8284870649231781
786 0.8284870649231781
787 0.8284870649231781
788 1.0546065300135834
789 1.0546065300135834
790 1.0546065300135834
791 0.9895328183631251
792 0.9895328183631251
793 0.9895328183631251
794 1.254687989092714
795 1.254687989092714
796 1.254687989092714
797 1.2454920992286902
798 1.2454920992286902
799 1.2454920992286902
800 1.0524666364605593
801 1.0524666364605593
802 1.0524666364605593
803 0.9629517959995407
804 0.9629517959995407
805 0.9629517959995407
806 0.8483755884143678
807 0.8483755884143678
808 0.8483755884143678
809 1.045929913841641
810 1.045929913841641
811 1.045929913841641
812 1.1434991406481108
813 1.1434991406481108
814 1.1434991406481108
815 0.9970471975932387
816 0.9970471975932387
817 0.9970471975932387
818 1.1360527004211531
819 1.1360527004211531
820 1.1360527004211531
821 0.9870591082380611
822 0.9870591082380611
823 0.9870591082380611
824 1.0682174467103986
825 1.0682174467103986
826 1.0682174467103986
827 0.939684334455445
828 0.939684334455445
829 0.939684334455445
830 1.100535236550069
831 1.100535236550069
832 1.100535236550069
833 1.2601637286213838
834 1.2601637286213838
835 1.2601637286213838
836 1.2543754249659844
837 1.2543754249659844
838 1.2543754249659844
839 1.0265157335789639
840 1.0265157335789639
841 1.0265157335789639
842 1.0266193601653513
843 1.0266193601653513
844 1.0266193601653513
845 1.0468489859272587
846 1.0468489859272587
847 1.0468489859272587
848 1.2199301627447365
849 1.2199301627447365
850 1.2199301627447365
851 1.3388160207150088
852 1.3388160207150088
853 1.3388160207150088
854 1.084372444599825
855 1.084372444599825
856 1.084372444599825
857 1.1756692060142329
858 1.1756692060142329
859 1.1756692060142329
860 1.131456233468147
861 1.131456233468147
862 1.131456233468147
863 1.2446761588055797
864 1.2446761588055797
865 1.2446761588055797
866 1.1908839425357003
867 1.1908839425357003
868 1.1908839425357003
869 1.0760880401351913
870 1.0760880401351913
871 1.0760880401351913
872 1.1566040659429853
873 1.1566040659429853
874 1.1566040659429853
875 1.2290763941623937
876 1.2290763941623937
877 1.2290763941623937
878 1.1565560668754182
879 1.1565560668754182
880 1.1565560668754182
881 1.0175084502219724
882 1.0175084502219724
883 1.0175084502219724
884 1.10660836221501
885 1.10660836221501
886 1.10660836221501
887 0.924500531715788
888 0.924500531715788
889 0.924500531715788
890 1.1531680936748039
891 1.1531680936748039
892 1.1531680936748039
893 1.2619766648506117
894 1.2619766648506117
895 1.2619766648506117
896 1.1763228576735312
897 1.1763228576735312
898 1.1763228576735312
899 1.1812905987906488
900 1.1812905987906488
901 1.1812905987906488
902 1.238203003724475
903 1.238203003724475
904 1.238203003724475
905 0.9072355769049572
906 0.9072355769049572
907 0.9072355769049572
908 1.2134620724241203
909 1.2134620724241203
910 1.2134620724241203
911 1.180963418466594
912 1.180963418466594
913 1.180963418466594
914 1.208741282217671
915 1.208741282217671
916 1.208741282217671
917 1.1508223309500796
918 1.1508223309500796
919 1.1508223309500796
920 1.0758086231699755
921 1.0758086231699755
922 1.0758086231699755
923 1.2564245808810703
924 1.2564245808810703
925 1.2564245808810703
926 1.0449102286332792
927 1.0449102286332792
928 1.0449102286332792
929 1.1835601531290838
930 1.1835601531290838
931 1.1835601531290838
932 1.02328178351928
933 1.02328178351928
934 1.02328178351928
935 0.8848588632449075
936 0.8848588632449075
937 0.8848588632449075
938 1.1531744147612848
939 1.1531744147612848
940 1.1531744147612848
941 0.9589436233237422
942 0.9589436233237422
943 0.9589436233237422
944 1.1807705552641325
945 1.1807705552641325
946 1.1807705552641325
947 1.0031733691116234
948 1.0031733691116234
949 1.0031733691116234
950 0.9349025183692685
951 0.9349025183692685
952 0.9349025183692685
953 0.9667579586813296
954 0.9667579586813296
955 0.9667579586813296
956 1.2696404684857607
957 1.2696404684857607
958 1.2696404684857607
959 1.029080855374697
960 1.029080855374697
961 1.029080855374697
962 1.184397101537044
963 1.184397101537044
964 1.184397101537044
965 1.0096355296067099
966 1.0096355296067099
967 1.0096355296067099
968 1.3210097804295833
969 1.3210097804295833
970 1.3210097804295833
971 1.0516356132337394
972 1.0516356132337394
973 1.0516356132337394
974 1.1542521151221437
975 1.1542521151221437
976 1.1542521151221437
977 1.0796972660650628
978 1.0796972660650628
979 1.0796972660650628
980 0.8539997778235295
981 0.8539997778235295
982 0.8539997778235295
983 1.080286604555881
984 1.080286604555881
985 1.080286604555881
986 1.080859876592154
987 1.080859876592154
988 1.080859876592154
989 1.2196728016225717
990 1.2196728016225717
991 1.2196728016225717
992 0.9643827025961039
993 0.9643827025961039
994 0.9643827025961039
995 0.8803575290134117
996 0.8803575290134117
997 0.8803575290134117
998 1.256745467342049
999 1.256745467342049
1000 1.256745467342049
1001 1.469887148993883
1002 1.469887148993883
1003 1.469887148993883
1004 0.9810321592032291
1005 0.9810321592032291
1006 0.9810321592032291
1007 1.0506358707353858
1008 4.132135526542311
1009 4.132135526542311
1010 4.132135526542311
1011 3.275802421099709
1012 3.275802421099709
1013 3.275802421099709
1014 3.945420223826226
1015 3.945420223826226
1016 3.945420223826226
1017 3.405770789093602
1018 3.405770789093602
1019 3.405770789093602
1020 3.412450287034947
1021 3.412450287034947
1022 3.412450287034947
1023 3.954380776607773
1024 3.954380776607773
1025 3.954380776607773
1026 4.137621424988534
1027 4.137621424988534
1028 4.137621424988534
1029 3.6980462958916083
1030 3.6980462958916083
1031 3.6980462958916083
1032 4.009140188109012
1033 4.009140188109012
1034 4.009140188109012
1035 3.365347279707609
1036 3.365347279707609
1037 3.365347279707609
1038 3.394850205353198
1039 3.394850205353198
1040 3.394850205353198
1041 4.017916670422343
1042 4.017916670422343
1043 4.017916670422343
1044 3.938008265128493
1045 3.938008265128493
1046 1.7415434264466907
1047 1.7415434264466907
1048 1.7415434264466907
1049 2.0108056748179743
1050 2.0108056748179743
1051 2.0108056748179743
1052 2.193950927188164
1053 2.193950927188164
1054 2.193950927188164
1055 1.7758449983107731
1056 1.7758449983107731
1057 1.7758449983107731
1058 2.2007234759169467
1059 2.2007234759169467
1060 2.2007234759169467
1061 2.0059290977678486
1062 2.0059290977678486
1063 2.0059290977678486
1064 1.9613416460957454
1065 1.9613416460957454
1066 1.9613416460957454
1067 2.225395346662734
1068 2.225395346662734
1069 2.225395346662734
1070 2.111484155133881
1071 2.111484155133881
1072 2.111484155133881
1073 1.8900964311455304
1074 1.8900964311455304
1075 1.8900964311455304
1076 1.7395861874735696
1077 1.7395861874735696
1078 1.7395861874735696
1079 2.3845429324826184
1080 2.3845429324826184
1081 2.3845429324826184
1082 2.088784723729135
1083 2.088784723729135
1084 2.088784723729135
1085 2.112731875985862
1086 2.112731875985862
1087 2.112731875985862
1088 1.5802069256099927
1089 1.5802069256099927
1090 1.5802069256099927
1091 2.005597096502247
1092 2.005597096502247
1093 2.005597096502247
1094 1.985311532462028
1095 1.985311532462028
1096 1.985311532462028
1097 2.1746839047148976
1098 2.1746839047148976
1099 2.1746839047148976
1100 1.8031910807874163
1101 1.8031910807874163
1102 1.8031910807874163
1103 2.0222408654499078
1104 2.0222408654499078
1105 2.0222408654499078
1106 1.910012203525567
1107 1.910012203525567
1108 1.910012203525567
1109 2.391171259998688
1110 2.391171259998688
1111 2.391171259998688
1112 1.6469821109005711
1113 1.6469821109005711
1114 1.6469821109005711
1115 2.1915258686621644
1116 2.1915258686621644
1117 2.1915258686621644
1118 2.182942187109621
1119 2.182942187109621
1120 2.182942187109621
1121 2.081002211816517
1122 2.081002211816517
1123 2.081002211816517
1124 2.3492171993868416
1125 2.3492171993868416
1126 2.3492171993868416
1127 1.9842068560300503
1128 1.9842068560300503
1129 1.9842068560300503
1130 2.446206210026501
1131 2.446206210026501
1132 2.446206210026501
1133 2.230421638487459
1134 2.230421638487459
1135 2.230421638487459
1136 2.3453538831363163
1137 2.3453538831363163
1138 2.3453538831363163
1139 1.9628408857551252
1140 1.9628408857551252
1141 1.9628408857551252
1142 1.8898749476708714
1143 1.8898749476708714
1144 1.8898749476708714
1145 2.2410407840084363
1146 2.2410407840084363
1147 2.2410407840084363
1148 1.952443449397185
1149 1.952443449397185
1150 1.952443449397185
1151 2.1491811627179493
1152 2.1491811627179493
1153 2.1491811627179493
1154 2.080322259838647
1155 2.080322259838647
1156 2.080322259838647
1157 2.2552341940367513
1158 2.2552341940367513
1159 2.2552341940367513
1160 1.6732901049821358
1161 1.6732901049821358
1162 1.6732901049821358
1163 1.8493473479347782
1164 1.8493473479347782
1165 1.8493473479347782
1166 1.78832732215867
1167 1.78832732215867
1168 1.78832732215867
1169 1.652352834645905
1170 1.652352834645905
1171 1.652352834645905
1172 1.5396933830470938
1173 1.5396933830470938
1174 1.5396933830470938
1175 1.398259660208212
1176 1.398259660208212
1177 1.398259660208212
1178 1.9749995768176896
1179 1.9749995768176896
1180 1.9749995768176896
1181 1.9226731949579285
1182 1.9226731949579285
1183 1.9226731949579285
1184 1.7985606423431806
1185 1.7985606423431806
1186 1.7985606423431806
1187 2.307255665920413
1188 2.307255665920413
1189 2.307255665920413
1190 2.333569984818432
1191 2.333569984818432
1192 2.333569984818432
1193 2.0590541874636252
1194 2.0590541874636252
1195 2.0590541874636252
1196 1.620158375229462
1197 1.620158375229462
1198 1.620158375229462
1199 2.009815544667938
1200 2.009815544667938
1201 2.009815544667938
1202 2.127588869776232
1203 2.127588869776232
1204 2.127588869776232
1205 1.663208004883166
1206 1.663208004883166
1207 1.663208004883166
1208 1.927198135354344
1209 1.927198135354344
1210 1.927198135354344
1211 1.9537108135530914
1212 1.9537108135530914
1213 1.9537108135530914
1214 2.0302999957107017
1215 2.0302999957107017
1216 2.0302999957107017
1217 0.2181651729209477
1218 0.2181651729209477
1219 0.2181651729209477
1220 0.19586531641696392
1221 0.19586531641696392
1222 0.19586531641696392
1223 0.17023785126345412
1224 0.17023785126345412
1225 0.17023785126345412
1226 0.1958629923757162
1227 0.1958629923757162
1228 0.1958629923757162
1229 0.22294456888996111
1230 0.22294456888996111
1231 0.22294456888996111
1232 0.1887857654990958
1233 0.1887857654990958
1234 0.1887857654990958
1235 0.21743489126974394
1236 0.21743489126974394
1237 0.21743489126974394
1238 0.17289621189497173
1239 0.17289621189497173
1240 0.17289621189497173
1241 0.19441117311570194
1242 0.19441117311570194
1243 1.2363971692804192
1244 1.2363971692804192
1245 1.2363971692804192
1246 1.0135550147575565
1247 1.0135550147575565
1248 1.0135550147575565
1249 1.3105615073236672
1250 1.3105615073236672
1251 1.3105615073236672
1252 1.2461916015776648
1253 1.2461916015776648
1254 1.2461916015776648
1255 1.13222093738847
1256 1.13222093738847
1257 1.13222093738847
1258 1.3234817963851664
1259 1.3234817963851664
1260 1.3234817963851664
1261 1.069905652466818
1262 1.069905652466818
1263 1.069905652466818
1264 1.0296706485559002
1265 1.0296706485559002
1266 1.0296706485559002
1267 1.3685055894071692
1268 1.3685055894071692
1269 1.3685055894071692
1270 0.9991273132662767
1271 0.9991273132662767
1272 0.9991273132662767
1273 1.1968901597598893
1274 1.1968901597598893
1275 1.1968901597598893
1276 0.9507249618895579
1277 0.9507249618895579
1278 0.9507249618895579
1279 1.198664866629481
1280 1.198664866629481
1281 1.198664866629481
1282 0.9681362628374081
1283 0.9681362628374081
1284 0.9681362628374081
1285 1.1124184531318355
1286 1.1124184531318355
1287 1.1124184531318355
1288 1.1338630497782398
1289 1.1338630497782398
1290 1.1338630497782398
1291 1.108940145509232
1292 1.108940145509232
1293 1.108940145509232
1294 2.8066495906332465
1295 2.8066495906332465
1296 2.8066495906332465
1297 2.677590678427141
1298 2.677590678427141
1299 2.677590678427141
1300 2.9882917050368323
1301 2.9882917050368323
1302 2.9882917050368323
1303 3.0884197125135584
1304 3.0884197125135584
1305 3.0884197125135584
1306 2.7513977990313143
1307 2.7513977990313143
1308 2.7513977990313143
1309 2.7666455399987826
1310 2.7666455399987826
1311 2.7666455399987826
1312 2.9025293400824173
1313 2.9025293400824173
1314 2.9025293400824173
1315 3.3343968451430586
1316 3.3343968451430586
1317 3.3343968451430586
1318 2.990604394118942
1319 2.990604394118942
1320 2.990604394118942
1321 3.555136038000921
1322 3.555136038000921
1323 3.555136038000921
1324 3.1725662449965846
1325 3.1725662449965846
1326 3.1725662449965846
1327 3.0732370480005597
1328 3.0732370480005597
1329 3.0732370480005597
1330 2.885499798954229
1331 2.885499798954229
1332 2.885499798954229
1333 2.4167871103715104
1334 2.4167871103715104
1335 2.4167871103715104
1336 3.0482198598693517
1337 3.0482198598693517
1338 3.0482198598693517
1339 2.6151910594530867
1340 2.6151910594530867
1341 2.6151910594530867
1342 2.5600261377613265
1343 2.5600261377613265
1344 2.5600261377613265
1345 2.9631570386374593
1346 2.9631570386374593
1347 2.9631570386374593
1348 2.8785069050951413
1349 2.8785069050951413
1350 2.8785069050951413
1351 3.2799226850840895
1352 3.2799226850840895
1353 3.2799226850840895
1354 3.1383971628435137
1355 3.1383971628435137
1356 3.1383971628435137
1357 3.027426088911905
1358 3.027426088911905
1359 3.027426088911905
1360 3.240566102079956
1361 3.240566102079956
1362 3.240566102079956
1363 3.0421844758985825
1364 3.0421844758985825
1365 3.0421844758985825
1366 2.8379850650825595
1367 0.5853387860805722
1368 0.5853387860805722
1369 0.5853387860805722
1370 0.5996976479164918
1371 0.5996976479164918
1372 0.5996976479164918
1373 0.627228940768966
1374 0.627228940768966
1375 0.627228940768966
1376 0.6805072140615605
1377 0.6805072140615605
1378 0.6805072140615605
1379 0.7190865532339282
1380 0.7190865532339282
1381 0.7190865532339282
1382 0.7066278101706963
1383 0.7066278101706963
1384 0.7066278101706963
1385 0.6623033790782251
1386 0.6623033790782251
1387 0.6623033790782251
1388 0.5460265215529618
1389 0.5460265215529618
1390 0.5460265215529618
1391 0.5654345881466885
1392 0.5654345881466885
1393 0.5654345881466885
1394 0.604782229758015
1395 0.604782229758015
1396 0.604782229758015
1397 0.587156264718184
1398 0.587156264718184
1399 0.587156264718184
1400 0.6161504811344564
1401 0.6161504811344564
1402 0.6161504811344564
1403 0.6518176296679546
1404 0.6518176296679546
1405 0.6518176296679546
1406 0.6933656597779487
1407 3.156748661148523
1408 3.156748661148523
1409 3.156748661148523
1410 2.804968857799025
1411 2.804968857799025
1412 2.804968857799025
1413 3.6990392474966973
1414 3.6990392474966973
1415 3.6990392474966973
1416 5.235327950324586
1417 5.235327950324586
1418 5.235327950324586
1419 4.732756070303426
1420 4.732756070303426
1421 4.732756070303426
1422 4.593914190690415
1423 4.593914190690415
1424 4.593914190690415
1425 4.14782450306793
1426 4.14782450306793
1427 4.14782450306793
1428 4.027279431333168
1429 4.027279431333168
1430 4.027279431333168
1431 3.845155525674734
1432 3.845155525674734
1433 3.845155525674734
1434 4.803095666577219
1435 4.803095666577219
1436 4.803095666577219
1437 3.2348453789320954
1438 3.2348453789320954
1439 3.2348453789320954
1440 3.75591931915627
1441 3.75591931915627
1442 3.75591931915627
1443 4.178880295437974
1444 4.178880295437974
1445 4.178880295437974
1446 4.459769791218037
1447 4.459769791218037
1448 4.459769791218037
1449 4.4483797950684885
1450 4.4483797950684885
1451 4.4483797950684885
1452 3.9096152961836688
1453 3.9096152961836688
1454 3.9096152961836688
1455 4.447820180761009
1456 4.447820180761009
1457 4.447820180761009
1458 4.576511585730541
1459 4.576511585730541
1460 4.576511585730541
1461 4.735188421168775
1462 4.735188421168775
1463 4.735188421168775
1464 4.787343056441918
1465 4.787343056441918
1466 4.787343056441918
1467 4.309518921043953
1468 4.309518921043953
1469 4.309518921043953
1470 3.8632270024708895
1471 3.8632270024708895
1472 3.8632270024708895
1473 4.35665640287435
1474 4.35665640287435
1475 4.35665640287435
1476 4.230613519248537
1477 4.230613519248537
1478 4.230613519248537
1479 4.007145029898315
1480 4.007145029898315
1481 4.007145029898315
1482 3.911442423698333
1483 3.911442423698333
1484 3.911442423698333
1485 4.877095191059564
1486 4.877095191059564
1487 4.877095191059564
1488 4.054879233915004
1489 4.054879233915004
1490 4.054879233915004
1491 4.884338628724409
1492 4.884338628724409
1493 4.884338628724409
1494 3.5750321522683284
1495 3.5750321522683284
1496 3.5750321522683284
1497 5.505441375986693
1498 5.505441375986693
1499 5.505441375986693
1500 5.587953237318989
1501 5.587953237318989
1502 5.587953237318989
1503 5.00331926950087
1504 5.00331926950087
1505 5.00331926950087
1506 4.38370707450493
1507 4.38370707450493
1508 4.38370707450493
1509 4.464388499466117
1510 4.464388499466117
1511 4.464388499466117
1512 4.171563856492909
1513 4.171563856492909
1514 4.171563856492909
1515 4.124898352987185
1516 4.124898352987185
1517 4.124898352987185
1518 4.410610387623089
1519 4.410610387623089
1520 4.410610387623089
1521 4.6351201660293455
1522 4.6351201660293455
1523 4.6351201660293455
1524 4.49340757063382
1525 4.49340757063382
1526 4.49340757063382
1527 4.6523867377455765
1528 4.6523867377455765
1529 4.6523867377455765
1530 4.239881592858431
1531 4.239881592858431
1532 4.239881592858431
1533 4.7353989861785415
1534 4.7353989861785415
1535 4.7353989861785415
1536 4.876946252722117
1537 4.876946252722117
1538 4.876946252722117
1539 4.231289272124654
1540 4.231289272124654
1541 4.231289272124654
1542 4.220958059044267
1543 4.220958059044267
1544 4.220958059044267
1545 3.77754475920997
1546 3.77754475920997
1547 3.77754475920997
1548 4.364852023494718
1549 4.364852023494718
1550 4.364852023494718
1551 4.106109726523554
1552 4.106109726523554
1553 4.106109726523554
1554 3.1721695287956386
1555 3.1721695287956386
1556 3.1721695287956386
1557 4.111018037294981
1558 4.111018037294981
1559 4.111018037294981
1560 4.2552717752069755
1561 4.2552717752069755
1562 4.2552717752069755
1563 4.183078326022682
1564 4.183078326022682
1565 4.183078326022682
1566 4.352461839842598
1567 4.352461839842598
1568 4.352461839842598
1569 4.272275140193851
1570 4.272275140193851
1571 4.272275140193851
1572 4.491763701752778
1573 4.491763701752778
1574 4.491763701752778
1575 5.332247454181133
1576 5.332247454181133
1577 5.332247454181133
1578 4.520750030622948
1579 4.520750030622948
1580 4.520750030622948
1581 4.446093608443713
1582 4.446093608443713
1583 4.446093608443713
1584 3.9550967493206746
1585 3.9550967493206746
1586 3.9550967493206746
1587 4.369859154973384
1588 4.369859154973384
1589 4.369859154973384
1590 5.504191967134222
1591 5.504191967134222
1592 5.504191967134222
1593 4.924344125089376
1594 4.924344125089376
1595 4.924344125089376
1596 3.815694851438244
1597 3.815694851438244
1598 3.815694851438244
1599 4.695900283101619
1600 4.695900283101619
1601 4.695900283101619
1602 4.297908064672188
1603 1.207383220393304
1604 1.207383220393304
1605 1.207383220393304
1606 1.1805494949323592
1607 1.1805494949323592
1608 1.1805494949323592
1609 1.1419583685698693
1610 1.1419583685698693
1611 1.1419583685698693
1612 1.2564913731274985
1613 1.2564913731274985
1614 1.2564913731274985
1615 0.9360394811873929
1616 0.9360394811873929
1617 0.9360394811873929
1618 1.0650674563957208
1619 1.0650674563957208
1620 1.0650674563957208
1621 1.166672850515565
1622 1.166672850515565
1623 1.166672850515565
1624 1.0697058525052545
1625 1.0697058525052545
1626 1.0697058525052545
1627 0.9371849185683493
1628 0.9371849185683493
1629 0.9371849185683493
1630 0.971338267018266
1631 0.971338267018266
1632 0.971338267018266
1633 1.066481955564913
1634 1.066481955564913
1635 1.066481955564913
1636 1.1338239690860472
1637 1.1338239690860472
1638 1.1338239690860472
1639 1.1174576612437097
1640 1.1174576612437097
1641 1.1174576612437097
1642 1.1968608027106757
1643 1.1968608027106757
1644 1.1968608027106757
1645 1.1521774953528523
1646 1.1521774953528523
1647 1.1521774953528523
1648 0.9859626556275427
1649 0.9859626556275427
1650 0.9859626556275427
1651 1.280709318872305
1652 1.280709318872305
1653 1.280709318872305
1654 1.2412367853670385
1655 1.2412367853670385
1656 1.2412367853670385
1657 1.037420426770951
1658 1.037420426770951
1659 1.037420426770951
1660 1.1747878416876967
1661 1.1747878416876967
1662 1.1747878416876967
1663 0.9726344580236839
1664 0.9726344580236839
1665 0.9726344580236839
1666 1.0009903391381205
1667 1.0009903391381205
1668 1.0009903391381205
1669 1.1282898396064858
1670 1.1282898396064858
1671 1.1282898396064858
1672 1.2189310414443453
1673 1.2189310414443453
1674 1.2189310414443453
1675 1.2817269284957429
1676 1.2817269284957429
1677 1.2817269284957429
1678 1.1051072349341668
1679 1.1051072349341668
1680 1.1051072349341668
1681 1.1341042912956603
1682 1.1341042912956603
1683 1.1341042912956603
1684 1.0596978121016862
1685 1.0596978121016862
1686 1.0596978121016862
1687 1.0943072239193306
1688 1.0943072239193306
1689 1.0943072239193306
1690 1.1341731139841187
1691 1.1341731139841187
1692 1.1341731139841187
1693 1.1206810112773908
1694 1.1206810112773908
1695 1.1206810112773908
1696 0.8966498650755234
1697 0.8966498650755234
1698 0.8966498650755234
1699 1.1063399506379656
1700 1.1063399506379656
1701 1.1063399506379656
1702 1.0761860287419303
1703 1.0761860287419303
1704 1.0761860287419303
1705 0.9928726864979114
1706 0.9928726864979114
1707 0.9928726864979114
1708 1.0867601997516654
1709 1.0867601997516654
1710 1.0867601997516654
1711 1.0095161669976578
1712 1.0095161669976578
1713 1.0095161669976578
1714 1.0686197461093843
1715 1.0686197461093843
1716 1.0686197461093843
1717 1.1679735211581477
1718 1.1679735211581477
1719 1.1679735211581477
1720 1.1162882766760582
1721 1.1162882766760582
1722 1.1162882766760582
1723 1.1218442712122834
1724 1.1218442712122834
1725 1.1218442712122834
1726 1.141229296968494
1727 1.141229296968494
1728 1.141229296968494
1729 0.967467398445043
1730 0.967467398445043
1731 0.967467398445043
1732 1.2353820374041784
1733 1.2353820374041784
1734 1.2353820374041784
1735 1.1348176457848476
1736 1.1348176457848476
1737 1.1348176457848476
1738 1.0547787281676062
1739 1.0547787281676062
1740 1.0547787281676062
1741 1.1636969572509512
1742 1.1636969572509512
1743 1.1636969572509512
1744 1.1180053713565037
1745 1.1180053713565037
1746 1.1180053713565037
1747 1.1810776424816753
1748 1.1810776424816753
1749 1.1810776424816753
1750 1.1494250042024263
1751 1.1494250042024263
1752 1.1494250042024263
1753 0.9706551212936732
1754 0.9706551212936732
1755 0.9706551212936732
1756 0.9596113839030657
1757 0.9596113839030657
1758 0.9596113839030657
1759 1.0926196233863024
1760 1.0926196233863024
1761 1.0926196233863024
1762 1.2106559262897973
1763 1.2106559262897973
1764 1.2106559262897973
1765 0.9671643258230946
1766 0.9671643258230946
1767 0.9671643258230946
1768 1.052239415642789
1769 1.052239415642789
1770 1.052239415642789
1771 1.0609434979652819
1772 1.0609434979652819
1773 1.0609434979652819
1774 1.170867843478196
1775 1.170867843478196
1776 1.170867843478196
1777 1.064492312030146
1778 1.064492312030146
1779 1.064492312030146
1780 1.1138141101763253
1781 1.1138141101763253
1782 1.1138141101763253
1783 1.3285221783605674
1784 1.3285221783605674
1785 1.3285221783605674
1786 1.1931375013105323
1787 1.1931375013105323
1788 1.1931375013105323
1789 1.0940072197891186
1790 1.0940072197891186
1791 1.0940072197891186
1792 1.1132181599139972
1793 1.1132181599139972
1794 1.1132181599139972
1795 1.0799083467545674
1796 1.0799083467545674
1797 1.0799083467545674
1798 1.2144342587793204
1799 1.2144342587793204
1800 1.2144342587793204
1801 1.0850986683578474
1802 1.0850986683578474
1803 1.0850986683578474
1804 0.9546749955733327
1805 0.9546749955733327
1806 0.9546749955733327
1807 1.089125889832835
1808 1.089125889832835
1809 1.089125889832835
1810 1.075435027253685
1811 1.075435027253685
1812 1.075435027253685
1813 1.2615795895989004
1814 1.2615795895989004
1815 1.2615795895989004
1816 1.1349934261660468
1817 1.1349934261660468
1818 1.1349934261660468
1819 0.21863898341898744
1820 0.21863898341898744
1821 0.21863898341898744
1822 0.2104157287225304
1823 0.2104157287225304
1824 0.2104157287225304
1825 0.15973274096862436
1826 0.15973274096862436
1827 0.15973274096862436
1828 0.2014384016551185
1829 0.2014384016551185
1830 0.2014384016551185
1831 0.24367925251128525
1832 0.24367925251128525
1833 0.24367925251128525
1834 0.18998064507365733
1835 0.18998064507365733
1836 0.18998064507365733
1837 0.183615416508358
1838 0.183615416508358
1839 0.183615416508358
1840 0.24815910239064873
1841 0.24815910239064873
1842 0.24815910239064873
1843 0.2123486648340714
1844 0.2123486648340714
1845 0.2123486648340714
1846 0.16534123564087572
1847 0.16534123564087572
1848 0.16534123564087572
1849 0.21361958877901424
1850 0.21361958877901424
1851 0.21361958877901424
1852 0.2550100966024217
1853 0.2550100966024217
1854 0.2550100966024217
1855 0.22105776516230008
1856 0.22105776516230008
1857 1.5445344336557523
1858 1.5445344336557523
1859 1.5445344336557523
1860 1.760309835137144
1861 1.760309835137144
1862 1.760309835137144
1863 1.4366630507011413
1864 1.4366630507011413
1865 1.4366630507011413
1866 1.5070888824740079
1867 1.5070888824740079
1868 1.5070888824740079
1869 1.6683316686978797
1870 1.6683316686978797
1871 1.6683316686978797
1872 1.6283970240240038
1873 1.6283970240240038
1874 1.6283970240240038
1875 1.4377467275933127
1876 1.4377467275933127
1877 1.4377467275933127
1878 1.6620930293987328
1879 1.6620930293987328
1880 1.6620930293987328
1881 1.4801719837710672
1882 1.4801719837710672
1883 1.4801719837710672
1884 1.6118059916522234
1885 1.6118059916522234
1886 1.6118059916522234
1887 1.5374179811719513
1888 1.5374179811719513
1889 1.5374179811719513
1890 1.3396905382418611
1891 1.3396905382418611
1892 1.3396905382418611
1893 1.7657322759365428
1894 1.7657322759365428
1895 1.7657322759365428
1896 1.6519937427231288
1897 1.6519937427231288
1898 1.6519937427231288
1899 1.4056699486231992
1900 1.4056699486231992
1901 1.4056699486231992
1902 1.4239982682386496
1903 1.4239982682386496
1904 1.4239982682386496
1905 1.7006068094159426
1906 1.7006068094159426
1907 1.7006068094159426
1908 1.9078193277892224
1909 1.9078193277892224
1910 1.9078193277892224
1911 1.2666225962160584
1912 1.2666225962160584
1913 1.2666225962160584
1914 1.4224793915931604
1915 1.4224793915931604
1916 1.4224793915931604
1917 1.7613620228942106
1918 1.7613620228942106
1919 1.7613620228942106
1920 1.6028813268818003
1921 1.6028813268818003
1922 1.6028813268818003
1923 0.16570617195821172
1924 0.16570617195821172
1925 0.16570617195821172
1926 0.1892763128094224
1927 0.1892763128094224
1928 0.1892763128094224
1929 0.19771800232475123
1930 0.19771800232475123
1931 0.19771800232475123
1932 0.22385501411391426
1933 0.22385501411391426
1934 0.22385501411391426
1935 0.21446915860925045
1936 0.21446915860925045
1937 0.21446915860925045
1938 0.20892997227167506
1939 0.20892997227167506
1940 0.20892997227167506
1941 0.18445791193408914
1942 0.18445791193408914
1943 0.18445791193408914
1944 0.1934379734416888
1945 0.1934379734416888
1946 0.1934379734416888
1947 0.20135081718810863
1948 0.20135081718810863
1949 0.20135081718810863
1950 0.21745410269190865
1951 0.21745410269190865
1952 0.21745410269190865
1953 0.23237103925845
1954 0.23237103925845
1955 0.23237103925845
1956 0.21566071382264446
1957 0.21566071382264446
1958 0.21566071382264446
1959 0.19140999120512686
1960 0.19140999120512686
1961 0.19140999120512686
1962 0.18393003712213105
1963 0.18393003712213105
1964 0.18393003712213105
1965 0.17615315937751216
1966 0.17615315937751216
1967 0.17615315937751216
1968 0.16883571474029144
1969 0.16883571474029144
1970 0.16883571474029144
1971 0.23520678071680134
1972 0.23520678071680134
1973 0.23520678071680134
1974 0.21051045437776136
1975 0.21051045437776136
1976 0.21051045437776136
1977 0.2099498605213358
1978 0.2099498605213358
1979 0.2099498605213358
1980 0.22308770359791497
1981 0.22308770359791497
1982 0.22308770359791497
1983 0.2316121847741101
1984 0.2316121847741101
1985 0.2316121847741101
1986 0.1829113302848883
1987 0.1829113302848883
1988 0.1829113302848883
1989 0.18945060602202818
1990 0.18945060602202818
1991 0.18945060602202818
1992 0.1817655444877066
1993 0.1817655444877066
1994 0.1817655444877066
1995 0.1781971021244821
1996 0.1781971021244821
1997 0.1781971021244821
1998 0.20465661667064464
1999 0.20465661667064464
