0 0.19755606661912856
1 0.19755606661912856
2 0.622096920255315
3 0.622096920255315
4 0.622096920255315
5 0.622096920255315
6 0.7143627331519465
7 0.7143627331519465
8 0.7143627331519465
9 0.7143627331519465
10 0.6945545393170496
11 0.6945545393170496
12 0.6945545393170496
13 0.6945545393170496
14 0.747145389687214
15 0.747145389687214
16 0.747145389687214
17 0.747145389687214
18 0.6159135315279007
19 0.6159135315279007
20 0.6159135315279007
21 0.6159135315279007
22 0.5927259598047196
23 0.5927259598047196
24 0.5927259598047196
25 0.5927259598047196
26 0.5224262997098461
27 0.5224262997098461
28 0.5224262997098461
29 0.5224262997098461
30 0.6266218242487605
31 0.6266218242487605
32 0.6266218242487605
33 0.6266218242487605
34 0.5143788010597335
35 0.5143788010597335
36 0.5143788010597335
37 0.5143788010597335
38 0.6222952977776556
39 0.6222952977776556
40 3.583904514731394
41 3.583904514731394
42 3.583904514731394
43 3.583904514731394
44 3.2025647965080806
45 3.2025647965080806
46 3.2025647965080806
47 3.2025647965080806
48 3.3925549345502053
49 3.3925549345502053
50 3.3925549345502053
51 3.3925549345502053
52 3.1813109604072087
53 3.1813109604072087
54 3.1813109604072087
55 3.1813109604072087
56 2.7879878938521347
57 2.7879878938521347
58 2.7879878938521347
59 2.7879878938521347
60 3.422433806288226
61 3.422433806288226
62 3.422433806288226
63 3.422433806288226
64 3.040930428660136
65 3.040930428660136
66 3.040930428660136
67 3.040930428660136
68 2.1340073202729144
69 2.1340073202729144
70 2.1340073202729144
71 2.1340073202729144
72 3.387789008466539
73 3.387789008466539
74 3.387789008466539
75 3.387789008466539
76 3.128073157280209
77 3.128073157280209
78 3.128073157280209
79 3.128073157280209
80 2.8663341332078507
81 2.8663341332078507
82 2.8663341332078507
83 2.8663341332078507
84 3.3373656973317396
85 3.3373656973317396
86 3.3373656973317396
87 3.3373656973317396
88 3.5300667107670507
89 3.5300667107670507
90 3.5300667107670507
91 3.5300667107670507
92 3.1321484934736996
93 3.1321484934736996
94 3.1321484934736996
95 3.1321484934736996
96 3.7384498935539137
97 3.7384498935539137
98 3.7384498935539137
99 3.7384498935539137
100 3.1854531912676265
101 3.1854531912676265
102 3.1854531912676265
103 3.1854531912676265
104 3.708137115637174
105 3.708137115637174
106 3.708137115637174
107 3.708137115637174
108 3.885603618869011
109 3.885603618869011
110 3.885603618869011
111 3.885603618869011
112 3.966402093725711
113 3.966402093725711
114 3.966402093725711
115 3.966402093725711
116 4.30980526021574
117 4.30980526021574
118 4.30980526021574
119 4.30980526021574
120 2.494718271141323
121 2.494718271141323
122 2.494718271141323
123 2.494718271141323
124 3.070659915150963
125 3.070659915150963
126 3.070659915150963
127 3.070659915150963
128 3.202870802852905
129 3.202870802852905
130 3.202870802852905
131 3.202870802852905
132 1.025315355642163
133 1.025315355642163
134 1.025315355642163
135 1.025315355642163
136 1.1086915719966195
137 1.1086915719966195
138 1.1086915719966195
139 1.1086915719966195
140 1.2654897089824269
141 1.2654897089824269
142 1.2654897089824269
143 1.2654897089824269
144 1.4054761724401947
145 1.4054761724401947
146 1.4054761724401947
147 1.4054761724401947
148 1.055044246947376
149 1.055044246947376
150 1.055044246947376
151 1.055044246947376
152 1.1960979538106618
153 1.1960979538106618
154 1.1960979538106618
155 1.1960979538106618
156 1.0100428287850638
157 1.0100428287850638
158 1.0100428287850638
159 1.0100428287850638
160 0.8038821952258561
161 0.8038821952258561
162 0.8038821952258561
163 0.8038821952258561
164 1.0314747650918292
165 1.0314747650918292
166 1.0314747650918292
167 1.0314747650918292
168 1.1380685941669944
169 1.1380685941669944
170 1.1380685941669944
171 1.1380685941669944
172 1.248283498617287
173 1.248283498617287
174 1.248283498617287
175 1.248283498617287
176 0.9256175337006934
177 0.9256175337006934
178 0.9256175337006934
179 0.9256175337006934
180 1.223364825474908
181 1.223364825474908
182 1.223364825474908
183 1.223364825474908
184 1.219230870030493
185 1.219230870030493
186 1.219230870030493
187 1.219230870030493
188 0.8521111546630594
189 0.8521111546630594
190 0.8521111546630594
191 0.8521111546630594
192 0.9667714280740975
193 0.9667714280740975
194 1.3086574450896644
195 1.3086574450896644
196 1.3086574450896644
197 1.3086574450896644
198 1.9515878805992266
199 1.9515878805992266
200 1.9515878805992266
201 1.9515878805992266
202 1.236994986552469
203 1.236994986552469
204 1.236994986552469
205 1.236994986552469
206 1.4344859171405457
207 1.4344859171405457
208 1.4344859171405457
209 1.4344859171405457
210 1.5613493536802256
211 1.5613493536802256
212 1.5613493536802256
213 1.5613493536802256
214 1.470296203845261
215 1.470296203845261
216 1.470296203845261
217 1.470296203845261
218 1.2136758172156763
219 1.2136758172156763
220 1.2136758172156763
221 1.2136758172156763
222 1.3517773179861976
223 1.3517773179861976
224 1.3517773179861976
225 1.3517773179861976
226 1.8222353966175073
227 1.8222353966175073
228 1.8222353966175073
229 2.900504501520674
230 2.900504501520674
231 2.900504501520674
232 2.900504501520674
233 3.314974702646806
234 3.314974702646806
235 3.314974702646806
236 3.314974702646806
237 2.2835489787120085
238 2.2835489787120085
239 2.2835489787120085
240 2.2835489787120085
241 3.064009185546172
242 3.064009185546172
243 3.064009185546172
244 3.064009185546172
245 3.190668995341313
246 3.190668995341313
247 3.190668995341313
248 3.190668995341313
249 3.033064998127298
250 3.033064998127298
251 3.033064998127298
252 3.033064998127298
253 2.6095546569534664
254 2.6095546569534664
255 2.6095546569534664
256 2.6095546569534664
257 3.0464067733594997
258 3.0464067733594997
259 3.0464067733594997
260 3.0464067733594997
261 2.879791670275312
262 2.879791670275312
263 2.879791670275312
264 2.879791670275312
265 2.880921115693282
266 2.880921115693282
267 2.880921115693282
268 2.880921115693282
269 3.1015766906737228
270 3.1015766906737228
271 3.1015766906737228
272 3.1015766906737228
273 2.8622061014414744
274 2.8622061014414744
275 2.8622061014414744
276 2.8622061014414744
277 3.536887706700812
278 3.536887706700812
279 3.536887706700812
280 3.536887706700812
281 2.5903739847277554
282 2.5903739847277554
283 2.5903739847277554
284 2.5903739847277554
285 2.9888892309834807
286 2.9888892309834807
287 2.9888892309834807
288 2.9888892309834807
289 3.974138563229464
290 3.974138563229464
291 3.974138563229464
292 3.974138563229464
293 3.381263661037629
294 1.18311708530221
295 1.18311708530221
296 1.18311708530221
297 1.18311708530221
298 1.326972768392267
299 1.326972768392267
300 1.326972768392267
301 1.326972768392267
302 0.7700264506884332
303 0.7700264506884332
304 0.7700264506884332
305 0.7700264506884332
306 0.9150923556848112
307 0.9150923556848112
308 0.9150923556848112
309 0.9150923556848112
310 1.2960005315942893
311 1.2960005315942893
312 1.2960005315942893
313 1.2960005315942893
314 0.9036055092438219
315 0.9036055092438219
316 0.9036055092438219
317 0.9036055092438219
318 1.3344100706794035
319 1.3344100706794035
320 1.3344100706794035
321 1.3344100706794035
322 1.2159904680937959
323 2.694239521474041
324 2.694239521474041
325 2.694239521474041
326 2.694239521474041
327 3.2614970869219513
328 3.2614970869219513
329 3.2614970869219513
330 3.2614970869219513
331 2.2769570703004995
332 2.2769570703004995
333 2.2769570703004995
334 2.2769570703004995
335 2.707964442617864
336 2.707964442617864
337 2.707964442617864
338 2.707964442617864
339 2.1978476075745044
340 2.1978476075745044
341 2.1978476075745044
342 2.1978476075745044
343 2.0046746974090652
344 2.0046746974090652
345 2.0046746974090652
346 2.0046746974090652
347 2.1215573293982897
348 2.1215573293982897
349 2.1215573293982897
350 2.1215573293982897
351 1.9597381323903202
352 1.9597381323903202
353 1.9597381323903202
354 1.9597381323903202
355 2.972800082897742
356 2.972800082897742
357 2.972800082897742
358 2.972800082897742
359 2.456357276734947
360 2.456357276734947
361 2.456357276734947
362 2.456357276734947
363 2.9313025833027906
364 2.9313025833027906
365 2.9313025833027906
366 2.9313025833027906
367 2.7090422287049414
368 2.7090422287049414
369 2.7090422287049414
370 2.7090422287049414
371 2.3482808292959274
372 2.3482808292959274
373 2.3482808292959274
374 2.3482808292959274
375 2.6259275220831153
376 2.6259275220831153
377 2.6259275220831153
378 2.6259275220831153
379 1.9799438183568907
380 1.9799438183568907
381 1.9799438183568907
382 1.9799438183568907
383 2.2812601507467005
384 2.2812601507467005
385 2.2812601507467005
386 2.2812601507467005
387 2.05983260191038
388 2.05983260191038
389 2.05983260191038
390 2.05983260191038
391 2.490246737158583
392 2.490246737158583
393 2.490246737158583
394 2.490246737158583
395 3.166866690340375
396 3.166866690340375
397 3.166866690340375
398 3.166866690340375
399 1.5150304130208194
400 1.5150304130208194
401 1.5150304130208194
402 1.5150304130208194
403 2.9043895719355866
404 2.9043895719355866
405 2.9043895719355866
406 2.9043895719355866
407 2.640172941830249
408 2.640172941830249
409 2.640172941830249
410 2.640172941830249
411 2.805821571871376
412 2.805821571871376
413 2.805821571871376
414 2.805821571871376
415 2.2161024331686012
416 2.2161024331686012
417 2.2161024331686012
418 2.2161024331686012
419 2.3959046502630383
420 2.3959046502630383
421 2.3959046502630383
422 2.3959046502630383
423 3.2845480102115308
424 3.2845480102115308
425 3.2845480102115308
426 3.2845480102115308
427 2.2994758023953046
428 2.2994758023953046
429 2.2994758023953046
430 2.2994758023953046
431 2.9808688439011064
432 2.9808688439011064
433 2.9808688439011064
434 2.9808688439011064
435 1.9074404783901815
436 1.9074404783901815
437 1.9074404783901815
438 1.9074404783901815
439 2.4596205990410307
440 2.4596205990410307
441 2.4596205990410307
442 2.4596205990410307
443 2.452185014169791
444 2.452185014169791
445 2.452185014169791
446 2.452185014169791
447 2.331609838032493
448 2.331609838032493
449 2.331609838032493
450 2.331609838032493
451 2.695648809888659
452 2.695648809888659
453 2.695648809888659
454 2.695648809888659
455 2.761767824009418
456 2.761767824009418
457 2.761767824009418
458 2.761767824009418
459 2.5476743434947733
460 2.5476743434947733
461 2.5476743434947733
462 2.5476743434947733
463 2.893182772390949
464 2.893182772390949
465 2.893182772390949
466 2.893182772390949
467 2.4182743479269897
468 2.4182743479269897
469 2.4182743479269897
470 2.4182743479269897
471 2.7897998752501985
472 2.7897998752501985
473 2.7897998752501985
474 2.7897998752501985
475 2.695007304751163
476 2.695007304751163
477 2.695007304751163
478 2.695007304751163
479 1.1077485111838061
480 1.1077485111838061
481 1.1077485111838061
482 1.1077485111838061
483 1.0217712303406
484 1.0217712303406
485 1.0217712303406
486 1.0217712303406
487 1.108515959391997
488 1.108515959391997
489 1.108515959391997
490 1.108515959391997
491 1.1230734281981536
492 1.1230734281981536
493 1.1230734281981536
494 1.1230734281981536
495 0.993606347716422
496 0.993606347716422
497 0.993606347716422
498 0.993606347716422
499 1.0520070005714934
500 1.0520070005714934
501 1.0520070005714934
502 1.0520070005714934
503 1.1419844713886522
504 1.1419844713886522
505 1.1419844713886522
506 1.1419844713886522
507 0.9737832704867657
508 0.9737832704867657
509 0.9737832704867657
510 0.9737832704867657
511 1.52571561227268
512 1.52571561227268
513 1.52571561227268
514 1.52571561227268
515 0.9663229898205669
516 0.9663229898205669
517 0.9663229898205669
518 0.9663229898205669
519 0.9374144770843829
520 0.9374144770843829
521 0.9374144770843829
522 0.9374144770843829
523 1.2522308021782387
524 1.2522308021782387
525 1.2522308021782387
526 1.2522308021782387
527 1.159454215676608
528 1.159454215676608
529 1.159454215676608
530 1.159454215676608
531 1.005019512390778
532 1.005019512390778
533 1.005019512390778
534 1.005019512390778
535 1.1752223972335842
536 1.1752223972335842
537 1.1752223972335842
538 1.1752223972335842
539 1.2759362503901868
540 1.2759362503901868
541 1.2759362503901868
542 1.2759362503901868
543 1.13315084654498
544 1.13315084654498
545 1.13315084654498
546 1.13315084654498
547 1.2374468638582494
548 1.2374468638582494
549 1.2374468638582494
550 1.2374468638582494
551 1.16848020426318
552 1.16848020426318
553 1.16848020426318
554 1.16848020426318
555 1.0126073632701313
556 1.0126073632701313
557 1.0126073632701313
558 1.0126073632701313
559 1.046641094360701
560 1.046641094360701
561 1.046641094360701
562 1.046641094360701
563 0.7980586784365913
564 0.7980586784365913
565 0.7980586784365913
566 0.7980586784365913
567 0.7118615194728115
568 0.7118615194728115
569 0.7118615194728115
570 0.7118615194728115
571 1.0840523207059316
572 1.0840523207059316
573 1.0840523207059316
574 1.0840523207059316
575 1.3623681542960677
576 1.3623681542960677
577 1.3623681542960677
578 1.3623681542960677
579 1.1659547975456328
580 1.1659547975456328
581 1.1659547975456328
582 1.1659547975456328
583 1.086410291060884
584 1.086410291060884
585 1.086410291060884
586 1.086410291060884
587 1.0874414747062715
588 2.513934735325115
589 2.513934735325115
590 2.513934735325115
591 2.513934735325115
592 2.2531522732730918
593 2.2531522732730918
594 2.2531522732730918
595 2.2531522732730918
596 2.150718287408875
597 2.150718287408875
598 2.150718287408875
599 2.150718287408875
600 2.5169371032466983
601 2.5169371032466983
602 2.5169371032466983
603 2.5169371032466983
604 2.801665191815676
605 2.801665191815676
606 2.801665191815676
607 2.801665191815676
608 2.7805104095907374
609 2.7805104095907374
610 2.7805104095907374
611 2.7805104095907374
612 2.3720395863300174
613 2.3720395863300174
614 2.3720395863300174
615 2.3720395863300174
616 2.5119722601566776
617 2.5119722601566776
618 2.5119722601566776
619 2.5119722601566776
620 2.596281002361794
621 2.596281002361794
622 2.596281002361794
623 2.596281002361794
624 2.7822143464340625
625 2.7822143464340625
626 2.7822143464340625
627 2.7822143464340625
628 2.457626121282362
629 2.457626121282362
630 2.457626121282362
631 2.457626121282362
632 2.2170800547738665
633 2.2170800547738665
634 2.2170800547738665
635 2.2170800547738665
636 1.9224834690986032
637 1.9224834690986032
638 1.9224834690986032
639 1.9224834690986032
640 2.4259827410362913
641 2.4259827410362913
642 2.4259827410362913
643 2.4259827410362913
644 0.8673648224534355
645 0.8673648224534355
646 0.8673648224534355
647 0.8673648224534355
648 1.1018370474198826
649 0.7195139905274239
650 0.7195139905274239
651 1.3247131789147981
652 1.3247131789147981
653 1.3247131789147981
654 1.3247131789147981
655 1.8111364736161024
656 1.8111364736161024
657 1.8111364736161024
658 1.8111364736161024
659 1.4661625939491465
660 1.4661625939491465
661 1.4661625939491465
662 1.4661625939491465
663 1.630629444883118
664 1.630629444883118
665 1.630629444883118
666 1.630629444883118
667 1.3319996322212466
668 1.3319996322212466
669 1.3319996322212466
670 1.3319996322212466
671 1.4202736270875005
672 1.4202736270875005
673 1.4202736270875005
674 1.4202736270875005
675 1.6563554321196827
676 1.6563554321196827
677 1.6563554321196827
678 1.6563554321196827
679 1.875783356305921
680 1.875783356305921
681 1.875783356305921
682 1.875783356305921
683 1.196791221921113
684 1.196791221921113
685 1.196791221921113
686 0.6104075684187934
687 0.6104075684187934
688 0.6104075684187934
689 0.6104075684187934
690 0.8399814511616737
691 0.8399814511616737
692 0.8399814511616737
693 0.8399814511616737
694 0.7251906642363669
695 0.7251906642363669
696 0.7251906642363669
697 3.976551557267448
698 3.976551557267448
699 3.976551557267448
700 3.976551557267448
701 3.4022401542445486
702 3.4022401542445486
703 3.4022401542445486
704 3.4022401542445486
705 4.369996194653958
706 4.369996194653958
707 4.369996194653958
708 4.369996194653958
709 3.3281004894554203
710 3.3281004894554203
711 3.3281004894554203
712 3.3281004894554203
713 2.993315759420066
714 2.993315759420066
715 2.993315759420066
716 2.993315759420066
717 3.59912224161316
718 3.59912224161316
719 3.59912224161316
720 2.4970611498820414
721 2.4970611498820414
722 2.4970611498820414
723 2.4970611498820414
724 3.2593716253346288
725 3.2593716253346288
726 3.2593716253346288
727 3.2593716253346288
728 2.995994307427624
729 2.995994307427624
730 2.995994307427624
731 2.995994307427624
732 2.4916478475839057
733 2.4916478475839057
734 2.4916478475839057
735 2.4916478475839057
736 3.1660907978957273
737 3.1660907978957273
738 3.1660907978957273
739 3.1660907978957273
740 2.8432180015064707
741 2.8432180015064707
742 2.8432180015064707
743 2.8432180015064707
744 2.8745308275571513
745 2.8745308275571513
746 2.8745308275571513
747 2.8745308275571513
748 3.0067474538042287
749 3.0067474538042287
750 3.0067474538042287
751 3.0067474538042287
752 2.1002814869753257
753 2.1002814869753257
754 2.1002814869753257
755 2.1002814869753257
756 2.929219411664254
757 2.929219411664254
758 2.929219411664254
759 2.929219411664254
760 3.345552279717167
761 3.345552279717167
762 3.345552279717167
763 3.345552279717167
764 3.2642716787907515
765 3.2642716787907515
766 3.2642716787907515
767 3.2642716787907515
768 3.5161499959869977
769 3.5161499959869977
770 3.5161499959869977
771 3.5161499959869977
772 2.964118807921104
773 2.964118807921104
774 2.964118807921104
775 2.964118807921104
776 3.2669795590501267
777 3.2669795590501267
778 3.2669795590501267
779 3.2669795590501267
780 3.142561296892841
781 3.142561296892841
782 3.142561296892841
783 4.9646226653758285
784 4.9646226653758285
785 4.9646226653758285
786 4.9646226653758285
787 3.7152763820799333
788 3.7152763820799333
789 3.7152763820799333
790 3.7152763820799333
791 4.28590043997185
792 4.28590043997185
793 4.28590043997185
794 4.28590043997185
795 3.18267021159592
796 3.18267021159592
797 3.18267021159592
798 3.18267021159592
799 4.503606016581391
800 4.503606016581391
801 4.503606016581391
802 4.503606016581391
803 4.551335041982442
804 4.551335041982442
805 4.551335041982442
806 4.551335041982442
807 4.915428144049203
808 4.915428144049203
809 4.915428144049203
810 4.915428144049203
811 2.4617563068826156
812 2.4617563068826156
813 2.4617563068826156
814 2.4617563068826156
815 3.046512295133746
816 3.046512295133746
817 3.046512295133746
818 3.046512295133746
819 4.315035399585881
820 4.315035399585881
821 4.315035399585881
822 4.315035399585881
823 5.296530401058375
824 5.296530401058375
825 5.296530401058375
826 5.296530401058375
827 3.670706211983918
828 3.670706211983918
829 3.670706211983918
830 3.670706211983918
831 3.9899502963258437
832 3.9899502963258437
833 3.9899502963258437
834 3.9899502963258437
835 4.411957750354435
836 4.411957750354435
837 4.411957750354435
838 4.411957750354435
839 3.2433772950883064
840 3.2433772950883064
841 3.2433772950883064
842 3.2433772950883064
843 4.81236377193066
844 4.81236377193066
845 4.81236377193066
846 4.81236377193066
847 3.978496322790085
848 3.978496322790085
849 3.978496322790085
850 3.978496322790085
851 4.5436650464258985
852 4.5436650464258985
853 4.5436650464258985
854 4.5436650464258985
855 4.244735019152447
856 4.244735019152447
857 4.244735019152447
858 4.244735019152447
859 4.309144618946493
860 4.309144618946493
861 4.309144618946493
862 4.309144618946493
863 5.26518514115225
864 5.26518514115225
865 5.26518514115225
866 5.26518514115225
867 4.7698274406970596
868 4.7698274406970596
869 4.7698274406970596
870 4.7698274406970596
871 4.111618299227179
872 4.111618299227179
873 4.111618299227179
874 4.111618299227179
875 4.13902989121924
876 4.13902989121924
877 4.13902989121924
878 4.13902989121924
879 3.4703677517212133
880 3.4703677517212133
881 3.4703677517212133
882 3.4703677517212133
883 3.3443795509183025
884 3.3443795509183025
885 3.3443795509183025
886 3.3443795509183025
887 5.214469830849441
888 5.214469830849441
889 5.214469830849441
890 5.214469830849441
891 4.523407001472934
892 4.523407001472934
893 4.523407001472934
894 4.523407001472934
895 4.290528834044594
896 4.290528834044594
897 4.290528834044594
898 4.290528834044594
899 3.8885475549218658
900 3.8885475549218658
901 3.8885475549218658
902 3.8885475549218658
903 5.520443671578292
904 5.520443671578292
905 5.520443671578292
906 5.520443671578292
907 4.064667159722834
908 4.064667159722834
909 4.064667159722834
910 4.064667159722834
911 4.788157633237953
912 4.788157633237953
913 4.788157633237953
914 4.788157633237953
915 4.486242097586047
916 4.486242097586047
917 4.486242097586047
918 4.486242097586047
919 5.132585303825176
920 5.132585303825176
921 5.132585303825176
922 5.132585303825176
923 3.4494223973977185
924 3.4494223973977185
925 3.4494223973977185
926 3.4494223973977185
927 4.62485422048997
928 4.62485422048997
929 4.62485422048997
930 4.62485422048997
931 5.085112777435583
932 5.085112777435583
933 5.085112777435583
934 5.085112777435583
935 4.37811087195303
936 4.37811087195303
937 4.37811087195303
938 4.37811087195303
939 4.044308180272189
940 4.044308180272189
941 4.044308180272189
942 4.044308180272189
943 4.485988316231217
944 4.485988316231217
945 4.485988316231217
946 4.485988316231217
947 3.922336375732096
948 3.922336375732096
949 3.922336375732096
950 3.922336375732096
951 3.762431860119683
952 3.762431860119683
953 3.762431860119683
954 3.762431860119683
955 4.199069517131923
956 4.199069517131923
957 4.199069517131923
958 4.199069517131923
959 4.50075232825175
960 4.50075232825175
961 4.50075232825175
962 4.50075232825175
963 4.847799207757789
964 4.847799207757789
965 4.847799207757789
966 4.847799207757789
967 5.152175465744334
968 5.152175465744334
969 5.152175465744334
970 5.152175465744334
971 4.599345910580606
972 4.599345910580606
973 4.599345910580606
974 4.599345910580606
975 4.790967950152508
976 4.790967950152508
977 4.790967950152508
978 4.790967950152508
979 4.048481076071382
980 4.048481076071382
981 4.048481076071382
982 4.048481076071382
983 4.761906841812466
984 4.761906841812466
985 4.761906841812466
986 4.761906841812466
987 4.947660859524936
988 4.947660859524936
989 4.947660859524936
990 4.947660859524936
991 4.480349972915738
992 4.480349972915738
993 4.480349972915738
994 4.480349972915738
995 3.882473258324925
996 3.882473258324925
997 3.882473258324925
998 3.882473258324925
999 4.419063575251141
1000 4.419063575251141
1001 4.419063575251141
1002 4.419063575251141
1003 4.841463187184034
1004 4.841463187184034
1005 4.841463187184034
1006 4.841463187184034
1007 4.662158733993428
1008 4.662158733993428
1009 4.662158733993428
1010 4.662158733993428
1011 3.109373263545145
1012 3.109373263545145
1013 3.109373263545145
1014 3.109373263545145
1015 4.2137411572414925
1016 4.2137411572414925
1017 4.2137411572414925
1018 4.2137411572414925
1019 5.6404147586512545
1020 5.6404147586512545
1021 5.6404147586512545
1022 5.6404147586512545
1023 4.882682155192535
1024 4.882682155192535
1025 4.882682155192535
1026 4.882682155192535
1027 3.1238728263779283
1028 3.1238728263779283
1029 3.1238728263779283
1030 3.1238728263779283
1031 4.432323370473817
1032 4.432323370473817
1033 4.432323370473817
1034 4.432323370473817
1035 4.064787504327583
1036 4.064787504327583
1037 4.064787504327583
1038 4.064787504327583
1039 4.478872121285826
1040 4.478872121285826
1041 4.478872121285826
1042 4.478872121285826
1043 4.144077098809794
1044 4.144077098809794
1045 4.144077098809794
1046 4.144077098809794
1047 3.6882163270660184
1048 3.6882163270660184
1049 3.6882163270660184
1050 3.6882163270660184
1051 4.343211928934271
1052 4.343211928934271
1053 4.343211928934271
1054 4.343211928934271
1055 4.026135642159228
1056 4.026135642159228
1057 4.026135642159228
1058 4.026135642159228
1059 4.630928739739032
1060 4.630928739739032
1061 4.630928739739032
1062 4.630928739739032
1063 4.648640155029442
1064 4.648640155029442
1065 4.648640155029442
1066 4.648640155029442
1067 4.293680308805246
1068 4.293680308805246
1069 4.293680308805246
1070 4.293680308805246
1071 4.107338485278011
1072 4.107338485278011
1073 4.107338485278011
1074 4.107338485278011
1075 5.0355797077904585
1076 5.0355797077904585
1077 5.0355797077904585
1078 5.0355797077904585
1079 4.205262779241365
1080 4.205262779241365
1081 4.205262779241365
1082 4.205262779241365
1083 4.51466465816424
1084 4.51466465816424
1085 4.51466465816424
1086 4.51466465816424
1087 3.664570350411938
1088 3.664570350411938
1089 3.664570350411938
1090 3.664570350411938
1091 4.006203087671432
1092 4.006203087671432
1093 4.006203087671432
1094 4.006203087671432
1095 4.2453272289520445
1096 4.2453272289520445
1097 4.2453272289520445
1098 4.2453272289520445
1099 4.699179522240044
1100 4.699179522240044
1101 4.699179522240044
1102 4.699179522240044
1103 2.0163401493189004
1104 2.0163401493189004
1105 2.0163401493189004
1106 2.0163401493189004
1107 2.3925546554060975
1108 2.3925546554060975
1109 2.3925546554060975
1110 2.3925546554060975
1111 2.247859069906377
1112 2.247859069906377
1113 2.247859069906377
1114 2.247859069906377
1115 1.5306181360920175
1116 1.5306181360920175
1117 1.5306181360920175
1118 1.5306181360920175
1119 2.31911406267099
1120 2.31911406267099
1121 2.31911406267099
1122 2.31911406267099
1123 2.19553915952812
1124 2.19553915952812
1125 2.19553915952812
1126 2.19553915952812
1127 2.1264046057311705
1128 2.1264046057311705
1129 2.1264046057311705
1130 2.1264046057311705
1131 2.0205415580613963
1132 2.0205415580613963
1133 2.0205415580613963
1134 2.0205415580613963
1135 1.7357125756309781
1136 1.7357125756309781
1137 1.7357125756309781
1138 1.7357125756309781
1139 2.6725814455139636
1140 2.6725814455139636
1141 2.6725814455139636
1142 2.6725814455139636
1143 1.7265675576604833
1144 1.7265675576604833
1145 1.7265675576604833
1146 1.7265675576604833
1147 2.0442866605656085
1148 2.0442866605656085
1149 2.0442866605656085
1150 2.0442866605656085
1151 2.1733987814403446
1152 2.1733987814403446
1153 2.1733987814403446
1154 2.1733987814403446
1155 1.825250910822176
1156 1.825250910822176
1157 1.825250910822176
1158 1.825250910822176
1159 2.0516983101200474
1160 2.0516983101200474
1161 2.0516983101200474
1162 2.0516983101200474
1163 1.8421082368305366
1164 1.8421082368305366
1165 1.8421082368305366
1166 1.8421082368305366
1167 1.6672910318277232
1168 1.6672910318277232
1169 1.6672910318277232
1170 1.6672910318277232
1171 2.485509087033452
1172 2.485509087033452
1173 2.485509087033452
1174 2.485509087033452
1175 2.1514364570813416
1176 2.1514364570813416
1177 2.1514364570813416
1178 2.1514364570813416
1179 1.8143509950910535
1180 1.8143509950910535
1181 1.8143509950910535
1182 1.8143509950910535
1183 1.5826290098859244
1184 1.5826290098859244
1185 1.5826290098859244
1186 1.5826290098859244
1187 2.203700797177984
1188 2.203700797177984
1189 2.203700797177984
1190 2.203700797177984
1191 1.1582844983938443
1192 1.1582844983938443
1193 1.1582844983938443
1194 1.1582844983938443
1195 1.9062311969967394
1196 1.9062311969967394
1197 1.9062311969967394
1198 1.9062311969967394
1199 2.460449493011007
1200 2.460449493011007
1201 2.460449493011007
1202 2.460449493011007
1203 2.037375247593177
1204 2.037375247593177
1205 2.037375247593177
1206 2.037375247593177
1207 2.504789812046367
1208 2.504789812046367
1209 2.504789812046367
1210 2.504789812046367
1211 1.9462325644649727
1212 1.9462325644649727
1213 1.9462325644649727
1214 1.9462325644649727
1215 1.8795951187990423
1216 1.8795951187990423
1217 1.8795951187990423
1218 1.8795951187990423
1219 2.1818555068670027
1220 2.1818555068670027
1221 2.1818555068670027
1222 2.1818555068670027
1223 1.9908938314080191
1224 1.9908938314080191
1225 1.9908938314080191
1226 1.9908938314080191
1227 1.925508847206747
1228 1.925508847206747
1229 1.925508847206747
1230 1.925508847206747
1231 2.0931891520285233
1232 2.0931891520285233
1233 2.0931891520285233
1234 2.0931891520285233
1235 2.021351715457037
1236 2.021351715457037
1237 2.021351715457037
1238 2.021351715457037
1239 2.088073529781794
1240 2.088073529781794
1241 2.088073529781794
1242 2.088073529781794
1243 2.256403837964657
1244 2.256403837964657
1245 2.256403837964657
1246 2.256403837964657
1247 1.8782252175470473
1248 1.8782252175470473
1249 1.8782252175470473
1250 1.8782252175470473
1251 1.4459831328354875
1252 1.4459831328354875
1253 1.4459831328354875
1254 1.4459831328354875
1255 1.9546078103719295
1256 1.9546078103719295
1257 1.9546078103719295
1258 1.9546078103719295
1259 1.7991852412841536
1260 1.7991852412841536
1261 1.7991852412841536
1262 1.7991852412841536
1263 2.302647920139473
1264 2.302647920139473
1265 2.302647920139473
1266 2.302647920139473
1267 2.376684991812492
1268 2.376684991812492
1269 2.376684991812492
1270 2.376684991812492
1271 1.8069837749353326
1272 1.8069837749353326
1273 1.8069837749353326
1274 1.8069837749353326
1275 2.004338092529467
1276 2.004338092529467
1277 2.004338092529467
1278 2.004338092529467
1279 1.9778861373094994
1280 1.9778861373094994
1281 1.9778861373094994
1282 1.9778861373094994
1283 2.2570966550290548
1284 2.2570966550290548
1285 2.2570966550290548
1286 2.2570966550290548
1287 2.094036491110632
1288 2.094036491110632
1289 2.094036491110632
1290 2.094036491110632
1291 1.6683374744509136
1292 1.6683374744509136
1293 1.6683374744509136
1294 1.6683374744509136
1295 2.4012475708671563
1296 2.4012475708671563
1297 2.4012475708671563
1298 2.4012475708671563
1299 2.157943640160905
1300 2.157943640160905
1301 2.157943640160905
1302 2.157943640160905
1303 2.250330821916206
1304 2.250330821916206
1305 2.250330821916206
1306 2.250330821916206
1307 1.6451854684026075
1308 1.6451854684026075
1309 1.6451854684026075
1310 1.6451854684026075
1311 1.9090319126908608
1312 1.9090319126908608
1313 1.9090319126908608
1314 1.9090319126908608
1315 1.7200137372916733
1316 1.7200137372916733
1317 1.7200137372916733
1318 1.7200137372916733
1319 2.0232779981236493
1320 2.0232779981236493
1321 2.0232779981236493
1322 2.0232779981236493
1323 1.8376614486766418
1324 1.8376614486766418
1325 1.8376614486766418
1326 1.8376614486766418
1327 2.5985567081733714
1328 2.5985567081733714
1329 2.5985567081733714
1330 2.5985567081733714
1331 2.015675983248235
1332 2.015675983248235
1333 2.015675983248235
1334 2.015675983248235
1335 1.7287842362481507
1336 1.7287842362481507
1337 1.7287842362481507
1338 1.7287842362481507
1339 1.821224247520878
1340 1.821224247520878
1341 1.821224247520878
1342 1.821224247520878
1343 1.8176464616347154
1344 1.8176464616347154
1345 1.8176464616347154
1346 1.8176464616347154
1347 2.309178582442825
1348 2.309178582442825
1349 2.309178582442825
1350 2.309178582442825
1351 2.056623342598626
1352 2.056623342598626
1353 2.056623342598626
1354 2.056623342598626
1355 2.1077801970228562
1356 2.1077801970228562
1357 2.1077801970228562
1358 2.1077801970228562
1359 2.0393350304389855
1360 2.0393350304389855
1361 2.0393350304389855
1362 2.0393350304389855
1363 2.3539882416780014
1364 2.3539882416780014
1365 2.3539882416780014
1366 2.3539882416780014
1367 1.859849434952371
1368 1.859849434952371
1369 1.859849434952371
1370 1.859849434952371
1371 2.512279128212525
1372 2.512279128212525
1373 2.512279128212525
1374 2.512279128212525
1375 2.2092435067372036
1376 2.2092435067372036
1377 2.2092435067372036
1378 2.2092435067372036
1379 1.8887481881236006
1380 1.8887481881236006
1381 1.8887481881236006
1382 1.8887481881236006
1383 2.0035368157992006
1384 2.0035368157992006
1385 2.0035368157992006
1386 2.0035368157992006
1387 1.913476849914535
1388 1.913476849914535
1389 1.913476849914535
1390 1.913476849914535
1391 2.056178036440709
1392 2.056178036440709
1393 2.056178036440709
1394 2.056178036440709
1395 1.9668747156437218
1396 1.9668747156437218
1397 1.9668747156437218
1398 1.9668747156437218
1399 2.1457076887943507
1400 2.1457076887943507
1401 2.1457076887943507
1402 2.1457076887943507
1403 1.9435798201369805
1404 1.9435798201369805
1405 1.9435798201369805
1406 1.9435798201369805
1407 2.0989234507532046
1408 2.0989234507532046
1409 2.0989234507532046
1410 2.0989234507532046
1411 1.74799622465445
1412 1.74799622465445
1413 1.74799622465445
1414 1.74799622465445
1415 2.1358837124067858
1416 2.1358837124067858
1417 2.1358837124067858
1418 2.1358837124067858
1419 2.335403530077655
1420 2.335403530077655
1421 2.335403530077655
1422 2.335403530077655
1423 2.258168190669515
1424 2.258168190669515
1425 2.258168190669515
1426 2.258168190669515
1427 2.0311350249634823
1428 2.0311350249634823
1429 2.0311350249634823
1430 2.0311350249634823
1431 2.572597277124843
1432 2.572597277124843
1433 2.572597277124843
1434 2.572597277124843
1435 2.4402375665116476
1436 2.4402375665116476
1437 2.4402375665116476
1438 2.4402375665116476
1439 2.0648188991214216
1440 2.0648188991214216
1441 2.0648188991214216
1442 2.0648188991214216
1443 1.8437022258762807
1444 1.8437022258762807
1445 1.8437022258762807
1446 1.8437022258762807
1447 1.9128121885380382
1448 1.9128121885380382
1449 1.9128121885380382
1450 1.9128121885380382
1451 2.5239744132938795
1452 2.5239744132938795
1453 2.5239744132938795
1454 2.5239744132938795
1455 1.6686861148174488
1456 1.6686861148174488
1457 1.6686861148174488
1458 1.6686861148174488
1459 1.4234283534826078
1460 1.4234283534826078
1461 1.4234283534826078
1462 1.4234283534826078
1463 2.17984469097188
1464 2.17984469097188
1465 3.0166611982409446
1466 3.0166611982409446
1467 3.0166611982409446
1468 3.0166611982409446
1469 3.407598545336487
1470 3.407598545336487
1471 3.407598545336487
1472 3.407598545336487
1473 3.907399893801254
1474 3.907399893801254
1475 3.907399893801254
1476 3.907399893801254
1477 2.7481828286283565
1478 2.7481828286283565
1479 2.7481828286283565
1480 2.7481828286283565
1481 3.1303115666590444
1482 3.1303115666590444
1483 3.1303115666590444
1484 3.1303115666590444
1485 3.9703779962873273
1486 3.9703779962873273
1487 3.9703779962873273
1488 3.9703779962873273
1489 3.6131542168050155
1490 3.6131542168050155
1491 3.6131542168050155
1492 3.6131542168050155
1493 2.8169364877327006
1494 2.8169364877327006
1495 2.8169364877327006
1496 2.8169364877327006
1497 4.159503117942332
1498 4.159503117942332
1499 4.159503117942332
1500 4.159503117942332
1501 3.0721407610074145
1502 3.0721407610074145
1503 3.0721407610074145
1504 3.0721407610074145
1505 4.108481151027259
1506 4.108481151027259
1507 4.108481151027259
1508 4.108481151027259
1509 3.2451176958217918
1510 3.2451176958217918
1511 3.2451176958217918
1512 3.2451176958217918
1513 3.6085673372107863
1514 3.6085673372107863
1515 3.6085673372107863
1516 3.6085673372107863
1517 3.202557429520942
1518 3.202557429520942
1519 3.202557429520942
1520 3.202557429520942
1521 3.3518153526241456
1522 3.3518153526241456
1523 3.3518153526241456
1524 3.3518153526241456
1525 2.704692877992732
1526 2.704692877992732
1527 2.704692877992732
1528 2.704692877992732
1529 2.9610705887058053
1530 2.9610705887058053
1531 2.9610705887058053
1532 2.9610705887058053
1533 3.671949051911108
1534 3.671949051911108
1535 3.671949051911108
1536 3.671949051911108
1537 2.985951746537648
1538 2.985951746537648
1539 2.985951746537648
1540 2.985951746537648
1541 3.247375608629469
1542 3.247375608629469
1543 3.247375608629469
1544 3.247375608629469
1545 3.7195937567390893
1546 3.7195937567390893
1547 3.7195937567390893
1548 3.7195937567390893
1549 4.593555828623964
1550 4.593555828623964
1551 4.593555828623964
1552 4.593555828623964
1553 2.5086272862046703
1554 2.5086272862046703
1555 2.5086272862046703
1556 2.5086272862046703
1557 3.911811525927994
1558 3.911811525927994
1559 3.911811525927994
1560 3.911811525927994
1561 3.6042166787434304
1562 3.6042166787434304
1563 3.6042166787434304
1564 3.6042166787434304
1565 3.5905649978806227
1566 3.5905649978806227
1567 3.5905649978806227
1568 3.5905649978806227
1569 3.365686951690748
1570 3.365686951690748
1571 3.365686951690748
1572 3.365686951690748
1573 3.729907427462103
1574 3.729907427462103
1575 3.729907427462103
1576 3.729907427462103
1577 3.1908054548410787
1578 3.1908054548410787
1579 3.1908054548410787
1580 3.1908054548410787
1581 4.461552414054828
1582 4.461552414054828
1583 4.461552414054828
1584 4.461552414054828
1585 3.915342645415408
1586 3.915342645415408
1587 3.915342645415408
1588 3.915342645415408
1589 3.4907126896040124
1590 3.4907126896040124
1591 3.4907126896040124
1592 3.4907126896040124
1593 3.837455966544334
1594 3.837455966544334
1595 3.837455966544334
1596 3.837455966544334
1597 2.955667832895445
1598 2.955667832895445
1599 2.955667832895445
1600 2.955667832895445
1601 3.2335636240277723
1602 3.2335636240277723
1603 3.2335636240277723
1604 3.2335636240277723
1605 4.389861878874515
1606 4.389861878874515
1607 4.389861878874515
1608 4.389861878874515
1609 3.6679339332008523
1610 3.6679339332008523
1611 3.6679339332008523
1612 3.6679339332008523
1613 3.2243990025275204
1614 3.2243990025275204
1615 3.2243990025275204
1616 3.2243990025275204
1617 3.34879592746388
1618 3.34879592746388
1619 3.34879592746388
1620 3.34879592746388
1621 4.296179997495338
1622 4.296179997495338
1623 4.296179997495338
1624 4.296179997495338
1625 2.8896253210337726
1626 2.8896253210337726
1627 2.8896253210337726
1628 2.8896253210337726
1629 3.0548991723502215
1630 3.0548991723502215
1631 3.0548991723502215
1632 3.0548991723502215
1633 3.0895463908647587
1634 3.0895463908647587
1635 3.0895463908647587
1636 3.0895463908647587
1637 2.7637675184014827
1638 2.7637675184014827
1639 2.7637675184014827
1640 2.7637675184014827
1641 3.9665472908715325
1642 3.9665472908715325
1643 3.9665472908715325
1644 3.9665472908715325
1645 3.360706871079636
1646 3.360706871079636
1647 3.360706871079636
1648 3.360706871079636
1649 2.890221230862143
1650 2.890221230862143
1651 2.890221230862143
1652 2.890221230862143
1653 3.1301504330005825
1654 3.1301504330005825
1655 3.1301504330005825
1656 3.1301504330005825
1657 2.90937485115159
1658 2.90937485115159
1659 2.90937485115159
1660 2.90937485115159
1661 3.8608709941568824
1662 3.8608709941568824
1663 3.8608709941568824
1664 3.8608709941568824
1665 2.981280557912962
1666 2.981280557912962
1667 2.981280557912962
1668 2.981280557912962
1669 3.1133482688549963
1670 3.1133482688549963
1671 3.1133482688549963
1672 3.1133482688549963
1673 2.628827956887133
1674 2.628827956887133
1675 2.628827956887133
1676 2.628827956887133
1677 3.1156858050285474
1678 3.1156858050285474
1679 3.1156858050285474
1680 3.1156858050285474
1681 3.7480298564807577
1682 3.7480298564807577
1683 3.7480298564807577
1684 3.7480298564807577
1685 2.8925836419549062
1686 2.8925836419549062
1687 2.8925836419549062
1688 2.8925836419549062
1689 3.134290737115112
1690 3.134290737115112
1691 3.134290737115112
1692 3.134290737115112
1693 3.254898349875432
1694 3.254898349875432
1695 3.254898349875432
1696 3.254898349875432
1697 3.965375035584039
1698 3.965375035584039
1699 3.965375035584039
1700 3.965375035584039
1701 4.252935643610763
1702 4.252935643610763
1703 4.252935643610763
1704 4.252935643610763
1705 3.57834634162086
1706 3.57834634162086
1707 3.57834634162086
1708 3.57834634162086
1709 3.8006365183824022
1710 3.8006365183824022
1711 3.8006365183824022
1712 3.8006365183824022
1713 2.7839061826497926
1714 2.7839061826497926
1715 2.7839061826497926
1716 2.7839061826497926
1717 3.7446881761810253
1718 3.7446881761810253
1719 3.7446881761810253
1720 3.7446881761810253
1721 3.4030762391138007
1722 3.4030762391138007
1723 3.4030762391138007
1724 3.4030762391138007
1725 3.88632363461696
1726 3.88632363461696
1727 3.88632363461696
1728 3.88632363461696
1729 2.8549481188696326
1730 2.8549481188696326
1731 2.8549481188696326
1732 2.8549481188696326
1733 2.6959665539631814
1734 2.6959665539631814
1735 2.6959665539631814
1736 2.6959665539631814
1737 3.803190118494607
1738 3.803190118494607
1739 3.803190118494607
1740 3.803190118494607
1741 3.1030354151030743
1742 3.1030354151030743
1743 3.1030354151030743
1744 3.1030354151030743
1745 3.2122865834745
1746 3.2122865834745
1747 3.2122865834745
1748 3.2122865834745
1749 4.408713556392344
1750 4.408713556392344
1751 4.408713556392344
1752 4.408713556392344
1753 2.993008981334863
1754 2.993008981334863
1755 2.993008981334863
1756 2.993008981334863
1757 3.346006119680495
1758 3.346006119680495
1759 3.346006119680495
1760 3.346006119680495
1761 4.325448313291542
1762 4.325448313291542
1763 4.325448313291542
1764 4.325448313291542
1765 3.190545074186494
1766 3.190545074186494
1767 3.190545074186494
1768 3.190545074186494
1769 3.6462080474830283
1770 3.6462080474830283
1771 3.6462080474830283
1772 3.6462080474830283
1773 3.4182588721518865
1774 3.4182588721518865
1775 3.4182588721518865
1776 3.4182588721518865
1777 3.359814506288587
1778 3.359814506288587
1779 3.359814506288587
1780 3.359814506288587
1781 3.4154372827046524
1782 3.4154372827046524
1783 3.4154372827046524
1784 3.4154372827046524
1785 3.352964103226251
1786 3.352964103226251
1787 3.352964103226251
1788 3.352964103226251
1789 2.83011961544861
1790 2.83011961544861
1791 2.83011961544861
1792 2.83011961544861
1793 2.314832879709712
1794 2.314832879709712
1795 2.314832879709712
1796 2.314832879709712
1797 3.198201930859627
1798 3.198201930859627
1799 3.198201930859627
1800 3.198201930859627
1801 4.603529886180363
1802 4.603529886180363
1803 4.603529886180363
1804 4.603529886180363
1805 4.056367343896208
1806 4.056367343896208
1807 4.056367343896208
1808 4.056367343896208
1809 3.9246440845865362
1810 3.9246440845865362
1811 3.9246440845865362
1812 3.9246440845865362
1813 3.013921866630293
1814 3.013921866630293
1815 3.013921866630293
1816 3.013921866630293
1817 3.1869700771141796
1818 3.1869700771141796
1819 3.1869700771141796
1820 3.1869700771141796
1821 3.309855206968486
1822 3.309855206968486
1823 3.309855206968486
1824 3.309855206968486
1825 3.29169131366039
1826 3.29169131366039
1827 3.29169131366039
1828 3.29169131366039
1829 4.480935598503021
1830 4.480935598503021
1831 4.480935598503021
1832 4.480935598503021
1833 3.7057683889129063
1834 3.7057683889129063
1835 3.7057683889129063
1836 3.7057683889129063
1837 2.9072244306982835
1838 2.9072244306982835
1839 2.9072244306982835
1840 2.9072244306982835
1841 3.258619436971305
1842 3.258619436971305
1843 3.258619436971305
1844 3.258619436971305
1845 3.1744102539918897
1846 3.1744102539918897
1847 3.1744102539918897
1848 3.1744102539918897
1849 3.5898219449609505
1850 3.5898219449609505
1851 3.5898219449609505
1852 3.5898219449609505
1853 3.3589450957841467
1854 3.3589450957841467
1855 3.3589450957841467
1856 3.3589450957841467
1857 3.3347212416272414
1858 3.3347212416272414
1859 3.3347212416272414
1860 3.3347212416272414
1861 3.920382628967359
1862 3.920382628967359
1863 3.920382628967359
1864 3.920382628967359
1865 3.63429640593438
1866 3.63429640593438
1867 3.63429640593438
1868 3.63429640593438
1869 3.704918308193182
1870 3.704918308193182
1871 3.704918308193182
1872 3.704918308193182
1873 3.818666073444279
1874 3.818666073444279
1875 3.818666073444279
1876 3.818666073444279
1877 3.418687450434056
1878 3.418687450434056
1879 1.264719824380026
1880 1.264719824380026
1881 1.264719824380026
1882 1.264719824380026
1883 1.6468937958388064
1884 1.6468937958388064
1885 1.6468937958388064
1886 1.6468937958388064
1887 1.209402401362481
1888 1.209402401362481
1889 1.209402401362481
1890 1.209402401362481
1891 1.8514930979078241
1892 1.8514930979078241
1893 1.8514930979078241
1894 1.8514930979078241
1895 1.70647569960499
1896 1.70647569960499
1897 1.70647569960499
1898 1.70647569960499
1899 1.523232433294009
1900 1.523232433294009
1901 1.523232433294009
1902 1.523232433294009
1903 1.6037693346258197
1904 1.6037693346258197
1905 1.6037693346258197
1906 1.6037693346258197
1907 1.1984427132035678
1908 1.1984427132035678
1909 1.1984427132035678
1910 1.1984427132035678
1911 1.5022220509665403
1912 1.5022220509665403
1913 1.5022220509665403
1914 1.5022220509665403
1915 1.6333332869600665
1916 1.6333332869600665
1917 1.6333332869600665
1918 1.6333332869600665
1919 1.2929272504457092
1920 1.2929272504457092
1921 1.2929272504457092
1922 1.2929272504457092
1923 1.1948570440489588
1924 1.1948570440489588
1925 1.1948570440489588
1926 1.1948570440489588
1927 1.482194309517142
1928 1.482194309517142
1929 1.482194309517142
1930 1.482194309517142
1931 1.735357805522675
1932 1.735357805522675
1933 1.735357805522675
1934 1.735357805522675
1935 1.5740529647114692
1936 1.5740529647114692
1937 1.5740529647114692
1938 1.5740529647114692
1939 1.1101369005054345
1940 1.1101369005054345
1941 1.1101369005054345
1942 1.1101369005054345
1943 1.7539713543342035
1944 1.7539713543342035
1945 1.7539713543342035
1946 1.7539713543342035
1947 1.5421092331529733
1948 1.5421092331529733
1949 1.5421092331529733
1950 1.5421092331529733
1951 1.579171017547357
1952 1.579171017547357
1953 1.579171017547357
1954 1.579171017547357
1955 1.4705029995330337
1956 1.4705029995330337
1957 1.4705029995330337
1958 1.4705029995330337
1959 1.255400933812957
1960 1.255400933812957
1961 1.255400933812957
1962 3.258381670516466
1963 3.258381670516466
1964 3.258381670516466
1965 3.258381670516466
1966 3.44364585993485
1967 3.44364585993485
1968 3.44364585993485
1969 3.44364585993485
1970 3.463313404871982
1971 3.463313404871982
1972 3.463313404871982
1973 3.463313404871982
1974 3.270822051948712
1975 3.270822051948712
1976 3.270822051948712
1977 3.270822051948712
1978 3.4825474931554536
1979 3.4825474931554536
1980 3.4825474931554536
1981 3.4825474931554536
1982 2.799576960169833
1983 2.799576960169833
1984 2.799576960169833
1985 2.799576960169833
1986 3.4999525682561856
1987 3.4999525682561856
1988 3.4999525682561856
1989 3.4999525682561856
1990 3.870527351360689
1991 3.870527351360689
1992 3.870527351360689
1993 3.870527351360689
1994 3.856788512007132
1995 3.856788512007132
1996 3.856788512007132
1997 3.856788512007132
1998 2.90874561870262
1999 2.90874561870262
