0 2.6179279977620373
1 2.6179279977620373
2 2.6179279977620373
3 2.6179279977620373
4 2.7797120947382052
5 2.7797120947382052
6 2.7797120947382052
7 2.7797120947382052
8 3.4942186973731935
9 3.4942186973731935
10 3.4942186973731935
11 3.4942186973731935
12 3.718154380635907
13 3.718154380635907
14 3.718154380635907
15 3.718154380635907
16 4.55084162351905
17 4.55084162351905
18 4.015737095313195
19 4.015737095313195
20 4.015737095313195
21 4.015737095313195
22 3.368256589304942
23 3.368256589304942
24 3.368256589304942
25 3.368256589304942
26 2.052153880595754
27 2.052153880595754
28 2.052153880595754
29 2.052153880595754
30 1.933055249254118
31 1.933055249254118
32 1.933055249254118
33 1.933055249254118
34 4.801376226177073
35 4.801376226177073
36 4.801376226177073
37 4.801376226177073
38 2.1562882021290997
39 2.1562882021290997
40 2.1562882021290997
41 2.1562882021290997
42 4.19037598927862
43 4.19037598927862
44 4.19037598927862
45 4.19037598927862
46 2.299070912037646
47 2.299070912037646
48 2.299070912037646
49 2.299070912037646
50 3.5255236488730013
51 3.5255236488730013
52 3.5255236488730013
53 3.5255236488730013
54 3.181064111504228
55 3.181064111504228
56 3.181064111504228
57 3.181064111504228
58 4.399106055068226
59 4.399106055068226
60 4.399106055068226
61 4.399106055068226
62 2.5096641307097767
63 2.5096641307097767
64 2.5096641307097767
65 2.5096641307097767
66 3.264511425153638
67 3.264511425153638
68 3.264511425153638
69 3.264511425153638
70 3.101171956033324
71 3.101171956033324
72 3.101171956033324
73 3.101171956033324
74 2.4928425984699363
75 2.4928425984699363
76 2.4928425984699363
77 2.4928425984699363
78 3.4479460151649883
79 3.4479460151649883
80 3.4479460151649883
81 3.4479460151649883
82 2.4746998703411496
83 2.4746998703411496
84 2.4746998703411496
85 2.4746998703411496
86 2.2532296604795636
87 2.2532296604795636
88 2.2532296604795636
89 2.2532296604795636
90 2.1417297736794785
91 2.1417297736794785
92 2.1417297736794785
93 2.1417297736794785
94 2.9720542396648693
95 2.9720542396648693
96 2.9720542396648693
97 2.9720542396648693
98 3.986619642770854
99 3.986619642770854
100 3.986619642770854
101 3.986619642770854
102 2.6416396931670296
103 2.6416396931670296
104 2.6416396931670296
105 2.6416396931670296
106 2.4507365988064365
107 2.4507365988064365
108 2.4507365988064365
109 2.4507365988064365
110 2.446334886328036
111 2.446334886328036
112 2.446334886328036
113 2.446334886328036
114 2.80704836792965
115 2.80704836792965
116 2.80704836792965
117 2.80704836792965
118 1.6689069248017154
119 1.6689069248017154
120 1.6689069248017154
121 1.6689069248017154
122 2.675190262988539
123 2.675190262988539
124 2.675190262988539
125 2.675190262988539
126 1.2722349989491641
127 1.2722349989491641
128 1.2722349989491641
129 1.2722349989491641
130 2.2985719884204245
131 2.2985719884204245
132 2.2985719884204245
133 2.2985719884204245
134 3.9312064552219
135 3.9312064552219
136 3.9312064552219
137 3.9312064552219
138 3.4831543269833998
139 3.4831543269833998
140 3.4831543269833998
141 3.4831543269833998
142 2.220169644136022
143 2.220169644136022
144 2.220169644136022
145 2.220169644136022
146 3.925292525990469
147 3.925292525990469
148 3.925292525990469
149 3.925292525990469
150 2.93368821097981
151 2.93368821097981
152 2.93368821097981
153 2.93368821097981
154 2.5147437102167056
155 0.7825824006345862
156 0.7825824006345862
157 0.7825824006345862
158 0.7825824006345862
159 0.583516894593756
160 0.583516894593756
161 0.583516894593756
162 0.583516894593756
163 0.3497715673640254
164 0.3497715673640254
165 0.3497715673640254
166 0.3497715673640254
167 0.5706050301449659
168 0.5706050301449659
169 0.5706050301449659
170 0.5706050301449659
171 0.5732158860946832
172 0.5732158860946832
173 0.5732158860946832
174 0.5732158860946832
175 0.5964751671369174
176 0.5964751671369174
177 0.5964751671369174
178 0.5964751671369174
179 0.5506146530267314
180 0.5506146530267314
181 0.5506146530267314
182 0.5506146530267314
183 0.5063832542603429
184 0.5063832542603429
185 0.5063832542603429
186 0.5063832542603429
187 0.9811812685618866
188 0.9811812685618866
189 0.9811812685618866
190 0.9811812685618866
191 0.6655595399468565
192 0.6655595399468565
193 0.6655595399468565
194 0.6655595399468565
195 0.7087056277839396
196 0.7087056277839396
197 0.7087056277839396
198 0.7087056277839396
199 0.5252544971707442
200 0.5252544971707442
201 0.5252544971707442
202 0.5252544971707442
203 0.3329895413015598
204 0.3329895413015598
205 0.3329895413015598
206 0.3329895413015598
207 0.8223704407765047
208 0.8223704407765047
209 0.8223704407765047
210 0.8223704407765047
211 0.6612544102970187
212 0.6612544102970187
213 0.6612544102970187
214 0.6612544102970187
215 0.8022937240556486
216 0.8022937240556486
217 0.8022937240556486
218 0.8022937240556486
219 0.7505147285458507
220 0.7505147285458507
221 0.7505147285458507
222 0.7505147285458507
223 0.6780826563305627
224 0.6780826563305627
225 0.6780826563305627
226 0.6780826563305627
227 0.6314232608337893
228 0.6314232608337893
229 0.6314232608337893
230 0.6314232608337893
231 0.9430428572478313
232 0.9430428572478313
233 0.9430428572478313
234 0.9430428572478313
235 0.7836829678693982
236 0.7836829678693982
237 0.7836829678693982
238 0.7836829678693982
239 1.04997885913723
240 1.04997885913723
241 1.04997885913723
242 1.04997885913723
243 0.930950534497865
244 0.930950534497865
245 0.930950534497865
246 0.930950534497865
247 0.7526365946372716
248 2.94619882178809
249 2.94619882178809
250 2.94619882178809
251 2.94619882178809
252 1.8736194889185889
253 1.8736194889185889
254 1.8736194889185889
255 1.8736194889185889
256 2.0660965524923727
257 2.0660965524923727
258 2.0660965524923727
259 2.0660965524923727
260 2.618096862853107
261 2.618096862853107
262 2.618096862853107
263 2.618096862853107
264 2.6713941913215495
265 2.6713941913215495
266 2.6713941913215495
267 2.6713941913215495
268 2.296308954106356
269 2.296308954106356
270 2.296308954106356
271 2.296308954106356
272 1.7212366677875157
273 1.7212366677875157
274 1.7212366677875157
275 1.7212366677875157
276 1.9718557844537856
277 1.9718557844537856
278 1.9718557844537856
279 1.9718557844537856
280 1.9371634269341125
281 1.9371634269341125
282 1.9371634269341125
283 1.9371634269341125
284 2.5243579000033827
285 2.5243579000033827
286 2.5243579000033827
287 2.5243579000033827
288 2.82402560713754
289 2.82402560713754
290 2.82402560713754
291 2.82402560713754
292 1.2968796863135719
293 1.2968796863135719
294 1.2968796863135719
295 1.2968796863135719
296 3.4809264691120765
297 3.4809264691120765
298 3.4809264691120765
299 3.4809264691120765
300 3.4031953965483277
301 3.4031953965483277
302 3.4031953965483277
303 3.4031953965483277
304 1.9482317005754586
305 1.9482317005754586
306 1.9482317005754586
307 1.9482317005754586
308 1.9767295132128275
309 1.9767295132128275
310 1.9767295132128275
311 1.9767295132128275
312 1.8071685944260136
313 1.8071685944260136
314 1.8071685944260136
315 1.8071685944260136
316 2.3942184175863424
317 2.3942184175863424
318 2.3942184175863424
319 2.3942184175863424
320 2.154073580384012
321 2.154073580384012
322 2.154073580384012
323 2.154073580384012
324 2.4394939970271534
325 2.4394939970271534
326 2.4394939970271534
327 2.4394939970271534
328 2.515217896527387
329 2.515217896527387
330 2.515217896527387
331 2.515217896527387
332 2.698697645570185
333 2.698697645570185
334 2.698697645570185
335 2.698697645570185
336 2.1288467466638115
337 2.1288467466638115
338 2.1288467466638115
339 2.1288467466638115
340 3.8874885945626456
341 3.8874885945626456
342 3.8874885945626456
343 3.8874885945626456
344 2.790523699371269
345 2.790523699371269
346 2.790523699371269
347 2.790523699371269
348 2.3571463792663074
349 2.3571463792663074
350 2.3571463792663074
351 2.3571463792663074
352 0.8669186941556433
353 0.8669186941556433
354 0.8669186941556433
355 0.8669186941556433
356 1.9070669880618762
357 1.9070669880618762
358 1.9070669880618762
359 1.9070669880618762
360 1.8607852789346615
361 1.8607852789346615
362 1.8607852789346615
363 1.8607852789346615
364 2.183996315602962
365 2.183996315602962
366 2.183996315602962
367 2.183996315602962
368 2.4215826574430106
369 2.4215826574430106
370 2.4215826574430106
371 2.4215826574430106
372 3.5619875195242905
373 3.5619875195242905
374 3.5619875195242905
375 3.5619875195242905
376 2.292925376028854
377 2.292925376028854
378 2.292925376028854
379 2.292925376028854
380 2.730777911100664
381 2.730777911100664
382 2.730777911100664
383 2.730777911100664
384 2.2685591691625353
385 2.2685591691625353
386 2.2685591691625353
387 2.2685591691625353
388 2.846728227802222
389 2.846728227802222
390 2.846728227802222
391 2.846728227802222
392 2.177853894716797
393 2.177853894716797
394 2.177853894716797
395 2.177853894716797
396 3.0005509634255
397 3.0005509634255
398 3.0005509634255
399 3.0005509634255
400 1.9412162023568298
401 1.9412162023568298
402 1.9412162023568298
403 1.9412162023568298
404 2.374643620599755
405 2.374643620599755
406 2.374643620599755
407 2.374643620599755
408 2.10638823099423
409 2.10638823099423
410 2.10638823099423
411 2.10638823099423
412 1.6717629309205702
413 1.6717629309205702
414 1.6717629309205702
415 1.6717629309205702
416 1.040457737869948
417 1.040457737869948
418 1.040457737869948
419 1.040457737869948
420 1.4782952304384662
421 1.4782952304384662
422 1.4782952304384662
423 1.4782952304384662
424 1.9163953949567465
425 1.9163953949567465
426 1.9163953949567465
427 1.9163953949567465
428 3.4270938857189943
429 3.4270938857189943
430 3.4270938857189943
431 4.320889392371344
432 4.320889392371344
433 4.320889392371344
434 4.320889392371344
435 4.187493403151972
436 4.187493403151972
437 4.187493403151972
438 4.187493403151972
439 1.8657321875236685
440 1.8657321875236685
441 1.8657321875236685
442 1.8657321875236685
443 3.1012417192567145
444 3.1012417192567145
445 3.1012417192567145
446 3.1012417192567145
447 4.479981464685702
448 4.479981464685702
449 4.479981464685702
450 4.479981464685702
451 2.78803801064255
452 2.78803801064255
453 2.78803801064255
454 2.78803801064255
455 2.8729969131400654
456 2.8729969131400654
457 2.8729969131400654
458 2.8729969131400654
459 2.84542351135389
460 2.84542351135389
461 2.84542351135389
462 2.84542351135389
463 4.1962512569005
464 4.1962512569005
465 4.1962512569005
466 4.1962512569005
467 3.409104221476584
468 3.409104221476584
469 3.409104221476584
470 3.409104221476584
471 3.7228757177998766
472 3.7228757177998766
473 3.7228757177998766
474 3.7228757177998766
475 4.331025057245866
476 4.331025057245866
477 4.331025057245866
478 4.331025057245866
479 3.9759804392820945
480 3.9759804392820945
481 3.9759804392820945
482 3.9759804392820945
483 3.5919988118889523
484 3.5919988118889523
485 3.5919988118889523
486 3.5919988118889523
487 2.7046040307674115
488 2.7046040307674115
489 2.7046040307674115
490 2.7046040307674115
491 3.579140382296222
492 3.579140382296222
493 3.579140382296222
494 3.579140382296222
495 3.689588952271395
496 3.689588952271395
497 3.689588952271395
498 3.689588952271395
499 3.7961430487253103
500 3.7961430487253103
501 3.7961430487253103
502 3.7961430487253103
503 3.5899729605782675
504 3.5899729605782675
505 3.5899729605782675
506 3.5899729605782675
507 2.585609609196307
508 2.585609609196307
509 2.585609609196307
510 2.585609609196307
511 2.9861292063872193
512 2.9861292063872193
513 2.9861292063872193
514 2.9861292063872193
515 3.6370620334261163
516 3.6370620334261163
517 3.6370620334261163
518 3.6370620334261163
519 2.9108092333148567
520 2.9108092333148567
521 2.9108092333148567
522 2.9108092333148567
523 4.5558564849701835
524 4.5558564849701835
525 4.5558564849701835
526 4.5558564849701835
527 3.141240841849579
528 3.141240841849579
529 3.141240841849579
530 3.141240841849579
531 5.606929745379803
532 5.606929745379803
533 0.7164135913863655
534 0.7164135913863655
535 0.7164135913863655
536 0.7164135913863655
537 0.803512793155243
538 0.803512793155243
539 0.803512793155243
540 0.803512793155243
541 0.9644478976143904
542 0.9644478976143904
543 0.9644478976143904
544 0.9644478976143904
545 1.0367419938365832
546 1.0367419938365832
547 1.0367419938365832
548 1.0367419938365832
549 0.6855646092764762
550 0.6855646092764762
551 0.6855646092764762
552 0.6855646092764762
553 0.6025459499739837
554 0.6025459499739837
555 0.6025459499739837
556 0.6025459499739837
557 0.632418822663566
558 0.632418822663566
559 0.632418822663566
560 0.632418822663566
561 0.46080864239038216
562 0.46080864239038216
563 0.46080864239038216
564 0.46080864239038216
565 0.8596199202398723
566 0.8596199202398723
567 0.8596199202398723
568 0.8596199202398723
569 0.7041986472927296
570 0.7041986472927296
571 0.7041986472927296
572 0.7041986472927296
573 0.6009321783081099
574 0.6009321783081099
575 0.6009321783081099
576 0.6009321783081099
577 0.4897599561490925
578 0.4897599561490925
579 0.4897599561490925
580 0.4897599561490925
581 0.967385805809808
582 0.967385805809808
583 0.967385805809808
584 0.967385805809808
585 0.4346540705643217
586 0.4346540705643217
587 0.4346540705643217
588 0.4346540705643217
589 0.5776677330194396
590 0.5776677330194396
591 0.5776677330194396
592 0.5776677330194396
593 0.8129073123030582
594 0.8129073123030582
595 0.8129073123030582
596 0.8129073123030582
597 0.8758825318634151
598 0.8758825318634151
599 0.8758825318634151
600 0.8758825318634151
601 0.5811139386773455
602 0.5811139386773455
603 0.5811139386773455
604 0.5811139386773455
605 0.7213193407792262
606 0.7213193407792262
607 0.7213193407792262
608 0.7213193407792262
609 0.7769384033809003
610 0.7769384033809003
611 0.7769384033809003
612 0.7769384033809003
613 0.5532901094112836
614 0.5532901094112836
615 0.5532901094112836
616 0.5532901094112836
617 0.9201691819821232
618 0.9201691819821232
619 0.9201691819821232
620 0.9203554099615663
621 0.9203554099615663
622 0.9203554099615663
623 0.9203554099615663
624 3.5812276712105264
625 3.5812276712105264
626 3.5812276712105264
627 3.5812276712105264
628 3.0146496681309913
629 3.0146496681309913
630 3.0146496681309913
631 3.0146496681309913
632 3.801551075117356
633 3.801551075117356
634 3.801551075117356
635 3.801551075117356
636 4.9030169418798515
637 4.9030169418798515
638 4.9030169418798515
639 4.9030169418798515
640 5.113038415528693
641 5.113038415528693
642 5.113038415528693
643 5.113038415528693
644 3.6256455979498403
645 3.6256455979498403
646 3.6256455979498403
647 3.6256455979498403
648 4.617304467653131
649 4.617304467653131
650 4.617304467653131
651 4.617304467653131
652 7.040343010333039
653 7.040343010333039
654 7.040343010333039
655 7.040343010333039
656 4.470225206907812
657 4.470225206907812
658 4.470225206907812
659 4.470225206907812
660 3.76895065013243
661 3.76895065013243
662 3.76895065013243
663 3.76895065013243
664 3.282765396494579
665 3.282765396494579
666 3.282765396494579
667 3.282765396494579
668 3.1302185534007956
669 3.1302185534007956
670 3.1302185534007956
671 3.1302185534007956
672 2.9462569770178755
673 2.9462569770178755
674 2.9462569770178755
675 2.9462569770178755
676 3.251721544212864
677 3.251721544212864
678 3.251721544212864
679 3.251721544212864
680 5.025302717374986
681 5.025302717374986
682 5.025302717374986
683 5.025302717374986
684 2.1288338318989215
685 2.1288338318989215
686 2.1288338318989215
687 2.1288338318989215
688 4.220754100923714
689 4.220754100923714
690 4.220754100923714
691 4.220754100923714
692 3.555932465243723
693 3.555932465243723
694 3.555932465243723
695 3.555932465243723
696 3.1249393073936913
697 3.1249393073936913
698 3.1249393073936913
699 3.1249393073936913
700 2.7517175224224304
701 3.5913483663782575
702 3.5913483663782575
703 3.5913483663782575
704 3.5913483663782575
705 4.673602046264105
706 4.673602046264105
707 4.673602046264105
708 4.673602046264105
709 4.650050557644477
710 4.650050557644477
711 4.650050557644477
712 4.650050557644477
713 4.241141056742167
714 4.241141056742167
715 4.241141056742167
716 4.241141056742167
717 3.4531236944275454
718 3.4531236944275454
719 3.4531236944275454
720 3.4531236944275454
721 5.144725689442442
722 5.144725689442442
723 5.144725689442442
724 5.144725689442442
725 6.715238799080753
726 6.715238799080753
727 6.715238799080753
728 6.715238799080753
729 4.118992705959573
730 4.118992705959573
731 4.118992705959573
732 4.118992705959573
733 3.9988046916548945
734 3.9988046916548945
735 3.9988046916548945
736 3.9988046916548945
737 4.87877387625328
738 4.87877387625328
739 4.87877387625328
740 4.87877387625328
741 3.809804104004436
742 3.809804104004436
743 3.809804104004436
744 3.809804104004436
745 4.707026692103578
746 4.707026692103578
747 4.707026692103578
748 4.707026692103578
749 4.575001626280539
750 4.575001626280539
751 4.575001626280539
752 4.575001626280539
753 4.786767924622977
754 4.786767924622977
755 4.786767924622977
756 4.786767924622977
757 4.5226359958348885
758 4.5226359958348885
759 4.5226359958348885
760 4.5226359958348885
761 3.4645494239329766
762 3.4645494239329766
763 3.4645494239329766
764 3.4645494239329766
765 5.239633686302063
766 5.239633686302063
767 5.239633686302063
768 5.239633686302063
769 2.612361229434191
770 2.612361229434191
771 2.612361229434191
772 2.612361229434191
773 3.110609541258599
774 3.110609541258599
775 3.110609541258599
776 3.110609541258599
777 4.861556366630498
778 4.861556366630498
779 4.861556366630498
780 4.861556366630498
781 5.981861939857909
782 5.981861939857909
783 5.981861939857909
784 5.981861939857909
785 6.078577551259662
786 6.078577551259662
787 6.078577551259662
788 6.078577551259662
789 3.7317394422629846
790 3.7317394422629846
791 3.7317394422629846
792 3.7317394422629846
793 3.343057377747268
794 3.343057377747268
795 3.343057377747268
796 3.343057377747268
797 3.956373648847853
798 3.956373648847853
799 3.956373648847853
800 1.8531665738501983
801 1.8531665738501983
802 1.8531665738501983
803 1.8531665738501983
804 2.5050318590047045
805 2.5050318590047045
806 2.5050318590047045
807 2.5050318590047045
808 2.6931630926927035
809 2.6931630926927035
810 2.6931630926927035
811 2.6931630926927035
812 2.564233040093891
813 2.564233040093891
814 2.564233040093891
815 2.564233040093891
816 2.451468924984063
817 2.451468924984063
818 2.451468924984063
819 2.451468924984063
820 2.6158233574106737
821 2.6158233574106737
822 2.6158233574106737
823 2.6158233574106737
824 2.6767904321593528
825 2.6767904321593528
826 2.6767904321593528
827 2.6767904321593528
828 2.621841949346696
829 2.621841949346696
830 2.621841949346696
831 2.621841949346696
832 1.9507289774212218
833 1.9507289774212218
834 1.9507289774212218
835 1.9507289774212218
836 2.769148174885713
837 2.769148174885713
838 2.769148174885713
839 2.769148174885713
840 2.1801431177299397
841 2.1801431177299397
842 2.1801431177299397
843 2.1801431177299397
844 2.7574955381404718
845 2.7574955381404718
846 2.7574955381404718
847 2.7574955381404718
848 3.040312306799881
849 3.040312306799881
850 3.040312306799881
851 3.040312306799881
852 2.791863174115017
853 2.791863174115017
854 2.791863174115017
855 2.791863174115017
856 1.887706634087548
857 1.887706634087548
858 1.887706634087548
859 1.887706634087548
860 2.266292432838062
861 2.266292432838062
862 2.266292432838062
863 2.266292432838062
864 3.148535572976261
865 3.148535572976261
866 3.148535572976261
867 3.148535572976261
868 3.067167784982719
869 3.067167784982719
870 3.067167784982719
871 3.067167784982719
872 3.3645534945534883
873 3.3645534945534883
874 3.3645534945534883
875 3.3645534945534883
876 3.44928753251021
877 3.44928753251021
878 3.44928753251021
879 3.44928753251021
880 1.923046171247345
881 1.923046171247345
882 1.923046171247345
883 1.923046171247345
884 2.9633767658411236
885 2.9633767658411236
886 2.9633767658411236
887 2.9633767658411236
888 1.4605113957214624
889 1.4605113957214624
890 1.4605113957214624
891 1.4605113957214624
892 2.676904901740158
893 2.676904901740158
894 2.676904901740158
895 2.676904901740158
896 2.9053978474851845
897 2.9053978474851845
898 2.9053978474851845
899 2.9053978474851845
900 1.9138110139891105
901 1.9138110139891105
902 1.9138110139891105
903 1.9138110139891105
904 2.000090983410547
905 2.000090983410547
906 2.000090983410547
907 2.000090983410547
908 2.832462006827687
909 2.832462006827687
910 2.832462006827687
911 2.832462006827687
912 2.6269465471597364
913 2.6269465471597364
914 2.6269465471597364
915 2.6269465471597364
916 3.2364988226526066
917 3.2364988226526066
918 3.2364988226526066
919 3.2364988226526066
920 2.1151001022522253
921 2.1151001022522253
922 2.1151001022522253
923 2.1151001022522253
924 2.4966000357579987
925 2.4966000357579987
926 2.4966000357579987
927 2.4966000357579987
928 2.8218446947763423
929 2.8218446947763423
930 2.8218446947763423
931 2.8218446947763423
932 3.121340360786858
933 3.121340360786858
934 3.121340360786858
935 3.121340360786858
936 3.0930825285708083
937 3.0930825285708083
938 3.0930825285708083
939 3.0930825285708083
940 2.824348137629118
941 2.824348137629118
942 2.824348137629118
943 2.824348137629118
944 2.224891368798651
945 2.224891368798651
946 2.224891368798651
947 2.224891368798651
948 1.7839118671271792
949 1.7839118671271792
950 1.7839118671271792
951 1.7839118671271792
952 1.6439928135449984
953 1.6439928135449984
954 1.6439928135449984
955 1.6439928135449984
956 1.2642234315896217
957 1.2642234315896217
958 1.2642234315896217
959 1.2642234315896217
960 2.8230934781591253
961 2.8230934781591253
962 2.8230934781591253
963 2.8230934781591253
964 2.494182339674653
965 2.494182339674653
966 2.494182339674653
967 2.494182339674653
968 2.151197001681478
969 2.151197001681478
970 2.151197001681478
971 2.151197001681478
972 2.4093634633873475
973 2.4093634633873475
974 2.4093634633873475
975 2.4093634633873475
976 2.702293769527379
977 2.702293769527379
978 2.702293769527379
979 2.702293769527379
980 3.0724036975937725
981 3.0724036975937725
982 3.0724036975937725
983 3.0724036975937725
984 2.983275653890195
985 2.983275653890195
986 2.983275653890195
987 2.983275653890195
988 1.9077644277339563
989 1.9077644277339563
990 1.9077644277339563
991 1.9077644277339563
992 2.545437111992566
993 2.545437111992566
994 2.545437111992566
995 2.545437111992566
996 2.4092579917078276
997 2.4092579917078276
998 2.4092579917078276
999 2.4092579917078276
1000 1.0175116310210999
1001 1.0175116310210999
1002 1.0175116310210999
1003 1.0175116310210999
1004 3.223967654682922
1005 3.223967654682922
1006 3.223967654682922
1007 3.223967654682922
1008 3.282587604323402
1009 3.282587604323402
1010 3.282587604323402
1011 3.282587604323402
1012 2.356046075082064
1013 2.356046075082064
1014 2.356046075082064
1015 2.356046075082064
1016 2.103435121620432
1017 2.103435121620432
1018 2.103435121620432
1019 2.103435121620432
1020 3.5759116072706005
1021 3.5759116072706005
1022 3.5759116072706005
1023 3.5759116072706005
1024 3.4495853527741285
1025 3.4495853527741285
1026 3.4495853527741285
1027 3.4495853527741285
1028 2.517833173928598
1029 2.517833173928598
1030 2.517833173928598
1031 2.517833173928598
1032 2.869039915838428
1033 2.869039915838428
1034 2.869039915838428
1035 2.869039915838428
1036 3.311843363379848
1037 3.311843363379848
1038 3.311843363379848
1039 3.311843363379848
1040 0.9872896109829143
1041 0.9872896109829143
1042 0.9872896109829143
1043 0.9872896109829143
1044 2.8645197192694907
1045 2.8645197192694907
1046 2.8645197192694907
1047 2.8645197192694907
1048 2.838163589493645
1049 2.838163589493645
1050 2.838163589493645
1051 2.838163589493645
1052 2.1010764527441483
1053 2.1010764527441483
1054 2.1010764527441483
1055 2.1010764527441483
1056 2.5689015280998304
1057 2.5689015280998304
1058 2.5689015280998304
1059 2.5689015280998304
1060 1.801104229739872
1061 1.801104229739872
1062 1.801104229739872
1063 1.801104229739872
1064 2.426007093756991
1065 2.426007093756991
1066 2.426007093756991
1067 2.426007093756991
1068 2.0211895828517656
1069 2.0211895828517656
1070 2.0211895828517656
1071 2.0211895828517656
1072 1.7506870747172196
1073 1.7506870747172196
1074 1.7506870747172196
1075 1.7506870747172196
1076 1.9745121079242471
1077 1.9745121079242471
1078 1.9745121079242471
1079 1.9745121079242471
1080 2.3088119637902205
1081 2.3088119637902205
1082 2.3088119637902205
1083 2.3088119637902205
1084 2.810509083212043
1085 2.810509083212043
1086 2.810509083212043
1087 2.810509083212043
1088 2.5068009463526795
1089 2.5068009463526795
1090 2.5068009463526795
1091 2.5068009463526795
1092 1.4725430491140632
1093 1.4725430491140632
1094 1.4725430491140632
1095 1.4725430491140632
1096 1.8654188179805207
1097 1.8654188179805207
1098 1.8654188179805207
1099 1.8654188179805207
1100 2.3155205577071527
1101 2.3155205577071527
1102 2.3155205577071527
1103 2.3155205577071527
1104 3.203091987497721
1105 3.203091987497721
1106 3.203091987497721
1107 3.203091987497721
1108 2.5100054822454996
1109 2.5100054822454996
1110 2.5100054822454996
1111 2.5100054822454996
1112 1.6587946176904647
1113 1.6587946176904647
1114 1.6587946176904647
1115 1.6587946176904647
1116 3.5175464582739666
1117 3.5175464582739666
1118 3.5175464582739666
1119 3.5175464582739666
1120 3.07734131615316
1121 3.07734131615316
1122 3.07734131615316
1123 3.07734131615316
1124 2.7397788238525997
1125 2.7397788238525997
1126 2.7397788238525997
1127 2.7397788238525997
1128 1.5323462708656481
1129 1.5323462708656481
1130 1.5323462708656481
1131 1.5323462708656481
1132 2.198164241100841
1133 2.198164241100841
1134 2.198164241100841
1135 2.198164241100841
1136 1.9812765925081641
1137 1.9812765925081641
1138 1.9812765925081641
1139 1.9812765925081641
1140 2.108790468573323
1141 2.108790468573323
1142 2.108790468573323
1143 2.108790468573323
1144 2.377658523449429
1145 2.377658523449429
1146 2.377658523449429
1147 2.377658523449429
1148 3.639308967212213
1149 3.639308967212213
1150 3.639308967212213
1151 3.639308967212213
1152 1.7653430844120845
1153 1.7653430844120845
1154 1.7653430844120845
1155 1.7653430844120845
1156 3.010428346699028
1157 3.010428346699028
1158 3.010428346699028
1159 3.010428346699028
1160 3.126371025275729
1161 3.126371025275729
1162 3.126371025275729
1163 3.126371025275729
1164 1.6849316956626
1165 1.6849316956626
1166 1.6849316956626
1167 1.6849316956626
1168 2.6071095971789
1169 2.6071095971789
1170 2.6071095971789
1171 2.6071095971789
1172 2.6166935159924507
1173 2.6166935159924507
1174 2.6166935159924507
1175 2.6166935159924507
1176 1.9137195998756993
1177 1.9137195998756993
1178 1.9137195998756993
1179 1.9137195998756993
1180 2.387997958423283
1181 2.387997958423283
1182 2.387997958423283
1183 2.387997958423283
1184 3.44851412852462
1185 3.44851412852462
1186 3.44851412852462
1187 3.44851412852462
1188 3.272902766619517
1189 3.272902766619517
1190 3.272902766619517
1191 3.272902766619517
1192 2.0329425283281295
1193 2.0329425283281295
1194 2.0329425283281295
1195 2.0329425283281295
1196 2.5287097693532874
1197 2.5287097693532874
1198 2.5287097693532874
1199 2.5287097693532874
1200 2.655590943596077
1201 2.655590943596077
1202 2.655590943596077
1203 2.655590943596077
1204 0.3851367762680846
1205 0.3851367762680846
1206 0.3851367762680846
1207 0.3851367762680846
1208 2.7649325476511963
1209 2.7649325476511963
1210 2.7649325476511963
1211 2.7649325476511963
1212 3.1354478727192583
1213 3.1354478727192583
1214 3.1354478727192583
1215 3.1354478727192583
1216 2.229090220493446
1217 2.229090220493446
1218 2.229090220493446
1219 2.229090220493446
1220 2.7835055491159575
1221 2.7835055491159575
1222 2.7835055491159575
1223 2.7835055491159575
1224 3.092700350490436
1225 3.092700350490436
1226 3.092700350490436
1227 3.092700350490436
1228 2.424676404059511
1229 2.424676404059511
1230 2.424676404059511
1231 2.424676404059511
1232 1.2773580368901878
1233 1.2773580368901878
1234 1.2773580368901878
1235 1.2773580368901878
1236 1.2581474762727873
1237 1.2581474762727873
1238 1.2581474762727873
1239 1.2581474762727873
1240 1.0557318490423528
1241 1.0557318490423528
1242 1.0557318490423528
1243 1.0557318490423528
1244 1.0066049051467993
1245 1.0066049051467993
1246 1.0066049051467993
1247 1.0066049051467993
1248 1.2038025303959574
1249 1.2038025303959574
1250 1.2038025303959574
1251 1.2038025303959574
1252 1.1518088369038695
1253 1.1518088369038695
1254 1.1518088369038695
1255 1.1518088369038695
1256 0.6243866680359247
1257 0.6243866680359247
1258 0.6243866680359247
1259 0.6243866680359247
1260 0.7314822406839414
1261 0.7314822406839414
1262 0.7314822406839414
1263 0.7314822406839414
1264 0.6796541173938788
1265 0.6796541173938788
1266 0.6796541173938788
1267 0.6796541173938788
1268 0.2893563619738153
1269 0.2893563619738153
1270 0.2893563619738153
1271 0.2893563619738153
1272 0.6155192704249064
1273 0.6155192704249064
1274 0.6155192704249064
1275 0.6155192704249064
1276 1.4352979613390844
1277 1.4352979613390844
1278 1.4352979613390844
1279 1.4352979613390844
1280 0.8103833708677214
1281 0.8103833708677214
1282 0.8103833708677214
1283 0.8103833708677214
1284 1.2575618096299026
1285 1.2575618096299026
1286 1.2575618096299026
1287 1.2575618096299026
1288 1.3054247222100461
1289 1.3054247222100461
1290 1.3054247222100461
1291 1.3054247222100461
1292 1.2168717718346125
1293 1.2168717718346125
1294 1.2168717718346125
1295 1.2168717718346125
1296 0.9182862397048777
1297 0.9182862397048777
1298 0.9182862397048777
1299 0.9182862397048777
1300 1.3242351049988055
1301 1.3242351049988055
1302 1.3242351049988055
1303 1.3242351049988055
1304 1.4115905045350896
1305 1.4115905045350896
1306 1.4115905045350896
1307 1.4115905045350896
1308 1.601667727977722
1309 1.601667727977722
1310 1.601667727977722
1311 1.601667727977722
1312 0.5621995293796334
1313 0.5621995293796334
1314 0.5621995293796334
1315 0.5621995293796334
1316 1.0065479573070655
1317 1.0065479573070655
1318 1.0065479573070655
1319 1.0065479573070655
1320 1.2282415467978507
1321 1.2282415467978507
1322 1.2282415467978507
1323 1.2282415467978507
1324 0.9470476761158267
1325 0.9470476761158267
1326 0.9470476761158267
1327 0.9470476761158267
1328 1.3947989286143243
1329 1.3947989286143243
1330 1.3947989286143243
1331 1.3947989286143243
1332 0.8330113390137018
1333 0.8330113390137018
1334 0.8330113390137018
1335 0.8330113390137018
1336 0.8157280003458749
1337 0.8157280003458749
1338 0.8157280003458749
1339 0.8157280003458749
1340 1.2973125589875736
1341 1.2973125589875736
1342 1.2973125589875736
1343 1.2973125589875736
1344 1.0913771980107227
1345 1.0913771980107227
1346 1.0913771980107227
1347 1.0913771980107227
1348 0.9065882723410508
1349 0.9065882723410508
1350 0.9065882723410508
1351 0.9065882723410508
1352 1.2292948696916033
1353 1.2292948696916033
1354 1.2292948696916033
1355 1.2292948696916033
1356 1.0426003049435761
1357 1.0426003049435761
1358 1.0426003049435761
1359 1.0426003049435761
1360 1.732407863823076
1361 1.732407863823076
1362 1.732407863823076
1363 1.732407863823076
1364 1.0955024874274193
1365 1.0955024874274193
1366 1.0955024874274193
1367 1.0955024874274193
1368 1.0281858604927847
1369 1.0281858604927847
1370 1.0281858604927847
1371 1.0281858604927847
1372 0.7441770710873331
1373 0.7441770710873331
1374 0.7441770710873331
1375 0.7441770710873331
1376 1.0194685493255604
1377 1.0194685493255604
1378 1.0194685493255604
1379 1.0194685493255604
1380 1.3059552075333507
1381 1.3059552075333507
1382 1.3059552075333507
1383 1.3059552075333507
1384 1.2637702637731267
1385 1.2637702637731267
1386 1.2637702637731267
1387 1.2637702637731267
1388 1.0848889486555937
1389 1.0848889486555937
1390 1.0848889486555937
1391 1.0848889486555937
1392 0.5322898237707422
1393 0.5322898237707422
1394 0.5322898237707422
1395 0.5322898237707422
1396 1.0745900973567681
1397 1.0745900973567681
1398 1.0745900973567681
1399 1.0745900973567681
1400 1.2081384993124311
1401 1.2081384993124311
1402 1.2081384993124311
1403 1.2081384993124311
1404 0.8958814576352161
1405 0.8958814576352161
1406 3.9616827980449947
1407 3.9616827980449947
1408 3.9616827980449947
1409 3.9616827980449947
1410 4.695774163330525
1411 4.695774163330525
1412 4.695774163330525
1413 4.695774163330525
1414 2.9570630027892815
1415 2.9570630027892815
1416 2.9570630027892815
1417 2.9570630027892815
1418 2.6145076600369666
1419 2.6145076600369666
1420 2.6145076600369666
1421 2.6145076600369666
1422 2.4988352392370956
1423 2.4988352392370956
1424 2.4988352392370956
1425 2.4988352392370956
1426 4.795320151594624
1427 4.795320151594624
1428 4.795320151594624
1429 4.795320151594624
1430 2.6593087389899344
1431 2.6593087389899344
1432 2.6593087389899344
1433 2.6593087389899344
1434 4.750930524259324
1435 4.750930524259324
1436 4.750930524259324
1437 4.750930524259324
1438 4.174980223861459
1439 4.174980223861459
1440 4.174980223861459
1441 4.174980223861459
1442 1.5225940045108406
1443 1.5225940045108406
1444 1.5225940045108406
1445 1.5225940045108406
1446 2.0713771661216955
1447 2.0713771661216955
1448 2.0713771661216955
1449 2.0713771661216955
1450 2.5075553998850975
1451 2.5075553998850975
1452 2.5075553998850975
1453 2.5075553998850975
1454 2.532131803606544
1455 2.532131803606544
1456 2.532131803606544
1457 2.532131803606544
1458 3.074624444552337
1459 3.074624444552337
1460 1.3780232683445772
1461 1.3780232683445772
1462 1.3780232683445772
1463 1.3780232683445772
1464 2.2927498614033577
1465 2.2927498614033577
1466 2.2927498614033577
1467 2.2927498614033577
1468 1.2110588364605483
1469 1.2110588364605483
1470 1.2110588364605483
1471 1.2110588364605483
1472 1.4331432627300664
1473 1.4331432627300664
1474 1.4331432627300664
1475 1.4331432627300664
1476 1.4946306760742671
1477 1.4946306760742671
1478 1.4946306760742671
1479 1.4946306760742671
1480 1.1411868240522782
1481 1.1411868240522782
1482 1.1411868240522782
1483 1.1411868240522782
1484 2.4493398298289906
1485 2.4493398298289906
1486 2.4493398298289906
1487 2.4493398298289906
1488 1.807341356433078
1489 1.807341356433078
1490 1.807341356433078
1491 1.807341356433078
1492 1.8951036070791794
1493 1.8951036070791794
1494 1.8951036070791794
1495 1.8951036070791794
1496 1.5210037900824138
1497 1.5210037900824138
1498 1.5210037900824138
1499 1.5210037900824138
1500 1.267082244935215
1501 1.267082244935215
1502 1.267082244935215
1503 1.267082244935215
1504 1.9854562201636379
1505 1.9854562201636379
1506 1.9854562201636379
1507 1.9854562201636379
1508 1.1952711962253806
1509 1.1952711962253806
1510 1.1952711962253806
1511 1.1952711962253806
1512 2.252488226245376
1513 2.252488226245376
1514 2.252488226245376
1515 2.252488226245376
1516 1.530811332195795
1517 1.530811332195795
1518 1.530811332195795
1519 1.530811332195795
1520 1.5514762021776167
1521 1.5514762021776167
1522 1.5514762021776167
1523 1.5514762021776167
1524 2.0843778824351635
1525 2.0843778824351635
1526 2.0843778824351635
1527 2.0843778824351635
1528 1.4809912217386072
1529 1.4809912217386072
1530 1.4809912217386072
1531 1.4809912217386072
1532 1.658233254730437
1533 1.658233254730437
1534 1.658233254730437
1535 1.658233254730437
1536 1.8819993983278405
1537 1.8819993983278405
1538 1.8819993983278405
1539 1.8819993983278405
1540 1.8113665785082722
1541 1.8113665785082722
1542 1.8113665785082722
1543 1.8113665785082722
1544 1.5937312496310985
1545 1.5937312496310985
1546 1.5937312496310985
1547 1.5937312496310985
1548 1.2012589902547215
1549 1.2012589902547215
1550 1.2012589902547215
1551 1.2012589902547215
1552 1.4592578252242938
1553 1.4592578252242938
1554 1.4592578252242938
1555 1.4592578252242938
1556 2.2284414196982287
1557 2.2284414196982287
1558 2.2284414196982287
1559 2.2284414196982287
1560 1.3053917150116487
1561 1.3053917150116487
1562 1.3053917150116487
1563 1.3053917150116487
1564 2.0894010633308726
1565 2.0894010633308726
1566 2.0894010633308726
1567 2.0894010633308726
1568 1.5432544430711495
1569 1.5432544430711495
1570 1.5432544430711495
1571 1.5432544430711495
1572 1.5379702048959665
1573 1.5379702048959665
1574 1.5379702048959665
1575 1.5379702048959665
1576 2.0323735384402157
1577 2.0323735384402157
1578 2.0323735384402157
1579 2.0323735384402157
1580 2.1526323742921027
1581 2.1526323742921027
1582 2.1526323742921027
1583 2.1526323742921027
1584 1.8002609568111572
1585 1.8002609568111572
1586 1.8002609568111572
1587 1.8002609568111572
1588 2.27822964188712
1589 2.27822964188712
1590 2.27822964188712
1591 2.27822964188712
1592 0.8761112281658547
1593 0.8761112281658547
1594 0.8761112281658547
1595 0.8761112281658547
1596 1.8442825167482437
1597 1.8442825167482437
1598 1.8442825167482437
1599 1.8442825167482437
1600 1.405958212959534
1601 1.405958212959534
1602 1.405958212959534
1603 1.405958212959534
1604 1.2905828829253214
1605 1.2905828829253214
1606 1.2905828829253214
1607 1.2905828829253214
1608 1.8489520897450986
1609 1.8489520897450986
1610 1.8489520897450986
1611 1.8489520897450986
1612 1.3047658739886723
1613 1.3047658739886723
1614 1.3047658739886723
1615 1.3047658739886723
1616 1.6799769685459591
1617 1.6799769685459591
1618 1.6799769685459591
1619 1.6799769685459591
1620 1.070470652173602
1621 1.070470652173602
1622 1.070470652173602
1623 1.070470652173602
1624 1.238279626809554
1625 1.238279626809554
1626 1.238279626809554
1627 1.238279626809554
1628 1.0647720041390611
1629 1.0647720041390611
1630 1.0647720041390611
1631 1.0647720041390611
1632 1.9148347698353407
1633 1.9148347698353407
1634 1.9148347698353407
1635 1.9148347698353407
1636 1.5920238789511187
1637 1.5920238789511187
1638 1.5920238789511187
1639 1.5920238789511187
1640 1.5423670184304277
1641 1.5423670184304277
1642 1.5423670184304277
1643 1.5423670184304277
1644 1.8846700083653622
1645 1.8846700083653622
1646 1.8846700083653622
1647 1.8846700083653622
1648 1.8893233383165657
1649 1.8893233383165657
1650 1.8893233383165657
1651 1.8893233383165657
1652 1.2244537202052295
1653 1.2244537202052295
1654 1.2244537202052295
1655 1.2244537202052295
1656 1.0315789600750485
1657 1.0315789600750485
1658 1.0315789600750485
1659 1.0315789600750485
1660 1.5052777996767654
1661 1.5052777996767654
1662 1.5052777996767654
1663 1.5052777996767654
1664 2.2011517084706336
1665 2.2011517084706336
1666 2.2011517084706336
1667 2.4171332404593344
1668 2.4171332404593344
1669 2.4171332404593344
1670 2.4171332404593344
1671 1.8063837317149014
1672 1.8063837317149014
1673 1.8063837317149014
1674 1.8063837317149014
1675 1.6510495745883775
1676 1.6510495745883775
1677 1.6510495745883775
1678 1.6510495745883775
1679 2.304480730570185
1680 2.304480730570185
1681 2.304480730570185
1682 2.304480730570185
1683 1.8739587207220478
1684 1.8739587207220478
1685 1.8739587207220478
1686 1.8739587207220478
1687 1.4787815045893322
1688 1.4787815045893322
1689 1.4787815045893322
1690 1.4787815045893322
1691 1.536727495181368
1692 1.536727495181368
1693 1.536727495181368
1694 1.536727495181368
1695 2.627387541945095
1696 2.627387541945095
1697 2.627387541945095
1698 2.627387541945095
1699 1.991608425060283
1700 1.991608425060283
1701 1.991608425060283
1702 1.991608425060283
1703 1.3049754674611744
1704 1.3049754674611744
1705 1.3049754674611744
1706 1.3049754674611744
1707 2.1529665896763612
1708 2.1529665896763612
1709 2.1529665896763612
1710 2.1529665896763612
1711 1.4887098580013838
1712 1.4887098580013838
1713 1.4887098580013838
1714 1.4887098580013838
1715 1.3169191107335445
1716 1.3169191107335445
1717 1.3169191107335445
1718 1.3169191107335445
1719 1.2849390000924736
1720 1.2849390000924736
1721 1.2849390000924736
1722 1.2849390000924736
1723 2.7148064270549646
1724 2.7148064270549646
1725 2.7148064270549646
1726 2.7148064270549646
1727 2.720428992862261
1728 2.720428992862261
1729 2.720428992862261
1730 2.720428992862261
1731 1.8728197053267508
1732 1.8728197053267508
1733 1.8728197053267508
1734 1.8728197053267508
1735 1.7294265086985678
1736 1.7294265086985678
1737 1.7294265086985678
1738 1.7294265086985678
1739 2.4510833561562317
1740 2.4510833561562317
1741 2.4510833561562317
1742 2.4510833561562317
1743 1.9882497490616988
1744 1.9882497490616988
1745 1.9882497490616988
1746 1.9882497490616988
1747 1.0545062252566293
1748 1.0545062252566293
1749 1.0545062252566293
1750 1.0545062252566293
1751 2.451611429952775
1752 2.451611429952775
1753 2.451611429952775
1754 2.451611429952775
1755 2.672368762292356
1756 2.672368762292356
1757 2.672368762292356
1758 2.672368762292356
1759 1.448878324859761
1760 1.448878324859761
1761 1.448878324859761
1762 1.448878324859761
1763 2.649619877860512
1764 2.649619877860512
1765 2.649619877860512
1766 2.649619877860512
1767 1.9640758625221622
1768 1.9640758625221622
1769 1.9640758625221622
1770 1.9640758625221622
1771 1.8591423764996469
1772 1.8591423764996469
1773 1.8591423764996469
1774 1.8591423764996469
1775 2.2670016919691456
1776 2.2670016919691456
1777 2.2670016919691456
1778 2.2670016919691456
1779 1.89032811425082
1780 1.89032811425082
1781 1.89032811425082
1782 1.89032811425082
1783 1.8888130870772812
1784 1.8888130870772812
1785 1.8888130870772812
1786 1.8888130870772812
1787 1.7839221239897012
1788 1.7839221239897012
1789 1.7839221239897012
1790 1.7839221239897012
1791 1.8979083945504245
1792 1.8979083945504245
1793 1.8979083945504245
1794 1.8979083945504245
1795 2.6853478794101266
1796 2.6853478794101266
1797 2.6853478794101266
1798 2.6853478794101266
1799 2.2000717449354164
1800 2.2000717449354164
1801 2.2000717449354164
1802 2.2000717449354164
1803 2.348845961437493
1804 2.348845961437493
1805 2.348845961437493
1806 2.348845961437493
1807 1.0814582003863356
1808 1.0814582003863356
1809 1.0814582003863356
1810 1.0814582003863356
1811 2.218464780017819
1812 2.218464780017819
1813 2.218464780017819
1814 2.218464780017819
1815 1.6010315592710334
1816 1.6010315592710334
1817 1.6010315592710334
1818 1.6010315592710334
1819 1.7635826156379104
1820 1.7635826156379104
1821 1.7635826156379104
1822 1.7635826156379104
1823 1.633276225685674
1824 1.633276225685674
1825 1.633276225685674
1826 1.633276225685674
1827 1.3201105265156292
1828 1.3201105265156292
1829 1.3201105265156292
1830 1.3201105265156292
1831 1.5312514595131912
1832 1.5312514595131912
1833 1.5312514595131912
1834 1.5312514595131912
1835 3.127115784354796
1836 3.127115784354796
1837 3.127115784354796
1838 3.127115784354796
1839 1.6488114481354392
1840 1.6488114481354392
1841 1.6488114481354392
1842 1.6488114481354392
1843 2.524743947415251
1844 2.524743947415251
1845 2.524743947415251
1846 2.524743947415251
1847 1.9036835750526786
1848 1.9036835750526786
1849 1.9036835750526786
1850 1.9036835750526786
1851 1.5387332979965636
1852 1.5387332979965636
1853 1.5387332979965636
1854 1.5387332979965636
1855 1.3981279658807155
1856 1.3981279658807155
1857 1.3981279658807155
1858 1.3981279658807155
1859 1.6643993605108647
1860 1.6643993605108647
1861 1.6643993605108647
1862 1.6643993605108647
1863 1.1880456909630288
1864 1.1880456909630288
1865 1.1880456909630288
1866 1.1880456909630288
1867 1.3695535735273392
1868 1.3695535735273392
1869 1.3695535735273392
1870 1.3695535735273392
1871 1.8373645751267973
1872 1.8373645751267973
1873 1.8373645751267973
1874 1.8373645751267973
1875 2.598720702636573
1876 2.598720702636573
1877 2.598720702636573
1878 2.598720702636573
1879 1.9772208009017627
1880 1.9772208009017627
1881 1.9772208009017627
1882 1.9772208009017627
1883 2.6810451849215076
1884 2.6810451849215076
1885 2.6810451849215076
1886 2.6810451849215076
1887 3.4880608533917448
1888 3.4880608533917448
1889 3.4880608533917448
1890 3.4880608533917448
1891 1.7553866225693988
1892 1.7553866225693988
1893 1.7553866225693988
1894 1.7553866225693988
1895 1.5504419056740124
1896 1.5504419056740124
1897 1.5504419056740124
1898 1.5504419056740124
1899 2.1468323583616686
1900 2.1468323583616686
1901 2.1468323583616686
1902 2.1468323583616686
1903 2.8772110800426756
1904 2.8772110800426756
1905 2.8772110800426756
1906 2.8772110800426756
1907 2.1825275477232977
1908 2.1825275477232977
1909 2.1825275477232977
1910 2.1825275477232977
1911 1.5425942549841063
1912 1.5425942549841063
1913 1.5425942549841063
1914 1.5425942549841063
1915 2.8014106530207306
1916 2.8014106530207306
1917 2.8014106530207306
1918 2.8014106530207306
1919 1.457913529166874
1920 1.457913529166874
1921 1.457913529166874
1922 1.457913529166874
1923 2.121551491494618
1924 2.121551491494618
1925 2.121551491494618
1926 2.121551491494618
1927 2.2683240950899766
1928 2.2683240950899766
1929 2.2683240950899766
1930 2.2683240950899766
1931 2.1648712909995615
1932 2.1648712909995615
1933 2.1648712909995615
1934 2.1648712909995615
1935 0.46710220297322835
1936 0.46710220297322835
1937 0.46710220297322835
1938 0.46710220297322835
1939 2.115750209039408
1940 2.115750209039408
1941 2.115750209039408
1942 2.115750209039408
1943 1.9094802629261869
1944 1.9094802629261869
1945 1.9094802629261869
1946 1.9094802629261869
1947 2.2692625036142346
1948 2.2692625036142346
1949 2.2692625036142346
1950 2.2692625036142346
1951 1.3621480928255731
1952 1.3621480928255731
1953 1.3621480928255731
1954 1.3621480928255731
1955 2.2812790906208456
1956 2.2812790906208456
1957 2.2812790906208456
1958 2.2812790906208456
1959 1.671112203574666
1960 1.671112203574666
1961 1.671112203574666
1962 1.671112203574666
1963 1.3290017546070336
1964 1.3290017546070336
1965 1.3290017546070336
1966 1.3290017546070336
1967 1.9327362315545635
1968 1.9327362315545635
1969 1.9327362315545635
1970 1.9327362315545635
1971 2.257166891607634
1972 2.257166891607634
1973 2.257166891607634
1974 2.257166891607634
1975 2.4828320695323014
1976 2.4828320695323014
1977 2.4828320695323014
1978 2.4828320695323014
1979 1.5148300561135226
1980 1.5148300561135226
1981 1.5148300561135226
1982 1.5148300561135226
1983 3.1584756692138263
1984 3.1584756692138263
1985 3.1584756692138263
1986 3.1584756692138263
1987 2.224951948530685
1988 2.224951948530685
1989 2.224951948530685
1990 2.224951948530685
1991 2.949445349693783
1992 2.949445349693783
1993 2.949445349693783
1994 2.949445349693783
1995 1.891631273453679
1996 1.891631273453679
1997 1.891631273453679
1998 1.891631273453679
1999 1.8951762559982177
