0 3.2781883939765346
1 3.2781883939765346
2 3.2781883939765346
3 2.8331650229743284
4 2.8331650229743284
5 2.8331650229743284
6 4.096252246780713
7 4.096252246780713
8 4.096252246780713
9 3.1624074368442234
10 3.1624074368442234
11 3.1624074368442234
12 3.332305856267725
13 3.332305856267725
14 3.332305856267725
15 2.8669665304072756
16 2.8669665304072756
17 2.8669665304072756
18 2.7134919126391877
19 2.7134919126391877
20 2.7134919126391877
21 4.272609059167322
22 4.272609059167322
23 4.272609059167322
24 2.4727801161466347
25 2.4727801161466347
26 2.4727801161466347
27 4.658295332367287
28 4.658295332367287
29 4.658295332367287
30 3.820327676511729
31 3.820327676511729
32 3.820327676511729
33 4.19316084970795
34 4.19316084970795
35 4.19316084970795
36 2.137353327467512
37 2.137353327467512
38 2.137353327467512
39 2.87518749364386
40 2.87518749364386
41 2.87518749364386
42 2.3702987953886923
43 2.3702987953886923
44 2.3702987953886923
45 2.0240885372048236
46 2.0240885372048236
47 2.0240885372048236
48 3.6126292414678645
49 3.6126292414678645
50 3.6126292414678645
51 2.2489890035741595
52 2.2489890035741595
53 0.884879319364422
54 0.884879319364422
55 0.884879319364422
56 0.6757678115813404
57 0.6757678115813404
58 0.6757678115813404
59 0.9265093515085485
60 0.9265093515085485
61 0.9265093515085485
62 0.1
63 0.1
64 0.1
65 0.6358882831834525
66 0.15612746089210255
67 0.15612746089210255
68 0.15612746089210255
69 0.10313940187091118
70 0.10313940187091118
71 0.10313940187091118
72 0.2608007179500015
73 0.2608007179500015
74 0.2608007179500015
75 0.16281220267429689
76 2.451014059479145
77 2.451014059479145
78 2.451014059479145
79 1.7862103353764687
80 1.7862103353764687
81 1.7862103353764687
82 2.9050083375853366
83 2.9050083375853366
84 2.9050083375853366
85 0.8890674095097104
86 0.8890674095097104
87 0.8890674095097104
88 4.895112550766594
89 4.895112550766594
90 4.895112550766594
91 4.3347740547924625
92 4.3347740547924625
93 4.3347740547924625
94 3.134689068033418
95 3.134689068033418
96 3.134689068033418
97 1.543231870579757
98 1.543231870579757
99 1.543231870579757
100 2.9081468360500162
101 2.9081468360500162
102 2.9081468360500162
103 4.689829932038351
104 4.689829932038351
105 4.689829932038351
106 1.2310062009216236
107 1.2310062009216236
108 1.2310062009216236
109 3.0675124420154116
110 3.0675124420154116
111 3.0675124420154116
112 4.479794351039647
113 4.479794351039647
114 4.479794351039647
115 4.0020417625350495
116 4.0020417625350495
117 4.0020417625350495
118 2.4687429220099215
119 2.4687429220099215
120 2.4687429220099215
121 3.463449481382534
122 3.463449481382534
123 3.463449481382534
124 3.945892877912101
125 3.945892877912101
126 3.945892877912101
127 5.315713772207504
128 5.315713772207504
129 5.315713772207504
130 2.81302636298517
131 2.81302636298517
132 2.81302636298517
133 6.711424874984161
134 6.711424874984161
135 6.711424874984161
136 4.615913136518559
137 4.615913136518559
138 4.615913136518559
139 2.4913987804371778
140 2.4913987804371778
141 2.4913987804371778
142 4.807822899705414
143 4.807822899705414
144 4.807822899705414
145 2.453182084572184
146 2.453182084572184
147 2.453182084572184
148 3.841997321128093
149 3.841997321128093
150 3.841997321128093
151 1.240522775028659
152 1.240522775028659
153 1.240522775028659
154 3.82370126149926
155 3.82370126149926
156 3.82370126149926
157 3.757584219079452
158 3.757584219079452
159 3.757584219079452
160 2.0038946582161548
161 2.0038946582161548
162 2.0038946582161548
163 1.194469284316606
164 1.194469284316606
165 1.194469284316606
166 1.4666605975492761
167 1.4666605975492761
168 1.4666605975492761
169 1.8790841624727188
170 1.8790841624727188
171 1.8790841624727188
172 3.7011800908051113
173 3.7011800908051113
174 3.7011800908051113
175 2.6391731915963703
176 2.6391731915963703
177 2.6391731915963703
178 2.952121487622126
179 2.952121487622126
180 2.952121487622126
181 4.958478205518086
182 1.4748424499446935
183 1.4748424499446935
184 1.4748424499446935
185 1.2915817799580267
186 1.2915817799580267
187 1.2915817799580267
188 2.155072230373365
189 2.155072230373365
190 2.155072230373365
191 2.98032509581668
192 2.98032509581668
193 2.98032509581668
194 3.018708020533001
195 3.018708020533001
196 3.018708020533001
197 2.561596564446434
198 2.561596564446434
199 2.561596564446434
200 0.8905050155990468
201 0.8905050155990468
202 0.8905050155990468
203 2.3417794080382834
204 2.3417794080382834
205 2.3417794080382834
206 0.2969014990763259
207 0.2969014990763259
208 0.2969014990763259
209 1.4577282596700005
210 1.4577282596700005
211 1.4577282596700005
212 1.5677852958619953
213 1.5677852958619953
214 1.5677852958619953
215 2.0393430244887014
216 2.0393430244887014
217 2.0393430244887014
218 1.8469846559703302
219 1.8469846559703302
220 1.8469846559703302
221 3.481863563747159
222 3.481863563747159
223 3.481863563747159
224 3.7079338215525857
225 3.7079338215525857
226 3.7079338215525857
227 2.0175577139907594
228 2.0175577139907594
229 2.0175577139907594
230 1.8223010566014979
231 1.8223010566014979
232 1.8223010566014979
233 1.0849037954625294
234 1.0849037954625294
235 1.0849037954625294
236 1.262539477921926
237 1.262539477921926
238 1.262539477921926
239 0.5501181409565126
240 0.5501181409565126
241 0.5501181409565126
242 2.8135346105205254
243 2.8135346105205254
244 2.8135346105205254
245 2.4879043057518007
246 2.4879043057518007
247 2.4879043057518007
248 1.161356054685411
249 1.161356054685411
250 1.161356054685411
251 1.2515309119466693
252 1.2515309119466693
253 1.2515309119466693
254 1.6151817393651131
255 1.6151817393651131
256 1.6151817393651131
257 1.4098304970465585
258 2.14686941279722
259 2.14686941279722
260 2.14686941279722
261 2.4107532386181
262 2.4107532386181
263 2.4107532386181
264 4.172540583710721
265 4.172540583710721
266 4.172540583710721
267 8.54011031720567
268 8.54011031720567
269 8.54011031720567
270 4.704073566122869
271 4.704073566122869
272 4.704073566122869
273 3.6963388725885724
274 3.6963388725885724
275 3.6963388725885724
276 5.731352016977405
277 5.731352016977405
278 5.731352016977405
279 5.61340703493293
280 0.8493189742114297
281 0.8493189742114297
282 0.8493189742114297
283 0.9793984279921115
284 0.9793984279921115
285 0.9793984279921115
286 1.7295052579380188
287 1.7295052579380188
288 1.7295052579380188
289 1.2199581144653724
290 1.2199581144653724
291 1.2199581144653724
292 0.1
293 0.1
294 0.1
295 1.3711673557353492
296 1.3711673557353492
297 1.3711673557353492
298 2.154792497695916
299 4.680421250470566
300 4.680421250470566
301 4.680421250470566
302 3.761025308070541
303 3.761025308070541
304 3.761025308070541
305 2.6918805992750836
306 2.6918805992750836
307 2.6918805992750836
308 2.88181856154588
309 2.88181856154588
310 2.88181856154588
311 4.072743770369302
312 4.072743770369302
313 4.072743770369302
314 3.6116570696672317
315 3.6116570696672317
316 3.6116570696672317
317 3.1137139397222042
318 3.1137139397222042
319 3.1137139397222042
320 2.4045130231129055
321 2.4045130231129055
322 2.4045130231129055
323 2.784780443535674
324 2.784780443535674
325 2.784780443535674
326 0.1
327 0.1
328 0.1
329 3.086636099359303
330 3.086636099359303
331 3.086636099359303
332 4.06632158092154
333 4.06632158092154
334 4.06632158092154
335 6.616683760871371
336 6.616683760871371
337 6.616683760871371
338 1.9767153995009186
339 1.9767153995009186
340 1.9767153995009186
341 4.061350024472889
342 4.061350024472889
343 4.061350024472889
344 3.7035194482829232
345 3.7035194482829232
346 3.7035194482829232
347 4.4995816274900164
348 4.4995816274900164
349 4.4995816274900164
350 3.6918430599877325
351 3.6918430599877325
352 3.6918430599877325
353 3.0340008885514833
354 3.0340008885514833
355 3.0340008885514833
356 1.5139014222191407
357 1.5139014222191407
358 1.5139014222191407
359 5.256450682285658
360 5.256450682285658
361 5.256450682285658
362 3.5323374904920546
363 4.903165456526196
364 4.903165456526196
365 4.903165456526196
366 4.442458211529025
367 4.442458211529025
368 4.442458211529025
369 4.771684615393705
370 4.771684615393705
371 4.771684615393705
372 3.5211981244833273
373 3.5211981244833273
374 3.5211981244833273
375 0.8501141300081114
376 0.8501141300081114
377 0.8501141300081114
378 5.065102541119684
379 5.065102541119684
380 5.065102541119684
381 3.0652100923757004
382 3.0652100923757004
383 3.0652100923757004
384 1.5591092237659305
385 1.5591092237659305
386 1.5591092237659305
387 4.957629900661875
388 4.957629900661875
389 4.957629900661875
390 2.516611329322391
391 2.516611329322391
392 2.516611329322391
393 2.3381926958757857
394 2.3381926958757857
395 2.3381926958757857
396 3.8313744796082307
397 3.8313744796082307
398 3.8313744796082307
399 1.9229210358010214
400 1.9229210358010214
401 1.9229210358010214
402 5.0280023560266205
403 5.0280023560266205
404 5.0280023560266205
405 3.2268255401631194
406 3.2268255401631194
407 3.2268255401631194
408 4.405349618670188
409 4.405349618670188
410 4.405349618670188
411 2.7513663806250515
412 2.7513663806250515
413 2.7513663806250515
414 0.1
415 0.1
416 0.1
417 3.2994817147253
418 3.2994817147253
419 3.2994817147253
420 1.583397360542449
421 1.583397360542449
422 1.583397360542449
423 2.670691918327453
424 2.670691918327453
425 2.670691918327453
426 3.586393485288901
427 3.586393485288901
428 3.586393485288901
429 3.205901403202179
430 3.205901403202179
431 3.205901403202179
432 4.023542374182556
433 4.023542374182556
434 4.023542374182556
435 4.2393571571214155
436 4.2393571571214155
437 4.2393571571214155
438 0.533368628107345
439 0.533368628107345
440 0.533368628107345
441 1.9257272580518783
442 1.9257272580518783
443 1.9257272580518783
444 1.2567217354192861
445 1.2567217354192861
446 1.2567217354192861
447 0.9735407407198964
448 0.9735407407198964
449 0.9735407407198964
450 1.2235671936721975
451 1.2235671936721975
452 1.2235671936721975
453 0.4642344740099612
454 0.4642344740099612
455 0.4642344740099612
456 1.0401138558320666
457 1.0401138558320666
458 1.0401138558320666
459 0.11692967260580389
460 0.11692967260580389
461 0.11692967260580389
462 2.2950063718533906
463 2.2950063718533906
464 2.2950063718533906
465 0.9448434267293132
466 0.9448434267293132
467 0.9448434267293132
468 1.78639919404297
469 1.78639919404297
470 1.78639919404297
471 0.7926464943996809
472 0.7926464943996809
473 0.7926464943996809
474 1.3929763696129474
475 1.3929763696129474
476 1.3929763696129474
477 1.133487431927835
478 1.133487431927835
479 1.133487431927835
480 0.9190264766819496
481 0.9190264766819496
482 0.9190264766819496
483 1.4743015482082644
484 1.4743015482082644
485 1.4743015482082644
486 1.2477589420374202
487 1.2477589420374202
488 1.2477589420374202
489 0.8896550210026318
490 0.8896550210026318
491 0.8896550210026318
492 1.5042323091539522
493 1.5042323091539522
494 1.5042323091539522
495 1.2837606878327665
496 1.2837606878327665
497 1.2837606878327665
498 0.37694958403227585
499 0.37694958403227585
500 0.37694958403227585
501 1.4465571454918869
502 1.4465571454918869
503 1.4465571454918869
504 0.49613798623575844
505 0.49613798623575844
506 0.49613798623575844
507 0.30472890553999277
508 0.30472890553999277
509 3.917453859712664
510 3.917453859712664
511 3.917453859712664
512 0.30442878752575053
513 0.30442878752575053
514 0.30442878752575053
515 2.668375641688165
516 2.658470649902036
517 2.658470649902036
518 2.658470649902036
519 2.0182297912330482
520 2.0182297912330482
521 2.0182297912330482
522 4.905958912965296
523 4.905958912965296
524 4.905958912965296
525 2.664214611943456
526 2.664214611943456
527 2.664214611943456
528 4.499773260458758
529 4.499773260458758
530 4.499773260458758
531 3.25861638086331
532 3.25861638086331
533 3.25861638086331
534 4.764213351745952
535 4.764213351745952
536 4.764213351745952
537 0.1
538 1.3889860447813374
539 1.3889860447813374
540 1.3889860447813374
541 1.2844130466939025
542 1.2844130466939025
543 1.2844130466939025
544 1.3304644110441186
545 1.3304644110441186
546 1.3304644110441186
547 1.9644524372856662
548 1.9644524372856662
549 1.9644524372856662
550 1.4232663667351224
551 1.4232663667351224
552 1.4232663667351224
553 1.1641827561337486
554 1.1641827561337486
555 1.1641827561337486
556 0.1
557 0.1
558 0.1
559 1.4493227232555896
560 1.4493227232555896
561 1.4493227232555896
562 1.4330568292180026
563 1.4330568292180026
564 1.4330568292180026
565 1.6562688833460415
566 1.6562688833460415
567 1.6562688833460415
568 0.1
569 0.1
570 0.1
571 1.3344758663708314
572 1.3344758663708314
573 1.3344758663708314
574 1.5654248798285324
575 1.5654248798285324
576 1.5654248798285324
577 2.145595070957307
578 2.145595070957307
579 2.145595070957307
580 1.1142550697779243
581 1.1142550697779243
582 1.1142550697779243
583 1.6178223078561227
584 0.1
585 0.1
586 0.1
587 4.838480085722761
588 4.838480085722761
589 4.838480085722761
590 4.413691232665306
591 4.413691232665306
592 4.413691232665306
593 3.907080932412584
594 3.907080932412584
595 3.907080932412584
596 2.7930224165646043
597 2.7930224165646043
598 2.7930224165646043
599 6.276869957270036
600 6.276869957270036
601 6.276869957270036
602 4.01954678593837
603 4.01954678593837
604 4.01954678593837
605 3.905001741316422
606 3.905001741316422
607 3.905001741316422
608 3.4543652615168847
609 3.4543652615168847
610 3.4543652615168847
611 0.9853394922333192
612 0.9853394922333192
613 0.9853394922333192
614 2.7216621500807623
615 2.7216621500807623
616 2.7216621500807623
617 4.179905271447281
618 4.179905271447281
619 4.179905271447281
620 1.522707785604968
621 0.37811131864437847
622 0.37811131864437847
623 0.37811131864437847
624 0.6786149007671318
625 0.6786149007671318
626 0.6786149007671318
627 0.49289434403421495
628 0.49289434403421495
629 0.49289434403421495
630 0.6632062652945906
631 0.6632062652945906
632 0.6632062652945906
633 1.0315857886399615
634 1.0315857886399615
635 1.0315857886399615
636 0.41098402917819465
637 0.41098402917819465
638 0.41098402917819465
639 0.3159888968310449
640 0.3159888968310449
641 0.3159888968310449
642 1.0562661385547027
643 1.0562661385547027
644 1.0562661385547027
645 0.7231759772029092
646 0.7231759772029092
647 0.7231759772029092
648 0.6260926065430205
649 0.6260926065430205
650 0.6260926065430205
651 0.9715612382573788
652 0.9715612382573788
653 0.9715612382573788
654 0.2803835944315893
655 0.2803835944315893
656 0.2803835944315893
657 0.16769416112394647
658 0.16769416112394647
659 0.16769416112394647
660 0.7087564725564504
661 0.7087564725564504
662 0.7087564725564504
663 1.1329857215648842
664 1.1329857215648842
665 1.1329857215648842
666 0.7544216995978503
667 0.7544216995978503
668 0.7544216995978503
669 0.8997538399444642
670 0.8997538399444642
671 0.8997538399444642
672 0.668182430949925
673 0.668182430949925
674 3.7785222437618007
675 3.7785222437618007
676 3.7785222437618007
677 2.5442599824330947
678 2.5442599824330947
679 2.5442599824330947
680 4.186593318913818
681 4.186593318913818
682 4.186593318913818
683 3.673443472729025
684 3.673443472729025
685 3.673443472729025
686 1.4979277272921996
687 1.4979277272921996
688 1.4979277272921996
689 2.8598073529373913
690 2.8598073529373913
691 2.8598073529373913
692 2.8529355445456033
693 2.8529355445456033
694 2.8529355445456033
695 2.267140617432078
696 2.267140617432078
697 2.267140617432078
698 4.130917557494347
699 4.130917557494347
700 4.130917557494347
701 2.9307627780994685
702 2.9307627780994685
703 2.9307627780994685
704 1.278014155644207
705 1.278014155644207
706 1.278014155644207
707 2.8054923333347284
708 2.8054923333347284
709 2.8054923333347284
710 2.9195127947434076
711 2.9195127947434076
712 2.9195127947434076
713 2.1543218237926673
714 2.1543218237926673
715 2.1543218237926673
716 1.8289025149130005
717 1.8289025149130005
718 1.8289025149130005
719 1.4556014374049582
720 1.4556014374049582
721 1.4556014374049582
722 2.1548058395013188
723 2.1548058395013188
724 2.1548058395013188
725 3.7679471160505753
726 3.7679471160505753
727 3.7679471160505753
728 2.816928679538676
729 2.816928679538676
730 2.816928679538676
731 4.074433958393662
732 4.074433958393662
733 4.074433958393662
734 3.8555339574970144
735 3.8555339574970144
736 3.8555339574970144
737 4.374266832735712
738 4.374266832735712
739 4.374266832735712
740 3.9918187285276696
741 3.9918187285276696
742 3.9918187285276696
743 2.0205096478143694
744 2.0205096478143694
745 2.0205096478143694
746 0.6295553830384049
747 0.6295553830384049
748 0.6295553830384049
749 2.3816856546777196
750 2.3816856546777196
751 2.3816856546777196
752 3.601869159787963
753 3.601869159787963
754 3.601869159787963
755 1.822203288354443
756 1.822203288354443
757 1.822203288354443
758 2.3399906640796684
759 2.3399906640796684
760 2.3399906640796684
761 0.5261958686801467
762 0.5261958686801467
763 0.5261958686801467
764 3.8261187674859154
765 3.8261187674859154
766 4.755805275194124
767 4.755805275194124
768 4.755805275194124
769 4.693079882361641
770 4.693079882361641
771 4.693079882361641
772 3.6392492654092803
773 3.6392492654092803
774 3.6392492654092803
775 4.2445441893325295
776 4.2445441893325295
777 4.2445441893325295
778 5.046504334534186
779 5.046504334534186
780 5.046504334534186
781 0.6753557134252572
782 0.6753557134252572
783 0.6753557134252572
784 2.882377130598919
785 2.882377130598919
786 2.882377130598919
787 1.7321997504543971
788 1.7321997504543971
789 1.7321997504543971
790 1.9514720200782014
791 1.9514720200782014
792 1.9514720200782014
793 0.36674147612853014
794 0.36674147612853014
795 0.36674147612853014
796 2.637000896365387
797 2.637000896365387
798 2.637000896365387
799 3.9350201403661886
800 3.9350201403661886
801 3.9350201403661886
802 1.3077075158155087
803 1.3077075158155087
804 1.3077075158155087
805 1.8039416045364762
806 2.4169354617857683
807 2.4169354617857683
808 2.4169354617857683
809 0.8642117641294207
810 0.8642117641294207
811 0.8642117641294207
812 2.3078873791695043
813 2.3078873791695043
814 2.3078873791695043
815 2.177293885360025
816 2.177293885360025
817 2.177293885360025
818 2.7195690294529884
819 2.7195690294529884
820 2.7195690294529884
821 1.2853185986007438
822 1.2853185986007438
823 1.2853185986007438
824 1.6673569852391477
825 1.6673569852391477
826 1.6673569852391477
827 3.0662134075051943
828 3.0662134075051943
829 0.21779546903153665
830 0.21779546903153665
831 0.21779546903153665
832 0.3267739384409911
833 0.3267739384409911
834 0.3267739384409911
835 0.13415442222966223
836 0.13415442222966223
837 0.13415442222966223
838 0.21260006841850143
839 0.21260006841850143
840 0.21260006841850143
841 0.15845958378684383
842 0.15845958378684383
843 0.15845958378684383
844 0.3491927810385028
845 0.3491927810385028
846 0.3491927810385028
847 0.1
848 0.1
849 0.1
850 0.2013077686869646
851 0.2013077686869646
852 0.2013077686869646
853 0.10239228449822929
854 0.10239228449822929
855 0.10239228449822929
856 0.21190381272291942
857 0.21190381272291942
858 0.21190381272291942
859 0.21490951957429888
860 0.21490951957429888
861 0.21490951957429888
862 0.14704010913661245
863 0.14704010913661245
864 0.14704010913661245
865 0.24348834187687216
866 0.24348834187687216
867 0.24348834187687216
868 0.1
869 0.1
870 0.1
871 0.3357107796866973
872 0.3357107796866973
873 0.3357107796866973
874 0.3347489411959031
875 0.3347489411959031
876 0.3347489411959031
877 0.20744037398482676
878 0.20744037398482676
879 0.20744037398482676
880 0.19567050383715495
881 0.19567050383715495
882 0.19567050383715495
883 0.3507565802140402
884 0.3507565802140402
885 0.3507565802140402
886 0.1
887 0.1
888 0.1
889 0.1785789172790847
890 0.1785789172790847
891 0.1785789172790847
892 0.23169458040899427
893 0.23169458040899427
894 0.23169458040899427
895 0.24980687955142378
896 0.24980687955142378
897 0.24980687955142378
898 0.4725313009868475
899 0.4725313009868475
900 0.4725313009868475
901 4.67520032834776
902 4.67520032834776
903 4.67520032834776
904 0.443913711991371
905 0.443913711991371
906 0.443913711991371
907 0.9852253456730411
908 0.9852253456730411
909 0.9852253456730411
910 3.826501207673778
911 3.826501207673778
912 3.826501207673778
913 3.5821691259182824
914 3.5821691259182824
915 3.5821691259182824
916 4.966052465694823
917 4.966052465694823
918 4.966052465694823
919 3.9491655852774574
920 3.9491655852774574
921 3.9491655852774574
922 0.1
923 0.1
924 0.1
925 4.80151044480332
926 4.80151044480332
927 4.80151044480332
928 3.870328814756731
929 3.870328814756731
930 3.870328814756731
931 1.3237455335579702
932 1.3237455335579702
933 1.3237455335579702
934 1.7698193002759088
935 1.7698193002759088
936 1.7698193002759088
937 1.40284935333685
938 1.40284935333685
939 1.40284935333685
940 2.3818539344865517
941 2.3818539344865517
942 2.3818539344865517
943 2.2479255254393555
944 2.2479255254393555
945 2.2479255254393555
946 2.042164950299412
947 2.042164950299412
948 2.042164950299412
949 1.5490729900487445
950 1.5490729900487445
951 1.5490729900487445
952 1.1284486528377013
953 1.1284486528377013
954 1.1284486528377013
955 0.8545786188007647
956 0.8545786188007647
957 0.8545786188007647
958 0.6742910385325386
959 0.6742910385325386
960 4.761726232772753
961 4.761726232772753
962 4.761726232772753
963 4.035419900372796
964 4.035419900372796
965 4.035419900372796
966 0.1
967 0.1
968 0.1
969 1.3076492508071484
970 1.3076492508071484
971 1.3076492508071484
972 3.0326329229907087
973 3.0326329229907087
974 3.0326329229907087
975 4.0783955995720715
976 4.0783955995720715
977 4.0783955995720715
978 2.193678142358888
979 2.193678142358888
980 2.193678142358888
981 0.6215787679821423
982 0.6215787679821423
983 0.6215787679821423
984 5.057246699116633
985 5.057246699116633
986 5.057246699116633
987 5.728633769043196
988 5.728633769043196
989 5.728633769043196
990 3.6767962585103473
991 3.6767962585103473
992 3.6767962585103473
993 8.294866070051704
994 8.294866070051704
995 8.294866070051704
996 2.6129192441728812
997 2.6129192441728812
998 2.6129192441728812
999 3.800184954773081
1000 3.800184954773081
1001 3.800184954773081
1002 3.3408680811703233
1003 3.3408680811703233
1004 3.3408680811703233
1005 1.9550522699865265
1006 1.9550522699865265
1007 1.9550522699865265
1008 4.544046157019879
1009 4.544046157019879
1010 4.544046157019879
1011 3.0615064541485797
1012 3.0615064541485797
1013 3.0615064541485797
1014 2.8436732848920214
1015 2.8436732848920214
1016 2.8436732848920214
1017 3.330564193139187
1018 3.330564193139187
1019 3.330564193139187
1020 6.372000291395702
1021 6.372000291395702
1022 6.372000291395702
1023 3.1413183071673316
1024 3.1413183071673316
1025 3.1413183071673316
1026 5.797203439996554
1027 5.797203439996554
1028 5.797203439996554
1029 3.9986193558685716
1030 3.9986193558685716
1031 3.9986193558685716
1032 6.195916989432311
1033 6.195916989432311
1034 6.195916989432311
1035 7.037829818509083
1036 7.037829818509083
1037 7.037829818509083
1038 1.0778276421260538
1039 1.0778276421260538
1040 1.0778276421260538
1041 3.6160784765894753
1042 3.6160784765894753
1043 3.6160784765894753
1044 4.580277068610636
1045 4.580277068610636
1046 4.580277068610636
1047 0.7925871062303624
1048 0.7925871062303624
1049 0.7925871062303624
1050 3.356873299063903
1051 3.356873299063903
1052 3.356873299063903
1053 5.06622491437831
1054 5.06622491437831
1055 5.06622491437831
1056 2.0776995492048806
1057 2.0776995492048806
1058 2.0776995492048806
1059 8.606861866274135
1060 8.606861866274135
1061 8.606861866274135
1062 1.669985419803766
1063 1.669985419803766
1064 1.669985419803766
1065 3.984981086575133
1066 3.984981086575133
1067 3.984981086575133
1068 3.2805281070715635
1069 3.2805281070715635
1070 3.2805281070715635
1071 6.663215146436718
1072 6.663215146436718
1073 6.663215146436718
1074 6.930484004620523
1075 6.930484004620523
1076 6.930484004620523
1077 3.9347604132707046
1078 3.9347604132707046
1079 3.9347604132707046
1080 1.7773145397729282
1081 1.7773145397729282
1082 1.7773145397729282
1083 3.405013687120553
1084 3.405013687120553
1085 3.405013687120553
1086 0.9291890129366598
1087 0.9291890129366598
1088 0.9291890129366598
1089 5.664307071456943
1090 5.664307071456943
1091 5.664307071456943
1092 5.313292957322306
1093 5.313292957322306
1094 5.313292957322306
1095 3.7429505494797994
1096 0.1
1097 0.1
1098 0.1
1099 1.6134005059978205
1100 1.6134005059978205
1101 1.6134005059978205
1102 2.47960173550994
1103 2.47960173550994
1104 2.47960173550994
1105 1.4194589050215423
1106 1.4194589050215423
1107 1.4194589050215423
1108 1.4478729215730897
1109 1.4478729215730897
1110 1.4478729215730897
1111 1.6966017656422396
1112 1.6966017656422396
1113 1.6966017656422396
1114 2.0230764846031373
1115 2.0230764846031373
1116 2.0230764846031373
1117 1.522258206938368
1118 1.522258206938368
1119 1.522258206938368
1120 1.4046652429067576
1121 1.4046652429067576
1122 1.4046652429067576
1123 1.73568598143451
1124 1.73568598143451
1125 1.73568598143451
1126 1.4002799536563393
1127 1.4002799536563393
1128 1.4002799536563393
1129 1.9598706568350284
1130 1.9598706568350284
1131 1.9598706568350284
1132 1.0536570865210282
1133 1.0536570865210282
1134 1.0536570865210282
1135 1.4675444567304907
1136 1.4675444567304907
1137 1.4675444567304907
1138 1.3751501359142502
1139 1.3751501359142502
1140 1.3751501359142502
1141 0.2761218623490618
1142 0.2761218623490618
1143 0.2761218623490618
1144 0.1466961077657003
1145 0.1466961077657003
1146 0.1466961077657003
1147 1.5934659528821407
1148 1.5934659528821407
1149 1.5934659528821407
1150 1.5971593850423513
1151 1.5971593850423513
1152 1.5971593850423513
1153 1.35920857980686
1154 1.35920857980686
1155 1.35920857980686
1156 2.0767436956091507
1157 2.0767436956091507
1158 2.0767436956091507
1159 1.559953041711985
1160 1.559953041711985
1161 1.559953041711985
1162 2.1722790037620725
1163 2.1722790037620725
1164 2.1722790037620725
1165 2.5068161148949715
1166 2.5068161148949715
1167 2.5068161148949715
1168 1.5718144992684069
1169 1.5718144992684069
1170 1.5718144992684069
1171 0.1
1172 0.1
1173 0.1
1174 1.6494086920895044
1175 1.6494086920895044
1176 1.6494086920895044
1177 1.680324225951623
1178 1.680324225951623
1179 1.680324225951623
1180 1.8765113415592243
1181 1.8765113415592243
1182 1.8765113415592243
1183 1.5438005390770317
1184 1.5438005390770317
1185 1.5438005390770317
1186 0.6798085717247101
1187 0.6798085717247101
1188 0.6798085717247101
1189 1.1654234526421763
1190 1.1654234526421763
1191 1.1654234526421763
1192 1.152676958500986
1193 1.152676958500986
1194 1.152676958500986
1195 2.2944012490838253
1196 2.2944012490838253
1197 2.2944012490838253
1198 0.10460354805750183
1199 0.10460354805750183
1200 0.10460354805750183
1201 0.8547933866259433
1202 0.8547933866259433
1203 0.8547933866259433
1204 1.0133906219583961
1205 1.0133906219583961
1206 1.0133906219583961
1207 1.202901074947164
1208 1.202901074947164
1209 1.202901074947164
1210 1.4175155615713546
1211 1.4175155615713546
1212 1.4175155615713546
1213 1.2930181226250967
1214 1.2930181226250967
1215 1.2930181226250967
1216 1.6063516672699136
1217 1.6063516672699136
1218 1.6063516672699136
1219 1.0144423576476354
1220 1.0144423576476354
1221 1.0144423576476354
1222 1.594892542094889
1223 1.594892542094889
1224 1.594892542094889
1225 1.508465966765502
1226 1.508465966765502
1227 1.508465966765502
1228 2.5824578606700133
1229 2.5824578606700133
1230 2.5824578606700133
1231 2.048626222784351
1232 2.048626222784351
1233 2.048626222784351
1234 2.209594481927339
1235 2.209594481927339
1236 2.209594481927339
1237 0.8137591585021813
1238 0.8137591585021813
1239 0.8137591585021813
1240 1.8745203571276474
1241 1.8745203571276474
1242 1.8745203571276474
1243 2.0732769905213875
1244 2.0732769905213875
1245 2.0732769905213875
1246 1.136449336594186
1247 1.136449336594186
1248 1.136449336594186
1249 1.837531477651737
1250 1.837531477651737
1251 1.837531477651737
1252 1.9651348602677352
1253 1.9651348602677352
1254 1.9651348602677352
1255 2.2941834573207536
1256 2.2941834573207536
1257 2.2941834573207536
1258 1.5554292414241162
1259 1.5554292414241162
1260 1.5554292414241162
1261 2.0564248392493445
1262 2.0564248392493445
1263 2.0564248392493445
1264 2.988360024928665
1265 2.988360024928665
1266 2.988360024928665
1267 1.7852293667283463
1268 1.7852293667283463
1269 1.7852293667283463
1270 0.11621353498153142
1271 0.11621353498153142
1272 0.11621353498153142
1273 2.465821751716111
1274 2.465821751716111
1275 2.465821751716111
1276 0.9257057156896242
1277 0.9257057156896242
1278 0.9257057156896242
1279 1.7739830235392702
1280 1.7739830235392702
1281 1.7739830235392702
1282 2.4475396421625613
1283 2.4475396421625613
1284 2.4475396421625613
1285 1.5323151416423895
1286 1.5323151416423895
1287 1.5323151416423895
1288 1.7733398759533914
1289 1.7733398759533914
1290 1.7733398759533914
1291 2.0204348385731343
1292 2.0204348385731343
1293 2.0204348385731343
1294 2.117778449494456
1295 2.117778449494456
1296 2.117778449494456
1297 1.5615323802218646
1298 1.5615323802218646
1299 1.5615323802218646
1300 1.4849682501717973
1301 1.4849682501717973
1302 1.4849682501717973
1303 1.2110852668440342
1304 1.2110852668440342
1305 1.2110852668440342
1306 1.5532035701562563
1307 1.5532035701562563
1308 1.5532035701562563
1309 1.3698398656486528
1310 1.3698398656486528
1311 1.3698398656486528
1312 2.861232215580812
1313 2.861232215580812
1314 2.861232215580812
1315 2.6546605058629376
1316 2.6546605058629376
1317 2.6546605058629376
1318 1.3421910754815922
1319 1.3421910754815922
1320 1.3421910754815922
1321 1.9132841862157013
1322 1.9132841862157013
1323 1.9132841862157013
1324 0.5704263757473204
1325 0.5704263757473204
1326 0.5704263757473204
1327 1.4633141403892984
1328 1.4633141403892984
1329 1.4633141403892984
1330 1.4767008813156932
1331 1.4767008813156932
1332 1.4767008813156932
1333 2.955762334194792
1334 2.955762334194792
1335 2.955762334194792
1336 2.2307301539947693
1337 2.2307301539947693
1338 2.2307301539947693
1339 2.243394665657895
1340 2.243394665657895
1341 2.243394665657895
1342 2.268741599824777
1343 2.268741599824777
1344 2.268741599824777
1345 1.04822391272302
1346 1.04822391272302
1347 1.04822391272302
1348 2.7975188857655953
1349 2.7975188857655953
1350 2.7975188857655953
1351 0.961111250466011
1352 0.961111250466011
1353 0.961111250466011
1354 2.2304026374917463
1355 2.2304026374917463
1356 2.2304026374917463
1357 2.111121760863062
1358 2.111121760863062
1359 2.111121760863062
1360 1.3924263758376232
1361 1.3924263758376232
1362 1.3924263758376232
1363 1.0517346617321714
1364 1.0517346617321714
1365 1.0517346617321714
1366 2.087190626146506
1367 2.087190626146506
1368 2.087190626146506
1369 2.183470591472007
1370 2.183470591472007
1371 2.183470591472007
1372 2.7005770588345874
1373 2.7005770588345874
1374 2.7005770588345874
1375 2.571254543115796
1376 2.571254543115796
1377 2.571254543115796
1378 1.3822504649470833
1379 1.3822504649470833
1380 1.3822504649470833
1381 1.9518319796664922
1382 1.9518319796664922
1383 1.9518319796664922
1384 1.645403253879548
1385 1.645403253879548
1386 1.645403253879548
1387 1.3787916370842948
1388 1.3787916370842948
1389 1.3787916370842948
1390 0.7752431530286028
1391 0.7752431530286028
1392 0.7752431530286028
1393 1.4485913402694763
1394 1.4485913402694763
1395 1.4485913402694763
1396 1.81373401599513
1397 1.81373401599513
1398 1.81373401599513
1399 1.676102066836342
1400 1.676102066836342
1401 1.676102066836342
1402 1.2382015616048383
1403 1.2382015616048383
1404 1.2382015616048383
1405 1.66845468812282
1406 1.66845468812282
1407 1.66845468812282
1408 2.013974124882387
1409 2.013974124882387
1410 2.013974124882387
1411 3.2053659063269944
1412 3.2053659063269944
1413 3.2053659063269944
1414 1.1820802948101359
1415 1.1820802948101359
1416 1.1820802948101359
1417 1.067675176929806
1418 1.067675176929806
1419 1.067675176929806
1420 1.647008651193466
1421 1.647008651193466
1422 1.647008651193466
1423 2.089777441430587
1424 2.089777441430587
1425 2.089777441430587
1426 0.1
1427 0.1
1428 0.1
1429 1.5806917456560876
1430 1.5806917456560876
1431 1.5806917456560876
1432 1.3220057092890833
1433 1.3220057092890833
1434 1.3220057092890833
1435 0.9822569656243426
1436 0.9822569656243426
1437 0.9822569656243426
1438 2.011289601731708
1439 2.011289601731708
1440 2.011289601731708
1441 1.846105526042997
1442 1.846105526042997
1443 1.846105526042997
1444 1.7974545830494033
1445 1.7974545830494033
1446 1.7974545830494033
1447 1.486847519041336
1448 1.486847519041336
1449 1.486847519041336
1450 2.3169309479956293
1451 2.3169309479956293
1452 2.3169309479956293
1453 1.8254370539034381
1454 1.8254370539034381
1455 1.8254370539034381
1456 0.7300428477114583
1457 0.7300428477114583
1458 0.7300428477114583
1459 1.7321329358740407
1460 1.7321329358740407
1461 1.7321329358740407
1462 3.2654916794358924
1463 3.2654916794358924
1464 3.2654916794358924
1465 2.093026427422237
1466 2.093026427422237
1467 2.093026427422237
1468 2.1594924113834635
1469 2.1594924113834635
1470 2.1594924113834635
1471 1.6833137997247107
1472 1.6833137997247107
1473 1.6833137997247107
1474 0.7484259743652878
1475 0.7484259743652878
1476 0.7484259743652878
1477 0.9480613591705335
1478 0.9480613591705335
1479 0.9480613591705335
1480 1.2841645915072197
1481 1.2841645915072197
1482 1.2841645915072197
1483 1.2485576069076851
1484 1.2485576069076851
1485 1.2485576069076851
1486 1.6414460283906962
1487 1.6414460283906962
1488 1.6414460283906962
1489 1.2081154543095005
1490 1.2081154543095005
1491 1.2081154543095005
1492 2.156791036427859
1493 2.156791036427859
1494 2.156791036427859
1495 2.359564683343569
1496 2.359564683343569
1497 2.359564683343569
1498 0.1
1499 0.1
1500 0.1
1501 1.088222367695325
1502 1.088222367695325
1503 1.088222367695325
1504 1.6333033399807269
1505 1.6333033399807269
1506 1.6333033399807269
1507 2.1625283084954523
1508 2.1625283084954523
1509 1.531787899047918
1510 1.531787899047918
1511 1.531787899047918
1512 1.201007670110642
1513 1.201007670110642
1514 1.201007670110642
1515 2.5204476404743703
1516 2.5204476404743703
1517 2.5204476404743703
1518 3.2246159319909187
1519 3.2246159319909187
1520 3.2246159319909187
1521 2.765743980125756
1522 2.765743980125756
1523 2.765743980125756
1524 3.948463492026937
1525 3.948463492026937
1526 3.948463492026937
1527 2.5884657383457745
1528 2.5884657383457745
1529 2.5884657383457745
1530 2.24125180261664
1531 2.24125180261664
1532 2.24125180261664
1533 1.7201193493446367
1534 1.7201193493446367
1535 1.7201193493446367
1536 1.5079940480913245
1537 1.5079940480913245
1538 1.5079940480913245
1539 3.4454869907653247
1540 3.4454869907653247
1541 3.4454869907653247
1542 3.3024137661314596
1543 3.3024137661314596
1544 3.3024137661314596
1545 2.6533314675394215
1546 2.6533314675394215
1547 2.6533314675394215
1548 2.3429630899400706
1549 2.3429630899400706
1550 2.3429630899400706
1551 4.332579597924875
1552 4.332579597924875
1553 4.332579597924875
1554 4.021515596484366
1555 4.021515596484366
1556 4.021515596484366
1557 3.7889788237361555
1558 3.7889788237361555
1559 3.7889788237361555
1560 2.3162210356818758
1561 2.3162210356818758
1562 2.3162210356818758
1563 1.7796545927722371
1564 1.7796545927722371
1565 1.7796545927722371
1566 2.911363169785251
1567 2.911363169785251
1568 2.911363169785251
1569 1.2813426402337431
1570 1.2813426402337431
1571 1.2813426402337431
1572 1.870677309992009
1573 1.870677309992009
1574 1.870677309992009
1575 1.2502140774682737
1576 1.2502140774682737
1577 1.2502140774682737
1578 2.897691461425424
1579 2.897691461425424
1580 2.897691461425424
1581 3.019389098146757
1582 3.019389098146757
1583 3.019389098146757
1584 2.958582177713117
1585 2.958582177713117
1586 2.958582177713117
1587 2.5131742500173315
1588 2.5131742500173315
1589 2.5131742500173315
1590 3.574315299867414
1591 3.574315299867414
1592 3.574315299867414
1593 5.013200936716387
1594 5.013200936716387
1595 5.013200936716387
1596 2.510312083631763
1597 2.510312083631763
1598 2.510312083631763
1599 0.8309027169842889
1600 0.8309027169842889
1601 0.8309027169842889
1602 0.8360753001737873
1603 0.8360753001737873
1604 0.8360753001737873
1605 4.014195286009178
1606 4.014195286009178
1607 4.014195286009178
1608 2.993626578917975
1609 2.993626578917975
1610 2.993626578917975
1611 4.811602514031476
1612 4.811602514031476
1613 4.811602514031476
1614 5.089520276774312
1615 5.089520276774312
1616 5.089520276774312
1617 2.1170548895831915
1618 2.1170548895831915
1619 2.1170548895831915
1620 3.419473021043634
1621 3.419473021043634
1622 3.419473021043634
1623 2.351141789728656
1624 2.351141789728656
1625 2.351141789728656
1626 2.9317762753055905
1627 2.9317762753055905
1628 2.9317762753055905
1629 2.352859383023751
1630 2.352859383023751
1631 2.352859383023751
1632 2.3367390371663888
1633 2.3367390371663888
1634 2.3367390371663888
1635 1.7822081436075923
1636 1.7822081436075923
1637 1.7822081436075923
1638 4.244332831489002
1639 4.244332831489002
1640 4.244332831489002
1641 2.023430012385096
1642 2.023430012385096
1643 2.023430012385096
1644 2.211735057612381
1645 2.211735057612381
1646 2.211735057612381
1647 5.080084813046053
1648 5.080084813046053
1649 5.080084813046053
1650 2.954011309807969
1651 2.954011309807969
1652 2.954011309807969
1653 3.1943492876391173
1654 3.1943492876391173
1655 3.1943492876391173
1656 4.136858591292814
1657 4.136858591292814
1658 4.136858591292814
1659 1.6500810312874807
1660 1.6500810312874807
1661 1.6500810312874807
1662 4.232119834364871
1663 4.232119834364871
1664 4.232119834364871
1665 4.736211896222977
1666 4.736211896222977
1667 4.736211896222977
1668 3.9657634116252605
1669 3.9657634116252605
1670 3.9657634116252605
1671 1.5697319701082162
1672 1.5697319701082162
1673 1.5697319701082162
1674 3.7074755903698753
1675 3.7074755903698753
1676 3.7074755903698753
1677 3.5631236087163596
1678 3.5631236087163596
1679 3.5631236087163596
1680 3.8872612215208284
1681 3.8872612215208284
1682 3.8872612215208284
1683 4.354199799907608
1684 4.354199799907608
1685 4.354199799907608
1686 4.066433788594566
1687 4.066433788594566
1688 4.066433788594566
1689 2.129254482915079
1690 2.129254482915079
1691 2.129254482915079
1692 4.962033320254529
1693 4.962033320254529
1694 4.962033320254529
1695 2.158810233433659
1696 2.158810233433659
1697 2.158810233433659
1698 1.9677963538449164
1699 1.9677963538449164
1700 1.9677963538449164
1701 5.275048585971549
1702 5.275048585971549
1703 5.275048585971549
1704 4.1560799198723295
1705 4.1560799198723295
1706 4.1560799198723295
1707 3.8279179124338
1708 3.8279179124338
1709 3.8279179124338
1710 3.220071714323426
1711 3.220071714323426
1712 3.220071714323426
1713 1.4799248159541922
1714 1.4799248159541922
1715 1.4799248159541922
1716 3.9352332456259447
1717 3.9352332456259447
1718 3.9352332456259447
1719 1.1084532762801387
1720 1.1084532762801387
1721 1.1084532762801387
1722 1.4711756621033172
1723 1.4711756621033172
1724 1.4711756621033172
1725 3.1177721022870477
1726 3.1177721022870477
1727 3.1177721022870477
1728 0.7684299250512843
1729 0.7684299250512843
1730 0.7684299250512843
1731 3.095244188612029
1732 3.095244188612029
1733 3.095244188612029
1734 0.6107143119101521
1735 0.6107143119101521
1736 0.6107143119101521
1737 3.956248964872077
1738 3.956248964872077
1739 3.956248964872077
1740 2.229323522572961
1741 2.229323522572961
1742 2.229323522572961
1743 2.9448288021364415
1744 2.9448288021364415
1745 2.9448288021364415
1746 1.5508996240211177
1747 1.5508996240211177
1748 1.5508996240211177
1749 1.1040223745855362
1750 1.1040223745855362
1751 1.1040223745855362
1752 4.087699577663909
1753 4.087699577663909
1754 4.087699577663909
1755 2.3801532066547515
1756 2.3801532066547515
1757 2.3801532066547515
1758 1.853116477865206
1759 1.853116477865206
1760 1.853116477865206
1761 0.1
1762 0.1
1763 0.1
1764 2.503519243724885
1765 2.503519243724885
1766 2.503519243724885
1767 3.7767341455178856
1768 3.7767341455178856
1769 3.7767341455178856
1770 5.603693269403207
1771 5.603693269403207
1772 5.603693269403207
1773 5.622500682651648
1774 5.622500682651648
1775 5.622500682651648
1776 2.1575043283889994
1777 2.1575043283889994
1778 2.1575043283889994
1779 1.9623507987499322
1780 1.9623507987499322
1781 1.9623507987499322
1782 3.521177302432009
1783 3.521177302432009
1784 3.521177302432009
1785 0.619330531398107
1786 0.619330531398107
1787 0.619330531398107
1788 3.004143913526903
1789 3.004143913526903
1790 3.004143913526903
1791 3.0695088493048517
1792 3.0695088493048517
1793 3.0695088493048517
1794 0.7710312090520395
1795 0.7710312090520395
1796 0.7710312090520395
1797 0.6653563636856279
1798 0.6653563636856279
1799 0.6653563636856279
1800 3.388912348936161
1801 3.388912348936161
1802 3.388912348936161
1803 3.2795641874587598
1804 3.2795641874587598
1805 3.2795641874587598
1806 2.550186337159118
1807 2.550186337159118
1808 2.550186337159118
1809 1.6321910315927102
1810 1.6321910315927102
1811 1.6321910315927102
1812 3.946781343340765
1813 3.946781343340765
1814 3.946781343340765
1815 2.6476224081318485
1816 2.6476224081318485
1817 2.6476224081318485
1818 3.1160325790506525
1819 1.0428959836401503
1820 1.0428959836401503
1821 1.0428959836401503
1822 1.177512460143531
1823 1.177512460143531
1824 1.177512460143531
1825 1.1129920184715392
1826 1.1129920184715392
1827 1.1129920184715392
1828 1.303810135872828
1829 1.303810135872828
1830 1.303810135872828
1831 1.4266016575006795
1832 1.4266016575006795
1833 1.4266016575006795
1834 0.4129431147334943
1835 0.4129431147334943
1836 0.4129431147334943
1837 0.8532179161008389
1838 0.8532179161008389
1839 0.8532179161008389
1840 1.62232725866403
1841 1.62232725866403
1842 1.62232725866403
1843 1.1182092283729095
1844 1.1182092283729095
1845 1.1182092283729095
1846 1.0913784885123752
1847 1.0913784885123752
1848 1.0913784885123752
1849 1.271828139020039
1850 1.271828139020039
1851 1.271828139020039
1852 1.388904724527415
1853 1.388904724527415
1854 1.388904724527415
1855 0.38392260583834714
1856 0.38392260583834714
1857 0.38392260583834714
1858 1.3087610969490777
1859 1.3087610969490777
1860 1.3087610969490777
1861 0.6946283031222289
1862 0.6946283031222289
1863 0.6946283031222289
1864 1.3531111500099453
1865 1.3531111500099453
1866 1.3531111500099453
1867 0.4397089845632808
1868 0.4397089845632808
1869 0.4397089845632808
1870 1.4437267142872716
1871 1.4437267142872716
1872 1.4437267142872716
1873 1.3961813595327555
1874 1.3961813595327555
1875 1.3961813595327555
1876 1.2763233579741575
1877 1.2763233579741575
1878 1.2763233579741575
1879 1.4553817025145248
1880 1.4553817025145248
1881 1.4553817025145248
1882 0.8277794527055093
1883 0.8277794527055093
1884 0.8277794527055093
1885 1.4821335253774919
1886 1.4821335253774919
1887 1.4821335253774919
1888 1.1334083434263253
1889 1.1334083434263253
1890 1.1334083434263253
1891 1.321259219207727
1892 1.321259219207727
1893 1.321259219207727
1894 1.5484224511762534
1895 1.5484224511762534
1896 1.5484224511762534
1897 0.611827808998692
1898 0.611827808998692
1899 0.611827808998692
1900 1.3031517217760291
1901 1.3031517217760291
1902 1.3031517217760291
1903 1.353500160151446
1904 1.353500160151446
1905 1.353500160151446
1906 1.2786449148614616
1907 1.2786449148614616
1908 1.2786449148614616
1909 1.028230901467717
1910 1.028230901467717
1911 1.028230901467717
1912 1.6858700626333039
1913 1.6858700626333039
1914 1.6858700626333039
1915 0.9868674210644399
1916 0.9868674210644399
1917 0.9868674210644399
1918 1.2828815104110662
1919 1.2828815104110662
1920 1.2828815104110662
1921 1.0689983790866777
1922 1.0689983790866777
1923 1.0689983790866777
1924 0.674096037660697
1925 0.674096037660697
1926 0.674096037660697
1927 1.0212273629884958
1928 1.0212273629884958
1929 1.0212273629884958
1930 1.0585502395985986
1931 1.0585502395985986
1932 1.0585502395985986
1933 1.4861976837297022
1934 1.4861976837297022
1935 1.4861976837297022
1936 0.7895058134814079
1937 0.7895058134814079
1938 0.7895058134814079
1939 0.8970829751744118
1940 0.8970829751744118
1941 0.8970829751744118
1942 0.3468547218853709
1943 0.3468547218853709
1944 0.3468547218853709
1945 0.5067464508624383
1946 0.5067464508624383
1947 0.5067464508624383
1948 1.6943017738867003
1949 1.6943017738867003
1950 1.6943017738867003
1951 1.1567476394639096
1952 1.1567476394639096
1953 1.1567476394639096
1954 0.35589211348625494
1955 0.35589211348625494
1956 0.35589211348625494
1957 0.8147443961133967
1958 0.8147443961133967
1959 0.8147443961133967
1960 0.49393253499693446
1961 0.49393253499693446
1962 0.49393253499693446
1963 1.2037431647026466
1964 1.2037431647026466
1965 1.2037431647026466
1966 1.0903048323830136
1967 1.0903048323830136
1968 1.0903048323830136
1969 1.2596496305094464
1970 1.2596496305094464
1971 1.2596496305094464
1972 1.3764197912412162
1973 1.3764197912412162
1974 1.3764197912412162
1975 0.7854781298632765
1976 0.7854781298632765
1977 0.7854781298632765
1978 0.8579708140976563
1979 0.8579708140976563
1980 0.8579708140976563
1981 0.878855636119113
1982 0.878855636119113
1983 0.878855636119113
1984 1.0736832704964463
1985 1.0736832704964463
1986 1.0736832704964463
1987 1.4176583629110173
1988 1.4176583629110173
1989 1.4176583629110173
1990 1.1905811056871318
1991 1.1905811056871318
1992 1.1905811056871318
1993 1.154838578941621
1994 1.154838578941621
1995 1.154838578941621
1996 1.0779047508605988
1997 1.0779047508605988
1998 1.0779047508605988
1999 0.5895916890761382
