0 1.4306171555624274
1 1.4306171555624274
2 1.9385909476938623
3 1.9385909476938623
4 2.0740504273813465
5 2.0740504273813465
6 1.9905111280719066
7 1.9905111280719066
8 0.9639180115211731
9 0.9639180115211731
10 1.0317839320029334
11 1.0317839320029334
12 1.748261377276354
13 1.748261377276354
14 1.3101359816324305
15 1.3101359816324305
16 0.6870535458292345
17 0.6870535458292345
18 1.4022968693767788
19 1.4022968693767788
20 1.3950068250854788
21 1.3950068250854788
22 1.6745702953932595
23 1.6745702953932595
24 1.6327560440751099
25 1.6327560440751099
26 2.2734820779848004
27 2.2734820779848004
28 1.6949076703942754
29 1.6949076703942754
30 0.7136895382058156
31 0.7136895382058156
32 1.780980752468262
33 1.780980752468262
34 1.3389138149337287
35 1.3389138149337287
36 1.615295686235416
37 1.615295686235416
38 0.9739097934336756
39 0.9739097934336756
40 1.1445115406644901
41 1.1445115406644901
42 1.5513044654163544
43 1.5513044654163544
44 1.382382085246349
45 1.382382085246349
46 1.6262043264565178
47 1.6262043264565178
48 1.1558812109141463
49 1.1558812109141463
50 1.5215823162136026
51 1.5215823162136026
52 1.124077862518289
53 1.124077862518289
54 1.8342935652366292
55 1.8342935652366292
56 1.2240694982646936
57 1.2240694982646936
58 1.8928006884563329
59 1.8928006884563329
60 1.8229235330055813
61 1.8229235330055813
62 1.5767935009167406
63 1.5767935009167406
64 1.6260585243707724
65 1.6260585243707724
66 1.3659211325581033
67 1.3659211325581033
68 1.9896751500980216
69 1.9896751500980216
70 1.2920719121783977
71 1.2920719121783977
72 2.0532287379048486
73 2.0532287379048486
74 1.3627737733063165
75 1.3627737733063165
76 2.002302059145999
77 2.002302059145999
78 1.4763105671177725
79 1.4763105671177725
80 1.017331943011766
81 1.017331943011766
82 1.4787670291502493
83 1.4787670291502493
84 1.1928282034956696
85 1.1928282034956696
86 1.6860205375405743
87 1.6860205375405743
88 1.7886112691474527
89 1.7886112691474527
90 1.6622904350460055
91 1.6622904350460055
92 2.134377742351915
93 2.134377742351915
94 2.0017388910559686
95 2.0017388910559686
96 1.1949208892658008
97 1.1949208892658008
98 1.1954214522053868
99 1.1954214522053868
100 1.7875909658984281
101 1.7875909658984281
102 2.152173216007386
103 2.152173216007386
104 1.766310307425862
105 1.766310307425862
106 1.6155519618545746
107 1.6155519618545746
108 2.2792173107897646
109 2.2792173107897646
110 1.4629335301965818
111 1.4629335301965818
112 1.5911886765116245
113 1.5911886765116245
114 1.2616494208752502
115 1.2616494208752502
116 1.5661768234622935
117 1.5661768234622935
118 1.4249494548839297
119 1.4249494548839297
120 1.6440776794943883
121 1.6440776794943883
122 1.1111743858878091
123 1.1111743858878091
124 1.0448720864711842
125 1.0448720864711842
126 1.6028523770928726
127 1.6028523770928726
128 1.0771563536480655
129 1.0771563536480655
130 1.591686804393902
131 1.591686804393902
132 2.140529319920108
133 2.140529319920108
134 2.1134682784750183
135 2.1134682784750183
136 1.1083321535108874
137 1.1083321535108874
138 1.9156556729575858
139 1.9156556729575858
140 1.5114156699885717
141 1.5114156699885717
142 1.5802252301438826
143 1.5802252301438826
144 1.196360212998831
145 1.196360212998831
146 2.2361223365177265
147 2.2361223365177265
148 1.7233675721776802
149 1.7233675721776802
150 2.3883403927385767
151 2.3883403927385767
152 2.0458106566728294
153 2.0458106566728294
154 1.6187587354902717
155 1.6187587354902717
156 1.6754842569142097
157 1.6754842569142097
158 1.559694671367798
159 1.559694671367798
160 1.9309457686757323
161 1.9309457686757323
162 1.1182770158311492
163 1.1182770158311492
164 1.8835292616523915
165 1.8835292616523915
166 1.6378450954011383
167 1.6378450954011383
168 1.5807232068976442
169 1.5807232068976442
170 1.2466960435316194
171 1.2466960435316194
172 0.7463035915894334
173 0.7463035915894334
174 0.7181156540959666
175 0.7181156540959666
176 2.1181807795506593
177 2.1181807795506593
178 1.4169963680486652
179 1.4169963680486652
180 1.6084840252525152
181 1.6084840252525152
182 1.5151480518318476
183 1.5151480518318476
184 1.1092583319500258
185 1.1092583319500258
186 1.8384420524369647
187 1.8384420524369647
188 2.9069128261617267
189 2.9069128261617267
190 3.341957108628279
191 3.341957108628279
192 3.454930974135888
193 3.454930974135888
194 2.2641406399403126
195 2.2641406399403126
196 1.876399750806777
197 1.876399750806777
198 1.6225478403890934
199 1.6225478403890934
200 1.914174324567997
201 1.914174324567997
202 2.3397821231167697
203 2.3397821231167697
204 2.382026912534125
205 2.382026912534125
206 1.656780619971717
207 1.656780619971717
208 2.3629602395996674
209 2.3629602395996674
210 2.1674324829649434
211 2.1674324829649434
212 1.5424140487821814
213 1.5424140487821814
214 2.070150832540433
215 2.070150832540433
216 2.0585962971693212
217 2.0585962971693212
218 3.0014545933762067
219 3.0014545933762067
220 3.290301749472854
221 3.290301749472854
222 2.4331430332518873
223 2.4331430332518873
224 3.5278039602993383
225 3.5278039602993383
226 2.1860737005999145
227 2.1860737005999145
228 1.492606722016763
229 1.492606722016763
230 2.31174154343341
231 2.31174154343341
232 3.1434594213148266
233 3.1434594213148266
234 3.662428713655611
235 3.662428713655611
236 2.533571921549073
237 2.533571921549073
238 1.6942576069286965
239 1.6942576069286965
240 2.3014821610049907
241 2.3014821610049907
242 2.4001916086000255
243 2.4001916086000255
244 2.112707520152047
245 2.112707520152047
246 1.9952052454385671
247 1.9952052454385671
248 2.8846853988062406
249 2.8846853988062406
250 3.354149226848671
251 3.354149226848671
252 3.5296085227858436
253 3.5296085227858436
254 2.3070192234806317
255 2.3070192234806317
256 1.6041494629241089
257 1.6041494629241089
258 1.6924667701412632
259 1.6924667701412632
260 2.4204243425478733
261 2.4204243425478733
262 2.6892641864883835
263 2.6892641864883835
264 3.143644391553298
265 3.143644391553298
266 2.459564816445946
267 2.459564816445946
268 3.349815789136087
269 3.349815789136087
270 2.6301675777801936
271 2.6301675777801936
272 2.1948923216763725
273 2.1948923216763725
274 2.819323382070415
275 2.819323382070415
276 2.4182198321336457
277 2.4182198321336457
278 1.754160592829821
279 1.754160592829821
280 2.0486202256228783
281 2.0486202256228783
282 1.2140702049715353
283 1.2140702049715353
284 2.331471646192057
285 2.331471646192057
286 2.767222474406167
287 2.767222474406167
288 1.1385579675816828
289 1.1385579675816828
290 2.651500384176061
291 2.651500384176061
292 1.6259353970802746
293 1.6259353970802746
294 2.2450361601257374
295 2.2450361601257374
296 3.3349229344429983
297 3.3349229344429983
298 1.68390472656753
299 1.68390472656753
300 1.6952038235601163
301 1.6952038235601163
302 3.0756659767762344
303 3.0756659767762344
304 1.5808257435606374
305 1.5808257435606374
306 2.862165163455817
307 2.862165163455817
308 1.9317179797420274
309 3.705337232861636
310 3.705337232861636
311 4.302110423713636
312 4.302110423713636
313 4.341120571911923
314 4.341120571911923
315 4.57929215511394
316 4.57929215511394
317 4.235093560612198
318 4.235093560612198
319 4.780948590502706
320 4.780948590502706
321 6.1780473307559625
322 6.1780473307559625
323 3.9107512017825394
324 3.9107512017825394
325 4.764835973772988
326 4.764835973772988
327 5.146907397002197
328 5.146907397002197
329 3.292539344400897
330 1.1523758261558532
331 1.1523758261558532
332 1.4736178193538902
333 1.4736178193538902
334 0.6649671115695812
335 0.6649671115695812
336 1.192466170881042
337 1.192466170881042
338 0.8705208403283407
339 0.8705208403283407
340 0.7260508208400387
341 0.7260508208400387
342 0.8635475280938237
343 0.8635475280938237
344 1.00889322091293
345 1.00889322091293
346 1.0613230128650064
347 1.0613230128650064
348 0.523755280486659
349 0.523755280486659
350 1.147400876950265
351 1.147400876950265
352 1.5939048672901655
353 1.5939048672901655
354 1.3997255279911995
355 1.3997255279911995
356 1.0541050431631183
357 1.0541050431631183
358 0.8487478226161036
359 0.8487478226161036
360 1.1089678762802322
361 1.1089678762802322
362 0.6648990190589423
363 0.6648990190589423
364 1.2705100760488373
365 1.2705100760488373
366 1.1736570258415486
367 1.1736570258415486
368 1.0105459136877792
369 1.0105459136877792
370 1.1755640834001932
371 1.1755640834001932
372 0.9524583512038624
373 0.9524583512038624
374 1.909237397385518
375 1.909237397385518
376 0.9921163689065812
377 0.9921163689065812
378 1.1010940373800613
379 1.1010940373800613
380 0.7196623831258225
381 0.7196623831258225
382 1.15284665666096
383 1.15284665666096
384 0.9866347717538291
385 0.9866347717538291
386 1.0744496306130067
387 1.0744496306130067
388 1.2776748080065972
389 1.2776748080065972
390 1.4793284453396103
391 1.4793284453396103
392 0.9560987827736116
393 0.9560987827736116
394 1.3698983353424568
395 1.3698983353424568
396 1.3385339690568763
397 1.3385339690568763
398 0.8094672753820413
399 0.8094672753820413
400 1.4909791337811775
401 1.4909791337811775
402 1.0356195128228638
403 1.0356195128228638
404 0.9071174515824428
405 0.9071174515824428
406 0.8877664352219904
407 0.8877664352219904
408 0.7201372068366975
409 0.7201372068366975
410 0.7219722825335116
411 0.7219722825335116
412 1.3928795100009568
413 1.3928795100009568
414 1.1909247563187015
415 1.1909247563187015
416 0.9451789928476495
417 0.9451789928476495
418 1.0760022714521937
419 1.0760022714521937
420 1.1307373594424375
421 1.1307373594424375
422 1.4706219815750945
423 1.4706219815750945
424 1.429779920375827
425 1.429779920375827
426 0.47875139339227535
427 0.47875139339227535
428 0.5505971213859622
429 0.5505971213859622
430 1.376144206615824
431 1.376144206615824
432 0.9358965282669766
433 0.9358965282669766
434 1.3186069248545833
435 1.3186069248545833
436 1.0392128264043026
437 1.0392128264043026
438 0.7963504825096075
439 0.7963504825096075
440 0.7475079091738043
441 0.7475079091738043
442 0.6132111430506664
443 0.6132111430506664
444 0.8086376878079258
445 0.8086376878079258
446 0.6642105442472463
447 0.6642105442472463
448 0.5168859699643354
449 0.5168859699643354
450 0.5214005366185446
451 0.5214005366185446
452 0.731524547008322
453 0.731524547008322
454 0.7370212366169663
455 0.7370212366169663
456 0.533735817168599
457 0.533735817168599
458 0.6870109979061301
459 0.6870109979061301
460 0.5319054557145586
461 0.5319054557145586
462 0.3747061041878993
463 0.3747061041878993
464 0.6680444478908304
465 0.6680444478908304
466 0.7392115973152962
467 0.7392115973152962
468 0.6254068727058217
469 0.6254068727058217
470 0.33139121821819106
471 0.33139121821819106
472 0.6167400885285831
473 0.6167400885285831
474 0.6479981856883372
475 0.6479981856883372
476 0.2997246561674421
477 0.2997246561674421
478 0.5019328380142023
479 0.5019328380142023
480 1.080394680510087
481 1.080394680510087
482 0.7235320770696997
483 0.7235320770696997
484 0.7980963101153862
485 0.7980963101153862
486 0.8132001351761068
487 0.8132001351761068
488 0.6746192045744821
489 0.6746192045744821
490 0.7884955259486227
491 0.7884955259486227
492 0.5238469168488957
493 0.5238469168488957
494 0.8683957657818148
495 0.8683957657818148
496 0.7652963853298232
497 0.7652963853298232
498 0.8239428245106496
499 0.8239428245106496
500 0.6363959368096754
501 0.6363959368096754
502 0.5372409792428656
503 0.5372409792428656
504 0.8298893169420285
505 0.8298893169420285
506 0.9695848319496625
507 0.9695848319496625
508 0.6497454915125755
509 0.6497454915125755
510 0.5986098240214274
511 0.5986098240214274
512 0.7183537915486514
513 0.7183537915486514
514 0.8467221524889476
515 0.8467221524889476
516 0.6525923130380435
517 0.6525923130380435
518 0.41562632466951455
519 0.41562632466951455
520 0.5372588256569741
521 0.5372588256569741
522 0.45089408023216637
523 0.45089408023216637
524 0.9865627521241599
525 0.9865627521241599
526 0.6701718091409408
527 0.6701718091409408
528 0.8114545005315426
529 0.8114545005315426
530 0.5601341169856258
531 0.5601341169856258
532 0.6451792728530964
533 0.6451792728530964
534 0.8716280806976228
535 0.8716280806976228
536 0.5087674201146914
537 0.5087674201146914
538 0.74238280628674
539 0.74238280628674
540 0.59520642028536
541 0.59520642028536
542 0.8668583568236587
543 0.8668583568236587
544 0.7782681268663276
545 0.7782681268663276
546 0.42013640198944097
547 1.8500118973427306
548 1.8500118973427306
549 1.0606317899418714
550 1.0606317899418714
551 1.5453604759827704
552 1.5453604759827704
553 2.154277834323087
554 2.154277834323087
555 1.3382062068770255
556 1.3382062068770255
557 1.4181948466387808
558 1.4181948466387808
559 2.0461591856279107
560 2.0461591856279107
561 1.4314209368760884
562 1.4314209368760884
563 1.6258976998466976
564 1.6258976998466976
565 2.459502256440713
566 2.459502256440713
567 1.9032334654341199
568 1.9032334654341199
569 2.2936223539830043
570 2.2936223539830043
571 1.7150955649283706
572 1.7150955649283706
573 1.4016103190784657
574 1.4016103190784657
575 1.4304960626612357
576 1.4304960626612357
577 1.9341246208439797
578 1.9341246208439797
579 1.4948700841058356
580 1.4948700841058356
581 3.0738772064660482
582 3.0738772064660482
583 2.5756344498689163
584 2.5756344498689163
585 1.633727618606292
586 1.633727618606292
587 4.6260966515073125
588 4.6260966515073125
589 3.581117679792852
590 3.581117679792852
591 2.6855494953942776
592 2.6855494953942776
593 4.185617703534048
594 4.185617703534048
595 3.973340349536253
596 3.973340349536253
597 3.218868890486415
598 3.218868890486415
599 3.5477274167125907
600 3.5477274167125907
601 4.968851227366446
602 4.968851227366446
603 4.845451910935365
604 4.845451910935365
605 3.453917513424529
606 3.453917513424529
607 3.1452866981499943
608 3.1452866981499943
609 4.083894941873254
610 4.083894941873254
611 3.8496511783055904
612 3.8496511783055904
613 3.176563032383923
614 3.176563032383923
615 3.7691211482778435
616 3.7691211482778435
617 4.25763106147
618 4.25763106147
619 3.3940945392432287
620 3.3940945392432287
621 4.12878254712711
622 4.12878254712711
623 2.4834518906571956
624 2.4834518906571956
625 4.588358581093338
626 4.588358581093338
627 3.8212741808706707
628 3.8212741808706707
629 1.8929097520824296
630 1.8929097520824296
631 0.9605326459746082
632 0.9605326459746082
633 1.8018180658332514
634 1.8018180658332514
635 1.1181678045639107
636 1.1181678045639107
637 1.7943756726065079
638 1.7943756726065079
639 2.1436518512027636
640 2.1436518512027636
641 1.0115348917048235
642 1.0115348917048235
643 1.0489865520084753
644 1.0489865520084753
645 1.610858958312831
646 1.610858958312831
647 2.013006522836525
648 2.013006522836525
649 1.4874505761172663
650 1.4874505761172663
651 1.3474554863850252
652 1.3474554863850252
653 1.6634628827130646
654 1.6634628827130646
655 1.752445286101426
656 1.752445286101426
657 2.0092199771845567
658 2.0092199771845567
659 1.7309230454480358
660 1.7309230454480358
661 1.5994597295454922
662 1.5994597295454922
663 1.4618726729568117
664 1.4618726729568117
665 0.8768294783702907
666 0.8768294783702907
667 1.7897934208356852
668 1.7897934208356852
669 1.6982105923046562
670 1.6982105923046562
671 1.1992065285721023
672 1.1992065285721023
673 1.7092988608557713
674 1.7092988608557713
675 1.6914283498787455
676 1.6914283498787455
677 1.5046667144035575
678 1.5046667144035575
679 1.2956171001463008
680 1.2956171001463008
681 1.2479164969037628
682 1.2479164969037628
683 1.5481624315632947
684 1.5481624315632947
685 1.329739679791603
686 1.329739679791603
687 1.78843750649214
688 1.78843750649214
689 1.4179689628844845
690 1.4179689628844845
691 1.6496274488824965
692 1.6496274488824965
693 1.38698888906429
694 1.38698888906429
695 1.954504021000529
696 1.954504021000529
697 0.9806687869432493
698 0.9806687869432493
699 1.4727646280398285
700 1.4727646280398285
701 2.3375924718148955
702 2.3375924718148955
703 1.601566650878177
704 1.601566650878177
705 1.007851223210757
706 1.007851223210757
707 1.2796673924644244
708 1.2796673924644244
709 2.2890385228141503
710 2.2890385228141503
711 1.568796758338851
712 1.568796758338851
713 2.087794688855264
714 2.087794688855264
715 1.1790946494885106
716 1.1790946494885106
717 1.1059446340874948
718 1.1059446340874948
719 1.2632199760663951
720 1.2632199760663951
721 1.9814436681407501
722 1.9814436681407501
723 3.503102602406845
724 3.503102602406845
725 2.7548820466344166
726 2.7548820466344166
727 2.903105829157534
728 2.903105829157534
729 3.021198774835664
730 3.021198774835664
731 3.473825580791407
732 3.473825580791407
733 2.983892810617186
734 2.983892810617186
735 4.384344878157822
736 4.384344878157822
737 3.788416027920731
738 3.788416027920731
739 4.672971776987714
740 4.672971776987714
741 3.985412535876947
742 3.985412535876947
743 2.562927603976222
744 0.5553148620221507
745 0.5553148620221507
746 0.69682847645767
747 0.69682847645767
748 0.5054787336766848
749 0.5054787336766848
750 0.7526651119895359
751 0.7526651119895359
752 0.7378845373584844
753 0.7378845373584844
754 0.6911833749111869
755 0.6911833749111869
756 0.7262348107873179
757 0.7262348107873179
758 0.6514826769630774
759 0.6514826769630774
760 0.9615208020850106
761 0.9615208020850106
762 0.8026665224357917
763 0.8026665224357917
764 0.5941871801238925
765 0.5941871801238925
766 0.7153342869970499
767 0.7153342869970499
768 0.5437539028756232
769 0.5437539028756232
770 0.58250404438892
771 0.58250404438892
772 0.8633773048137927
773 0.8633773048137927
774 0.6796137145896887
775 0.6796137145896887
776 0.680905024087262
777 0.680905024087262
778 0.5931056891128202
779 0.5931056891128202
780 0.7853271721031989
781 0.7853271721031989
782 0.6383557535381297
783 0.6383557535381297
784 0.624021536156568
785 0.624021536156568
786 0.5823843936063824
787 0.5823843936063824
788 0.621480845786053
789 0.621480845786053
790 0.48734861743687985
791 0.48734861743687985
792 0.40238588210405285
793 0.40238588210405285
794 0.36595219299135995
795 0.36595219299135995
796 0.5312676191774124
797 0.5312676191774124
798 0.5952696757568221
799 0.5952696757568221
800 0.5838287515695165
801 0.5838287515695165
802 0.7440793530255561
803 0.7440793530255561
804 0.5105484055932175
805 0.5105484055932175
806 0.5389566213182516
807 0.5389566213182516
808 0.5110933932767439
809 0.5110933932767439
810 0.7896448461658262
811 0.7896448461658262
812 0.4619250527588685
813 0.4619250527588685
814 0.6959813094346228
815 0.6959813094346228
816 0.49880812002469854
817 0.49880812002469854
818 0.6364113924785127
819 0.6364113924785127
820 0.6059048524430741
821 0.6059048524430741
822 0.4478890845999578
823 0.4478890845999578
824 0.5884727327980969
825 0.5884727327980969
826 0.6937123938697299
827 0.6937123938697299
828 0.5643037577916504
829 0.5643037577916504
830 0.6963891847049061
831 0.6963891847049061
832 0.8975252225282182
833 0.8975252225282182
834 0.5086307848318867
835 0.5086307848318867
836 0.5365224662039133
837 0.5365224662039133
838 0.7329472036307849
839 0.7329472036307849
840 0.645537463968615
841 0.645537463968615
842 0.41842405858344855
843 0.41842405858344855
844 0.9681834785600942
845 0.9681834785600942
846 0.3394045425037489
847 0.3394045425037489
848 0.7372224465034276
849 0.7372224465034276
850 0.7549613444751571
851 0.7549613444751571
852 0.5416627012376947
853 0.5416627012376947
854 0.7531254535351408
855 0.7531254535351408
856 0.5748850370229333
857 0.5748850370229333
858 0.5556073266179591
859 0.5556073266179591
860 0.39235017117871823
861 0.39235017117871823
862 0.7569873466482349
863 0.7569873466482349
864 0.30084963296537887
865 0.30084963296537887
866 0.37250856087390216
867 0.37250856087390216
868 0.8096639406062928
869 0.8096639406062928
870 0.8305932209681773
871 0.8305932209681773
872 0.48375081073059656
873 0.48375081073059656
874 0.4873800057376626
875 0.4873800057376626
876 0.5485101769384317
877 0.5485101769384317
878 0.4302882946668977
879 0.4302882946668977
880 0.47678456385579804
881 0.47678456385579804
882 0.485493117784609
883 0.485493117784609
884 0.7158892556416444
885 0.7158892556416444
886 0.4401470424017748
887 0.4401470424017748
888 0.8404275069452323
889 0.8404275069452323
890 0.6797889878570725
891 0.6797889878570725
892 0.47593143163694485
893 0.47593143163694485
894 0.7100316537685102
895 0.7100316537685102
896 0.4695361554196239
897 0.4695361554196239
898 0.73858438291443
899 0.73858438291443
900 0.6638582135305565
901 0.6638582135305565
902 0.5389681138573382
903 0.5389681138573382
904 0.786146223067671
905 0.786146223067671
906 0.5925368019406215
907 0.5925368019406215
908 0.8653871306129843
909 0.8653871306129843
910 0.6776698382613972
911 0.6776698382613972
912 0.5508423879577602
913 0.5508423879577602
914 0.7178299942698747
915 0.7178299942698747
916 0.4535341727103108
917 0.4535341727103108
918 0.8600429473202641
919 0.8600429473202641
920 0.8184430186208431
921 0.8184430186208431
922 2.45927119698029
923 2.45927119698029
924 3.8651255777065017
925 3.8651255777065017
926 3.432172491876535
927 3.432172491876535
928 3.664016679664666
929 3.664016679664666
930 1.8691860320599538
931 1.8691860320599538
932 3.0178546702124747
933 3.0178546702124747
934 2.7634863342967497
935 2.7634863342967497
936 3.404646355817693
937 3.404646355817693
938 2.563339083752254
939 2.563339083752254
940 2.7816030424455933
941 2.7816030424455933
942 2.7810940281767587
943 2.7810940281767587
944 3.370580657804437
945 3.370580657804437
946 1.821366933620504
947 1.821366933620504
948 3.9898090973549087
949 3.9898090973549087
950 2.830604051434368
951 2.830604051434368
952 2.6124366998902384
953 2.6124366998902384
954 2.437136290394802
955 2.437136290394802
956 3.0521090620831126
957 3.0521090620831126
958 2.5400563321093985
959 2.5400563321093985
960 3.182933508678302
961 3.182933508678302
962 2.4057755499776223
963 2.4057755499776223
964 3.3963203261098576
965 3.3963203261098576
966 1.6742338258312497
967 1.6742338258312497
968 3.4272423130448195
969 3.4272423130448195
970 3.1388869981595082
971 3.1388869981595082
972 3.4307748296569134
973 3.4307748296569134
974 3.3258180305228326
975 3.3258180305228326
976 3.0295509675168786
977 3.0295509675168786
978 2.892136021106493
979 2.892136021106493
980 2.0895562433502586
981 2.0895562433502586
982 3.022598504016402
983 3.022598504016402
984 3.4962368369254517
985 3.4962368369254517
986 2.564977769283874
987 2.564977769283874
988 3.9883196182441445
989 3.9883196182441445
990 2.9429845585893006
991 2.9429845585893006
992 1.717616928729132
993 1.717616928729132
994 3.1694729608858494
995 3.1694729608858494
996 2.292575759349174
997 2.292575759349174
998 3.944190129168706
999 3.944190129168706
1000 3.091194104550118
1001 3.091194104550118
1002 3.5675375113367305
1003 3.5675375113367305
1004 3.3411695023273036
1005 3.3411695023273036
1006 2.619728664191781
1007 2.619728664191781
1008 3.2546918963445557
1009 3.2546918963445557
1010 2.9506224882325984
1011 2.9506224882325984
1012 3.4304433234758966
1013 3.4304433234758966
1014 1.6649736760830613
1015 1.6649736760830613
1016 3.2431686005950793
1017 3.2431686005950793
1018 3.857680767952405
1019 3.857680767952405
1020 3.4385068572481847
1021 3.4385068572481847
1022 4.294791132471201
1023 4.294791132471201
1024 2.0446747310940596
1025 2.0446747310940596
1026 2.553302739041691
1027 2.553302739041691
1028 3.3082224096117034
1029 3.3082224096117034
1030 2.8006310274940915
1031 2.8006310274940915
1032 3.818008382578446
1033 3.818008382578446
1034 4.371429418807155
1035 4.371429418807155
1036 2.3210897899137652
1037 2.3210897899137652
1038 2.8924889726770635
1039 2.8924889726770635
1040 3.0326548955202233
1041 3.0326548955202233
1042 2.4906939529236367
1043 2.4906939529236367
1044 3.009536107911513
1045 3.009536107911513
1046 2.6459611421795923
1047 2.6459611421795923
1048 2.4433374560852252
1049 2.4433374560852252
1050 2.8144772958783184
1051 2.8144772958783184
1052 3.3871613446971165
1053 3.3871613446971165
1054 2.2759778867973766
1055 2.2759778867973766
1056 3.4324117973420445
1057 3.4324117973420445
1058 3.35506723459718
1059 3.35506723459718
1060 2.218213560140184
1061 2.218213560140184
1062 1.9455959258470257
1063 1.9455959258470257
1064 3.2903704207553472
1065 3.2903704207553472
1066 3.097464324251131
1067 3.097464324251131
1068 2.5447408899025272
1069 2.5447408899025272
1070 3.0567932426018873
1071 3.0567932426018873
1072 2.7432489483211056
1073 2.7432489483211056
1074 3.5863741111829457
1075 3.5863741111829457
1076 3.516062366173241
1077 3.516062366173241
1078 2.6321988876042433
1079 2.6321988876042433
1080 2.6776858717506986
1081 2.6776858717506986
1082 2.140361888029866
1083 2.140361888029866
1084 1.9878563548945338
1085 1.9878563548945338
1086 3.4629806541795354
1087 3.4629806541795354
1088 3.7656095314047286
1089 3.7656095314047286
1090 3.525212589051336
1091 3.525212589051336
1092 2.127375826022628
1093 2.127375826022628
1094 3.5062413431139268
1095 3.5062413431139268
1096 3.752288487338853
1097 3.752288487338853
1098 2.7907579692506777
1099 2.7907579692506777
1100 3.6972718453933857
1101 3.6972718453933857
1102 3.3813055035421398
1103 3.3813055035421398
1104 3.267098661975244
1105 3.267098661975244
1106 1.859011237626248
1107 1.859011237626248
1108 2.361793665207105
1109 2.361793665207105
1110 2.5105290508929112
1111 2.5105290508929112
1112 2.9441085103211146
1113 2.9441085103211146
1114 4.10670369189237
1115 4.10670369189237
1116 2.1328462438414375
1117 2.1328462438414375
1118 0.9206534980601258
1119 0.9206534980601258
1120 1.8887141158664467
1121 1.8887141158664467
1122 2.2478316503071065
1123 2.2478316503071065
1124 1.8612434671315514
1125 1.8612434671315514
1126 3.812060121799508
1127 3.812060121799508
1128 2.7352730101938088
1129 2.7352730101938088
1130 1.783156440958566
1131 1.783156440958566
1132 2.1897103582139934
1133 2.1897103582139934
1134 3.0513011313063036
1135 3.0513011313063036
1136 2.114125312661703
1137 2.114125312661703
1138 3.2023864754436104
1139 3.2023864754436104
1140 2.0372915565865775
1141 2.0372915565865775
1142 3.242250301133397
1143 3.242250301133397
1144 2.0201466129430137
1145 2.0201466129430137
1146 3.728379621103923
1147 3.728379621103923
1148 2.700008412415788
1149 2.700008412415788
1150 2.6045868463610047
1151 2.6045868463610047
1152 3.1648394778904145
1153 3.1648394778904145
1154 1.979357256017602
1155 1.979357256017602
1156 3.1543467944386574
1157 3.1543467944386574
1158 3.645368443608558
1159 3.645368443608558
1160 3.3959600285032776
1161 3.3959600285032776
1162 2.0464083991166078
1163 2.0464083991166078
1164 2.049949556089647
1165 2.049949556089647
1166 2.416267087302506
1167 2.416267087302506
1168 1.8332858449905738
1169 1.8332858449905738
1170 1.8416824331893236
1171 1.8416824331893236
1172 2.683638442152462
1173 2.683638442152462
1174 2.1825276756410794
1175 2.1825276756410794
1176 2.6410256140711486
1177 2.6410256140711486
1178 3.484867108501704
1179 3.484867108501704
1180 3.0517445089745676
1181 3.0517445089745676
1182 0.9718283513055017
1183 0.9718283513055017
1184 1.9267723027386594
1185 1.9267723027386594
1186 3.198899355693088
1187 3.198899355693088
1188 4.314094798253992
1189 4.314094798253992
1190 1.9753373046110538
1191 1.9753373046110538
1192 2.854898791788019
1193 2.854898791788019
1194 3.280304946112157
1195 3.280304946112157
1196 2.0195402292382387
1197 2.0195402292382387
1198 2.932037257095665
1199 2.932037257095665
1200 4.170538355430132
1201 4.170538355430132
1202 3.7389404789288516
1203 3.7389404789288516
1204 3.2778701707479616
1205 3.2778701707479616
1206 3.011206770107572
1207 3.011206770107572
1208 2.453238503563076
1209 2.453238503563076
1210 3.2962979263470813
1211 3.2962979263470813
1212 3.0887217649484873
1213 3.0887217649484873
1214 2.6713520577434804
1215 2.6713520577434804
1216 3.222295077448707
1217 3.222295077448707
1218 3.298654988318245
1219 3.298654988318245
1220 2.2151545624860627
1221 2.2151545624860627
1222 2.311506390094035
1223 2.311506390094035
1224 2.6871655448349014
1225 2.6871655448349014
1226 3.6445803986772853
1227 3.6445803986772853
1228 3.733775960109713
1229 3.733775960109713
1230 4.467843412354144
1231 4.467843412354144
1232 3.0770164290514392
1233 3.0770164290514392
1234 3.4186790979580537
1235 3.4186790979580537
1236 1.693054415878598
1237 1.693054415878598
1238 2.9684767893708326
1239 2.9684767893708326
1240 2.321078611568011
1241 2.321078611568011
1242 1.8970819743329324
1243 1.8970819743329324
1244 1.9079465768733357
1245 1.9079465768733357
1246 2.4472829887296337
1247 2.4472829887296337
1248 3.4797714434986617
1249 3.4797714434986617
1250 2.9148557299237106
1251 2.9148557299237106
1252 2.5857049388381728
1253 2.5857049388381728
1254 3.3730699605020944
1255 3.3730699605020944
1256 3.06117303286641
1257 3.06117303286641
1258 2.38551137919627
1259 2.38551137919627
1260 2.2804648736245934
1261 2.2804648736245934
1262 2.299040846470411
1263 2.299040846470411
1264 3.7344399834439352
1265 3.7344399834439352
1266 3.940090577550163
1267 3.940090577550163
1268 2.9875766478561467
1269 2.9875766478561467
1270 2.3085872966432373
1271 2.3085872966432373
1272 3.5032965349847474
1273 3.5032965349847474
1274 3.278517449802546
1275 3.278517449802546
1276 1.7840629140476114
1277 1.7840629140476114
1278 3.7742364923642735
1279 3.7742364923642735
1280 3.4508982374635333
1281 3.4508982374635333
1282 3.8174020085906704
1283 3.8174020085906704
1284 3.2836019094944513
1285 3.2836019094944513
1286 2.2189219912069
1287 2.2189219912069
1288 3.330163855020684
1289 3.330163855020684
1290 1.760270268484704
1291 1.760270268484704
1292 3.690392892808518
1293 3.690392892808518
1294 3.388596923629322
1295 3.388596923629322
1296 3.4783899025879683
1297 3.4783899025879683
1298 4.003526625538679
1299 4.003526625538679
1300 2.2588372130309904
1301 2.2588372130309904
1302 2.964617153935812
1303 2.964617153935812
1304 3.176499018041083
1305 3.176499018041083
1306 4.6481212421358045
1307 4.6481212421358045
1308 1.941851836381821
1309 1.941851836381821
1310 2.7982012132884893
1311 2.7982012132884893
1312 3.184052675415839
1313 3.184052675415839
1314 3.0897315773993874
1315 3.0897315773993874
1316 2.934162612288175
1317 2.934162612288175
1318 2.8222188792871528
1319 2.8222188792871528
1320 4.479466710911671
1321 4.479466710911671
1322 1.9396762285865459
1323 1.9396762285865459
1324 3.376063530437324
1325 3.376063530437324
1326 3.2545497228912335
1327 3.2545497228912335
1328 3.5389281033771156
1329 3.5389281033771156
1330 4.148184209853183
1331 4.148184209853183
1332 1.9463438389636871
1333 1.9463438389636871
1334 2.1320295122577018
1335 2.1320295122577018
1336 3.295743014360935
1337 3.295743014360935
1338 3.8309767389917315
1339 3.8309767389917315
1340 3.6197066192942366
1341 3.6197066192942366
1342 3.632396479878566
1343 3.632396479878566
1344 2.2307162492457766
1345 2.2307162492457766
1346 2.0996872360113468
1347 2.0996872360113468
1348 3.7762004874592994
1349 3.7762004874592994
1350 3.434334953527199
1351 3.434334953527199
1352 2.6523358373723873
1353 2.6523358373723873
1354 3.459168198573897
1355 3.459168198573897
1356 2.92362772765553
1357 2.92362772765553
1358 3.3597556875924983
1359 3.3597556875924983
1360 2.0707440036847418
1361 2.0707440036847418
1362 4.019258050930912
1363 4.019258050930912
1364 3.765225231264918
1365 3.765225231264918
1366 3.4600783020170804
1367 3.4600783020170804
1368 2.851676270660291
1369 2.851676270660291
1370 3.2137847024960915
1371 3.2137847024960915
1372 1.9710339366252496
1373 1.9710339366252496
1374 1.6503101778227094
1375 1.6503101778227094
1376 4.2099252906864155
1377 4.2099252906864155
1378 3.5539063579316696
1379 3.5539063579316696
1380 2.2503486421218275
1381 2.2503486421218275
1382 2.571027568152875
1383 2.571027568152875
1384 3.2848793752494228
1385 3.2848793752494228
1386 2.979639138935769
1387 2.979639138935769
1388 2.5390970846883807
1389 2.5390970846883807
1390 3.1486938892619136
1391 3.1486938892619136
1392 1.9594669436644836
1393 1.9594669436644836
1394 2.3621779253284116
1395 2.3621779253284116
1396 3.3913964701990102
1397 3.3913964701990102
1398 1.6007095969537832
1399 3.829295268486273
1400 3.829295268486273
1401 4.347603093981861
1402 4.347603093981861
1403 2.116825628040155
1404 2.116825628040155
1405 3.1813794733224516
1406 3.1813794733224516
1407 3.591579358238368
1408 3.591579358238368
1409 4.74143854335441
1410 4.74143854335441
1411 2.8152694993713574
1412 2.8152694993713574
1413 3.549334538964525
1414 3.549334538964525
1415 4.527059724402114
1416 4.527059724402114
1417 4.148328589757162
1418 4.148328589757162
1419 2.9876908976675667
1420 2.9876908976675667
1421 2.986334114507019
1422 2.986334114507019
1423 3.2603650914793887
1424 3.2603650914793887
1425 3.489730654368799
1426 3.489730654368799
1427 2.891378376869615
1428 2.891378376869615
1429 3.325793318862783
1430 3.325793318862783
1431 2.439430232605694
1432 2.439430232605694
1433 3.1387229242929084
1434 3.1387229242929084
1435 3.9495182936287057
1436 3.9495182936287057
1437 4.864421173151014
1438 4.864421173151014
1439 5.2295828309571295
1440 5.2295828309571295
1441 3.026536653839848
1442 3.026536653839848
1443 1.9138150435049612
1444 1.9138150435049612
1445 4.287593982146274
1446 4.287593982146274
1447 4.3523121223297165
1448 4.3523121223297165
1449 3.7452302247305775
1450 3.7452302247305775
1451 4.303666979665468
1452 4.303666979665468
1453 3.025560083918287
1454 3.025560083918287
1455 3.6445400792230584
1456 3.6445400792230584
1457 3.3539351063352782
1458 3.3539351063352782
1459 4.217920660338252
1460 4.217920660338252
1461 3.271383678519832
1462 3.271383678519832
1463 2.48848690051371
1464 2.48848690051371
1465 2.416682623173773
1466 2.416682623173773
1467 3.288397041603413
1468 3.288397041603413
1469 2.421923755419727
1470 2.421923755419727
1471 3.9314554011854543
1472 3.9314554011854543
1473 3.27903226552683
1474 3.27903226552683
1475 3.0351712496219516
1476 3.0351712496219516
1477 3.047439878232109
1478 3.047439878232109
1479 4.209005830393963
1480 4.209005830393963
1481 4.349816673365124
1482 4.349816673365124
1483 3.366255988441832
1484 3.366255988441832
1485 3.89815317166857
1486 3.89815317166857
1487 3.6303107254612565
1488 3.6303107254612565
1489 3.1526513382094294
1490 3.1526513382094294
1491 2.1860000779887923
1492 2.1860000779887923
1493 4.111820027737013
1494 4.111820027737013
1495 1.9921750693757418
1496 1.9921750693757418
1497 2.6959984338538328
1498 2.6959984338538328
1499 1.1630299683235648
1500 1.1630299683235648
1501 2.631383808563354
1502 2.631383808563354
1503 1.5791996537994835
1504 1.5791996537994835
1505 1.891526177195576
1506 1.891526177195576
1507 2.131277860766581
1508 2.131277860766581
1509 2.082781822161662
1510 2.082781822161662
1511 1.8525736746699932
1512 1.8525736746699932
1513 2.5193436858645883
1514 2.5193436858645883
1515 2.8805263893790585
1516 2.8805263893790585
1517 1.55892136614532
1518 1.55892136614532
1519 1.6408369193860213
1520 1.6408369193860213
1521 1.1826150501138017
1522 1.1826150501138017
1523 1.4648563508928385
1524 1.4648563508928385
1525 2.4026351544696967
1526 2.4026351544696967
1527 2.0691625777183273
1528 2.0691625777183273
1529 1.245978704522258
1530 1.245978704522258
1531 1.339584594483189
1532 1.339584594483189
1533 2.643690360447278
1534 2.643690360447278
1535 2.4135377112409966
1536 2.4135377112409966
1537 2.867280939258017
1538 2.867280939258017
1539 2.46082841834164
1540 2.46082841834164
1541 2.458333811112557
1542 2.458333811112557
1543 2.094020105963837
1544 2.094020105963837
1545 2.1650477022842294
1546 2.1650477022842294
1547 1.8568984206162964
1548 1.8568984206162964
1549 1.7589013435963854
1550 1.7589013435963854
1551 2.2183424855333795
1552 2.2183424855333795
1553 2.1535677993971936
1554 2.1535677993971936
1555 2.6298635670148345
1556 2.6298635670148345
1557 1.7143886959936776
1558 1.7143886959936776
1559 1.1984342241640222
1560 1.1984342241640222
1561 2.4163037277504946
1562 2.4163037277504946
1563 2.5237461623044704
1564 2.5237461623044704
1565 2.1423660916682867
1566 2.1423660916682867
1567 2.356417491102203
1568 2.356417491102203
1569 2.246628742131024
1570 2.246628742131024
1571 1.8495020518724243
1572 1.8495020518724243
1573 2.773322147267473
1574 2.773322147267473
1575 2.478588435805164
1576 2.478588435805164
1577 1.911829134190845
1578 1.911829134190845
1579 1.833691229987802
1580 1.833691229987802
1581 1.0069604845868976
1582 1.0069604845868976
1583 2.852496121533853
1584 2.852496121533853
1585 1.717971475229521
1586 1.717971475229521
1587 3.0532235037683684
1588 3.0532235037683684
1589 1.8338791687841074
1590 1.8338791687841074
1591 1.8438742053014097
1592 1.8438742053014097
1593 2.0939664804522695
1594 2.0939664804522695
1595 2.2663796294879104
1596 2.2663796294879104
1597 1.9365265895588113
1598 1.9365265895588113
1599 1.9328938702066987
1600 1.9328938702066987
1601 2.179057734363765
1602 2.179057734363765
1603 1.2568764494903595
1604 1.2568764494903595
1605 1.8969702747743398
1606 1.8969702747743398
1607 2.0547581353793873
1608 2.0547581353793873
1609 2.4156933904925784
1610 2.4156933904925784
1611 2.2293565857849806
1612 2.2293565857849806
1613 1.7601772925621404
1614 3.5331852889581947
1615 3.5331852889581947
1616 2.9011569116597133
1617 2.9011569116597133
1618 3.954667342225837
1619 3.954667342225837
1620 2.54138272152284
1621 2.54138272152284
1622 1.4394618808059156
1623 1.4394618808059156
1624 2.284796131023256
1625 2.284796131023256
1626 2.8629779318614754
1627 2.8629779318614754
1628 3.1608933780687694
1629 3.1608933780687694
1630 2.413411337914523
1631 2.413411337914523
1632 3.8978631547462443
1633 3.8978631547462443
1634 3.1888470072444832
1635 3.1888470072444832
1636 2.6627189022022058
1637 2.6627189022022058
1638 3.728035416875538
1639 3.728035416875538
1640 2.4147252452259234
1641 2.4147252452259234
1642 3.216816548681253
1643 3.216816548681253
1644 2.7388942851325297
1645 2.7388942851325297
1646 1.498970194274476
1647 1.498970194274476
1648 2.071490162148434
1649 2.071490162148434
1650 1.9277261657793368
1651 1.9277261657793368
1652 3.094024129321998
1653 3.094024129321998
1654 3.028324549344377
1655 3.028324549344377
1656 2.42010087570419
1657 2.42010087570419
1658 2.8524197640510733
1659 2.8524197640510733
1660 3.0496051785364817
1661 3.0496051785364817
1662 2.405088244951348
1663 2.405088244951348
1664 2.5846401106308137
1665 2.5846401106308137
1666 3.1664774199921055
1667 3.1664774199921055
1668 2.386702147185039
1669 2.386702147185039
1670 2.4535924837548992
1671 2.4535924837548992
1672 3.7533132340629862
1673 3.7533132340629862
1674 2.6394875715860207
1675 2.6394875715860207
1676 2.1741760848650467
1677 2.1741760848650467
1678 0.7901205237934941
1679 0.7901205237934941
1680 1.1170297174079613
1681 1.1170297174079613
1682 1.0008365360308593
1683 1.0008365360308593
1684 1.3202156933374183
1685 1.3202156933374183
1686 1.7256581836650506
1687 1.7256581836650506
1688 1.1587527336638033
1689 1.1587527336638033
1690 1.1905332590571875
1691 1.1905332590571875
1692 1.2688318388101816
1693 1.2688318388101816
1694 1.26011617430798
1695 1.26011617430798
1696 0.9674904213011122
1697 0.9674904213011122
1698 0.9058229836671321
1699 0.9058229836671321
1700 0.9562168399996889
1701 0.9562168399996889
1702 0.8125820110873898
1703 0.8125820110873898
1704 1.4639899804835028
1705 1.4639899804835028
1706 0.9089733299006992
1707 0.9089733299006992
1708 1.6301228294707073
1709 1.6301228294707073
1710 1.2593720202477245
1711 1.2593720202477245
1712 1.2355237424097598
1713 1.2355237424097598
1714 1.2249444521598791
1715 2.8288500705394917
1716 2.8288500705394917
1717 3.6930446420235667
1718 3.6930446420235667
1719 2.9758612293459823
1720 2.9758612293459823
1721 4.10553144033921
1722 4.10553144033921
1723 4.177589865951472
1724 4.177589865951472
1725 5.2283260657287265
1726 5.2283260657287265
1727 4.9638265825624455
1728 4.9638265825624455
1729 5.794883273920326
1730 5.794883273920326
1731 6.279527627897922
1732 6.279527627897922
1733 3.8940483015467575
1734 3.8940483015467575
1735 2.883060422367262
1736 2.883060422367262
1737 3.779184086953109
1738 3.779184086953109
1739 3.262256691811027
1740 3.262256691811027
1741 3.777042054806446
1742 3.777042054806446
1743 2.767998906362033
1744 2.767998906362033
1745 2.6062664981872166
1746 2.6062664981872166
1747 4.4768965369148415
1748 4.4768965369148415
1749 4.686104812358194
1750 4.686104812358194
1751 3.844073715164617
1752 3.844073715164617
1753 3.382680346695044
1754 3.382680346695044
1755 4.027609868281887
1756 4.027609868281887
1757 2.9649386062048744
1758 2.9649386062048744
1759 2.930527909013164
1760 2.930527909013164
1761 3.1685353972001638
1762 3.1685353972001638
1763 3.6008705525350604
1764 3.6008705525350604
1765 5.114897920714382
1766 5.114897920714382
1767 3.0956485763676755
1768 3.0956485763676755
1769 3.6960182355817457
1770 3.6960182355817457
1771 2.8081610716693644
1772 2.8081610716693644
1773 3.3849801882363275
1774 3.3849801882363275
1775 4.159434443917084
1776 4.159434443917084
1777 4.2599780335952016
1778 4.2599780335952016
1779 3.605121041644869
1780 3.605121041644869
1781 3.22291482159258
1782 3.22291482159258
1783 3.6345488697396897
1784 3.6345488697396897
1785 4.163576036338526
1786 4.163576036338526
1787 3.9899378716899894
1788 3.9899378716899894
1789 4.1660376844721725
1790 4.1660376844721725
1791 2.928313973002225
1792 2.928313973002225
1793 2.585009249307248
1794 2.585009249307248
1795 4.630945147769838
1796 4.630945147769838
1797 3.209969923747923
1798 3.209969923747923
1799 4.684809405117697
1800 4.684809405117697
1801 4.220761551072524
1802 4.220761551072524
1803 3.1555796129640497
1804 3.1555796129640497
1805 3.987608221144393
1806 3.987608221144393
1807 3.1282825874518463
1808 3.1282825874518463
1809 4.316853875329527
1810 4.316853875329527
1811 5.282438459587713
1812 5.282438459587713
1813 2.7130223619215745
1814 2.7130223619215745
1815 3.2991285900011675
1816 3.2991285900011675
1817 3.100830476038814
1818 3.100830476038814
1819 3.5836479021935816
1820 3.5836479021935816
1821 3.3547478091616822
1822 3.3547478091616822
1823 2.730630873158174
1824 2.730630873158174
1825 5.943567735747247
1826 5.943567735747247
1827 4.716808850379714
1828 4.716808850379714
1829 4.356345791266544
1830 4.356345791266544
1831 4.441348793060726
1832 4.441348793060726
1833 3.2285562929622778
1834 3.2285562929622778
1835 4.443685575691214
1836 4.443685575691214
1837 3.8861975302520224
1838 3.8861975302520224
1839 4.888924105549956
1840 4.888924105549956
1841 5.644842235437996
1842 5.644842235437996
1843 2.929783153582421
1844 2.929783153582421
1845 4.018710327670995
1846 4.018710327670995
1847 4.181220108681401
1848 4.181220108681401
1849 4.003614513165206
1850 4.003614513165206
1851 5.591222258031818
1852 5.591222258031818
1853 4.113486121363335
1854 4.113486121363335
1855 3.3674698877478275
1856 3.3674698877478275
1857 3.4391003618741296
1858 3.4391003618741296
1859 4.364621637575385
1860 4.364621637575385
1861 4.23752423865949
1862 4.23752423865949
1863 3.306411494632219
1864 3.306411494632219
1865 3.8425858177347783
1866 3.8425858177347783
1867 4.2693647961590955
1868 4.2693647961590955
1869 3.4652195053916315
1870 3.4652195053916315
1871 2.973519673422146
1872 2.973519673422146
1873 4.190605672163287
1874 4.190605672163287
1875 3.0128469753512372
1876 3.0128469753512372
1877 3.9308849441342844
1878 3.9308849441342844
1879 3.4202099746189214
1880 3.4202099746189214
1881 4.015124715381101
1882 4.015124715381101
1883 5.500129797676724
1884 5.500129797676724
1885 4.3877479082705335
1886 4.3877479082705335
1887 4.924319263070915
1888 4.924319263070915
1889 4.336571522984343
1890 4.336571522984343
1891 4.781819510798373
1892 4.781819510798373
1893 3.458203238555043
1894 3.458203238555043
1895 5.924845856492491
1896 5.924845856492491
1897 3.5591752218777417
1898 3.5591752218777417
1899 4.471646254512005
1900 4.471646254512005
1901 4.062834860914893
1902 4.062834860914893
1903 4.0140983973414235
1904 4.0140983973414235
1905 4.162493672219242
1906 4.162493672219242
1907 2.854274529347507
1908 2.854274529347507
1909 4.372702648633225
1910 4.372702648633225
1911 5.479844465896215
1912 5.479844465896215
1913 3.633639517322579
1914 3.633639517322579
1915 4.072403420952795
1916 4.072403420952795
1917 2.6663284353292784
1918 2.6663284353292784
1919 4.350039336951535
1920 4.350039336951535
1921 2.8773269339475864
1922 2.8773269339475864
1923 4.157648322424256
1924 4.157648322424256
1925 4.130886700916194
1926 4.130886700916194
1927 3.4580165334120876
1928 3.4580165334120876
1929 4.456777619344833
1930 4.456777619344833
1931 3.5729928351509375
1932 3.5729928351509375
1933 5.335182282848985
1934 5.335182282848985
1935 4.433041929631489
1936 4.433041929631489
1937 4.91376783884769
1938 4.91376783884769
1939 4.391543317352985
1940 4.391543317352985
1941 2.903288371604341
1942 2.903288371604341
1943 4.209237454862386
1944 4.209237454862386
1945 4.602638691306416
1946 4.602638691306416
1947 3.367607685639494
1948 3.367607685639494
1949 4.764405489675681
1950 4.764405489675681
1951 3.9338631832337096
1952 3.9338631832337096
1953 2.912741613757242
1954 2.912741613757242
1955 3.1983080465576728
1956 3.1983080465576728
1957 3.4826740525408324
1958 3.4826740525408324
1959 2.852485084190998
1960 2.852485084190998
1961 3.5194937145874055
1962 3.5194937145874055
1963 4.22267187333921
1964 4.22267187333921
1965 2.7369018564471306
1966 2.7369018564471306
1967 2.349148082784505
1968 2.349148082784505
1969 2.7978993322550307
1970 2.7978993322550307
1971 4.019918119963854
1972 4.019918119963854
1973 4.098264710380143
1974 4.098264710380143
1975 3.4593557741432583
1976 3.4593557741432583
1977 4.718120327332554
1978 4.718120327332554
1979 3.803297311415358
1980 3.803297311415358
1981 3.492947365256959
1982 3.492947365256959
1983 3.4251209460665235
1984 3.4251209460665235
1985 4.734896145388667
1986 4.734896145388667
1987 2.9109935873456063
1988 2.9109935873456063
1989 4.021993476140449
1990 4.021993476140449
1991 4.315814952722907
1992 4.315814952722907
1993 2.7318953712102254
1994 2.7318953712102254
1995 4.391845007260757
1996 4.391845007260757
1997 3.936371960615199
1998 3.936371960615199
1999 3.256254389833804
