0 2.2810373025431816
1 2.2810373025431816
2 2.2810373025431816
3 0.47874226169415923
4 0.47874226169415923
5 0.47874226169415923
6 1.9540155806391386
7 1.9540155806391386
8 1.9540155806391386
9 0.3969606065242024
10 0.3969606065242024
11 0.3969606065242024
12 2.183942880281779
13 2.183942880281779
14 2.183942880281779
15 1.4733536187209917
16 1.4733536187209917
17 1.4733536187209917
18 1.386851478904651
19 1.386851478904651
20 1.386851478904651
21 1.5937790283732796
22 1.5937790283732796
23 1.5937790283732796
24 0.8207952289162015
25 0.8207952289162015
26 0.8207952289162015
27 1.2273476936078271
28 1.2273476936078271
29 1.2273476936078271
30 0.9058528486923623
31 0.9058528486923623
32 0.9058528486923623
33 2.3783086877379964
34 2.3783086877379964
35 2.3783086877379964
36 2.810136586954723
37 2.810136586954723
38 2.810136586954723
39 0.6031279035339563
40 0.6031279035339563
41 0.6031279035339563
42 0.9876412021855756
43 0.9876412021855756
44 0.9876412021855756
45 3.499223053866942
46 1.8801768637324965
47 1.8801768637324965
48 1.8801768637324965
49 2.019211546761576
50 2.019211546761576
51 2.019211546761576
52 1.9687667959367365
53 1.9687667959367365
54 1.9687667959367365
55 1.859198444269944
56 1.859198444269944
57 1.859198444269944
58 0.3849036986691228
59 0.3849036986691228
60 0.3849036986691228
61 1.613845980167938
62 1.613845980167938
63 1.613845980167938
64 0.6688086860689879
65 1.251030675618813
66 1.251030675618813
67 1.251030675618813
68 0.9237177994153213
69 0.9237177994153213
70 0.9237177994153213
71 0.8035816419178026
72 0.8035816419178026
73 0.8035816419178026
74 1.7456972809870537
75 1.7456972809870537
76 1.7456972809870537
77 1.4133564346896477
78 1.4133564346896477
79 1.4133564346896477
80 0.8945821561482435
81 0.8945821561482435
82 0.8945821561482435
83 1.5361398205332482
84 1.5361398205332482
85 1.5361398205332482
86 1.0533673837808692
87 1.0533673837808692
88 1.0533673837808692
89 1.3774847892364654
90 1.3774847892364654
91 1.3774847892364654
92 1.3853693432976266
93 1.3853693432976266
94 1.3853693432976266
95 1.2071701299800015
96 2.794699907048089
97 2.794699907048089
98 2.794699907048089
99 1.4789767474638797
100 1.4789767474638797
101 1.4789767474638797
102 1.5964706622051985
103 1.5964706622051985
104 1.5964706622051985
105 2.1312280178736502
106 2.1312280178736502
107 2.1312280178736502
108 1.3660391551861044
109 1.3660391551861044
110 1.3660391551861044
111 1.978924828920011
112 1.978924828920011
113 1.978924828920011
114 1.9400185750467682
115 1.9400185750467682
116 1.9400185750467682
117 2.9313428901977074
118 2.9313428901977074
119 2.9313428901977074
120 2.20468826631832
121 2.20468826631832
122 2.20468826631832
123 1.954520997188039
124 1.954520997188039
125 1.954520997188039
126 0.8963995900354462
127 0.8963995900354462
128 0.8963995900354462
129 1.7887185401531023
130 1.7887185401531023
131 1.7887185401531023
132 1.1419075642638283
133 1.1419075642638283
134 1.1419075642638283
135 1.6778143591477432
136 1.6778143591477432
137 1.6778143591477432
138 1.9327166202052597
139 1.9327166202052597
140 1.9327166202052597
141 2.819139454900776
142 2.819139454900776
143 2.819139454900776
144 1.894671935882648
145 1.894671935882648
146 1.894671935882648
147 1.9918409832230795
148 1.9918409832230795
149 1.9918409832230795
150 0.1
151 0.1
152 0.1
153 2.523085351687751
154 2.523085351687751
155 2.523085351687751
156 1.7735449421817857
157 1.7735449421817857
158 1.7735449421817857
159 2.2099644171147252
160 2.2099644171147252
161 2.2099644171147252
162 1.0788871616510927
163 1.0788871616510927
164 1.0788871616510927
165 2.484550917533087
166 2.484550917533087
167 2.484550917533087
168 2.270028764597935
169 2.270028764597935
170 2.270028764597935
171 1.5517561454891173
172 1.5517561454891173
173 1.5517561454891173
174 2.106912377953365
175 2.106912377953365
176 2.106912377953365
177 0.378282198650705
178 0.378282198650705
179 0.378282198650705
180 2.3499621382964118
181 2.3499621382964118
182 2.3499621382964118
183 0.7336078246924272
184 0.7336078246924272
185 0.7336078246924272
186 1.178452926178986
187 1.178452926178986
188 1.178452926178986
189 1.2561955517024024
190 1.2561955517024024
191 1.2561955517024024
192 2.8511245769716878
193 2.8511245769716878
194 2.8511245769716878
195 2.681350955359102
196 2.681350955359102
197 2.681350955359102
198 2.297983485224745
199 2.297983485224745
200 2.297983485224745
201 0.8164675529499579
202 0.8164675529499579
203 0.8164675529499579
204 1.1882822282738945
205 1.1882822282738945
206 1.1882822282738945
207 1.846971469808027
208 1.846971469808027
209 1.846971469808027
210 0.1493428347556831
211 0.1493428347556831
212 0.1493428347556831
213 1.3062934025731316
214 1.3062934025731316
215 1.3062934025731316
216 0.41224554931485935
217 0.41224554931485935
218 0.41224554931485935
219 2.6709954931403024
220 2.6709954931403024
221 2.6709954931403024
222 1.3340792306342555
223 1.3340792306342555
224 1.3340792306342555
225 1.61779853373229
226 1.61779853373229
227 1.61779853373229
228 2.167121445142537
229 2.167121445142537
230 2.167121445142537
231 1.4226346981253213
232 1.4226346981253213
233 1.4226346981253213
234 1.4077658296978224
235 1.4077658296978224
236 1.4077658296978224
237 0.23022590599842063
238 0.23022590599842063
239 0.23022590599842063
240 2.6642485822375175
241 2.6642485822375175
242 2.6642485822375175
243 2.015360556494634
244 2.015360556494634
245 2.015360556494634
246 2.0364156586265882
247 2.0364156586265882
248 2.0364156586265882
249 2.2654430199779823
250 2.2654430199779823
251 2.2654430199779823
252 2.2398229316817972
253 2.2398229316817972
254 2.2398229316817972
255 1.766933725043435
256 1.766933725043435
257 1.766933725043435
258 1.129263957048193
259 1.129263957048193
260 1.129263957048193
261 2.467115785576346
262 2.467115785576346
263 2.467115785576346
264 0.8802522208814263
265 0.8802522208814263
266 0.8802522208814263
267 1.111155055434618
268 1.111155055434618
269 1.111155055434618
270 1.9802385737210142
271 1.9802385737210142
272 1.9802385737210142
273 1.831979211727177
274 1.831979211727177
275 1.831979211727177
276 1.2092383743214097
277 1.2092383743214097
278 1.2092383743214097
279 1.1301226458228069
280 1.1301226458228069
281 1.1301226458228069
282 2.370779007009537
283 2.370779007009537
284 2.370779007009537
285 0.8643985910263241
286 0.8643985910263241
287 0.8643985910263241
288 0.8132778656311154
289 0.8132778656311154
290 0.8132778656311154
291 3.0076250824431767
292 3.0076250824431767
293 3.0076250824431767
294 3.0140374277721698
295 3.0140374277721698
296 3.0140374277721698
297 2.187029779597013
298 2.187029779597013
299 2.187029779597013
300 0.8268242723151631
301 0.8268242723151631
302 0.8268242723151631
303 1.1043299556547548
304 1.1043299556547548
305 1.1043299556547548
306 2.0975036404459004
307 2.0975036404459004
308 2.0975036404459004
309 1.120837301906429
310 1.120837301906429
311 1.120837301906429
312 1.7991882302618307
313 1.7991882302618307
314 1.7991882302618307
315 1.9698442673960814
316 1.9698442673960814
317 1.9698442673960814
318 0.6088093483841337
319 0.6088093483841337
320 0.6088093483841337
321 0.9086179527602273
322 0.9086179527602273
323 0.9086179527602273
324 2.7714510029375004
325 2.7714510029375004
326 2.7714510029375004
327 0.6541744523690618
328 0.6541744523690618
329 0.6541744523690618
330 1.7821938575209204
331 1.7821938575209204
332 1.7821938575209204
333 2.0111206364510443
334 2.0111206364510443
335 2.0111206364510443
336 1.0671152755802369
337 1.0671152755802369
338 1.0671152755802369
339 1.5105639316439015
340 1.5105639316439015
341 1.5105639316439015
342 1.0467917860958504
343 1.0467917860958504
344 1.0467917860958504
345 1.7014566930894996
346 1.7014566930894996
347 1.7014566930894996
348 2.5756042995085355
349 2.5756042995085355
350 2.5756042995085355
351 1.9088614049048436
352 1.9088614049048436
353 1.9088614049048436
354 1.2429243386504387
355 1.2429243386504387
356 1.2429243386504387
357 2.0977041926607596
358 2.0977041926607596
359 2.0977041926607596
360 0.6986851820312863
361 0.6986851820312863
362 0.6986851820312863
363 1.775181981110544
364 1.775181981110544
365 1.775181981110544
366 0.41024373897577826
367 0.41024373897577826
368 0.41024373897577826
369 1.6838713014907698
370 1.6838713014907698
371 1.6838713014907698
372 1.7918013023168773
373 1.7918013023168773
374 1.7918013023168773
375 1.9762632470176276
376 1.9762632470176276
377 1.9762632470176276
378 0.5364795611918074
379 0.5364795611918074
380 0.5364795611918074
381 0.8197616238241053
382 0.8197616238241053
383 0.8197616238241053
384 0.1
385 0.1
386 0.1
387 1.9606316428566462
388 1.9606316428566462
389 1.9606316428566462
390 0.15161056505615345
391 0.15161056505615345
392 0.15161056505615345
393 1.3668872811620079
394 1.3668872811620079
395 1.3668872811620079
396 1.7090661892697676
397 1.7090661892697676
398 1.7090661892697676
399 1.014117107361831
400 1.014117107361831
401 1.014117107361831
402 1.0484069054734806
403 1.0484069054734806
404 1.0484069054734806
405 2.4544736426492575
406 2.4544736426492575
407 2.4544736426492575
408 2.1738512988416288
409 2.1738512988416288
410 2.1738512988416288
411 2.07720369075058
412 2.07720369075058
413 2.07720369075058
414 1.6811182442552888
415 1.6811182442552888
416 1.6811182442552888
417 1.3332691755663473
418 1.3332691755663473
419 1.3332691755663473
420 2.1018413526262623
421 2.1018413526262623
422 2.1018413526262623
423 1.5375263160468722
424 1.5375263160468722
425 1.5375263160468722
426 1.4725304876250243
427 1.4725304876250243
428 1.4725304876250243
429 2.1323940661023357
430 2.1323940661023357
431 2.1323940661023357
432 0.6982818814573314
433 0.6982818814573314
434 0.6982818814573314
435 2.7532842207395403
436 2.7532842207395403
437 2.7532842207395403
438 1.3951220586460957
439 1.3951220586460957
440 1.3951220586460957
441 2.2461722834721063
442 2.2461722834721063
443 2.2461722834721063
444 1.8068736377729118
445 1.8068736377729118
446 1.8068736377729118
447 2.610538714346039
448 2.610538714346039
449 2.610538714346039
450 2.3260229127521943
451 2.3260229127521943
452 2.3260229127521943
453 2.50347125654747
454 2.50347125654747
455 2.50347125654747
456 1.6030231175859295
457 1.6030231175859295
458 1.6030231175859295
459 1.282506061066202
460 1.282506061066202
461 1.282506061066202
462 1.4965491231237598
463 1.4965491231237598
464 1.4965491231237598
465 0.6841445515295468
466 0.6841445515295468
467 0.6841445515295468
468 1.6137160260367567
469 1.6137160260367567
470 1.6137160260367567
471 1.7700184366968836
472 1.7700184366968836
473 1.7700184366968836
474 1.3741626691596123
475 1.3741626691596123
476 1.3741626691596123
477 2.225015769696842
478 2.225015769696842
479 2.225015769696842
480 2.4453455013423717
481 2.4453455013423717
482 2.4453455013423717
483 2.305476054525211
484 2.305476054525211
485 2.305476054525211
486 0.8045487688337708
487 0.8045487688337708
488 0.8045487688337708
489 0.9502840248456795
490 0.9502840248456795
491 0.9502840248456795
492 0.9053136447293556
493 0.9053136447293556
494 0.9053136447293556
495 2.215687514382192
496 2.215687514382192
497 2.215687514382192
498 0.837982847882087
499 0.837982847882087
500 0.837982847882087
501 1.946432603394142
502 1.946432603394142
503 1.946432603394142
504 0.37858519412047964
505 0.37858519412047964
506 0.37858519412047964
507 2.6510852280886628
508 2.6510852280886628
509 2.6510852280886628
510 1.1676660223292492
511 1.1676660223292492
512 1.1676660223292492
513 2.0513575934955335
514 2.0513575934955335
515 2.0513575934955335
516 1.8114103132478543
517 1.8114103132478543
518 1.8114103132478543
519 3.6144170460083376
520 3.6144170460083376
521 3.6144170460083376
522 1.2679927288315427
523 1.2679927288315427
524 1.2679927288315427
525 1.4570686601503955
526 1.4570686601503955
527 1.4570686601503955
528 0.9981623318810787
529 0.9981623318810787
530 0.9981623318810787
531 1.4274789602493807
532 1.4274789602493807
533 1.4274789602493807
534 1.086435969431188
535 1.086435969431188
536 1.086435969431188
537 1.8066497461656288
538 1.8066497461656288
539 1.8066497461656288
540 0.6181247820422435
541 0.6181247820422435
542 0.6181247820422435
543 1.0442531852810375
544 1.0442531852810375
545 1.0442531852810375
546 2.0014149802886374
547 2.0014149802886374
548 2.0014149802886374
549 2.0380352225253846
550 2.0380352225253846
551 2.0380352225253846
552 2.178839815393095
553 2.178839815393095
554 2.178839815393095
555 0.5760386887777269
556 0.5760386887777269
557 0.5760386887777269
558 1.3628029305322893
559 1.3628029305322893
560 1.3628029305322893
561 0.5767714956418376
562 0.5767714956418376
563 0.5767714956418376
564 2.5780650608449265
565 2.5780650608449265
566 2.5780650608449265
567 1.804011091392304
568 1.804011091392304
569 1.804011091392304
570 1.670327303334508
571 1.670327303334508
572 1.670327303334508
573 0.43829364345615907
574 0.43829364345615907
575 0.43829364345615907
576 0.8440534113645767
577 0.8440534113645767
578 0.8440534113645767
579 1.4528819165129854
580 1.4528819165129854
581 1.4528819165129854
582 2.6702227499521234
583 2.6702227499521234
584 2.6702227499521234
585 2.417870066524189
586 2.417870066524189
587 2.417870066524189
588 1.556207286389067
589 1.556207286389067
590 1.556207286389067
591 2.0471768436314415
592 2.0471768436314415
593 2.0471768436314415
594 0.6731326226117512
595 0.6731326226117512
596 0.6731326226117512
597 1.9803132226028843
598 1.9803132226028843
599 1.9803132226028843
600 0.9155387138318406
601 0.9155387138318406
602 0.9155387138318406
603 1.5915599956573934
604 1.5915599956573934
605 1.5915599956573934
606 1.5612959298583755
607 1.5612959298583755
608 1.5612959298583755
609 1.1933484484082393
610 1.1933484484082393
611 1.1933484484082393
612 2.0941183591067607
613 2.0941183591067607
614 2.0941183591067607
615 2.2703647417553783
616 2.2703647417553783
617 2.2703647417553783
618 2.0849181314468246
619 2.0849181314468246
620 2.0849181314468246
621 0.6266417770472215
622 0.6266417770472215
623 0.6266417770472215
624 1.92123051343495
625 1.92123051343495
626 1.92123051343495
627 0.959673153067712
628 0.959673153067712
629 0.959673153067712
630 1.5898304716537839
631 1.5898304716537839
632 1.5898304716537839
633 1.964668774117686
634 1.964668774117686
635 1.964668774117686
636 1.095247274238193
637 1.095247274238193
638 1.095247274238193
639 2.1465923801177063
640 2.1465923801177063
641 2.1465923801177063
642 1.0443748688131
643 1.0443748688131
644 1.0443748688131
645 1.890775228130025
646 1.890775228130025
647 1.890775228130025
648 1.0189056278546733
649 1.0189056278546733
650 1.0189056278546733
651 1.747935663828229
652 1.747935663828229
653 1.747935663828229
654 1.2482433101381063
655 1.2482433101381063
656 1.2482433101381063
657 1.8590551939191315
658 1.8590551939191315
659 1.8590551939191315
660 0.8709199015186648
661 0.8709199015186648
662 0.8709199015186648
663 0.5857678361006668
664 0.5857678361006668
665 0.5857678361006668
666 1.4297551871973833
667 1.4297551871973833
668 1.4297551871973833
669 2.9092282728850787
670 2.9092282728850787
671 2.9092282728850787
672 1.7843917927409938
673 1.7843917927409938
674 1.7843917927409938
675 2.412274793055386
676 2.412274793055386
677 2.412274793055386
678 1.9234200371445873
679 1.9234200371445873
680 1.9234200371445873
681 2.9513721333224447
682 2.9513721333224447
683 2.9513721333224447
684 1.1123205509036729
685 1.1123205509036729
686 1.1123205509036729
687 0.666216228461632
688 0.666216228461632
689 0.666216228461632
690 1.0429986008407974
691 1.0429986008407974
692 1.0429986008407974
693 1.4096727064754526
694 1.4096727064754526
695 1.4096727064754526
696 1.514704859542988
697 1.514704859542988
698 1.514704859542988
699 2.60825225301596
700 2.60825225301596
701 2.60825225301596
702 1.8014559516384088
703 1.8014559516384088
704 1.8014559516384088
705 0.7628989688423069
706 0.7628989688423069
707 0.7628989688423069
708 0.19509879399279395
709 0.19509879399279395
710 0.19509879399279395
711 2.879816470179834
712 2.879816470179834
713 2.879816470179834
714 1.705046615755673
715 1.705046615755673
716 1.705046615755673
717 1.3695182655714833
718 1.3695182655714833
719 1.3695182655714833
720 0.2522877732990838
721 0.2522877732990838
722 0.2522877732990838
723 0.3073167765003264
724 0.3073167765003264
725 0.3073167765003264
726 1.8302331010164719
727 1.8302331010164719
728 1.8302331010164719
729 1.2369124995754939
730 1.2369124995754939
731 1.2369124995754939
732 0.5011727336927001
733 0.5011727336927001
734 0.5011727336927001
735 1.9456588255363276
736 1.9456588255363276
737 1.9456588255363276
738 1.6623346090310112
739 1.6623346090310112
740 1.6623346090310112
741 1.68710476268071
742 1.68710476268071
743 1.68710476268071
744 2.3032319603391875
745 2.3032319603391875
746 2.3032319603391875
747 0.1
748 0.1
749 0.1
750 1.8666456199792254
751 1.8666456199792254
752 1.8666456199792254
753 1.497162279780607
754 1.497162279780607
755 1.497162279780607
756 2.7726792354565615
757 2.7726792354565615
758 2.7726792354565615
759 1.7392848243209682
760 1.7392848243209682
761 1.7392848243209682
762 1.9591433462726195
763 1.9591433462726195
764 1.9591433462726195
765 1.8602732876406864
766 1.8602732876406864
767 1.8602732876406864
768 1.360787616474081
769 1.360787616474081
770 1.360787616474081
771 1.4999434971831838
772 1.4999434971831838
773 1.4999434971831838
774 1.5481400403396965
775 1.5481400403396965
776 1.5481400403396965
777 1.9090015767340258
778 1.9090015767340258
779 1.9090015767340258
780 0.3427154756122226
781 0.3427154756122226
782 0.3427154756122226
783 2.252223101729128
784 2.252223101729128
785 2.252223101729128
786 1.088140424358115
787 1.088140424358115
788 1.088140424358115
789 0.8719547697435253
790 0.8719547697435253
791 0.8719547697435253
792 1.2598376214971894
793 1.2598376214971894
794 1.2598376214971894
795 1.634300065503984
796 1.634300065503984
797 1.634300065503984
798 1.367203811962042
799 1.367203811962042
800 1.367203811962042
801 2.39992744273849
802 2.39992744273849
803 2.39992744273849
804 1.2192539763522356
805 1.2192539763522356
806 1.2192539763522356
807 1.042262830900831
808 1.042262830900831
809 1.042262830900831
810 2.2416044327138476
811 2.2416044327138476
812 2.2416044327138476
813 1.2617041511610219
814 1.2617041511610219
815 1.2617041511610219
816 2.683214105154873
817 2.683214105154873
818 2.683214105154873
819 0.8288898183939292
820 0.8288898183939292
821 5.718136005584312
822 5.718136005584312
823 5.718136005584312
824 1.3200700305370132
825 1.3200700305370132
826 1.3200700305370132
827 4.66206536220641
828 4.66206536220641
829 4.66206536220641
830 5.384621952354939
831 5.384621952354939
832 5.384621952354939
833 6.6226522299568416
834 6.6226522299568416
835 6.6226522299568416
836 0.8578332158715187
837 0.8578332158715187
838 0.8578332158715187
839 2.5300252655405497
840 2.5300252655405497
841 2.5300252655405497
842 3.1981938831977814
843 3.1981938831977814
844 3.1981938831977814
845 5.630407035114783
846 5.630407035114783
847 5.630407035114783
848 4.1474346987494215
849 4.1474346987494215
850 4.1474346987494215
851 3.9544880486858887
852 3.9544880486858887
853 3.9544880486858887
854 4.832684653884504
855 4.832684653884504
856 4.832684653884504
857 4.349460247087933
858 4.349460247087933
859 4.349460247087933
860 7.379502372445592
861 7.379502372445592
862 7.379502372445592
863 6.281542561947473
864 6.281542561947473
865 6.281542561947473
866 5.622966815709596
867 5.622966815709596
868 5.622966815709596
869 2.2633191099994
870 2.2633191099994
871 2.2633191099994
872 7.765656766800247
873 7.765656766800247
874 7.765656766800247
875 1.1200935702280117
876 1.1200935702280117
877 1.1200935702280117
878 2.4143071896223596
879 2.4143071896223596
880 2.4143071896223596
881 2.967351264054601
882 2.967351264054601
883 2.967351264054601
884 2.026871329183857
885 2.026871329183857
886 2.026871329183857
887 4.373461864274224
888 4.373461864274224
889 4.373461864274224
890 3.1451815831966417
891 3.1451815831966417
892 3.1451815831966417
893 4.927721812851047
894 4.927721812851047
895 4.927721812851047
896 6.111342171710634
897 6.111342171710634
898 6.111342171710634
899 3.9414845139220693
900 3.9414845139220693
901 3.9414845139220693
902 3.9821485013823392
903 3.9821485013823392
904 3.9821485013823392
905 3.7091034074704967
906 3.7091034074704967
907 3.7091034074704967
908 2.9420937821648887
909 2.9420937821648887
910 2.9420937821648887
911 3.0366633638681133
912 3.0366633638681133
913 3.0366633638681133
914 5.850418049380637
915 5.850418049380637
916 5.850418049380637
917 6.3778114355560795
918 6.3778114355560795
919 6.3778114355560795
920 0.6425695105164778
921 0.6425695105164778
922 0.6425695105164778
923 0.6126713567028735
924 0.6126713567028735
925 0.6126713567028735
926 1.1629486179492523
927 1.1629486179492523
928 1.1629486179492523
929 0.4356999713660652
930 0.4356999713660652
931 0.4356999713660652
932 1.0001563808493192
933 1.0001563808493192
934 1.0001563808493192
935 0.5777262436006593
936 0.5777262436006593
937 0.5777262436006593
938 0.4406840428685844
939 0.4406840428685844
940 0.4406840428685844
941 0.9030620543430662
942 0.9030620543430662
943 0.9030620543430662
944 0.5055051508281436
945 0.5055051508281436
946 0.5055051508281436
947 0.9636369304720789
948 0.9636369304720789
949 0.9636369304720789
950 0.6064854731726086
951 0.6064854731726086
952 0.6064854731726086
953 0.45940767473210664
954 0.45940767473210664
955 0.45940767473210664
956 1.085471405767175
957 1.085471405767175
958 1.085471405767175
959 0.7226406697856118
960 0.7226406697856118
961 0.7226406697856118
962 0.6512668957412877
963 0.6512668957412877
964 0.6512668957412877
965 1.0890982189389666
966 1.0890982189389666
967 1.0890982189389666
968 1.1850222660441718
969 1.1850222660441718
970 1.1850222660441718
971 0.20205131131257725
972 0.20205131131257725
973 0.20205131131257725
974 0.5732611013894037
975 0.5732611013894037
976 0.5732611013894037
977 0.805702203362738
978 0.805702203362738
979 0.805702203362738
980 0.6266588321710569
981 0.6266588321710569
982 0.6266588321710569
983 0.1
984 0.1
985 0.1
986 0.729247948486284
987 0.729247948486284
988 0.729247948486284
989 0.2777805561756945
990 0.2777805561756945
991 0.2777805561756945
992 0.7576910676252697
993 0.7576910676252697
994 0.7576910676252697
995 0.24227936041049758
996 0.24227936041049758
997 0.24227936041049758
998 0.5297828290625952
999 0.5297828290625952
1000 0.5297828290625952
1001 1.3840562695322136
1002 1.3840562695322136
1003 1.3840562695322136
1004 0.5917628477276499
1005 0.5917628477276499
1006 0.5917628477276499
1007 0.48644446455256696
1008 0.48644446455256696
1009 0.48644446455256696
1010 0.9844030223792678
1011 0.9844030223792678
1012 0.9844030223792678
1013 0.5968486749189689
1014 0.5968486749189689
1015 0.5968486749189689
1016 0.6168257691483505
1017 0.6168257691483505
1018 0.6168257691483505
1019 0.6021927851324356
1020 0.6021927851324356
1021 0.6021927851324356
1022 0.4991382354133132
1023 0.4991382354133132
1024 0.4991382354133132
1025 0.23312796530672775
1026 0.23312796530672775
1027 0.23312796530672775
1028 0.7411885655266288
1029 0.7411885655266288
1030 0.7411885655266288
1031 0.7263579291625734
1032 0.7263579291625734
1033 0.7263579291625734
1034 0.3216363967159516
1035 0.3216363967159516
1036 0.3216363967159516
1037 0.7497289440162976
1038 0.7497289440162976
1039 0.7497289440162976
1040 1.3001090312747283
1041 1.3001090312747283
1042 1.3001090312747283
1043 2.582722896149719
1044 2.582722896149719
1045 2.582722896149719
1046 0.1
1047 0.1
1048 0.1
1049 3.0957431349764404
1050 3.0957431349764404
1051 3.0957431349764404
1052 2.1001639898018736
1053 2.1001639898018736
1054 2.1001639898018736
1055 1.4452129811795595
1056 1.4452129811795595
1057 1.4452129811795595
1058 2.476957792076882
1059 2.476957792076882
1060 2.476957792076882
1061 3.5367766800064104
1062 3.5367766800064104
1063 3.5367766800064104
1064 2.751042484690415
1065 2.751042484690415
1066 2.751042484690415
1067 1.6257208373186105
1068 1.6257208373186105
1069 1.6257208373186105
1070 3.8571784572240344
1071 3.8571784572240344
1072 3.8571784572240344
1073 2.753088687573495
1074 2.753088687573495
1075 2.753088687573495
1076 5.620537577040514
1077 5.620537577040514
1078 5.620537577040514
1079 6.204654186971387
1080 6.204654186971387
1081 6.204654186971387
1082 4.2926990223567225
1083 4.2926990223567225
1084 4.2926990223567225
1085 1.8835220278276297
1086 1.8835220278276297
1087 1.8835220278276297
1088 5.050323934991016
1089 5.050323934991016
1090 5.050323934991016
1091 2.267158914904859
1092 2.267158914904859
1093 2.267158914904859
1094 2.8051712626018244
1095 2.8051712626018244
1096 2.8051712626018244
1097 2.690086684752221
1098 2.690086684752221
1099 2.690086684752221
1100 4.331759418462164
1101 4.331759418462164
1102 4.331759418462164
1103 2.0209838585492292
1104 2.0209838585492292
1105 2.0209838585492292
1106 3.2930481705806267
1107 3.2930481705806267
1108 3.2930481705806267
1109 3.1386482603411445
1110 3.1386482603411445
1111 3.1386482603411445
1112 3.105557821786241
1113 3.105557821786241
1114 3.105557821786241
1115 1.1787929953927616
1116 1.1787929953927616
1117 1.1787929953927616
1118 3.605006629486264
1119 3.605006629486264
1120 3.605006629486264
1121 4.3370153191531635
1122 4.3370153191531635
1123 4.3370153191531635
1124 7.848200862149773
1125 7.848200862149773
1126 7.848200862149773
1127 2.42660571619221
1128 2.42660571619221
1129 2.42660571619221
1130 4.5778547438059904
1131 4.5778547438059904
1132 4.5778547438059904
1133 3.561526924722577
1134 3.561526924722577
1135 3.561526924722577
1136 2.738130268473354
1137 2.738130268473354
1138 2.738130268473354
1139 3.3050338868025952
1140 3.3050338868025952
1141 3.3050338868025952
1142 3.988415324606347
1143 3.988415324606347
1144 3.988415324606347
1145 1.6299647917082565
1146 1.6299647917082565
1147 1.6299647917082565
1148 1.4705332070649009
1149 1.4705332070649009
1150 1.4705332070649009
1151 3.1218833577713796
1152 3.1218833577713796
1153 3.1218833577713796
1154 1.7552589558334508
1155 1.7552589558334508
1156 1.7552589558334508
1157 2.524165400131777
1158 2.524165400131777
1159 2.524165400131777
1160 3.103204553312851
1161 3.103204553312851
1162 3.103204553312851
1163 0.1
1164 0.1
1165 0.1
1166 3.170085595218561
1167 3.170085595218561
1168 3.170085595218561
1169 0.5172968820774027
1170 0.5172968820774027
1171 0.5172968820774027
1172 2.026553666663099
1173 2.026553666663099
1174 2.026553666663099
1175 0.6970687641743929
1176 0.6970687641743929
1177 0.6970687641743929
1178 0.4507074478586688
1179 0.4507074478586688
1180 0.4507074478586688
1181 1.4902971852929714
1182 1.4902971852929714
1183 1.4902971852929714
1184 3.665313043802618
1185 3.665313043802618
1186 3.665313043802618
1187 2.897293189708887
1188 2.897293189708887
1189 2.897293189708887
1190 6.7590008121339125
1191 6.7590008121339125
1192 6.7590008121339125
1193 6.527124430100398
1194 6.527124430100398
1195 6.527124430100398
1196 0.2276710145949532
1197 0.2276710145949532
1198 0.2276710145949532
1199 2.71796815643349
1200 2.71796815643349
1201 2.71796815643349
1202 2.01556771916104
1203 2.01556771916104
1204 2.01556771916104
1205 3.010109473025194
1206 3.010109473025194
1207 3.010109473025194
1208 2.8779176273691243
1209 2.8779176273691243
1210 2.8779176273691243
1211 4.008957622360874
1212 4.008957622360874
1213 4.008957622360874
1214 2.7502210050718716
1215 2.7502210050718716
1216 2.7502210050718716
1217 5.7988556615078934
1218 5.7988556615078934
1219 5.7988556615078934
1220 3.593593584075571
1221 3.593593584075571
1222 3.593593584075571
1223 2.7431364921039316
1224 2.7431364921039316
1225 2.7431364921039316
1226 1.2275054503150367
1227 1.2275054503150367
1228 1.2275054503150367
1229 0.6695975288413889
1230 0.6695975288413889
1231 0.6695975288413889
1232 2.1915722564430156
1233 2.1915722564430156
1234 2.1915722564430156
1235 1.7670832018925267
1236 1.7670832018925267
1237 1.7670832018925267
1238 2.7232599833259763
1239 2.7232599833259763
1240 2.7232599833259763
1241 2.228034386743741
1242 2.228034386743741
1243 2.228034386743741
1244 5.628685213922912
1245 5.628685213922912
1246 5.628685213922912
1247 3.119405039102447
1248 3.119405039102447
1249 3.119405039102447
1250 3.057499317696152
1251 3.057499317696152
1252 3.057499317696152
1253 2.51004626973769
1254 2.51004626973769
1255 2.51004626973769
1256 3.5315572335495604
1257 3.5315572335495604
1258 3.5315572335495604
1259 2.3217952929896515
1260 2.3217952929896515
1261 2.3217952929896515
1262 3.553633810643627
1263 3.553633810643627
1264 3.553633810643627
1265 2.103088891480387
1266 2.103088891480387
1267 2.103088891480387
1268 3.60914445479503
1269 3.60914445479503
1270 3.60914445479503
1271 3.150002725734949
1272 3.150002725734949
1273 3.150002725734949
1274 3.819632896074073
1275 2.6304728791593064
1276 2.6304728791593064
1277 2.6304728791593064
1278 1.4951549581447177
1279 1.4951549581447177
1280 1.4951549581447177
1281 1.3682527943941667
1282 1.3682527943941667
1283 1.3682527943941667
1284 1.9398089029679781
1285 1.9398089029679781
1286 1.9398089029679781
1287 0.8077943199771258
1288 0.8077943199771258
1289 0.8077943199771258
1290 2.3805615351172684
1291 2.3805615351172684
1292 2.3805615351172684
1293 2.372363277592997
1294 2.372363277592997
1295 2.372363277592997
1296 2.4966394468039206
1297 2.4966394468039206
1298 2.4966394468039206
1299 2.6785760642459917
1300 0.7972407194761528
1301 0.7972407194761528
1302 0.7972407194761528
1303 0.1
1304 0.1
1305 0.1
1306 4.529745399799918
1307 4.529745399799918
1308 4.529745399799918
1309 2.204436023423471
1310 2.204436023423471
1311 3.5339435673929573
1312 3.5339435673929573
1313 3.5339435673929573
1314 3.1797349841236127
1315 3.1797349841236127
1316 3.1797349841236127
1317 1.6296520018832859
1318 1.6296520018832859
1319 1.6296520018832859
1320 4.072251654936894
1321 4.072251654936894
1322 4.072251654936894
1323 4.775186933926689
1324 4.775186933926689
1325 4.775186933926689
1326 3.932609778302738
1327 3.932609778302738
1328 3.932609778302738
1329 3.7576481692924757
1330 3.7576481692924757
1331 3.7576481692924757
1332 3.231221568276995
1333 3.231221568276995
1334 3.231221568276995
1335 3.212069077190065
1336 3.212069077190065
1337 3.212069077190065
1338 2.6612004041054207
1339 2.6612004041054207
1340 2.6612004041054207
1341 3.044143367589313
1342 3.044143367589313
1343 3.044143367589313
1344 5.207533912043023
1345 5.207533912043023
1346 5.207533912043023
1347 3.9718672834954294
1348 3.9718672834954294
1349 3.9718672834954294
1350 3.0037002961688795
1351 3.0037002961688795
1352 3.0037002961688795
1353 0.9660013494490771
1354 0.9660013494490771
1355 0.9660013494490771
1356 2.030902539278202
1357 2.030902539278202
1358 2.030902539278202
1359 2.9505628948019997
1360 2.9505628948019997
1361 2.9505628948019997
1362 2.775714768834874
1363 2.775714768834874
1364 2.775714768834874
1365 1.9619516780370816
1366 1.9619516780370816
1367 1.9619516780370816
1368 4.3927417963016095
1369 4.3927417963016095
1370 4.3927417963016095
1371 6.4742370670372384
1372 6.4742370670372384
1373 6.4742370670372384
1374 7.27025984813659
1375 7.27025984813659
1376 7.27025984813659
1377 5.31627460615084
1378 5.31627460615084
1379 5.31627460615084
1380 2.8766305258499343
1381 2.8766305258499343
1382 2.8766305258499343
1383 6.608203648723527
1384 6.608203648723527
1385 6.608203648723527
1386 6.355509081521556
1387 6.355509081521556
1388 6.355509081521556
1389 2.22606227165085
1390 2.22606227165085
1391 2.22606227165085
1392 4.710022084745253
1393 4.710022084745253
1394 4.710022084745253
1395 5.640707887864853
1396 5.640707887864853
1397 5.640707887864853
1398 9.496371286046994
1399 9.496371286046994
1400 9.496371286046994
1401 8.647011666144294
1402 8.647011666144294
1403 8.647011666144294
1404 4.666781815844933
1405 4.666781815844933
1406 4.666781815844933
1407 4.662306429550447
1408 4.662306429550447
1409 4.662306429550447
1410 5.365963939337403
1411 5.365963939337403
1412 5.365963939337403
1413 2.2787671997302215
1414 2.2787671997302215
1415 2.2787671997302215
1416 9.919762242452318
1417 9.919762242452318
1418 9.919762242452318
1419 4.802630408220136
1420 4.802630408220136
1421 4.802630408220136
1422 5.553171895837469
1423 5.553171895837469
1424 5.553171895837469
1425 2.9079629325508463
1426 2.9079629325508463
1427 2.9079629325508463
1428 5.872155568825798
1429 5.872155568825798
1430 5.872155568825798
1431 3.323943304649398
1432 3.323943304649398
1433 3.323943304649398
1434 4.304473154297446
1435 4.304473154297446
1436 4.304473154297446
1437 1.9944576522393809
1438 1.9944576522393809
1439 1.9944576522393809
1440 2.3112585004997386
1441 2.3112585004997386
1442 2.3112585004997386
1443 2.7307889245823436
1444 2.7307889245823436
1445 2.7307889245823436
1446 1.4113492072666505
1447 1.4113492072666505
1448 1.4113492072666505
1449 5.325366158822094
1450 5.325366158822094
1451 5.325366158822094
1452 1.678036829059088
1453 1.678036829059088
1454 1.678036829059088
1455 1.921652861252348
1456 1.921652861252348
1457 1.921652861252348
1458 0.8917781526759283
1459 0.8917781526759283
1460 0.8917781526759283
1461 5.162087064158422
1462 5.162087064158422
1463 5.162087064158422
1464 2.7715075945775247
1465 2.7715075945775247
1466 2.7715075945775247
1467 5.677107049887768
1468 5.677107049887768
1469 5.677107049887768
1470 3.084124756793477
1471 3.084124756793477
1472 3.084124756793477
1473 6.346958368735717
1474 6.346958368735717
1475 6.346958368735717
1476 2.743178510330365
1477 2.743178510330365
1478 2.743178510330365
1479 4.367524450244165
1480 4.367524450244165
1481 4.367524450244165
1482 3.1931845243251247
1483 3.1931845243251247
1484 3.1931845243251247
1485 2.928074413158293
1486 2.928074413158293
1487 2.928074413158293
1488 4.085674400454991
1489 4.085674400454991
1490 4.085674400454991
1491 2.5083579907058446
1492 2.5083579907058446
1493 2.5083579907058446
1494 4.478860260658435
1495 4.478860260658435
1496 4.478860260658435
1497 1.9669432756162673
1498 1.9669432756162673
1499 1.9669432756162673
1500 2.398606944563347
1501 2.398606944563347
1502 2.398606944563347
1503 5.902054705468041
1504 5.902054705468041
1505 5.902054705468041
1506 1.1889925441940927
1507 1.1889925441940927
1508 1.1889925441940927
1509 1.9450807155513927
1510 1.9450807155513927
1511 1.9450807155513927
1512 6.392043704066213
1513 6.392043704066213
1514 6.392043704066213
1515 4.495007584539274
1516 4.495007584539274
1517 4.495007584539274
1518 2.7783768482036546
1519 2.7783768482036546
1520 2.7783768482036546
1521 3.6615949492697606
1522 3.6615949492697606
1523 3.6615949492697606
1524 7.231975157350959
1525 7.231975157350959
1526 7.231975157350959
1527 2.8053055535214577
1528 2.8053055535214577
1529 2.8053055535214577
1530 1.932535424037204
1531 1.932535424037204
1532 1.932535424037204
1533 3.5199382491451554
1534 3.5199382491451554
1535 3.5199382491451554
1536 2.456162628000035
1537 2.456162628000035
1538 2.456162628000035
1539 1.3867561205375063
1540 1.3867561205375063
1541 1.3867561205375063
1542 4.754286046318827
1543 4.754286046318827
1544 4.754286046318827
1545 3.0991462273473322
1546 3.0991462273473322
1547 3.0991462273473322
1548 3.996479475516524
1549 3.996479475516524
1550 3.996479475516524
1551 6.64378509437328
1552 6.64378509437328
1553 6.64378509437328
1554 5.239651054996758
1555 5.239651054996758
1556 5.239651054996758
1557 1.4992830457235684
1558 1.4992830457235684
1559 1.4992830457235684
1560 3.4191616840394676
1561 3.4191616840394676
1562 3.4191616840394676
1563 2.0328449613750275
1564 2.0328449613750275
1565 2.0328449613750275
1566 3.0035599327699805
1567 3.0035599327699805
1568 3.0035599327699805
1569 0.6143689324194481
1570 0.6143689324194481
1571 0.6143689324194481
1572 1.6581948139561726
1573 1.6581948139561726
1574 1.6581948139561726
1575 2.1728966765537097
1576 2.1728966765537097
1577 2.1728966765537097
1578 2.08012198152824
1579 2.08012198152824
1580 2.08012198152824
1581 5.320066727229124
1582 5.320066727229124
1583 5.320066727229124
1584 4.008561124719686
1585 4.008561124719686
1586 4.008561124719686
1587 1.7390663788541214
1588 1.7390663788541214
1589 1.7390663788541214
1590 2.5503218552705578
1591 2.5503218552705578
1592 2.5503218552705578
1593 3.516441223831262
1594 3.516441223831262
1595 3.516441223831262
1596 5.31223366924846
1597 5.31223366924846
1598 5.31223366924846
1599 1.8581563992502172
1600 1.8581563992502172
1601 1.8581563992502172
1602 3.626202694138918
1603 3.626202694138918
1604 3.626202694138918
1605 7.309518782382967
1606 7.309518782382967
1607 7.309518782382967
1608 2.6634676189727196
1609 2.6634676189727196
1610 2.6634676189727196
1611 4.4487428813510626
1612 4.4487428813510626
1613 4.4487428813510626
1614 2.277971535951748
1615 2.277971535951748
1616 2.277971535951748
1617 3.1677654839249585
1618 3.1677654839249585
1619 3.1677654839249585
1620 2.7553744238241373
1621 2.7553744238241373
1622 2.7553744238241373
1623 3.6642376814524673
1624 3.6642376814524673
1625 3.6642376814524673
1626 3.4342104117530865
1627 3.4342104117530865
1628 3.4342104117530865
1629 4.012522104692063
1630 4.012522104692063
1631 4.012522104692063
1632 6.290291081930944
1633 6.290291081930944
1634 6.290291081930944
1635 5.059795365454274
1636 5.059795365454274
1637 5.059795365454274
1638 4.4070843374805815
1639 4.4070843374805815
1640 4.4070843374805815
1641 4.394677985614258
1642 4.394677985614258
1643 4.394677985614258
1644 3.109749981730146
1645 3.109749981730146
1646 3.109749981730146
1647 6.124704277362829
1648 6.124704277362829
1649 6.124704277362829
1650 3.200049481696173
1651 3.200049481696173
1652 3.200049481696173
1653 3.4357171598063965
1654 3.4357171598063965
1655 3.4357171598063965
1656 6.2849940625855005
1657 6.2849940625855005
1658 6.2849940625855005
1659 4.225091384828856
1660 4.225091384828856
1661 4.225091384828856
1662 5.639678287798655
1663 5.639678287798655
1664 5.639678287798655
1665 1.1600070228400154
1666 1.1600070228400154
1667 1.1935414713165957
1668 1.1935414713165957
1669 1.1935414713165957
1670 1.578276030361145
1671 1.578276030361145
1672 1.578276030361145
1673 0.43523821469194823
1674 0.43523821469194823
1675 0.43523821469194823
1676 0.7078006293362891
1677 0.7078006293362891
1678 0.7078006293362891
1679 1.06816903387706
1680 1.06816903387706
1681 1.06816903387706
1682 1.0240756146806513
1683 1.0240756146806513
1684 1.0240756146806513
1685 0.9714409481153878
1686 0.9714409481153878
1687 0.9714409481153878
1688 1.368406481649789
1689 1.368406481649789
1690 1.368406481649789
1691 1.4265434621549136
1692 1.4265434621549136
1693 1.4265434621549136
1694 0.6306149685357516
1695 0.6306149685357516
1696 0.6306149685357516
1697 1.2263841727084792
1698 1.2263841727084792
1699 1.2263841727084792
1700 0.2666712974002039
1701 0.2666712974002039
1702 0.2666712974002039
1703 0.5181557585517639
1704 0.5181557585517639
1705 0.5181557585517639
1706 0.514185919300698
1707 0.514185919300698
1708 0.514185919300698
1709 1.2013784912208987
1710 1.2013784912208987
1711 1.2013784912208987
1712 1.9181564954576316
1713 1.9181564954576316
1714 1.9181564954576316
1715 0.8065476593493119
1716 0.8065476593493119
1717 0.8065476593493119
1718 1.6723689174492136
1719 1.6723689174492136
1720 1.6723689174492136
1721 1.5730429961549628
1722 1.5730429961549628
1723 1.5730429961549628
1724 0.38135070626548373
1725 0.38135070626548373
1726 0.38135070626548373
1727 1.7588373714332617
1728 1.7588373714332617
1729 1.7588373714332617
1730 0.9545871540552973
1731 0.9545871540552973
1732 0.9545871540552973
1733 0.1
1734 0.1
1735 0.1
1736 1.0787448860113409
1737 1.0787448860113409
1738 1.0787448860113409
1739 0.7286151033783719
1740 0.7286151033783719
1741 0.7286151033783719
1742 0.9513373989614327
1743 0.9513373989614327
1744 0.9513373989614327
1745 0.8335807256959431
1746 0.8335807256959431
1747 0.8335807256959431
1748 1.5072273024666685
1749 1.5072273024666685
1750 1.5072273024666685
1751 0.5103638818261647
1752 0.5103638818261647
1753 0.5103638818261647
1754 1.2475836175643864
1755 1.2475836175643864
1756 1.2475836175643864
1757 0.9295104374697245
1758 0.9295104374697245
1759 0.9295104374697245
1760 1.4959386727261852
1761 1.4959386727261852
1762 1.4959386727261852
1763 1.5821207539591513
1764 1.5821207539591513
1765 1.5821207539591513
1766 2.25354459834989
1767 2.25354459834989
1768 2.25354459834989
1769 1.110754976375034
1770 1.110754976375034
1771 1.110754976375034
1772 1.0274482563075127
1773 1.0274482563075127
1774 1.0274482563075127
1775 0.476519185083621
1776 0.476519185083621
1777 0.476519185083621
1778 1.4117288085194457
1779 1.4117288085194457
1780 1.4117288085194457
1781 1.1497117547762787
1782 1.1497117547762787
1783 1.1497117547762787
1784 1.398406915553476
1785 1.398406915553476
1786 1.398406915553476
1787 1.0532833083482898
1788 1.0532833083482898
1789 1.0532833083482898
1790 1.2123498819362424
1791 1.2123498819362424
1792 1.2123498819362424
1793 0.5205973328344623
1794 0.5205973328344623
1795 0.5205973328344623
1796 0.578826453733209
1797 0.578826453733209
1798 0.578826453733209
1799 0.7127624250899465
1800 0.7127624250899465
1801 0.7127624250899465
1802 1.6413155561589634
1803 1.6413155561589634
1804 1.6413155561589634
1805 1.9985587091786745
1806 1.9985587091786745
1807 1.9985587091786745
1808 1.7851075729209658
1809 1.7851075729209658
1810 1.7851075729209658
1811 1.3500591899824177
1812 1.3500591899824177
1813 1.3500591899824177
1814 0.8145649246213181
1815 0.8145649246213181
1816 0.8145649246213181
1817 1.5854050438639098
1818 1.5854050438639098
1819 1.5854050438639098
1820 1.1049281845575292
1821 1.1049281845575292
1822 1.1049281845575292
1823 0.8549453549502148
1824 0.8549453549502148
1825 0.8549453549502148
1826 0.6368019536538085
1827 0.6368019536538085
1828 0.6368019536538085
1829 0.666967424403613
1830 0.666967424403613
1831 0.666967424403613
1832 0.6345810579540074
1833 0.6345810579540074
1834 0.6345810579540074
1835 1.8656059441937343
1836 1.8656059441937343
1837 1.8656059441937343
1838 0.9956645390184241
1839 0.9956645390184241
1840 0.9956645390184241
1841 0.6103543615835499
1842 0.6103543615835499
1843 0.6103543615835499
1844 1.2921976172549088
1845 1.2921976172549088
1846 1.2921976172549088
1847 0.6425309068926099
1848 0.6425309068926099
1849 0.6425309068926099
1850 1.0290338918063968
1851 1.0290338918063968
1852 0.7702679074803389
1853 0.7702679074803389
1854 0.7702679074803389
1855 3.4976535313241666
1856 3.4976535313241666
1857 3.4976535313241666
1858 2.1779827025787193
1859 2.1779827025787193
1860 2.1779827025787193
1861 3.072527731371321
1862 3.072527731371321
1863 3.072527731371321
1864 2.9930012360677973
1865 2.9930012360677973
1866 2.9930012360677973
1867 0.46776879500773205
1868 0.46776879500773205
1869 0.46776879500773205
1870 1.2353903828896216
1871 1.2353903828896216
1872 1.2353903828896216
1873 3.4693456529697007
1874 3.4693456529697007
1875 3.4693456529697007
1876 3.3461395913558354
1877 3.3461395913558354
1878 3.3461395913558354
1879 4.031234054908971
1880 4.031234054908971
1881 4.031234054908971
1882 0.9146145976801741
1883 0.9146145976801741
1884 0.9146145976801741
1885 4.59309267716876
1886 4.59309267716876
1887 4.59309267716876
1888 3.92587613097632
1889 3.92587613097632
1890 3.92587613097632
1891 2.911445027281952
1892 2.911445027281952
1893 2.911445027281952
1894 3.8822445947548068
1895 3.8822445947548068
1896 3.8822445947548068
1897 3.5999618601537504
1898 3.5999618601537504
1899 3.5999618601537504
1900 5.215443412086273
1901 5.215443412086273
1902 5.215443412086273
1903 4.66060102974288
1904 4.66060102974288
1905 4.66060102974288
1906 0.8814224677490223
1907 0.8814224677490223
1908 0.8814224677490223
1909 2.2906859256066596
1910 2.2906859256066596
1911 2.2906859256066596
1912 1.5300862803232984
1913 1.5300862803232984
1914 1.5300862803232984
1915 2.564579808173221
1916 2.564579808173221
1917 2.564579808173221
1918 0.1
1919 0.1
1920 0.1
1921 3.739231163074592
1922 3.739231163074592
1923 3.739231163074592
1924 1.6361400135820998
1925 1.6361400135820998
1926 1.6361400135820998
1927 2.8139799106700254
1928 2.8139799106700254
1929 2.8139799106700254
1930 3.824372219207265
1931 3.824372219207265
1932 3.824372219207265
1933 4.571377151222345
1934 4.571377151222345
1935 4.571377151222345
1936 1.2738132507066526
1937 0.7089238429362755
1938 0.7089238429362755
1939 0.7089238429362755
1940 0.9151546593793516
1941 0.9151546593793516
1942 0.9151546593793516
1943 1.2810937745148652
1944 1.2810937745148652
1945 1.2810937745148652
1946 0.5817122810760875
1947 0.5817122810760875
1948 0.5817122810760875
1949 0.5976591312334288
1950 0.5976591312334288
1951 0.5976591312334288
1952 0.8243553300452621
1953 0.8243553300452621
1954 0.8243553300452621
1955 0.6488144933012294
1956 0.6488144933012294
1957 0.6488144933012294
1958 0.30900092705352245
1959 0.30900092705352245
1960 0.30900092705352245
1961 0.46857767439881254
1962 0.46857767439881254
1963 0.46857767439881254
1964 0.8782626190474587
1965 0.8782626190474587
1966 0.8782626190474587
1967 0.4058398735939595
1968 0.4058398735939595
1969 0.4058398735939595
1970 0.5300937634862927
1971 0.5300937634862927
1972 0.5300937634862927
1973 1.0292797465310417
1974 1.0292797465310417
1975 1.0292797465310417
1976 0.6553559877636788
1977 0.6553559877636788
1978 0.6553559877636788
1979 0.5430457412510994
1980 0.5430457412510994
1981 0.5430457412510994
1982 0.6570339005402638
1983 0.6570339005402638
1984 0.6570339005402638
1985 0.6705994660698845
1986 0.6705994660698845
1987 0.6705994660698845
1988 1.1618638450581127
1989 1.1618638450581127
1990 1.1618638450581127
1991 1.0258768539242307
1992 1.0258768539242307
1993 1.0258768539242307
1994 0.7383770716293708
1995 0.7383770716293708
1996 0.7383770716293708
1997 0.6111316373982391
1998 0.6111316373982391
1999 0.6111316373982391
