0 1.6105350421736393
1 1.6105350421736393
2 1.6105350421736393
3 1.6105350421736393
4 2.115511839584225
5 2.115511839584225
6 2.115511839584225
7 2.115511839584225
8 1.2916047780663447
9 1.2916047780663447
10 1.2916047780663447
11 1.2916047780663447
12 3.2454552261636214
13 3.2454552261636214
14 3.2454552261636214
15 3.2454552261636214
16 1.695556707101483
17 1.695556707101483
18 1.695556707101483
19 1.695556707101483
20 0.5705938866988942
21 0.5705938866988942
22 0.5705938866988942
23 0.5705938866988942
24 1.6818227195697764
25 1.6818227195697764
26 1.6818227195697764
27 1.6818227195697764
28 2.8269476505069755
29 2.8269476505069755
30 2.8269476505069755
31 2.8269476505069755
32 3.1090049372216146
33 3.1090049372216146
34 3.1090049372216146
35 3.1090049372216146
36 2.957111761312734
37 2.957111761312734
38 2.957111761312734
39 2.957111761312734
40 2.0140777223176682
41 2.0140777223176682
42 2.0140777223176682
43 2.0140777223176682
44 0.1
45 0.1
46 0.1
47 0.1
48 3.0215197026406626
49 3.0215197026406626
50 3.0215197026406626
51 3.0215197026406626
52 1.229479095160491
53 1.229479095160491
54 1.229479095160491
55 1.229479095160491
56 2.609448083378748
57 2.609448083378748
58 2.609448083378748
59 2.609448083378748
60 1.2040453979303112
61 1.2040453979303112
62 1.2040453979303112
63 1.2040453979303112
64 1.6136820392725513
65 1.6136820392725513
66 1.6136820392725513
67 1.6136820392725513
68 2.1098592802424583
69 2.1098592802424583
70 2.1098592802424583
71 2.1098592802424583
72 1.8944199931003027
73 1.8944199931003027
74 1.8944199931003027
75 1.8944199931003027
76 0.3372418438580034
77 0.3372418438580034
78 0.3372418438580034
79 0.3372418438580034
80 0.1
81 0.1
82 0.1
83 0.1
84 2.8162031741836753
85 2.8162031741836753
86 2.8162031741836753
87 2.8162031741836753
88 1.491295141324482
89 1.491295141324482
90 1.491295141324482
91 1.491295141324482
92 2.5398548534160237
93 2.5398548534160237
94 2.5398548534160237
95 2.5398548534160237
96 1.8776287124268132
97 1.8776287124268132
98 1.8776287124268132
99 1.8776287124268132
100 2.1319006168930015
101 2.1319006168930015
102 2.1319006168930015
103 2.1319006168930015
104 2.748132200393646
105 2.748132200393646
106 2.748132200393646
107 2.748132200393646
108 2.058220294331327
109 2.058220294331327
110 2.058220294331327
111 2.058220294331327
112 2.6206681104788876
113 2.6206681104788876
114 2.6206681104788876
115 2.6206681104788876
116 2.1022084048750487
117 2.1022084048750487
118 2.1022084048750487
119 2.1022084048750487
120 3.857635403885806
121 3.857635403885806
122 3.857635403885806
123 3.857635403885806
124 1.3760248860422528
125 1.3760248860422528
126 1.3760248860422528
127 1.3760248860422528
128 1.0663839366124186
129 1.0415082752477431
130 1.0415082752477431
131 1.0415082752477431
132 1.0415082752477431
133 1.4781206463788874
134 1.4781206463788874
135 1.4781206463788874
136 1.4781206463788874
137 3.2454975445133174
138 3.2454975445133174
139 3.2454975445133174
140 3.2454975445133174
141 1.1161554716686393
142 1.1161554716686393
143 1.1161554716686393
144 1.1161554716686393
145 1.2133957665674324
146 1.2133957665674324
147 1.2133957665674324
148 1.2133957665674324
149 2.8451750970345264
150 2.8451750970345264
151 2.8451750970345264
152 2.8451750970345264
153 1.9956262922844679
154 1.9956262922844679
155 1.9956262922844679
156 1.9956262922844679
157 0.59057432626384
158 0.59057432626384
159 0.59057432626384
160 0.59057432626384
161 1.014637508839349
162 1.014637508839349
163 1.014637508839349
164 1.014637508839349
165 0.8920122087968354
166 0.8920122087968354
167 0.8920122087968354
168 0.8920122087968354
169 1.5881076459828731
170 1.5881076459828731
171 1.5881076459828731
172 1.5881076459828731
173 2.3900319028265047
174 2.3900319028265047
175 2.3900319028265047
176 2.3900319028265047
177 2.323246459960135
178 2.323246459960135
179 2.323246459960135
180 2.323246459960135
181 2.5188378901737574
182 2.5188378901737574
183 2.5188378901737574
184 2.5188378901737574
185 3.5122063090498497
186 3.5122063090498497
187 3.5122063090498497
188 3.5122063090498497
189 1.8338723224146651
190 1.8338723224146651
191 1.8338723224146651
192 1.8338723224146651
193 0.7300982933053298
194 0.7300982933053298
195 0.7300982933053298
196 0.7300982933053298
197 1.3921015774148335
198 1.3921015774148335
199 4.562546163980626
200 4.562546163980626
201 4.562546163980626
202 4.562546163980626
203 1.5340489308661511
204 1.5340489308661511
205 1.5340489308661511
206 1.5340489308661511
207 0.1
208 0.1
209 0.1
210 0.1
211 5.252388211219089
212 5.252388211219089
213 5.252388211219089
214 5.252388211219089
215 5.167468156988622
216 5.167468156988622
217 5.167468156988622
218 5.167468156988622
219 5.5390231829747485
220 5.5390231829747485
221 5.5390231829747485
222 5.5390231829747485
223 4.797546175141239
224 4.797546175141239
225 4.797546175141239
226 4.797546175141239
227 4.653314498469378
228 4.653314498469378
229 4.653314498469378
230 4.653314498469378
231 4.720522755856465
232 4.720522755856465
233 4.720522755856465
234 4.720522755856465
235 6.606441621762551
236 6.606441621762551
237 6.606441621762551
238 6.606441621762551
239 4.564743964665286
240 4.564743964665286
241 4.564743964665286
242 4.564743964665286
243 5.278013033803764
244 5.278013033803764
245 5.278013033803764
246 5.278013033803764
247 6.500122412532389
248 6.500122412532389
249 6.500122412532389
250 6.500122412532389
251 3.809706728591638
252 3.809706728591638
253 3.809706728591638
254 3.809706728591638
255 3.429354957878293
256 3.429354957878293
257 3.429354957878293
258 3.429354957878293
259 2.6966245082611513
260 2.6966245082611513
261 2.6966245082611513
262 2.6966245082611513
263 7.621784223359431
264 7.621784223359431
265 7.621784223359431
266 7.621784223359431
267 5.522330642413895
268 5.522330642413895
269 5.522330642413895
270 5.522330642413895
271 3.0917222862781037
272 3.0917222862781037
273 3.0917222862781037
274 3.0917222862781037
275 1.4170352251280787
276 1.4170352251280787
277 1.4170352251280787
278 1.4170352251280787
279 3.7693637863723968
280 3.7693637863723968
281 3.7693637863723968
282 3.7693637863723968
283 1.6738921651733105
284 1.6738921651733105
285 1.6738921651733105
286 1.6738921651733105
287 4.928126114315371
288 4.928126114315371
289 4.928126114315371
290 4.928126114315371
291 4.782660895920486
292 4.782660895920486
293 4.782660895920486
294 4.782660895920486
295 8.322629032343698
296 8.322629032343698
297 8.322629032343698
298 8.322629032343698
299 3.4191002395883396
300 3.4191002395883396
301 3.4191002395883396
302 5.18518007716677
303 5.18518007716677
304 5.18518007716677
305 5.18518007716677
306 5.992203801194405
307 5.992203801194405
308 5.992203801194405
309 5.992203801194405
310 3.184778659472654
311 3.184778659472654
312 3.184778659472654
313 3.184778659472654
314 4.516968403388367
315 4.516968403388367
316 4.516968403388367
317 4.516968403388367
318 0.1
319 0.1
320 0.1
321 0.1
322 6.120076047076936
323 6.120076047076936
324 6.120076047076936
325 6.120076047076936
326 7.06476662851555
327 7.06476662851555
328 7.06476662851555
329 7.06476662851555
330 0.10270733563928491
331 0.10270733563928491
332 0.10270733563928491
333 0.10270733563928491
334 3.7749138448444284
335 3.7749138448444284
336 3.7749138448444284
337 3.7749138448444284
338 3.2878668763088923
339 3.2878668763088923
340 3.2878668763088923
341 3.2878668763088923
342 6.388838601978659
343 6.388838601978659
344 6.388838601978659
345 6.388838601978659
346 6.597350175221507
347 6.597350175221507
348 6.597350175221507
349 6.597350175221507
350 0.1
351 0.1
352 0.1
353 0.1
354 2.9077561363260758
355 2.9077561363260758
356 2.9077561363260758
357 2.9077561363260758
358 1.749776808533146
359 1.749776808533146
360 1.749776808533146
361 1.749776808533146
362 2.6782076282270593
363 2.6782076282270593
364 2.6782076282270593
365 2.6782076282270593
366 2.9857101356405087
367 2.9857101356405087
368 2.9857101356405087
369 2.9857101356405087
370 7.298302112866713
371 7.298302112866713
372 7.298302112866713
373 7.298302112866713
374 5.7785731528791455
375 5.7785731528791455
376 5.7785731528791455
377 5.7785731528791455
378 3.005887548352033
379 3.005887548352033
380 3.005887548352033
381 3.005887548352033
382 3.382635924264576
383 3.382635924264576
384 3.382635924264576
385 3.382635924264576
386 0.15196757043975495
387 0.15196757043975495
388 0.15196757043975495
389 0.15196757043975495
390 0.9821007821831422
391 0.9821007821831422
392 0.9821007821831422
393 0.9821007821831422
394 2.988720996111841
395 2.988720996111841
396 2.988720996111841
397 2.988720996111841
398 2.1267820735388154
399 2.1267820735388154
400 2.1267820735388154
401 2.1267820735388154
402 2.2622170014585294
403 2.2622170014585294
404 2.2622170014585294
405 2.2622170014585294
406 1.8500899115461924
407 1.8500899115461924
408 1.8500899115461924
409 1.8500899115461924
410 1.93309916951695
411 1.93309916951695
412 1.93309916951695
413 1.93309916951695
414 2.943166319747858
415 2.943166319747858
416 2.943166319747858
417 2.943166319747858
418 2.4263095480246184
419 2.4263095480246184
420 2.4263095480246184
421 2.4263095480246184
422 0.9216651775338911
423 0.9216651775338911
424 0.9216651775338911
425 0.9216651775338911
426 0.7186808897243193
427 0.7186808897243193
428 0.7186808897243193
429 0.7186808897243193
430 1.9480150255286193
431 1.9480150255286193
432 1.9480150255286193
433 1.9480150255286193
434 2.3722607333941688
435 2.3722607333941688
436 2.3722607333941688
437 2.3722607333941688
438 1.7320939546408611
439 1.7320939546408611
440 1.7320939546408611
441 1.7320939546408611
442 3.3679743851341395
443 3.3679743851341395
444 3.3679743851341395
445 3.3679743851341395
446 1.8615840216297892
447 1.8615840216297892
448 1.8615840216297892
449 1.8615840216297892
450 2.576538836978635
451 2.576538836978635
452 2.576538836978635
453 2.576538836978635
454 2.253014325850501
455 2.253014325850501
456 2.253014325850501
457 2.253014325850501
458 0.39796267176651634
459 0.39796267176651634
460 0.39796267176651634
461 0.39796267176651634
462 1.404236329459779
463 1.404236329459779
464 1.404236329459779
465 1.404236329459779
466 2.025038720464763
467 2.025038720464763
468 2.025038720464763
469 2.025038720464763
470 1.3941072761994904
471 1.3941072761994904
472 1.3941072761994904
473 1.3941072761994904
474 0.851290321928093
475 0.851290321928093
476 0.851290321928093
477 0.851290321928093
478 3.362424380609881
479 3.362424380609881
480 3.362424380609881
481 3.362424380609881
482 3.1215977011613485
483 3.1215977011613485
484 3.1215977011613485
485 3.1215977011613485
486 1.4169165727350568
487 1.4169165727350568
488 1.4169165727350568
489 1.4169165727350568
490 0.7758021781133226
491 0.7758021781133226
492 0.7758021781133226
493 0.7758021781133226
494 0.9257397576072446
495 0.9257397576072446
496 0.9257397576072446
497 0.9257397576072446
498 3.289903160740307
499 3.289903160740307
500 3.289903160740307
501 3.289903160740307
502 3.080028550464067
503 3.080028550464067
504 3.080028550464067
505 3.080028550464067
506 2.980899964143499
507 2.980899964143499
508 2.980899964143499
509 2.980899964143499
510 2.4893507629504477
511 2.4893507629504477
512 2.4893507629504477
513 2.4893507629504477
514 2.6630434481406784
515 2.6630434481406784
516 2.6630434481406784
517 2.6630434481406784
518 2.818169055960725
519 2.818169055960725
520 2.818169055960725
521 2.818169055960725
522 0.3189578805945794
523 0.3189578805945794
524 0.3189578805945794
525 0.3189578805945794
526 2.8568857846656655
527 2.8568857846656655
528 2.8568857846656655
529 2.8568857846656655
530 2.0207986352495824
531 2.0207986352495824
532 2.0207986352495824
533 2.0207986352495824
534 1.7688694710952382
535 1.7688694710952382
536 1.7688694710952382
537 1.7688694710952382
538 2.3122014181207247
539 2.3122014181207247
540 2.3122014181207247
541 2.3122014181207247
542 0.646341378729963
543 0.646341378729963
544 0.646341378729963
545 0.646341378729963
546 1.1976162212727557
547 1.1976162212727557
548 1.1976162212727557
549 1.1976162212727557
550 2.8746051557130228
551 2.8746051557130228
552 2.8746051557130228
553 2.8746051557130228
554 3.2326877078387044
555 3.2326877078387044
556 3.2326877078387044
557 3.2326877078387044
558 0.1
559 0.1
560 0.1
561 0.1
562 1.7277898170235695
563 1.7277898170235695
564 1.7277898170235695
565 1.7277898170235695
566 2.1413141834483738
567 2.1413141834483738
568 2.1413141834483738
569 2.1413141834483738
570 1.724221954158123
571 1.724221954158123
572 1.724221954158123
573 1.724221954158123
574 1.749990918800502
575 1.749990918800502
576 1.749990918800502
577 1.749990918800502
578 2.5711448098762744
579 2.5711448098762744
580 2.5711448098762744
581 2.5711448098762744
582 1.5603691207737618
583 1.5603691207737618
584 1.5603691207737618
585 1.5603691207737618
586 1.2230396820014537
587 1.2230396820014537
588 1.2230396820014537
589 1.2230396820014537
590 0.7783945317484504
591 0.7783945317484504
592 0.7783945317484504
593 0.7783945317484504
594 2.5691418532946257
595 2.5691418532946257
596 2.5691418532946257
597 2.5691418532946257
598 3.384954172149385
599 3.384954172149385
600 3.384954172149385
601 3.384954172149385
602 1.746260441163423
603 1.746260441163423
604 1.746260441163423
605 1.746260441163423
606 1.6380243399985235
607 1.6380243399985235
608 1.6380243399985235
609 1.6380243399985235
610 2.329600923174202
611 2.329600923174202
612 2.329600923174202
613 2.329600923174202
614 2.416940932482865
615 2.416940932482865
616 2.416940932482865
617 2.416940932482865
618 2.9325232768613163
619 2.9325232768613163
620 2.9325232768613163
621 2.9325232768613163
622 3.5789515150242286
623 3.5789515150242286
624 3.5789515150242286
625 3.5789515150242286
626 1.567231604570032
627 1.567231604570032
628 1.567231604570032
629 1.567231604570032
630 1.2720437040066832
631 1.2720437040066832
632 1.2720437040066832
633 1.2720437040066832
634 1.9483834003278497
635 1.9483834003278497
636 1.9483834003278497
637 1.9483834003278497
638 2.140716510627342
639 2.140716510627342
640 2.140716510627342
641 2.140716510627342
642 0.8610390811271282
643 0.8610390811271282
644 0.8610390811271282
645 0.8610390811271282
646 0.1709532608119828
647 0.1709532608119828
648 0.1709532608119828
649 0.1709532608119828
650 2.2375488474361607
651 2.2375488474361607
652 2.2375488474361607
653 2.2375488474361607
654 2.002361510190119
655 2.002361510190119
656 2.002361510190119
657 2.002361510190119
658 1.7812345174261983
659 1.7812345174261983
660 1.7812345174261983
661 1.7812345174261983
662 1.103057793673367
663 1.103057793673367
664 1.103057793673367
665 1.103057793673367
666 1.846477697038423
667 1.846477697038423
668 1.846477697038423
669 1.846477697038423
670 3.0646611096989993
671 3.0646611096989993
672 3.0646611096989993
673 3.0646611096989993
674 3.0687057470210073
675 3.0687057470210073
676 3.0687057470210073
677 3.0687057470210073
678 2.3985007805539196
679 2.3985007805539196
680 2.3985007805539196
681 2.3985007805539196
682 2.462266045353546
683 2.462266045353546
684 2.462266045353546
685 2.462266045353546
686 2.9965382229697806
687 2.9965382229697806
688 2.9965382229697806
689 2.9965382229697806
690 1.247784197297694
691 1.247784197297694
692 1.247784197297694
693 1.247784197297694
694 1.2212554778598461
695 1.2212554778598461
696 1.2212554778598461
697 1.2212554778598461
698 2.367171125648505
699 2.367171125648505
700 2.367171125648505
701 2.367171125648505
702 1.9279841123490804
703 1.9279841123490804
704 1.9279841123490804
705 1.9279841123490804
706 0.6827307287337281
707 0.6827307287337281
708 0.6827307287337281
709 0.6827307287337281
710 1.964544743230088
711 1.964544743230088
712 1.964544743230088
713 1.964544743230088
714 1.7428787673512318
715 1.7428787673512318
716 1.7428787673512318
717 1.7428787673512318
718 1.7228391036384587
719 1.7228391036384587
720 1.7228391036384587
721 1.7228391036384587
722 3.0321440640529116
723 3.0321440640529116
724 3.0321440640529116
725 3.0321440640529116
726 2.302800717812459
727 2.302800717812459
728 2.302800717812459
729 2.302800717812459
730 0.9977333824105097
731 0.9977333824105097
732 0.9977333824105097
733 0.9977333824105097
734 2.7432634462545806
735 2.7432634462545806
736 2.7432634462545806
737 2.7432634462545806
738 2.0784216094910515
739 2.0784216094910515
740 2.0784216094910515
741 2.0784216094910515
742 1.5945058922931317
743 1.5945058922931317
744 1.5945058922931317
745 1.5945058922931317
746 2.8531092273628267
747 2.8531092273628267
748 2.8531092273628267
749 2.8531092273628267
750 0.9654682530549084
751 0.9654682530549084
752 0.9654682530549084
753 0.9654682530549084
754 3.44380963059639
755 3.44380963059639
756 3.44380963059639
757 3.44380963059639
758 2.813450446946944
759 2.813450446946944
760 2.813450446946944
761 2.813450446946944
762 3.1727313719410644
763 3.1727313719410644
764 3.1727313719410644
765 3.1727313719410644
766 1.102075968988506
767 1.102075968988506
768 1.102075968988506
769 1.102075968988506
770 0.5079567103495699
771 0.5079567103495699
772 0.5079567103495699
773 0.5079567103495699
774 0.8271481753403407
775 0.8271481753403407
776 0.8271481753403407
777 0.8271481753403407
778 1.6289231440117702
779 1.6289231440117702
780 1.6289231440117702
781 1.6289231440117702
782 2.388332971792156
783 2.388332971792156
784 2.388332971792156
785 2.388332971792156
786 3.571795722563601
787 3.571795722563601
788 3.571795722563601
789 3.571795722563601
790 2.540401951303059
791 2.540401951303059
792 2.540401951303059
793 2.540401951303059
794 2.4717118154793116
795 2.4717118154793116
796 2.4717118154793116
797 2.4717118154793116
798 0.49153705487556154
799 0.49153705487556154
800 0.49153705487556154
801 0.49153705487556154
802 1.6237982294910949
803 1.6237982294910949
804 1.6237982294910949
805 1.6237982294910949
806 2.5617569200988806
807 2.5617569200988806
808 2.5617569200988806
809 2.5617569200988806
810 2.2382299092926528
811 2.2382299092926528
812 2.2382299092926528
813 2.2382299092926528
814 2.4711234558479034
815 2.4711234558479034
816 2.4711234558479034
817 2.4711234558479034
818 1.836289892085438
819 1.836289892085438
820 1.836289892085438
821 1.836289892085438
822 1.6710013067170237
823 1.6710013067170237
824 1.6710013067170237
825 1.6710013067170237
826 2.2050931639841935
827 2.2050931639841935
828 2.2050931639841935
829 2.2050931639841935
830 1.3523451257826395
831 1.3523451257826395
832 1.3523451257826395
833 1.3523451257826395
834 1.3538075307637454
835 1.3538075307637454
836 1.3538075307637454
837 1.3538075307637454
838 2.5191704408077884
839 2.5191704408077884
840 2.5191704408077884
841 2.5191704408077884
842 2.162086110795026
843 2.162086110795026
844 2.162086110795026
845 2.162086110795026
846 3.8723706296281
847 3.8723706296281
848 3.8723706296281
849 3.8723706296281
850 2.5604890438868986
851 2.5604890438868986
852 2.5604890438868986
853 2.5604890438868986
854 2.6970966342064138
855 2.6970966342064138
856 2.6970966342064138
857 2.6970966342064138
858 0.23591698230052827
859 0.23591698230052827
860 0.23591698230052827
861 0.23591698230052827
862 2.9007193066797843
863 2.9007193066797843
864 2.9007193066797843
865 2.9007193066797843
866 2.050340563386471
867 2.050340563386471
868 2.050340563386471
869 2.050340563386471
870 2.2577326770894337
871 2.2577326770894337
872 2.2577326770894337
873 2.2577326770894337
874 0.5937617881219768
875 0.5937617881219768
876 0.5937617881219768
877 0.5937617881219768
878 3.846067803572627
879 3.846067803572627
880 3.846067803572627
881 3.846067803572627
882 2.064699005680897
883 2.064699005680897
884 2.064699005680897
885 2.064699005680897
886 1.7609995261915807
887 1.7609995261915807
888 1.7609995261915807
889 1.7609995261915807
890 0.7627824863444022
891 1.2060847874117
892 1.2060847874117
893 1.2060847874117
894 1.2060847874117
895 2.1109145061494
896 2.1109145061494
897 2.1109145061494
898 2.1109145061494
899 1.1094846639019864
900 1.1094846639019864
901 1.1094846639019864
902 1.1094846639019864
903 2.433899108490157
904 2.433899108490157
905 2.433899108490157
906 2.433899108490157
907 2.0394522888187883
908 2.0394522888187883
909 2.0394522888187883
910 2.0394522888187883
911 1.0957561579598565
912 1.0957561579598565
913 1.0957561579598565
914 1.0957561579598565
915 3.1480054313039867
916 3.1480054313039867
917 3.1480054313039867
918 3.1480054313039867
919 1.2019473461511065
920 1.2019473461511065
921 1.2019473461511065
922 1.2019473461511065
923 2.259282245310586
924 2.259282245310586
925 2.259282245310586
926 2.259282245310586
927 1.7210828042456152
928 1.7210828042456152
929 1.7210828042456152
930 1.7210828042456152
931 1.5199727304541248
932 1.5199727304541248
933 1.5199727304541248
934 1.5199727304541248
935 1.4833430164634973
936 1.4833430164634973
937 1.4833430164634973
938 1.4833430164634973
939 1.948539133589211
940 1.948539133589211
941 1.948539133589211
942 1.948539133589211
943 0.5522411134313605
944 0.5522411134313605
945 0.5522411134313605
946 0.5522411134313605
947 2.0298894749515446
948 2.0298894749515446
949 2.0298894749515446
950 2.0298894749515446
951 2.5363526342369775
952 2.5363526342369775
953 2.5363526342369775
954 2.5363526342369775
955 1.5320929988945013
956 1.5320929988945013
957 1.5320929988945013
958 1.5320929988945013
959 1.85594832073518
960 1.85594832073518
961 1.85594832073518
962 1.85594832073518
963 1.564671635220557
964 1.564671635220557
965 1.564671635220557
966 1.564671635220557
967 0.39802814715692203
968 0.39802814715692203
969 0.39802814715692203
970 0.39802814715692203
971 1.21696626204985
972 1.21696626204985
973 1.21696626204985
974 1.21696626204985
975 0.1
976 0.1
977 0.1
978 0.1
979 1.3959265373671719
980 1.3959265373671719
981 1.3959265373671719
982 1.3959265373671719
983 1.2164665286913605
984 1.2164665286913605
985 1.2164665286913605
986 1.2164665286913605
987 0.9267562548751681
988 0.9267562548751681
989 0.9267562548751681
990 0.9267562548751681
991 1.1469546304024496
992 1.1469546304024496
993 1.1469546304024496
994 1.1469546304024496
995 1.0682922982076906
996 1.0682922982076906
997 1.0682922982076906
998 1.0682922982076906
999 1.0283877486172082
1000 1.0283877486172082
1001 1.0283877486172082
1002 1.0283877486172082
1003 1.6542074613549798
1004 1.6542074613549798
1005 1.6542074613549798
1006 1.6542074613549798
1007 2.2201653779893213
1008 2.2201653779893213
1009 2.2201653779893213
1010 2.2201653779893213
1011 1.7889667769715925
1012 1.7889667769715925
1013 1.7889667769715925
1014 1.7889667769715925
1015 1.0586439341558291
1016 1.0586439341558291
1017 1.0586439341558291
1018 1.0586439341558291
1019 1.081777901475462
1020 1.081777901475462
1021 1.081777901475462
1022 1.081777901475462
1023 1.6803868785106038
1024 1.6803868785106038
1025 1.6803868785106038
1026 1.6803868785106038
1027 0.8717903973322461
1028 0.8717903973322461
1029 0.8717903973322461
1030 0.8717903973322461
1031 1.3365978800090117
1032 1.3365978800090117
1033 1.3365978800090117
1034 1.3365978800090117
1035 0.9062863101070664
1036 0.9062863101070664
1037 0.9062863101070664
1038 0.9062863101070664
1039 2.096840211973108
1040 2.096840211973108
1041 2.096840211973108
1042 2.096840211973108
1043 3.197724793617704
1044 3.197724793617704
1045 3.197724793617704
1046 3.197724793617704
1047 1.1564563606385716
1048 1.1564563606385716
1049 1.1564563606385716
1050 1.1564563606385716
1051 0.8156990509438409
1052 0.8156990509438409
1053 0.8156990509438409
1054 0.8156990509438409
1055 2.4591629426138826
1056 2.4591629426138826
1057 2.4591629426138826
1058 2.4591629426138826
1059 1.1449567354766623
1060 1.1449567354766623
1061 1.1449567354766623
1062 1.1449567354766623
1063 2.4876472972274875
1064 2.4876472972274875
1065 2.4876472972274875
1066 2.4876472972274875
1067 2.3626418495620056
1068 2.3626418495620056
1069 2.3626418495620056
1070 2.3626418495620056
1071 0.30252660946837273
1072 0.30252660946837273
1073 0.30252660946837273
1074 0.30252660946837273
1075 1.619478128939211
1076 1.619478128939211
1077 1.619478128939211
1078 1.619478128939211
1079 2.4116782576194855
1080 2.4116782576194855
1081 2.4116782576194855
1082 2.4116782576194855
1083 1.5124430387872296
1084 1.5124430387872296
1085 1.5124430387872296
1086 1.5124430387872296
1087 1.536951660470576
1088 1.536951660470576
1089 1.536951660470576
1090 1.536951660470576
1091 1.9799423382948764
1092 1.9799423382948764
1093 1.9799423382948764
1094 1.9799423382948764
1095 1.2244991872334672
1096 1.2244991872334672
1097 1.2244991872334672
1098 1.2244991872334672
1099 1.6394732170830146
1100 1.6394732170830146
1101 1.6394732170830146
1102 1.6394732170830146
1103 1.874850638528907
1104 1.874850638528907
1105 1.874850638528907
1106 1.874850638528907
1107 1.8653608745253902
1108 1.8653608745253902
1109 1.8653608745253902
1110 1.8653608745253902
1111 0.9047496422564084
1112 0.9047496422564084
1113 0.9047496422564084
1114 0.9047496422564084
1115 2.2930727872847645
1116 2.2930727872847645
1117 2.2930727872847645
1118 2.2930727872847645
1119 1.5060999650545916
1120 1.5060999650545916
1121 1.5060999650545916
1122 1.5060999650545916
1123 2.2363141462071994
1124 2.2363141462071994
1125 2.2363141462071994
1126 2.2363141462071994
1127 0.8007509076560247
1128 0.8007509076560247
1129 0.8007509076560247
1130 0.8007509076560247
1131 2.5471266472442453
1132 2.5471266472442453
1133 2.5471266472442453
1134 2.5471266472442453
1135 1.8727218658884774
1136 1.8727218658884774
1137 1.8727218658884774
1138 1.8727218658884774
1139 1.566826213260171
1140 1.566826213260171
1141 1.566826213260171
1142 1.566826213260171
1143 1.6414207675388899
1144 1.6414207675388899
1145 1.6414207675388899
1146 1.6414207675388899
1147 1.8494319845035698
1148 1.8494319845035698
1149 1.8494319845035698
1150 1.8494319845035698
1151 1.5601172671530388
1152 1.5601172671530388
1153 1.5601172671530388
1154 1.5601172671530388
1155 1.3535220552402676
1156 1.3535220552402676
1157 1.3535220552402676
1158 1.3535220552402676
1159 1.2797757278193267
1160 1.2797757278193267
1161 1.2797757278193267
1162 1.2797757278193267
1163 1.368891643990482
1164 1.368891643990482
1165 1.368891643990482
1166 1.368891643990482
1167 1.6825365700630042
1168 1.6825365700630042
1169 1.6825365700630042
1170 1.6825365700630042
1171 1.722301256231107
1172 1.722301256231107
1173 1.722301256231107
1174 1.722301256231107
1175 1.924507504785994
1176 1.924507504785994
1177 1.924507504785994
1178 1.924507504785994
1179 1.6470001413608697
1180 1.6470001413608697
1181 1.6470001413608697
1182 1.6470001413608697
1183 2.571262823111625
1184 2.571262823111625
1185 2.571262823111625
1186 2.571262823111625
1187 2.520725700060168
1188 2.520725700060168
1189 2.520725700060168
1190 2.520725700060168
1191 4.718937388925208
1192 4.718937388925208
1193 4.718937388925208
1194 4.718937388925208
1195 2.121634293013219
1196 2.121634293013219
1197 2.121634293013219
1198 2.121634293013219
1199 3.3550104618127294
1200 3.3550104618127294
1201 3.3550104618127294
1202 3.3550104618127294
1203 4.0049050597772196
1204 4.0049050597772196
1205 4.0049050597772196
1206 4.0049050597772196
1207 2.642632922719205
1208 2.642632922719205
1209 2.642632922719205
1210 2.642632922719205
1211 3.2770574782293163
1212 3.2770574782293163
1213 3.2770574782293163
1214 3.2770574782293163
1215 3.7176872163396606
1216 3.7176872163396606
1217 3.7176872163396606
1218 3.7176872163396606
1219 1.0599288804864475
1220 1.0599288804864475
1221 1.0599288804864475
1222 1.0599288804864475
1223 2.1982451728828742
1224 2.1982451728828742
1225 2.1982451728828742
1226 2.1982451728828742
1227 1.8548659154250051
1228 1.8548659154250051
1229 1.8548659154250051
1230 1.8548659154250051
1231 3.294868654255504
1232 3.294868654255504
1233 3.294868654255504
1234 3.294868654255504
1235 3.594946699897848
1236 3.594946699897848
1237 3.594946699897848
1238 3.594946699897848
1239 4.012348385220781
1240 4.012348385220781
1241 4.012348385220781
1242 4.012348385220781
1243 3.1305165577037393
1244 3.1305165577037393
1245 3.1305165577037393
1246 3.1305165577037393
1247 3.897224625050868
1248 3.897224625050868
1249 3.897224625050868
1250 3.897224625050868
1251 2.3791265574681733
1252 2.3791265574681733
1253 2.3791265574681733
1254 2.3791265574681733
1255 2.8044663965677423
1256 2.8044663965677423
1257 2.8044663965677423
1258 2.8044663965677423
1259 4.794514744147997
1260 4.794514744147997
1261 4.794514744147997
1262 4.794514744147997
1263 3.498416538790593
1264 3.498416538790593
1265 3.498416538790593
1266 3.498416538790593
1267 7.288028166769214
1268 7.288028166769214
1269 7.288028166769214
1270 7.288028166769214
1271 2.113333919317969
1272 2.113333919317969
1273 2.113333919317969
1274 2.113333919317969
1275 3.6897860784932273
1276 3.6897860784932273
1277 3.6897860784932273
1278 3.6897860784932273
1279 0.1
1280 0.1
1281 0.1
1282 0.1
1283 2.1538654695509214
1284 2.1538654695509214
1285 2.1538654695509214
1286 2.1538654695509214
1287 4.3451101371890575
1288 4.3451101371890575
1289 4.3451101371890575
1290 4.3451101371890575
1291 4.670761550593651
1292 4.670761550593651
1293 4.670761550593651
1294 4.670761550593651
1295 5.420020744140773
1296 5.420020744140773
1297 5.420020744140773
1298 5.420020744140773
1299 2.0267949593451826
1300 2.0267949593451826
1301 2.0267949593451826
1302 2.0267949593451826
1303 0.9892312744036946
1304 0.9892312744036946
1305 0.9892312744036946
1306 0.9892312744036946
1307 3.0990725794486087
1308 3.0990725794486087
1309 3.0990725794486087
1310 3.0990725794486087
1311 2.8536669855299164
1312 2.8536669855299164
1313 2.8536669855299164
1314 2.8536669855299164
1315 2.3347092235255267
1316 2.3347092235255267
1317 2.3347092235255267
1318 2.3347092235255267
1319 3.379504684951296
1320 3.379504684951296
1321 3.379504684951296
1322 3.379504684951296
1323 4.959443609810748
1324 4.959443609810748
1325 4.959443609810748
1326 4.959443609810748
1327 4.119910264197454
1328 4.119910264197454
1329 4.119910264197454
1330 4.119910264197454
1331 2.516463872496183
1332 2.516463872496183
1333 2.516463872496183
1334 2.516463872496183
1335 4.926946607741159
1336 4.926946607741159
1337 4.926946607741159
1338 4.926946607741159
1339 2.736715166783179
1340 2.736715166783179
1341 2.736715166783179
1342 2.736715166783179
1343 2.9730378353118345
1344 2.9730378353118345
1345 2.9730378353118345
1346 2.9730378353118345
1347 3.8278460059312716
1348 3.8278460059312716
1349 3.8278460059312716
1350 3.8278460059312716
1351 1.972890521451047
1352 1.972890521451047
1353 1.972890521451047
1354 1.972890521451047
1355 4.097518392913941
1356 4.097518392913941
1357 4.097518392913941
1358 4.097518392913941
1359 3.9351307432114577
1360 3.9351307432114577
1361 3.9351307432114577
1362 3.9351307432114577
1363 4.95868929568274
1364 4.95868929568274
1365 4.95868929568274
1366 4.95868929568274
1367 2.986558795017353
1368 2.986558795017353
1369 2.986558795017353
1370 2.986558795017353
1371 1.8545537590718102
1372 1.8545537590718102
1373 1.8545537590718102
1374 1.8545537590718102
1375 4.479859329528507
1376 4.479859329528507
1377 4.479859329528507
1378 4.479859329528507
1379 3.947841806905787
1380 3.947841806905787
1381 3.947841806905787
1382 3.947841806905787
1383 3.5233022682266677
1384 3.5233022682266677
1385 3.5233022682266677
1386 3.5233022682266677
1387 2.1228920968255256
1388 2.1228920968255256
1389 2.1228920968255256
1390 2.1228920968255256
1391 2.669118527955005
1392 2.669118527955005
1393 2.669118527955005
1394 2.669118527955005
1395 0.5885445001705087
1396 0.5885445001705087
1397 0.5885445001705087
1398 0.5885445001705087
1399 3.8906209880218556
1400 3.8906209880218556
1401 3.8906209880218556
1402 3.8906209880218556
1403 3.2748757129673263
1404 3.2748757129673263
1405 3.2748757129673263
1406 3.2748757129673263
1407 3.6185264260198156
1408 3.6185264260198156
1409 3.6185264260198156
1410 3.6185264260198156
1411 3.8018323544829373
1412 3.8018323544829373
1413 3.8018323544829373
1414 3.8018323544829373
1415 2.1892286382665445
1416 2.1892286382665445
1417 2.1892286382665445
1418 2.1892286382665445
1419 3.9285283535944693
1420 3.9285283535944693
1421 3.9285283535944693
1422 3.9285283535944693
1423 2.5308148489304076
1424 2.5308148489304076
1425 2.5308148489304076
1426 2.5308148489304076
1427 0.1
1428 0.1
1429 0.1
1430 0.1
1431 3.2892471006796313
1432 3.2892471006796313
1433 3.2892471006796313
1434 3.2892471006796313
1435 1.1508374979406395
1436 1.1508374979406395
1437 1.1508374979406395
1438 1.1508374979406395
1439 5.137667785897431
1440 5.137667785897431
1441 5.137667785897431
1442 5.137667785897431
1443 3.831913118518046
1444 3.831913118518046
1445 3.831913118518046
1446 3.831913118518046
1447 5.325527800342536
1448 5.325527800342536
1449 5.325527800342536
1450 5.325527800342536
1451 6.371041065211842
1452 6.371041065211842
1453 6.371041065211842
1454 6.371041065211842
1455 2.6524717710292696
1456 2.6524717710292696
1457 2.6524717710292696
1458 2.6524717710292696
1459 4.880607386292869
1460 4.880607386292869
1461 4.880607386292869
1462 4.880607386292869
1463 3.3539075623268695
1464 3.3539075623268695
1465 3.3539075623268695
1466 3.3539075623268695
1467 3.6842422255152605
1468 3.6842422255152605
1469 3.6842422255152605
1470 3.6842422255152605
1471 3.001942174994887
1472 3.001942174994887
1473 3.001942174994887
1474 3.001942174994887
1475 2.4032396924188286
1476 2.4032396924188286
1477 2.4032396924188286
1478 2.4032396924188286
1479 4.118727434956571
1480 4.118727434956571
1481 4.118727434956571
1482 4.118727434956571
1483 4.34577050771955
1484 4.34577050771955
1485 4.34577050771955
1486 4.34577050771955
1487 3.1153028602328354
1488 3.1153028602328354
1489 3.1153028602328354
1490 3.1153028602328354
1491 3.7342027945587177
1492 3.7342027945587177
1493 3.7342027945587177
1494 3.7342027945587177
1495 0.1
1496 0.1
1497 0.6987390125402652
1498 0.6987390125402652
1499 0.6987390125402652
1500 0.6987390125402652
1501 0.5818092955791302
1502 0.5818092955791302
1503 0.5818092955791302
1504 0.5818092955791302
1505 0.38687356670292344
1506 0.38687356670292344
1507 0.38687356670292344
1508 0.38687356670292344
1509 0.8204026278399774
1510 0.8204026278399774
1511 0.8204026278399774
1512 0.8204026278399774
1513 0.2967461668956767
1514 0.2967461668956767
1515 0.2967461668956767
1516 0.2967461668956767
1517 0.9951119275469604
1518 0.9951119275469604
1519 0.9951119275469604
1520 0.9951119275469604
1521 0.2119047411731262
1522 0.2119047411731262
1523 0.2119047411731262
1524 0.2119047411731262
1525 0.3761357628813211
1526 0.3761357628813211
1527 0.3761357628813211
1528 0.3761357628813211
1529 0.9123503698193792
1530 0.9123503698193792
1531 0.9123503698193792
1532 0.9123503698193792
1533 1.1987681165339437
1534 1.1987681165339437
1535 1.1987681165339437
1536 1.1987681165339437
1537 1.0457038468487627
1538 1.0457038468487627
1539 4.3103768866399115
1540 4.3103768866399115
1541 4.3103768866399115
1542 4.3103768866399115
1543 4.480748410605179
1544 4.480748410605179
1545 4.480748410605179
1546 4.480748410605179
1547 4.124718644720526
1548 4.124718644720526
1549 4.124718644720526
1550 4.124718644720526
1551 3.933242901635955
1552 3.933242901635955
1553 3.933242901635955
1554 3.933242901635955
1555 3.8052797199687363
1556 3.8052797199687363
1557 3.8052797199687363
1558 3.8052797199687363
1559 6.460791475316897
1560 6.460791475316897
1561 6.460791475316897
1562 6.460791475316897
1563 2.100741105334278
1564 2.100741105334278
1565 2.100741105334278
1566 2.100741105334278
1567 5.68750571316532
1568 5.68750571316532
1569 5.68750571316532
1570 5.68750571316532
1571 3.9700446242380325
1572 3.9700446242380325
1573 3.9700446242380325
1574 3.9700446242380325
1575 3.3119865525151218
1576 3.3119865525151218
1577 3.3119865525151218
1578 3.3119865525151218
1579 5.117128776078264
1580 5.117128776078264
1581 5.117128776078264
1582 5.117128776078264
1583 5.906380851483833
1584 5.906380851483833
1585 5.906380851483833
1586 5.906380851483833
1587 6.2446434215810465
1588 6.2446434215810465
1589 6.2446434215810465
1590 6.2446434215810465
1591 5.1574917161033955
1592 5.1574917161033955
1593 5.1574917161033955
1594 5.1574917161033955
1595 3.479062552906111
1596 3.479062552906111
1597 3.479062552906111
1598 3.479062552906111
1599 3.6238671959196394
1600 3.6238671959196394
1601 3.6238671959196394
1602 3.6238671959196394
1603 4.05878088525121
1604 4.05878088525121
1605 4.05878088525121
1606 4.05878088525121
1607 7.216653253804584
1608 7.216653253804584
1609 7.216653253804584
1610 7.216653253804584
1611 6.6113831246640835
1612 6.6113831246640835
1613 6.6113831246640835
1614 6.6113831246640835
1615 8.131362271347943
1616 8.131362271347943
1617 8.131362271347943
1618 8.131362271347943
1619 3.5571003059239152
1620 3.5571003059239152
1621 0.36653742678693674
1622 0.36653742678693674
1623 0.36653742678693674
1624 0.36653742678693674
1625 0.7866558675616494
1626 0.7866558675616494
1627 0.7866558675616494
1628 0.7866558675616494
1629 0.8040602286019995
1630 0.8040602286019995
1631 0.8040602286019995
1632 0.8040602286019995
1633 1.200560889765888
1634 1.200560889765888
1635 1.200560889765888
1636 1.200560889765888
1637 0.689602414052994
1638 0.689602414052994
1639 0.689602414052994
1640 0.689602414052994
1641 0.26888181728843263
1642 0.26888181728843263
1643 0.26888181728843263
1644 0.26888181728843263
1645 0.5432857222874572
1646 0.5432857222874572
1647 0.5432857222874572
1648 0.5432857222874572
1649 1.016620117242272
1650 1.016620117242272
1651 1.016620117242272
1652 1.016620117242272
1653 0.4460999326263926
1654 0.4460999326263926
1655 0.4460999326263926
1656 0.4460999326263926
1657 0.7225882735570398
1658 0.7225882735570398
1659 0.7225882735570398
1660 0.7225882735570398
1661 1.1810307165307352
1662 1.1810307165307352
1663 1.1810307165307352
1664 1.1810307165307352
1665 0.7871150206370175
1666 0.7871150206370175
1667 0.7871150206370175
1668 0.7871150206370175
1669 1.1770684973667287
1670 1.1770684973667287
1671 1.1770684973667287
1672 1.1770684973667287
1673 0.9406815485233052
1674 0.9406815485233052
1675 0.9406815485233052
1676 0.9406815485233052
1677 0.49471530212305626
1678 0.49471530212305626
1679 0.49471530212305626
1680 0.49471530212305626
1681 0.6020926771507875
1682 0.6020926771507875
1683 0.6020926771507875
1684 0.6020926771507875
1685 0.7207923308975143
1686 0.7207923308975143
1687 0.7207923308975143
1688 0.7207923308975143
1689 0.6721664096709026
1690 0.6721664096709026
1691 0.6721664096709026
1692 0.6721664096709026
1693 1.417980384928232
1694 1.417980384928232
1695 1.417980384928232
1696 1.417980384928232
1697 1.7236882956583068
1698 1.7236882956583068
1699 1.7236882956583068
1700 1.7236882956583068
1701 2.6020457387186724
1702 2.6020457387186724
1703 2.6020457387186724
1704 2.6020457387186724
1705 1.3463333367283585
1706 1.3463333367283585
1707 1.3463333367283585
1708 1.3463333367283585
1709 0.1
1710 0.1
1711 0.1
1712 0.1
1713 2.86994685353227
1714 2.86994685353227
1715 2.86994685353227
1716 2.86994685353227
1717 1.4268722040471762
1718 1.4268722040471762
1719 1.4268722040471762
1720 1.4268722040471762
1721 0.4117891719577291
1722 0.4117891719577291
1723 0.4117891719577291
1724 0.4117891719577291
1725 1.3053391567158839
1726 1.3053391567158839
1727 1.3053391567158839
1728 1.3053391567158839
1729 1.8979950580792795
1730 1.8979950580792795
1731 1.8979950580792795
1732 1.8979950580792795
1733 2.8259214677654687
1734 2.8259214677654687
1735 2.8259214677654687
1736 2.8259214677654687
1737 1.446375501540056
1738 1.446375501540056
1739 1.446375501540056
1740 1.446375501540056
1741 1.9315594976582573
1742 1.9315594976582573
1743 1.9315594976582573
1744 1.9315594976582573
1745 2.348898375334238
1746 2.348898375334238
1747 2.348898375334238
1748 2.348898375334238
1749 2.566011436538738
1750 2.566011436538738
1751 2.566011436538738
1752 2.566011436538738
1753 1.9211448103226532
1754 1.9211448103226532
1755 1.9211448103226532
1756 1.9211448103226532
1757 1.6871356512055342
1758 1.6871356512055342
1759 1.6871356512055342
1760 1.6871356512055342
1761 2.8114790188761978
1762 2.8114790188761978
1763 2.8114790188761978
1764 2.8114790188761978
1765 1.7600734497373987
1766 1.7600734497373987
1767 1.7600734497373987
1768 1.7600734497373987
1769 2.0333700006545983
1770 2.0333700006545983
1771 2.0333700006545983
1772 2.0333700006545983
1773 1.4607374345863027
1774 1.4607374345863027
1775 1.4607374345863027
1776 1.4607374345863027
1777 2.0754520573460686
1778 2.0754520573460686
1779 2.0754520573460686
1780 2.0754520573460686
1781 1.2027685886896156
1782 1.2027685886896156
1783 1.2027685886896156
1784 1.2027685886896156
1785 1.494570020250736
1786 1.494570020250736
1787 1.494570020250736
1788 1.494570020250736
1789 0.9624950081368608
1790 0.9624950081368608
1791 0.9624950081368608
1792 0.9624950081368608
1793 0.37550874234380305
1794 0.37550874234380305
1795 0.37550874234380305
1796 0.37550874234380305
1797 1.9961198841754606
1798 1.9961198841754606
1799 1.9961198841754606
1800 1.9961198841754606
1801 0.1
1802 0.1
1803 0.1
1804 0.1
1805 3.201718718985557
1806 3.201718718985557
1807 3.201718718985557
1808 3.201718718985557
1809 2.0510172815928813
1810 2.0510172815928813
1811 2.0510172815928813
1812 2.0510172815928813
1813 2.084358690864935
1814 2.084358690864935
1815 2.084358690864935
1816 2.084358690864935
1817 2.344324048785643
1818 2.344324048785643
1819 2.344324048785643
1820 2.344324048785643
1821 1.544916596374128
1822 1.544916596374128
1823 1.544916596374128
1824 1.544916596374128
1825 0.4448585071271789
1826 0.4448585071271789
1827 0.4448585071271789
1828 0.4448585071271789
1829 4.399684419021537
1830 4.399684419021537
1831 4.399684419021537
1832 4.399684419021537
1833 1.9134115962785598
1834 1.9134115962785598
1835 1.9134115962785598
1836 1.9134115962785598
1837 1.6075614970769447
1838 1.6075614970769447
1839 1.6075614970769447
1840 1.6075614970769447
1841 2.6192370117598855
1842 2.6192370117598855
1843 2.6192370117598855
1844 2.6192370117598855
1845 3.109422749874332
1846 3.109422749874332
1847 3.109422749874332
1848 3.109422749874332
1849 1.5387581075961154
1850 1.5387581075961154
1851 1.5387581075961154
1852 1.5387581075961154
1853 1.8293582983596985
1854 1.8293582983596985
1855 1.8293582983596985
1856 1.8293582983596985
1857 0.6542749823050149
1858 0.6542749823050149
1859 0.6542749823050149
1860 0.6542749823050149
1861 1.7746751566192944
1862 1.7746751566192944
1863 1.7746751566192944
1864 1.7746751566192944
1865 1.6116727510168078
1866 1.6116727510168078
1867 1.6116727510168078
1868 1.6116727510168078
1869 0.6400590436503817
1870 0.6400590436503817
1871 0.6400590436503817
1872 0.6400590436503817
1873 0.19683468519627056
1874 0.19683468519627056
1875 0.19683468519627056
1876 0.19683468519627056
1877 1.6037533935279766
1878 1.6037533935279766
1879 1.6037533935279766
1880 1.6037533935279766
1881 2.4248133625179236
1882 2.4248133625179236
1883 2.4248133625179236
1884 2.4248133625179236
1885 1.6354312096555699
1886 1.6354312096555699
1887 1.6354312096555699
1888 1.6354312096555699
1889 1.3596099199043137
1890 1.3596099199043137
1891 1.3596099199043137
1892 1.3596099199043137
1893 3.021893766951581
1894 3.021893766951581
1895 3.021893766951581
1896 3.021893766951581
1897 3.7911215541357146
1898 3.7911215541357146
1899 3.7911215541357146
1900 3.7911215541357146
1901 1.7734034242887398
1902 1.7734034242887398
1903 1.7734034242887398
1904 1.7734034242887398
1905 0.9098260843400399
1906 0.9098260843400399
1907 0.9098260843400399
1908 0.9098260843400399
1909 2.6157083231400193
1910 2.6157083231400193
1911 2.6157083231400193
1912 2.6157083231400193
1913 1.9694918231715923
1914 1.9694918231715923
1915 1.9694918231715923
1916 1.9694918231715923
1917 4.493227119438426
1918 4.493227119438426
1919 4.493227119438426
1920 4.493227119438426
1921 0.6726855830278351
1922 0.6726855830278351
1923 0.6726855830278351
1924 0.6726855830278351
1925 1.2267024440058583
1926 1.2267024440058583
1927 1.2267024440058583
1928 1.2267024440058583
1929 2.180934379854872
1930 2.180934379854872
1931 2.180934379854872
1932 2.180934379854872
1933 2.214583414939814
1934 2.214583414939814
1935 2.214583414939814
1936 2.214583414939814
1937 2.3407006553801253
1938 2.3407006553801253
1939 2.3407006553801253
1940 2.3407006553801253
1941 1.1019517437603183
1942 1.1019517437603183
1943 1.1019517437603183
1944 1.1019517437603183
1945 1.4084701192431857
1946 1.4084701192431857
1947 1.4084701192431857
1948 1.4084701192431857
1949 2.314100601259086
1950 2.314100601259086
1951 2.314100601259086
1952 2.314100601259086
1953 3.45748087615536
1954 3.45748087615536
1955 3.45748087615536
1956 3.45748087615536
1957 1.7727780196283227
1958 1.7727780196283227
1959 1.7727780196283227
1960 1.7727780196283227
1961 3.8822164846097276
1962 3.8822164846097276
1963 3.8822164846097276
1964 3.8822164846097276
1965 3.922037190299034
1966 3.922037190299034
1967 3.922037190299034
1968 3.922037190299034
1969 0.7473939463207255
1970 0.7473939463207255
1971 0.7473939463207255
1972 0.7473939463207255
1973 2.57706282268418
1974 2.57706282268418
1975 2.57706282268418
1976 2.57706282268418
1977 1.4495268117598092
1978 1.4495268117598092
1979 1.4495268117598092
1980 1.4495268117598092
1981 2.442319653072442
1982 2.442319653072442
1983 2.442319653072442
1984 2.442319653072442
1985 1.342705412545105
1986 1.342705412545105
1987 1.342705412545105
1988 1.342705412545105
1989 1.3682542457716473
1990 3.7448517679304967
1991 3.7448517679304967
1992 3.7448517679304967
1993 3.7448517679304967
1994 1.1584413440938777
1995 1.1584413440938777
1996 1.1584413440938777
1997 1.1584413440938777
1998 2.2061946909775543
1999 2.2061946909775543
