0 5.145166091831621
1 5.145166091831621
2 4.896568700721411
3 4.896568700721411
4 4.896568700721411
5 4.896568700721411
6 4.615984237732372
7 4.615984237732372
8 1.7583592305509637
9 1.7583592305509637
10 1.7583592305509637
11 2.664976558675979
12 2.664976558675979
13 2.664976558675979
14 2.664976558675979
15 5.128342983285892
16 5.128342983285892
17 5.128342983285892
18 5.128342983285892
19 2.27449965511083
20 2.27449965511083
21 2.27449965511083
22 2.27449965511083
23 1.8089235077251282
24 1.8089235077251282
25 1.8089235077251282
26 1.8089235077251282
27 2.538902208706638
28 2.538902208706638
29 2.538902208706638
30 2.538902208706638
31 3.246917803247167
32 3.246917803247167
33 3.246917803247167
34 3.246917803247167
35 3.7189744028560394
36 3.7189744028560394
37 3.7189744028560394
38 3.7189744028560394
39 0.29348696174405253
40 0.29348696174405253
41 0.29348696174405253
42 0.29348696174405253
43 1.63319659932464
44 1.63319659932464
45 1.63319659932464
46 1.63319659932464
47 2.7742447025360333
48 2.7742447025360333
49 2.7742447025360333
50 2.7742447025360333
51 3.310694657952072
52 3.310694657952072
53 3.310694657952072
54 3.310694657952072
55 2.5994175002032915
56 2.5994175002032915
57 2.5994175002032915
58 2.5994175002032915
59 2.513303961332322
60 2.513303961332322
61 2.513303961332322
62 2.513303961332322
63 3.6402036821397403
64 3.6402036821397403
65 3.6402036821397403
66 3.6402036821397403
67 3.4522408003728735
68 3.4522408003728735
69 3.4522408003728735
70 3.4522408003728735
71 3.0311082809141077
72 3.0311082809141077
73 3.0311082809141077
74 3.0311082809141077
75 1.8729293766438606
76 1.8729293766438606
77 1.8729293766438606
78 1.8729293766438606
79 3.1424750438158386
80 3.1424750438158386
81 3.1424750438158386
82 3.1424750438158386
83 3.104325178402339
84 3.104325178402339
85 3.104325178402339
86 3.104325178402339
87 2.004797943304081
88 2.004797943304081
89 2.004797943304081
90 2.004797943304081
91 3.6003976675444633
92 3.6003976675444633
93 3.6003976675444633
94 3.6003976675444633
95 3.08231632487234
96 3.08231632487234
97 3.08231632487234
98 3.08231632487234
99 3.812713545130827
100 3.812713545130827
101 3.812713545130827
102 0.7957174064441198
103 0.7957174064441198
104 0.7957174064441198
105 0.7957174064441198
106 0.13341616541781054
107 0.13341616541781054
108 0.13341616541781054
109 0.13341616541781054
110 1.3566353865558103
111 1.3566353865558103
112 1.3566353865558103
113 1.3566353865558103
114 0.3616633126046572
115 0.3616633126046572
116 0.3616633126046572
117 0.3616633126046572
118 1.000394798388978
119 1.000394798388978
120 1.000394798388978
121 1.000394798388978
122 0.9521025457864823
123 0.9521025457864823
124 0.9521025457864823
125 0.9521025457864823
126 0.8588702356321466
127 0.8588702356321466
128 0.8588702356321466
129 0.8588702356321466
130 1.6210851271934223
131 1.6210851271934223
132 1.6210851271934223
133 1.6210851271934223
134 0.9475979457235002
135 0.9475979457235002
136 0.9475979457235002
137 0.9475979457235002
138 0.7278554220019153
139 0.7278554220019153
140 0.7278554220019153
141 0.7278554220019153
142 1.3744230010450285
143 1.3744230010450285
144 1.3744230010450285
145 1.3744230010450285
146 1.87144735075143
147 1.87144735075143
148 1.87144735075143
149 1.87144735075143
150 1.5594411406948927
151 1.5594411406948927
152 1.5594411406948927
153 1.5594411406948927
154 1.0159398593721471
155 1.0159398593721471
156 1.0159398593721471
157 1.0159398593721471
158 1.1909495906647378
159 1.1909495906647378
160 1.1909495906647378
161 1.1909495906647378
162 1.1887910521836917
163 1.1887910521836917
164 1.1887910521836917
165 1.1887910521836917
166 1.5356429624548478
167 6.205117604581371
168 6.205117604581371
169 6.205117604581371
170 6.205117604581371
171 1.6267873828912873
172 1.6267873828912873
173 1.6267873828912873
174 1.6267873828912873
175 3.484220671320825
176 3.484220671320825
177 3.484220671320825
178 3.484220671320825
179 5.24260159585792
180 5.24260159585792
181 5.24260159585792
182 5.24260159585792
183 3.6962617982740946
184 3.6962617982740946
185 3.6962617982740946
186 3.6962617982740946
187 4.5077737165516005
188 4.5077737165516005
189 4.5077737165516005
190 4.5077737165516005
191 2.356780844744571
192 2.356780844744571
193 2.356780844744571
194 2.356780844744571
195 1.4629296152084765
196 1.4629296152084765
197 1.4629296152084765
198 1.4629296152084765
199 5.537693567698321
200 5.537693567698321
201 5.537693567698321
202 5.537693567698321
203 2.535566144631642
204 1.7667640822395119
205 1.7667640822395119
206 1.7667640822395119
207 1.7667640822395119
208 5.043188731495719
209 5.043188731495719
210 5.043188731495719
211 5.043188731495719
212 2.287058478714658
213 2.287058478714658
214 2.287058478714658
215 2.287058478714658
216 2.984944145194885
217 2.984944145194885
218 2.984944145194885
219 2.984944145194885
220 3.638280682534104
221 3.638280682534104
222 3.638280682534104
223 3.638280682534104
224 4.78679280968302
225 4.78679280968302
226 4.78679280968302
227 4.78679280968302
228 1.557485627834723
229 1.557485627834723
230 1.557485627834723
231 1.557485627834723
232 3.748933457216884
233 3.748933457216884
234 3.748933457216884
235 3.748933457216884
236 3.622167638961577
237 3.622167638961577
238 3.622167638961577
239 3.622167638961577
240 3.9493652257078513
241 3.9493652257078513
242 3.9493652257078513
243 3.9493652257078513
244 3.1720200595750083
245 3.1720200595750083
246 3.1720200595750083
247 3.1720200595750083
248 2.7409719297674666
249 1.3145139849022938
250 1.3145139849022938
251 1.3145139849022938
252 1.3145139849022938
253 1.5079972480389499
254 1.5079972480389499
255 1.5079972480389499
256 1.5079972480389499
257 0.5539182270614824
258 0.5539182270614824
259 0.5539182270614824
260 0.5539182270614824
261 0.325698024093519
262 0.325698024093519
263 0.325698024093519
264 0.325698024093519
265 1.547442160359858
266 1.547442160359858
267 1.547442160359858
268 1.547442160359858
269 1.3949968232585863
270 1.3949968232585863
271 1.3949968232585863
272 1.3949968232585863
273 1.3837339590804785
274 1.3837339590804785
275 1.3837339590804785
276 1.3837339590804785
277 1.6224123412679157
278 1.6224123412679157
279 1.6224123412679157
280 1.6224123412679157
281 1.9619372183825052
282 1.9619372183825052
283 1.9619372183825052
284 1.9619372183825052
285 0.8332958769149218
286 0.8332958769149218
287 0.8332958769149218
288 0.8332958769149218
289 1.7960695956920527
290 1.7960695956920527
291 1.7960695956920527
292 1.7960695956920527
293 1.3357053974230482
294 1.3357053974230482
295 1.3357053974230482
296 1.3357053974230482
297 1.1029263726451521
298 1.1029263726451521
299 1.1029263726451521
300 1.1029263726451521
301 1.7214295966511954
302 1.7214295966511954
303 1.7214295966511954
304 1.7214295966511954
305 1.098755678310884
306 1.098755678310884
307 1.098755678310884
308 1.098755678310884
309 0.28868595646065354
310 0.28868595646065354
311 0.28868595646065354
312 0.28868595646065354
313 0.4753614517948833
314 0.4753614517948833
315 0.4753614517948833
316 0.4753614517948833
317 1.2495040935275927
318 1.2495040935275927
319 1.2495040935275927
320 1.2495040935275927
321 0.6723893504891036
322 0.6723893504891036
323 0.6723893504891036
324 0.6723893504891036
325 1.2562926878749259
326 1.2562926878749259
327 1.2562926878749259
328 1.2562926878749259
329 0.8235329897147562
330 0.8235329897147562
331 0.8235329897147562
332 0.8235329897147562
333 0.6292782559495413
334 0.6292782559495413
335 0.6292782559495413
336 0.6292782559495413
337 1.3050663394068944
338 1.3050663394068944
339 1.3050663394068944
340 1.3050663394068944
341 1.5815068487294743
342 1.5815068487294743
343 1.5815068487294743
344 1.5815068487294743
345 0.4468560544730472
346 0.4468560544730472
347 0.4468560544730472
348 0.4468560544730472
349 0.6268116629405777
350 0.6268116629405777
351 0.6268116629405777
352 0.6268116629405777
353 1.614706534448194
354 1.614706534448194
355 1.614706534448194
356 1.614706534448194
357 1.6074717717993834
358 1.6074717717993834
359 1.6074717717993834
360 1.6074717717993834
361 1.6485002184979711
362 1.6485002184979711
363 1.6485002184979711
364 1.6485002184979711
365 0.44036998547166895
366 0.44036998547166895
367 0.44036998547166895
368 0.44036998547166895
369 1.6070780888486813
370 1.6070780888486813
371 1.6070780888486813
372 1.6070780888486813
373 1.1366462272490752
374 1.1366462272490752
375 1.1366462272490752
376 1.1366462272490752
377 2.002293269173178
378 2.002293269173178
379 2.002293269173178
380 2.002293269173178
381 0.1
382 0.1
383 0.1
384 0.1
385 0.6964279871809866
386 0.6964279871809866
387 0.6964279871809866
388 0.6964279871809866
389 0.7065954475456735
390 0.7065954475456735
391 0.7065954475456735
392 0.7065954475456735
393 1.5002794442954392
394 1.5002794442954392
395 1.5002794442954392
396 1.5002794442954392
397 1.3940752882126977
398 1.3940752882126977
399 1.3940752882126977
400 1.3940752882126977
401 0.4967203922806236
402 0.4967203922806236
403 0.4967203922806236
404 0.4967203922806236
405 1.400972945829013
406 1.400972945829013
407 1.400972945829013
408 1.400972945829013
409 1.2798518299316903
410 1.2798518299316903
411 1.2798518299316903
412 1.2798518299316903
413 2.3717472608339527
414 2.3717472608339527
415 2.3717472608339527
416 2.3717472608339527
417 1.3494216802445418
418 1.3494216802445418
419 1.3494216802445418
420 1.3494216802445418
421 0.42197638306806873
422 0.42197638306806873
423 0.42197638306806873
424 0.42197638306806873
425 1.6585130369994794
426 1.6585130369994794
427 1.6585130369994794
428 1.6585130369994794
429 1.8620885598888814
430 1.8620885598888814
431 1.8620885598888814
432 1.8620885598888814
433 0.6853103171534172
434 0.6853103171534172
435 0.6853103171534172
436 0.6853103171534172
437 0.990200185921341
438 0.990200185921341
439 0.990200185921341
440 0.990200185921341
441 0.10695236589260838
442 0.10695236589260838
443 0.10695236589260838
444 0.10695236589260838
445 0.13140313022900152
446 0.13140313022900152
447 2.531206259376672
448 2.531206259376672
449 2.531206259376672
450 2.531206259376672
451 3.732370071942273
452 3.732370071942273
453 3.732370071942273
454 3.732370071942273
455 1.592772956328131
456 1.592772956328131
457 1.592772956328131
458 1.592772956328131
459 0.1
460 0.1
461 0.1
462 0.1
463 2.880376894200451
464 2.880376894200451
465 2.880376894200451
466 2.880376894200451
467 2.2496133609609816
468 2.2496133609609816
469 2.2496133609609816
470 2.2496133609609816
471 1.2542486297644302
472 1.2542486297644302
473 1.2542486297644302
474 1.2542486297644302
475 1.8440764690770657
476 1.8440764690770657
477 1.8440764690770657
478 1.8440764690770657
479 0.9106267313267384
480 0.9106267313267384
481 0.9106267313267384
482 0.9106267313267384
483 0.2161081683577173
484 0.2161081683577173
485 0.2161081683577173
486 0.2161081683577173
487 0.6675353302058098
488 0.6675353302058098
489 0.6675353302058098
490 0.6675353302058098
491 1.8330590961535653
492 1.8330590961535653
493 1.8330590961535653
494 1.8330590961535653
495 1.1974149393453781
496 1.1974149393453781
497 1.1974149393453781
498 5.0978023905335945
499 5.0978023905335945
500 5.0978023905335945
501 5.0978023905335945
502 5.330370045583885
503 5.330370045583885
504 5.330370045583885
505 5.330370045583885
506 2.0627217099708344
507 2.0627217099708344
508 2.0627217099708344
509 2.0627217099708344
510 3.354894809046734
511 3.354894809046734
512 3.354894809046734
513 3.354894809046734
514 3.2529184292509066
515 3.2529184292509066
516 3.2529184292509066
517 3.2529184292509066
518 1.2193420464862015
519 1.2193420464862015
520 1.2193420464862015
521 1.2193420464862015
522 0.7268374355866816
523 0.7268374355866816
524 0.7268374355866816
525 0.7268374355866816
526 1.286273281904501
527 1.286273281904501
528 1.286273281904501
529 1.286273281904501
530 2.419715274789413
531 2.419715274789413
532 2.419715274789413
533 2.419715274789413
534 3.131427102813405
535 3.131427102813405
536 3.131427102813405
537 3.131427102813405
538 2.0587652219157606
539 2.0587652219157606
540 2.0587652219157606
541 2.0587652219157606
542 4.616421692465736
543 4.616421692465736
544 4.616421692465736
545 4.616421692465736
546 4.479075136566457
547 4.479075136566457
548 4.479075136566457
549 4.479075136566457
550 1.790020157318
551 1.790020157318
552 1.790020157318
553 1.790020157318
554 3.865809935686306
555 3.865809935686306
556 3.865809935686306
557 3.865809935686306
558 3.09518566389613
559 3.09518566389613
560 3.09518566389613
561 3.09518566389613
562 2.3532633050545257
563 2.3532633050545257
564 2.3532633050545257
565 2.3532633050545257
566 5.141590759636742
567 5.141590759636742
568 5.141590759636742
569 5.141590759636742
570 1.3505438177047184
571 1.3505438177047184
572 1.3505438177047184
573 1.3505438177047184
574 3.6872549880093386
575 3.6872549880093386
576 3.6872549880093386
577 3.6872549880093386
578 3.6115804897494908
579 3.6115804897494908
580 3.6115804897494908
581 3.6115804897494908
582 2.573275296763829
583 2.573275296763829
584 2.573275296763829
585 2.573275296763829
586 3.168962082946229
587 3.168962082946229
588 3.168962082946229
589 3.168962082946229
590 1.6972333092337855
591 1.6972333092337855
592 1.6972333092337855
593 1.6972333092337855
594 2.4143002782052183
595 2.4143002782052183
596 2.4143002782052183
597 2.4143002782052183
598 3.610768089961343
599 3.610768089961343
600 3.610768089961343
601 3.610768089961343
602 4.014759388789457
603 4.014759388789457
604 4.014759388789457
605 4.014759388789457
606 2.3343448854229063
607 2.3343448854229063
608 2.3343448854229063
609 2.3343448854229063
610 2.2280398486587982
611 2.2280398486587982
612 2.2280398486587982
613 2.2280398486587982
614 3.6923973730165516
615 3.6923973730165516
616 3.6923973730165516
617 3.6923973730165516
618 2.0856710010532398
619 2.0856710010532398
620 2.0856710010532398
621 2.0856710010532398
622 3.657300995476131
623 3.657300995476131
624 3.657300995476131
625 3.657300995476131
626 3.080555899446373
627 3.080555899446373
628 3.080555899446373
629 3.080555899446373
630 3.952585772261787
631 3.952585772261787
632 3.952585772261787
633 3.952585772261787
634 0.20118273820678745
635 0.20118273820678745
636 0.20118273820678745
637 0.20118273820678745
638 3.100441831461785
639 3.100441831461785
640 3.100441831461785
641 3.100441831461785
642 3.407881204560349
643 3.407881204560349
644 3.407881204560349
645 3.407881204560349
646 1.4590379414181758
647 1.4590379414181758
648 1.4590379414181758
649 1.4590379414181758
650 2.1306877710245047
651 2.1306877710245047
652 2.1306877710245047
653 2.1306877710245047
654 5.079451079686822
655 5.079451079686822
656 5.079451079686822
657 5.079451079686822
658 2.2583812133592596
659 2.2583812133592596
660 2.0106867773933077
661 2.0106867773933077
662 2.0106867773933077
663 2.0106867773933077
664 1.0462221094016941
665 1.0462221094016941
666 1.0462221094016941
667 1.0462221094016941
668 0.7525559929274952
669 0.7525559929274952
670 0.7525559929274952
671 0.7525559929274952
672 1.8128982770640205
673 1.8128982770640205
674 1.8128982770640205
675 1.8128982770640205
676 1.5388193366821812
677 1.5388193366821812
678 1.5388193366821812
679 1.5388193366821812
680 1.077255570740817
681 1.077255570740817
682 1.077255570740817
683 1.077255570740817
684 1.589437817689277
685 1.589437817689277
686 1.589437817689277
687 1.589437817689277
688 1.9017585225336016
689 1.9017585225336016
690 1.9017585225336016
691 1.9017585225336016
692 1.1189684423913788
693 1.1189684423913788
694 1.1189684423913788
695 1.1189684423913788
696 1.6108199686616294
697 1.6108199686616294
698 1.6108199686616294
699 1.6108199686616294
700 0.9272534877280139
701 0.9272534877280139
702 0.9272534877280139
703 0.9272534877280139
704 1.1747905524055153
705 1.1747905524055153
706 1.1747905524055153
707 1.1747905524055153
708 1.2073902356260393
709 1.2073902356260393
710 1.2073902356260393
711 1.2073902356260393
712 0.7523849238858397
713 0.7523849238858397
714 0.7523849238858397
715 0.7523849238858397
716 0.646057770809233
717 0.646057770809233
718 0.646057770809233
719 0.646057770809233
720 0.7962048237827464
721 0.7962048237827464
722 0.7962048237827464
723 0.7962048237827464
724 1.4694554750154656
725 1.4694554750154656
726 1.4694554750154656
727 1.4694554750154656
728 1.1246172228712068
729 1.1246172228712068
730 1.1246172228712068
731 1.1246172228712068
732 0.3423651375016048
733 0.3423651375016048
734 0.3423651375016048
735 0.3423651375016048
736 1.0099090249066789
737 1.0099090249066789
738 1.0099090249066789
739 1.0099090249066789
740 1.5448849127538296
741 1.5448849127538296
742 1.5448849127538296
743 1.5448849127538296
744 1.199022007901649
745 1.199022007901649
746 1.199022007901649
747 1.199022007901649
748 0.9531595536659032
749 0.9531595536659032
750 0.9531595536659032
751 0.9531595536659032
752 0.8662330306065068
753 0.8662330306065068
754 0.8662330306065068
755 0.8662330306065068
756 0.5712909545433273
757 0.5712909545433273
758 0.5712909545433273
759 0.5712909545433273
760 0.7064822962514868
761 0.7064822962514868
762 0.7064822962514868
763 0.7064822962514868
764 0.7876136836774517
765 0.7876136836774517
766 0.7876136836774517
767 0.7876136836774517
768 1.371186462078284
769 1.371186462078284
770 1.371186462078284
771 1.371186462078284
772 1.4825902973129959
773 1.4825902973129959
774 1.4825902973129959
775 1.4825902973129959
776 0.8250015273068598
777 0.8250015273068598
778 0.8250015273068598
779 0.8250015273068598
780 0.9151301672562933
781 0.9151301672562933
782 0.9151301672562933
783 0.9151301672562933
784 1.0116525176415143
785 1.0116525176415143
786 1.0116525176415143
787 1.0116525176415143
788 1.4804506473266361
789 1.4804506473266361
790 1.4804506473266361
791 1.4804506473266361
792 1.4505134613022241
793 1.4505134613022241
794 1.4505134613022241
795 1.4505134613022241
796 1.5628657554141847
797 1.5628657554141847
798 1.5628657554141847
799 3.4893935472351627
800 3.4893935472351627
801 3.4893935472351627
802 3.4893935472351627
803 1.5654536429587753
804 1.5654536429587753
805 1.5654536429587753
806 1.5654536429587753
807 0.860041451575845
808 0.860041451575845
809 0.860041451575845
810 0.860041451575845
811 3.885499038314163
812 3.885499038314163
813 3.885499038314163
814 3.885499038314163
815 2.8681099888258594
816 2.8681099888258594
817 2.8681099888258594
818 2.8681099888258594
819 6.8096934889272696
820 6.8096934889272696
821 6.8096934889272696
822 6.8096934889272696
823 4.381877449875761
824 4.381877449875761
825 4.381877449875761
826 4.381877449875761
827 2.929550398640534
828 2.929550398640534
829 2.929550398640534
830 1.8104291957361358
831 1.8104291957361358
832 1.8104291957361358
833 1.8104291957361358
834 1.1125333871684775
835 1.1125333871684775
836 1.1125333871684775
837 1.1125333871684775
838 1.3296267688626662
839 1.3296267688626662
840 1.3296267688626662
841 1.3296267688626662
842 1.6898679044466989
843 1.6898679044466989
844 1.6898679044466989
845 4.216332017277887
846 4.216332017277887
847 4.216332017277887
848 4.216332017277887
849 1.1198290372824884
850 1.1198290372824884
851 1.1198290372824884
852 1.1198290372824884
853 4.285916232285783
854 4.285916232285783
855 4.285916232285783
856 4.285916232285783
857 2.806574815765269
858 2.806574815765269
859 2.806574815765269
860 2.806574815765269
861 4.926827206382919
862 4.926827206382919
863 4.926827206382919
864 4.926827206382919
865 1.9006816312195638
866 1.9006816312195638
867 1.9006816312195638
868 1.9006816312195638
869 5.675105147181161
870 5.675105147181161
871 5.675105147181161
872 5.675105147181161
873 4.66961047076914
874 4.66961047076914
875 4.66961047076914
876 4.66961047076914
877 5.01362507200635
878 5.01362507200635
879 5.01362507200635
880 5.01362507200635
881 3.3811433236248063
882 3.3811433236248063
883 3.3811433236248063
884 3.3811433236248063
885 2.8409093784620194
886 2.8409093784620194
887 2.8409093784620194
888 2.8409093784620194
889 3.765122053419493
890 3.765122053419493
891 3.765122053419493
892 3.765122053419493
893 5.556114995511964
894 5.556114995511964
895 5.556114995511964
896 5.556114995511964
897 2.453765384148552
898 2.453765384148552
899 2.453765384148552
900 2.453765384148552
901 0.3291030258634029
902 0.3291030258634029
903 0.3291030258634029
904 0.3291030258634029
905 4.154688382701083
906 4.154688382701083
907 4.154688382701083
908 4.154688382701083
909 3.940555059551554
910 2.7750921036329825
911 2.7750921036329825
912 2.7750921036329825
913 2.7750921036329825
914 2.7645669168461757
915 2.7645669168461757
916 2.7645669168461757
917 2.7645669168461757
918 0.7640307380214555
919 0.7640307380214555
920 0.7640307380214555
921 0.7640307380214555
922 2.093143802928266
923 2.093143802928266
924 2.093143802928266
925 2.093143802928266
926 2.076487629412131
927 2.076487629412131
928 2.076487629412131
929 2.076487629412131
930 2.4538861508428944
931 2.4538861508428944
932 2.4538861508428944
933 2.4538861508428944
934 1.3887805560199353
935 1.3887805560199353
936 1.3887805560199353
937 1.3887805560199353
938 0.7567180614631286
939 0.7567180614631286
940 0.7567180614631286
941 0.7567180614631286
942 0.47106752536655516
943 0.47106752536655516
944 0.47106752536655516
945 0.47106752536655516
946 2.0691084283213126
947 2.0691084283213126
948 2.0691084283213126
949 2.0691084283213126
950 0.6158809122571537
951 0.6158809122571537
952 0.6158809122571537
953 2.7031934433932734
954 2.7031934433932734
955 2.7031934433932734
956 2.7031934433932734
957 3.9351170311778674
958 3.9351170311778674
959 3.9351170311778674
960 3.9351170311778674
961 0.9102218437917968
962 0.9102218437917968
963 0.9102218437917968
964 0.9102218437917968
965 3.2094752736157166
966 3.2094752736157166
967 3.2094752736157166
968 3.2094752736157166
969 3.693051541238018
970 3.693051541238018
971 3.693051541238018
972 3.693051541238018
973 2.209000981248163
974 2.209000981248163
975 2.209000981248163
976 2.209000981248163
977 3.415733533769297
978 3.415733533769297
979 3.415733533769297
980 2.747303199782559
981 2.747303199782559
982 2.747303199782559
983 2.747303199782559
984 3.4340070255002764
985 3.4340070255002764
986 3.4340070255002764
987 3.4340070255002764
988 0.1
989 0.1
990 1.0052011839689705
991 1.0052011839689705
992 1.0052011839689705
993 1.0052011839689705
994 0.3412320540916973
995 0.3412320540916973
996 0.3412320540916973
997 0.3412320540916973
998 1.0388701072623834
999 1.0388701072623834
1000 1.0388701072623834
1001 1.0388701072623834
1002 0.16535293906645665
1003 0.16535293906645665
1004 0.16535293906645665
1005 0.16535293906645665
1006 0.8399333992086853
1007 0.8399333992086853
1008 0.8399333992086853
1009 0.8399333992086853
1010 1.142025970963708
1011 1.142025970963708
1012 1.142025970963708
1013 1.142025970963708
1014 1.209207656482663
1015 1.209207656482663
1016 1.209207656482663
1017 1.209207656482663
1018 1.1558143981957416
1019 1.1558143981957416
1020 1.1558143981957416
1021 1.1558143981957416
1022 1.198971490352021
1023 1.198971490352021
1024 1.198971490352021
1025 1.198971490352021
1026 1.0008135429566738
1027 1.0008135429566738
1028 1.0008135429566738
1029 1.0008135429566738
1030 1.4345649159348646
1031 1.4345649159348646
1032 1.4345649159348646
1033 1.4345649159348646
1034 1.1297124111435337
1035 1.1297124111435337
1036 1.1297124111435337
1037 1.1297124111435337
1038 1.0458093313140127
1039 1.0458093313140127
1040 1.0458093313140127
1041 1.0458093313140127
1042 1.2911534770148014
1043 1.2911534770148014
1044 1.2911534770148014
1045 1.2911534770148014
1046 4.839826130903965
1047 4.839826130903965
1048 4.839826130903965
1049 4.839826130903965
1050 3.5519394806525812
1051 3.5519394806525812
1052 3.5519394806525812
1053 3.5519394806525812
1054 4.6416626829419
1055 4.6416626829419
1056 4.6416626829419
1057 4.6416626829419
1058 3.8964192984812795
1059 3.8964192984812795
1060 3.8964192984812795
1061 3.8964192984812795
1062 4.035766913973284
1063 4.035766913973284
1064 4.035766913973284
1065 4.035766913973284
1066 3.149048606077079
1067 3.149048606077079
1068 3.149048606077079
1069 3.149048606077079
1070 4.061930120266601
1071 4.061930120266601
1072 4.061930120266601
1073 4.061930120266601
1074 3.7820066355251667
1075 3.7820066355251667
1076 3.7820066355251667
1077 3.7820066355251667
1078 2.5288637928919417
1079 2.5288637928919417
1080 2.5288637928919417
1081 2.5288637928919417
1082 2.5075882776288974
1083 2.5075882776288974
1084 2.5075882776288974
1085 2.5075882776288974
1086 2.977688160556574
1087 2.977688160556574
1088 2.977688160556574
1089 2.977688160556574
1090 4.150077607365306
1091 4.150077607365306
1092 4.150077607365306
1093 4.150077607365306
1094 3.820514242077788
1095 3.820514242077788
1096 3.820514242077788
1097 3.820514242077788
1098 3.867487974600131
1099 3.867487974600131
1100 3.867487974600131
1101 3.867487974600131
1102 2.2873425939907532
1103 2.2873425939907532
1104 2.2873425939907532
1105 2.2873425939907532
1106 1.6418477971253953
1107 1.6418477971253953
1108 1.6418477971253953
1109 1.6418477971253953
1110 4.062502514281166
1111 4.062502514281166
1112 4.062502514281166
1113 4.062502514281166
1114 2.9552065289389406
1115 2.9552065289389406
1116 2.9552065289389406
1117 2.9552065289389406
1118 3.8386284196323044
1119 3.8386284196323044
1120 3.8386284196323044
1121 3.8386284196323044
1122 4.143453434729356
1123 4.143453434729356
1124 4.143453434729356
1125 4.143453434729356
1126 5.1869022514917935
1127 5.1869022514917935
1128 5.1869022514917935
1129 5.1869022514917935
1130 3.9118702695960117
1131 3.9118702695960117
1132 3.9118702695960117
1133 3.9118702695960117
1134 4.114687289328053
1135 4.114687289328053
1136 4.114687289328053
1137 4.114687289328053
1138 3.495202324185409
1139 3.495202324185409
1140 3.495202324185409
1141 3.495202324185409
1142 1.3308675791696882
1143 1.3308675791696882
1144 1.3308675791696882
1145 1.3308675791696882
1146 2.976539686606671
1147 2.976539686606671
1148 2.976539686606671
1149 2.976539686606671
1150 1.9538477275757098
1151 1.9538477275757098
1152 1.9538477275757098
1153 1.9538477275757098
1154 3.4077751502388174
1155 3.4077751502388174
1156 3.4077751502388174
1157 3.4077751502388174
1158 3.5303919979528446
1159 3.5303919979528446
1160 3.5303919979528446
1161 3.5303919979528446
1162 2.4653076555986364
1163 2.4653076555986364
1164 2.4653076555986364
1165 2.4653076555986364
1166 5.042276773056837
1167 5.042276773056837
1168 5.042276773056837
1169 5.042276773056837
1170 2.174823041962293
1171 2.174823041962293
1172 2.174823041962293
1173 2.174823041962293
1174 2.650051844860438
1175 2.650051844860438
1176 2.650051844860438
1177 2.650051844860438
1178 5.442915650528145
1179 5.442915650528145
1180 5.442915650528145
1181 5.442915650528145
1182 3.410874309876814
1183 3.410874309876814
1184 3.410874309876814
1185 3.410874309876814
1186 5.49401028775277
1187 5.49401028775277
1188 5.49401028775277
1189 5.49401028775277
1190 1.643074526773382
1191 1.643074526773382
1192 1.643074526773382
1193 1.643074526773382
1194 4.041824842460552
1195 4.041824842460552
1196 4.041824842460552
1197 4.041824842460552
1198 5.409521047408672
1199 5.409521047408672
1200 5.409521047408672
1201 5.409521047408672
1202 1.9715057666796774
1203 1.9715057666796774
1204 1.9715057666796774
1205 1.9715057666796774
1206 3.206397181099774
1207 3.206397181099774
1208 3.206397181099774
1209 3.206397181099774
1210 1.6406669631563582
1211 1.6406669631563582
1212 1.6406669631563582
1213 1.6406669631563582
1214 4.727851057168545
1215 4.727851057168545
1216 4.727851057168545
1217 4.727851057168545
1218 3.502971065659358
1219 3.502971065659358
1220 3.502971065659358
1221 3.502971065659358
1222 2.870842576917153
1223 2.870842576917153
1224 2.870842576917153
1225 2.870842576917153
1226 2.3715768505112815
1227 2.3715768505112815
1228 2.3715768505112815
1229 2.3715768505112815
1230 2.0332510468241636
1231 2.0332510468241636
1232 2.0332510468241636
1233 2.0332510468241636
1234 3.395834224226504
1235 3.395834224226504
1236 3.395834224226504
1237 3.395834224226504
1238 2.0769273389901604
1239 2.0769273389901604
1240 2.0769273389901604
1241 2.0769273389901604
1242 7.581197807237176
1243 7.581197807237176
1244 7.581197807237176
1245 7.581197807237176
1246 2.179048436184705
1247 2.179048436184705
1248 2.179048436184705
1249 2.179048436184705
1250 3.486004898087553
1251 3.486004898087553
1252 3.486004898087553
1253 3.486004898087553
1254 3.437385528772333
1255 3.437385528772333
1256 3.437385528772333
1257 3.437385528772333
1258 2.810906540347666
1259 2.810906540347666
1260 2.810906540347666
1261 2.810906540347666
1262 6.837552576231345
1263 6.837552576231345
1264 6.837552576231345
1265 6.837552576231345
1266 5.018287072842194
1267 5.018287072842194
1268 5.018287072842194
1269 5.018287072842194
1270 5.091106218982862
1271 5.091106218982862
1272 5.091106218982862
1273 5.091106218982862
1274 1.8181511922092575
1275 1.8181511922092575
1276 1.8181511922092575
1277 1.8181511922092575
1278 4.911153408031376
1279 4.911153408031376
1280 4.911153408031376
1281 4.911153408031376
1282 2.6415720979225115
1283 2.6415720979225115
1284 2.6415720979225115
1285 2.6415720979225115
1286 2.5680088978633036
1287 2.5680088978633036
1288 2.5680088978633036
1289 2.5680088978633036
1290 3.382589912224102
1291 3.382589912224102
1292 3.382589912224102
1293 3.382589912224102
1294 4.184425630145348
1295 4.184425630145348
1296 4.184425630145348
1297 4.184425630145348
1298 2.3087769859818925
1299 2.3087769859818925
1300 2.3087769859818925
1301 2.3087769859818925
1302 2.0266316531921817
1303 2.0266316531921817
1304 2.0266316531921817
1305 2.0266316531921817
1306 2.865348241364088
1307 2.865348241364088
1308 2.865348241364088
1309 2.865348241364088
1310 5.33719058611205
1311 5.33719058611205
1312 5.33719058611205
1313 5.33719058611205
1314 0.5361969231508787
1315 0.5361969231508787
1316 0.5361969231508787
1317 0.5361969231508787
1318 2.1682699921371906
1319 2.1682699921371906
1320 2.1682699921371906
1321 2.1682699921371906
1322 4.518340969906411
1323 4.518340969906411
1324 4.518340969906411
1325 4.518340969906411
1326 1.4891973546022756
1327 1.4891973546022756
1328 1.4891973546022756
1329 1.4891973546022756
1330 3.2218177921711577
1331 3.2218177921711577
1332 3.2218177921711577
1333 3.2218177921711577
1334 5.984160268077946
1335 5.984160268077946
1336 5.984160268077946
1337 5.984160268077946
1338 2.6188329573311364
1339 2.6188329573311364
1340 2.6188329573311364
1341 2.6188329573311364
1342 4.513829508317297
1343 4.513829508317297
1344 4.513829508317297
1345 4.513829508317297
1346 3.4375676516552924
1347 3.4375676516552924
1348 3.4375676516552924
1349 3.4375676516552924
1350 3.413242272326983
1351 3.413242272326983
1352 3.413242272326983
1353 3.413242272326983
1354 5.330973971132792
1355 5.330973971132792
1356 5.330973971132792
1357 5.330973971132792
1358 2.44751298232757
1359 2.44751298232757
1360 2.44751298232757
1361 2.44751298232757
1362 4.330938565390978
1363 4.330938565390978
1364 4.330938565390978
1365 4.330938565390978
1366 5.2678236406968955
1367 5.2678236406968955
1368 5.2678236406968955
1369 5.2678236406968955
1370 3.5858203864537463
1371 3.5858203864537463
1372 3.5858203864537463
1373 3.5858203864537463
1374 2.727306574514179
1375 2.727306574514179
1376 2.727306574514179
1377 2.727306574514179
1378 2.9861850689732603
1379 2.9861850689732603
1380 2.9861850689732603
1381 2.9861850689732603
1382 5.986354026350868
1383 5.986354026350868
1384 5.986354026350868
1385 5.986354026350868
1386 4.2196438499879205
1387 4.2196438499879205
1388 4.2196438499879205
1389 4.2196438499879205
1390 3.6679834102184055
1391 3.6679834102184055
1392 3.6679834102184055
1393 3.6679834102184055
1394 6.754594996273751
1395 6.754594996273751
1396 6.754594996273751
1397 6.754594996273751
1398 4.869700362857538
1399 4.869700362857538
1400 4.869700362857538
1401 4.869700362857538
1402 4.3247697697102305
1403 5.1931356954591585
1404 5.1931356954591585
1405 5.1931356954591585
1406 5.1931356954591585
1407 3.009504394307945
1408 3.009504394307945
1409 3.009504394307945
1410 3.009504394307945
1411 6.823983074555334
1412 6.823983074555334
1413 6.823983074555334
1414 6.823983074555334
1415 4.023586688102153
1416 4.023586688102153
1417 4.023586688102153
1418 4.023586688102153
1419 5.291084569570869
1420 2.8908920151361714
1421 2.8908920151361714
1422 1.915581306167182
1423 1.915581306167182
1424 1.915581306167182
1425 1.915581306167182
1426 0.3368341196552138
1427 0.3368341196552138
1428 0.3368341196552138
1429 0.3368341196552138
1430 1.5316507975853546
1431 1.5316507975853546
1432 1.5316507975853546
1433 1.5316507975853546
1434 0.3133507130249189
1435 0.3133507130249189
1436 0.3133507130249189
1437 0.3133507130249189
1438 2.113532303764986
1439 2.113532303764986
1440 2.113532303764986
1441 2.113532303764986
1442 0.47681096541003354
1443 0.47681096541003354
1444 0.47681096541003354
1445 0.47681096541003354
1446 1.0607758744332707
1447 1.0607758744332707
1448 1.0607758744332707
1449 1.0607758744332707
1450 1.5396149278932783
1451 1.5396149278932783
1452 1.5396149278932783
1453 1.5396149278932783
1454 0.9588984691393673
1455 0.9588984691393673
1456 2.6362543290491764
1457 2.6362543290491764
1458 2.6362543290491764
1459 2.6362543290491764
1460 0.6390358781579901
1461 0.6390358781579901
1462 0.6390358781579901
1463 0.6390358781579901
1464 3.3590199995204872
1465 3.3590199995204872
1466 3.3590199995204872
1467 3.3590199995204872
1468 1.3154620088051
1469 1.3154620088051
1470 1.3154620088051
1471 1.3154620088051
1472 2.3941698341682316
1473 2.3941698341682316
1474 2.3941698341682316
1475 2.3941698341682316
1476 3.6092395801886763
1477 3.6092395801886763
1478 3.6092395801886763
1479 3.6092395801886763
1480 1.9885123211866005
1481 1.9885123211866005
1482 0.7707812371550342
1483 0.7707812371550342
1484 0.7707812371550342
1485 0.7707812371550342
1486 1.6953630539505937
1487 1.6953630539505937
1488 1.6953630539505937
1489 1.6953630539505937
1490 6.980099672684142
1491 6.980099672684142
1492 6.980099672684142
1493 6.980099672684142
1494 7.011863025736568
1495 7.011863025736568
1496 7.011863025736568
1497 7.011863025736568
1498 6.538232049979509
1499 6.538232049979509
1500 6.538232049979509
1501 6.538232049979509
1502 4.473377546600924
1503 4.473377546600924
1504 4.473377546600924
1505 4.473377546600924
1506 5.130899383069755
1507 5.130899383069755
1508 5.130899383069755
1509 5.130899383069755
1510 5.065857772095448
1511 5.065857772095448
1512 5.065857772095448
1513 5.065857772095448
1514 1.8523766433761024
1515 1.8523766433761024
1516 1.8523766433761024
1517 1.8523766433761024
1518 2.1941262083375928
1519 2.1941262083375928
1520 2.1941262083375928
1521 2.1941262083375928
1522 1.6372741914933906
1523 1.6372741914933906
1524 1.6372741914933906
1525 1.6372741914933906
1526 1.3873986645700578
1527 3.553480586262435
1528 3.553480586262435
1529 3.553480586262435
1530 3.553480586262435
1531 3.986182591800948
1532 3.986182591800948
1533 3.986182591800948
1534 3.986182591800948
1535 1.6405266789908408
1536 1.6405266789908408
1537 1.6405266789908408
1538 1.6405266789908408
1539 1.5677547988891793
1540 1.5677547988891793
1541 1.5677547988891793
1542 1.5677547988891793
1543 0.1
1544 0.1
1545 0.1
1546 0.1
1547 3.9381925920264766
1548 3.9381925920264766
1549 3.9381925920264766
1550 3.9381925920264766
1551 4.485984540784024
1552 4.485984540784024
1553 4.485984540784024
1554 4.485984540784024
1555 2.157061878154646
1556 2.157061878154646
1557 2.157061878154646
1558 2.157061878154646
1559 3.542045300674684
1560 3.542045300674684
1561 3.542045300674684
1562 3.542045300674684
1563 1.6679423204918982
1564 1.6679423204918982
1565 1.6679423204918982
1566 1.6679423204918982
1567 1.4322339171144014
1568 1.4322339171144014
1569 1.4322339171144014
1570 1.4322339171144014
1571 3.9849913690341463
1572 3.9849913690341463
1573 3.9849913690341463
1574 3.9849913690341463
1575 3.048800418725702
1576 3.048800418725702
1577 3.048800418725702
1578 3.048800418725702
1579 3.0088632395184827
1580 3.0088632395184827
1581 3.0088632395184827
1582 3.0088632395184827
1583 4.821707548784614
1584 4.821707548784614
1585 4.821707548784614
1586 4.821707548784614
1587 3.1609590889105794
1588 3.1609590889105794
1589 3.1609590889105794
1590 3.1609590889105794
1591 2.9288099018543425
1592 2.9288099018543425
1593 2.9288099018543425
1594 2.9288099018543425
1595 2.8928251667937865
1596 2.8928251667937865
1597 2.8928251667937865
1598 2.8928251667937865
1599 3.638573866934694
1600 3.638573866934694
1601 3.638573866934694
1602 3.638573866934694
1603 2.568941804479851
1604 2.568941804479851
1605 2.568941804479851
1606 2.568941804479851
1607 2.227686472258753
1608 2.227686472258753
1609 2.227686472258753
1610 2.227686472258753
1611 4.353547388440664
1612 4.353547388440664
1613 4.353547388440664
1614 4.353547388440664
1615 5.302130428001009
1616 5.302130428001009
1617 5.302130428001009
1618 5.302130428001009
1619 3.3444683928060965
1620 3.3444683928060965
1621 3.3444683928060965
1622 3.3444683928060965
1623 2.246691481954425
1624 2.246691481954425
1625 2.246691481954425
1626 2.246691481954425
1627 1.7596854178935222
1628 1.7596854178935222
1629 1.7596854178935222
1630 1.7596854178935222
1631 4.011021443607419
1632 4.011021443607419
1633 2.463702292508861
1634 2.463702292508861
1635 2.463702292508861
1636 2.463702292508861
1637 1.2686299647211547
1638 1.2686299647211547
1639 1.2686299647211547
1640 1.2686299647211547
1641 1.7167387047278448
1642 1.7167387047278448
1643 1.7167387047278448
1644 1.7167387047278448
1645 0.9043567725969585
1646 0.9043567725969585
1647 0.9043567725969585
1648 0.9043567725969585
1649 2.536956418979459
1650 2.536956418979459
1651 2.536956418979459
1652 2.536956418979459
1653 1.0774649131265197
1654 1.0774649131265197
1655 1.0774649131265197
1656 1.0774649131265197
1657 1.5306250072960783
1658 1.5306250072960783
1659 1.5306250072960783
1660 1.5306250072960783
1661 1.674441949046422
1662 1.674441949046422
1663 1.674441949046422
1664 1.674441949046422
1665 2.033922772312168
1666 2.033922772312168
1667 2.033922772312168
1668 2.033922772312168
1669 1.7014979693559205
1670 1.7014979693559205
1671 1.7014979693559205
1672 1.7014979693559205
1673 1.4997989766216198
1674 1.4997989766216198
1675 1.4997989766216198
1676 1.4997989766216198
1677 1.6823042199112035
1678 1.6823042199112035
1679 1.6823042199112035
1680 1.6823042199112035
1681 1.105539521223176
1682 1.105539521223176
1683 1.105539521223176
1684 1.105539521223176
1685 1.497728219668992
1686 1.497728219668992
1687 1.497728219668992
1688 1.497728219668992
1689 0.6648085041223941
1690 0.6648085041223941
1691 0.6648085041223941
1692 0.6648085041223941
1693 2.788557785836435
1694 2.788557785836435
1695 2.788557785836435
1696 2.788557785836435
1697 2.2057454591428747
1698 2.2057454591428747
1699 2.2057454591428747
1700 2.2057454591428747
1701 0.32081748967431345
1702 0.32081748967431345
1703 0.32081748967431345
1704 0.32081748967431345
1705 1.193395836508291
1706 1.193395836508291
1707 1.193395836508291
1708 1.193395836508291
1709 1.092623900664604
1710 1.092623900664604
1711 1.092623900664604
1712 1.092623900664604
1713 2.4892314640050057
1714 2.4892314640050057
1715 2.4892314640050057
1716 2.4892314640050057
1717 1.670032059103455
1718 1.670032059103455
1719 1.670032059103455
1720 1.670032059103455
1721 1.3936615879621796
1722 1.3936615879621796
1723 1.3936615879621796
1724 1.3936615879621796
1725 1.1969967898876477
1726 1.1969967898876477
1727 1.1969967898876477
1728 1.1969967898876477
1729 1.2331938899825725
1730 1.2331938899825725
1731 1.2331938899825725
1732 1.2331938899825725
1733 2.7059801376910637
1734 2.7059801376910637
1735 2.7059801376910637
1736 2.7059801376910637
1737 1.8582952780320994
1738 1.8582952780320994
1739 1.8582952780320994
1740 1.8582952780320994
1741 1.6020113458141045
1742 1.6020113458141045
1743 1.6020113458141045
1744 1.6020113458141045
1745 0.6834181758736683
1746 0.6834181758736683
1747 0.6834181758736683
1748 0.6834181758736683
1749 2.0725769130197254
1750 2.0725769130197254
1751 2.0725769130197254
1752 2.0725769130197254
1753 0.9085069853075606
1754 0.9085069853075606
1755 0.9085069853075606
1756 0.9085069853075606
1757 2.0014731734056204
1758 2.0014731734056204
1759 2.0014731734056204
1760 2.0014731734056204
1761 1.4831011123714917
1762 1.4831011123714917
1763 1.4831011123714917
1764 1.4831011123714917
1765 2.4288034900805733
1766 2.4288034900805733
1767 2.4288034900805733
1768 2.4288034900805733
1769 2.8969605639386327
1770 2.8969605639386327
1771 2.8969605639386327
1772 2.8969605639386327
1773 0.9359101356013304
1774 0.9359101356013304
1775 0.9359101356013304
1776 0.9359101356013304
1777 1.5869449458122689
1778 1.5869449458122689
1779 1.5869449458122689
1780 1.5869449458122689
1781 3.180713905511661
1782 0.6491346710864879
1783 0.6491346710864879
1784 0.6491346710864879
1785 0.6491346710864879
1786 1.0060082085812265
1787 1.0060082085812265
1788 1.0060082085812265
1789 1.0060082085812265
1790 0.7312322765760295
1791 0.7312322765760295
1792 0.7312322765760295
1793 0.7312322765760295
1794 0.2716124351986988
1795 0.2716124351986988
1796 0.2716124351986988
1797 0.2716124351986988
1798 0.40345955336675776
1799 0.40345955336675776
1800 0.40345955336675776
1801 0.40345955336675776
1802 0.9237180340206035
1803 0.9237180340206035
1804 0.9237180340206035
1805 0.9237180340206035
1806 0.1
1807 0.1
1808 0.1
1809 0.1
1810 0.36328005285619175
1811 0.36328005285619175
1812 0.36328005285619175
1813 0.36328005285619175
1814 0.5967755626260957
1815 0.5967755626260957
1816 0.5967755626260957
1817 0.5967755626260957
1818 0.7815444665598317
1819 0.7815444665598317
1820 0.7815444665598317
1821 0.7815444665598317
1822 0.6220411712658739
1823 0.6220411712658739
1824 0.6220411712658739
1825 0.6220411712658739
1826 0.613325120523755
1827 0.613325120523755
1828 0.613325120523755
1829 0.613325120523755
1830 0.6669056940588446
1831 0.6669056940588446
1832 0.6669056940588446
1833 0.6669056940588446
1834 0.12306045256394749
1835 0.12306045256394749
1836 0.12306045256394749
1837 0.12306045256394749
1838 0.8776396292246457
1839 0.8776396292246457
1840 0.8776396292246457
1841 0.8776396292246457
1842 0.6890181077871456
1843 0.6890181077871456
1844 0.6890181077871456
1845 0.6890181077871456
1846 0.5960854395378649
1847 0.5960854395378649
1848 0.5960854395378649
1849 0.5960854395378649
1850 0.694816607174454
1851 0.694816607174454
1852 0.694816607174454
1853 0.694816607174454
1854 0.8736073259253229
1855 0.8736073259253229
1856 0.8736073259253229
1857 0.8736073259253229
1858 0.5205545853490124
1859 0.5205545853490124
1860 0.5205545853490124
1861 0.5205545853490124
1862 0.8484057982824369
1863 0.8484057982824369
1864 0.8484057982824369
1865 0.8484057982824369
1866 0.8379919312197638
1867 0.8379919312197638
1868 0.8379919312197638
1869 2.325706738469464
1870 2.325706738469464
1871 2.325706738469464
1872 2.325706738469464
1873 3.4275820173228406
1874 3.4275820173228406
1875 3.4275820173228406
1876 3.4275820173228406
1877 2.823969593822593
1878 0.8350892993418966
1879 0.8350892993418966
1880 0.8350892993418966
1881 0.8350892993418966
1882 1.0664535799392763
1883 1.0664535799392763
1884 1.0664535799392763
1885 1.0664535799392763
1886 0.9589128624507997
1887 0.9589128624507997
1888 0.9589128624507997
1889 0.9589128624507997
1890 1.0740218045766956
1891 1.0740218045766956
1892 1.0740218045766956
1893 1.0740218045766956
1894 1.3926409119435244
1895 1.3926409119435244
1896 1.3926409119435244
1897 1.3926409119435244
1898 1.5764995899088043
1899 1.5764995899088043
1900 1.5764995899088043
1901 1.5764995899088043
1902 0.8606256905142038
1903 0.8606256905142038
1904 0.8606256905142038
1905 0.8606256905142038
1906 1.0954395385891202
1907 1.0954395385891202
1908 1.0954395385891202
1909 1.0954395385891202
1910 0.9528432241817949
1911 0.9528432241817949
1912 0.9528432241817949
1913 0.12248599948987095
1914 0.12248599948987095
1915 0.12248599948987095
1916 0.12248599948987095
1917 0.11875446383636179
1918 0.11875446383636179
1919 0.11875446383636179
1920 0.11875446383636179
1921 0.20280949768293757
1922 0.20280949768293757
1923 0.20280949768293757
1924 0.20280949768293757
1925 0.37649687283719313
1926 0.37649687283719313
1927 0.37649687283719313
1928 0.37649687283719313
1929 0.23691530192482627
1930 0.23691530192482627
1931 0.23691530192482627
1932 0.23691530192482627
1933 0.1
1934 0.1
1935 0.1
1936 0.1
1937 0.15616634284820805
1938 0.15616634284820805
1939 0.15616634284820805
1940 0.15616634284820805
1941 0.16772879950645825
1942 0.16772879950645825
1943 0.16772879950645825
1944 0.16772879950645825
1945 0.2861183804725727
1946 0.2861183804725727
1947 0.2861183804725727
1948 0.2861183804725727
1949 0.23898256928917244
1950 0.23898256928917244
1951 0.23898256928917244
1952 0.23898256928917244
1953 0.1
1954 0.1
1955 0.1
1956 0.1
1957 0.3094651496936621
1958 0.3094651496936621
1959 0.3094651496936621
1960 0.3094651496936621
1961 0.20342958247291626
1962 0.20342958247291626
1963 0.20342958247291626
1964 0.20342958247291626
1965 0.15265914867101682
1966 0.15265914867101682
1967 0.15265914867101682
1968 0.15265914867101682
1969 0.292653425622471
1970 0.292653425622471
1971 0.292653425622471
1972 0.292653425622471
1973 0.17448910465254872
1974 0.17448910465254872
1975 0.17448910465254872
1976 0.17448910465254872
1977 0.37800978528790263
1978 0.37800978528790263
1979 0.37800978528790263
1980 0.37800978528790263
1981 0.1
1982 0.1
1983 0.1
1984 0.1
1985 0.2375693052808126
1986 0.2375693052808126
1987 0.2375693052808126
1988 0.2375693052808126
1989 0.14141759520475586
1990 0.14141759520475586
1991 0.14141759520475586
1992 0.14141759520475586
1993 0.1
1994 0.1
1995 0.1
1996 0.1
1997 0.2659408275896692
1998 0.2659408275896692
1999 0.798469665266661
