0 1.9727558509838787
1 1.9727558509838787
2 1.9727558509838787
3 1.9727558509838787
4 2.1985280066898643
5 2.1985280066898643
6 2.1985280066898643
7 2.1985280066898643
8 2.0429378868331387
9 2.0429378868331387
10 2.0429378868331387
11 2.0429378868331387
12 2.009121122705529
13 2.009121122705529
14 2.009121122705529
15 2.009121122705529
16 2.038920414671996
17 2.038920414671996
18 2.038920414671996
19 2.038920414671996
20 2.126184661297808
21 2.126184661297808
22 2.126184661297808
23 2.126184661297808
24 2.0569794029260637
25 2.0569794029260637
26 2.0569794029260637
27 2.0569794029260637
28 1.7835648253663394
29 1.7835648253663394
30 1.7835648253663394
31 1.7835648253663394
32 2.225753366126593
33 2.225753366126593
34 2.225753366126593
35 2.225753366126593
36 1.900267255434546
37 1.900267255434546
38 1.900267255434546
39 1.900267255434546
40 2.2084597977811007
41 2.2084597977811007
42 2.2084597977811007
43 2.2084597977811007
44 1.9974634772122821
45 1.9974634772122821
46 1.9974634772122821
47 1.9974634772122821
48 2.00641769855416
49 2.00641769855416
50 2.00641769855416
51 2.00641769855416
52 1.9102889035916057
53 1.9102889035916057
54 1.9102889035916057
55 1.9102889035916057
56 2.1103144826055784
57 2.1103144826055784
58 2.1103144826055784
59 2.1103144826055784
60 1.9612681398137475
61 1.9612681398137475
62 1.9612681398137475
63 1.9612681398137475
64 1.9319466726964782
65 1.9319466726964782
66 1.9319466726964782
67 1.9319466726964782
68 1.943634128485016
69 1.943634128485016
70 1.943634128485016
71 1.943634128485016
72 2.349838940620609
73 2.349838940620609
74 2.349838940620609
75 2.349838940620609
76 1.8885682502464676
77 1.8885682502464676
78 0.19896746057412834
79 0.19896746057412834
80 0.19896746057412834
81 0.19896746057412834
82 0.19962139546748706
83 0.19962139546748706
84 0.19962139546748706
85 0.19962139546748706
86 0.1989044140164321
87 0.1989044140164321
88 0.1989044140164321
89 0.1989044140164321
90 0.20069324268053007
91 0.20069324268053007
92 0.20069324268053007
93 0.20069324268053007
94 0.21135162531857232
95 0.21135162531857232
96 0.21135162531857232
97 0.21135162531857232
98 0.21360989878828018
99 0.21360989878828018
100 0.21360989878828018
101 0.21360989878828018
102 0.2118139872481807
103 0.2118139872481807
104 0.2118139872481807
105 0.2118139872481807
106 0.19576346868738895
107 0.19576346868738895
108 0.19576346868738895
109 0.19576346868738895
110 0.20048573589782798
111 0.20048573589782798
112 0.20048573589782798
113 0.20048573589782798
114 0.1975397446011887
115 0.1975397446011887
116 0.1975397446011887
117 0.1975397446011887
118 0.20420511407991915
119 0.20420511407991915
120 0.20420511407991915
121 0.20420511407991915
122 0.19697935839136335
123 0.19697935839136335
124 0.19697935839136335
125 0.19697935839136335
126 0.19399438002056488
127 0.19399438002056488
128 0.19399438002056488
129 0.19399438002056488
130 0.1794432282928199
131 0.1794432282928199
132 0.1794432282928199
133 0.1794432282928199
134 0.18529522545679417
135 0.18529522545679417
136 0.18529522545679417
137 0.18529522545679417
138 0.20451423401352298
139 0.20451423401352298
140 0.5994740157502896
141 0.5994740157502896
142 0.5994740157502896
143 0.5994740157502896
144 0.6777235200208674
145 0.6777235200208674
146 0.6777235200208674
147 0.6777235200208674
148 0.6556756165616339
149 0.6556756165616339
150 0.6556756165616339
151 0.6556756165616339
152 0.6683895923908998
153 0.6683895923908998
154 0.6683895923908998
155 0.6683895923908998
156 0.6276918577610705
157 0.6276918577610705
158 0.6276918577610705
159 0.6276918577610705
160 0.6864075477387851
161 0.6864075477387851
162 0.6864075477387851
163 3.3064978004254058
164 3.3064978004254058
165 3.3064978004254058
166 3.3064978004254058
167 3.2711866174560997
168 3.2711866174560997
169 3.2711866174560997
170 3.2711866174560997
171 3.1689262244161687
172 3.1689262244161687
173 3.1689262244161687
174 3.1689262244161687
175 0.6191164098257612
176 0.6191164098257612
177 0.6191164098257612
178 0.6191164098257612
179 0.6244062360687649
180 0.6244062360687649
181 0.6244062360687649
182 0.6244062360687649
183 0.6305278270378991
184 0.6305278270378991
185 0.6305278270378991
186 0.6305278270378991
187 0.6282141819796981
188 0.6282141819796981
189 0.6282141819796981
190 0.6282141819796981
191 0.6438697015040447
192 0.6438697015040447
193 0.6438697015040447
194 0.6438697015040447
195 0.6331232471847225
196 0.6331232471847225
197 0.6331232471847225
198 0.6331232471847225
199 0.6524131878881012
200 0.6524131878881012
201 0.6524131878881012
202 0.6524131878881012
203 0.6299868359095291
204 0.6299868359095291
205 0.6299868359095291
206 0.6299868359095291
207 0.7070884678343219
208 0.7070884678343219
209 0.7070884678343219
210 0.7070884678343219
211 0.6660089467402229
212 0.6660089467402229
213 0.6660089467402229
214 0.6660089467402229
215 0.6565409008217381
216 0.6565409008217381
217 0.6565409008217381
218 0.6565409008217381
219 0.7435332085390963
220 0.7435332085390963
221 0.7435332085390963
222 0.7435332085390963
223 0.6303955751881927
224 0.6303955751881927
225 0.6303955751881927
226 0.6303955751881927
227 0.6808821283604197
228 0.6808821283604197
229 0.6808821283604197
230 3.3938782263599405
231 3.3938782263599405
232 3.3938782263599405
233 3.3938782263599405
234 3.1376441222540934
235 3.1376441222540934
236 3.1376441222540934
237 3.1376441222540934
238 3.530674941232869
239 3.530674941232869
240 0.624364214433012
241 0.624364214433012
242 0.624364214433012
243 0.624364214433012
244 0.5842278908642319
245 0.5842278908642319
246 0.5842278908642319
247 0.5842278908642319
248 0.6632313160025161
249 0.6632313160025161
250 0.6632313160025161
251 0.6632313160025161
252 0.6524113331280409
253 0.6524113331280409
254 0.6524113331280409
255 0.6524113331280409
256 0.662283211260399
257 0.662283211260399
258 0.662283211260399
259 0.662283211260399
260 0.6225878435083652
261 0.6225878435083652
262 0.6225878435083652
263 0.6225878435083652
264 0.5698292400996159
265 0.5698292400996159
266 0.5698292400996159
267 0.5698292400996159
268 0.6703513171991723
269 0.6703513171991723
270 0.6703513171991723
271 0.6703513171991723
272 0.7025146777879252
273 0.7025146777879252
274 0.7025146777879252
275 0.7025146777879252
276 0.6361634256731761
277 0.6361634256731761
278 0.6361634256731761
279 0.6361634256731761
280 0.6569577724839318
281 0.6569577724839318
282 0.6569577724839318
283 0.6569577724839318
284 0.6527014675624965
285 0.6527014675624965
286 0.6527014675624965
287 0.6527014675624965
288 0.6537920777568018
289 0.6537920777568018
290 0.6537920777568018
291 0.6537920777568018
292 0.6350822918558005
293 0.6350822918558005
294 0.6350822918558005
295 0.6350822918558005
296 0.6920600712074566
297 0.6920600712074566
298 0.6920600712074566
299 0.6920600712074566
300 0.6696992012134025
301 0.6696992012134025
302 0.6696992012134025
303 0.6696992012134025
304 0.6071697773175093
305 0.6071697773175093
306 0.6071697773175093
307 0.6071697773175093
308 0.6879560057320905
309 0.6879560057320905
310 0.6879560057320905
311 0.6879560057320905
312 0.7071819895073866
313 0.7071819895073866
314 0.7071819895073866
315 0.7071819895073866
316 0.6150489830864133
317 0.6150489830864133
318 0.6150489830864133
319 0.6150489830864133
320 0.7456309265031258
321 0.7456309265031258
322 0.7456309265031258
323 0.7456309265031258
324 0.7081508512499882
325 0.7081508512499882
326 0.7081508512499882
327 0.7081508512499882
328 0.6731647685480415
329 0.6731647685480415
330 0.6731647685480415
331 0.6731647685480415
332 0.5865025082193915
333 0.5865025082193915
334 0.5865025082193915
335 0.5865025082193915
336 0.6163793744722595
337 0.6163793744722595
338 0.6163793744722595
339 0.6163793744722595
340 0.6728028601714223
341 0.6728028601714223
342 0.6728028601714223
343 0.6728028601714223
344 0.6267687190369847
345 0.6267687190369847
346 0.6267687190369847
347 0.6267687190369847
348 0.6274319443759537
349 0.6274319443759537
350 0.6274319443759537
351 0.6274319443759537
352 0.6731612602537532
353 0.6731612602537532
354 0.6731612602537532
355 0.6731612602537532
356 0.6334276459778668
357 0.6334276459778668
358 0.6334276459778668
359 0.6334276459778668
360 0.5668627913164039
361 0.5668627913164039
362 0.5668627913164039
363 0.5668627913164039
364 2.8098796388333303
365 2.8098796388333303
366 2.8098796388333303
367 2.8098796388333303
368 3.0457345570618632
369 3.0457345570618632
370 3.0457345570618632
371 3.0457345570618632
372 2.676231527232146
373 2.676231527232146
374 0.6083673369240378
375 0.6083673369240378
376 0.6083673369240378
377 0.6083673369240378
378 0.5831927993880186
379 0.5831927993880186
380 0.5831927993880186
381 0.5831927993880186
382 0.6633489697977719
383 0.6633489697977719
384 0.6633489697977719
385 0.6633489697977719
386 0.7032099998922705
387 0.7032099998922705
388 0.7032099998922705
389 0.7032099998922705
390 0.6621673243807366
391 0.6621673243807366
392 0.6621673243807366
393 0.6621673243807366
394 0.5676005488389767
395 0.5676005488389767
396 0.5676005488389767
397 0.5676005488389767
398 0.606686777719391
399 0.606686777719391
400 0.606686777719391
401 0.606686777719391
402 0.6443900797731538
403 0.6443900797731538
404 0.6443900797731538
405 0.6443900797731538
406 0.6491260525543017
407 0.6491260525543017
408 0.6491260525543017
409 0.6491260525543017
410 0.7199631511525508
411 0.7199631511525508
412 0.7199631511525508
413 0.7199631511525508
414 0.60897619237847
415 0.60897619237847
416 0.60897619237847
417 0.60897619237847
418 0.672417394278593
419 0.672417394278593
420 0.672417394278593
421 0.672417394278593
422 0.6880208482373361
423 0.6880208482373361
424 0.6880208482373361
425 0.6880208482373361
426 0.5787035227037346
427 0.5787035227037346
428 0.5787035227037346
429 0.5787035227037346
430 0.6287241853810925
431 3.7144424071940176
432 3.7144424071940176
433 3.7144424071940176
434 3.7144424071940176
435 3.843289513156868
436 3.843289513156868
437 3.843289513156868
438 3.843289513156868
439 3.787875213666581
440 3.787875213666581
441 3.787875213666581
442 3.787875213666581
443 3.9508218030842275
444 3.9508218030842275
445 3.9508218030842275
446 3.9508218030842275
447 4.075555025790843
448 4.075555025790843
449 4.075555025790843
450 4.075555025790843
451 3.724340770636214
452 3.724340770636214
453 3.724340770636214
454 3.724340770636214
455 3.772388078837715
456 3.772388078837715
457 3.772388078837715
458 3.772388078837715
459 4.0462226326732
460 4.0462226326732
461 4.0462226326732
462 4.0462226326732
463 4.29472376915094
464 4.29472376915094
465 4.29472376915094
466 1.0161192469942955
467 1.0161192469942955
468 1.0161192469942955
469 1.0161192469942955
470 1.128714914835668
471 1.128714914835668
472 1.128714914835668
473 1.128714914835668
474 1.1131887158384122
475 1.1131887158384122
476 1.1131887158384122
477 1.1131887158384122
478 1.0581382871395721
479 1.0581382871395721
480 1.0581382871395721
481 1.0581382871395721
482 1.1327109863699836
483 1.1327109863699836
484 1.1327109863699836
485 1.1327109863699836
486 1.1968512108306357
487 1.1968512108306357
488 1.1968512108306357
489 0.18747289271504233
490 0.18747289271504233
491 0.18747289271504233
492 0.18747289271504233
493 0.20155810921843034
494 1.7224808314119602
495 1.7224808314119602
496 1.7224808314119602
497 1.7224808314119602
498 1.531396623976684
499 1.531396623976684
500 1.531396623976684
501 1.531396623976684
502 1.673522540743285
503 1.673522540743285
504 1.673522540743285
505 1.673522540743285
506 1.5005250105145835
507 1.5005250105145835
508 1.5005250105145835
509 1.5005250105145835
510 1.4521321250881365
511 1.4521321250881365
512 1.4521321250881365
513 1.4521321250881365
514 1.5340332831267511
515 1.5340332831267511
516 1.5340332831267511
517 1.5340332831267511
518 1.6302669676230066
519 1.6302669676230066
520 1.6302669676230066
521 1.6302669676230066
522 1.4242976365655644
523 1.4242976365655644
524 2.406311018438796
525 2.406311018438796
526 2.406311018438796
527 2.406311018438796
528 2.599512243050221
529 2.599512243050221
530 2.599512243050221
531 2.599512243050221
532 2.1352441256027945
533 2.1352441256027945
534 2.1352441256027945
535 2.1352441256027945
536 2.6882014068458044
537 2.6882014068458044
538 2.6882014068458044
539 2.6882014068458044
540 2.5124653288112584
541 2.5124653288112584
542 2.5124653288112584
543 2.5124653288112584
544 2.587356850258138
545 2.587356850258138
546 2.587356850258138
547 2.587356850258138
548 2.673654791176836
549 2.673654791176836
550 2.673654791176836
551 2.673654791176836
552 2.3730901570979435
553 2.3730901570979435
554 2.3730901570979435
555 2.3730901570979435
556 2.613629006337826
557 2.613629006337826
558 2.613629006337826
559 2.613629006337826
560 2.640875192856095
561 2.640875192856095
562 2.640875192856095
563 2.640875192856095
564 2.36929291912237
565 2.36929291912237
566 2.36929291912237
567 2.36929291912237
568 2.4418282137822795
569 2.4418282137822795
570 2.4418282137822795
571 2.4418282137822795
572 2.4588315696931713
573 2.4588315696931713
574 2.4588315696931713
575 2.4588315696931713
576 2.4865609080824225
577 2.4865609080824225
578 2.4865609080824225
579 2.4865609080824225
580 2.5877257687930375
581 2.5877257687930375
582 2.5877257687930375
583 2.5877257687930375
584 2.4673132670727345
585 2.4673132670727345
586 2.4673132670727345
587 2.4673132670727345
588 2.684020792831544
589 2.684020792831544
590 2.684020792831544
591 2.684020792831544
592 2.467876670752543
593 2.467876670752543
594 2.467876670752543
595 2.467876670752543
596 2.148075583114497
597 2.148075583114497
598 2.148075583114497
599 2.148075583114497
600 2.5443478813318943
601 2.5443478813318943
602 2.5443478813318943
603 2.5443478813318943
604 2.4003030332635173
605 2.4003030332635173
606 2.4003030332635173
607 2.4003030332635173
608 2.5274718205818005
609 2.5274718205818005
610 2.5274718205818005
611 2.5274718205818005
612 2.5152626092259904
613 2.5152626092259904
614 2.5152626092259904
615 2.5152626092259904
616 2.540792660738364
617 2.540792660738364
618 2.540792660738364
619 2.540792660738364
620 2.662486271724298
621 2.662486271724298
622 2.662486271724298
623 2.662486271724298
624 2.518530101901114
625 2.518530101901114
626 2.518530101901114
627 2.518530101901114
628 2.6221697054465216
629 2.6221697054465216
630 2.6221697054465216
631 2.6221697054465216
632 2.5660055209399104
633 2.5660055209399104
634 2.5660055209399104
635 2.5660055209399104
636 2.5695351577206247
637 2.5695351577206247
638 2.5695351577206247
639 2.5695351577206247
640 2.783171222403605
641 2.783171222403605
642 2.783171222403605
643 2.783171222403605
644 2.3400901278837276
645 2.3400901278837276
646 2.3400901278837276
647 2.3400901278837276
648 2.6669800966704305
649 2.6669800966704305
650 2.6669800966704305
651 2.6669800966704305
652 2.582960338571928
653 2.582960338571928
654 2.582960338571928
655 2.582960338571928
656 2.3554421786845223
657 2.3554421786845223
658 2.3554421786845223
659 2.3554421786845223
660 2.536379421455996
661 2.536379421455996
662 2.536379421455996
663 2.536379421455996
664 2.421904986743226
665 2.421904986743226
666 2.421904986743226
667 2.421904986743226
668 2.3058333651905225
669 2.3058333651905225
670 2.3058333651905225
671 2.3058333651905225
672 2.526651505848243
673 2.526651505848243
674 2.526651505848243
675 2.526651505848243
676 2.737099382132231
677 2.737099382132231
678 2.737099382132231
679 2.737099382132231
680 2.638512025780401
681 2.638512025780401
682 2.638512025780401
683 2.638512025780401
684 2.5234755363414654
685 2.5234755363414654
686 2.5234755363414654
687 2.5234755363414654
688 2.4223281965295462
689 2.4223281965295462
690 2.4223281965295462
691 2.4223281965295462
692 2.185380479531328
693 2.185380479531328
694 2.185380479531328
695 2.185380479531328
696 2.648168667988627
697 2.648168667988627
698 2.648168667988627
699 2.648168667988627
700 2.313481163770285
701 2.313481163770285
702 2.313481163770285
703 2.313481163770285
704 2.252648094693455
705 2.252648094693455
706 2.252648094693455
707 2.252648094693455
708 2.6148858061836
709 2.6148858061836
710 2.6148858061836
711 2.6148858061836
712 2.728425496761351
713 2.728425496761351
714 2.728425496761351
715 2.728425496761351
716 2.6283666998091273
717 2.6283666998091273
718 2.6283666998091273
719 2.6283666998091273
720 2.384359996735734
721 2.384359996735734
722 3.292626411581319
723 3.292626411581319
724 3.292626411581319
725 3.292626411581319
726 3.4776932241526084
727 2.2702422760272842
728 2.2702422760272842
729 2.2702422760272842
730 2.2702422760272842
731 2.1918989704207745
732 2.1918989704207745
733 2.1918989704207745
734 2.1918989704207745
735 1.9683261295402545
736 1.9683261295402545
737 1.9683261295402545
738 1.9683261295402545
739 2.0290822648696354
740 2.0290822648696354
741 2.0290822648696354
742 2.0290822648696354
743 2.104700656656633
744 2.104700656656633
745 2.104700656656633
746 2.104700656656633
747 2.00307648993169
748 2.00307648993169
749 2.00307648993169
750 2.00307648993169
751 2.0224085128907756
752 2.0224085128907756
753 2.0224085128907756
754 2.0224085128907756
755 1.9081459709015958
756 1.9081459709015958
757 1.9081459709015958
758 1.9081459709015958
759 0.1936996390489978
760 0.1936996390489978
761 0.1936996390489978
762 0.1936996390489978
763 0.21096821096273596
764 0.21096821096273596
765 0.21096821096273596
766 0.21096821096273596
767 0.20543789438696827
768 0.20543789438696827
769 0.20543789438696827
770 0.20543789438696827
771 2.0458652052172432
772 2.0458652052172432
773 2.0458652052172432
774 2.0458652052172432
775 1.8200256848262246
776 1.8200256848262246
777 1.8200256848262246
778 1.8200256848262246
779 2.087186532224429
780 2.087186532224429
781 2.087186532224429
782 2.938518994155984
783 2.938518994155984
784 2.938518994155984
785 2.938518994155984
786 2.7302697543394454
787 2.7302697543394454
788 2.7302697543394454
789 2.7302697543394454
790 2.981773368664863
791 2.981773368664863
792 2.981773368664863
793 2.981773368664863
794 2.963832072804832
795 2.963832072804832
796 2.963832072804832
797 2.963832072804832
798 3.2526519529946714
799 3.2526519529946714
800 3.2526519529946714
801 3.2526519529946714
802 2.710948328958427
803 2.710948328958427
804 2.710948328958427
805 2.710948328958427
806 2.7225311248869835
807 2.7225311248869835
808 2.7225311248869835
809 2.7225311248869835
810 3.0855107395227965
811 3.0855107395227965
812 3.0855107395227965
813 3.0855107395227965
814 2.5813789098667215
815 2.5813789098667215
816 2.5813789098667215
817 2.5813789098667215
818 2.7689484773568243
819 2.7689484773568243
820 2.7689484773568243
821 2.7689484773568243
822 2.631570022155013
823 2.631570022155013
824 2.631570022155013
825 2.631570022155013
826 2.7919718419518555
827 2.7919718419518555
828 2.7919718419518555
829 2.7919718419518555
830 2.8794942347901213
831 2.8794942347901213
832 2.8794942347901213
833 2.8794942347901213
834 2.85948458310308
835 2.85948458310308
836 2.85948458310308
837 2.85948458310308
838 2.761119235130092
839 2.761119235130092
840 2.761119235130092
841 2.761119235130092
842 3.0181010113605184
843 3.0181010113605184
844 3.0181010113605184
845 3.0181010113605184
846 2.9724300959987953
847 2.9724300959987953
848 2.9724300959987953
849 2.9724300959987953
850 2.913299611109885
851 2.913299611109885
852 2.913299611109885
853 2.913299611109885
854 2.9416024528098217
855 2.9416024528098217
856 2.9416024528098217
857 2.9416024528098217
858 2.782713597082207
859 2.782713597082207
860 2.782713597082207
861 2.782713597082207
862 2.961917822165638
863 2.961917822165638
864 2.961917822165638
865 2.961917822165638
866 3.1818966347533726
867 3.1818966347533726
868 3.1818966347533726
869 3.1818966347533726
870 2.5672877211903207
871 2.5672877211903207
872 2.5672877211903207
873 2.5672877211903207
874 2.4065134895463345
875 2.4065134895463345
876 2.4065134895463345
877 2.4065134895463345
878 2.922521222924932
879 2.922521222924932
880 2.922521222924932
881 2.922521222924932
882 2.895157223617344
883 2.895157223617344
884 2.895157223617344
885 2.895157223617344
886 2.7573445353584884
887 2.7573445353584884
888 2.7573445353584884
889 2.7573445353584884
890 3.033446451463325
891 3.033446451463325
892 3.033446451463325
893 3.033446451463325
894 3.0081770350135053
895 3.0081770350135053
896 3.0081770350135053
897 3.0081770350135053
898 2.87489560191327
899 2.87489560191327
900 2.87489560191327
901 2.87489560191327
902 2.951911868698698
903 2.951911868698698
904 0.691721585680375
905 0.691721585680375
906 0.691721585680375
907 0.691721585680375
908 0.7183927589470851
909 0.7183927589470851
910 0.7183927589470851
911 0.7183927589470851
912 0.72884601699328
913 0.72884601699328
914 0.72884601699328
915 0.72884601699328
916 0.6098057859261707
917 0.6098057859261707
918 0.6098057859261707
919 0.6098057859261707
920 0.6264714480481479
921 0.6264714480481479
922 0.6264714480481479
923 0.6264714480481479
924 0.5961006245990684
925 0.5961006245990684
926 0.5961006245990684
927 0.5961006245990684
928 0.6746693701848098
929 0.6746693701848098
930 0.6746693701848098
931 0.6746693701848098
932 0.6450263096048684
933 0.6450263096048684
934 0.6450263096048684
935 0.6450263096048684
936 0.6110453096764589
937 0.6110453096764589
938 0.6110453096764589
939 0.6110453096764589
940 0.6685864689438823
941 0.6685864689438823
942 0.6685864689438823
943 0.6685864689438823
944 0.6773148370975935
945 0.6773148370975935
946 0.6773148370975935
947 0.6773148370975935
948 0.6906807094766659
949 0.6906807094766659
950 0.6906807094766659
951 0.6906807094766659
952 0.649001467880833
953 0.649001467880833
954 0.649001467880833
955 0.649001467880833
956 0.5947403528082996
957 0.5947403528082996
958 0.5947403528082996
959 0.5947403528082996
960 0.6972954979773435
961 0.6972954979773435
962 0.6972954979773435
963 0.6972954979773435
964 0.6710755113519499
965 0.6710755113519499
966 0.6710755113519499
967 0.6710755113519499
968 0.6727347887034132
969 0.6727347887034132
970 0.6727347887034132
971 0.6727347887034132
972 0.6749155618320626
973 0.6749155618320626
974 1.532765388784944
975 1.532765388784944
976 1.532765388784944
977 1.532765388784944
978 1.4778563394503454
979 1.4778563394503454
980 1.4778563394503454
981 1.4778563394503454
982 1.4255692282347732
983 1.4255692282347732
984 1.4255692282347732
985 1.4255692282347732
986 1.5110695479023983
987 1.5110695479023983
988 1.5110695479023983
989 1.5110695479023983
990 1.5460735602281213
991 1.5460735602281213
992 1.5460735602281213
993 1.5460735602281213
994 1.5278214080832888
995 1.5278214080832888
996 1.5278214080832888
997 1.5278214080832888
998 1.431736831997326
999 1.431736831997326
1000 1.431736831997326
1001 1.431736831997326
1002 1.663385302861298
1003 1.663385302861298
1004 1.663385302861298
1005 1.663385302861298
1006 1.7321327037033756
1007 1.7321327037033756
1008 1.7321327037033756
1009 1.7321327037033756
1010 1.5910073607885566
1011 1.5910073607885566
1012 1.5910073607885566
1013 1.5910073607885566
1014 1.793855122906491
1015 1.793855122906491
1016 1.793855122906491
1017 1.793855122906491
1018 1.5739174950217798
1019 1.5739174950217798
1020 1.5739174950217798
1021 1.5739174950217798
1022 1.629890501099328
1023 1.629890501099328
1024 1.629890501099328
1025 1.629890501099328
1026 1.6245652626456395
1027 1.6245652626456395
1028 1.6245652626456395
1029 1.6245652626456395
1030 1.7049305790655755
1031 1.7049305790655755
1032 1.7049305790655755
1033 1.7049305790655755
1034 1.5272819999796083
1035 1.5272819999796083
1036 1.5272819999796083
1037 1.5272819999796083
1038 1.6961269424971874
1039 1.6961269424971874
1040 1.6961269424971874
1041 1.6961269424971874
1042 1.4079908433195045
1043 1.4079908433195045
1044 1.4079908433195045
1045 1.4079908433195045
1046 1.6728979445193632
1047 2.669159789209232
1048 2.669159789209232
1049 2.669159789209232
1050 2.669159789209232
1051 2.408609065132866
1052 2.408609065132866
1053 2.408609065132866
1054 2.408609065132866
1055 2.514544408887234
1056 2.514544408887234
1057 2.514544408887234
1058 2.514544408887234
1059 2.3995563497843047
1060 2.3995563497843047
1061 2.3995563497843047
1062 2.3995563497843047
1063 2.8283127638611893
1064 2.8283127638611893
1065 2.8283127638611893
1066 2.8283127638611893
1067 2.561089787535609
1068 2.561089787535609
1069 2.561089787535609
1070 2.561089787535609
1071 2.5329411412850944
1072 2.5329411412850944
1073 2.5329411412850944
1074 2.5329411412850944
1075 2.4227902337744402
1076 2.4227902337744402
1077 2.4227902337744402
1078 2.4227902337744402
1079 2.8210100699822602
1080 2.8210100699822602
1081 2.8210100699822602
1082 2.8210100699822602
1083 2.540838513003774
1084 2.540838513003774
1085 2.540838513003774
1086 2.540838513003774
1087 2.835243003805355
1088 2.835243003805355
1089 2.835243003805355
1090 2.835243003805355
1091 2.502818658637517
1092 2.502818658637517
1093 2.502818658637517
1094 2.502818658637517
1095 2.5563432143876312
1096 2.5563432143876312
1097 2.5563432143876312
1098 2.5563432143876312
1099 2.459295389807712
1100 2.459295389807712
1101 2.459295389807712
1102 2.459295389807712
1103 2.414530591515099
1104 2.414530591515099
1105 2.414530591515099
1106 2.414530591515099
1107 2.7179278364994137
1108 2.7179278364994137
1109 2.7179278364994137
1110 1.515275664545583
1111 1.515275664545583
1112 1.515275664545583
1113 1.515275664545583
1114 1.6351721018095058
1115 1.6351721018095058
1116 1.6351721018095058
1117 1.6351721018095058
1118 1.4689177058770806
1119 1.4689177058770806
1120 1.4689177058770806
1121 1.4689177058770806
1122 1.6056262718132417
1123 1.6056262718132417
1124 1.6056262718132417
1125 1.6056262718132417
1126 1.5604943701402882
1127 1.5604943701402882
1128 1.5604943701402882
1129 1.5604943701402882
1130 1.593264081540133
1131 1.593264081540133
1132 1.593264081540133
1133 1.593264081540133
1134 1.6485514552980207
1135 1.6485514552980207
1136 1.6485514552980207
1137 1.6485514552980207
1138 1.6442310245185392
1139 1.6442310245185392
1140 1.6442310245185392
1141 1.6442310245185392
1142 1.6749771103772164
1143 1.6749771103772164
1144 1.6749771103772164
1145 1.6749771103772164
1146 1.8063517449255826
1147 1.8063517449255826
1148 1.8063517449255826
1149 1.8063517449255826
1150 1.7633085442671035
1151 1.7633085442671035
1152 1.7633085442671035
1153 1.7633085442671035
1154 1.5319125993340963
1155 1.5319125993340963
1156 1.5319125993340963
1157 1.5319125993340963
1158 1.5257615742416522
1159 1.5257615742416522
1160 1.5257615742416522
1161 1.5257615742416522
1162 1.6885329604366284
1163 1.6885329604366284
1164 1.6885329604366284
1165 1.6885329604366284
1166 1.5924345879281272
1167 1.5924345879281272
1168 1.5924345879281272
1169 1.5924345879281272
1170 1.622528439166137
1171 1.622528439166137
1172 1.622528439166137
1173 1.622528439166137
1174 1.5283504223477968
1175 1.5283504223477968
1176 1.5283504223477968
1177 1.5283504223477968
1178 1.4072785681635638
1179 1.4072785681635638
1180 1.4072785681635638
1181 1.4072785681635638
1182 1.7497238384751186
1183 1.7497238384751186
1184 1.7497238384751186
1185 1.7497238384751186
1186 1.7685704907135433
1187 1.7685704907135433
1188 1.7685704907135433
1189 1.7685704907135433
1190 1.5827853397673768
1191 1.5827853397673768
1192 1.5827853397673768
1193 1.5827853397673768
1194 1.5513186295399126
1195 1.5513186295399126
1196 1.5513186295399126
1197 1.5513186295399126
1198 1.5855942209570304
1199 1.5855942209570304
1200 1.5855942209570304
1201 1.5855942209570304
1202 1.4819842684990565
1203 1.4819842684990565
1204 1.4819842684990565
1205 1.4819842684990565
1206 1.4058246560676662
1207 1.4058246560676662
1208 1.4058246560676662
1209 1.4058246560676662
1210 1.847150737687418
1211 1.847150737687418
1212 1.847150737687418
1213 1.847150737687418
1214 1.5773366047639334
1215 1.5773366047639334
1216 1.5773366047639334
1217 1.5773366047639334
1218 1.5705511866718487
1219 1.5705511866718487
1220 1.5705511866718487
1221 1.5705511866718487
1222 1.500349759528948
1223 1.500349759528948
1224 1.500349759528948
1225 1.500349759528948
1226 1.4363780970981521
1227 1.4363780970981521
1228 1.4363780970981521
1229 1.4363780970981521
1230 1.574692038145401
1231 1.574692038145401
1232 1.574692038145401
1233 1.574692038145401
1234 1.525939168105027
1235 1.525939168105027
1236 1.525939168105027
1237 1.525939168105027
1238 1.6477053116497284
1239 1.6477053116497284
1240 1.6477053116497284
1241 1.6477053116497284
1242 1.5724298809633954
1243 1.5724298809633954
1244 1.5724298809633954
1245 1.5724298809633954
1246 1.4022410525105318
1247 1.4022410525105318
1248 1.4022410525105318
1249 1.4022410525105318
1250 1.596899127151601
1251 1.596899127151601
1252 1.596899127151601
1253 1.596899127151601
1254 1.4738050347567166
1255 1.4738050347567166
1256 1.4738050347567166
1257 1.4738050347567166
1258 1.5962582479140994
1259 1.5962582479140994
1260 1.5962582479140994
1261 1.5962582479140994
1262 1.556084571318754
1263 1.556084571318754
1264 1.556084571318754
1265 1.556084571318754
1266 1.5557161217908497
1267 1.5557161217908497
1268 1.5557161217908497
1269 1.5557161217908497
1270 1.5134968436162777
1271 1.5134968436162777
1272 1.5134968436162777
1273 1.5134968436162777
1274 1.6314385587511224
1275 1.6314385587511224
1276 1.6314385587511224
1277 1.6314385587511224
1278 1.5672074767959876
1279 1.5672074767959876
1280 1.5672074767959876
1281 1.5672074767959876
1282 1.5864949684997507
1283 1.5864949684997507
1284 1.5864949684997507
1285 1.5864949684997507
1286 1.4090294225243478
1287 1.4090294225243478
1288 1.4090294225243478
1289 1.4090294225243478
1290 1.6123293572823356
1291 1.6123293572823356
1292 1.6123293572823356
1293 1.6123293572823356
1294 1.6222874430235568
1295 1.6222874430235568
1296 1.6222874430235568
1297 1.6222874430235568
1298 1.5518200023280388
1299 1.5518200023280388
1300 1.5518200023280388
1301 1.5518200023280388
1302 1.463723161061118
1303 1.463723161061118
1304 1.463723161061118
1305 1.463723161061118
1306 1.5378614832523312
1307 1.5378614832523312
1308 1.5378614832523312
1309 1.5378614832523312
1310 1.6692615007510165
1311 1.6692615007510165
1312 1.6692615007510165
1313 1.6692615007510165
1314 1.5521957194736742
1315 1.5521957194736742
1316 1.5521957194736742
1317 1.5521957194736742
1318 1.5815722780014978
1319 1.5815722780014978
1320 1.5815722780014978
1321 1.5815722780014978
1322 1.497204111656625
1323 1.497204111656625
1324 1.497204111656625
1325 1.497204111656625
1326 1.5015598832542059
1327 1.5015598832542059
1328 1.5015598832542059
1329 1.5015598832542059
1330 1.5098200943982318
1331 1.5098200943982318
1332 1.5098200943982318
1333 1.5098200943982318
1334 1.6813434182982883
1335 1.6813434182982883
1336 1.6813434182982883
1337 1.6813434182982883
1338 1.5887542055841801
1339 1.5887542055841801
1340 1.5887542055841801
1341 1.5887542055841801
1342 1.560106384173119
1343 1.560106384173119
1344 1.560106384173119
1345 1.560106384173119
1346 1.6477960409932007
1347 1.6477960409932007
1348 1.6477960409932007
1349 1.6477960409932007
1350 1.7088276585341122
1351 1.7088276585341122
1352 1.7088276585341122
1353 1.7088276585341122
1354 1.5510903886705323
1355 1.5510903886705323
1356 1.5510903886705323
1357 1.5510903886705323
1358 1.5670834304212202
1359 1.5670834304212202
1360 1.5670834304212202
1361 1.5670834304212202
1362 1.6643003732432748
1363 1.6643003732432748
1364 1.6643003732432748
1365 1.6643003732432748
1366 1.5264406856649173
1367 1.5264406856649173
1368 1.5264406856649173
1369 1.5264406856649173
1370 1.6387056077706614
1371 1.6387056077706614
1372 1.6387056077706614
1373 1.6387056077706614
1374 1.5850286173022863
1375 1.5850286173022863
1376 1.5850286173022863
1377 1.5850286173022863
1378 1.3762108108107194
1379 1.3762108108107194
1380 1.3762108108107194
1381 1.3762108108107194
1382 1.4508332667753578
1383 1.4508332667753578
1384 1.4508332667753578
1385 1.4508332667753578
1386 1.4556402906183858
1387 1.4556402906183858
1388 1.4556402906183858
1389 1.4556402906183858
1390 1.5550446382092238
1391 1.5550446382092238
1392 1.5550446382092238
1393 1.5550446382092238
1394 1.5539505075504882
1395 1.5539505075504882
1396 1.5539505075504882
1397 1.5539505075504882
1398 1.568087531297028
1399 1.568087531297028
1400 1.568087531297028
1401 1.568087531297028
1402 1.5541185416886998
1403 1.5541185416886998
1404 1.5541185416886998
1405 1.5541185416886998
1406 1.6529038232315294
1407 1.6529038232315294
1408 1.6529038232315294
1409 1.6529038232315294
1410 1.465589472236454
1411 1.465589472236454
1412 1.465589472236454
1413 1.465589472236454
1414 1.201134698568447
1415 1.201134698568447
1416 1.201134698568447
1417 1.201134698568447
1418 1.1958658509140485
1419 1.1958658509140485
1420 1.1958658509140485
1421 1.1958658509140485
1422 1.1474415735195764
1423 1.1474415735195764
1424 1.1474415735195764
1425 1.1474415735195764
1426 1.1330730063869798
1427 1.1330730063869798
1428 1.1330730063869798
1429 1.1330730063869798
1430 1.0742295193269675
1431 1.0742295193269675
1432 1.0742295193269675
1433 1.0742295193269675
1434 1.1461314188699732
1435 1.1461314188699732
1436 1.1461314188699732
1437 1.1461314188699732
1438 0.9732480823226604
1439 0.9732480823226604
1440 0.9732480823226604
1441 0.9732480823226604
1442 1.128665926854279
1443 1.128665926854279
1444 1.128665926854279
1445 1.128665926854279
1446 1.014512715591281
1447 1.014512715591281
1448 1.014512715591281
1449 1.014512715591281
1450 1.189340787585383
1451 1.189340787585383
1452 1.189340787585383
1453 1.189340787585383
1454 1.0945463941906501
1455 1.0945463941906501
1456 1.0945463941906501
1457 1.0945463941906501
1458 1.1939482439912448
1459 1.1939482439912448
1460 1.1939482439912448
1461 1.1939482439912448
1462 1.0620332995889081
1463 1.0620332995889081
1464 1.0620332995889081
1465 1.0620332995889081
1466 1.1517233904268522
1467 1.1517233904268522
1468 1.1517233904268522
1469 1.1517233904268522
1470 1.094143758778663
1471 1.094143758778663
1472 1.094143758778663
1473 1.094143758778663
1474 1.2215981058423657
1475 1.2215981058423657
1476 1.2215981058423657
1477 1.2215981058423657
1478 1.0796440468754815
1479 1.0796440468754815
1480 1.0796440468754815
1481 1.0796440468754815
1482 1.1527280089650662
1483 1.1527280089650662
1484 1.1527280089650662
1485 1.1527280089650662
1486 1.2328938218283485
1487 1.2328938218283485
1488 1.9104038011219604
1489 1.9104038011219604
1490 1.9104038011219604
1491 1.9104038011219604
1492 2.0709526603275337
1493 2.0709526603275337
1494 2.0709526603275337
1495 2.0709526603275337
1496 1.9916085013313007
1497 1.9916085013313007
1498 1.9916085013313007
1499 1.9916085013313007
1500 1.8541263448743874
1501 1.8541263448743874
1502 1.8541263448743874
1503 1.8541263448743874
1504 2.323916119126228
1505 2.323916119126228
1506 2.323916119126228
1507 2.323916119126228
1508 1.7754805765318245
1509 1.7754805765318245
1510 1.7754805765318245
1511 1.7754805765318245
1512 1.8536180442451544
1513 1.1065816039185965
1514 1.1065816039185965
1515 1.1065816039185965
1516 4.131953636555681
1517 4.131953636555681
1518 4.131953636555681
1519 4.131953636555681
1520 3.8209971621328243
1521 3.8209971621328243
1522 3.8209971621328243
1523 3.8209971621328243
1524 3.6581534705189753
1525 3.6581534705189753
1526 3.6581534705189753
1527 3.6581534705189753
1528 3.823090632134299
1529 3.823090632134299
1530 3.823090632134299
1531 3.823090632134299
1532 3.792281897572195
1533 3.792281897572195
1534 3.792281897572195
1535 3.792281897572195
1536 1.1106746950904236
1537 1.1106746950904236
1538 1.1106746950904236
1539 1.1106746950904236
1540 1.0990806901483365
1541 1.0990806901483365
1542 1.0990806901483365
1543 1.0990806901483365
1544 1.1031639927674988
1545 1.1031639927674988
1546 1.1031639927674988
1547 1.1031639927674988
1548 1.0854662063535634
1549 1.0854662063535634
1550 1.0854662063535634
1551 1.0854662063535634
1552 1.0205159077148964
1553 1.0205159077148964
1554 1.0205159077148964
1555 1.0205159077148964
1556 1.147789022259476
1557 1.147789022259476
1558 1.147789022259476
1559 1.147789022259476
1560 1.1276877845119948
1561 1.1276877845119948
1562 1.1276877845119948
1563 1.1276877845119948
1564 1.1433665379782219
1565 1.1433665379782219
1566 1.1433665379782219
1567 1.1433665379782219
1568 1.0521192694362786
1569 1.0521192694362786
1570 2.7621800744029326
1571 2.7621800744029326
1572 2.7621800744029326
1573 2.7621800744029326
1574 3.238416918035297
1575 3.238416918035297
1576 3.238416918035297
1577 3.238416918035297
1578 2.9245328248661124
1579 2.9245328248661124
1580 2.9245328248661124
1581 2.9245328248661124
1582 2.55804259241408
1583 2.55804259241408
1584 2.55804259241408
1585 2.55804259241408
1586 2.857599790256729
1587 2.857599790256729
1588 2.857599790256729
1589 2.857599790256729
1590 2.5504093508816337
1591 2.5504093508816337
1592 2.5504093508816337
1593 2.5504093508816337
1594 2.9947692202060345
1595 2.9947692202060345
1596 2.9947692202060345
1597 2.9947692202060345
1598 3.0194514404286408
1599 3.0194514404286408
1600 3.0194514404286408
1601 3.0194514404286408
1602 2.8896097118667012
1603 2.8896097118667012
1604 2.8896097118667012
1605 2.8896097118667012
1606 3.1202479407188046
1607 3.1202479407188046
1608 3.1202479407188046
1609 3.1202479407188046
1610 3.410396873533722
1611 3.410396873533722
1612 3.410396873533722
1613 3.410396873533722
1614 2.7316795040618764
1615 2.7316795040618764
1616 2.7316795040618764
1617 2.7316795040618764
1618 2.8926409662093606
1619 2.8926409662093606
1620 2.8926409662093606
1621 2.8926409662093606
1622 2.908414164208115
1623 2.908414164208115
1624 2.908414164208115
1625 2.908414164208115
1626 2.9569737334116826
1627 2.9569737334116826
1628 2.9569737334116826
1629 2.9569737334116826
1630 2.4739251749693985
1631 2.4739251749693985
1632 2.4739251749693985
1633 2.4739251749693985
1634 2.966721124836167
1635 2.966721124836167
1636 2.966721124836167
1637 2.121808894351656
1638 2.121808894351656
1639 2.121808894351656
1640 2.121808894351656
1641 1.8585158184735322
1642 1.8585158184735322
1643 1.8585158184735322
1644 1.8585158184735322
1645 2.138587536166296
1646 2.138587536166296
1647 2.138587536166296
1648 2.138587536166296
1649 2.0003827555687086
1650 2.0003827555687086
1651 2.0003827555687086
1652 2.0003827555687086
1653 2.0331136065812596
1654 2.0331136065812596
1655 2.0331136065812596
1656 2.0331136065812596
1657 1.9052376081636464
1658 1.9052376081636464
1659 1.9052376081636464
1660 1.9052376081636464
1661 1.8470405400781784
1662 1.8470405400781784
1663 1.8470405400781784
1664 1.8470405400781784
1665 2.0545632978534023
1666 2.0545632978534023
1667 2.0545632978534023
1668 2.0545632978534023
1669 1.8567730428805183
1670 1.8567730428805183
1671 1.8567730428805183
1672 1.8567730428805183
1673 2.1812098622748275
1674 2.1812098622748275
1675 2.1812098622748275
1676 2.1812098622748275
1677 2.044532270000472
1678 2.044532270000472
1679 2.044532270000472
1680 2.044532270000472
1681 1.8596237953809927
1682 1.8596237953809927
1683 1.8596237953809927
1684 1.8596237953809927
1685 1.949462343394297
1686 1.949462343394297
1687 1.949462343394297
1688 1.949462343394297
1689 1.93207056638386
1690 1.93207056638386
1691 1.93207056638386
1692 1.93207056638386
1693 2.0496069514128075
1694 2.0496069514128075
1695 2.0496069514128075
1696 2.0496069514128075
1697 1.9972796373302637
1698 1.9972796373302637
1699 1.9972796373302637
1700 1.9972796373302637
1701 1.9767448035959532
1702 1.9767448035959532
1703 1.9767448035959532
1704 1.9767448035959532
1705 1.9316656298464285
1706 1.9316656298464285
1707 1.9316656298464285
1708 1.9316656298464285
1709 2.060838524307663
1710 2.060838524307663
1711 2.060838524307663
1712 2.060838524307663
1713 1.8430007000551503
1714 1.8430007000551503
1715 1.8430007000551503
1716 1.8430007000551503
1717 2.1391655569168564
1718 2.1391655569168564
1719 2.1391655569168564
1720 2.1391655569168564
1721 2.0675825091801947
1722 2.0675825091801947
1723 2.0675825091801947
1724 2.0675825091801947
1725 1.833580596483829
1726 1.833580596483829
1727 1.833580596483829
1728 1.833580596483829
1729 1.8738355655614405
1730 1.8738355655614405
1731 1.8738355655614405
1732 1.8738355655614405
1733 2.1049707336223062
1734 2.1049707336223062
1735 2.1049707336223062
1736 2.1049707336223062
1737 1.9317793950186921
1738 1.9317793950186921
1739 1.9317793950186921
1740 1.9317793950186921
1741 2.1643353894084942
1742 2.1643353894084942
1743 2.1643353894084942
1744 2.1643353894084942
1745 1.8910032126290737
1746 1.8910032126290737
1747 1.8910032126290737
1748 1.8910032126290737
1749 1.8927369169066712
1750 1.8927369169066712
1751 1.8927369169066712
1752 1.8927369169066712
1753 1.878504818654954
1754 1.878504818654954
1755 1.878504818654954
1756 1.878504818654954
1757 1.7916362134340087
1758 1.7916362134340087
1759 1.7916362134340087
1760 1.7916362134340087
1761 2.1988308481825802
1762 2.1988308481825802
1763 2.1988308481825802
1764 2.1988308481825802
1765 1.9249542447569135
1766 1.9249542447569135
1767 1.9249542447569135
1768 1.9249542447569135
1769 2.0109951228884575
1770 2.0109951228884575
1771 2.0109951228884575
1772 2.0109951228884575
1773 1.9969441476387857
1774 1.9969441476387857
1775 1.9969441476387857
1776 1.9969441476387857
1777 2.318068443793854
1778 2.318068443793854
1779 2.318068443793854
1780 2.318068443793854
1781 2.2064388003505075
1782 2.2064388003505075
1783 2.2064388003505075
1784 2.2064388003505075
1785 2.0263201009478276
1786 2.0263201009478276
1787 2.0263201009478276
1788 2.0263201009478276
1789 1.9372116577901421
1790 1.9372116577901421
1791 1.9372116577901421
1792 1.9372116577901421
1793 2.1460470115244017
1794 2.1460470115244017
1795 2.1460470115244017
1796 2.1460470115244017
1797 1.8975464955129628
1798 1.8975464955129628
1799 1.8975464955129628
1800 1.8975464955129628
1801 1.9256994179981297
1802 1.9256994179981297
1803 1.9256994179981297
1804 1.9256994179981297
1805 2.0554212320184626
1806 2.0554212320184626
1807 2.0554212320184626
1808 2.0554212320184626
1809 2.1256637862572783
1810 2.1256637862572783
1811 2.1256637862572783
1812 2.1256637862572783
1813 1.9250831239227137
1814 1.9250831239227137
1815 1.9250831239227137
1816 1.9250831239227137
1817 2.3052160394970667
1818 2.3052160394970667
1819 2.3052160394970667
1820 2.3052160394970667
1821 1.9755493314933437
1822 1.9755493314933437
1823 1.9755493314933437
1824 1.9755493314933437
1825 1.9144180380472942
1826 1.9144180380472942
1827 1.9144180380472942
1828 1.9144180380472942
1829 2.041345716951271
1830 2.041345716951271
1831 2.041345716951271
1832 2.041345716951271
1833 2.0311386197603407
1834 2.0311386197603407
1835 2.0311386197603407
1836 2.0311386197603407
1837 2.2036084356210193
1838 2.2036084356210193
1839 2.2036084356210193
1840 2.2036084356210193
1841 2.1230283564309285
1842 2.1230283564309285
1843 2.1230283564309285
1844 2.1230283564309285
1845 1.990772758235402
1846 1.990772758235402
1847 1.990772758235402
1848 1.990772758235402
1849 1.714299697744
1850 1.714299697744
1851 1.714299697744
1852 1.714299697744
1853 2.1794748627019422
1854 2.1794748627019422
1855 2.1794748627019422
1856 2.1794748627019422
1857 2.1232819685455526
1858 2.1232819685455526
1859 2.1232819685455526
1860 2.1232819685455526
1861 1.8120750936925236
1862 1.8120750936925236
1863 1.8120750936925236
1864 1.8120750936925236
1865 1.9935205940476304
1866 1.9935205940476304
1867 1.9935205940476304
1868 1.9935205940476304
1869 2.0933639560181088
1870 2.0933639560181088
1871 2.0933639560181088
1872 2.0933639560181088
1873 1.8587816936950288
1874 1.8587816936950288
1875 1.8587816936950288
1876 1.8587816936950288
1877 2.1691434899216264
1878 2.1691434899216264
1879 2.1691434899216264
1880 2.1691434899216264
1881 2.0070776144719065
1882 2.0070776144719065
1883 2.0070776144719065
1884 2.0070776144719065
1885 1.8243849803642336
1886 1.8243849803642336
1887 1.8243849803642336
1888 1.8243849803642336
1889 1.9637471319964124
1890 1.9637471319964124
1891 1.9637471319964124
1892 1.9637471319964124
1893 2.0874063873165523
1894 2.0874063873165523
1895 2.0874063873165523
1896 2.0874063873165523
1897 1.8149427159574045
1898 1.8149427159574045
1899 1.8149427159574045
1900 1.8149427159574045
1901 2.013253247311572
1902 2.013253247311572
1903 2.013253247311572
1904 2.013253247311572
1905 2.0887999129495776
1906 2.0887999129495776
1907 2.0887999129495776
1908 2.0887999129495776
1909 1.8199453447897247
1910 1.8199453447897247
1911 1.8199453447897247
1912 1.8199453447897247
1913 1.944790877641052
1914 1.944790877641052
1915 1.944790877641052
1916 1.944790877641052
1917 2.2301868496480695
1918 2.2301868496480695
1919 2.2301868496480695
1920 2.2301868496480695
1921 1.8494549252524906
1922 1.8494549252524906
1923 1.8494549252524906
1924 1.8494549252524906
1925 1.8753083694563553
1926 1.8753083694563553
1927 1.8753083694563553
1928 1.8753083694563553
1929 1.9955475477276945
1930 1.9955475477276945
1931 1.9955475477276945
1932 1.9955475477276945
1933 2.106128425684574
1934 2.106128425684574
1935 2.106128425684574
1936 2.106128425684574
1937 2.0631896891350863
1938 2.0631896891350863
1939 2.0631896891350863
1940 2.0631896891350863
1941 1.6342977353758994
1942 1.6342977353758994
1943 1.6342977353758994
1944 1.6342977353758994
1945 2.050287929363753
1946 2.050287929363753
1947 2.050287929363753
1948 2.050287929363753
1949 2.1964934804397136
1950 2.1964934804397136
1951 2.1964934804397136
1952 2.1964934804397136
1953 2.0246305724864255
1954 2.0246305724864255
1955 2.0246305724864255
1956 2.0246305724864255
1957 2.1005932739303734
1958 2.1005932739303734
1959 2.1005932739303734
1960 2.1005932739303734
1961 1.8638559802396106
1962 1.8638559802396106
1963 1.8638559802396106
1964 1.8638559802396106
1965 2.1033975090840555
1966 2.1033975090840555
1967 2.1033975090840555
1968 2.1033975090840555
1969 2.0817397507867312
1970 2.0817397507867312
1971 2.0817397507867312
1972 2.0817397507867312
1973 2.2484310546249247
1974 2.2484310546249247
1975 2.2484310546249247
1976 2.2484310546249247
1977 2.147495120894987
1978 2.147495120894987
1979 2.147495120894987
1980 2.147495120894987
1981 2.002669680116789
1982 2.002669680116789
1983 3.6357475089642226
1984 3.6357475089642226
1985 3.6357475089642226
1986 3.6357475089642226
1987 3.059809776846297
1988 3.059809776846297
1989 2.9820165745413183
1990 2.9820165745413183
1991 2.9820165745413183
1992 2.9820165745413183
1993 2.895053513731822
1994 2.895053513731822
1995 2.895053513731822
1996 2.895053513731822
1997 3.211308727448605
1998 3.211308727448605
1999 3.211308727448605
