0 1.8190911236160963
1 1.8190911236160963
2 1.8190911236160963
3 3.6883025888601098
4 3.6883025888601098
5 3.6883025888601098
6 1.758176914210884
7 1.758176914210884
8 1.758176914210884
9 3.3849191465706743
10 3.3849191465706743
11 3.3849191465706743
12 3.9916028075765135
13 3.9916028075765135
14 3.9798940970724486
15 3.9798940970724486
16 3.9798940970724486
17 4.53480008854086
18 4.53480008854086
19 4.53480008854086
20 4.130115971867313
21 4.130115971867313
22 4.130115971867313
23 4.32182067579106
24 4.32182067579106
25 4.32182067579106
26 3.889155550817653
27 3.889155550817653
28 3.889155550817653
29 3.1879700924179417
30 3.1879700924179417
31 3.1879700924179417
32 6.571373899551758
33 6.571373899551758
34 6.571373899551758
35 5.70289434013748
36 5.70289434013748
37 5.70289434013748
38 4.177639494391111
39 4.177639494391111
40 4.177639494391111
41 6.91507651081858
42 6.91507651081858
43 6.91507651081858
44 1.7858926347250255
45 1.7858926347250255
46 1.7858926347250255
47 1.80007368281627
48 1.80007368281627
49 1.80007368281627
50 3.6283295973938885
51 3.6283295973938885
52 3.6283295973938885
53 2.6410278620706276
54 2.6410278620706276
55 2.6410278620706276
56 4.4672836588119615
57 4.4672836588119615
58 4.4672836588119615
59 3.660988027530969
60 3.660988027530969
61 3.660988027530969
62 1.917772276241184
63 1.917772276241184
64 1.917772276241184
65 5.206388411413903
66 5.206388411413903
67 5.206388411413903
68 6.149614257426467
69 6.149614257426467
70 6.149614257426467
71 5.279335964884671
72 5.279335964884671
73 5.279335964884671
74 3.8837441578113445
75 3.8837441578113445
76 3.8837441578113445
77 5.37233222598117
78 5.37233222598117
79 5.37233222598117
80 4.053221482430979
81 4.053221482430979
82 4.053221482430979
83 4.297861950465386
84 4.297861950465386
85 4.297861950465386
86 4.268299291354593
87 4.268299291354593
88 4.268299291354593
89 4.561217686764276
90 4.561217686764276
91 4.561217686764276
92 5.670180998772937
93 5.670180998772937
94 5.670180998772937
95 4.091680226156654
96 4.091680226156654
97 4.091680226156654
98 2.769438575639777
99 2.769438575639777
100 2.769438575639777
101 5.37020709374009
102 5.37020709374009
103 5.37020709374009
104 4.019554991000925
105 4.019554991000925
106 4.019554991000925
107 2.941041414903653
108 2.941041414903653
109 2.941041414903653
110 4.630327025983957
111 4.630327025983957
112 4.630327025983957
113 3.5286978262972584
114 3.5286978262972584
115 3.5286978262972584
116 4.827269422941297
117 4.827269422941297
118 4.827269422941297
119 5.019356356402691
120 5.019356356402691
121 5.019356356402691
122 2.429286309173117
123 2.429286309173117
124 2.429286309173117
125 4.304420881580412
126 4.304420881580412
127 4.304420881580412
128 4.3938404810978335
129 4.3938404810978335
130 4.3938404810978335
131 4.335040739941843
132 4.335040739941843
133 4.335040739941843
134 6.518740268482139
135 6.518740268482139
136 6.518740268482139
137 3.571160274051186
138 3.571160274051186
139 3.571160274051186
140 5.614090766785184
141 5.614090766785184
142 5.614090766785184
143 3.110145811811721
144 3.110145811811721
145 3.110145811811721
146 4.357043763230142
147 4.357043763230142
148 4.357043763230142
149 4.652442773650585
150 4.652442773650585
151 4.652442773650585
152 4.890911069590066
153 4.890911069590066
154 4.890911069590066
155 4.2261847650071305
156 4.2261847650071305
157 4.2261847650071305
158 2.928125972424847
159 2.928125972424847
160 2.928125972424847
161 2.85979345141366
162 2.85979345141366
163 2.85979345141366
164 1.5006204162542829
165 1.5006204162542829
166 3.9591280075043866
167 3.9591280075043866
168 3.9591280075043866
169 4.491379597998957
170 4.491379597998957
171 4.491379597998957
172 4.063740652468678
173 4.063740652468678
174 0.5008970122188753
175 0.5008970122188753
176 0.5008970122188753
177 1.0433936229383987
178 1.0433936229383987
179 1.0433936229383987
180 0.8757981396195971
181 0.8757981396195971
182 0.8757981396195971
183 0.47673843127294535
184 0.47673843127294535
185 0.47673843127294535
186 0.6780359294414346
187 0.6780359294414346
188 0.8839582181308526
189 0.8839582181308526
190 0.8839582181308526
191 1.6228324678727049
192 1.6228324678727049
193 1.6228324678727049
194 1.2773779122399407
195 1.2773779122399407
196 1.2773779122399407
197 0.950063634188526
198 0.950063634188526
199 0.950063634188526
200 0.7694674519032403
201 0.7694674519032403
202 0.7694674519032403
203 1.1568607350035192
204 1.1568607350035192
205 1.1568607350035192
206 1.2545564831667575
207 1.2545564831667575
208 1.2545564831667575
209 1.2357894900768296
210 1.2357894900768296
211 1.2357894900768296
212 1.135517499417729
213 1.135517499417729
214 1.135517499417729
215 1.2251144086237387
216 1.2251144086237387
217 1.2251144086237387
218 1.418959070663952
219 1.418959070663952
220 1.418959070663952
221 1.0687210641141276
222 1.0687210641141276
223 1.0687210641141276
224 1.3325448203188728
225 1.3325448203188728
226 1.3325448203188728
227 0.6815869578860714
228 0.6815869578860714
229 0.6815869578860714
230 1.603736582420018
231 1.603736582420018
232 1.603736582420018
233 1.5569516252339946
234 1.5569516252339946
235 1.5569516252339946
236 1.17811476943842
237 1.17811476943842
238 1.17811476943842
239 0.9652930985242328
240 0.9652930985242328
241 0.9652930985242328
242 0.779399965204171
243 0.779399965204171
244 0.779399965204171
245 1.318467497331438
246 1.318467497331438
247 1.318467497331438
248 1.0972931163827921
249 1.0972931163827921
250 1.0972931163827921
251 0.7318899891664217
252 0.7318899891664217
253 0.7318899891664217
254 0.6826600503999303
255 0.6826600503999303
256 2.9774034378806746
257 2.9774034378806746
258 2.9774034378806746
259 0.41866757939551014
260 0.41866757939551014
261 0.41866757939551014
262 0.546697832572319
263 0.546697832572319
264 0.546697832572319
265 0.4312793038073909
266 0.4312793038073909
267 0.4312793038073909
268 0.8386602771816157
269 0.8386602771816157
270 0.8386602771816157
271 0.8921009010390435
272 0.8921009010390435
273 0.8921009010390435
274 0.8956490606374535
275 2.723184000607345
276 2.723184000607345
277 2.723184000607345
278 2.361482722663014
279 2.361482722663014
280 2.361482722663014
281 3.135509985703865
282 3.135509985703865
283 3.135509985703865
284 2.0953332346511573
285 2.0953332346511573
286 2.0953332346511573
287 3.3532756155434598
288 3.3532756155434598
289 3.3532756155434598
290 3.013336287397624
291 3.013336287397624
292 3.013336287397624
293 1.687734147548194
294 1.687734147548194
295 1.687734147548194
296 2.053046448576012
297 2.053046448576012
298 2.053046448576012
299 2.8915412983448565
300 2.8915412983448565
301 2.8915412983448565
302 1.8458730707512627
303 1.8458730707512627
304 1.8458730707512627
305 2.972059901218259
306 2.972059901218259
307 2.972059901218259
308 2.8320736150608563
309 2.8320736150608563
310 2.8320736150608563
311 1.8951057663995399
312 1.8951057663995399
313 1.8951057663995399
314 3.041527092668212
315 3.041527092668212
316 3.041527092668212
317 1.8563525045538962
318 1.8563525045538962
319 1.8563525045538962
320 2.43038269340206
321 3.6078286792491094
322 3.6078286792491094
323 3.6078286792491094
324 4.073932594514544
325 4.073932594514544
326 4.073932594514544
327 3.4558071170026823
328 3.4558071170026823
329 3.4558071170026823
330 4.008127798844503
331 4.008127798844503
332 4.008127798844503
333 4.94541658204679
334 4.94541658204679
335 4.94541658204679
336 4.815537244931873
337 4.815537244931873
338 4.815537244931873
339 3.9258446823723965
340 3.9258446823723965
341 3.9258446823723965
342 4.000082117304204
343 4.000082117304204
344 4.000082117304204
345 2.030932210974773
346 2.030932210974773
347 2.030932210974773
348 3.338858397081043
349 3.338858397081043
350 3.338858397081043
351 1.8246139526113372
352 1.8246139526113372
353 1.8246139526113372
354 3.4740906040614283
355 3.4740906040614283
356 3.4740906040614283
357 4.413400656623894
358 4.413400656623894
359 4.413400656623894
360 4.902600997319049
361 4.902600997319049
362 4.902600997319049
363 4.548792840922483
364 4.548792840922483
365 4.548792840922483
366 3.1167908489958194
367 3.1167908489958194
368 3.1167908489958194
369 4.338631815991645
370 4.338631815991645
371 4.338631815991645
372 2.434201136485625
373 2.434201136485625
374 2.434201136485625
375 2.822398140823175
376 2.822398140823175
377 2.822398140823175
378 3.9163411103603676
379 3.9163411103603676
380 3.9163411103603676
381 4.9395645443465765
382 4.9395645443465765
383 4.9395645443465765
384 4.504006205023661
385 4.504006205023661
386 4.504006205023661
387 3.4433731551043785
388 3.4433731551043785
389 3.4433731551043785
390 3.848253401365783
391 3.848253401365783
392 3.848253401365783
393 3.165567736607182
394 3.165567736607182
395 3.165567736607182
396 3.2092900558267323
397 3.2092900558267323
398 3.2092900558267323
399 4.772540912687136
400 4.772540912687136
401 4.772540912687136
402 4.533809385794478
403 4.533809385794478
404 4.533809385794478
405 2.753273628057582
406 2.753273628057582
407 2.753273628057582
408 2.8717006834636902
409 2.8717006834636902
410 2.8717006834636902
411 2.823446074367597
412 2.823446074367597
413 2.823446074367597
414 3.513218387227586
415 3.513218387227586
416 3.513218387227586
417 3.982506871364339
418 3.982506871364339
419 3.982506871364339
420 2.6591660176960694
421 2.6591660176960694
422 2.6591660176960694
423 3.1586533055045662
424 3.1586533055045662
425 3.1586533055045662
426 4.356131222143238
427 4.356131222143238
428 4.356131222143238
429 3.9760663181376734
430 3.9760663181376734
431 3.9760663181376734
432 3.1447450357408666
433 3.1447450357408666
434 3.1447450357408666
435 2.7289990017547536
436 2.7289990017547536
437 2.7289990017547536
438 3.9885462677824948
439 3.9885462677824948
440 3.9885462677824948
441 2.9647309998306115
442 2.9647309998306115
443 2.9647309998306115
444 3.1855353608950665
445 3.1855353608950665
446 3.1855353608950665
447 3.761545541394394
448 3.761545541394394
449 3.761545541394394
450 3.542710710830674
451 3.542710710830674
452 3.542710710830674
453 2.8012245038945087
454 2.8012245038945087
455 2.8012245038945087
456 3.9538342155423156
457 3.9538342155423156
458 3.9538342155423156
459 1.2993038445176315
460 1.2993038445176315
461 1.2993038445176315
462 4.814701508758673
463 4.814701508758673
464 4.814701508758673
465 3.9445797318867317
466 3.9445797318867317
467 3.9445797318867317
468 3.0208246112809505
469 3.0208246112809505
470 3.0208246112809505
471 1.5850345455038317
472 1.5850345455038317
473 1.5850345455038317
474 3.598958941388905
475 3.598958941388905
476 3.598958941388905
477 2.8531046735110603
478 2.8531046735110603
479 2.8531046735110603
480 3.2148524790672064
481 3.2148524790672064
482 3.2148524790672064
483 2.218674682176728
484 2.218674682176728
485 2.218674682176728
486 4.785633758130556
487 4.785633758130556
488 4.785633758130556
489 3.22868476836037
490 3.22868476836037
491 1.304375464077007
492 1.304375464077007
493 1.304375464077007
494 0.925794688047561
495 0.925794688047561
496 0.925794688047561
497 1.9061282439918832
498 1.9061282439918832
499 1.9061282439918832
500 1.6655789117065407
501 1.6655789117065407
502 1.6655789117065407
503 1.617784674497683
504 1.617784674497683
505 1.617784674497683
506 1.4681676396982708
507 1.4681676396982708
508 1.4681676396982708
509 1.9282568309537953
510 1.9282568309537953
511 1.9282568309537953
512 0.8170348219390856
513 0.8170348219390856
514 0.8170348219390856
515 1.5269581930898293
516 1.5269581930898293
517 1.5269581930898293
518 1.8078814489564663
519 1.8078814489564663
520 1.8078814489564663
521 2.4339615117425732
522 2.4339615117425732
523 2.4339615117425732
524 1.4043963294234136
525 1.4043963294234136
526 3.5182089081302506
527 3.5182089081302506
528 3.5182089081302506
529 4.167132204483152
530 2.894022460277898
531 2.894022460277898
532 2.894022460277898
533 6.4569317301987255
534 6.4569317301987255
535 6.4569317301987255
536 5.478972801640237
537 5.478972801640237
538 5.478972801640237
539 4.549168676553142
540 4.549168676553142
541 4.549168676553142
542 2.7150012194648028
543 2.7150012194648028
544 3.94434108326522
545 3.94434108326522
546 3.94434108326522
547 3.541498522445325
548 3.541498522445325
549 3.541498522445325
550 5.232992681330089
551 5.232992681330089
552 5.232992681330089
553 3.174588103204478
554 3.174588103204478
555 3.174588103204478
556 4.311666158771165
557 4.311666158771165
558 4.311666158771165
559 3.1620791875020813
560 3.1620791875020813
561 3.1620791875020813
562 2.4107101670740363
563 2.4107101670740363
564 2.4107101670740363
565 3.5487272225056685
566 3.5487272225056685
567 3.5487272225056685
568 2.7856913329588773
569 2.7856913329588773
570 2.7856913329588773
571 4.071001137113789
572 4.071001137113789
573 4.071001137113789
574 6.110194332132643
575 6.110194332132643
576 3.2386211381279177
577 3.2386211381279177
578 3.2386211381279177
579 2.4172942906688584
580 2.4172942906688584
581 2.4172942906688584
582 3.4508181450726965
583 3.4508181450726965
584 3.6802262321995105
585 3.6802262321995105
586 3.6802262321995105
587 5.9515362755226215
588 5.9515362755226215
589 5.9515362755226215
590 5.972728079498604
591 5.972728079498604
592 5.972728079498604
593 5.718751414742232
594 5.718751414742232
595 5.718751414742232
596 3.3789321972589876
597 3.3789321972589876
598 3.3789321972589876
599 4.233300922898395
600 4.233300922898395
601 4.233300922898395
602 3.4150438239355942
603 3.4150438239355942
604 3.4150438239355942
605 4.75498482615867
606 4.75498482615867
607 4.75498482615867
608 4.7495344824459
609 4.7495344824459
610 4.7495344824459
611 4.439544519072469
612 4.439544519072469
613 4.439544519072469
614 3.9284975139599316
615 3.9284975139599316
616 3.9284975139599316
617 4.065745572667784
618 4.065745572667784
619 4.065745572667784
620 3.1861637066035593
621 3.1861637066035593
622 3.1861637066035593
623 4.254132164421165
624 4.254132164421165
625 4.254132164421165
626 2.6306757268857894
627 2.6306757268857894
628 2.6306757268857894
629 6.382935952679576
630 6.382935952679576
631 6.382935952679576
632 5.87450695360929
633 5.87450695360929
634 5.87450695360929
635 5.261611920255473
636 5.261611920255473
637 5.261611920255473
638 4.408052610856121
639 4.408052610856121
640 4.408052610856121
641 5.626729920612848
642 2.2213889487048823
643 2.2213889487048823
644 2.2213889487048823
645 2.0292574085455506
646 2.0292574085455506
647 2.0292574085455506
648 3.7154586601989994
649 3.7154586601989994
650 3.7154586601989994
651 3.313012862775169
652 3.313012862775169
653 3.313012862775169
654 2.1862055274144216
655 2.1862055274144216
656 2.1862055274144216
657 2.437877618175552
658 2.437877618175552
659 2.437877618175552
660 3.78155920580628
661 3.78155920580628
662 3.78155920580628
663 3.755115136831627
664 3.755115136831627
665 3.755115136831627
666 2.798672627044037
667 2.798672627044037
668 2.798672627044037
669 2.8136665689650906
670 2.8136665689650906
671 2.8136665689650906
672 2.5683346958493884
673 2.5683346958493884
674 2.5683346958493884
675 2.3213074441231263
676 2.3213074441231263
677 2.3213074441231263
678 3.5960099580423694
679 3.5960099580423694
680 3.5960099580423694
681 2.166450177950261
682 2.166450177950261
683 2.166450177950261
684 2.915313263555135
685 2.915313263555135
686 2.915313263555135
687 1.2927924880556771
688 1.2927924880556771
689 1.2927924880556771
690 1.416552429637988
691 1.416552429637988
692 1.416552429637988
693 1.039358657907488
694 1.039358657907488
695 1.039358657907488
696 0.9989797653436147
697 0.9989797653436147
698 0.9989797653436147
699 1.622525325963123
700 1.622525325963123
701 1.622525325963123
702 1.3115898611451344
703 1.3115898611451344
704 1.3115898611451344
705 1.4253187365073852
706 1.4253187365073852
707 1.4253187365073852
708 1.758910128971148
709 1.758910128971148
710 1.758910128971148
711 0.35298697780970234
712 0.35298697780970234
713 0.35298697780970234
714 1.8119357031965437
715 1.8119357031965437
716 1.8119357031965437
717 1.265354904469426
718 1.265354904469426
719 1.265354904469426
720 2.3174842709441617
721 2.3174842709441617
722 2.3174842709441617
723 1.340001455056656
724 1.340001455056656
725 1.340001455056656
726 1.442221722338454
727 1.442221722338454
728 1.442221722338454
729 1.4594638315683726
730 1.4594638315683726
731 1.4594638315683726
732 1.7339775329878204
733 1.7339775329878204
734 1.7339775329878204
735 1.8502589870803163
736 1.8502589870803163
737 1.8502589870803163
738 1.17588758918305
739 1.17588758918305
740 1.17588758918305
741 1.3741011115374415
742 1.3741011115374415
743 1.3741011115374415
744 1.6241205638874696
745 1.6241205638874696
746 1.6241205638874696
747 1.9064242580906776
748 1.9064242580906776
749 1.9064242580906776
750 1.4677997916945251
751 1.4677997916945251
752 1.4677997916945251
753 1.5707293357362404
754 1.5707293357362404
755 1.5707293357362404
756 1.7722261195612004
757 1.7722261195612004
758 1.7722261195612004
759 1.2273780333274273
760 1.2273780333274273
761 1.2273780333274273
762 1.6704734467364424
763 1.6704734467364424
764 0.8900837388822002
765 0.8900837388822002
766 0.8900837388822002
767 0.8409835387747588
768 0.8409835387747588
769 0.8409835387747588
770 0.6321790561755287
771 0.6321790561755287
772 0.6321790561755287
773 0.7568793244181954
774 0.7568793244181954
775 0.7568793244181954
776 0.9212929645887911
777 0.9212929645887911
778 0.9212929645887911
779 0.37756288856239956
780 0.37756288856239956
781 0.37756288856239956
782 0.7191513109840804
783 0.7191513109840804
784 0.7191513109840804
785 0.7261547832174848
786 0.7261547832174848
787 2.7419224172951617
788 2.7419224172951617
789 2.7419224172951617
790 3.0584062459762373
791 1.3195568288777002
792 1.3195568288777002
793 1.3195568288777002
794 1.29453742260984
795 1.29453742260984
796 1.29453742260984
797 1.0913871991314539
798 1.0913871991314539
799 1.0913871991314539
800 1.6968493866258174
801 1.6968493866258174
802 1.6968493866258174
803 1.518653995751452
804 1.518653995751452
805 1.518653995751452
806 1.7474870534748148
807 1.7474870534748148
808 1.7474870534748148
809 1.616194886855809
810 1.616194886855809
811 1.616194886855809
812 1.404701835351144
813 1.404701835351144
814 1.404701835351144
815 1.3694658843626013
816 1.3694658843626013
817 1.3694658843626013
818 1.4542124595046662
819 1.4542124595046662
820 1.4542124595046662
821 0.9261198861330372
822 0.9261198861330372
823 0.9261198861330372
824 1.6490363012379485
825 1.6490363012379485
826 1.6490363012379485
827 1.449957887192943
828 1.449957887192943
829 1.449957887192943
830 1.9847240840161091
831 1.9847240840161091
832 1.9847240840161091
833 1.2258679742874428
834 1.2258679742874428
835 1.2258679742874428
836 0.8894653048851646
837 0.8894653048851646
838 0.8894653048851646
839 1.1786233708572769
840 1.1786233708572769
841 1.1786233708572769
842 1.978584363984753
843 1.978584363984753
844 1.978584363984753
845 1.3728533856065748
846 0.17140122812459108
847 0.17140122812459108
848 0.17140122812459108
849 0.2227654220956594
850 0.2227654220956594
851 0.2227654220956594
852 0.10389990956559063
853 0.10389990956559063
854 0.10389990956559063
855 0.2635013552315696
856 0.2635013552315696
857 0.2635013552315696
858 0.2353672350505438
859 0.2353672350505438
860 0.2353672350505438
861 0.21060029136630665
862 0.21060029136630665
863 0.21060029136630665
864 0.2334275408347617
865 0.2334275408347617
866 0.2334275408347617
867 0.13516244408082678
868 0.13516244408082678
869 0.13516244408082678
870 0.2298402516721191
871 0.2298402516721191
872 0.2298402516721191
873 0.28681305861342
874 0.28681305861342
875 0.28681305861342
876 0.17842225535215017
877 0.17842225535215017
878 0.17842225535215017
879 0.1232206397036978
880 0.1232206397036978
881 0.1232206397036978
882 0.19198023189529853
883 0.19198023189529853
884 0.19198023189529853
885 0.19889416687464784
886 0.19889416687464784
887 0.19889416687464784
888 0.11933832693590708
889 0.11933832693590708
890 0.11933832693590708
891 0.1838854706177428
892 0.1838854706177428
893 0.1838854706177428
894 0.25544051926761274
895 0.25544051926761274
896 0.25544051926761274
897 0.24972593570648477
898 0.24972593570648477
899 0.24972593570648477
900 0.20324439965118576
901 0.20324439965118576
902 0.20324439965118576
903 0.16530310083544095
904 0.16530310083544095
905 0.16530310083544095
906 0.13009366830982866
907 0.13009366830982866
908 0.13009366830982866
909 0.1814343873055839
910 0.1814343873055839
911 0.1814343873055839
912 0.14930205198286656
913 0.14930205198286656
914 0.14930205198286656
915 0.1949868675547381
916 0.1949868675547381
917 0.1949868675547381
918 0.18138187968578295
919 0.18138187968578295
920 0.18138187968578295
921 0.20327012077465892
922 0.20327012077465892
923 0.20327012077465892
924 0.1132748791111987
925 0.1132748791111987
926 0.1132748791111987
927 0.1898448665537501
928 0.1898448665537501
929 0.1898448665537501
930 0.1639557546375236
931 0.1639557546375236
932 0.1639557546375236
933 0.2389041235565565
934 0.2389041235565565
935 0.2389041235565565
936 0.22929509667649975
937 0.22929509667649975
938 0.22929509667649975
939 0.2580877380871204
940 0.2580877380871204
941 0.2580877380871204
942 0.22856949009524136
943 0.22856949009524136
944 0.22856949009524136
945 0.27164477991005864
946 0.27164477991005864
947 0.9440758028118047
948 0.9440758028118047
949 0.9440758028118047
950 1.0777189534767966
951 1.0777189534767966
952 1.0777189534767966
953 0.8201320537641766
954 0.8201320537641766
955 0.8201320537641766
956 1.1889328314529561
957 1.1889328314529561
958 1.1889328314529561
959 1.2558921229038407
960 1.2558921229038407
961 1.2558921229038407
962 1.2539046442345672
963 1.2539046442345672
964 1.2539046442345672
965 1.2641980276498856
966 1.2641980276498856
967 1.2641980276498856
968 1.3466475878430846
969 1.3466475878430846
970 1.3466475878430846
971 0.9240053784739888
972 0.9240053784739888
973 0.9240053784739888
974 1.0834794083218984
975 1.0834794083218984
976 1.0834794083218984
977 0.3248205159662395
978 1.141121012998942
979 1.141121012998942
980 1.141121012998942
981 2.5670680115174016
982 2.5670680115174016
983 2.5670680115174016
984 1.602858346061992
985 1.602858346061992
986 1.602858346061992
987 1.2254777816429663
988 1.2254777816429663
989 1.2254777816429663
990 0.7150494868953076
991 0.7150494868953076
992 0.7150494868953076
993 1.3722199336612835
994 1.3722199336612835
995 1.3722199336612835
996 2.0529515803500042
997 2.0529515803500042
998 2.0529515803500042
999 1.2941356587802035
1000 1.2941356587802035
1001 1.2941356587802035
1002 1.494533471012997
1003 1.494533471012997
1004 1.494533471012997
1005 1.8897437278720768
1006 1.8897437278720768
1007 1.8897437278720768
1008 1.6016212621539068
1009 1.6016212621539068
1010 1.6016212621539068
1011 1.383342487601578
1012 1.383342487601578
1013 1.383342487601578
1014 2.089433534313867
1015 2.089433534313867
1016 2.089433534313867
1017 0.8047794236555952
1018 0.8047794236555952
1019 0.8047794236555952
1020 1.935037928236449
1021 1.935037928236449
1022 1.935037928236449
1023 1.7602940565261334
1024 1.7602940565261334
1025 1.7602940565261334
1026 1.6083580690277828
1027 1.6083580690277828
1028 1.6083580690277828
1029 1.6448923462287235
1030 1.6448923462287235
1031 1.6448923462287235
1032 1.7050044896552055
1033 0.4891671113192265
1034 0.4891671113192265
1035 0.4891671113192265
1036 0.6467103649289231
1037 0.6467103649289231
1038 0.6467103649289231
1039 0.7417241945098985
1040 0.7417241945098985
1041 0.7417241945098985
1042 0.5202434346245457
1043 0.5202434346245457
1044 0.5202434346245457
1045 0.5849980587021462
1046 0.5849980587021462
1047 0.5849980587021462
1048 0.6944429522252406
1049 0.6944429522252406
1050 0.6944429522252406
1051 0.8945982620587063
1052 0.8945982620587063
1053 0.8945982620587063
1054 0.5871040069265886
1055 0.5871040069265886
1056 0.5871040069265886
1057 0.5034556837668565
1058 0.5034556837668565
1059 0.5034556837668565
1060 0.4983689889713564
1061 0.4983689889713564
1062 0.4983689889713564
1063 0.7219474854115993
1064 0.7219474854115993
1065 0.7219474854115993
1066 0.8412420822898496
1067 0.8412420822898496
1068 0.8412420822898496
1069 0.6356020725989271
1070 0.6356020725989271
1071 0.6356020725989271
1072 0.5433545957929959
1073 0.5433545957929959
1074 0.5433545957929959
1075 0.9718294487370951
1076 0.9718294487370951
1077 0.9718294487370951
1078 0.6967716086254881
1079 0.6967716086254881
1080 0.6967716086254881
1081 0.86834052057067
1082 0.86834052057067
1083 0.86834052057067
1084 0.4544081610492823
1085 0.4544081610492823
1086 0.4544081610492823
1087 0.5917738158909992
1088 0.5917738158909992
1089 0.5917738158909992
1090 0.31411515248591015
1091 0.31411515248591015
1092 0.31411515248591015
1093 0.9171890559513668
1094 0.9171890559513668
1095 0.9171890559513668
1096 0.5151973474320939
1097 0.5151973474320939
1098 0.5151973474320939
1099 0.5555223916573002
1100 0.5555223916573002
1101 0.5555223916573002
1102 0.7327697660085238
1103 0.7327697660085238
1104 0.7327697660085238
1105 0.7841137991378649
1106 0.7841137991378649
1107 0.7841137991378649
1108 0.8906928476638197
1109 0.8906928476638197
1110 0.8906928476638197
1111 3.369168546742984
1112 3.369168546742984
1113 3.369168546742984
1114 1.3715272625385702
1115 1.3715272625385702
1116 1.3715272625385702
1117 3.6711166431272733
1118 3.6711166431272733
1119 3.6711166431272733
1120 3.7559938495076883
1121 3.7559938495076883
1122 3.7559938495076883
1123 1.2547107504064905
1124 1.2547107504064905
1125 1.2547107504064905
1126 1.5855943697399109
1127 1.5855943697399109
1128 1.5855943697399109
1129 0.44642604568184047
1130 0.44642604568184047
1131 0.44642604568184047
1132 0.6458948784183695
1133 0.6458948784183695
1134 0.6458948784183695
1135 0.7224385352142503
1136 0.7224385352142503
1137 0.7224385352142503
1138 0.6078632597491489
1139 0.6078632597491489
1140 0.6078632597491489
1141 0.4110029600639322
1142 0.4110029600639322
1143 0.4110029600639322
1144 0.6941155344564381
1145 0.6941155344564381
1146 0.6941155344564381
1147 0.8068790063976913
1148 0.8068790063976913
1149 0.8068790063976913
1150 0.5761507390004198
1151 0.5761507390004198
1152 0.5761507390004198
1153 0.7729998854219464
1154 0.7729998854219464
1155 0.7729998854219464
1156 0.3817933884043446
1157 0.3817933884043446
1158 0.3817933884043446
1159 0.5759901853264189
1160 0.5759901853264189
1161 0.5759901853264189
1162 0.6733298510106697
1163 0.6733298510106697
1164 0.6733298510106697
1165 0.5841832004871927
1166 0.5841832004871927
1167 0.5841832004871927
1168 0.5864996845115619
1169 0.5864996845115619
1170 0.5864996845115619
1171 0.6704886374357991
1172 0.6704886374357991
1173 0.6704886374357991
1174 0.52812172332402
1175 3.9992320735000835
1176 3.9992320735000835
1177 3.9992320735000835
1178 2.980094129932203
1179 2.980094129932203
1180 2.980094129932203
1181 3.0021857164915193
1182 3.0021857164915193
1183 3.0021857164915193
1184 3.3061643240070624
1185 3.3061643240070624
1186 3.3061643240070624
1187 2.0241472147984787
1188 2.0241472147984787
1189 2.0241472147984787
1190 4.422839636897254
1191 4.422839636897254
1192 4.422839636897254
1193 3.823774696916219
1194 3.823774696916219
1195 3.823774696916219
1196 2.708442245099153
1197 2.708442245099153
1198 2.708442245099153
1199 5.527713190325774
1200 5.527713190325774
1201 5.527713190325774
1202 2.9593163369701774
1203 2.9593163369701774
1204 2.9593163369701774
1205 3.5394205995000054
1206 3.5394205995000054
1207 3.5394205995000054
1208 3.7801435705294213
1209 3.7801435705294213
1210 3.7801435705294213
1211 2.126892244641189
1212 2.126892244641189
1213 2.126892244641189
1214 4.2728301942597735
1215 4.2728301942597735
1216 4.2728301942597735
1217 1.7922203081982313
1218 1.7922203081982313
1219 1.7922203081982313
1220 5.063347781305898
1221 5.063347781305898
1222 5.063347781305898
1223 3.9231114106980387
1224 3.9231114106980387
1225 3.9231114106980387
1226 1.9456423342774611
1227 1.9456423342774611
1228 1.9456423342774611
1229 3.9428337415209525
1230 3.9428337415209525
1231 3.9428337415209525
1232 3.1499645061096078
1233 3.1499645061096078
1234 3.1499645061096078
1235 4.118511783686352
1236 4.118511783686352
1237 4.118511783686352
1238 3.4277869703461845
1239 3.4277869703461845
1240 3.4277869703461845
1241 3.6876112876415585
1242 3.6876112876415585
1243 3.6876112876415585
1244 4.529312631609483
1245 4.529312631609483
1246 4.529312631609483
1247 2.939910282553246
1248 2.939910282553246
1249 2.939910282553246
1250 3.389255023411058
1251 3.389255023411058
1252 3.389255023411058
1253 4.845055363335419
1254 4.845055363335419
1255 4.845055363335419
1256 2.2972651603069747
1257 2.2972651603069747
1258 2.2972651603069747
1259 5.3507388113419125
1260 5.3507388113419125
1261 5.3507388113419125
1262 4.4780092992193845
1263 4.4780092992193845
1264 4.4780092992193845
1265 4.958602912597802
1266 4.958602912597802
1267 4.958602912597802
1268 3.9372584079258965
1269 3.9372584079258965
1270 3.9372584079258965
1271 2.743276053350951
1272 2.743276053350951
1273 2.743276053350951
1274 4.128037114420529
1275 4.128037114420529
1276 4.128037114420529
1277 3.4596399719155353
1278 3.4596399719155353
1279 3.4596399719155353
1280 2.5753914703556773
1281 2.5753914703556773
1282 2.5753914703556773
1283 3.546391374490593
1284 3.546391374490593
1285 3.546391374490593
1286 2.965524474392738
1287 2.965524474392738
1288 2.965524474392738
1289 2.6301205563717582
1290 2.6301205563717582
1291 2.6301205563717582
1292 3.2628366757905085
1293 3.2628366757905085
1294 3.2628366757905085
1295 3.1120967011613416
1296 3.1120967011613416
1297 3.1120967011613416
1298 2.702277495337548
1299 2.702277495337548
1300 2.702277495337548
1301 3.51245163259153
1302 3.51245163259153
1303 3.51245163259153
1304 2.152253075791341
1305 2.152253075791341
1306 2.152253075791341
1307 2.6094668205537572
1308 2.6094668205537572
1309 2.6094668205537572
1310 3.579274684034609
1311 3.579274684034609
1312 3.579274684034609
1313 2.184839301723873
1314 2.184839301723873
1315 2.184839301723873
1316 2.077934646441814
1317 2.077934646441814
1318 2.077934646441814
1319 2.760367729809052
1320 2.760367729809052
1321 2.760367729809052
1322 2.179441034467392
1323 2.179441034467392
1324 2.179441034467392
1325 2.821990905108205
1326 2.821990905108205
1327 2.821990905108205
1328 3.3599101358700807
1329 3.3599101358700807
1330 3.3599101358700807
1331 3.768186690142665
1332 3.768186690142665
1333 3.768186690142665
1334 1.7930664714384963
1335 1.7930664714384963
1336 1.7930664714384963
1337 2.9890725223544106
1338 1.4436754352039776
1339 1.4436754352039776
1340 1.4436754352039776
1341 1.5821949905997021
1342 1.5821949905997021
1343 1.5821949905997021
1344 2.503290798855984
1345 2.503290798855984
1346 2.503290798855984
1347 2.41760645141801
1348 2.41760645141801
1349 2.41760645141801
1350 1.4663812173860413
1351 2.490339409638246
1352 2.490339409638246
1353 2.490339409638246
1354 1.6405273551179853
1355 1.6405273551179853
1356 1.6405273551179853
1357 1.832930677094085
1358 1.832930677094085
1359 1.832930677094085
1360 2.3139585662293847
1361 2.3139585662293847
1362 2.3139585662293847
1363 1.8189524425901777
1364 1.8189524425901777
1365 1.8189524425901777
1366 1.4367115608313457
1367 1.4367115608313457
1368 1.4367115608313457
1369 1.7666401459047607
1370 1.7666401459047607
1371 1.7666401459047607
1372 2.661750515965703
1373 2.661750515965703
1374 2.661750515965703
1375 2.9045894849726728
1376 2.9045894849726728
1377 2.9045894849726728
1378 1.0005776238074882
1379 1.0005776238074882
1380 1.0005776238074882
1381 1.2979205721763496
1382 1.2979205721763496
1383 1.2979205721763496
1384 1.300517283892101
1385 1.300517283892101
1386 1.300517283892101
1387 2.0609545665395266
1388 2.0609545665395266
1389 2.0609545665395266
1390 2.657912846848138
1391 2.657912846848138
1392 2.657912846848138
1393 2.625739773728574
1394 2.625739773728574
1395 2.625739773728574
1396 1.2118404596774763
1397 1.2118404596774763
1398 1.2118404596774763
1399 1.956180354234126
1400 1.956180354234126
1401 1.956180354234126
1402 2.1263776843431206
1403 2.1263776843431206
1404 2.1263776843431206
1405 1.9699062441419541
1406 1.9699062441419541
1407 1.9699062441419541
1408 1.3274767888350227
1409 1.3274767888350227
1410 1.3274767888350227
1411 3.1209631657548935
1412 3.1209631657548935
1413 3.1209631657548935
1414 1.1521298256770507
1415 1.1521298256770507
1416 1.1521298256770507
1417 3.03211495362767
1418 3.03211495362767
1419 3.03211495362767
1420 1.5792029465305146
1421 1.5792029465305146
1422 1.5792029465305146
1423 2.2431612976351283
1424 2.2431612976351283
1425 2.2431612976351283
1426 2.1876081713587854
1427 2.1876081713587854
1428 2.1876081713587854
1429 3.0604291972178888
1430 3.0604291972178888
1431 3.0604291972178888
1432 3.0276413272733396
1433 3.0276413272733396
1434 3.0276413272733396
1435 1.8484793430594324
1436 2.201650107308472
1437 2.201650107308472
1438 2.201650107308472
1439 1.8885272093924281
1440 1.8885272093924281
1441 1.8885272093924281
1442 2.157656952788289
1443 2.157656952788289
1444 2.157656952788289
1445 1.7394078299048434
1446 1.7394078299048434
1447 1.7394078299048434
1448 1.5597743547600298
1449 1.5597743547600298
1450 1.5597743547600298
1451 1.4164597738331886
1452 1.4164597738331886
1453 1.4164597738331886
1454 1.6345148948069692
1455 1.6345148948069692
1456 1.6345148948069692
1457 1.7593937409501814
1458 1.7593937409501814
1459 1.7593937409501814
1460 1.4896379694175526
1461 1.4896379694175526
1462 1.4896379694175526
1463 1.8303081089688868
1464 1.8303081089688868
1465 1.8303081089688868
1466 1.7972935493182096
1467 1.7972935493182096
1468 1.7972935493182096
1469 2.0202161465635715
1470 2.0202161465635715
1471 2.0202161465635715
1472 2.1553601536855327
1473 2.1553601536855327
1474 2.1553601536855327
1475 1.3459723090666977
1476 1.3459723090666977
1477 1.3459723090666977
1478 1.2015129685861492
1479 1.2015129685861492
1480 1.2015129685861492
1481 1.6522119102371995
1482 1.6522119102371995
1483 1.6522119102371995
1484 3.8207511188844894
1485 3.8207511188844894
1486 3.8207511188844894
1487 3.1300720991005853
1488 3.1300720991005853
1489 3.1300720991005853
1490 6.021786813739655
1491 6.021786813739655
1492 6.021786813739655
1493 2.845609170704784
1494 2.845609170704784
1495 2.845609170704784
1496 3.2478718867075753
1497 3.2478718867075753
1498 3.2478718867075753
1499 4.014270382415051
1500 4.014270382415051
1501 4.014270382415051
1502 4.392989776071406
1503 4.392989776071406
1504 4.392989776071406
1505 3.908278884894708
1506 3.908278884894708
1507 3.908278884894708
1508 3.4659649340030594
1509 3.4659649340030594
1510 3.4659649340030594
1511 4.358517525314477
1512 4.358517525314477
1513 4.358517525314477
1514 3.4170679916973845
1515 3.4170679916973845
1516 3.4170679916973845
1517 2.527173329402461
1518 2.527173329402461
1519 2.527173329402461
1520 5.202156040213932
1521 5.202156040213932
1522 5.202156040213932
1523 3.7491449307127116
1524 3.7491449307127116
1525 3.7491449307127116
1526 3.9025960775492847
1527 3.9025960775492847
1528 3.9025960775492847
1529 2.5415198149930998
1530 2.5415198149930998
1531 2.5415198149930998
1532 3.9623077294080393
1533 3.9623077294080393
1534 3.9623077294080393
1535 4.32992427766349
1536 4.32992427766349
1537 4.32992427766349
1538 5.193496534654717
1539 5.193496534654717
1540 5.193496534654717
1541 3.149637997327646
1542 3.149637997327646
1543 3.149637997327646
1544 4.2757619148554085
1545 4.2757619148554085
1546 4.2757619148554085
1547 4.064189297247975
1548 4.064189297247975
1549 4.064189297247975
1550 2.564317538776761
1551 2.564317538776761
1552 2.564317538776761
1553 3.100302601648625
1554 3.100302601648625
1555 3.100302601648625
1556 2.31842774817397
1557 2.31842774817397
1558 2.31842774817397
1559 4.1693654100432465
1560 4.1693654100432465
1561 4.1693654100432465
1562 3.173257774898173
1563 3.173257774898173
1564 3.173257774898173
1565 4.0535250760154105
1566 4.0535250760154105
1567 4.0535250760154105
1568 3.9748054134930597
1569 3.9748054134930597
1570 3.9748054134930597
1571 4.834969054216788
1572 4.834969054216788
1573 4.834969054216788
1574 4.229328146100182
1575 4.229328146100182
1576 4.229328146100182
1577 5.6447710120925745
1578 5.6447710120925745
1579 5.6447710120925745
1580 5.826069575770931
1581 5.826069575770931
1582 5.826069575770931
1583 2.634230910559885
1584 2.634230910559885
1585 2.634230910559885
1586 3.3761487211471746
1587 3.3761487211471746
1588 3.3761487211471746
1589 4.116809735898262
1590 4.116809735898262
1591 4.116809735898262
1592 3.248742429037793
1593 3.248742429037793
1594 3.248742429037793
1595 2.6661568822622335
1596 2.6661568822622335
1597 2.6661568822622335
1598 3.9341246102574585
1599 3.9341246102574585
1600 3.9341246102574585
1601 2.8350311704686604
1602 2.8350311704686604
1603 2.8350311704686604
1604 2.786081684749359
1605 2.786081684749359
1606 2.786081684749359
1607 4.717410521622723
1608 4.717410521622723
1609 4.717410521622723
1610 3.500925838678087
1611 3.500925838678087
1612 3.500925838678087
1613 1.8085419769505302
1614 1.8085419769505302
1615 1.8085419769505302
1616 5.360593257300512
1617 5.360593257300512
1618 5.360593257300512
1619 4.509567876672413
1620 4.509567876672413
1621 4.509567876672413
1622 3.7651899051096
1623 3.7651899051096
1624 3.7651899051096
1625 3.6415952568683614
1626 3.6415952568683614
1627 3.6415952568683614
1628 3.4589593804906453
1629 3.4589593804906453
1630 3.4589593804906453
1631 2.648032346473612
1632 2.648032346473612
1633 2.648032346473612
1634 3.282340125602211
1635 3.282340125602211
1636 3.282340125602211
1637 3.6065836927124146
1638 3.6065836927124146
1639 3.6065836927124146
1640 3.538438548167638
1641 3.538438548167638
1642 3.538438548167638
1643 2.829047622619367
1644 2.829047622619367
1645 2.829047622619367
1646 3.092083083184247
1647 3.092083083184247
1648 3.092083083184247
1649 4.662493091058603
1650 4.662493091058603
1651 4.662493091058603
1652 4.331233163919846
1653 4.331233163919846
1654 4.331233163919846
1655 6.497787499294832
1656 6.497787499294832
1657 6.497787499294832
1658 2.6950142951607328
1659 2.6950142951607328
1660 2.6950142951607328
1661 3.255168501358237
1662 3.255168501358237
1663 3.255168501358237
1664 1.8683869496595524
1665 1.8683869496595524
1666 1.8683869496595524
1667 3.5698052177955013
1668 3.5698052177955013
1669 3.5698052177955013
1670 2.857972308458087
1671 2.857972308458087
1672 2.857972308458087
1673 2.4494969506832094
1674 2.4494969506832094
1675 2.4494969506832094
1676 2.24641635509768
1677 2.24641635509768
1678 2.24641635509768
1679 2.331311017724999
1680 2.331311017724999
1681 2.331311017724999
1682 2.4206498625160946
1683 2.4206498625160946
1684 2.4206498625160946
1685 2.59641440345411
1686 2.59641440345411
1687 2.59641440345411
1688 2.076783688809824
1689 2.076783688809824
1690 2.076783688809824
1691 3.692876606856797
1692 3.692876606856797
1693 3.692876606856797
1694 0.848263224556606
1695 0.848263224556606
1696 0.848263224556606
1697 4.222762897901054
1698 4.222762897901054
1699 4.222762897901054
1700 5.179892810860906
1701 5.179892810860906
1702 5.179892810860906
1703 3.7871446524873704
1704 3.7871446524873704
1705 3.7871446524873704
1706 3.2525125005920317
1707 3.2525125005920317
1708 3.2525125005920317
1709 4.861990960467416
1710 4.861990960467416
1711 4.861990960467416
1712 2.2046391489636106
1713 2.2046391489636106
1714 2.2046391489636106
1715 4.548442660223319
1716 4.548442660223319
1717 4.548442660223319
1718 3.964614345280848
1719 3.964614345280848
1720 3.964614345280848
1721 3.669222638640419
1722 3.669222638640419
1723 3.669222638640419
1724 3.3944286991714323
1725 3.3944286991714323
1726 3.3944286991714323
1727 3.381809152011108
1728 3.381809152011108
1729 3.381809152011108
1730 2.7846834227975226
1731 2.7846834227975226
1732 2.7846834227975226
1733 3.8379705067081584
1734 3.8379705067081584
1735 3.8379705067081584
1736 3.947989797211728
1737 3.947989797211728
1738 3.947989797211728
1739 3.8595776777220236
1740 3.8595776777220236
1741 3.8595776777220236
1742 3.996143849127287
1743 3.996143849127287
1744 3.996143849127287
1745 2.035678648015622
1746 2.035678648015622
1747 2.035678648015622
1748 3.016513356099562
1749 3.016513356099562
1750 3.016513356099562
1751 3.181585430734045
1752 3.181585430734045
1753 3.181585430734045
1754 5.132669987338923
1755 5.132669987338923
1756 5.132669987338923
1757 2.371294214190093
1758 2.371294214190093
1759 2.371294214190093
1760 4.138867604658369
1761 4.138867604658369
1762 4.138867604658369
1763 4.202738774197558
1764 4.202738774197558
1765 4.202738774197558
1766 2.5938827324715588
1767 2.5938827324715588
1768 2.5938827324715588
1769 4.243053425589107
1770 4.243053425589107
1771 4.243053425589107
1772 5.004992727757759
1773 5.004992727757759
1774 5.004992727757759
1775 3.523386258648017
1776 3.523386258648017
1777 3.523386258648017
1778 2.1678467546429188
1779 2.1678467546429188
1780 2.1678467546429188
1781 2.385611933798866
1782 2.385611933798866
1783 2.385611933798866
1784 2.504010898142896
1785 2.504010898142896
1786 2.504010898142896
1787 3.176554067741795
1788 3.176554067741795
1789 3.176554067741795
1790 2.8119596411359744
1791 0.6794018352150575
1792 0.6794018352150575
1793 0.6794018352150575
1794 0.7287235404415591
1795 0.7287235404415591
1796 0.7287235404415591
1797 0.7491710418988432
1798 0.7491710418988432
1799 0.7491710418988432
1800 0.6987215621943468
1801 0.6987215621943468
1802 0.6987215621943468
1803 0.4624738891522122
1804 0.4624738891522122
1805 0.4624738891522122
1806 0.6847316471088905
1807 0.6847316471088905
1808 0.6847316471088905
1809 0.6092475487207962
1810 0.6092475487207962
1811 0.6092475487207962
1812 0.7663496777662686
1813 0.7663496777662686
1814 0.7663496777662686
1815 0.8489934054130638
1816 0.8489934054130638
1817 0.8489934054130638
1818 0.5546473248908033
1819 0.5546473248908033
1820 0.5546473248908033
1821 0.643123970611961
1822 0.643123970611961
1823 0.643123970611961
1824 0.7706964792389744
1825 0.7706964792389744
1826 0.7706964792389744
1827 0.534426040927223
1828 0.534426040927223
1829 0.534426040927223
1830 0.6964592376990754
1831 0.6964592376990754
1832 0.6964592376990754
1833 0.9163657882033159
1834 0.9163657882033159
1835 0.9163657882033159
1836 0.9024615794363191
1837 0.9024615794363191
1838 0.9024615794363191
1839 0.681453226924485
1840 0.681453226924485
1841 0.681453226924485
1842 0.7773276815152863
1843 0.7773276815152863
1844 0.7773276815152863
1845 0.35646235299804674
1846 0.35646235299804674
1847 0.35646235299804674
1848 0.8324450686133722
1849 0.8324450686133722
1850 0.8324450686133722
1851 0.7501858524093017
1852 0.7501858524093017
1853 0.7501858524093017
1854 0.7450306922585385
1855 0.7450306922585385
1856 0.7450306922585385
1857 0.6213112887787616
1858 0.6213112887787616
1859 0.6213112887787616
1860 0.7278136082497995
1861 0.7278136082497995
1862 2.3960766276753507
1863 2.3960766276753507
1864 2.3960766276753507
1865 3.0995634816188318
1866 3.0995634816188318
1867 3.0995634816188318
1868 4.887384477183545
1869 4.887384477183545
1870 4.887384477183545
1871 2.7203123100252924
1872 2.7203123100252924
1873 2.7203123100252924
1874 3.484302635796492
1875 3.484302635796492
1876 3.484302635796492
1877 2.6048220182358666
1878 2.6048220182358666
1879 2.6048220182358666
1880 4.261652558860023
1881 4.261652558860023
1882 4.261652558860023
1883 2.984234975620482
1884 2.984234975620482
1885 2.984234975620482
1886 2.9174279952357707
1887 2.9174279952357707
1888 2.9174279952357707
1889 2.0199209032990644
1890 2.0199209032990644
1891 2.0199209032990644
1892 2.5577701391165313
1893 2.5577701391165313
1894 2.5577701391165313
1895 3.725297946850879
1896 3.725297946850879
1897 3.725297946850879
1898 2.140831451679975
1899 2.140831451679975
1900 2.140831451679975
1901 2.994081286720227
1902 2.994081286720227
1903 2.994081286720227
1904 3.0575234219030536
1905 3.0575234219030536
1906 3.0575234219030536
1907 2.54016810347251
1908 2.54016810347251
1909 2.54016810347251
1910 3.8447277742175374
1911 3.8447277742175374
1912 3.8447277742175374
1913 2.6624598519629634
1914 2.6624598519629634
1915 2.6624598519629634
1916 1.1101396135971477
1917 1.1101396135971477
1918 1.1101396135971477
1919 2.6801352882442315
1920 2.6801352882442315
1921 2.6801352882442315
1922 3.4907745211963537
1923 3.4907745211963537
1924 3.4907745211963537
1925 2.883210470723152
1926 2.883210470723152
1927 2.883210470723152
1928 1.9726421626227038
1929 1.9726421626227038
1930 1.9726421626227038
1931 3.9661876347229637
1932 3.9661876347229637
1933 3.9661876347229637
1934 3.5925876309918414
1935 3.5925876309918414
1936 3.5925876309918414
1937 2.7399066631799887
1938 2.7399066631799887
1939 2.7399066631799887
1940 3.246153265764396
1941 3.246153265764396
1942 3.246153265764396
1943 4.217512566954571
1944 4.217512566954571
1945 4.217512566954571
1946 1.7168758944891844
1947 1.7168758944891844
1948 1.7168758944891844
1949 1.5087313958759587
1950 1.5087313958759587
1951 1.5087313958759587
1952 2.4247611154735127
1953 2.4247611154735127
1954 2.4247611154735127
1955 2.962814737992315
1956 2.962814737992315
1957 2.7758439954517122
1958 2.7758439954517122
1959 2.7758439954517122
1960 3.274813040974348
1961 3.274813040974348
1962 3.274813040974348
1963 4.2179935044047365
1964 4.2179935044047365
1965 4.2179935044047365
1966 2.7281162308097437
1967 2.7281162308097437
1968 2.7281162308097437
1969 3.210970362395331
1970 3.210970362395331
1971 3.210970362395331
1972 2.9246574778089536
1973 2.9246574778089536
1974 2.9246574778089536
1975 1.743510478371395
1976 1.743510478371395
1977 1.743510478371395
1978 3.817170119479025
1979 3.817170119479025
1980 3.817170119479025
1981 5.0327803491064165
1982 5.0327803491064165
1983 5.0327803491064165
1984 3.3491973790233303
1985 3.3491973790233303
1986 3.3491973790233303
1987 4.110944827804508
1988 4.110944827804508
1989 4.110944827804508
1990 3.46615891219037
1991 3.46615891219037
1992 3.46615891219037
1993 2.640716093540567
1994 2.640716093540567
1995 2.640716093540567
1996 1.8051342406197175
1997 1.8051342406197175
1998 1.8051342406197175
1999 3.8140940432974886
