0 2.7537917419997022
1 2.7537917419997022
2 2.7537917419997022
3 2.7537917419997022
4 1.5177438117135598
5 1.5177438117135598
6 1.5177438117135598
7 1.5177438117135598
8 4.267182425550269
9 4.267182425550269
10 4.267182425550269
11 4.267182425550269
12 4.529478905105238
13 4.529478905105238
14 4.529478905105238
15 4.529478905105238
16 3.5872793443550033
17 3.5872793443550033
18 3.5872793443550033
19 3.5872793443550033
20 6.370831420040545
21 6.370831420040545
22 6.370831420040545
23 6.370831420040545
24 2.984512467147619
25 2.984512467147619
26 2.984512467147619
27 2.984512467147619
28 3.9885738897429603
29 3.9885738897429603
30 3.9885738897429603
31 3.9885738897429603
32 3.2603785617124474
33 3.2603785617124474
34 3.2603785617124474
35 3.2603785617124474
36 3.723566862246241
37 3.723566862246241
38 3.723566862246241
39 3.723566862246241
40 4.659691636796786
41 4.659691636796786
42 4.659691636796786
43 4.659691636796786
44 4.142833725596318
45 4.142833725596318
46 4.142833725596318
47 4.142833725596318
48 5.347939002436707
49 5.347939002436707
50 5.347939002436707
51 5.347939002436707
52 4.551216131836359
53 4.551216131836359
54 4.551216131836359
55 4.551216131836359
56 1.1236291112957866
57 1.1236291112957866
58 1.1236291112957866
59 1.1236291112957866
60 4.34596203208694
61 4.34596203208694
62 4.34596203208694
63 1.2867751738749549
64 1.2867751738749549
65 1.2867751738749549
66 1.2867751738749549
67 1.347992191754445
68 1.347992191754445
69 1.347992191754445
70 1.347992191754445
71 1.519485869967131
72 1.519485869967131
73 1.519485869967131
74 1.519485869967131
75 1.219518748349302
76 1.219518748349302
77 1.219518748349302
78 1.219518748349302
79 1.3779342288438274
80 1.3779342288438274
81 1.3779342288438274
82 1.3779342288438274
83 1.0450430802310389
84 1.0450430802310389
85 1.0450430802310389
86 1.0450430802310389
87 2.281806294974934
88 2.281806294974934
89 2.281806294974934
90 2.281806294974934
91 2.2668772787712306
92 2.2668772787712306
93 2.2668772787712306
94 2.2668772787712306
95 2.2384068746477093
96 2.2384068746477093
97 2.2384068746477093
98 2.2384068746477093
99 0.1
100 0.1
101 0.1
102 0.1
103 1.9247029718320867
104 1.9247029718320867
105 1.9247029718320867
106 1.9247029718320867
107 1.7831002126617892
108 1.7831002126617892
109 1.7831002126617892
110 1.7831002126617892
111 1.6577284456743664
112 1.6577284456743664
113 1.6577284456743664
114 1.6577284456743664
115 1.9478019235703359
116 1.9478019235703359
117 1.9478019235703359
118 1.9478019235703359
119 1.902309211010178
120 1.902309211010178
121 1.902309211010178
122 1.902309211010178
123 1.5353590600011218
124 1.5353590600011218
125 1.5353590600011218
126 1.5353590600011218
127 1.3222409550277985
128 1.3222409550277985
129 1.3222409550277985
130 1.3222409550277985
131 1.0692446929219905
132 1.0692446929219905
133 1.0692446929219905
134 1.0692446929219905
135 1.4815700009699084
136 1.4815700009699084
137 1.4815700009699084
138 1.4815700009699084
139 2.5646326902831973
140 2.5646326902831973
141 2.5646326902831973
142 2.5646326902831973
143 1.6556835573913171
144 1.6556835573913171
145 1.6556835573913171
146 1.6556835573913171
147 1.4284524326584784
148 1.4284524326584784
149 1.4284524326584784
150 1.4284524326584784
151 2.643825911308618
152 2.643825911308618
153 2.643825911308618
154 2.643825911308618
155 2.0886243394468917
156 2.0886243394468917
157 2.0886243394468917
158 2.0886243394468917
159 1.5990579451024318
160 1.5990579451024318
161 1.5990579451024318
162 1.5990579451024318
163 1.498449384887062
164 1.498449384887062
165 1.498449384887062
166 1.498449384887062
167 1.7491804797544783
168 1.7491804797544783
169 1.7491804797544783
170 1.7491804797544783
171 2.078782933849482
172 2.078782933849482
173 2.078782933849482
174 2.078782933849482
175 0.7073389734349187
176 0.7073389734349187
177 0.7073389734349187
178 0.7073389734349187
179 0.8715512770690077
180 0.8715512770690077
181 0.8715512770690077
182 0.8715512770690077
183 0.8321413977140525
184 0.8321413977140525
185 0.8321413977140525
186 0.8321413977140525
187 0.9567465677446624
188 0.9567465677446624
189 0.9567465677446624
190 0.9567465677446624
191 1.5921211513382916
192 1.5921211513382916
193 1.5921211513382916
194 1.5921211513382916
195 1.540457248866727
196 1.540457248866727
197 1.540457248866727
198 1.540457248866727
199 0.7973515121620044
200 0.7973515121620044
201 0.7973515121620044
202 0.7973515121620044
203 1.728126153352973
204 1.728126153352973
205 1.728126153352973
206 1.728126153352973
207 1.8567733460061207
208 1.8567733460061207
209 1.8567733460061207
210 1.8567733460061207
211 1.0161602917397223
212 1.0161602917397223
213 1.0161602917397223
214 1.0161602917397223
215 1.6845865477129718
216 1.6845865477129718
217 1.6845865477129718
218 1.6845865477129718
219 1.7227429886714771
220 1.7227429886714771
221 1.7227429886714771
222 1.7227429886714771
223 1.1188499746133296
224 1.1188499746133296
225 1.1188499746133296
226 1.1188499746133296
227 1.4648955307291454
228 1.4648955307291454
229 1.4648955307291454
230 1.4648955307291454
231 0.5862940241359023
232 0.5862940241359023
233 0.5862940241359023
234 0.5862940241359023
235 1.783633242866896
236 1.783633242866896
237 1.783633242866896
238 1.783633242866896
239 2.0705778655141387
240 2.0705778655141387
241 2.0705778655141387
242 2.0705778655141387
243 0.9284624759713028
244 0.9284624759713028
245 0.9284624759713028
246 0.9284624759713028
247 0.5402829195296819
248 0.5402829195296819
249 0.5402829195296819
250 0.5402829195296819
251 0.4563080060952136
252 0.4563080060952136
253 0.4563080060952136
254 0.4563080060952136
255 2.298557642862844
256 2.298557642862844
257 2.298557642862844
258 2.298557642862844
259 0.8646896245846293
260 0.8646896245846293
261 0.8646896245846293
262 0.8646896245846293
263 1.2211613982341802
264 1.2211613982341802
265 1.2211613982341802
266 1.2211613982341802
267 0.1
268 0.1
269 0.1
270 0.1
271 0.8496004810385861
272 0.8496004810385861
273 0.8496004810385861
274 0.8496004810385861
275 1.405447251068286
276 1.405447251068286
277 1.405447251068286
278 1.405447251068286
279 1.7563049543073475
280 1.7563049543073475
281 1.7563049543073475
282 1.7563049543073475
283 0.8601565320601019
284 0.8601565320601019
285 0.8601565320601019
286 0.8601565320601019
287 1.262932626731292
288 1.262932626731292
289 1.262932626731292
290 1.262932626731292
291 1.3861462087660859
292 1.3861462087660859
293 1.3861462087660859
294 1.3861462087660859
295 1.0745338595081277
296 1.0745338595081277
297 1.0745338595081277
298 1.0745338595081277
299 1.9601209196773584
300 1.9601209196773584
301 1.9601209196773584
302 1.9601209196773584
303 1.4032534522776918
304 1.4032534522776918
305 1.4032534522776918
306 1.4032534522776918
307 0.888304432683266
308 0.888304432683266
309 0.888304432683266
310 0.888304432683266
311 1.3638351664781707
312 1.3638351664781707
313 1.3638351664781707
314 1.3638351664781707
315 1.7180011451965764
316 1.7180011451965764
317 1.7180011451965764
318 1.7180011451965764
319 2.7088569863853524
320 2.7088569863853524
321 2.7088569863853524
322 2.7088569863853524
323 1.591990498284492
324 1.591990498284492
325 1.591990498284492
326 1.591990498284492
327 2.9484033506237743
328 2.9484033506237743
329 2.9484033506237743
330 2.9484033506237743
331 1.858044947746487
332 1.858044947746487
333 1.858044947746487
334 1.858044947746487
335 1.2512631161323662
336 1.2512631161323662
337 1.2512631161323662
338 1.2512631161323662
339 0.8288073954683278
340 0.8288073954683278
341 0.8288073954683278
342 0.8288073954683278
343 2.1313908111723467
344 2.1313908111723467
345 2.1313908111723467
346 2.1313908111723467
347 0.6425938528210703
348 0.6425938528210703
349 0.6425938528210703
350 0.6425938528210703
351 0.5654809652368096
352 0.5654809652368096
353 0.5654809652368096
354 0.5654809652368096
355 0.9779422832310815
356 0.9779422832310815
357 0.9779422832310815
358 0.9779422832310815
359 2.073995905786826
360 2.073995905786826
361 2.073995905786826
362 2.073995905786826
363 0.4817655495646773
364 0.4817655495646773
365 0.4817655495646773
366 0.4817655495646773
367 3.5561836675691683
368 3.5561836675691683
369 3.5561836675691683
370 3.5561836675691683
371 2.572353764189604
372 2.572353764189604
373 2.572353764189604
374 2.572353764189604
375 3.490036101398081
376 3.490036101398081
377 3.490036101398081
378 3.490036101398081
379 0.12423009197788248
380 0.12423009197788248
381 0.12423009197788248
382 0.12423009197788248
383 3.451692431024677
384 3.451692431024677
385 3.451692431024677
386 3.451692431024677
387 3.9884759490643757
388 3.9884759490643757
389 3.9884759490643757
390 3.9884759490643757
391 3.4142044506695988
392 3.4142044506695988
393 3.4142044506695988
394 3.4142044506695988
395 3.9857505036626995
396 3.9857505036626995
397 3.9857505036626995
398 3.9857505036626995
399 6.385537768078274
400 6.385537768078274
401 6.385537768078274
402 6.385537768078274
403 3.307274661353459
404 3.307274661353459
405 3.307274661353459
406 3.307274661353459
407 2.109504263385791
408 2.109504263385791
409 2.109504263385791
410 3.412772728764351
411 3.412772728764351
412 3.412772728764351
413 3.412772728764351
414 2.639934889841007
415 2.639934889841007
416 2.639934889841007
417 2.639934889841007
418 2.6583220424930776
419 2.6583220424930776
420 2.6583220424930776
421 2.6583220424930776
422 2.728596141193525
423 2.728596141193525
424 2.728596141193525
425 2.728596141193525
426 1.2465109765930875
427 1.2465109765930875
428 1.2465109765930875
429 1.2465109765930875
430 1.8162104181189873
431 1.8162104181189873
432 1.8162104181189873
433 1.8162104181189873
434 2.192278496907934
435 2.192278496907934
436 2.192278496907934
437 2.192278496907934
438 1.2569582515191566
439 1.2569582515191566
440 1.2569582515191566
441 1.2569582515191566
442 3.2242184268114853
443 3.2242184268114853
444 3.2242184268114853
445 3.2242184268114853
446 2.6558962024307142
447 2.6558962024307142
448 2.6558962024307142
449 2.6558962024307142
450 1.3100430094471478
451 1.3100430094471478
452 1.3100430094471478
453 1.3100430094471478
454 1.1801579159135434
455 1.1801579159135434
456 1.1801579159135434
457 1.1801579159135434
458 1.6085746664496834
459 1.6085746664496834
460 1.6085746664496834
461 1.6085746664496834
462 1.721550713385803
463 1.721550713385803
464 1.721550713385803
465 1.721550713385803
466 1.5116400632662699
467 1.5116400632662699
468 1.5116400632662699
469 1.5116400632662699
470 3.049157155091751
471 3.049157155091751
472 3.049157155091751
473 3.049157155091751
474 1.7698107983772233
475 1.7698107983772233
476 1.7698107983772233
477 1.7698107983772233
478 3.462548896640281
479 3.462548896640281
480 3.462548896640281
481 3.462548896640281
482 1.6765283973252076
483 1.6765283973252076
484 1.6765283973252076
485 1.6765283973252076
486 2.085332407654214
487 2.085332407654214
488 2.085332407654214
489 2.085332407654214
490 0.9762437199871097
491 0.9762437199871097
492 0.9762437199871097
493 0.9762437199871097
494 1.3280996845649389
495 1.152227433030175
496 1.152227433030175
497 1.152227433030175
498 1.152227433030175
499 1.0082462284752614
500 1.0082462284752614
501 1.0082462284752614
502 1.0082462284752614
503 4.181307919962991
504 4.181307919962991
505 4.181307919962991
506 4.181307919962991
507 2.4924513229708682
508 2.4924513229708682
509 2.4924513229708682
510 2.4924513229708682
511 2.119762957939768
512 2.119762957939768
513 2.119762957939768
514 2.119762957939768
515 1.6431266735093963
516 1.6431266735093963
517 1.6431266735093963
518 1.6431266735093963
519 3.3362282209274206
520 3.3362282209274206
521 3.3362282209274206
522 3.3362282209274206
523 2.993715163352176
524 2.993715163352176
525 2.993715163352176
526 2.993715163352176
527 2.1877081383030132
528 2.1877081383030132
529 2.1877081383030132
530 2.1877081383030132
531 2.9915586194698034
532 2.9915586194698034
533 2.9915586194698034
534 2.9915586194698034
535 2.20455484786571
536 2.20455484786571
537 2.20455484786571
538 2.20455484786571
539 1.0300914506269336
540 1.0300914506269336
541 1.0300914506269336
542 1.0300914506269336
543 0.645700726303662
544 0.645700726303662
545 0.645700726303662
546 0.645700726303662
547 2.034094964986297
548 2.034094964986297
549 2.034094964986297
550 2.034094964986297
551 3.6171082409301274
552 3.6171082409301274
553 3.6171082409301274
554 3.6171082409301274
555 3.760141188829108
556 3.760141188829108
557 3.760141188829108
558 3.760141188829108
559 3.029383431503261
560 3.029383431503261
561 3.029383431503261
562 3.029383431503261
563 2.014894501069864
564 2.014894501069864
565 2.014894501069864
566 2.014894501069864
567 5.036236349773228
568 5.036236349773228
569 5.036236349773228
570 5.036236349773228
571 2.2659630353314912
572 2.2659630353314912
573 2.2659630353314912
574 2.2659630353314912
575 1.467976301632406
576 1.467976301632406
577 1.467976301632406
578 1.467976301632406
579 1.643272654096085
580 1.643272654096085
581 1.643272654096085
582 1.643272654096085
583 4.037043198407023
584 4.037043198407023
585 4.037043198407023
586 4.037043198407023
587 3.7909438827007738
588 3.7909438827007738
589 3.7909438827007738
590 3.7909438827007738
591 4.0196020791391
592 4.0196020791391
593 4.0196020791391
594 4.0196020791391
595 3.0738202706913977
596 3.0738202706913977
597 3.0738202706913977
598 3.0738202706913977
599 1.9381445624331486
600 1.9381445624331486
601 1.9381445624331486
602 1.9381445624331486
603 2.8000894890993933
604 2.8000894890993933
605 2.8000894890993933
606 2.8000894890993933
607 2.7859179717848295
608 2.7859179717848295
609 2.7859179717848295
610 2.7859179717848295
611 2.100511448550509
612 2.100511448550509
613 2.100511448550509
614 2.100511448550509
615 3.1899847257190546
616 3.1899847257190546
617 3.1899847257190546
618 3.1899847257190546
619 2.4821370435205776
620 2.4821370435205776
621 2.4821370435205776
622 2.4821370435205776
623 1.2466316306587746
624 1.2466316306587746
625 1.2466316306587746
626 1.2466316306587746
627 4.216971639499155
628 4.216971639499155
629 4.216971639499155
630 4.216971639499155
631 1.8516552152037313
632 1.8516552152037313
633 1.8516552152037313
634 1.8516552152037313
635 1.5406233584101887
636 1.5406233584101887
637 1.5406233584101887
638 1.5406233584101887
639 2.4664021588250087
640 2.4664021588250087
641 2.4664021588250087
642 2.4664021588250087
643 3.095564960367364
644 3.095564960367364
645 3.095564960367364
646 3.095564960367364
647 2.88844304161243
648 2.88844304161243
649 2.88844304161243
650 2.88844304161243
651 1.8855921118217753
652 1.800859627607789
653 1.800859627607789
654 1.800859627607789
655 1.800859627607789
656 2.27773217723811
657 2.27773217723811
658 2.27773217723811
659 2.27773217723811
660 2.9563659050407836
661 2.9563659050407836
662 2.9563659050407836
663 2.9563659050407836
664 3.3469024812737915
665 3.3469024812737915
666 3.3469024812737915
667 3.3469024812737915
668 2.236637665357327
669 2.236637665357327
670 2.236637665357327
671 2.236637665357327
672 2.7205415316655768
673 2.7205415316655768
674 2.7205415316655768
675 2.7205415316655768
676 1.5092912801838145
677 1.5092912801838145
678 1.5092912801838145
679 1.5092912801838145
680 0.6698892051778285
681 0.6698892051778285
682 0.6698892051778285
683 0.6698892051778285
684 3.6074013567180367
685 3.6074013567180367
686 3.6074013567180367
687 3.6074013567180367
688 3.3020008640042837
689 3.3020008640042837
690 3.3020008640042837
691 3.3020008640042837
692 2.087356520401479
693 2.087356520401479
694 2.087356520401479
695 2.087356520401479
696 4.532590943391872
697 4.532590943391872
698 4.532590943391872
699 4.532590943391872
700 4.257110195217017
701 4.257110195217017
702 4.257110195217017
703 4.257110195217017
704 2.3947117049282998
705 2.3947117049282998
706 2.3947117049282998
707 2.3947117049282998
708 2.1385723877367697
709 2.1385723877367697
710 2.1385723877367697
711 2.1385723877367697
712 3.2808796605060198
713 3.2808796605060198
714 3.2808796605060198
715 3.2808796605060198
716 2.1007964559958876
717 2.1007964559958876
718 2.1007964559958876
719 2.1007964559958876
720 2.665132282819542
721 2.665132282819542
722 2.665132282819542
723 2.665132282819542
724 2.4028018141291057
725 2.4028018141291057
726 2.4028018141291057
727 2.4028018141291057
728 1.4815789497400575
729 1.4815789497400575
730 1.4815789497400575
731 1.4815789497400575
732 2.085065885677712
733 2.085065885677712
734 2.085065885677712
735 2.085065885677712
736 6.090965286863511
737 6.090965286863511
738 6.090965286863511
739 6.090965286863511
740 3.4823885095864826
741 3.4823885095864826
742 3.4823885095864826
743 3.4823885095864826
744 1.1793092534667153
745 1.1793092534667153
746 1.1793092534667153
747 1.1793092534667153
748 2.9672604621560494
749 2.9672604621560494
750 2.9672604621560494
751 2.9672604621560494
752 2.8374902105572533
753 2.8374902105572533
754 2.8374902105572533
755 2.8374902105572533
756 2.897528927390934
757 2.897528927390934
758 2.897528927390934
759 2.897528927390934
760 3.7638620569513677
761 3.7638620569513677
762 3.7638620569513677
763 3.7638620569513677
764 3.4283506959707757
765 3.4283506959707757
766 3.4283506959707757
767 3.4283506959707757
768 3.6082019060246444
769 3.6082019060246444
770 3.6082019060246444
771 3.6082019060246444
772 2.002799280593827
773 2.002799280593827
774 2.002799280593827
775 2.002799280593827
776 1.1113810948218805
777 1.1113810948218805
778 1.1113810948218805
779 1.1113810948218805
780 2.283115546111306
781 2.283115546111306
782 2.283115546111306
783 2.283115546111306
784 2.197661297447176
785 2.197661297447176
786 2.197661297447176
787 2.197661297447176
788 4.13724908723239
789 4.13724908723239
790 4.13724908723239
791 4.13724908723239
792 1.845867347760905
793 1.845867347760905
794 1.845867347760905
795 1.845867347760905
796 2.8504615417110126
797 2.8504615417110126
798 2.8504615417110126
799 2.8504615417110126
800 4.668297512338988
801 4.668297512338988
802 4.668297512338988
803 4.668297512338988
804 3.582450195699984
805 3.582450195699984
806 3.582450195699984
807 3.582450195699984
808 3.0053095987894163
809 3.0053095987894163
810 3.0053095987894163
811 3.0053095987894163
812 1.5038682736704114
813 1.5038682736704114
814 1.5038682736704114
815 1.5038682736704114
816 1.8282979448710421
817 1.8282979448710421
818 1.8282979448710421
819 1.8282979448710421
820 3.2195030147654684
821 3.2195030147654684
822 3.2195030147654684
823 3.2195030147654684
824 2.85267384011733
825 2.85267384011733
826 2.85267384011733
827 2.85267384011733
828 2.7626472187981945
829 2.7626472187981945
830 2.7626472187981945
831 2.7626472187981945
832 2.651533860282798
833 2.651533860282798
834 2.651533860282798
835 2.651533860282798
836 4.293150460962125
837 4.293150460962125
838 4.293150460962125
839 4.293150460962125
840 2.3232253423291036
841 2.3232253423291036
842 2.3232253423291036
843 2.3232253423291036
844 2.795561486266379
845 2.795561486266379
846 2.795561486266379
847 2.795561486266379
848 2.523634754058019
849 2.523634754058019
850 2.523634754058019
851 2.523634754058019
852 4.063498119642017
853 4.063498119642017
854 4.063498119642017
855 4.063498119642017
856 2.5421441682894197
857 2.5421441682894197
858 2.5421441682894197
859 2.5421441682894197
860 3.3405130256148463
861 3.3405130256148463
862 3.3405130256148463
863 3.3405130256148463
864 5.073324725470834
865 5.073324725470834
866 5.073324725470834
867 5.073324725470834
868 3.7349614051293085
869 3.7349614051293085
870 3.7349614051293085
871 3.7349614051293085
872 2.0946079285275427
873 2.0946079285275427
874 2.0946079285275427
875 2.0946079285275427
876 1.2927248272490994
877 1.2927248272490994
878 1.2927248272490994
879 1.2927248272490994
880 1.6253833987111708
881 1.6253833987111708
882 1.6253833987111708
883 1.6253833987111708
884 2.9779806866090803
885 2.9779806866090803
886 2.9779806866090803
887 2.9779806866090803
888 1.3794762475285856
889 1.3794762475285856
890 1.3794762475285856
891 1.3794762475285856
892 1.9680028556519773
893 1.9680028556519773
894 1.9680028556519773
895 1.9680028556519773
896 1.8958714237454266
897 1.8958714237454266
898 1.8958714237454266
899 1.8958714237454266
900 1.2690397929631105
901 1.2690397929631105
902 1.2690397929631105
903 1.2690397929631105
904 1.6677571408386427
905 1.6677571408386427
906 1.6677571408386427
907 1.6677571408386427
908 1.2378798189587061
909 1.2378798189587061
910 1.2378798189587061
911 1.2378798189587061
912 2.9750857483376287
913 2.9750857483376287
914 2.9750857483376287
915 2.9750857483376287
916 2.020143140071573
917 2.020143140071573
918 2.020143140071573
919 2.020143140071573
920 1.3760372466068111
921 1.3760372466068111
922 1.3760372466068111
923 1.3760372466068111
924 2.466837738229926
925 2.466837738229926
926 2.466837738229926
927 2.466837738229926
928 3.9855777891574204
929 3.9855777891574204
930 3.9855777891574204
931 3.9855777891574204
932 1.2177787594685106
933 1.2177787594685106
934 1.2177787594685106
935 1.2177787594685106
936 2.6002011190911984
937 2.6002011190911984
938 2.6002011190911984
939 2.6002011190911984
940 2.1949240739555647
941 2.1949240739555647
942 2.1949240739555647
943 2.1949240739555647
944 2.7460576633118245
945 2.7460576633118245
946 2.7460576633118245
947 2.7460576633118245
948 1.8200260122771583
949 1.8200260122771583
950 1.8200260122771583
951 1.8200260122771583
952 2.291945006358537
953 2.291945006358537
954 2.291945006358537
955 2.291945006358537
956 0.1
957 0.1
958 0.1
959 0.1
960 2.007729404963133
961 2.007729404963133
962 2.007729404963133
963 2.007729404963133
964 1.52608179078976
965 1.52608179078976
966 1.52608179078976
967 1.52608179078976
968 2.2265937728846446
969 2.2265937728846446
970 2.2265937728846446
971 2.2265937728846446
972 1.6453749702170606
973 1.6453749702170606
974 1.6453749702170606
975 1.6453749702170606
976 1.1725594480563204
977 1.1725594480563204
978 1.1725594480563204
979 1.1725594480563204
980 0.4602707178948271
981 0.4602707178948271
982 0.4602707178948271
983 0.4602707178948271
984 1.659832183028213
985 1.659832183028213
986 1.659832183028213
987 1.659832183028213
988 2.7363353996122783
989 2.7363353996122783
990 2.7363353996122783
991 2.7363353996122783
992 2.8002390058939968
993 2.8002390058939968
994 2.8002390058939968
995 2.8002390058939968
996 0.816244179909497
997 0.816244179909497
998 0.816244179909497
999 0.816244179909497
1000 2.21162018513561
1001 2.21162018513561
1002 2.21162018513561
1003 2.21162018513561
1004 2.181918696607481
1005 2.181918696607481
1006 2.181918696607481
1007 2.181918696607481
1008 1.9604886548183844
1009 1.9604886548183844
1010 1.9604886548183844
1011 1.9604886548183844
1012 2.3237938111391157
1013 2.3237938111391157
1014 2.3237938111391157
1015 2.3237938111391157
1016 1.977457499258493
1017 1.977457499258493
1018 1.977457499258493
1019 1.977457499258493
1020 2.3848471188298577
1021 2.3848471188298577
1022 2.3848471188298577
1023 2.3848471188298577
1024 2.351553284300091
1025 2.351553284300091
1026 2.351553284300091
1027 2.351553284300091
1028 1.4259383347835253
1029 1.4259383347835253
1030 1.4259383347835253
1031 1.4259383347835253
1032 1.4909840861319257
1033 1.4909840861319257
1034 1.4909840861319257
1035 1.4909840861319257
1036 1.1311598209244187
1037 1.1311598209244187
1038 1.1311598209244187
1039 1.1311598209244187
1040 2.9072066996782
1041 2.9072066996782
1042 2.9072066996782
1043 2.9072066996782
1044 2.7082016988565583
1045 2.7082016988565583
1046 2.7082016988565583
1047 2.7082016988565583
1048 2.814806156796436
1049 0.1
1050 0.1
1051 0.1
1052 0.1
1053 4.459139916790052
1054 4.459139916790052
1055 4.459139916790052
1056 4.459139916790052
1057 3.0325019018071484
1058 3.0325019018071484
1059 3.0325019018071484
1060 3.0325019018071484
1061 4.164584749920479
1062 4.164584749920479
1063 4.164584749920479
1064 4.164584749920479
1065 4.858965066408016
1066 4.858965066408016
1067 4.858965066408016
1068 4.858965066408016
1069 3.373445608720677
1070 3.373445608720677
1071 3.373445608720677
1072 3.373445608720677
1073 5.379844354687083
1074 5.379844354687083
1075 5.379844354687083
1076 5.379844354687083
1077 2.12497001041008
1078 2.12497001041008
1079 2.12497001041008
1080 2.12497001041008
1081 3.1258552452795794
1082 3.1258552452795794
1083 3.1258552452795794
1084 3.1258552452795794
1085 4.854634190696903
1086 4.854634190696903
1087 4.854634190696903
1088 4.854634190696903
1089 2.475503960302446
1090 2.475503960302446
1091 2.475503960302446
1092 2.475503960302446
1093 3.5922774342427704
1094 3.5922774342427704
1095 3.5922774342427704
1096 3.5922774342427704
1097 4.366807165214812
1098 4.366807165214812
1099 4.366807165214812
1100 4.366807165214812
1101 3.6534330076190966
1102 3.6534330076190966
1103 3.6534330076190966
1104 3.6534330076190966
1105 5.601575410516165
1106 5.601575410516165
1107 5.601575410516165
1108 5.601575410516165
1109 3.908135269129198
1110 3.908135269129198
1111 3.908135269129198
1112 3.908135269129198
1113 6.966483449736517
1114 6.966483449736517
1115 6.966483449736517
1116 6.966483449736517
1117 0.5481529482305096
1118 0.5481529482305096
1119 0.5481529482305096
1120 0.5481529482305096
1121 1.469587860230283
1122 1.469587860230283
1123 1.469587860230283
1124 1.469587860230283
1125 1.552814376020458
1126 1.552814376020458
1127 1.552814376020458
1128 1.552814376020458
1129 3.763122630490028
1130 3.763122630490028
1131 3.763122630490028
1132 3.763122630490028
1133 1.8251722030241195
1134 1.8251722030241195
1135 1.8251722030241195
1136 1.8251722030241195
1137 5.415910034705728
1138 5.415910034705728
1139 5.415910034705728
1140 5.415910034705728
1141 3.3193997285245946
1142 3.3193997285245946
1143 3.3193997285245946
1144 3.3193997285245946
1145 3.7419291234971728
1146 2.3002670862861443
1147 2.3002670862861443
1148 2.3002670862861443
1149 2.3002670862861443
1150 1.174788521113275
1151 1.174788521113275
1152 1.174788521113275
1153 1.174788521113275
1154 1.3900774310804622
1155 1.3900774310804622
1156 1.3900774310804622
1157 1.3900774310804622
1158 1.5385316993550051
1159 1.5385316993550051
1160 1.5385316993550051
1161 1.5385316993550051
1162 0.7393365802443084
1163 0.7393365802443084
1164 0.7393365802443084
1165 0.7393365802443084
1166 1.9227418033814274
1167 1.9227418033814274
1168 1.9227418033814274
1169 1.9227418033814274
1170 1.3580914307430216
1171 1.3580914307430216
1172 1.3580914307430216
1173 1.3580914307430216
1174 1.6319543092319704
1175 1.6319543092319704
1176 1.6319543092319704
1177 1.6319543092319704
1178 1.2850331229730756
1179 1.2850331229730756
1180 1.2850331229730756
1181 1.2850331229730756
1182 1.9289250831796783
1183 1.9289250831796783
1184 1.9289250831796783
1185 1.9289250831796783
1186 1.9455853137993064
1187 1.9455853137993064
1188 1.9455853137993064
1189 1.9455853137993064
1190 2.171898463002897
1191 2.171898463002897
1192 2.171898463002897
1193 2.171898463002897
1194 2.278732594485766
1195 2.278732594485766
1196 2.278732594485766
1197 2.278732594485766
1198 3.5718077476012686
1199 3.5718077476012686
1200 3.5718077476012686
1201 3.5718077476012686
1202 1.3923029501189739
1203 1.3923029501189739
1204 1.3923029501189739
1205 1.3923029501189739
1206 2.5310559902450622
1207 2.5310559902450622
1208 2.5310559902450622
1209 2.5310559902450622
1210 1.6967212150092803
1211 1.6967212150092803
1212 1.6967212150092803
1213 1.6967212150092803
1214 1.4169625762274243
1215 1.4169625762274243
1216 1.4169625762274243
1217 1.4169625762274243
1218 1.187339995851529
1219 1.187339995851529
1220 1.187339995851529
1221 1.187339995851529
1222 2.240449116221696
1223 2.240449116221696
1224 2.240449116221696
1225 2.240449116221696
1226 2.781842807486849
1227 2.781842807486849
1228 2.781842807486849
1229 2.781842807486849
1230 1.6192556984956765
1231 1.6192556984956765
1232 1.6192556984956765
1233 1.6192556984956765
1234 1.9377687846724354
1235 1.9377687846724354
1236 1.9377687846724354
1237 1.9377687846724354
1238 1.3010932599923948
1239 1.3010932599923948
1240 1.3010932599923948
1241 1.3010932599923948
1242 1.8555389753372893
1243 1.8555389753372893
1244 1.8555389753372893
1245 1.8555389753372893
1246 1.2477768613483682
1247 1.2477768613483682
1248 1.2477768613483682
1249 1.2477768613483682
1250 1.035170047235216
1251 1.035170047235216
1252 1.035170047235216
1253 1.035170047235216
1254 2.4425406423189324
1255 2.4425406423189324
1256 2.4425406423189324
1257 2.4425406423189324
1258 0.9539300428485562
1259 0.9539300428485562
1260 0.9539300428485562
1261 0.9539300428485562
1262 0.8617349226787527
1263 0.8617349226787527
1264 0.8617349226787527
1265 0.8617349226787527
1266 1.5605249531756489
1267 1.5605249531756489
1268 1.5605249531756489
1269 1.5605249531756489
1270 1.086235334634601
1271 1.086235334634601
1272 1.086235334634601
1273 1.086235334634601
1274 2.288619434198646
1275 2.288619434198646
1276 2.288619434198646
1277 2.288619434198646
1278 1.0005421147731628
1279 1.0005421147731628
1280 1.0005421147731628
1281 1.0005421147731628
1282 1.1972228130858316
1283 1.1972228130858316
1284 1.1972228130858316
1285 1.1972228130858316
1286 2.338602891226172
1287 2.338602891226172
1288 2.338602891226172
1289 2.338602891226172
1290 0.5557939429402696
1291 0.5557939429402696
1292 0.5557939429402696
1293 0.5557939429402696
1294 1.0285005160183287
1295 1.0285005160183287
1296 1.0285005160183287
1297 1.0285005160183287
1298 0.9960557237484756
1299 0.9960557237484756
1300 0.9960557237484756
1301 0.9960557237484756
1302 2.195912252718585
1303 2.195912252718585
1304 2.195912252718585
1305 2.195912252718585
1306 2.277127156084344
1307 2.277127156084344
1308 2.277127156084344
1309 2.277127156084344
1310 2.3566116413260993
1311 2.3566116413260993
1312 2.3566116413260993
1313 2.3566116413260993
1314 1.6694314554767327
1315 1.6694314554767327
1316 1.6694314554767327
1317 1.6694314554767327
1318 2.4281266807777073
1319 2.4281266807777073
1320 2.4281266807777073
1321 2.4281266807777073
1322 2.3420240435175836
1323 2.3420240435175836
1324 2.3420240435175836
1325 2.3420240435175836
1326 1.2538520650629241
1327 1.2538520650629241
1328 1.2538520650629241
1329 1.2538520650629241
1330 1.2217896550828646
1331 1.2217896550828646
1332 1.2217896550828646
1333 1.2217896550828646
1334 1.4175331158546016
1335 1.4175331158546016
1336 1.4175331158546016
1337 1.4175331158546016
1338 1.796810403733211
1339 1.796810403733211
1340 1.796810403733211
1341 1.796810403733211
1342 1.5969075914616233
1343 1.5969075914616233
1344 1.5969075914616233
1345 1.5969075914616233
1346 1.1412911849835183
1347 1.1412911849835183
1348 1.1412911849835183
1349 1.1412911849835183
1350 1.6724564486845266
1351 1.6724564486845266
1352 1.6724564486845266
1353 1.6724564486845266
1354 1.764314675770914
1355 1.764314675770914
1356 1.764314675770914
1357 1.764314675770914
1358 1.6112112830483813
1359 1.6112112830483813
1360 1.6112112830483813
1361 1.6112112830483813
1362 1.2775747745965653
1363 1.2775747745965653
1364 1.2775747745965653
1365 1.2775747745965653
1366 1.1079470332850787
1367 1.1079470332850787
1368 1.1079470332850787
1369 1.1079470332850787
1370 2.2990828477624143
1371 2.2990828477624143
1372 2.2990828477624143
1373 2.2990828477624143
1374 2.2931728831915823
1375 2.2931728831915823
1376 2.2931728831915823
1377 2.2931728831915823
1378 1.275574039777396
1379 1.275574039777396
1380 1.275574039777396
1381 1.275574039777396
1382 1.7956059723311941
1383 1.7956059723311941
1384 1.7956059723311941
1385 1.7956059723311941
1386 2.4356992504022212
1387 2.4356992504022212
1388 2.4356992504022212
1389 2.4356992504022212
1390 1.35751755765534
1391 1.35751755765534
1392 1.35751755765534
1393 1.35751755765534
1394 1.4479524291688495
1395 1.4479524291688495
1396 1.4479524291688495
1397 1.4479524291688495
1398 1.5573286454963304
1399 1.5573286454963304
1400 1.5573286454963304
1401 1.5573286454963304
1402 2.0708246803636254
1403 2.0708246803636254
1404 2.0708246803636254
1405 2.0708246803636254
1406 1.1130858464178137
1407 1.1130858464178137
1408 1.1130858464178137
1409 1.1130858464178137
1410 1.784277977184911
1411 1.784277977184911
1412 1.784277977184911
1413 1.784277977184911
1414 0.9907215514477825
1415 0.9907215514477825
1416 0.9907215514477825
1417 0.9907215514477825
1418 1.8692242880162768
1419 1.8692242880162768
1420 1.8692242880162768
1421 1.8692242880162768
1422 1.746802220894752
1423 1.746802220894752
1424 1.746802220894752
1425 1.746802220894752
1426 0.9156306428500958
1427 0.9156306428500958
1428 0.9156306428500958
1429 0.9156306428500958
1430 1.4948584201883781
1431 1.4948584201883781
1432 1.4948584201883781
1433 1.4948584201883781
1434 2.7449167829142525
1435 2.7449167829142525
1436 2.7449167829142525
1437 2.7449167829142525
1438 1.861523482685742
1439 1.861523482685742
1440 1.861523482685742
1441 1.861523482685742
1442 0.6877255443439272
1443 0.6877255443439272
1444 0.6877255443439272
1445 0.6877255443439272
1446 0.862621600595897
1447 0.862621600595897
1448 0.862621600595897
1449 0.862621600595897
1450 0.6931674925892658
1451 0.6931674925892658
1452 0.6931674925892658
1453 0.6931674925892658
1454 2.013685168980417
1455 2.013685168980417
1456 2.013685168980417
1457 2.013685168980417
1458 1.348076440037139
1459 1.348076440037139
1460 1.348076440037139
1461 1.348076440037139
1462 1.4267306354266958
1463 1.4267306354266958
1464 1.4267306354266958
1465 1.4267306354266958
1466 1.3288318318788797
1467 1.3288318318788797
1468 1.3288318318788797
1469 1.3288318318788797
1470 0.7784761084022901
1471 0.7784761084022901
1472 0.7784761084022901
1473 0.7784761084022901
1474 1.1363502695895082
1475 1.1363502695895082
1476 1.1363502695895082
1477 1.1363502695895082
1478 0.7847870744763893
1479 0.7847870744763893
1480 0.7847870744763893
1481 0.7847870744763893
1482 1.392477147606721
1483 1.392477147606721
1484 1.392477147606721
1485 1.392477147606721
1486 1.8490295790953764
1487 1.8490295790953764
1488 1.8490295790953764
1489 1.8490295790953764
1490 0.8536188458454921
1491 0.8536188458454921
1492 0.8536188458454921
1493 0.8514299836575548
1494 0.8514299836575548
1495 0.8514299836575548
1496 0.8514299836575548
1497 0.6868303694042539
1498 0.6868303694042539
1499 0.6868303694042539
1500 0.6868303694042539
1501 0.3227300378241628
1502 0.3227300378241628
1503 0.3227300378241628
1504 0.3227300378241628
1505 0.36262836140598864
1506 0.36262836140598864
1507 0.36262836140598864
1508 0.36262836140598864
1509 0.6441463026703065
1510 0.6441463026703065
1511 0.6441463026703065
1512 0.6441463026703065
1513 0.42012237872544295
1514 0.42012237872544295
1515 0.42012237872544295
1516 1.0852912208171546
1517 1.0852912208171546
1518 1.0852912208171546
1519 1.0852912208171546
1520 1.2738339875668745
1521 1.2738339875668745
1522 1.2738339875668745
1523 1.2738339875668745
1524 1.882059687873785
1525 1.882059687873785
1526 1.882059687873785
1527 1.882059687873785
1528 1.613128268367337
1529 1.613128268367337
1530 1.613128268367337
1531 1.613128268367337
1532 0.9338079502062218
1533 0.9338079502062218
1534 0.9338079502062218
1535 0.9338079502062218
1536 1.9627726037167827
1537 1.9627726037167827
1538 1.9627726037167827
1539 1.9627726037167827
1540 2.6211892935964447
1541 2.6211892935964447
1542 2.6211892935964447
1543 2.6211892935964447
1544 2.0518729539312837
1545 2.0518729539312837
1546 2.0518729539312837
1547 2.0518729539312837
1548 1.0103530459815138
1549 1.0103530459815138
1550 1.0103530459815138
1551 1.0103530459815138
1552 2.093609740686172
1553 2.093609740686172
1554 2.093609740686172
1555 2.093609740686172
1556 2.050535274989133
1557 2.050535274989133
1558 2.050535274989133
1559 2.050535274989133
1560 1.216199838256818
1561 1.216199838256818
1562 1.216199838256818
1563 1.216199838256818
1564 0.7154304242754987
1565 0.7154304242754987
1566 0.7154304242754987
1567 0.7154304242754987
1568 2.264498845774663
1569 2.264498845774663
1570 2.264498845774663
1571 2.264498845774663
1572 0.6399574365374973
1573 0.6399574365374973
1574 0.6399574365374973
1575 0.6399574365374973
1576 2.015248676674576
1577 2.015248676674576
1578 2.015248676674576
1579 2.015248676674576
1580 1.5124499840735215
1581 1.5124499840735215
1582 1.5124499840735215
1583 1.5124499840735215
1584 2.5197946930291337
1585 2.5197946930291337
1586 2.5197946930291337
1587 2.5197946930291337
1588 2.0262738888564553
1589 2.0262738888564553
1590 2.0262738888564553
1591 2.0262738888564553
1592 1.6002592111619656
1593 1.6002592111619656
1594 1.6002592111619656
1595 1.6002592111619656
1596 2.0943029711577124
1597 2.0943029711577124
1598 2.0943029711577124
1599 2.0943029711577124
1600 1.5779484159311927
1601 1.5779484159311927
1602 1.5779484159311927
1603 1.5779484159311927
1604 2.274893011271283
1605 2.274893011271283
1606 2.274893011271283
1607 2.274893011271283
1608 1.9658192330494586
1609 1.9658192330494586
1610 1.9658192330494586
1611 1.9658192330494586
1612 1.440474151483681
1613 1.440474151483681
1614 1.440474151483681
1615 1.440474151483681
1616 2.8583581413306574
1617 2.8583581413306574
1618 2.8583581413306574
1619 2.8583581413306574
1620 1.270517444571958
1621 1.270517444571958
1622 1.270517444571958
1623 1.270517444571958
1624 1.1720704973077207
1625 1.1720704973077207
1626 1.1720704973077207
1627 1.1720704973077207
1628 1.4084332693236332
1629 1.4084332693236332
1630 1.4084332693236332
1631 1.4084332693236332
1632 2.35576655705505
1633 0.14599579952189234
1634 0.14599579952189234
1635 0.14599579952189234
1636 0.14599579952189234
1637 0.12287216145790082
1638 0.12287216145790082
1639 0.12287216145790082
1640 0.12287216145790082
1641 0.3512871654434888
1642 0.3512871654434888
1643 0.3512871654434888
1644 0.3512871654434888
1645 0.1
1646 0.1
1647 0.1
1648 0.1
1649 0.11099919923550886
1650 0.11099919923550886
1651 0.11099919923550886
1652 0.11099919923550886
1653 0.22297950949218787
1654 0.22297950949218787
1655 0.22297950949218787
1656 0.22297950949218787
1657 0.2577442822733079
1658 0.2577442822733079
1659 0.2577442822733079
1660 0.2577442822733079
1661 0.32263598880492467
1662 0.32263598880492467
1663 0.32263598880492467
1664 0.32263598880492467
1665 0.2337770891082126
1666 0.2337770891082126
1667 0.2337770891082126
1668 0.2337770891082126
1669 0.23017663857785373
1670 0.23017663857785373
1671 0.23017663857785373
1672 0.23017663857785373
1673 0.16406103578515477
1674 0.16406103578515477
1675 0.16406103578515477
1676 0.16406103578515477
1677 0.254340043514406
1678 0.254340043514406
1679 0.254340043514406
1680 0.254340043514406
1681 0.12188325659454614
1682 0.12188325659454614
1683 0.12188325659454614
1684 0.12188325659454614
1685 0.21904968298176955
1686 0.21904968298176955
1687 0.21904968298176955
1688 0.21904968298176955
1689 0.26186200664701
1690 0.26186200664701
1691 1.6486747811860731
1692 1.6486747811860731
1693 1.6486747811860731
1694 1.6486747811860731
1695 1.618507985195523
1696 3.794431736221277
1697 3.794431736221277
1698 3.794431736221277
1699 3.794431736221277
1700 0.647278291786016
1701 0.647278291786016
1702 0.647278291786016
1703 0.647278291786016
1704 2.159525510705691
1705 2.159525510705691
1706 2.159525510705691
1707 2.159525510705691
1708 1.7663487549385837
1709 1.7663487549385837
1710 1.7663487549385837
1711 1.7663487549385837
1712 0.6406299819778825
1713 0.6406299819778825
1714 0.6406299819778825
1715 0.6406299819778825
1716 2.584429480670085
1717 2.584429480670085
1718 2.584429480670085
1719 2.584429480670085
1720 2.2012642979123704
1721 2.2012642979123704
1722 2.2012642979123704
1723 2.2012642979123704
1724 2.029626366431711
1725 2.029626366431711
1726 2.029626366431711
1727 2.029626366431711
1728 2.585774442232732
1729 2.585774442232732
1730 2.585774442232732
1731 2.585774442232732
1732 3.4287887458021205
1733 3.4287887458021205
1734 3.4287887458021205
1735 3.4287887458021205
1736 1.4626986534320472
1737 1.4626986534320472
1738 1.4626986534320472
1739 1.4626986534320472
1740 3.075490076582783
1741 3.075490076582783
1742 3.075490076582783
1743 3.075490076582783
1744 1.3428847398724821
1745 1.3428847398724821
1746 1.3428847398724821
1747 1.3428847398724821
1748 2.2840615722282953
1749 2.2840615722282953
1750 2.2840615722282953
1751 2.2840615722282953
1752 2.2287604378996324
1753 2.2287604378996324
1754 2.2287604378996324
1755 2.2287604378996324
1756 1.7876336483334594
1757 1.7876336483334594
1758 1.7876336483334594
1759 1.7876336483334594
1760 1.7357436423983144
1761 1.7357436423983144
1762 1.7357436423983144
1763 1.7357436423983144
1764 2.1861460064106204
1765 2.1861460064106204
1766 2.1861460064106204
1767 2.1861460064106204
1768 3.162751454046507
1769 3.162751454046507
1770 3.162751454046507
1771 3.162751454046507
1772 2.5917895256875023
1773 2.5917895256875023
1774 2.5917895256875023
1775 2.5917895256875023
1776 2.690605180417832
1777 2.690605180417832
1778 2.690605180417832
1779 2.690605180417832
1780 1.9688620793895855
1781 1.9688620793895855
1782 1.9688620793895855
1783 1.9688620793895855
1784 1.489902373200854
1785 1.489902373200854
1786 1.489902373200854
1787 1.489902373200854
1788 1.8424529195727726
1789 1.8424529195727726
1790 1.8424529195727726
1791 1.8424529195727726
1792 1.426114276775421
1793 1.426114276775421
1794 1.426114276775421
1795 1.426114276775421
1796 2.6011974886091886
1797 2.6011974886091886
1798 2.6011974886091886
1799 2.6011974886091886
1800 3.139034319614204
1801 3.139034319614204
1802 3.139034319614204
1803 3.139034319614204
1804 1.9723872179451767
1805 1.9723872179451767
1806 1.9723872179451767
1807 1.9723872179451767
1808 1.831515540010207
1809 1.831515540010207
1810 1.831515540010207
1811 1.831515540010207
1812 1.2420439486313084
1813 1.2420439486313084
1814 6.703816461802653
1815 6.703816461802653
1816 6.703816461802653
1817 6.703816461802653
1818 4.822505283000779
1819 4.822505283000779
1820 4.822505283000779
1821 4.822505283000779
1822 3.433393195739262
1823 3.433393195739262
1824 3.433393195739262
1825 3.433393195739262
1826 2.733304115301056
1827 2.733304115301056
1828 2.733304115301056
1829 2.733304115301056
1830 3.8493565453294933
1831 3.8493565453294933
1832 3.8493565453294933
1833 3.8493565453294933
1834 4.455202998084614
1835 4.455202998084614
1836 4.455202998084614
1837 4.455202998084614
1838 2.0535440739253294
1839 2.0535440739253294
1840 2.0535440739253294
1841 2.0535440739253294
1842 5.8269444750066475
1843 5.8269444750066475
1844 5.8269444750066475
1845 5.8269444750066475
1846 4.483930575813185
1847 4.483930575813185
1848 4.483930575813185
1849 4.483930575813185
1850 3.4722195532099698
1851 3.4722195532099698
1852 3.4722195532099698
1853 3.4722195532099698
1854 4.460717695177947
1855 4.460717695177947
1856 4.460717695177947
1857 4.460717695177947
1858 2.4918110229741117
1859 2.4918110229741117
1860 2.4918110229741117
1861 2.4918110229741117
1862 1.7977880230004064
1863 1.7977880230004064
1864 1.7977880230004064
1865 1.7977880230004064
1866 1.9085878845015687
1867 1.9085878845015687
1868 1.9085878845015687
1869 1.9085878845015687
1870 3.8447776498423067
1871 3.8447776498423067
1872 3.8447776498423067
1873 3.8447776498423067
1874 3.775977621559794
1875 3.775977621559794
1876 3.775977621559794
1877 3.775977621559794
1878 2.518270036449465
1879 2.518270036449465
1880 2.518270036449465
1881 2.518270036449465
1882 3.5531735333895673
1883 3.5531735333895673
1884 3.5531735333895673
1885 3.5531735333895673
1886 0.2712550671949119
1887 0.2712550671949119
1888 0.2712550671949119
1889 0.2712550671949119
1890 4.28192266324081
1891 4.28192266324081
1892 4.28192266324081
1893 4.28192266324081
1894 2.8162855293540265
1895 2.8162855293540265
1896 2.8162855293540265
1897 2.8162855293540265
1898 3.762780975600891
1899 3.762780975600891
1900 3.762780975600891
1901 3.762780975600891
1902 4.060995362395174
1903 4.060995362395174
1904 4.060995362395174
1905 4.060995362395174
1906 3.8379459972936365
1907 3.8379459972936365
1908 3.8379459972936365
1909 3.8379459972936365
1910 6.06785921814585
1911 6.06785921814585
1912 6.06785921814585
1913 6.06785921814585
1914 1.9345413520548076
1915 1.9345413520548076
1916 1.9345413520548076
1917 1.9345413520548076
1918 3.2559575271903913
1919 3.2559575271903913
1920 3.2559575271903913
1921 3.2559575271903913
1922 5.268303216771582
1923 5.268303216771582
1924 5.268303216771582
1925 5.268303216771582
1926 2.1770815003879402
1927 2.1770815003879402
1928 2.1770815003879402
1929 2.1770815003879402
1930 2.0649233838731416
1931 2.0649233838731416
1932 2.0649233838731416
1933 2.0649233838731416
1934 2.2093885863134375
1935 2.2093885863134375
1936 2.2093885863134375
1937 2.2093885863134375
1938 1.7633764541195611
1939 1.7633764541195611
1940 1.7633764541195611
1941 1.7633764541195611
1942 1.6871252529676584
1943 1.6871252529676584
1944 1.6871252529676584
1945 1.6871252529676584
1946 2.5283700156527797
1947 2.5283700156527797
1948 2.5283700156527797
1949 2.5283700156527797
1950 3.1996347586477083
1951 3.1996347586477083
1952 3.1996347586477083
1953 3.1996347586477083
1954 3.9042254028772803
1955 3.9042254028772803
1956 3.9042254028772803
1957 3.9042254028772803
1958 4.371370786547646
1959 4.371370786547646
1960 4.371370786547646
1961 4.371370786547646
1962 1.9233819612987897
1963 1.9233819612987897
1964 1.9233819612987897
1965 1.9233819612987897
1966 2.020754673912541
1967 2.020754673912541
1968 2.020754673912541
1969 2.020754673912541
1970 3.80838142606704
1971 3.80838142606704
1972 3.80838142606704
1973 3.80838142606704
1974 2.9711106900882345
1975 2.9711106900882345
1976 2.9711106900882345
1977 2.9711106900882345
1978 4.623341472073655
1979 4.623341472073655
1980 4.623341472073655
1981 4.623341472073655
1982 4.696377309048282
1983 4.696377309048282
1984 4.696377309048282
1985 4.696377309048282
1986 3.8266946937670925
1987 3.8266946937670925
1988 3.8266946937670925
1989 3.8266946937670925
1990 3.51375833238636
1991 3.51375833238636
1992 3.51375833238636
1993 3.51375833238636
1994 1.5257175142246626
1995 1.5257175142246626
1996 1.5257175142246626
1997 1.5257175142246626
1998 3.0113238974286496
1999 3.0113238974286496
