0 4.153329176843984
1 4.153329176843984
2 4.098575215919391
3 4.098575215919391
4 3.955432882688403
5 3.955432882688403
6 4.434114972229379
7 4.434114972229379
8 3.3255631893966973
9 3.3255631893966973
10 2.2508969658883924
11 2.2508969658883924
12 2.548308782981568
13 2.548308782981568
14 3.878015691888726
15 3.878015691888726
16 2.765542339995713
17 2.765542339995713
18 4.050977515710083
19 4.050977515710083
20 3.5474365374708254
21 3.5474365374708254
22 3.6496635022891177
23 3.6496635022891177
24 2.8231396578437358
25 2.8231396578437358
26 3.5826244293600507
27 3.5826244293600507
28 3.461261546295616
29 3.461261546295616
30 3.3295024728470537
31 3.3295024728470537
32 3.189243900007091
33 3.189243900007091
34 4.07987961399744
35 4.07987961399744
36 4.311965242241538
37 4.311965242241538
38 3.791975609603414
39 3.791975609603414
40 2.81766099601076
41 2.81766099601076
42 2.893081228700045
43 2.893081228700045
44 3.6148786496560525
45 3.6148786496560525
46 4.176838015145981
47 4.176838015145981
48 4.3460745083026575
49 4.3460745083026575
50 2.865702069214179
51 2.865702069214179
52 2.391626773529028
53 2.391626773529028
54 4.455589985774814
55 4.455589985774814
56 2.8635604046477785
57 2.8635604046477785
58 3.3357049874461002
59 3.3357049874461002
60 2.956439833487859
61 2.956439833487859
62 2.8239237143941156
63 0.5975431126967478
64 0.5975431126967478
65 0.6700563580399852
66 0.6700563580399852
67 0.6746715833777129
68 0.6746715833777129
69 0.7250736163966006
70 0.7250736163966006
71 0.6287764950490956
72 0.6287764950490956
73 0.4674986206430051
74 0.4674986206430051
75 0.6837072155547939
76 0.6837072155547939
77 0.511680608298279
78 0.511680608298279
79 0.6193784414873749
80 0.6193784414873749
81 0.6152781761997509
82 0.6152781761997509
83 0.4659791064105985
84 0.4659791064105985
85 0.7195009155384232
86 0.7195009155384232
87 0.44133793934021714
88 0.44133793934021714
89 0.7340715882719113
90 0.7340715882719113
91 0.6103529844097928
92 0.6103529844097928
93 0.571871856900256
94 0.571871856900256
95 0.6602296026285903
96 0.6602296026285903
97 0.7062230802955315
98 0.7062230802955315
99 0.5517364005163942
100 0.5517364005163942
101 0.7109042265919282
102 0.7109042265919282
103 0.7233235410243812
104 0.7233235410243812
105 0.605421848678388
106 0.605421848678388
107 0.6949576268768641
108 0.6949576268768641
109 0.4519208408584584
110 0.4519208408584584
111 0.6812995613548632
112 0.6812995613548632
113 0.7020771514296968
114 0.7020771514296968
115 0.7496427120259522
116 0.7496427120259522
117 0.7537435392196807
118 0.7537435392196807
119 0.48703842750202864
120 0.48703842750202864
121 0.42354386708632075
122 0.42354386708632075
123 0.6573976885519982
124 0.6573976885519982
125 0.778883859063201
126 0.778883859063201
127 0.7091775415548864
128 2.4611002883693573
129 2.4611002883693573
130 2.6094331790383816
131 2.6094331790383816
132 2.1457994325022893
133 2.1457994325022893
134 2.7433126133201062
135 2.7433126133201062
136 2.1719446026661267
137 2.1719446026661267
138 1.9893579964527544
139 1.9893579964527544
140 2.5283868118054165
141 2.5283868118054165
142 2.6532805908124435
143 2.6532805908124435
144 0.9235377668026463
145 0.9235377668026463
146 3.1204218512122273
147 3.1204218512122273
148 2.664543214855005
149 2.664543214855005
150 2.334557790195551
151 2.334557790195551
152 3.4851961673471954
153 3.4851961673471954
154 1.9137395368697883
155 1.9137395368697883
156 2.1151750249005614
157 2.1151750249005614
158 2.319318718382846
159 2.319318718382846
160 2.393250722445231
161 2.401079292746819
162 2.401079292746819
163 1.6979629119307202
164 1.6979629119307202
165 2.1698784373074824
166 2.1698784373074824
167 1.7542422801209452
168 1.7542422801209452
169 1.8364848205943993
170 1.8364848205943993
171 1.6373654178216182
172 1.6373654178216182
173 2.2885719426708615
174 2.2885719426708615
175 1.8530462277623019
176 1.8530462277623019
177 2.0993645572666275
178 2.0993645572666275
179 2.3800330976792807
180 2.3800330976792807
181 1.4696360762297214
182 1.4696360762297214
183 2.000504450156922
184 0.6341279645900392
185 0.6341279645900392
186 0.8820860808529154
187 0.8820860808529154
188 0.5435843051212405
189 0.5435843051212405
190 0.7347132552450698
191 0.7347132552450698
192 0.644159634896715
193 0.644159634896715
194 0.5689662055798069
195 0.5689662055798069
196 0.7261521672049996
197 0.7261521672049996
198 0.7182390643258751
199 0.7182390643258751
200 0.7736325938528978
201 0.7736325938528978
202 0.365164414196922
203 0.365164414196922
204 0.48056876923453384
205 0.48056876923453384
206 0.636311409642124
207 0.636311409642124
208 0.6771892613270079
209 0.6771892613270079
210 0.5750641300475519
211 0.5750641300475519
212 0.7144561859862105
213 0.7144561859862105
214 0.4017098418735006
215 0.4017098418735006
216 0.7167378940791174
217 0.7167378940791174
218 0.7476847229899561
219 0.7476847229899561
220 0.5878533363505625
221 0.5878533363505625
222 0.6239193071890579
223 0.6239193071890579
224 0.440342211162738
225 0.440342211162738
226 0.5911549590163585
227 0.5911549590163585
228 0.49402275355870473
229 0.49402275355870473
230 0.48867295685156276
231 0.48867295685156276
232 0.7892929062120184
233 0.7892929062120184
234 0.6631916550154905
235 0.6631916550154905
236 0.5565828626533298
237 0.5565828626533298
238 0.6464282672779299
239 0.6464282672779299
240 0.6605617659102624
241 0.6605617659102624
242 0.6636593471338178
243 0.6636593471338178
244 0.6142392408855094
245 0.6142392408855094
246 0.6500277372042198
247 0.6500277372042198
248 0.7603694870873532
249 0.7603694870873532
250 0.5530715864780776
251 0.5530715864780776
252 0.7887868365815986
253 0.7887868365815986
254 0.5490271037993917
255 0.5490271037993917
256 0.6531276146701482
257 0.6531276146701482
258 0.7083814882149779
259 0.7083814882149779
260 0.6302064004436695
261 0.6302064004436695
262 0.5855040794194274
263 0.5855040794194274
264 0.7693684721045693
265 0.7693684721045693
266 0.6325767490325825
267 0.6325767490325825
268 0.730318953074147
269 0.730318953074147
270 0.7899584649451935
271 0.7899584649451935
272 0.6267853966321844
273 0.6267853966321844
274 0.948270683120358
275 0.948270683120358
276 0.5827314950216802
277 0.5827314950216802
278 0.701407970861307
279 0.701407970861307
280 0.5757795976792726
281 0.5757795976792726
282 0.6963933570562434
283 0.6963933570562434
284 0.8829502028368896
285 0.8829502028368896
286 0.8153103798272885
287 0.8153103798272885
288 0.8264813636657818
289 0.8264813636657818
290 0.5588505462540143
291 0.5588505462540143
292 0.6429480970761593
293 0.6429480970761593
294 0.6191337062881934
295 0.6191337062881934
296 0.6133675256772653
297 0.6133675256772653
298 0.5518269901243377
299 0.5518269901243377
300 0.4942268448671119
301 0.4942268448671119
302 0.7801880876141408
303 0.7801880876141408
304 0.7411888214554727
305 0.7411888214554727
306 0.883805952493916
307 0.883805952493916
308 0.4913004078361718
309 0.4913004078361718
310 0.696399036238255
311 0.696399036238255
312 0.5239786052936148
313 0.5239786052936148
314 0.5995078214393414
315 0.5995078214393414
316 0.6215669146555521
317 0.6215669146555521
318 0.46732712956144257
319 0.46732712956144257
320 0.5156331083840656
321 0.5156331083840656
322 0.6670562843757236
323 0.6670562843757236
324 0.6237390914683331
325 0.6237390914683331
326 0.7322924216920208
327 0.7322924216920208
328 0.7550298709758003
329 0.7550298709758003
330 0.7094646492175559
331 0.7094646492175559
332 0.5126680499986824
333 0.5126680499986824
334 0.5979236709554194
335 0.5979236709554194
336 0.7235826944325273
337 0.7235826944325273
338 0.6225526336089301
339 0.6225526336089301
340 0.7193346193646244
341 0.7193346193646244
342 0.6836691267419923
343 0.6836691267419923
344 0.5758107800377328
345 0.5758107800377328
346 0.78135040907398
347 0.78135040907398
348 0.5967252958216707
349 0.5967252958216707
350 0.687473402009117
351 0.687473402009117
352 0.8391257055763801
353 0.8391257055763801
354 0.748163320236733
355 0.748163320236733
356 0.6023532544287236
357 0.6023532544287236
358 0.6804849426481907
359 0.6804849426481907
360 0.8341025901149693
361 0.8341025901149693
362 0.5671361855590665
363 0.5671361855590665
364 0.5898024472159766
365 0.5898024472159766
366 0.5992157645892677
367 0.5992157645892677
368 0.5887475350668607
369 0.5887475350668607
370 0.48083575259008005
371 0.48083575259008005
372 0.5004887216972751
373 0.5004887216972751
374 0.582982610114062
375 0.582982610114062
376 0.6416312638359721
377 0.6416312638359721
378 0.5323063581866537
379 0.5323063581866537
380 0.7104425537074864
381 0.7104425537074864
382 0.6480349253770975
383 0.6480349253770975
384 0.813554139431797
385 0.813554139431797
386 0.5230223218960526
387 0.5230223218960526
388 0.7390904258976643
389 0.7390904258976643
390 0.7773699024584185
391 0.7773699024584185
392 0.8046025018996881
393 0.8046025018996881
394 0.5203448227595189
395 0.5203448227595189
396 0.49081284716522944
397 0.49081284716522944
398 0.5056201135096364
399 0.5056201135096364
400 0.7138542824177512
401 0.7138542824177512
402 0.6826047129997848
403 0.6826047129997848
404 0.6723865064117261
405 0.6723865064117261
406 0.5729902146949118
407 0.5729902146949118
408 0.5506299159301902
409 0.5506299159301902
410 0.5913536422836674
411 0.5913536422836674
412 0.5294650948736966
413 0.5294650948736966
414 0.6550842605242143
415 0.6550842605242143
416 0.5546521085047896
417 0.5546521085047896
418 0.823655757025942
419 0.823655757025942
420 0.6315505660356404
421 0.6315505660356404
422 0.7273552926819398
423 0.7273552926819398
424 0.632553575114356
425 0.632553575114356
426 0.6929533494411713
427 0.6929533494411713
428 0.6269084179062545
429 0.6269084179062545
430 0.49137504330381887
431 0.49137504330381887
432 0.8537076892385208
433 0.8537076892385208
434 0.641656868234463
435 0.641656868234463
436 0.5922585393567559
437 0.5922585393567559
438 0.6248809770768705
439 0.6248809770768705
440 0.7436123056280489
441 0.7436123056280489
442 0.5064160387072472
443 0.5064160387072472
444 0.5175995826967049
445 0.5175995826967049
446 0.6184363559898061
447 0.6184363559898061
448 0.5290675186678162
449 0.5290675186678162
450 0.4693569869833577
451 0.4693569869833577
452 0.680282027158212
453 0.680282027158212
454 0.8559736147411418
455 0.8559736147411418
456 0.7019348592031749
457 0.7019348592031749
458 0.5991758361131589
459 0.5991758361131589
460 0.647869220162463
461 0.647869220162463
462 0.7486311099430188
463 0.7486311099430188
464 0.5191875907679331
465 0.5191875907679331
466 0.6693971470274033
467 0.6693971470274033
468 0.5841194607298523
469 0.5841194607298523
470 0.6917493955575534
471 0.6917493955575534
472 0.585030992830887
473 0.585030992830887
474 0.6213060738983768
475 0.6213060738983768
476 0.6183269284542012
477 0.6183269284542012
478 0.8083725172367298
479 0.8083725172367298
480 0.586234294411194
481 0.586234294411194
482 0.6218245751510486
483 0.6218245751510486
484 0.708376340929878
485 0.708376340929878
486 0.5900053327518779
487 0.5900053327518779
488 0.44953263811989974
489 0.44953263811989974
490 0.7842238101267183
491 0.7842238101267183
492 0.62259086858924
493 0.62259086858924
494 0.6960385093609258
495 0.6960385093609258
496 0.4553960929349155
497 0.4553960929349155
498 0.6540686201829243
499 0.6540686201829243
500 0.735087264173163
501 0.735087264173163
502 0.6277055792494171
503 0.6277055792494171
504 0.880358502592959
505 0.880358502592959
506 0.6068150726550257
507 0.6068150726550257
508 0.559867945609549
509 0.559867945609549
510 0.819847495554678
511 0.819847495554678
512 0.7546521595305622
513 0.7546521595305622
514 0.6771620225424353
515 0.6771620225424353
516 0.5973757058987962
517 0.5973757058987962
518 0.8110060622341395
519 0.8110060622341395
520 0.5646476188651921
521 0.5646476188651921
522 0.756448504450957
523 0.756448504450957
524 0.5676447727140678
525 0.5676447727140678
526 0.49209672767707224
527 0.49209672767707224
528 0.6123861934694407
529 0.6123861934694407
530 0.6050923367194676
531 0.6050923367194676
532 0.8111228897150994
533 0.8111228897150994
534 0.8045998574478725
535 0.8045998574478725
536 0.8040550779073721
537 0.8040550779073721
538 0.8113980829231922
539 2.341978434629378
540 2.341978434629378
541 2.9334524363753376
542 2.9334524363753376
543 2.3487688432719587
544 2.3487688432719587
545 2.5579528976541854
546 2.5579528976541854
547 3.5541455423686927
548 3.5541455423686927
549 1.7553064282903876
550 1.7553064282903876
551 2.5575440792558077
552 2.5575440792558077
553 1.7033930040253513
554 1.7033930040253513
555 2.3329603460190778
556 2.3329603460190778
557 2.369168529323341
558 2.369168529323341
559 2.514377205631646
560 4.4114191125570095
561 4.4114191125570095
562 5.989648479122487
563 5.989648479122487
564 3.7424418851312273
565 3.7424418851312273
566 3.912443782730824
567 3.912443782730824
568 4.143651600500066
569 4.143651600500066
570 2.6316384978482334
571 2.6316384978482334
572 5.263414554827003
573 5.263414554827003
574 4.766715697372517
575 4.766715697372517
576 2.7871717782749865
577 2.7871717782749865
578 5.204334631933008
579 5.204334631933008
580 3.5952519987177443
581 3.5952519987177443
582 4.382437045314859
583 4.382437045314859
584 4.329338268523382
585 4.329338268523382
586 3.1212098268479824
587 3.1212098268479824
588 4.040876113382093
589 4.040876113382093
590 4.021002960576455
591 4.021002960576455
592 2.8592248501588995
593 2.8592248501588995
594 4.427044890260757
595 4.427044890260757
596 4.415725535887361
597 4.415725535887361
598 4.587491489694766
599 4.587491489694766
600 4.60300902742944
601 4.60300902742944
602 3.7618314515725704
603 3.7618314515725704
604 4.557397061988195
605 4.557397061988195
606 3.809252551322035
607 3.809252551322035
608 3.8880475851484793
609 3.8880475851484793
610 3.9482899685099846
611 3.9482899685099846
612 4.1189560842113275
613 4.1189560842113275
614 3.9428108110241635
615 3.9428108110241635
616 3.8301271447573564
617 3.8301271447573564
618 4.7574705631439125
619 4.7574705631439125
620 4.20088979247065
621 4.20088979247065
622 3.8565094991019673
623 3.8565094991019673
624 5.57351101551166
625 5.57351101551166
626 4.143764589762204
627 4.143764589762204
628 4.470171076246037
629 4.470171076246037
630 4.2144607066333615
631 4.2144607066333615
632 3.879359651882317
633 3.879359651882317
634 3.3822687563942497
635 3.3822687563942497
636 5.57295145677497
637 5.57295145677497
638 2.4302751020100524
639 2.4302751020100524
640 2.8870520968595663
641 2.8870520968595663
642 1.6435570209467978
643 1.6435570209467978
644 3.108005815535052
645 3.108005815535052
646 2.5129506105741974
647 2.5129506105741974
648 2.1341331829023353
649 2.1341331829023353
650 1.9659897497326653
651 1.9659897497326653
652 2.354404692773006
653 2.354404692773006
654 2.3186705533316534
655 2.3186705533316534
656 3.4674081847048193
657 3.4674081847048193
658 2.616325325581171
659 2.616325325581171
660 2.4551405665555484
661 2.4551405665555484
662 2.260367244313533
663 2.260367244313533
664 2.6104375599477265
665 2.6104375599477265
666 3.1753109379944173
667 3.1753109379944173
668 2.594024337565009
669 2.594024337565009
670 2.848542950788573
671 2.848542950788573
672 2.318226161151273
673 2.318226161151273
674 2.0555571013221616
675 2.0555571013221616
676 2.665064524659702
677 2.665064524659702
678 2.302241786131328
679 2.302241786131328
680 0.4998276377555815
681 0.4998276377555815
682 0.7000453741082932
683 0.7000453741082932
684 0.7113156831971289
685 0.7113156831971289
686 0.6488460558472315
687 0.6488460558472315
688 0.5431812790884798
689 0.5431812790884798
690 0.7268202683500615
691 0.7268202683500615
692 0.6688746239368261
693 0.6688746239368261
694 0.5002734987306918
695 0.5002734987306918
696 0.46325630237677173
697 0.46325630237677173
698 0.7832393078643262
699 0.7832393078643262
700 0.7591378613729726
701 0.7591378613729726
702 0.6709178527778897
703 0.6709178527778897
704 0.5138629084383584
705 0.5138629084383584
706 0.45981750473277483
707 0.45981750473277483
708 0.6905926298633354
709 0.6905926298633354
710 0.6984272384547988
711 0.6984272384547988
712 0.6888467024722902
713 0.6888467024722902
714 0.6185683161654991
715 0.6185683161654991
716 0.6266552048404587
717 0.6266552048404587
718 0.7856333420318
719 0.7856333420318
720 0.8994350318714264
721 0.8994350318714264
722 0.6593678196931718
723 0.6593678196931718
724 0.7403617670638887
725 0.7403617670638887
726 0.7232917576956103
727 0.7232917576956103
728 0.5794444884470634
729 0.5794444884470634
730 0.4998744008119297
731 0.4998744008119297
732 0.6657170148767207
733 0.6657170148767207
734 0.734859321051569
735 0.734859321051569
736 0.6387857341828526
737 0.6387857341828526
738 0.834583594365405
739 0.834583594365405
740 0.7338348129564913
741 0.7338348129564913
742 0.7734544175858052
743 0.7734544175858052
744 0.4926550787433215
745 0.4926550787433215
746 1.03280783363032
747 1.03280783363032
748 0.8131061073676376
749 0.8131061073676376
750 0.6606509001226845
751 0.6606509001226845
752 0.4406024678897218
753 0.4406024678897218
754 0.4141010339515578
755 0.4141010339515578
756 0.6839559136611797
757 0.6839559136611797
758 0.4526730474165994
759 0.4526730474165994
760 0.4523171360777428
761 0.4523171360777428
762 0.7094374932517755
763 0.7094374932517755
764 0.6631222080197042
765 2.0432139302452588
766 2.0432139302452588
767 2.274175875766095
768 2.274175875766095
769 1.70366167831284
770 1.70366167831284
771 0.6770727747880253
772 0.6770727747880253
773 0.7599079163102829
774 0.7599079163102829
775 0.5719124357200056
776 0.5719124357200056
777 0.29515637053192606
778 0.29515637053192606
779 0.8343848933440823
780 0.8343848933440823
781 0.6604582106538619
782 0.6604582106538619
783 0.7639411384317378
784 0.7639411384317378
785 0.4907368874408251
786 0.4907368874408251
787 0.7601454432465041
788 0.7601454432465041
789 0.5704550286245442
790 0.5704550286245442
791 0.5992744300136505
792 0.5992744300136505
793 0.7781694925356798
794 0.7781694925356798
795 0.7386015707483049
796 0.7386015707483049
797 0.5551586484281095
798 0.5551586484281095
799 0.6914753553982729
800 0.6914753553982729
801 0.5112734487239983
802 0.5112734487239983
803 0.6909563906547757
804 0.6909563906547757
805 0.5515300614444195
806 0.5515300614444195
807 0.5654551833583177
808 0.5654551833583177
809 0.5077217433064547
810 0.5077217433064547
811 0.6991169908838923
812 0.6991169908838923
813 0.8325767877598245
814 0.8325767877598245
815 0.803701595918701
816 0.803701595918701
817 0.7097650271744056
818 0.7097650271744056
819 0.5594343448542938
820 0.5594343448542938
821 0.5265218846507775
822 0.5265218846507775
823 0.5290687049840722
824 0.5290687049840722
825 0.6386243458673424
826 0.6386243458673424
827 0.4869312022604048
828 0.4869312022604048
829 0.5977343119438602
830 0.5977343119438602
831 0.7071282895448282
832 0.7071282895448282
833 0.6239192284646502
834 0.6239192284646502
835 0.8407663432146834
836 0.8407663432146834
837 0.5856697502092182
838 0.5856697502092182
839 0.6284523644653426
840 0.6284523644653426
841 0.5640947926996803
842 0.5640947926996803
843 0.6763128439272711
844 0.6763128439272711
845 0.5899405390999686
846 0.5899405390999686
847 0.5825094745897306
848 0.5825094745897306
849 0.6643959982140354
850 0.6643959982140354
851 0.6315098269729117
852 0.6315098269729117
853 0.7641010857099514
854 0.7641010857099514
855 0.7993016134265583
856 0.7993016134265583
857 0.5929614960812779
858 0.5929614960812779
859 0.5632525139941992
860 0.5632525139941992
861 0.5759417175236488
862 0.5759417175236488
863 2.05136711918799
864 2.05136711918799
865 1.8433974946274723
866 1.8433974946274723
867 2.359336380967618
868 2.359336380967618
869 1.7474871817710924
870 1.7474871817710924
871 1.5870998893038348
872 1.5870998893038348
873 1.3448900660360965
874 1.3448900660360965
875 1.644742524007207
876 1.644742524007207
877 1.2905263049518827
878 1.2905263049518827
879 2.5130427591722393
880 2.5130427591722393
881 2.3630710770388834
882 2.3630710770388834
883 2.2891782989019314
884 0.13995005429138224
885 0.13995005429138224
886 0.21300751663332904
887 0.21300751663332904
888 0.1714892918174316
889 0.1714892918174316
890 0.2038906283974406
891 0.2038906283974406
892 0.18985486083977213
893 0.18985486083977213
894 0.14190617980123374
895 0.14190617980123374
896 0.21770391715487958
897 0.21770391715487958
898 0.18139548015331214
899 0.18139548015331214
900 1.424739324352926
901 1.424739324352926
902 1.1080078980816757
903 1.1080078980816757
904 0.8694028054564179
905 0.8694028054564179
906 1.0407045340078303
907 1.0407045340078303
908 1.1451553971261428
909 1.1451553971261428
910 1.1996327036918613
911 1.1996327036918613
912 1.0930840426068582
913 1.0930840426068582
914 1.0983621225073321
915 1.0983621225073321
916 1.3490012657964767
917 1.3490012657964767
918 1.4288313491632614
919 1.4288313491632614
920 1.2210950565901668
921 1.2210950565901668
922 1.0658757669464414
923 1.0658757669464414
924 1.4866156925274305
925 1.4866156925274305
926 0.9160778847830076
927 0.9160778847830076
928 0.8266494383844414
929 0.8266494383844414
930 1.0633950922809363
931 1.0633950922809363
932 0.8667840321542489
933 0.8667840321542489
934 1.1521034753630484
935 1.1521034753630484
936 1.26967718376127
937 1.26967718376127
938 1.4454310910297523
939 1.4454310910297523
940 1.3476375165584245
941 1.3476375165584245
942 1.3702072723825107
943 1.3702072723825107
944 1.1557600923170481
945 1.1557600923170481
946 1.1901225051571154
947 1.1901225051571154
948 1.0228732044906919
949 1.0228732044906919
950 1.3245583876760332
951 1.3245583876760332
952 0.8291081446503443
953 0.8291081446503443
954 1.23041969731928
955 1.23041969731928
956 1.2198045984358514
957 1.2198045984358514
958 1.4488628757468827
959 1.4488628757468827
960 0.9005706554481485
961 0.9005706554481485
962 1.1586731681414515
963 1.1586731681414515
964 1.1044542074570673
965 1.1044542074570673
966 1.0299383633900394
967 1.0299383633900394
968 1.231468809718727
969 1.231468809718727
970 0.8825115026622219
971 0.8825115026622219
972 1.143814877735323
973 1.143814877735323
974 1.1266806480246114
975 1.1266806480246114
976 1.0891502769884396
977 1.0891502769884396
978 1.1394922453583876
979 1.1394922453583876
980 1.1990190374886431
981 1.1990190374886431
982 0.8907492448857995
983 0.8907492448857995
984 1.0039980441140455
985 1.0039980441140455
986 1.0581355946800575
987 1.0581355946800575
988 1.4810605998617659
989 1.4810605998617659
990 0.8179574052398745
991 0.8179574052398745
992 1.0681443130026507
993 1.0681443130026507
994 1.1900380798782875
995 1.1900380798782875
996 1.198474346297994
997 1.198474346297994
998 1.0298095869226922
999 1.0298095869226922
1000 1.1485573204132131
1001 1.1485573204132131
1002 1.15965992196847
1003 1.15965992196847
1004 1.2806568512247893
1005 1.2806568512247893
1006 1.2508135910093516
1007 1.2508135910093516
1008 1.0956589594434658
1009 1.0956589594434658
1010 1.08876533823677
1011 1.08876533823677
1012 1.1092235166581053
1013 1.1092235166581053
1014 0.8637612484116424
1015 0.8637612484116424
1016 1.2064817525004552
1017 1.2064817525004552
1018 1.072067110969962
1019 1.072067110969962
1020 0.9576038733284469
1021 0.9576038733284469
1022 0.8281009597663105
1023 0.8281009597663105
1024 0.9777862822103953
1025 0.9777862822103953
1026 1.278331829400325
1027 1.278331829400325
1028 1.3298220343098046
1029 1.3298220343098046
1030 1.0110124923025712
1031 1.0110124923025712
1032 0.83032119597485
1033 0.83032119597485
1034 1.2092079211622757
1035 1.2092079211622757
1036 1.1376754571575929
1037 1.1376754571575929
1038 1.0060329905203778
1039 1.0060329905203778
1040 0.9681240378367426
1041 0.9681240378367426
1042 1.1926436657180832
1043 1.1926436657180832
1044 1.5170445330594189
1045 1.5170445330594189
1046 0.8069037574461144
1047 0.8069037574461144
1048 3.558238639985329
1049 3.558238639985329
1050 2.831649679496692
1051 2.831649679496692
1052 4.494653999711951
1053 4.494653999711951
1054 4.392645128724955
1055 4.392645128724955
1056 3.612146109293104
1057 3.612146109293104
1058 3.6289969481152045
1059 3.6289969481152045
1060 4.187594742510759
1061 4.187594742510759
1062 3.428160095112281
1063 3.428160095112281
1064 4.756974426194112
1065 4.756974426194112
1066 3.7934371809189287
1067 3.7934371809189287
1068 4.525219728086105
1069 4.525219728086105
1070 4.659243130313028
1071 4.659243130313028
1072 4.139685466724876
1073 4.139685466724876
1074 2.928589534931489
1075 2.928589534931489
1076 3.770854045080028
1077 3.770854045080028
1078 2.539223661343779
1079 2.539223661343779
1080 3.9237364300541495
1081 3.9237364300541495
1082 3.0312042690647774
1083 3.0312042690647774
1084 3.4632880198081226
1085 3.4632880198081226
1086 3.8296691430147174
1087 3.8296691430147174
1088 4.1759128040147235
1089 4.1759128040147235
1090 2.9624522956664956
1091 2.9624522956664956
1092 3.9048424396113486
1093 3.9048424396113486
1094 4.270642856063706
1095 4.270642856063706
1096 3.4221578452611836
1097 3.4221578452611836
1098 2.904646135551666
1099 2.904646135551666
1100 4.881663716615608
1101 4.881663716615608
1102 4.56399263252206
1103 4.56399263252206
1104 3.8468837074146376
1105 3.8468837074146376
1106 4.041756488528196
1107 4.041756488528196
1108 3.4001243224659934
1109 3.4001243224659934
1110 4.913957152583227
1111 4.913957152583227
1112 4.06418445673382
1113 4.06418445673382
1114 3.6166591620323483
1115 3.6166591620323483
1116 3.00817996640022
1117 3.00817996640022
1118 4.933539543229923
1119 4.933539543229923
1120 4.01938633000986
1121 4.01938633000986
1122 4.626894863185707
1123 4.626894863185707
1124 3.371619752369212
1125 3.371619752369212
1126 3.5405638532117734
1127 3.5405638532117734
1128 3.276763664638253
1129 3.276763664638253
1130 3.905643066665142
1131 3.905643066665142
1132 3.9378714517375446
1133 3.9378714517375446
1134 3.905646323446688
1135 3.905646323446688
1136 3.836158980115822
1137 3.836158980115822
1138 3.647435693222787
1139 3.647435693222787
1140 3.803466025139665
1141 3.803466025139665
1142 4.573099751056694
1143 4.573099751056694
1144 3.8137551056478114
1145 3.8137551056478114
1146 3.3129283519162898
1147 3.3129283519162898
1148 3.6153331234048594
1149 3.6153331234048594
1150 2.93229905919702
1151 2.93229905919702
1152 3.2341133243325664
1153 3.2341133243325664
1154 3.7490061858748662
1155 3.7490061858748662
1156 3.442042520334849
1157 3.442042520334849
1158 3.1060751500788326
1159 3.1060751500788326
1160 2.108759209009065
1161 2.108759209009065
1162 3.783108022457728
1163 3.783108022457728
1164 4.799656846004181
1165 4.799656846004181
1166 3.6763099826485037
1167 3.6763099826485037
1168 3.650355201946975
1169 3.650355201946975
1170 3.2440206090188237
1171 3.2440206090188237
1172 4.81274737140051
1173 4.81274737140051
1174 4.1826375606197495
1175 4.1826375606197495
1176 4.377306277437114
1177 4.377306277437114
1178 5.525402572649264
1179 5.525402572649264
1180 4.0593866081149494
1181 4.0593866081149494
1182 3.780026449823045
1183 3.780026449823045
1184 4.712582316285803
1185 4.712582316285803
1186 4.6944281561252375
1187 4.6944281561252375
1188 5.227735737551249
1189 5.227735737551249
1190 4.369272145782817
1191 4.369272145782817
1192 4.213078547602279
1193 4.213078547602279
1194 4.699520390395026
1195 4.699520390395026
1196 4.29690138221189
1197 4.29690138221189
1198 3.595436230986855
1199 3.595436230986855
1200 4.701587418002904
1201 4.701587418002904
1202 4.6512944329816746
1203 4.6512944329816746
1204 3.64905534138642
1205 3.64905534138642
1206 3.921114462069642
1207 3.921114462069642
1208 3.447851484289992
1209 3.447851484289992
1210 5.051161547537728
1211 5.051161547537728
1212 3.461923252505308
1213 3.461923252505308
1214 4.750418195847796
1215 4.750418195847796
1216 5.147836565988102
1217 5.147836565988102
1218 3.9895004303709958
1219 3.9895004303709958
1220 4.265024844674564
1221 4.265024844674564
1222 5.662353591997924
1223 5.662353591997924
1224 4.801472934759692
1225 4.801472934759692
1226 3.5078928651195533
1227 3.5078928651195533
1228 4.861244038980993
1229 4.861244038980993
1230 4.85027821871451
1231 4.85027821871451
1232 3.880364341789718
1233 0.8206380617194602
1234 0.8206380617194602
1235 0.9579493962051262
1236 0.9579493962051262
1237 1.1373775768215997
1238 1.1373775768215997
1239 0.9928562952107626
1240 0.9928562952107626
1241 0.8335729388435247
1242 0.8335729388435247
1243 1.0837397931447734
1244 1.0837397931447734
1245 1.0913670232400368
1246 1.0913670232400368
1247 0.6433773336908505
1248 0.6433773336908505
1249 1.0466689351158323
1250 1.0466689351158323
1251 1.0670772221950517
1252 1.0670772221950517
1253 1.0625811385390962
1254 1.0625811385390962
1255 0.6667843321519875
1256 0.6667843321519875
1257 1.064814522770049
1258 1.064814522770049
1259 1.344493946905571
1260 1.344493946905571
1261 1.3049932913997042
1262 1.3049932913997042
1263 1.2031079564064135
1264 1.2031079564064135
1265 1.27237064835783
1266 1.27237064835783
1267 1.3853565072792668
1268 1.3853565072792668
1269 1.0259801598471865
1270 1.0259801598471865
1271 0.6336257571110002
1272 0.6336257571110002
1273 1.2459956203427975
1274 1.2459956203427975
1275 1.2539754225338782
1276 1.2539754225338782
1277 1.24899567566135
1278 1.24899567566135
1279 1.4206058907905306
1280 1.4206058907905306
1281 0.911863174483653
1282 0.911863174483653
1283 0.9582839726950438
1284 0.9582839726950438
1285 1.244606523141174
1286 1.244606523141174
1287 0.8772740914447523
1288 0.8772740914447523
1289 1.4098992891606905
1290 1.4098992891606905
1291 0.8856258538774505
1292 0.8856258538774505
1293 1.2612624886880985
1294 1.2612624886880985
1295 1.068083079908109
1296 1.068083079908109
1297 1.3834384613624309
1298 1.3834384613624309
1299 0.9569347023409535
1300 0.9569347023409535
1301 0.952512557735406
1302 0.952512557735406
1303 1.028891687128691
1304 1.028891687128691
1305 1.1161237308938272
1306 1.1161237308938272
1307 1.2985376349052942
1308 1.2985376349052942
1309 1.243510316502357
1310 1.243510316502357
1311 1.077129974692534
1312 1.077129974692534
1313 1.1314860265428524
1314 1.1314860265428524
1315 1.1830724496842329
1316 1.1830724496842329
1317 1.2182102090064804
1318 1.2182102090064804
1319 0.9578007452635117
1320 0.9578007452635117
1321 0.8660175408079365
1322 0.8660175408079365
1323 1.298578620111697
1324 1.298578620111697
1325 1.0857547238901877
1326 1.0857547238901877
1327 1.08099368633938
1328 1.08099368633938
1329 0.7689262706263693
1330 0.7689262706263693
1331 0.7509452550061373
1332 0.7509452550061373
1333 0.9157154405612682
1334 0.9157154405612682
1335 1.0737814689475793
1336 1.0737814689475793
1337 0.9260702808293977
1338 0.9260702808293977
1339 1.245072561990355
1340 1.245072561990355
1341 1.4934903707140412
1342 1.4934903707140412
1343 1.0381718653142742
1344 1.0381718653142742
1345 1.3276216130431058
1346 1.3276216130431058
1347 0.9470224105771786
1348 0.9470224105771786
1349 1.1428606319366075
1350 1.1428606319366075
1351 1.0796738882539676
1352 1.0796738882539676
1353 0.9451072048081717
1354 0.9451072048081717
1355 0.8528111112135448
1356 0.8528111112135448
1357 1.2875177198823822
1358 1.2875177198823822
1359 1.2368012179995376
1360 1.2368012179995376
1361 1.1344431635480505
1362 1.1344431635480505
1363 0.8721464997186841
1364 0.8721464997186841
1365 0.9291333125738916
1366 0.9291333125738916
1367 0.9809478160583947
1368 0.9809478160583947
1369 0.9951848240319623
1370 0.9951848240319623
1371 1.3119864053261878
1372 1.3119864053261878
1373 1.0709181450848428
1374 1.0709181450848428
1375 0.9636702559167964
1376 0.9636702559167964
1377 1.1118412830819882
1378 1.1118412830819882
1379 1.1366870358421228
1380 1.1366870358421228
1381 1.0669951343076753
1382 1.0669951343076753
1383 1.1014523836844792
1384 1.1014523836844792
1385 0.8523921740467225
1386 0.8523921740467225
1387 1.4088354091949802
1388 1.4088354091949802
1389 0.8704118429559831
1390 0.8704118429559831
1391 1.1474143407482484
1392 1.1474143407482484
1393 1.5568187037748318
1394 1.5568187037748318
1395 1.2461159872774743
1396 1.2461159872774743
1397 1.5160542336365452
1398 1.5160542336365452
1399 0.842490108026158
1400 0.842490108026158
1401 1.0317498384426889
1402 1.0317498384426889
1403 1.1115429117791313
1404 1.1115429117791313
1405 1.0625480828868672
1406 1.0625480828868672
1407 0.9119569080940122
1408 0.9119569080940122
1409 1.1928851973313597
1410 1.1928851973313597
1411 0.993844318569921
1412 0.993844318569921
1413 0.9525144453407985
1414 0.9525144453407985
1415 1.252315918026584
1416 1.252315918026584
1417 1.2298611346303703
1418 1.2298611346303703
1419 1.1629028454163632
1420 1.1629028454163632
1421 1.2163125911542352
1422 1.2163125911542352
1423 1.511164692854021
1424 1.511164692854021
1425 0.9066077880514535
1426 0.9066077880514535
1427 1.243484529922552
1428 1.243484529922552
1429 1.1915639239834848
1430 1.1915639239834848
1431 1.3477137154780794
1432 1.3477137154780794
1433 1.3171253137203418
1434 1.3171253137203418
1435 2.686761415297514
1436 2.686761415297514
1437 2.8820825589014243
1438 0.7167456629245867
1439 0.7167456629245867
1440 0.7047029540839724
1441 0.7047029540839724
1442 0.7305334805337579
1443 0.7305334805337579
1444 0.7268733561254922
1445 0.7268733561254922
1446 0.7072045377950236
1447 0.7072045377950236
1448 0.5451804710720092
1449 0.5451804710720092
1450 0.6075262950107482
1451 0.6075262950107482
1452 0.5439101552708999
1453 2.2697624687679703
1454 2.2697624687679703
1455 2.247402445891145
1456 2.247402445891145
1457 1.3389587825455798
1458 1.3389587825455798
1459 2.290571705237845
1460 2.290571705237845
1461 2.291155460866351
1462 2.291155460866351
1463 2.6814370760980717
1464 2.6814370760980717
1465 2.33668530831043
1466 2.33668530831043
1467 2.1132713748095213
1468 2.1132713748095213
1469 2.3122250485269253
1470 2.3122250485269253
1471 2.4138672511628463
1472 2.4138672511628463
1473 2.81578852338167
1474 2.81578852338167
1475 2.769754971275744
1476 2.769754971275744
1477 3.1479445117449623
1478 3.1479445117449623
1479 2.7473923970978698
1480 2.7473923970978698
1481 2.492676872765577
1482 2.492676872765577
1483 2.034489904108166
1484 2.034489904108166
1485 2.721350503510704
1486 2.721350503510704
1487 2.6704007776852143
1488 2.6704007776852143
1489 2.7874166977574286
1490 2.7874166977574286
1491 3.1368725524409466
1492 3.1368725524409466
1493 2.8997908441976183
1494 2.8997908441976183
1495 2.583000701406716
1496 2.583000701406716
1497 2.4376518413831607
1498 2.4376518413831607
1499 2.3354880225308823
1500 2.3354880225308823
1501 2.2753051894317227
1502 2.2753051894317227
1503 2.0820717714902024
1504 2.0820717714902024
1505 3.521014890389963
1506 3.521014890389963
1507 2.5009948276821117
1508 2.5009948276821117
1509 1.950032773902238
1510 1.950032773902238
1511 2.469195540039966
1512 2.469195540039966
1513 2.8370438980036
1514 2.8370438980036
1515 2.2936065158868675
1516 2.2936065158868675
1517 2.003973406811293
1518 2.003973406811293
1519 2.8119530487925446
1520 2.8119530487925446
1521 2.531574564796745
1522 2.531574564796745
1523 2.5712957993850223
1524 2.5712957993850223
1525 2.31791129663574
1526 2.31791129663574
1527 1.6060509179298195
1528 1.6060509179298195
1529 2.5822626029132945
1530 2.5822626029132945
1531 1.9360434719753952
1532 1.9360434719753952
1533 2.4133152042626715
1534 2.4133152042626715
1535 1.6333898479005469
1536 1.6333898479005469
1537 2.4603272252130277
1538 2.4603272252130277
1539 2.093863040262291
1540 2.093863040262291
1541 2.055230427438939
1542 2.055230427438939
1543 4.129819457710109
1544 4.129819457710109
1545 3.515396043502309
1546 3.515396043502309
1547 3.7450940703855875
1548 3.7450940703855875
1549 4.754255291290814
1550 4.754255291290814
1551 4.118652024172136
1552 4.118652024172136
1553 3.0606121918849754
1554 3.0606121918849754
1555 3.59882720886121
1556 3.59882720886121
1557 3.734466527728578
1558 3.734466527728578
1559 3.3197931433666645
1560 3.3197931433666645
1561 4.186360235898996
1562 4.186360235898996
1563 3.033261090902953
1564 3.033261090902953
1565 3.4391499541338764
1566 3.4391499541338764
1567 2.782335171810079
1568 2.782335171810079
1569 5.42593178402133
1570 5.42593178402133
1571 4.510500947323407
1572 4.510500947323407
1573 2.9054902110417498
1574 2.9054902110417498
1575 3.2874140247930566
1576 3.2874140247930566
1577 4.39906936006596
1578 2.614856257225269
1579 2.614856257225269
1580 1.6823473233169512
1581 1.6823473233169512
1582 2.4204339405343682
1583 2.4204339405343682
1584 2.51272794022761
1585 2.51272794022761
1586 2.427538412784651
1587 2.427538412784651
1588 2.253991702971535
1589 2.253991702971535
1590 2.03510084359113
1591 2.03510084359113
1592 2.9321808727161502
1593 2.9321808727161502
1594 2.8392819354739993
1595 2.8392819354739993
1596 2.3047868564396827
1597 2.3047868564396827
1598 3.1341797476258604
1599 3.1341797476258604
1600 1.8843309576156055
1601 1.8843309576156055
1602 2.561836501578527
1603 3.7720407938032077
1604 3.7720407938032077
1605 2.9595488097580844
1606 2.9595488097580844
1607 4.486084964029771
1608 4.486084964029771
1609 4.245163103367975
1610 4.245163103367975
1611 3.6535562534532535
1612 3.6535562534532535
1613 3.9843913545858385
1614 3.9843913545858385
1615 3.2612679606789783
1616 3.2612679606789783
1617 3.7635671504566046
1618 3.7635671504566046
1619 2.8468316300216494
1620 2.8468316300216494
1621 3.7385956963363998
1622 3.7385956963363998
1623 3.281320089887135
1624 3.281320089887135
1625 4.028828112732995
1626 4.028828112732995
1627 2.8243440544385745
1628 2.8243440544385745
1629 2.74410519828091
1630 2.74410519828091
1631 3.7348830917784603
1632 3.7348830917784603
1633 2.726839668100521
1634 2.726839668100521
1635 3.6927381241398805
1636 3.6927381241398805
1637 3.311141498754735
1638 3.311141498754735
1639 3.600727372533558
1640 3.600727372533558
1641 3.6677181123407765
1642 3.6677181123407765
1643 3.4889932817708043
1644 3.4889932817708043
1645 3.5497356167593264
1646 3.5497356167593264
1647 2.8254747218327885
1648 2.8254747218327885
1649 3.0091040310164394
1650 3.0091040310164394
1651 3.7094661337094035
1652 3.7094661337094035
1653 3.303642471481175
1654 3.303642471481175
1655 3.535623804508242
1656 3.535623804508242
1657 3.8362570143521233
1658 3.8362570143521233
1659 4.458330230629681
1660 4.458330230629681
1661 3.271780066736111
1662 3.271780066736111
1663 4.660752241189533
1664 4.660752241189533
1665 3.319032154940904
1666 3.319032154940904
1667 3.751917960540523
1668 3.751917960540523
1669 3.3683885008961862
1670 0.4744933567912201
1671 0.4744933567912201
1672 0.6198213152608076
1673 0.6198213152608076
1674 0.6476329635754035
1675 0.6476329635754035
1676 0.6201340678263729
1677 0.6201340678263729
1678 0.6469183926746425
1679 0.6469183926746425
1680 0.40286245055058706
1681 0.40286245055058706
1682 0.7661016313487965
1683 0.7661016313487965
1684 0.7595731962408998
1685 0.7595731962408998
1686 0.7183581695175691
1687 0.7183581695175691
1688 0.7296753627766566
1689 0.7296753627766566
1690 0.6308317836865452
1691 0.6308317836865452
1692 0.880807596281515
1693 0.880807596281515
1694 1.0865062203099676
1695 1.0865062203099676
1696 0.4584988127593591
1697 0.4584988127593591
1698 0.6549169346584078
1699 0.6549169346584078
1700 0.8428844109794937
1701 0.8428844109794937
1702 0.4781078158865356
1703 0.4781078158865356
1704 0.8189663759592305
1705 0.8189663759592305
1706 0.5796728495796541
1707 0.5796728495796541
1708 0.7865198555510808
1709 0.7865198555510808
1710 0.826163166949943
1711 0.826163166949943
1712 0.6865979634643579
1713 0.6865979634643579
1714 0.848922868230009
1715 0.848922868230009
1716 0.4781314733536124
1717 0.4781314733536124
1718 0.7560105087322392
1719 0.7560105087322392
1720 0.6900745472547054
1721 0.6900745472547054
1722 0.49893241935990906
1723 0.49893241935990906
1724 0.7914704455748985
1725 0.7914704455748985
1726 0.5766992680371746
1727 0.5766992680371746
1728 0.5316088785093712
1729 0.5316088785093712
1730 0.5837077044571503
1731 0.5837077044571503
1732 0.3980056407346058
1733 0.3980056407346058
1734 0.888551559123815
1735 0.888551559123815
1736 0.5062573570999593
1737 0.5062573570999593
1738 0.7031473686840751
1739 0.7031473686840751
1740 0.6723547022759877
1741 0.6723547022759877
1742 0.605781599922936
1743 0.605781599922936
1744 0.5305335753050663
1745 0.5305335753050663
1746 0.6568208689205006
1747 0.6568208689205006
1748 0.4711653957544113
1749 0.4711653957544113
1750 0.5629474448397956
1751 0.5629474448397956
1752 0.6446547039165773
1753 0.6446547039165773
1754 0.5465793521506045
1755 0.5465793521506045
1756 0.5882829972287233
1757 0.5882829972287233
1758 0.5640806766744526
1759 0.5640806766744526
1760 0.6296814662697415
1761 0.6296814662697415
1762 0.5771880873400426
1763 0.5771880873400426
1764 0.6233887045199731
1765 0.6233887045199731
1766 0.7079816417612006
1767 0.7079816417612006
1768 0.44793981926848314
1769 0.44793981926848314
1770 0.5799614943136362
1771 0.5799614943136362
1772 0.7137185607907953
1773 2.769275135419069
1774 2.769275135419069
1775 2.4216331927194896
1776 2.4216331927194896
1777 3.590656215510866
1778 3.590656215510866
1779 2.951144050550936
1780 2.951144050550936
1781 2.701666782865803
1782 2.701666782865803
1783 2.622486178710594
1784 2.622486178710594
1785 3.1832085824935046
1786 3.1832085824935046
1787 3.392075461921542
1788 3.392075461921542
1789 2.6215343803573767
1790 2.6215343803573767
1791 2.0536544341350877
1792 2.0536544341350877
1793 1.8250011757032696
1794 1.8250011757032696
1795 2.8766070950524374
1796 2.8766070950524374
1797 2.353523092810918
1798 2.353523092810918
1799 2.743074938647472
1800 2.743074938647472
1801 1.383993050717643
1802 1.383993050717643
1803 2.906711874538473
1804 2.906711874538473
1805 3.318911331150374
1806 3.318911331150374
1807 2.5844312288149047
1808 2.5844312288149047
1809 2.38643103685085
1810 2.38643103685085
1811 2.6565890597847877
1812 2.6565890597847877
1813 2.804527497840851
1814 2.804527497840851
1815 2.9632010144382654
1816 2.9632010144382654
1817 2.693569132840306
1818 2.693569132840306
1819 2.886660107895162
1820 2.886660107895162
1821 2.4257923185367996
1822 2.4257923185367996
1823 3.107109680585274
1824 3.373233900198484
1825 3.373233900198484
1826 2.9561906701481346
1827 2.9561906701481346
1828 2.4146639819813407
1829 2.4146639819813407
1830 2.67162193882559
1831 2.67162193882559
1832 2.5365882798125243
1833 2.5365882798125243
1834 2.5273833889173347
1835 2.5273833889173347
1836 2.753259006614475
1837 2.753259006614475
1838 2.5382068580011374
1839 2.5382068580011374
1840 3.9161137963587085
1841 3.9161137963587085
1842 2.481092352773926
1843 2.481092352773926
1844 3.006402610466889
1845 3.006402610466889
1846 3.4529037858880436
1847 3.4529037858880436
1848 2.5304404392146536
1849 2.5304404392146536
1850 2.96904860123294
1851 2.96904860123294
1852 2.276583058315949
1853 2.276583058315949
1854 3.651810982769553
1855 3.651810982769553
1856 3.925831297995074
1857 3.925831297995074
1858 2.9768628828967603
1859 2.9768628828967603
1860 2.6427153689254497
1861 2.6427153689254497
1862 1.381048297486931
1863 1.381048297486931
1864 3.086512903075118
1865 3.086512903075118
1866 3.40593128742134
1867 3.40593128742134
1868 2.8746362491844617
1869 2.8746362491844617
1870 2.95947945393124
1871 2.95947945393124
1872 2.5911861672220415
1873 2.5911861672220415
1874 2.827556518573859
1875 2.827556518573859
1876 3.580226573300118
1877 3.580226573300118
1878 2.520348939380741
1879 2.520348939380741
1880 2.9253960770994185
1881 2.9253960770994185
1882 2.714189838928043
1883 2.714189838928043
1884 3.1757968430825416
1885 3.1757968430825416
1886 3.1513121776372897
1887 3.1513121776372897
1888 3.3044115969702426
1889 3.3044115969702426
1890 2.479593287748042
1891 1.3065305669738845
1892 1.3065305669738845
1893 0.7498059081796866
1894 0.7498059081796866
1895 1.307224702939056
1896 1.307224702939056
1897 0.8767906188845468
1898 0.8767906188845468
1899 0.47347753134257564
1900 0.47347753134257564
1901 1.1868839858106972
1902 1.1868839858106972
1903 1.2063296816795617
1904 1.2063296816795617
1905 0.9333411934555342
1906 0.9333411934555342
1907 0.9624868372130544
1908 0.9624868372130544
1909 1.2473929710677911
1910 1.2473929710677911
1911 1.3699299092438095
1912 1.3699299092438095
1913 0.7791587735900152
1914 2.5694530422606334
1915 2.5694530422606334
1916 2.8105782911734694
1917 2.8105782911734694
1918 2.6115537773426367
1919 2.6115537773426367
1920 1.8646714793277765
1921 1.8646714793277765
1922 1.9862048164478714
1923 1.9862048164478714
1924 2.4657803634345057
1925 2.4657803634345057
1926 2.6755393044610334
1927 2.6755393044610334
1928 3.5655144444711206
1929 3.5655144444711206
1930 3.0790209916598625
1931 3.0790209916598625
1932 2.805161744557151
1933 2.805161744557151
1934 2.4849289264488075
1935 2.4849289264488075
1936 4.40805844831341
1937 4.40805844831341
1938 4.827313464042536
1939 4.827313464042536
1940 4.464846612175562
1941 4.464846612175562
1942 4.127357088532298
1943 4.127357088532298
1944 3.6740609497598054
1945 3.6740609497598054
1946 3.4994620390961573
1947 3.4994620390961573
1948 3.3846438293152654
1949 3.3846438293152654
1950 4.499223358737659
1951 4.499223358737659
1952 3.895900355361938
1953 3.895900355361938
1954 4.0986575027686385
1955 4.0986575027686385
1956 3.106261353450767
1957 3.106261353450767
1958 3.692744845470525
1959 3.692744845470525
1960 4.675108316283583
1961 4.675108316283583
1962 2.4462721750471195
1963 2.4462721750471195
1964 3.528497349040638
1965 3.528497349040638
1966 3.4386625396666135
1967 3.4386625396666135
1968 3.0656940455450474
1969 3.0656940455450474
1970 4.576356487569917
1971 4.576356487569917
1972 4.719132733784537
1973 4.719132733784537
1974 2.9470817961495914
1975 2.9470817961495914
1976 2.903455989809663
1977 2.903455989809663
1978 3.697249753618757
1979 3.697249753618757
1980 3.3318894200343703
1981 3.3318894200343703
1982 4.164431792294798
1983 4.164431792294798
1984 4.068835875157781
1985 4.068835875157781
1986 4.324874149759276
1987 4.324874149759276
1988 3.3474461009881837
1989 3.3474461009881837
1990 2.3063884987120398
1991 2.3063884987120398
1992 3.73595167053439
1993 3.73595167053439
1994 4.046682387034615
1995 4.046682387034615
1996 3.1181975623840814
1997 3.1181975623840814
1998 2.8681380450447267
1999 2.8681380450447267
