0 1.2989334925493372
1 1.2989334925493372
2 1.3253098383449493
3 1.3253098383449493
4 1.3998328763465684
5 1.3998328763465684
6 1.4742821290281463
7 1.4742821290281463
8 1.6416858972355675
9 1.6416858972355675
10 1.5937096048716115
11 1.5937096048716115
12 1.7163866272812591
13 1.7163866272812591
14 1.618800371013954
15 1.618800371013954
16 1.8249329144234114
17 1.8249329144234114
18 1.5110405485078147
19 1.5110405485078147
20 1.5771861944350387
21 1.5771861944350387
22 1.0899269520652708
23 1.0899269520652708
24 1.5766333777707413
25 1.5766333777707413
26 1.6904071417206719
27 1.6904071417206719
28 1.9676637786651514
29 1.9676637786651514
30 1.3251261104945156
31 1.3251261104945156
32 1.6300014242788894
33 1.6300014242788894
34 1.7599233300791306
35 1.7599233300791306
36 1.6170780279651
37 1.6170780279651
38 1.7744552947100731
39 1.7744552947100731
40 1.4137065716085646
41 1.4137065716085646
42 1.3533797123448583
43 1.3533797123448583
44 1.4735781186913885
45 1.4735781186913885
46 1.6680431041205608
47 1.6680431041205608
48 1.2098405603446931
49 1.2098405603446931
50 1.2740735389682354
51 1.2740735389682354
52 1.540909348881872
53 1.540909348881872
54 1.3991761951754775
55 1.3991761951754775
56 1.2697961223909444
57 1.2697961223909444
58 1.7476768693533877
59 1.7476768693533877
60 1.7172083935391869
61 1.7172083935391869
62 1.4986388312383148
63 1.4986388312383148
64 1.362856676931797
65 1.362856676931797
66 1.3703112013454386
67 1.3703112013454386
68 1.9660692699130653
69 1.9660692699130653
70 1.4812925521872602
71 1.4812925521872602
72 1.346992949682299
73 1.346992949682299
74 1.4051143676946465
75 1.4051143676946465
76 1.3386616949585077
77 1.3386616949585077
78 1.3198873337548367
79 1.3198873337548367
80 1.560917716109192
81 1.560917716109192
82 1.382724510937612
83 1.382724510937612
84 1.5890220445186793
85 1.5890220445186793
86 1.4654116483842925
87 1.4654116483842925
88 1.5206009575302804
89 1.5206009575302804
90 1.5827410623366391
91 1.5827410623366391
92 1.72840604270449
93 1.72840604270449
94 1.841348262183454
95 1.841348262183454
96 1.8942977158913847
97 1.8942977158913847
98 1.1904444466241353
99 1.1904444466241353
100 1.1131750319616673
101 1.1131750319616673
102 1.8885661789461383
103 1.8885661789461383
104 1.2143368252025972
105 1.2143368252025972
106 1.788440166570665
107 1.788440166570665
108 1.079222158904414
109 1.079222158904414
110 1.4856456503581286
111 1.4856456503581286
112 1.615108298129324
113 1.615108298129324
114 1.1835014590156265
115 1.1835014590156265
116 1.7085639370589378
117 1.7085639370589378
118 1.4171855809599971
119 1.4171855809599971
120 1.4385967796553327
121 1.4385967796553327
122 1.6145775810753753
123 1.6145775810753753
124 1.4392144128673907
125 1.4392144128673907
126 1.3342090088437875
127 1.3342090088437875
128 1.397488765613025
129 1.397488765613025
130 1.0589964026144196
131 1.0589964026144196
132 1.5664291761077125
133 1.5664291761077125
134 1.6446564132037576
135 1.6446564132037576
136 1.737142171615271
137 1.737142171615271
138 1.3584365583864462
139 1.3584365583864462
140 2.0698701127326817
141 2.0698701127326817
142 1.2904550348867998
143 1.2904550348867998
144 1.312327446409235
145 1.312327446409235
146 1.6915357331282483
147 1.6915357331282483
148 1.4209042973675665
149 1.4209042973675665
150 1.6031369979926198
151 1.6031369979926198
152 1.4215681848647799
153 1.4215681848647799
154 1.5708498005135234
155 1.5708498005135234
156 1.7638346715741817
157 1.7638346715741817
158 1.5086495802641016
159 1.5086495802641016
160 1.614240417376839
161 1.614240417376839
162 1.4289609686125988
163 1.4289609686125988
164 1.8709783484118954
165 1.8709783484118954
166 1.537365475538236
167 1.537365475538236
168 1.4471255125590137
169 1.4471255125590137
170 1.5613382583909134
171 1.5613382583909134
172 1.333368994107148
173 1.333368994107148
174 1.3142256955944212
175 1.3142256955944212
176 1.4914375601114405
177 1.4914375601114405
178 1.817321808087836
179 1.817321808087836
180 1.4142217815656113
181 1.4142217815656113
182 1.6922946944877557
183 1.6922946944877557
184 1.1723309056202857
185 1.1723309056202857
186 1.472495974342547
187 1.472495974342547
188 1.8346797078044852
189 1.8346797078044852
190 1.593676471312782
191 1.593676471312782
192 1.2714781805082178
193 1.2714781805082178
194 1.6612353898758387
195 1.6612353898758387
196 1.2917013702946998
197 1.2917013702946998
198 1.425404620184703
199 1.425404620184703
200 1.660218018370347
201 1.660218018370347
202 1.6882203969176972
203 1.6882203969176972
204 3.2973267232005727
205 3.2973267232005727
206 3.043364712128306
207 3.043364712128306
208 3.329987891293289
209 3.329987891293289
210 3.87313354935757
211 3.87313354935757
212 3.3146245640533967
213 3.3146245640533967
214 3.4077767317514924
215 3.4077767317514924
216 3.8106421988096555
217 3.8106421988096555
218 3.877670654671479
219 3.877670654671479
220 2.801183370829851
221 2.801183370829851
222 2.5496804964092714
223 2.5496804964092714
224 4.005097458525665
225 4.005097458525665
226 3.649497882379211
227 3.649497882379211
228 3.686460780622889
229 3.686460780622889
230 2.9498414146624645
231 2.9498414146624645
232 3.5616367868683634
233 3.5616367868683634
234 3.5628961039904525
235 3.5628961039904525
236 3.32625395200041
237 3.32625395200041
238 2.2664162819779516
239 2.2664162819779516
240 4.002687978009331
241 4.002687978009331
242 3.5063875300666285
243 3.5063875300666285
244 2.720860470640951
245 2.720860470640951
246 3.4363170624805037
247 3.4363170624805037
248 3.7442700586365074
249 3.7442700586365074
250 3.779321513125623
251 3.779321513125623
252 3.229479112631984
253 3.229479112631984
254 3.3914914788372026
255 3.3914914788372026
256 4.146617517462069
257 4.146617517462069
258 2.754636915217446
259 2.754636915217446
260 3.3534590032450464
261 3.3534590032450464
262 3.35813728286331
263 3.35813728286331
264 3.339766522245743
265 3.339766522245743
266 3.4401677759502896
267 3.4401677759502896
268 3.5871377414527674
269 3.5871377414527674
270 3.211679593574668
271 3.211679593574668
272 4.235816362856435
273 4.235816362856435
274 2.6566196285896986
275 2.6566196285896986
276 3.408470442263073
277 3.408470442263073
278 3.143224816411091
279 3.143224816411091
280 3.453712511249388
281 3.453712511249388
282 3.240448946641794
283 3.240448946641794
284 3.238411802782027
285 3.238411802782027
286 3.97346274422553
287 3.97346274422553
288 3.109141321084864
289 3.109141321084864
290 2.9795823476792345
291 2.9795823476792345
292 2.082236520047835
293 2.082236520047835
294 3.5182005815805337
295 3.5182005815805337
296 3.0698727615760615
297 3.0698727615760615
298 2.4381862672955927
299 2.4381862672955927
300 3.179139248591673
301 3.179139248591673
302 3.554420948851694
303 3.554420948851694
304 3.5871337354801582
305 3.5871337354801582
306 3.177001640515815
307 3.177001640515815
308 3.448689262409383
309 3.448689262409383
310 3.611524698945988
311 3.611524698945988
312 4.765356880277221
313 4.765356880277221
314 2.943652521454751
315 2.943652521454751
316 1.6160783379847268
317 1.6160783379847268
318 1.4322107879256574
319 1.4322107879256574
320 1.672799834698519
321 1.672799834698519
322 1.6355548266955788
323 4.222860543750119
324 2.2094314832872266
325 2.2094314832872266
326 2.0997268735085712
327 2.0997268735085712
328 2.107765576862161
329 2.107765576862161
330 1.9057317806358642
331 1.9057317806358642
332 1.6107721285724041
333 1.6107721285724041
334 2.1798523152492275
335 2.1798523152492275
336 1.6647508099230754
337 1.6647508099230754
338 1.801511870250645
339 1.801511870250645
340 1.8794504185276772
341 1.8794504185276772
342 1.367860734437049
343 1.367860734437049
344 2.3495494412491653
345 2.3495494412491653
346 1.8646099329117545
347 1.8646099329117545
348 2.087713410888579
349 2.087713410888579
350 2.260932266441881
351 2.260932266441881
352 1.9815580282967589
353 1.9815580282967589
354 1.909810876889769
355 1.909810876889769
356 2.34645392344586
357 2.34645392344586
358 1.8632441443461765
359 0.17520527801227584
360 0.17520527801227584
361 0.2322578092832981
362 0.2322578092832981
363 0.24961441145573693
364 0.24961441145573693
365 0.16443747056575184
366 0.16443747056575184
367 0.2386527650536096
368 0.2386527650536096
369 0.20365967109009034
370 0.20365967109009034
371 0.1870510386820349
372 0.1870510386820349
373 0.22967553323444787
374 2.8027483831596096
375 2.8027483831596096
376 3.4785852472012078
377 3.4785852472012078
378 2.7686823594980474
379 2.7686823594980474
380 3.10764943084919
381 3.10764943084919
382 3.1978539017242698
383 3.1978539017242698
384 2.736013418131507
385 2.736013418131507
386 3.2389027217083064
387 3.2389027217083064
388 2.565892756495014
389 2.565892756495014
390 3.370339719972014
391 3.370339719972014
392 2.8367440151229197
393 2.8367440151229197
394 2.669443812657914
395 2.669443812657914
396 3.066188946437513
397 3.066188946437513
398 2.490303581570729
399 2.490303581570729
400 2.6906512705455983
401 2.6906512705455983
402 2.160424109453041
403 2.160424109453041
404 2.601834008657172
405 2.601834008657172
406 2.685607247792667
407 2.685607247792667
408 3.548428683683804
409 3.548428683683804
410 3.2183787657982834
411 3.2183787657982834
412 3.2343070404046466
413 3.2343070404046466
414 2.98140484628904
415 2.5266513293918638
416 2.5266513293918638
417 2.7883898231827353
418 2.7883898231827353
419 2.0012292834930654
420 2.0012292834930654
421 2.381572603937253
422 2.381572603937253
423 2.2926373695600915
424 2.2926373695600915
425 2.6166019987246223
426 2.6166019987246223
427 2.4459337691269276
428 2.4459337691269276
429 2.981035831417705
430 2.981035831417705
431 2.642470292316317
432 2.642470292316317
433 2.269605955710586
434 2.269605955710586
435 1.1811599269033557
436 1.1811599269033557
437 1.1540858210202962
438 1.1540858210202962
439 2.066099801401189
440 2.066099801401189
441 3.0659028186964488
442 3.0659028186964488
443 2.1336391676645787
444 2.1336391676645787
445 2.20414475256373
446 2.20414475256373
447 1.7592783907972622
448 1.7592783907972622
449 2.6266834043453384
450 2.6266834043453384
451 2.080938871413534
452 2.080938871413534
453 2.586424368324366
454 2.586424368324366
455 2.237390531195042
456 2.237390531195042
457 2.4900410753627833
458 2.4900410753627833
459 1.944086096131137
460 1.944086096131137
461 2.6495354815348797
462 2.6495354815348797
463 2.891238152861186
464 2.891238152861186
465 2.3832453978909776
466 2.3832453978909776
467 2.949397108631948
468 2.949397108631948
469 2.2665028708634027
470 2.2665028708634027
471 2.2567276631560547
472 2.2567276631560547
473 3.1142428805465436
474 3.1142428805465436
475 2.2772185856892273
476 2.2772185856892273
477 3.0687445449179496
478 3.0687445449179496
479 2.2293975301369224
480 2.2293975301369224
481 2.5750542764155453
482 2.5750542764155453
483 3.710313060610309
484 3.710313060610309
485 4.729950992198628
486 4.729950992198628
487 3.597754190286294
488 3.597754190286294
489 4.851850833941601
490 4.851850833941601
491 3.557071221079076
492 3.557071221079076
493 3.7484198890012865
494 3.7484198890012865
495 4.970739906202951
496 4.970739906202951
497 3.4507247337821636
498 3.4507247337821636
499 5.24608842933333
500 5.24608842933333
501 4.498950413430232
502 4.498950413430232
503 1.414013333005216
504 1.414013333005216
505 1.813488047825468
506 1.813488047825468
507 1.5311403285308662
508 1.5311403285308662
509 1.4078415758273568
510 1.4078415758273568
511 1.69047276678338
512 1.69047276678338
513 1.5533887317186836
514 1.5533887317186836
515 1.4119101424006377
516 1.4119101424006377
517 1.7112420260908676
518 1.7112420260908676
519 1.706134435613681
520 1.706134435613681
521 1.5826269342703663
522 1.5826269342703663
523 1.7975842768110735
524 1.7975842768110735
525 1.1665798437577937
526 1.1665798437577937
527 1.607030663152809
528 1.607030663152809
529 1.4853346359269233
530 1.4853346359269233
531 1.7165308972655067
532 1.7165308972655067
533 1.6654842030870214
534 1.6654842030870214
535 1.4793296099841784
536 1.4793296099841784
537 1.3789353725119136
538 1.4129954465432302
539 1.4129954465432302
540 1.8477819657776022
541 1.8477819657776022
542 2.1203399802797467
543 2.1203399802797467
544 2.4412337991277555
545 2.4412337991277555
546 1.7378104043198694
547 1.7378104043198694
548 1.9404358204694712
549 1.9404358204694712
550 2.181389471290311
551 2.181389471290311
552 2.611699444254696
553 2.611699444254696
554 2.2788543179178014
555 2.2788543179178014
556 2.0324600604192833
557 2.0324600604192833
558 2.0253049925287328
559 2.0253049925287328
560 2.2228360242733385
561 2.2228360242733385
562 1.9608881755867922
563 1.9608881755867922
564 2.2797688147229063
565 2.2797688147229063
566 2.3174672295425673
567 2.3174672295425673
568 1.8841900323355765
569 1.8841900323355765
570 2.36450917270753
571 2.36450917270753
572 2.113614576801788
573 2.113614576801788
574 2.2037808960734377
575 2.2037808960734377
576 1.9944499152528756
577 1.9944499152528756
578 2.3043958004213314
579 2.3043958004213314
580 2.1202343754045985
581 2.1202343754045985
582 2.3591120249497117
583 2.3591120249497117
584 1.615767494397748
585 1.615767494397748
586 2.2638606200074523
587 2.2638606200074523
588 1.7516583840989124
589 1.7516583840989124
590 1.814112291983763
591 1.814112291983763
592 1.6061187437327233
593 1.6061187437327233
594 1.9642518210656688
595 1.9642518210656688
596 1.6725044627128938
597 1.6725044627128938
598 1.8123234868741078
599 1.8123234868741078
600 1.9352520680203305
601 1.9352520680203305
602 2.166945081854828
603 2.166945081854828
604 2.0648332458551524
605 2.0648332458551524
606 2.0144240927760513
607 2.0144240927760513
608 1.6572268598223536
609 1.6572268598223536
610 2.3190061437688705
611 2.3190061437688705
612 1.7827155823550789
613 1.7827155823550789
614 2.08977149553092
615 2.08977149553092
616 1.835811850067953
617 1.835811850067953
618 1.6379901834196589
619 1.6379901834196589
620 2.2703813153917043
621 2.2703813153917043
622 2.3512441254246847
623 2.3512441254246847
624 1.8804138608808965
625 1.8804138608808965
626 2.431300556630754
627 2.431300556630754
628 2.209982914540316
629 2.209982914540316
630 1.6490596153388413
631 1.6490596153388413
632 2.0753363903801847
633 2.0753363903801847
634 1.7333887907313321
635 1.7333887907313321
636 2.1749264782813382
637 2.1749264782813382
638 2.70704827762212
639 2.70704827762212
640 2.0875777008518446
641 2.0875777008518446
642 1.6516905445400403
643 1.6516905445400403
644 1.6236203518942702
645 1.6236203518942702
646 2.1983310771797027
647 2.1983310771797027
648 2.4048241645803436
649 2.4048241645803436
650 1.4715341486465618
651 1.4715341486465618
652 2.265839849058926
653 2.265839849058926
654 1.8665667718080718
655 1.8665667718080718
656 2.1413838298883503
657 2.1413838298883503
658 1.6982329589864646
659 1.6982329589864646
660 1.9162761597692346
661 1.9162761597692346
662 2.190735765875783
663 2.190735765875783
664 1.731257285484945
665 1.731257285484945
666 1.8801243397855179
667 1.8801243397855179
668 1.7315630061077196
669 1.7315630061077196
670 1.865468959251474
671 1.865468959251474
672 2.092215836542622
673 2.092215836542622
674 2.3350909490598935
675 2.3350909490598935
676 2.2738183951317046
677 2.2738183951317046
678 1.4935647254742292
679 1.4935647254742292
680 2.2077981487034526
681 2.2077981487034526
682 2.0537258574935877
683 2.0537258574935877
684 1.7219691246807731
685 1.7219691246807731
686 2.1171860782821375
687 2.1171860782821375
688 1.9773356987292912
689 1.9773356987292912
690 2.1543454742795802
691 2.1543454742795802
692 1.6701958065283464
693 1.6701958065283464
694 2.038694989205659
695 2.038694989205659
696 2.225037970320338
697 2.225037970320338
698 1.8840527530188083
699 1.8840527530188083
700 1.5696540806666293
701 1.5696540806666293
702 1.9053265497755254
703 1.9053265497755254
704 1.9778880189437205
705 1.9778880189437205
706 2.1393995647151027
707 2.1393995647151027
708 2.234066816519627
709 2.234066816519627
710 2.3444430130959244
711 2.3444430130959244
712 1.8490721013247138
713 1.8490721013247138
714 1.86505142675322
715 1.86505142675322
716 1.9296680501085584
717 1.9296680501085584
718 1.6951090625615337
719 1.6951090625615337
720 2.2000041247728914
721 2.2000041247728914
722 1.5740194677348187
723 1.5740194677348187
724 1.6812050781532006
725 1.6812050781532006
726 1.9153966686334802
727 1.9153966686334802
728 2.065211034182425
729 2.065211034182425
730 2.0807478952631313
731 2.0807478952631313
732 1.6890454627234672
733 1.6890454627234672
734 2.3548609970389625
735 2.3548609970389625
736 2.2751895515467435
737 2.2751895515467435
738 2.2298693431854986
739 2.2298693431854986
740 1.7620792047390799
741 1.7620792047390799
742 1.9677359019848324
743 1.9677359019848324
744 1.6865341412500252
745 1.6865341412500252
746 2.06899897057039
747 2.06899897057039
748 1.835251160569125
749 1.835251160569125
750 1.6914563967708305
751 1.6914563967708305
752 1.9014278402835487
753 1.9014278402835487
754 1.6624163575478539
755 1.6624163575478539
756 1.6711778926286605
757 1.6711778926286605
758 2.399322408972275
759 2.399322408972275
760 2.2576720387189297
761 2.2576720387189297
762 1.8084196570828894
763 1.8084196570828894
764 1.8254834375458873
765 1.8254834375458873
766 2.1859553107665395
767 2.1859553107665395
768 1.6862675891427275
769 1.6862675891427275
770 2.346118299591433
771 2.346118299591433
772 2.0235520398761015
773 2.0235520398761015
774 2.0574199124860924
775 2.0574199124860924
776 2.105618606733661
777 2.105618606733661
778 2.1335458887693584
779 2.1335458887693584
780 2.0311363078604328
781 2.0311363078604328
782 2.1447132975668843
783 2.1447132975668843
784 1.82334433624389
785 1.82334433624389
786 1.8254828304548418
787 2.9114643028167646
788 2.9114643028167646
789 2.4489764015294715
790 2.4489764015294715
791 2.3368337173263107
792 2.3368337173263107
793 2.7006402014656774
794 2.7006402014656774
795 2.59452714845276
796 2.59452714845276
797 2.3262866855932676
798 2.3262866855932676
799 2.410030158159383
800 2.410030158159383
801 1.9688835455674734
802 1.9688835455674734
803 1.9707601935185313
804 1.9707601935185313
805 2.9341903180505065
806 2.9341903180505065
807 3.001726741836546
808 3.001726741836546
809 2.476056283767836
810 2.476056283767836
811 2.812980426704539
812 2.812980426704539
813 2.3581642843614237
814 2.3581642843614237
815 2.4546891600067804
816 2.4546891600067804
817 2.721938084442164
818 2.721938084442164
819 3.377051201794478
820 3.377051201794478
821 2.439357053997212
822 2.439357053997212
823 2.432323071172249
824 2.432323071172249
825 1.8903708818001634
826 1.8903708818001634
827 2.6152211429265613
828 2.6152211429265613
829 2.1621525842858604
830 2.1621525842858604
831 2.9454286393238154
832 2.9454286393238154
833 2.5688826670036486
834 2.5688826670036486
835 2.5128451057761723
836 2.5128451057761723
837 1.7446399799975976
838 1.7446399799975976
839 2.2565497953196494
840 2.2565497953196494
841 2.560428284736538
842 2.560428284736538
843 3.1619715489839093
844 3.1619715489839093
845 2.3509386918020216
846 2.3509386918020216
847 2.777181930346568
848 2.777181930346568
849 2.4303222496440773
850 2.4303222496440773
851 2.8081188311649683
852 2.8081188311649683
853 2.8928400987036165
854 2.8928400987036165
855 2.4440035341445494
856 2.8046224590146833
857 2.8046224590146833
858 2.982439303300368
859 2.982439303300368
860 3.2356991066900354
861 3.2356991066900354
862 3.3348480504573716
863 3.3348480504573716
864 4.32919132834831
865 4.32919132834831
866 3.267718519890086
867 3.267718519890086
868 3.25205043405429
869 3.25205043405429
870 3.7458404626445243
871 3.7458404626445243
872 2.9701664749113346
873 2.9701664749113346
874 3.7754379938862113
875 3.7754379938862113
876 3.311330697039174
877 3.311330697039174
878 3.5069718783026738
879 3.5069718783026738
880 2.958241683530294
881 2.958241683530294
882 3.468259229615081
883 3.468259229615081
884 3.491801349832357
885 3.491801349832357
886 3.7449794549773396
887 3.7449794549773396
888 2.8223839442111367
889 2.8223839442111367
890 1.2459666335083952
891 1.2459666335083952
892 1.4897036790286777
893 1.4897036790286777
894 1.143968110672998
895 1.143968110672998
896 1.1290059734975975
897 1.1290059734975975
898 1.0812230253129076
899 1.0812230253129076
900 1.134378249712281
901 1.134378249712281
902 1.0641591742453627
903 1.0641591742453627
904 0.9193114469652545
905 0.9193114469652545
906 2.834024076978902
907 2.834024076978902
908 2.8213143548767983
909 2.8213143548767983
910 3.2685483454563697
911 3.2685483454563697
912 3.8539064569133075
913 3.8539064569133075
914 2.4685216553331175
915 2.4685216553331175
916 3.261303801987653
917 3.261303801987653
918 3.0571783587832346
919 3.0571783587832346
920 2.7365097485019847
921 2.7365097485019847
922 2.7783591706610062
923 2.7783591706610062
924 3.626263642649528
925 3.626263642649528
926 2.5230862804354452
927 2.5230862804354452
928 3.5057554376206688
929 3.5057554376206688
930 2.3009393697012115
931 2.3009393697012115
932 2.8862463843682336
933 2.8862463843682336
934 2.753081858211606
935 2.753081858211606
936 2.557978816526781
937 2.557978816526781
938 2.9530424109689055
939 2.9530424109689055
940 3.867862837031346
941 3.867862837031346
942 2.7690173054016296
943 2.7690173054016296
944 2.7095350859157974
945 2.7095350859157974
946 2.6466893131853086
947 2.6466893131853086
948 3.549079635947892
949 3.549079635947892
950 3.012985114774784
951 3.012985114774784
952 3.4458269217815456
953 3.4458269217815456
954 2.874769111138876
955 2.874769111138876
956 2.9956223522621146
957 2.9956223522621146
958 3.2028716633675898
959 3.2028716633675898
960 3.0295408858101034
961 3.0295408858101034
962 2.7898757281205584
963 2.7898757281205584
964 2.9820621425966376
965 2.9820621425966376
966 2.829144448256846
967 2.829144448256846
968 2.927546335279155
969 2.927546335279155
970 2.8403892903503234
971 3.213945711324294
972 3.213945711324294
973 3.394217853538135
974 3.394217853538135
975 4.61250087840018
976 4.61250087840018
977 3.3331560194554983
978 3.3331560194554983
979 4.037362186127709
980 4.037362186127709
981 4.267675975031595
982 4.267675975031595
983 3.4714279512750776
984 3.4714279512750776
985 3.648328344662098
986 3.648328344662098
987 3.7970158792566715
988 3.7970158792566715
989 3.929925235939649
990 3.929925235939649
991 3.234700637876792
992 3.234700637876792
993 3.5545451919972644
994 3.5545451919972644
995 3.4230360193504548
996 3.4230360193504548
997 3.575420149882394
998 3.575420149882394
999 3.667440129444001
1000 3.667440129444001
1001 3.391761488298354
1002 3.391761488298354
1003 3.030554329614089
1004 3.030554329614089
1005 3.3767198599279284
1006 3.3767198599279284
1007 2.7118464749602507
1008 2.7118464749602507
1009 3.3174959563017903
1010 3.3174959563017903
1011 3.2781500791103193
1012 3.2781500791103193
1013 3.8937947322751447
1014 3.8937947322751447
1015 3.0617579967473314
1016 3.0617579967473314
1017 2.458763270885748
1018 2.458763270885748
1019 3.5181641105472905
1020 3.5181641105472905
1021 3.536520405637034
1022 3.536520405637034
1023 3.1244625810666946
1024 3.1244625810666946
1025 3.7795372613316807
1026 3.7795372613316807
1027 3.4432337779084716
1028 3.4432337779084716
1029 3.4247213295075203
1030 3.4247213295075203
1031 2.963047912146227
1032 2.963047912146227
1033 3.220880814142782
1034 3.220880814142782
1035 3.203504604664455
1036 3.203504604664455
1037 3.5587214270701275
1038 3.5587214270701275
1039 3.140606008328494
1040 3.140606008328494
1041 3.322342137617748
1042 3.322342137617748
1043 3.2262544691197816
1044 3.2262544691197816
1045 3.967566921251561
1046 3.967566921251561
1047 3.5374796025822874
1048 3.5374796025822874
1049 2.9070995920199567
1050 2.9070995920199567
1051 3.004458262051394
1052 3.004458262051394
1053 3.2451281738863202
1054 3.2451281738863202
1055 3.130938884741229
1056 3.130938884741229
1057 3.688259054903593
1058 3.688259054903593
1059 3.080038020817698
1060 3.080038020817698
1061 3.398074542168026
1062 3.398074542168026
1063 2.9585005595512395
1064 2.9585005595512395
1065 3.863103574390353
1066 3.863103574390353
1067 3.7952452060715554
1068 3.7952452060715554
1069 3.2530526024406194
1070 3.2530526024406194
1071 2.8321297625589885
1072 2.8321297625589885
1073 0.8614958455014219
1074 0.8614958455014219
1075 0.6983607290553837
1076 0.6983607290553837
1077 0.47933452033881574
1078 0.47933452033881574
1079 0.6925607359153529
1080 0.6925607359153529
1081 0.6986079019145703
1082 0.6986079019145703
1083 0.5030810181969227
1084 0.5030810181969227
1085 0.7118488751622327
1086 0.7118488751622327
1087 0.6802827794188239
1088 0.6802827794188239
1089 0.6793191237374082
1090 0.6793191237374082
1091 0.5913572375109816
1092 0.5913572375109816
1093 0.8268793492632436
1094 0.8268793492632436
1095 0.5384247591947947
1096 0.5384247591947947
1097 0.6823788278043452
1098 0.6823788278043452
1099 0.796595770088665
1100 0.796595770088665
1101 0.5479943344902574
1102 0.5479943344902574
1103 0.6644897880060573
1104 0.6644897880060573
1105 0.7430704380531584
1106 0.7430704380531584
1107 0.580081785836788
1108 0.580081785836788
1109 0.6522344665328186
1110 0.6522344665328186
1111 0.5811913746782201
1112 0.5811913746782201
1113 5.523581515603476
1114 5.523581515603476
1115 4.110688148220464
1116 4.110688148220464
1117 4.224118117898914
1118 4.224118117898914
1119 4.577437551027559
1120 4.577437551027559
1121 3.715803109292882
1122 3.715803109292882
1123 3.53437616347135
1124 3.53437616347135
1125 4.314140193209465
1126 4.314140193209465
1127 3.601906042798706
1128 3.601906042798706
1129 2.8740683421042252
1130 2.8740683421042252
1131 3.8368648877247664
1132 3.8368648877247664
1133 4.591456524378321
1134 4.591456524378321
1135 3.489654054424766
1136 3.489654054424766
1137 3.4101460799988006
1138 3.4101460799988006
1139 3.833615714480403
1140 3.833615714480403
1141 4.032117596255296
1142 4.032117596255296
1143 3.9529790543060095
1144 3.9529790543060095
1145 4.41316263402153
1146 4.41316263402153
1147 3.096012850456707
1148 3.096012850456707
1149 3.1605055227874055
1150 3.1605055227874055
1151 3.9178130938531885
1152 3.9178130938531885
1153 0.5269144243914975
1154 0.5269144243914975
1155 0.5868089248730817
1156 0.5868089248730817
1157 0.5620424395782704
1158 0.5620424395782704
1159 0.5774365180619494
1160 0.5774365180619494
1161 0.5973331757260977
1162 0.5973331757260977
1163 0.47748318153620367
1164 0.47748318153620367
1165 0.6919900189301393
1166 0.6919900189301393
1167 0.6119663649029538
1168 0.6119663649029538
1169 0.6041485621227545
1170 0.6041485621227545
1171 0.7092419552313668
1172 0.7092419552313668
1173 0.7348828484459938
1174 0.7348828484459938
1175 0.6959789561888781
1176 0.6959789561888781
1177 0.49018308264144733
1178 0.49018308264144733
1179 0.5631811219675815
1180 0.5631811219675815
1181 0.7894554238112919
1182 0.7894554238112919
1183 0.4999118855310697
1184 0.4999118855310697
1185 0.6315986832089511
1186 0.6315986832089511
1187 0.535526505209621
1188 0.535526505209621
1189 0.5825754981360066
1190 0.5825754981360066
1191 0.5148877781328604
1192 0.5148877781328604
1193 0.6262496637296674
1194 0.6262496637296674
1195 0.6550696364731096
1196 0.6550696364731096
1197 0.6795423432842933
1198 0.6795423432842933
1199 0.6338504636996705
1200 0.6338504636996705
1201 0.8189121750745815
1202 0.8189121750745815
1203 0.4704794833290533
1204 0.4704794833290533
1205 0.5144482266682506
1206 0.5144482266682506
1207 0.570058827287726
1208 0.570058827287726
1209 0.37860439381736605
1210 0.37860439381736605
1211 0.5888904046793658
1212 0.5888904046793658
1213 0.6250558088269766
1214 0.6250558088269766
1215 0.7273418923850156
1216 0.7273418923850156
1217 0.5255745308658333
1218 0.5255745308658333
1219 0.6918830561891512
1220 0.6918830561891512
1221 0.7514218626825638
1222 0.7514218626825638
1223 0.6919939471691152
1224 0.6919939471691152
1225 0.6813647774787487
1226 0.6813647774787487
1227 0.6197292934719958
1228 0.6197292934719958
1229 0.5158705152241905
1230 0.5158705152241905
1231 0.615836248280352
1232 0.615836248280352
1233 0.6037662495759336
1234 0.6037662495759336
1235 0.7083357709244567
1236 0.7083357709244567
1237 0.5927733306409159
1238 0.5927733306409159
1239 0.7912181595894847
1240 0.7912181595894847
1241 0.5836726493006541
1242 0.5836726493006541
1243 0.7010981235276486
1244 0.7010981235276486
1245 0.6919337425461504
1246 0.6919337425461504
1247 0.6891218973379902
1248 0.6891218973379902
1249 0.7071856824630169
1250 0.7071856824630169
1251 0.563828923648357
1252 0.563828923648357
1253 0.6389732776276982
1254 0.6389732776276982
1255 0.6685440100076457
1256 0.6685440100076457
1257 0.6792147530671901
1258 0.6792147530671901
1259 0.5530504802431874
1260 0.5530504802431874
1261 0.5261343630177846
1262 0.5261343630177846
1263 0.6748633715821347
1264 0.6748633715821347
1265 0.7221696610329021
1266 0.7221696610329021
1267 0.56244968071565
1268 0.56244968071565
1269 0.7179535043625803
1270 0.7179535043625803
1271 0.8625065183734333
1272 0.8625065183734333
1273 0.6983232712021794
1274 0.6983232712021794
1275 0.5310832807147711
1276 0.5310832807147711
1277 0.7599474136332024
1278 0.7599474136332024
1279 0.7119452278628229
1280 0.7119452278628229
1281 0.6902686784479449
1282 0.6902686784479449
1283 0.60473683736861
1284 0.60473683736861
1285 0.7448719777879823
1286 0.7448719777879823
1287 0.8043000326537023
1288 0.8043000326537023
1289 0.623171708736114
1290 0.623171708736114
1291 0.6540919633379992
1292 0.6540919633379992
1293 0.6276583971997591
1294 0.6276583971997591
1295 0.7547425842413041
1296 0.7547425842413041
1297 0.7064809927214338
1298 0.7064809927214338
1299 0.6161808835916636
1300 0.6161808835916636
1301 0.6396635140134005
1302 0.6396635140134005
1303 0.677048434221306
1304 0.677048434221306
1305 0.7045758098105296
1306 0.7045758098105296
1307 0.5682715254466677
1308 0.5682715254466677
1309 0.6944259577633636
1310 0.6944259577633636
1311 0.5987911637730958
1312 0.5987911637730958
1313 0.6319224152594292
1314 0.6319224152594292
1315 0.5857589489646557
1316 0.5857589489646557
1317 0.7660023717421872
1318 0.7660023717421872
1319 0.6157660961879411
1320 0.6157660961879411
1321 0.6559687569590077
1322 0.6559687569590077
1323 0.5877370986759839
1324 0.5877370986759839
1325 0.6646197867584733
1326 0.6646197867584733
1327 0.6405960046258745
1328 0.6405960046258745
1329 0.7304470455488714
1330 0.7304470455488714
1331 0.5851781763521459
1332 0.5851781763521459
1333 0.6699789142727708
1334 0.6699789142727708
1335 0.8379563434957915
1336 0.8379563434957915
1337 0.5768736086171069
1338 0.5768736086171069
1339 0.5773874186231065
1340 0.5773874186231065
1341 0.6454261778735465
1342 0.6454261778735465
1343 0.6266476078153446
1344 0.6266476078153446
1345 0.5708578455505989
1346 0.5708578455505989
1347 0.772520949601904
1348 0.772520949601904
1349 0.4669792313986916
1350 0.4669792313986916
1351 0.7825771156608385
1352 0.7825771156608385
1353 0.5948263881586012
1354 0.5948263881586012
1355 0.7307447243804391
1356 0.7307447243804391
1357 0.6861033818312379
1358 0.6861033818312379
1359 0.7830807773812174
1360 0.7830807773812174
1361 0.6464866410636125
1362 3.672097175785314
1363 3.672097175785314
1364 3.4441632096176056
1365 3.4441632096176056
1366 3.3084261770208445
1367 3.3084261770208445
1368 4.128849898785588
1369 4.128849898785588
1370 3.3782300440308948
1371 3.3782300440308948
1372 3.65880345280316
1373 3.65880345280316
1374 3.758869519003892
1375 3.758869519003892
1376 3.4138942684412896
1377 3.4138942684412896
1378 2.6329802918079492
1379 2.6329802918079492
1380 3.3545018056306994
1381 3.3545018056306994
1382 4.523031497652503
1383 4.523031497652503
1384 3.2851434444282237
1385 3.2851434444282237
1386 3.858839541610206
1387 3.858839541610206
1388 3.522239368805149
1389 3.522239368805149
1390 3.4702902572893506
1391 3.4702902572893506
1392 3.539335836327368
1393 3.539335836327368
1394 2.9908005846618164
1395 2.9908005846618164
1396 3.678449257361596
1397 3.678449257361596
1398 2.677619354064172
1399 2.677619354064172
1400 3.71118951883521
1401 3.71118951883521
1402 3.5085835233708123
1403 3.5085835233708123
1404 3.0852619019504783
1405 3.0852619019504783
1406 3.495458230087533
1407 3.495458230087533
1408 4.065311539221991
1409 4.065311539221991
1410 3.0590202469885175
1411 3.0590202469885175
1412 3.471196945587034
1413 3.471196945587034
1414 3.0259349621042375
1415 3.0259349621042375
1416 4.139105827001425
1417 4.139105827001425
1418 3.317541178356994
1419 3.317541178356994
1420 3.7832491383033875
1421 3.7832491383033875
1422 3.3499959234949266
1423 3.3499959234949266
1424 3.5124268753157653
1425 3.5124268753157653
1426 3.059576100850386
1427 3.059576100850386
1428 3.863905726216802
1429 3.863905726216802
1430 3.731790107855442
1431 3.731790107855442
1432 3.1816521330406053
1433 3.1816521330406053
1434 3.483714603504775
1435 3.483714603504775
1436 4.284762914500344
1437 4.284762914500344
1438 3.7299958877837773
1439 3.7299958877837773
1440 3.765685881492002
1441 3.765685881492002
1442 3.4844047886950107
1443 3.4844047886950107
1444 3.007296986706059
1445 3.007296986706059
1446 3.3926766624102296
1447 3.3926766624102296
1448 2.9062188592553087
1449 2.9062188592553087
1450 3.645188294756951
1451 3.645188294756951
1452 3.3730415873523167
1453 3.3730415873523167
1454 2.856546066305218
1455 2.856546066305218
1456 3.1326472200342237
1457 3.1326472200342237
1458 3.772151955499432
1459 3.772151955499432
1460 3.6788172555834144
1461 3.6788172555834144
1462 3.8690805727472983
1463 3.8690805727472983
1464 3.4565721995745786
1465 3.4565721995745786
1466 3.4996369355284083
1467 3.4996369355284083
1468 3.3302312896253627
1469 3.3302312896253627
1470 3.6879885251351396
1471 3.6879885251351396
1472 3.596021668262716
1473 3.596021668262716
1474 3.842153615964123
1475 3.842153615964123
1476 2.200694736903225
1477 2.200694736903225
1478 3.829622692558396
1479 3.829622692558396
1480 3.3429261797915024
1481 3.3429261797915024
1482 3.1475829637573796
1483 3.1475829637573796
1484 3.217940641351833
1485 3.217940641351833
1486 2.6938165340521825
1487 2.6938165340521825
1488 3.9097681582892347
1489 3.9097681582892347
1490 3.3522497219598284
1491 3.3522497219598284
1492 3.3467329837207225
1493 3.3467329837207225
1494 3.7638509869207253
1495 3.7638509869207253
1496 4.026499857168355
1497 4.026499857168355
1498 3.7099335609004163
1499 3.7099335609004163
1500 2.467680349334233
1501 2.467680349334233
1502 2.632806658873237
1503 2.632806658873237
1504 3.0657084704293567
1505 3.0657084704293567
1506 3.678364062364066
1507 3.678364062364066
1508 2.472863542365546
1509 2.472863542365546
1510 3.78708968720504
1511 3.78708968720504
1512 4.00273085726686
1513 4.00273085726686
1514 3.6468174805535214
1515 3.6468174805535214
1516 2.9562649365564324
1517 2.9562649365564324
1518 3.649763589295464
1519 3.649763589295464
1520 3.931908351613936
1521 3.931908351613936
1522 4.0303003907675095
1523 1.7754159761127886
1524 1.7754159761127886
1525 1.3356056089943589
1526 1.3356056089943589
1527 1.3205443959903105
1528 1.3205443959903105
1529 1.9628711558409055
1530 1.9628711558409055
1531 1.1653434413320904
1532 1.1653434413320904
1533 1.8490350280729209
1534 1.8490350280729209
1535 1.6139005051874713
1536 1.6139005051874713
1537 1.158418142582076
1538 1.158418142582076
1539 1.4906911692955371
1540 1.4906911692955371
1541 1.6289220304062795
1542 1.6289220304062795
1543 1.5329159891645852
1544 1.5329159891645852
1545 1.5892812349745253
1546 1.5892812349745253
1547 1.672535761201516
1548 1.672535761201516
1549 1.5523217298597674
1550 1.5523217298597674
1551 1.428806410066409
1552 1.428806410066409
1553 1.1577380148985443
1554 4.324762232068436
1555 4.324762232068436
1556 3.2133755085379367
1557 3.2133755085379367
1558 2.96057627003686
1559 2.96057627003686
1560 3.393246246740716
1561 3.393246246740716
1562 2.536314440199371
1563 2.536314440199371
1564 2.967361266091048
1565 2.967361266091048
1566 3.4127915511444544
1567 3.4127915511444544
1568 3.424770182869461
1569 3.424770182869461
1570 2.780440144062936
1571 2.780440144062936
1572 3.625090387204342
1573 3.625090387204342
1574 3.813945171632309
1575 3.813945171632309
1576 4.248713364744524
1577 4.248713364744524
1578 3.5031570674059562
1579 3.5031570674059562
1580 3.5979782052963527
1581 3.5979782052963527
1582 2.878051033601427
1583 2.878051033601427
1584 3.116393756524518
1585 3.116393756524518
1586 3.0210870765427793
1587 3.0210870765427793
1588 2.5986474928830954
1589 2.5986474928830954
1590 3.1499844444966665
1591 3.1499844444966665
1592 3.7211118773071843
1593 3.7211118773071843
1594 2.860706398522952
1595 2.860706398522952
1596 3.5769594323827025
1597 3.5769594323827025
1598 3.308112764330868
1599 3.308112764330868
1600 3.527917654656805
1601 3.527917654656805
1602 3.3685984755169627
1603 3.3685984755169627
1604 3.371971408509938
1605 3.371971408509938
1606 3.844732601858833
1607 3.844732601858833
1608 2.7126530098796966
1609 2.7126530098796966
1610 3.445003163290128
1611 3.445003163290128
1612 4.137266325524363
1613 4.137266325524363
1614 3.5932927898654476
1615 3.5932927898654476
1616 4.019334526082404
1617 4.019334526082404
1618 3.279214062187162
1619 3.279214062187162
1620 3.2892702975897636
1621 3.2892702975897636
1622 2.7170086331386214
1623 2.7170086331386214
1624 2.706789032534808
1625 2.706789032534808
1626 3.37203391901832
1627 3.37203391901832
1628 3.989102693958041
1629 3.989102693958041
1630 3.3520113866818217
1631 3.3520113866818217
1632 3.156531319363473
1633 3.156531319363473
1634 3.2908941918737615
1635 3.2908941918737615
1636 3.681601526054319
1637 3.681601526054319
1638 3.1272692645324036
1639 3.1272692645324036
1640 3.633337053831324
1641 3.633337053831324
1642 3.337914457813194
1643 3.337914457813194
1644 3.633903250303317
1645 3.633903250303317
1646 3.592529043988914
1647 3.592529043988914
1648 0.9749920282125728
1649 0.9749920282125728
1650 1.1845013434289648
1651 1.1845013434289648
1652 0.8368659511279682
1653 0.8368659511279682
1654 1.0210439610761837
1655 1.0210439610761837
1656 1.0781235491943706
1657 1.0781235491943706
1658 1.053853350753862
1659 1.053853350753862
1660 3.4858179374100082
1661 3.4858179374100082
1662 3.0455493809304333
1663 3.0455493809304333
1664 3.5140331802970612
1665 3.5140331802970612
1666 3.475884819862435
1667 3.475884819862435
1668 2.860494204585999
1669 2.860494204585999
1670 2.846671510017606
1671 2.846671510017606
1672 2.8818498450450605
1673 2.8818498450450605
1674 2.963314224177907
1675 2.963314224177907
1676 1.7348474004938175
1677 1.7348474004938175
1678 2.8865819004904756
1679 2.8865819004904756
1680 2.726366138636018
1681 2.726366138636018
1682 3.303466311976396
1683 3.303466311976396
1684 2.9710322708883172
1685 2.9710322708883172
1686 3.1011469223524006
1687 3.1011469223524006
1688 2.5020576569734487
1689 2.5020576569734487
1690 3.6834883659463182
1691 3.6834883659463182
1692 2.3495320489393396
1693 2.3495320489393396
1694 3.3275755110065806
1695 3.3275755110065806
1696 2.0863797997697358
1697 2.0863797997697358
1698 3.0985998503200016
1699 3.0985998503200016
1700 1.7240075552248115
1701 4.519509266400999
1702 4.519509266400999
1703 3.9476133954080064
1704 3.9476133954080064
1705 3.94316741110468
1706 3.94316741110468
1707 3.979366351286812
1708 3.979366351286812
1709 4.322295809973564
1710 4.322295809973564
1711 3.60800934798187
1712 3.60800934798187
1713 4.369030808048205
1714 4.369030808048205
1715 4.912026839701474
1716 4.912026839701474
1717 4.2102145208151756
1718 4.2102145208151756
1719 3.8318464883062364
1720 3.8318464883062364
1721 4.7515054276541395
1722 4.7515054276541395
1723 3.9077704098055013
1724 3.9077704098055013
1725 4.550112543161953
1726 4.550112543161953
1727 4.380944139968324
1728 4.380944139968324
1729 4.0625909170035674
1730 4.0625909170035674
1731 4.710406514410056
1732 4.710406514410056
1733 4.257073351749239
1734 4.257073351749239
1735 4.853117273318262
1736 4.853117273318262
1737 3.47067274393454
1738 3.47067274393454
1739 3.968692248670737
1740 3.968692248670737
1741 4.465783765153487
1742 4.465783765153487
1743 5.117508022118494
1744 5.117508022118494
1745 4.817728274995019
1746 4.817728274995019
1747 4.077248485565063
1748 4.077248485565063
1749 4.19460179171509
1750 4.19460179171509
1751 3.5282705384510877
1752 3.5282705384510877
1753 2.9495558206274737
1754 2.9495558206274737
1755 2.3556017908828437
1756 2.3556017908828437
1757 2.8679162993520055
1758 2.8679162993520055
1759 2.3628233073669116
1760 0.8355272828111018
1761 0.8355272828111018
1762 0.6274067148829152
1763 0.6274067148829152
1764 0.7735383822171584
1765 0.7735383822171584
1766 0.7293507900327082
1767 0.7293507900327082
1768 0.965943692729956
1769 0.965943692729956
1770 1.1968694266919442
1771 1.1968694266919442
1772 0.9309819717848888
1773 0.9309819717848888
1774 1.067373188635237
1775 1.067373188635237
1776 1.2039003616033892
1777 1.2039003616033892
1778 1.10953003581487
1779 1.10953003581487
1780 0.9714262584403456
1781 0.23107328189050624
1782 0.23107328189050624
1783 0.17763824706957707
1784 0.17763824706957707
1785 0.1616910736079088
1786 0.1616910736079088
1787 0.2378493164535812
1788 0.2378493164535812
1789 0.19536967689685128
1790 0.19536967689685128
1791 0.22035504716530915
1792 0.22035504716530915
1793 0.2619566577141423
1794 0.2619566577141423
1795 0.2064824934145457
1796 0.2064824934145457
1797 0.17068156107398427
1798 0.17068156107398427
1799 0.21323303055424958
1800 0.21323303055424958
1801 0.1704879910733856
1802 0.1704879910733856
1803 0.23898596261858418
1804 0.23898596261858418
1805 0.18126555822877205
1806 0.6270543389383345
1807 0.6270543389383345
1808 0.5468940711707386
1809 0.5468940711707386
1810 0.6604234206130761
1811 0.6604234206130761
1812 0.7919793994395583
1813 0.7919793994395583
1814 0.6746527110287458
1815 0.6746527110287458
1816 0.6207754839417585
1817 0.6207754839417585
1818 0.6927624612871974
1819 0.6927624612871974
1820 0.7363247997310284
1821 0.7363247997310284
1822 0.7090627072435445
1823 0.7090627072435445
1824 0.7187672041250316
1825 0.7187672041250316
1826 0.5741192640337633
1827 0.5741192640337633
1828 0.5537273240112711
1829 0.5537273240112711
1830 0.7312663456031124
1831 0.7312663456031124
1832 0.5953339170070362
1833 0.5953339170070362
1834 0.4021990411912973
1835 0.4021990411912973
1836 0.48166564184229155
1837 0.48166564184229155
1838 0.628387693648214
1839 3.343185671309549
1840 3.343185671309549
1841 3.258350119893259
1842 3.258350119893259
1843 3.332400041209617
1844 3.332400041209617
1845 2.996189334723416
1846 2.996189334723416
1847 4.1834890487207606
1848 4.1834890487207606
1849 3.5374490509907415
1850 3.5374490509907415
1851 3.8165741596865668
1852 3.8165741596865668
1853 3.3343145769758316
1854 3.3343145769758316
1855 3.321520107478492
1856 3.321520107478492
1857 3.2882651697656784
1858 3.2882651697656784
1859 3.7198724703582045
1860 3.7198724703582045
1861 3.4509291982603623
1862 3.4509291982603623
1863 3.4167786830326308
1864 3.4167786830326308
1865 3.126887463689732
1866 3.126887463689732
1867 3.6757215856378416
1868 3.6757215856378416
1869 3.029208582348296
1870 3.029208582348296
1871 3.0887004128167947
1872 3.0887004128167947
1873 3.500655344307627
1874 3.500655344307627
1875 3.8944578652121837
1876 3.8944578652121837
1877 3.2847630621787673
1878 3.2847630621787673
1879 3.6194250573911226
1880 3.6194250573911226
1881 2.142304032173236
1882 2.142304032173236
1883 2.441787939631039
1884 2.441787939631039
1885 3.568010210162898
1886 3.568010210162898
1887 3.7948195171739325
1888 3.7948195171739325
1889 2.7185930933781832
1890 2.7185930933781832
1891 4.041561229976217
1892 4.041561229976217
1893 3.4937261496215806
1894 3.4937261496215806
1895 2.9943221545158436
1896 2.9943221545158436
1897 3.4603915979737647
1898 3.4603915979737647
1899 3.8419441639488032
1900 3.8419441639488032
1901 3.120793226032303
1902 3.120793226032303
1903 4.086101899359212
1904 4.086101899359212
1905 4.081426221506795
1906 4.081426221506795
1907 3.7381846911479544
1908 3.7381846911479544
1909 3.916892698699617
1910 3.916892698699617
1911 3.5852743259636424
1912 3.5852743259636424
1913 3.1958508881382834
1914 3.1958508881382834
1915 3.133769271581859
1916 3.133769271581859
1917 3.4426870556381957
1918 3.6033231600904143
1919 3.6033231600904143
1920 4.244721272495867
1921 4.244721272495867
1922 4.98571075832991
1923 4.98571075832991
1924 4.565024649347551
1925 4.565024649347551
1926 5.027014843926572
1927 5.027014843926572
1928 4.028258781344455
1929 4.028258781344455
1930 5.3106957148625575
1931 5.3106957148625575
1932 4.895763803221867
1933 4.895763803221867
1934 3.742047464044357
1935 3.742047464044357
1936 4.524651433019535
1937 4.524651433019535
1938 3.9064640204536834
1939 3.9064640204536834
1940 4.453735242438259
1941 4.453735242438259
1942 3.514330627602947
1943 3.514330627602947
1944 3.833920657563491
1945 3.833920657563491
1946 4.502214837163472
1947 4.502214837163472
1948 5.143417992739562
1949 5.143417992739562
1950 2.910743412400227
1951 2.910743412400227
1952 4.312565654651035
1953 4.312565654651035
1954 4.218915479864023
1955 4.218915479864023
1956 3.6969906116923132
1957 3.6969906116923132
1958 5.024885735252764
1959 5.024885735252764
1960 4.716367955764776
1961 4.716367955764776
1962 3.389375838610168
1963 3.389375838610168
1964 4.8794590903286625
1965 4.8794590903286625
1966 4.30374856631039
1967 4.30374856631039
1968 4.16434951377488
1969 4.16434951377488
1970 3.867852163254461
1971 3.867852163254461
1972 3.8809057014027797
1973 3.8809057014027797
1974 4.130263629050867
1975 4.130263629050867
1976 5.258695708266532
1977 5.258695708266532
1978 4.831322402947479
1979 4.831322402947479
1980 4.648540924347991
1981 4.648540924347991
1982 3.7367439915169793
1983 3.7367439915169793
1984 4.610277828030558
1985 4.610277828030558
1986 4.824225009157881
1987 4.824225009157881
1988 4.388513696745758
1989 4.388513696745758
1990 3.439098941737248
1991 3.439098941737248
1992 5.570280009251112
1993 5.570280009251112
1994 4.214166240051516
1995 4.214166240051516
1996 4.914137798022248
1997 4.914137798022248
1998 4.332238236074345
1999 4.332238236074345
