0 4.475066948940633
1 4.475066948940633
2 4.3125559988231705
3 4.3125559988231705
4 4.834589945798447
5 4.834589945798447
6 3.754057082576912
7 3.754057082576912
8 5.430992544003835
9 5.430992544003835
10 3.5762331712464124
11 3.5762331712464124
12 3.912581190624865
13 3.912581190624865
14 3.7542334692079686
15 3.7542334692079686
16 5.774972996638284
17 5.774972996638284
18 4.476036323987892
19 4.476036323987892
20 4.555175403174487
21 4.555175403174487
22 3.8065272495685765
23 3.8065272495685765
24 4.394139324116731
25 4.394139324116731
26 3.3705938256522208
27 3.3705938256522208
28 3.73005112021355
29 3.73005112021355
30 5.1665158469878465
31 5.1665158469878465
32 3.705900646897735
33 3.705900646897735
34 4.444790529067883
35 4.444790529067883
36 4.351918006031536
37 4.351918006031536
38 3.7720044610563797
39 3.7720044610563797
40 4.565921083741578
41 4.565921083741578
42 4.23130337656709
43 4.23130337656709
44 3.8569631862661464
45 3.8569631862661464
46 5.113622541032099
47 5.113622541032099
48 3.689234258275118
49 3.689234258275118
50 4.379191169229087
51 4.379191169229087
52 5.037584137893439
53 5.037584137893439
54 4.476509787040764
55 4.476509787040764
56 3.578911139585918
57 3.578911139585918
58 4.352097249141783
59 4.352097249141783
60 4.796421949868771
61 4.796421949868771
62 4.434744910509007
63 4.434744910509007
64 4.829115857536836
65 4.829115857536836
66 4.263769796873054
67 4.263769796873054
68 4.034158716857063
69 4.034158716857063
70 3.488065098201101
71 3.488065098201101
72 4.832355546254382
73 4.832355546254382
74 5.219988733126499
75 5.219988733126499
76 3.763185852190612
77 3.763185852190612
78 4.447537619788075
79 4.447537619788075
80 3.5013814643257763
81 3.5013814643257763
82 4.876363721511983
83 4.876363721511983
84 3.7693534199357934
85 3.7693534199357934
86 5.164326263515923
87 5.164326263515923
88 4.693801314192591
89 4.693801314192591
90 3.9388212398374063
91 3.9388212398374063
92 4.216383209192716
93 1.9105994732536384
94 1.9105994732536384
95 2.5862378902914154
96 2.5862378902914154
97 2.7829158603456325
98 2.7829158603456325
99 1.7116792391128621
100 1.7116792391128621
101 1.8638751224136165
102 1.8638751224136165
103 2.4490530146856053
104 2.4490530146856053
105 3.5155171281643485
106 3.5155171281643485
107 2.379771770326092
108 2.379771770326092
109 1.8512682886669576
110 1.8512682886669576
111 2.268584211438197
112 2.268584211438197
113 2.0029011864933715
114 2.0029011864933715
115 2.9770485322824234
116 2.9770485322824234
117 2.279651184317062
118 2.279651184317062
119 2.464089273984145
120 2.464089273984145
121 2.1461235932477627
122 2.1461235932477627
123 3.4666604632320333
124 3.4666604632320333
125 2.5399784255674867
126 2.5399784255674867
127 2.416046978700849
128 2.416046978700849
129 2.9704977371843575
130 2.9704977371843575
131 2.0291015887396524
132 2.0291015887396524
133 2.2231796293855415
134 2.2231796293855415
135 2.6004359934479377
136 2.6004359934479377
137 2.2866038670555957
138 2.2866038670555957
139 2.674252545633718
140 2.674252545633718
141 2.467801524948653
142 2.467801524948653
143 2.7575009098134196
144 2.7575009098134196
145 3.1704443136408313
146 3.1704443136408313
147 2.2772155837813477
148 2.2772155837813477
149 2.6786833720407803
150 2.6786833720407803
151 2.6513098916782494
152 2.6513098916782494
153 2.2666346374482123
154 2.2666346374482123
155 2.1866956721015756
156 2.1866956721015756
157 2.628517348136608
158 2.628517348136608
159 2.705454912452437
160 2.705454912452437
161 2.6920917873646544
162 2.6920917873646544
163 1.8966450328127948
164 1.8966450328127948
165 2.9654783030477647
166 2.9654783030477647
167 2.2175025156880914
168 2.2175025156880914
169 1.8932261784602318
170 1.8932261784602318
171 2.6614035604905006
172 2.6614035604905006
173 2.3921832866651047
174 2.3921832866651047
175 2.5353851415577817
176 2.5353851415577817
177 2.756768881981161
178 2.756768881981161
179 2.572123268473889
180 2.572123268473889
181 2.463231929678095
182 2.463231929678095
183 1.9855923745741393
184 1.9855923745741393
185 2.252067426753709
186 2.252067426753709
187 1.787469537905225
188 1.787469537905225
189 2.1393267941893925
190 2.1393267941893925
191 2.8930019873971426
192 2.8930019873971426
193 2.541156755831795
194 2.541156755831795
195 2.312785679463572
196 2.312785679463572
197 2.355782634887889
198 2.355782634887889
199 2.9404763223415524
200 2.9404763223415524
201 2.1189195018259817
202 2.1189195018259817
203 2.356502109587625
204 2.356502109587625
205 2.9458316562972975
206 2.9458316562972975
207 2.6314133982275103
208 2.6314133982275103
209 2.6349250449506116
210 2.6349250449506116
211 2.6321843708518804
212 2.6321843708518804
213 3.1073715389236076
214 3.1073715389236076
215 2.996303414909477
216 2.996303414909477
217 3.065276024021813
218 3.065276024021813
219 2.9319812315361493
220 2.9319812315361493
221 2.5990399106913418
222 2.5990399106913418
223 2.5522635173399597
224 2.5522635173399597
225 2.7832655723476885
226 2.7832655723476885
227 1.8676200751938796
228 1.8676200751938796
229 3.024072318631255
230 3.024072318631255
231 2.5259254868084926
232 2.5259254868084926
233 2.5316622439817915
234 2.5316622439817915
235 2.8261968988822463
236 2.8261968988822463
237 1.8602795322298835
238 1.8602795322298835
239 2.769598841180005
240 2.769598841180005
241 2.989330359148405
242 2.989330359148405
243 1.8710751859765873
244 1.8710751859765873
245 2.526127011733288
246 2.526127011733288
247 3.32529476277492
248 3.32529476277492
249 2.292877340981545
250 2.292877340981545
251 2.7959326314189146
252 2.7959326314189146
253 2.547419814442665
254 2.547419814442665
255 3.0622730601285886
256 3.0622730601285886
257 2.357923232908279
258 2.357923232908279
259 2.1526301021133514
260 2.1526301021133514
261 2.2693309105458774
262 2.2693309105458774
263 2.656437715906425
264 2.656437715906425
265 2.3139778786708844
266 2.3139778786708844
267 2.7357428889684714
268 2.7357428889684714
269 2.577468698046677
270 2.577468698046677
271 2.6891656290156014
272 2.6891656290156014
273 2.658207978515207
274 2.658207978515207
275 1.6957758933441673
276 1.6957758933441673
277 2.057647638430766
278 2.057647638430766
279 2.302396668740164
280 2.302396668740164
281 2.7320964430857195
282 2.7320964430857195
283 2.600707060643494
284 2.600707060643494
285 2.646444239847027
286 2.646444239847027
287 2.615409561873106
288 2.615409561873106
289 3.3294418480349064
290 3.3294418480349064
291 1.469589753695274
292 1.469589753695274
293 2.4326750265882846
294 2.4326750265882846
295 2.416104091551086
296 2.416104091551086
297 2.3237547787502653
298 2.3237547787502653
299 2.4260973021200405
300 2.4260973021200405
301 1.976293686141694
302 1.976293686141694
303 2.2821310011527696
304 2.2821310011527696
305 3.1728305629799594
306 3.1728305629799594
307 3.2334257644572255
308 3.2334257644572255
309 2.4765162277397192
310 2.4765162277397192
311 1.8859188248012886
312 1.8859188248012886
313 2.5190304978745766
314 2.5190304978745766
315 1.7864171837868494
316 1.7864171837868494
317 2.6132899152695552
318 2.6132899152695552
319 2.5516592102628417
320 2.5516592102628417
321 3.302884526407905
322 3.302884526407905
323 1.9213670446704254
324 1.9213670446704254
325 2.2234003790098615
326 2.2234003790098615
327 2.167492648520375
328 2.167492648520375
329 2.184454982957383
330 2.184454982957383
331 1.8614014495795426
332 1.8614014495795426
333 2.719142820121271
334 2.719142820121271
335 2.7917130616053756
336 2.7917130616053756
337 2.7161949974863746
338 2.7161949974863746
339 3.2747372503242547
340 3.2747372503242547
341 1.8153506138514675
342 1.8153506138514675
343 2.1860368384695827
344 2.1860368384695827
345 2.1680667953595654
346 2.1680667953595654
347 2.8891027637021702
348 2.8891027637021702
349 3.1296324353918785
350 3.1296324353918785
351 2.151272354131658
352 2.151272354131658
353 2.6256213178326995
354 2.6256213178326995
355 2.86654575552881
356 2.86654575552881
357 2.850498225780479
358 2.850498225780479
359 2.5676651738359384
360 2.5676651738359384
361 2.405101405071968
362 2.405101405071968
363 1.5500744610517958
364 1.5500744610517958
365 3.1453051759283115
366 3.1453051759283115
367 2.449653192324269
368 2.449653192324269
369 2.7561179211159694
370 2.7561179211159694
371 2.3489101505404304
372 2.3489101505404304
373 2.9130972109387394
374 2.9130972109387394
375 2.473652813385911
376 2.473652813385911
377 1.9329887323475474
378 1.9329887323475474
379 1.9786018489748547
380 1.9786018489748547
381 2.873892511990789
382 2.873892511990789
383 2.576434200854597
384 2.576434200854597
385 2.798569609939341
386 2.798569609939341
387 2.6852949325741013
388 2.6852949325741013
389 2.3317213108648027
390 2.3317213108648027
391 2.723206085200152
392 2.723206085200152
393 2.2046131177789117
394 2.2046131177789117
395 2.1618160798084225
396 2.1618160798084225
397 2.0061629760994695
398 2.0061629760994695
399 1.9118579369562645
400 1.9118579369562645
401 1.7636443451309416
402 1.7636443451309416
403 1.7666328460519691
404 1.7666328460519691
405 2.2184114824574843
406 2.2184114824574843
407 1.885891911455784
408 1.885891911455784
409 1.7509221105388049
410 1.7509221105388049
411 1.1029438370326863
412 1.1029438370326863
413 1.5644595388007243
414 1.5644595388007243
415 1.95435334697998
416 1.95435334697998
417 2.561166125105285
418 2.561166125105285
419 2.172254882764215
420 2.172254882764215
421 1.2603929093907407
422 1.2603929093907407
423 1.6262149812345907
424 1.6262149812345907
425 1.9019147633710423
426 1.9019147633710423
427 1.9483318348579133
428 1.9483318348579133
429 2.9098867334501826
430 2.9098867334501826
431 1.4338564116125756
432 1.4338564116125756
433 1.7468479433508317
434 1.7468479433508317
435 1.998770067962241
436 1.998770067962241
437 1.8719957834804346
438 1.8719957834804346
439 1.5095386635927954
440 1.5095386635927954
441 2.176345503843203
442 2.176345503843203
443 1.9592424212072195
444 1.9592424212072195
445 2.309179030945327
446 2.309179030945327
447 1.8217265408021521
448 1.8217265408021521
449 2.2329479084480894
450 2.2329479084480894
451 2.1427359711927854
452 2.1427359711927854
453 2.2694463685987865
454 2.2694463685987865
455 1.7421282314721105
456 1.7421282314721105
457 1.8143973770253032
458 1.8143973770253032
459 1.4617662904903788
460 1.4617662904903788
461 1.821858553311785
462 1.821858553311785
463 1.9772459533561424
464 1.9772459533561424
465 1.7459118746795386
466 1.7459118746795386
467 2.4433808564884893
468 2.4433808564884893
469 2.051052988699628
470 2.051052988699628
471 2.030755657291533
472 2.030755657291533
473 1.8663857393262904
474 1.8663857393262904
475 1.5977703051820362
476 1.5977703051820362
477 2.3594098354622246
478 2.3594098354622246
479 1.9377944469432635
480 1.9377944469432635
481 2.53533109891754
482 2.53533109891754
483 2.018410483110024
484 2.018410483110024
485 2.61825504405067
486 2.61825504405067
487 1.8942389834160442
488 1.8942389834160442
489 1.9899898706621078
490 1.9899898706621078
491 2.2645313653310155
492 2.2645313653310155
493 2.4554133085651735
494 2.4554133085651735
495 2.5395165687586028
496 2.5395165687586028
497 2.3829370659952835
498 2.3829370659952835
499 1.5647663227745616
500 1.5647663227745616
501 2.1630371768977716
502 4.030996008867257
503 4.030996008867257
504 3.8200071809166163
505 3.8200071809166163
506 3.4863309868497536
507 3.4863309868497536
508 3.82276900924104
509 3.82276900924104
510 3.586236102782301
511 3.586236102782301
512 3.6977346155465387
513 3.6977346155465387
514 3.5544652819883806
515 3.5544652819883806
516 2.8934059351803807
517 2.8934059351803807
518 3.1095109573284896
519 3.1095109573284896
520 3.458544066511957
521 3.458544066511957
522 3.4179214280717947
523 3.4179214280717947
524 4.028314109365743
525 4.028314109365743
526 2.8227048992233743
527 2.8227048992233743
528 3.508094517311812
529 3.508094517311812
530 4.01364340385921
531 4.01364340385921
532 4.230304395852309
533 4.230304395852309
534 3.2707133226364
535 3.2707133226364
536 3.4685949497755653
537 3.4685949497755653
538 3.716268392691845
539 3.716268392691845
540 3.444333576324625
541 3.444333576324625
542 2.7035059134315254
543 2.7035059134315254
544 4.057018912409475
545 4.057018912409475
546 3.921902616682294
547 3.921902616682294
548 2.687639681213546
549 2.687639681213546
550 3.4325292534172545
551 3.4325292534172545
552 3.4785812383004213
553 3.4785812383004213
554 3.032489749103755
555 3.032489749103755
556 3.677513201489172
557 3.677513201489172
558 3.495146883992458
559 3.495146883992458
560 3.3620179733100244
561 3.3620179733100244
562 3.077201999327828
563 3.077201999327828
564 3.0248260578329313
565 3.0248260578329313
566 3.609844320905054
567 3.609844320905054
568 2.8943149567085826
569 2.8943149567085826
570 2.8267868410071673
571 2.8267868410071673
572 3.3069917088796155
573 3.3069917088796155
574 2.509529036342639
575 2.509529036342639
576 3.051808415053235
577 3.051808415053235
578 3.6850832527088433
579 3.6850832527088433
580 2.872365468921681
581 2.872365468921681
582 2.7095900953735366
583 2.7095900953735366
584 3.537206090797668
585 3.537206090797668
586 2.8692120957122444
587 2.8692120957122444
588 3.370955344604547
589 3.370955344604547
590 3.159956382216475
591 3.159956382216475
592 3.557253864419812
593 3.557253864419812
594 2.928958055914018
595 2.928958055914018
596 2.408011143601213
597 2.408011143601213
598 2.92434114881613
599 2.92434114881613
600 2.484654504014994
601 2.484654504014994
602 2.5062956350869507
603 2.5062956350869507
604 2.7607571173899714
605 2.7607571173899714
606 3.173757266813316
607 3.173757266813316
608 2.7551021443820356
609 2.7551021443820356
610 1.677280680258766
611 1.677280680258766
612 3.6666560408410946
613 3.6666560408410946
614 3.524312776201714
615 3.524312776201714
616 2.4838314387315865
617 2.4838314387315865
618 2.853503245784165
619 2.853503245784165
620 3.563066275732963
621 3.563066275732963
622 3.456236687244748
623 3.456236687244748
624 3.448485983861656
625 3.448485983861656
626 2.923029976429841
627 2.923029976429841
628 3.7150597922938475
629 3.7150597922938475
630 2.504969489754788
631 2.504969489754788
632 3.8537870108517933
633 3.8537870108517933
634 2.9989739134413695
635 2.9989739134413695
636 2.543034979012303
637 2.543034979012303
638 3.2602186658305548
639 3.2602186658305548
640 2.8997589107005113
641 2.8997589107005113
642 2.7429460361758413
643 2.7429460361758413
644 2.388745630066581
645 2.388745630066581
646 1.027434141490948
647 1.027434141490948
648 1.602581033053928
649 1.602581033053928
650 1.0997571280258915
651 1.0997571280258915
652 1.1690008177748619
653 1.1690008177748619
654 1.1522593676103072
655 1.1522593676103072
656 1.351101883682405
657 1.351101883682405
658 1.2083099391540717
659 1.2083099391540717
660 1.1425113374388862
661 1.1425113374388862
662 0.8820310181889395
663 0.8820310181889395
664 1.0391139014868211
665 2.5943704668356644
666 0.7264878538116991
667 0.7264878538116991
668 0.6629505187578527
669 0.6629505187578527
670 0.8398473063693677
671 0.8398473063693677
672 0.755904822451755
673 0.755904822451755
674 0.7374559244015172
675 0.7374559244015172
676 0.8062188551156595
677 0.8062188551156595
678 0.5033858688346041
679 0.5033858688346041
680 0.652742733200253
681 0.652742733200253
682 0.672361879662469
683 0.672361879662469
684 0.6731425814117107
685 0.6731425814117107
686 0.6687419409382709
687 0.6687419409382709
688 0.6240344548264842
689 0.6240344548264842
690 0.47840672674283014
691 0.47840672674283014
692 0.6200543541833495
693 0.6200543541833495
694 0.6850209382202367
695 0.6850209382202367
696 1.2873672213395493
697 1.2873672213395493
698 1.1367741631785557
699 1.1367741631785557
700 5.107655713771431
701 5.107655713771431
702 3.7395488135584003
703 3.7395488135584003
704 3.5119636076212264
705 3.5119636076212264
706 4.215872773088915
707 4.215872773088915
708 3.7870030136295463
709 3.7870030136295463
710 3.7513503239250636
711 3.7513503239250636
712 3.9332852061644887
713 3.9332852061644887
714 4.60859461129726
715 4.60859461129726
716 3.1299558251258404
717 3.1299558251258404
718 4.142834726372753
719 4.142834726372753
720 3.1760337825179854
721 3.1760337825179854
722 2.857536987659739
723 2.857536987659739
724 4.577319573717857
725 4.577319573717857
726 4.30592273673818
727 4.30592273673818
728 2.827930238852596
729 2.827930238852596
730 3.438650065230156
731 3.438650065230156
732 5.565951295766294
733 5.565951295766294
734 4.507485774403077
735 4.507485774403077
736 4.182583967971211
737 4.182583967971211
738 3.0762594823664453
739 3.0762594823664453
740 3.555554635647906
741 3.555554635647906
742 3.5387542563367975
743 3.5387542563367975
744 3.877025462608582
745 3.877025462608582
746 4.1428381228259035
747 4.1428381228259035
748 3.9017895815151244
749 3.9017895815151244
750 4.455171799491309
751 4.455171799491309
752 4.054418153372974
753 4.054418153372974
754 3.7164328416805392
755 3.7164328416805392
756 4.22505452326996
757 4.22505452326996
758 4.165189989899753
759 4.165189989899753
760 4.688599211513952
761 4.688599211513952
762 4.774960953203281
763 4.774960953203281
764 3.068951585912043
765 3.068951585912043
766 4.623404665169855
767 4.623404665169855
768 4.1513624598126375
769 4.1513624598126375
770 3.092331106667618
771 3.092331106667618
772 4.410243404048139
773 0.5574151439958918
774 0.5574151439958918
775 0.5380983165969839
776 0.5380983165969839
777 0.74073940544617
778 0.74073940544617
779 0.5920987390107953
780 0.5920987390107953
781 0.6561111805343542
782 0.6561111805343542
783 1.7813127783618767
784 1.7813127783618767
785 0.6282317718871281
786 0.6282317718871281
787 0.6222267802723727
788 0.6222267802723727
789 0.7098656809588089
790 0.7098656809588089
791 0.6673447626856471
792 0.6673447626856471
793 0.6430595670659899
794 0.6430595670659899
795 0.5885148745241077
796 0.5885148745241077
797 0.638691738874642
798 0.638691738874642
799 0.7865913424839208
800 0.7865913424839208
801 0.6835811162185067
802 0.6835811162185067
803 0.6645113799910708
804 0.6645113799910708
805 0.7610505981257185
806 0.7610505981257185
807 0.7420150783169488
808 0.7420150783169488
809 0.749603503933988
810 0.749603503933988
811 0.4972184485540082
812 0.4972184485540082
813 0.5588377862491557
814 0.5588377862491557
815 0.9083416899749468
816 0.9083416899749468
817 0.39380600945070904
818 0.39380600945070904
819 0.6400896205131167
820 0.6400896205131167
821 0.7059332878262721
822 0.7059332878262721
823 0.6696116178420732
824 0.6696116178420732
825 0.8692475911087062
826 0.8692475911087062
827 0.7084042020060894
828 0.7084042020060894
829 0.5018494756212919
830 0.5018494756212919
831 0.8081838986177035
832 0.8081838986177035
833 0.6076814032057749
834 0.6076814032057749
835 0.6822049757102934
836 0.6822049757102934
837 0.6295156730806086
838 0.6295156730806086
839 0.6503934957132265
840 0.6503934957132265
841 0.7801733261995066
842 0.7801733261995066
843 0.8202361044819906
844 0.8202361044819906
845 0.684254644607962
846 0.684254644607962
847 0.6088985117229826
848 0.6088985117229826
849 0.6232685286106702
850 0.6232685286106702
851 0.662094640289003
852 0.662094640289003
853 0.5235186669826599
854 0.5235186669826599
855 0.7586694821472026
856 0.7586694821472026
857 0.6039542630262167
858 0.6039542630262167
859 0.7446974674006573
860 0.7446974674006573
861 0.5407933972268488
862 0.5407933972268488
863 0.7719211113404013
864 0.7719211113404013
865 0.7946458547828099
866 0.7946458547828099
867 0.588991213170778
868 0.588991213170778
869 0.521058859271637
870 0.521058859271637
871 0.7237193743395678
872 0.7237193743395678
873 0.5596740105094831
874 0.5596740105094831
875 0.48836067740203615
876 0.48836067740203615
877 0.650861862426135
878 0.650861862426135
879 0.6800918186609702
880 0.6800918186609702
881 0.6273241427989241
882 0.6273241427989241
883 0.6203370569999324
884 0.6203370569999324
885 0.6843754576401306
886 0.6843754576401306
887 0.7045756834324175
888 0.7045756834324175
889 0.6308574236673893
890 0.6308574236673893
891 0.6385822290723941
892 0.6385822290723941
893 0.631671504517989
894 0.631671504517989
895 1.223294166276753
896 1.223294166276753
897 1.1339789787528038
898 1.1339789787528038
899 0.7619378121388138
900 0.7619378121388138
901 0.9649385295398787
902 0.9649385295398787
903 1.094107130609796
904 1.094107130609796
905 1.1794932999551255
906 1.1794932999551255
907 1.282222716914993
908 1.282222716914993
909 0.9998925140680692
910 0.9998925140680692
911 0.8813991898985712
912 0.8813991898985712
913 1.217713131257724
914 1.217713131257724
915 1.0854154298473129
916 1.0854154298473129
917 1.4222246267550176
918 1.4222246267550176
919 1.3922446166893405
920 1.3922446166893405
921 1.5115021761880323
922 1.5115021761880323
923 1.2825198733592997
924 1.2825198733592997
925 1.3526703408173586
926 1.3526703408173586
927 0.9941266612591712
928 0.9941266612591712
929 1.134198264632973
930 1.134198264632973
931 1.3670199064312358
932 1.3670199064312358
933 1.160046376235431
934 1.160046376235431
935 1.1680671152849298
936 1.1680671152849298
937 1.025763804512655
938 1.025763804512655
939 0.7665025540103207
940 0.7665025540103207
941 0.8558572654766088
942 0.8558572654766088
943 1.1873694076968224
944 1.1873694076968224
945 1.3794978450792073
946 1.3794978450792073
947 0.9190342589001779
948 0.9190342589001779
949 1.2211549876797096
950 1.2211549876797096
951 1.1486221483320769
952 0.19302952019520334
953 0.19302952019520334
954 0.20576699060543446
955 0.20576699060543446
956 0.19524195903000086
957 0.19524195903000086
958 0.1844355806624376
959 0.1844355806624376
960 0.22718181718183247
961 0.22718181718183247
962 0.1844736347822042
963 0.1844736347822042
964 0.20573411982891351
965 0.20573411982891351
966 0.13731775688310624
967 0.13731775688310624
968 0.204529742312386
969 0.204529742312386
970 0.17298528844080766
971 0.17298528844080766
972 0.17556544102363758
973 0.17556544102363758
974 0.17806834045412534
975 0.17806834045412534
976 0.23721817946814555
977 0.23721817946814555
978 0.19354933161198623
979 0.19354933161198623
980 0.17677243297288586
981 0.17677243297288586
982 0.22279659570958918
983 0.22279659570958918
984 0.19132984485573795
985 0.19132984485573795
986 0.21843462588616533
987 0.21843462588616533
988 0.2313000162983188
989 0.2313000162983188
990 0.18485632165667296
991 0.18485632165667296
992 0.1310411756311412
993 0.1310411756311412
994 0.17669306243317656
995 0.17669306243317656
996 0.24419616176520392
997 0.24419616176520392
998 0.22963060854640827
999 0.22963060854640827
1000 0.20051295073878392
1001 0.20051295073878392
1002 0.20049944544878887
1003 0.20049944544878887
1004 0.19011489335131238
1005 0.19011489335131238
1006 0.25778638858754516
1007 0.25778638858754516
1008 0.21360608157915487
1009 0.21360608157915487
1010 0.15783146331274825
1011 0.15783146331274825
1012 0.2028536111052137
1013 0.2028536111052137
1014 0.2288204680602566
1015 0.2288204680602566
1016 0.20591941130129837
1017 0.20591941130129837
1018 0.18988490365788346
1019 0.18988490365788346
1020 0.21294968627195437
1021 0.21294968627195437
1022 0.19796462951903618
1023 0.19796462951903618
1024 0.17629306127436037
1025 0.17629306127436037
1026 0.16755875333897968
1027 0.16755875333897968
1028 0.20271107104166547
1029 0.20271107104166547
1030 0.13424661632322304
1031 0.13424661632322304
1032 0.2431862234463482
1033 0.2431862234463482
1034 0.1999980469534175
1035 0.1999980469534175
1036 0.1823402971506669
1037 0.1823402971506669
1038 0.21119714321188335
1039 0.21119714321188335
1040 0.18467646267317914
1041 0.18467646267317914
1042 0.1934610743036332
1043 0.1934610743036332
1044 0.19102277762655484
1045 0.19102277762655484
1046 0.2506864892391404
1047 0.2506864892391404
1048 0.16771107675527724
1049 0.16771107675527724
1050 0.19231743408936686
1051 0.19231743408936686
1052 0.24518037315116625
1053 0.24518037315116625
1054 0.23828286123445733
1055 0.23828286123445733
1056 0.15296625734830102
1057 0.15296625734830102
1058 0.21545616741578894
1059 0.21545616741578894
1060 0.2040253190638166
1061 0.2040253190638166
1062 0.15697929781811554
1063 0.15697929781811554
1064 0.18824048824550818
1065 0.18824048824550818
1066 0.2617152655941955
1067 0.2617152655941955
1068 0.2143593358595104
1069 0.2143593358595104
1070 0.17301260986874523
1071 0.17301260986874523
1072 0.24416005821970702
1073 0.24416005821970702
1074 0.15690172412198175
1075 0.15690172412198175
1076 0.16743966574204133
1077 0.16743966574204133
1078 0.2384017574872194
1079 0.2384017574872194
1080 3.0286541346506217
1081 3.0286541346506217
1082 1.3378957995101302
1083 1.3378957995101302
1084 0.9484861994230032
1085 0.9484861994230032
1086 1.0654940528916952
1087 1.0654940528916952
1088 0.7228045811190678
1089 0.7228045811190678
1090 1.1820442753244187
1091 1.1820442753244187
1092 1.04334290966462
1093 1.04334290966462
1094 0.7732026963835307
1095 0.7732026963835307
1096 0.7156469468143172
1097 0.7156469468143172
1098 1.0762960991773762
1099 1.0762960991773762
1100 1.2428628467221368
1101 1.2428628467221368
1102 1.0442108117070947
1103 1.0442108117070947
1104 1.2404084203362546
1105 1.2404084203362546
1106 1.173987070971492
1107 1.173987070971492
1108 1.1565544244456973
1109 1.1565544244456973
1110 1.359219790448084
1111 1.359219790448084
1112 1.1480333868656571
1113 1.1480333868656571
1114 1.2518020948955477
1115 1.2518020948955477
1116 1.325245267746831
1117 1.325245267746831
1118 1.30722831652332
1119 1.30722831652332
1120 0.8897971126395227
1121 0.8897971126395227
1122 1.1666472726381483
1123 1.1666472726381483
1124 1.1961848038746683
1125 1.1961848038746683
1126 1.3156673621141153
1127 1.3156673621141153
1128 0.7091392532064434
1129 0.7091392532064434
1130 1.3348901321759685
1131 1.3348901321759685
1132 0.7295415624331544
1133 0.7295415624331544
1134 1.1713154411560711
1135 1.1713154411560711
1136 1.0880350345912324
1137 1.0880350345912324
1138 1.063147837826494
1139 1.063147837826494
1140 1.2733507455423503
1141 1.2733507455423503
1142 1.0606307378161743
1143 1.0606307378161743
1144 1.9151521040961235
1145 1.9151521040961235
1146 1.8632312728472822
1147 1.8632312728472822
1148 2.1535825590447493
1149 2.1535825590447493
1150 2.0167816612647407
1151 2.0167816612647407
1152 2.1916797890167974
1153 2.1916797890167974
1154 2.096209812847627
1155 2.096209812847627
1156 2.1143719851767195
1157 2.1143719851767195
1158 2.33909987343715
1159 2.33909987343715
1160 2.052612960297022
1161 2.052612960297022
1162 1.8372657612270706
1163 1.8372657612270706
1164 2.728192593365335
1165 2.728192593365335
1166 2.3319820068143584
1167 2.3319820068143584
1168 1.8868659335474762
1169 1.8868659335474762
1170 2.2437429528677812
1171 2.2437429528677812
1172 1.9810503285483794
1173 1.9810503285483794
1174 1.879279807041745
1175 1.879279807041745
1176 2.108056911423542
1177 2.108056911423542
1178 1.8005143977459244
1179 1.8005143977459244
1180 2.1360999693668576
1181 2.1360999693668576
1182 1.8025072317867756
1183 1.8025072317867756
1184 1.871663289796782
1185 1.871663289796782
1186 2.0465696982942108
1187 2.0465696982942108
1188 1.8354681754592141
1189 1.8354681754592141
1190 1.8748766478305987
1191 1.8748766478305987
1192 2.8737339950533993
1193 2.8737339950533993
1194 2.1457515586541076
1195 2.1457515586541076
1196 1.6870970691728173
1197 1.6870970691728173
1198 2.747710744863083
1199 2.747710744863083
1200 1.3841694645850007
1201 1.3841694645850007
1202 1.8172087077152377
1203 1.8172087077152377
1204 1.7593117069873807
1205 1.7593117069873807
1206 1.8443049677814671
1207 1.8443049677814671
1208 2.223699719631345
1209 2.223699719631345
1210 1.4117130404378164
1211 1.4117130404378164
1212 2.0438093174486642
1213 2.0438093174486642
1214 2.1741701097125037
1215 2.1741701097125037
1216 2.587214779315324
1217 2.587214779315324
1218 1.4106731136332544
1219 1.4106731136332544
1220 1.5243862801672399
1221 1.5243862801672399
1222 1.7218425534979203
1223 1.7218425534979203
1224 2.1471658594654865
1225 2.1471658594654865
1226 1.928645206559843
1227 1.928645206559843
1228 2.3526798750870817
1229 2.3526798750870817
1230 2.1654172714072173
1231 2.1654172714072173
1232 2.7253210437331963
1233 2.7253210437331963
1234 1.6857928731292948
1235 1.6857928731292948
1236 2.4187637428638857
1237 2.4187637428638857
1238 2.4451650948386123
1239 2.4451650948386123
1240 1.8849055247493
1241 1.8849055247493
1242 2.752546607702304
1243 2.752546607702304
1244 2.190479669730064
1245 2.190479669730064
1246 2.279019636534843
1247 2.279019636534843
1248 2.005513540377966
1249 2.9447582006280677
1250 2.9447582006280677
1251 2.825135628842774
1252 2.825135628842774
1253 4.554258106418645
1254 4.554258106418645
1255 2.9563955545070035
1256 2.9563955545070035
1257 3.3722074702113396
1258 3.3722074702113396
1259 2.576607817439389
1260 2.576607817439389
1261 2.3796245625827046
1262 2.3796245625827046
1263 3.399355290696668
1264 3.399355290696668
1265 3.5888017130867524
1266 3.5888017130867524
1267 3.8083700371709095
1268 3.8083700371709095
1269 3.039179343037827
1270 3.039179343037827
1271 2.2223203462415895
1272 2.2223203462415895
1273 2.291238254903571
1274 2.291238254903571
1275 4.106907273423807
1276 4.106907273423807
1277 3.515448708139114
1278 3.515448708139114
1279 3.79530827759094
1280 3.79530827759094
1281 3.3801775458387677
1282 3.962667241094307
1283 3.962667241094307
1284 3.5744906864806865
1285 3.5744906864806865
1286 5.046378810199546
1287 5.046378810199546
1288 3.020897559240356
1289 3.020897559240356
1290 5.5195940538347905
1291 5.5195940538347905
1292 5.108469474261238
1293 5.108469474261238
1294 4.060264028722817
1295 4.060264028722817
1296 4.269942830062375
1297 4.269942830062375
1298 5.214372889144891
1299 5.214372889144891
1300 4.6494178084215045
1301 4.6494178084215045
1302 4.280687696844188
1303 4.280687696844188
1304 6.299996333728666
1305 6.299996333728666
1306 4.7574675663004795
1307 4.7574675663004795
1308 5.232520899134708
1309 1.3872074268207844
1310 1.3872074268207844
1311 1.9216214804674896
1312 1.9216214804674896
1313 1.6722195963887443
1314 1.6722195963887443
1315 1.6032983943828174
1316 1.6032983943828174
1317 1.5438464366596751
1318 1.5438464366596751
1319 1.4321158138644823
1320 1.4321158138644823
1321 1.414150990994569
1322 1.414150990994569
1323 1.640030649288856
1324 1.640030649288856
1325 1.46141699675611
1326 1.46141699675611
1327 1.7927954612454462
1328 1.7927954612454462
1329 1.5138579231457558
1330 1.5138579231457558
1331 1.7801550775899244
1332 1.7801550775899244
1333 1.3581722255762
1334 1.3581722255762
1335 1.6624236135687707
1336 1.6624236135687707
1337 0.9969750225006776
1338 0.9969750225006776
1339 1.7361284656987408
1340 1.7361284656987408
1341 1.5502706385004794
1342 1.5502706385004794
1343 1.1080114629104676
1344 1.1080114629104676
1345 1.6206019546575752
1346 1.6206019546575752
1347 1.7814635519216984
1348 1.7814635519216984
1349 1.5215504236340924
1350 1.5215504236340924
1351 1.814332662733611
1352 1.814332662733611
1353 1.7945080007416387
1354 1.7945080007416387
1355 1.118700508824534
1356 1.118700508824534
1357 1.3635566064695444
1358 1.3635566064695444
1359 1.7083377533808566
1360 1.7083377533808566
1361 1.9121292447621763
1362 1.9121292447621763
1363 1.6056965618699666
1364 1.6056965618699666
1365 1.7323068293003707
1366 1.7323068293003707
1367 1.3258939414513478
1368 1.3258939414513478
1369 1.7469467427509673
1370 1.7469467427509673
1371 1.6363213335107827
1372 1.6363213335107827
1373 1.7476558924388639
1374 1.7476558924388639
1375 1.5011516808576413
1376 1.5011516808576413
1377 0.6520174897780436
1378 0.6520174897780436
1379 1.4917998766766942
1380 1.4917998766766942
1381 1.2760389537256627
1382 1.2760389537256627
1383 1.334241432957842
1384 1.334241432957842
1385 1.7863141289587399
1386 1.7863141289587399
1387 1.6002134103912535
1388 1.6002134103912535
1389 1.6757683869300388
1390 1.6757683869300388
1391 1.512589115908066
1392 1.512589115908066
1393 1.6522981026409487
1394 1.6522981026409487
1395 1.7206508021143903
1396 1.7206508021143903
1397 1.9460893971223325
1398 1.9460893971223325
1399 1.2188689297180475
1400 1.2188689297180475
1401 1.8829302800116676
1402 1.8829302800116676
1403 1.3029782873131248
1404 1.3029782873131248
1405 0.9786008015518415
1406 0.9786008015518415
1407 2.0358611438731615
1408 2.0358611438731615
1409 1.9337960890527492
1410 1.9337960890527492
1411 1.5126939834107076
1412 1.5126939834107076
1413 1.7136033139801
1414 1.7136033139801
1415 1.654006286616791
1416 1.654006286616791
1417 1.562780219545299
1418 1.562780219545299
1419 1.646564485698289
1420 1.646564485698289
1421 1.537993895851107
1422 1.537993895851107
1423 1.8146428784855502
1424 1.8146428784855502
1425 1.0166430339285752
1426 1.0166430339285752
1427 1.4144614073873256
1428 1.4144614073873256
1429 1.8076118026722927
1430 1.8076118026722927
1431 1.2696474573774177
1432 1.2696474573774177
1433 1.09011117801649
1434 1.09011117801649
1435 2.0413132075968914
1436 2.0413132075968914
1437 2.0533128337595907
1438 2.0533128337595907
1439 1.8819911549047568
1440 1.8819911549047568
1441 1.935423759949778
1442 1.935423759949778
1443 1.4924423228577923
1444 1.4924423228577923
1445 1.7184397290555053
1446 1.7184397290555053
1447 1.4721172144802417
1448 1.4721172144802417
1449 1.817853820715673
1450 1.817853820715673
1451 3.5150652134838793
1452 3.5150652134838793
1453 2.625091063522024
1454 2.625091063522024
1455 4.062154411845665
1456 4.062154411845665
1457 3.0498740180746657
1458 3.0498740180746657
1459 3.4312643092636823
1460 3.4312643092636823
1461 4.559000907256402
1462 4.559000907256402
1463 2.529621361438741
1464 2.1493141150935564
1465 2.1493141150935564
1466 1.6787013025761888
1467 1.6787013025761888
1468 2.9372996234707602
1469 2.9372996234707602
1470 1.8301525166949366
1471 1.8301525166949366
1472 1.765965574292384
1473 1.765965574292384
1474 2.1701988832668793
1475 2.1701988832668793
1476 2.9053561987429566
1477 2.9053561987429566
1478 2.0557716876724395
1479 2.0557716876724395
1480 2.016553336463521
1481 2.016553336463521
1482 1.4508841499745642
1483 1.4508841499745642
1484 2.3162982826111636
1485 2.3162982826111636
1486 1.6786428271947553
1487 1.6786428271947553
1488 1.9427426898369797
1489 1.9427426898369797
1490 2.6177521221958937
1491 2.6177521221958937
1492 1.8700396210183
1493 1.8700396210183
1494 2.7133092974563437
1495 2.7133092974563437
1496 2.138385375713139
1497 2.138385375713139
1498 2.6160437895675694
1499 2.6160437895675694
1500 1.6466259328085187
1501 1.6466259328085187
1502 2.322725399186133
1503 2.322725399186133
1504 1.9435485796788021
1505 1.9435485796788021
1506 2.2651382818902137
1507 2.2651382818902137
1508 2.4513900783668805
1509 0.20280506062284046
1510 0.20280506062284046
1511 0.19981203571466022
1512 0.19981203571466022
1513 0.15910518012488542
1514 0.15910518012488542
1515 0.21227644354346173
1516 0.21227644354346173
1517 0.2553279906896932
1518 0.2553279906896932
1519 0.21848236590802803
1520 2.863249247607232
1521 2.863249247607232
1522 2.7589319946482598
1523 2.7589319946482598
1524 3.5652887354936054
1525 3.5652887354936054
1526 2.9037983822561597
1527 2.9037983822561597
1528 3.465642442973322
1529 3.465642442973322
1530 3.559166797996091
1531 3.559166797996091
1532 4.3558049774656205
1533 4.3558049774656205
1534 3.0226847749107337
1535 3.0226847749107337
1536 4.688925496902243
1537 4.688925496902243
1538 3.24041510689094
1539 3.24041510689094
1540 3.3266001140810455
1541 3.3266001140810455
1542 3.3562935984347373
1543 3.3562935984347373
1544 3.096937856089755
1545 3.096937856089755
1546 2.5832235241142376
1547 2.5832235241142376
1548 3.9932460016599474
1549 3.9932460016599474
1550 2.777404329507581
1551 2.777404329507581
1552 2.887648990970738
1553 2.887648990970738
1554 3.1072399593951343
1555 3.1072399593951343
1556 3.355423704982906
1557 3.355423704982906
1558 3.452572327423635
1559 3.452572327423635
1560 3.683541510665824
1561 3.683541510665824
1562 3.079209849507106
1563 3.079209849507106
1564 3.5856008981755356
1565 3.5856008981755356
1566 4.068835445256818
1567 4.068835445256818
1568 3.233491053798175
1569 3.233491053798175
1570 3.210017715811861
1571 3.210017715811861
1572 2.8681742285995306
1573 2.8681742285995306
1574 4.457641524624006
1575 4.457641524624006
1576 3.3880023119036444
1577 3.3880023119036444
1578 3.7806413604965985
1579 3.7806413604965985
1580 3.2951284548191153
1581 3.2951284548191153
1582 2.7908255985491106
1583 2.7908255985491106
1584 3.5365849695477123
1585 3.5365849695477123
1586 1.905590296392518
1587 1.905590296392518
1588 3.6106613126692015
1589 3.6106613126692015
1590 2.966518406401701
1591 2.966518406401701
1592 4.333380775002726
1593 4.333380775002726
1594 3.3896101042403064
1595 3.3896101042403064
1596 3.532391596827189
1597 3.532391596827189
1598 3.320698136823625
1599 3.320698136823625
1600 3.746411495506954
1601 3.746411495506954
1602 4.206812668530031
1603 4.206812668530031
1604 3.4664596966785926
1605 3.4664596966785926
1606 2.9553292586537747
1607 2.9553292586537747
1608 3.9281211041576003
1609 3.9281211041576003
1610 3.8936673905459074
1611 3.8936673905459074
1612 3.151334233895596
1613 3.151334233895596
1614 3.8235247869010625
1615 3.8235247869010625
1616 3.137270315497715
1617 3.137270315497715
1618 3.1911114372939013
1619 3.1911114372939013
1620 2.463380808141997
1621 2.463380808141997
1622 4.299074796363019
1623 4.299074796363019
1624 2.975257529576074
1625 2.975257529576074
1626 4.154193991419414
1627 4.154193991419414
1628 4.77932387819744
1629 4.77932387819744
1630 3.354431342297949
1631 3.354431342297949
1632 3.8618515252004117
1633 3.8618515252004117
1634 3.6053074087193346
1635 3.6053074087193346
1636 4.010736829534092
1637 4.010736829534092
1638 3.243874898169448
1639 3.243874898169448
1640 4.410572853636959
1641 4.410572853636959
1642 3.6293821095039274
1643 3.6293821095039274
1644 2.507437358966172
1645 1.1378407437590676
1646 1.1378407437590676
1647 1.2521117500864123
1648 1.2521117500864123
1649 1.3022217447466713
1650 1.3022217447466713
1651 1.0658809621006207
1652 1.0658809621006207
1653 1.379111318190392
1654 1.379111318190392
1655 1.4042000532119112
1656 1.4042000532119112
1657 1.0433851927375706
1658 1.0433851927375706
1659 0.9143146864207293
1660 3.571551945552389
1661 3.571551945552389
1662 2.923597487334174
1663 2.923597487334174
1664 2.7904847155922945
1665 2.7904847155922945
1666 4.252358955595454
1667 4.252358955595454
1668 4.341795372520972
1669 4.341795372520972
1670 3.216594974759439
1671 3.216594974759439
1672 3.284895677837074
1673 3.284895677837074
1674 2.5268733990313974
1675 2.5268733990313974
1676 3.0535725498989184
1677 3.0535725498989184
1678 3.318196511442507
1679 3.318196511442507
1680 3.5700682187246464
1681 3.5700682187246464
1682 4.489524490140147
1683 4.489524490140147
1684 2.848680169322985
1685 2.848680169322985
1686 3.695805412847804
1687 3.695805412847804
1688 3.155450142533933
1689 3.155450142533933
1690 3.2017470709822002
1691 3.2017470709822002
1692 3.0847561380308424
1693 3.0847561380308424
1694 3.77391185651586
1695 3.77391185651586
1696 4.029256106135342
1697 4.029256106135342
1698 4.279514804755636
1699 4.279514804755636
1700 2.342975594345124
1701 2.342975594345124
1702 2.887328427473803
1703 2.887328427473803
1704 4.253131864582043
1705 4.253131864582043
1706 3.5443828956228254
1707 3.5443828956228254
1708 3.053791062927622
1709 3.053791062927622
1710 2.2296505540835785
1711 2.2296505540835785
1712 2.508889923073327
1713 2.508889923073327
1714 2.783923311636427
1715 2.783923311636427
1716 3.5281936545318184
1717 3.5281936545318184
1718 2.4099598949758567
1719 2.4099598949758567
1720 3.893637270517912
1721 3.893637270517912
1722 3.2086717082304737
1723 3.2086717082304737
1724 2.7916256473822054
1725 2.7916256473822054
1726 3.9117914555239555
1727 3.9117914555239555
1728 3.4358365700952658
1729 3.4358365700952658
1730 3.490181872434776
1731 3.490181872434776
1732 3.3326120207716077
1733 3.3326120207716077
1734 3.036808580392525
1735 3.036808580392525
1736 2.379347628058626
1737 2.379347628058626
1738 3.518745332204755
1739 3.518745332204755
1740 3.167661789299877
1741 3.167661789299877
1742 2.459344745603467
1743 2.459344745603467
1744 3.0811007527005607
1745 3.0811007527005607
1746 3.485426367916811
1747 3.485426367916811
1748 3.48146042335839
1749 3.48146042335839
1750 3.6191099795641892
1751 3.6191099795641892
1752 2.858104015319101
1753 2.858104015319101
1754 3.208779038859201
1755 3.208779038859201
1756 3.9488180704580933
1757 3.9488180704580933
1758 3.3697307290430167
1759 3.3697307290430167
1760 3.9119880100241806
1761 3.9119880100241806
1762 3.414970614011462
1763 3.414970614011462
1764 3.6152391508208654
1765 3.6152391508208654
1766 3.787998807955775
1767 3.787998807955775
1768 4.709695435146093
1769 4.709695435146093
1770 3.5679058155364505
1771 3.5679058155364505
1772 3.8165565859874517
1773 3.8165565859874517
1774 3.106736866089758
1775 3.106736866089758
1776 3.356822257643873
1777 3.356822257643873
1778 3.6906804186011564
1779 3.6906804186011564
1780 2.39369390801104
1781 2.39369390801104
1782 3.129898983173657
1783 3.129898983173657
1784 3.1767790974322407
1785 3.1767790974322407
1786 3.827469039064807
1787 3.827469039064807
1788 3.4414394481019963
1789 3.4414394481019963
1790 3.84137984160921
1791 3.84137984160921
1792 2.8780537346099244
1793 2.8780537346099244
1794 3.6067103040901056
1795 3.6067103040901056
1796 3.7309797696953275
1797 3.7309797696953275
1798 3.8512974370979993
1799 3.8512974370979993
1800 2.6876410733913887
1801 2.6876410733913887
1802 3.563557514940068
1803 3.563557514940068
1804 3.173751604641852
1805 3.173751604641852
1806 3.5797627703031876
1807 3.5797627703031876
1808 4.070894167657922
1809 4.070894167657922
1810 3.425936741454186
1811 2.2628073022923556
1812 2.2628073022923556
1813 2.5122355147462807
1814 2.5122355147462807
1815 2.7138490770455523
1816 2.7138490770455523
1817 3.1431654065409793
1818 3.1431654065409793
1819 3.5299205799810793
1820 3.5299205799810793
1821 2.758286781424885
1822 2.758286781424885
1823 3.615117536349895
1824 3.615117536349895
1825 2.690242046210015
1826 2.690242046210015
1827 2.6442315665378535
1828 2.6442315665378535
1829 3.3416441490722373
1830 3.3416441490722373
1831 2.59926613016104
1832 2.59926613016104
1833 3.1678236237623785
1834 3.1678236237623785
1835 3.0656503146770553
1836 3.0656503146770553
1837 3.774735345711473
1838 3.774735345711473
1839 3.3502934394859203
1840 3.3502934394859203
1841 3.6086534748541603
1842 3.6086534748541603
1843 4.1143279160441555
1844 4.1143279160441555
1845 4.548173943971181
1846 4.548173943971181
1847 3.4923194991217823
1848 3.4923194991217823
1849 4.575379732956199
1850 4.575379732956199
1851 3.0533594508601403
1852 3.0533594508601403
1853 3.8665544058354726
1854 3.8665544058354726
1855 4.701779730314704
1856 4.701779730314704
1857 3.3837355724626077
1858 3.3837355724626077
1859 3.5688407454673956
1860 3.0379588882489603
1861 3.0379588882489603
1862 4.534954522586127
1863 4.534954522586127
1864 2.7279138055549756
1865 2.7279138055549756
1866 2.4071831524362066
1867 2.4071831524362066
1868 3.7858727341834264
1869 3.7858727341834264
1870 3.6937116554835407
1871 3.6937116554835407
1872 3.20881677162851
1873 3.20881677162851
1874 3.8381565619548996
1875 3.8381565619548996
1876 3.636502459308618
1877 3.636502459308618
1878 2.954049503966772
1879 2.954049503966772
1880 2.5450914036424144
1881 2.5450914036424144
1882 2.701220110676675
1883 2.701220110676675
1884 3.4764286726510947
1885 3.4764286726510947
1886 2.6329131429360304
1887 2.6329131429360304
1888 3.5986044740289165
1889 3.5986044740289165
1890 3.4335240220037946
1891 3.4335240220037946
1892 3.4031799925583517
1893 3.4031799925583517
1894 4.274377686433365
1895 1.8872505314534056
1896 1.8872505314534056
1897 3.469824108456625
1898 3.469824108456625
1899 2.1128229718782556
1900 2.1128229718782556
1901 2.4806893553495777
1902 2.4806893553495777
1903 2.58966554586891
1904 2.58966554586891
1905 2.2482629079898184
1906 2.2482629079898184
1907 2.6090028520252284
1908 2.6090028520252284
1909 3.0537824187373115
1910 3.0537824187373115
1911 2.4813629647931945
1912 2.4813629647931945
1913 2.609322846895813
1914 2.609322846895813
1915 2.3685269496910886
1916 2.3685269496910886
1917 1.54294148425525
1918 1.54294148425525
1919 2.8613437666552795
1920 2.8613437666552795
1921 2.6033272473177234
1922 2.6033272473177234
1923 3.2382344203858366
1924 3.2382344203858366
1925 2.9065815471613488
1926 2.9065815471613488
1927 2.6649653479038373
1928 2.6649653479038373
1929 2.91261487846006
1930 2.91261487846006
1931 2.1200738436411175
1932 2.1200738436411175
1933 2.9963434565679465
1934 2.9963434565679465
1935 2.619793564278877
1936 2.619793564278877
1937 2.207566119400847
1938 2.207566119400847
1939 2.385937207592594
1940 2.385937207592594
1941 2.3225578785066903
1942 2.3225578785066903
1943 2.330075752498231
1944 2.330075752498231
1945 2.0277991661397703
1946 2.0277991661397703
1947 2.868160343663251
1948 2.868160343663251
1949 2.940152178051522
1950 2.940152178051522
1951 3.3093804228843844
1952 3.3093804228843844
1953 2.657192133169286
1954 2.657192133169286
1955 2.2375076414689796
1956 2.2375076414689796
1957 2.906879820505787
1958 2.906879820505787
1959 2.0601110749241887
1960 2.0601110749241887
1961 3.131238461569202
1962 3.131238461569202
1963 2.5853729767750515
1964 2.5853729767750515
1965 2.971575711872209
1966 2.971575711872209
1967 2.2952124530810805
1968 2.2952124530810805
1969 2.7520942725457105
1970 2.7520942725457105
1971 2.3951393979238524
1972 2.3951393979238524
1973 2.191545140689863
1974 2.191545140689863
1975 2.4241552851923927
1976 2.4241552851923927
1977 1.7044553844340715
1978 1.7044553844340715
1979 2.733376762742262
1980 2.733376762742262
1981 2.488701025825744
1982 2.488701025825744
1983 2.918385928989632
1984 2.918385928989632
1985 2.27548025403716
1986 2.27548025403716
1987 2.1915449701872847
1988 2.1915449701872847
1989 2.172741358854606
1990 2.172741358854606
1991 1.637486124268351
1992 1.637486124268351
1993 3.5620699581813478
1994 3.5620699581813478
1995 2.9960969590335367
1996 2.9960969590335367
1997 2.1655519285609337
1998 2.1655519285609337
1999 2.0077403456827723
