0 0.7667627056312623
1 0.7667627056312623
2 0.7667627056312623
3 0.7667627056312623
4 0.934802059010077
5 0.934802059010077
6 0.934802059010077
7 0.934802059010077
8 0.8809451606792027
9 0.8809451606792027
10 0.8809451606792027
11 0.8809451606792027
12 1.0327566190564224
13 1.0327566190564224
14 1.0327566190564224
15 1.0327566190564224
16 1.3264901298667322
17 1.3264901298667322
18 1.3264901298667322
19 1.3264901298667322
20 1.414138763560684
21 1.414138763560684
22 1.414138763560684
23 1.414138763560684
24 1.417514929533489
25 1.417514929533489
26 1.417514929533489
27 1.417514929533489
28 1.350844062895489
29 1.350844062895489
30 1.350844062895489
31 1.350844062895489
32 1.8595981993529183
33 1.8595981993529183
34 1.8595981993529183
35 1.8595981993529183
36 1.3506147667867618
37 1.3506147667867618
38 1.3506147667867618
39 1.3506147667867618
40 1.0056228500615068
41 1.0056228500615068
42 1.0056228500615068
43 1.0056228500615068
44 1.2411652307618506
45 1.2411652307618506
46 1.2411652307618506
47 1.2411652307618506
48 1.1540624233769854
49 1.1540624233769854
50 1.1540624233769854
51 1.1540624233769854
52 1.349115107949698
53 1.349115107949698
54 1.349115107949698
55 1.349115107949698
56 0.9107202121063188
57 0.9107202121063188
58 0.9107202121063188
59 0.9107202121063188
60 1.3382909633817648
61 1.3382909633817648
62 1.3382909633817648
63 1.3382909633817648
64 1.567317802206081
65 1.567317802206081
66 1.567317802206081
67 1.567317802206081
68 0.960788364998904
69 0.960788364998904
70 0.960788364998904
71 0.960788364998904
72 1.1390064446004318
73 1.1390064446004318
74 1.1390064446004318
75 1.1390064446004318
76 0.674283744539917
77 0.674283744539917
78 0.674283744539917
79 0.674283744539917
80 1.7589222345311237
81 1.7589222345311237
82 2.9762988901794896
83 2.9762988901794896
84 2.9762988901794896
85 2.9762988901794896
86 2.5502987087281532
87 2.5502987087281532
88 2.5502987087281532
89 2.5502987087281532
90 2.282816360549506
91 2.282816360549506
92 2.282816360549506
93 2.282816360549506
94 2.656529102870275
95 2.656529102870275
96 2.656529102870275
97 2.656529102870275
98 3.760236320740833
99 3.760236320740833
100 3.760236320740833
101 3.760236320740833
102 2.967543872777073
103 2.967543872777073
104 2.967543872777073
105 2.967543872777073
106 2.157606144375828
107 2.157606144375828
108 2.157606144375828
109 2.157606144375828
110 3.7320595134580947
111 3.7320595134580947
112 3.7320595134580947
113 3.7320595134580947
114 1.135703636291359
115 1.135703636291359
116 1.135703636291359
117 1.135703636291359
118 2.534830977913674
119 2.534830977913674
120 2.534830977913674
121 2.534830977913674
122 2.598111870925781
123 2.598111870925781
124 2.598111870925781
125 2.598111870925781
126 2.9391876987954064
127 2.9391876987954064
128 2.9391876987954064
129 2.9391876987954064
130 2.8346201637459374
131 2.8346201637459374
132 2.8346201637459374
133 2.8346201637459374
134 5.669938353462422
135 5.669938353462422
136 5.669938353462422
137 5.669938353462422
138 3.5993732569550048
139 3.5993732569550048
140 3.5993732569550048
141 3.5993732569550048
142 3.0683672137603577
143 3.0683672137603577
144 3.0683672137603577
145 3.0683672137603577
146 3.821315174405755
147 3.821315174405755
148 3.821315174405755
149 3.821315174405755
150 1.7825394527784704
151 1.7825394527784704
152 1.7825394527784704
153 1.7825394527784704
154 4.705602129175421
155 4.705602129175421
156 4.705602129175421
157 4.705602129175421
158 2.1666786610745374
159 2.1666786610745374
160 2.1666786610745374
161 2.1666786610745374
162 3.2284922981631374
163 3.2284922981631374
164 3.2284922981631374
165 3.2284922981631374
166 5.038749609154452
167 5.038749609154452
168 5.038749609154452
169 5.038749609154452
170 2.7461689263225493
171 2.7461689263225493
172 2.7461689263225493
173 2.7461689263225493
174 1.4566352879807434
175 1.4566352879807434
176 1.4566352879807434
177 1.4566352879807434
178 2.3249951473334303
179 2.3249951473334303
180 2.3249951473334303
181 2.3249951473334303
182 3.490364798680859
183 3.490364798680859
184 3.490364798680859
185 3.490364798680859
186 2.384497056045955
187 2.384497056045955
188 2.384497056045955
189 2.384497056045955
190 3.5763695667187507
191 3.5763695667187507
192 3.5763695667187507
193 3.5763695667187507
194 2.6396101743820815
195 2.6396101743820815
196 2.6396101743820815
197 2.6396101743820815
198 5.469738456756266
199 5.469738456756266
200 5.469738456756266
201 5.469738456756266
202 4.373354347492943
203 4.373354347492943
204 4.373354347492943
205 4.373354347492943
206 0.6198309085885993
207 0.6198309085885993
208 0.6198309085885993
209 0.6198309085885993
210 4.481611234196731
211 4.481611234196731
212 4.481611234196731
213 4.481611234196731
214 6.04855467780617
215 6.04855467780617
216 6.04855467780617
217 6.04855467780617
218 3.3119349306131967
219 3.3119349306131967
220 3.3119349306131967
221 3.3119349306131967
222 1.5466379720595236
223 1.5466379720595236
224 1.5466379720595236
225 1.5466379720595236
226 1.3450258341058001
227 1.3450258341058001
228 1.3450258341058001
229 1.3450258341058001
230 2.3296508823891418
231 2.3296508823891418
232 2.3296508823891418
233 2.3296508823891418
234 2.863399896705778
235 2.863399896705778
236 2.863399896705778
237 2.863399896705778
238 1.566786770837513
239 1.566786770837513
240 1.566786770837513
241 4.837968520568891
242 4.837968520568891
243 4.837968520568891
244 4.837968520568891
245 4.041897863563099
246 4.041897863563099
247 4.041897863563099
248 4.041897863563099
249 2.28264741789988
250 2.28264741789988
251 0.788249435738025
252 0.788249435738025
253 0.788249435738025
254 0.788249435738025
255 1.5843929927246307
256 1.5843929927246307
257 1.5843929927246307
258 1.5843929927246307
259 1.2786468732396465
260 1.2786468732396465
261 1.2786468732396465
262 1.2786468732396465
263 1.3580178543656485
264 1.3580178543656485
265 1.3580178543656485
266 1.3580178543656485
267 1.188596429010625
268 1.188596429010625
269 1.188596429010625
270 1.188596429010625
271 1.488927943437235
272 1.488927943437235
273 1.488927943437235
274 1.488927943437235
275 1.3564532399790223
276 1.3564532399790223
277 4.997711706020775
278 4.997711706020775
279 4.997711706020775
280 4.997711706020775
281 2.4036503470869297
282 2.4036503470869297
283 2.4036503470869297
284 2.4036503470869297
285 2.8134102873535216
286 2.8134102873535216
287 2.8134102873535216
288 2.8134102873535216
289 4.3112294001089015
290 4.3112294001089015
291 4.3112294001089015
292 4.3112294001089015
293 3.8614032222895083
294 3.8614032222895083
295 3.8614032222895083
296 3.8614032222895083
297 2.135327482567054
298 2.135327482567054
299 2.135327482567054
300 2.1986477655285617
301 2.1986477655285617
302 2.1986477655285617
303 2.1986477655285617
304 2.796305340367208
305 2.796305340367208
306 2.796305340367208
307 2.796305340367208
308 1.524491711422712
309 1.524491711422712
310 1.524491711422712
311 1.524491711422712
312 3.0604710154043544
313 3.0604710154043544
314 3.0604710154043544
315 3.0604710154043544
316 2.5002663668263145
317 2.5002663668263145
318 2.5002663668263145
319 2.5002663668263145
320 1.4438478866963076
321 1.4438478866963076
322 1.4438478866963076
323 1.4438478866963076
324 3.209690676261458
325 3.209690676261458
326 3.209690676261458
327 3.209690676261458
328 3.4318098226359215
329 3.4318098226359215
330 3.4318098226359215
331 3.4318098226359215
332 3.298467026318381
333 3.298467026318381
334 3.298467026318381
335 3.298467026318381
336 1.407105779623507
337 1.407105779623507
338 1.407105779623507
339 1.407105779623507
340 2.1165481105749446
341 2.1165481105749446
342 2.1165481105749446
343 2.1165481105749446
344 2.585932092168901
345 2.585932092168901
346 2.585932092168901
347 2.585932092168901
348 3.3502209416036477
349 3.3502209416036477
350 3.3502209416036477
351 3.3502209416036477
352 2.9446075916150614
353 2.9446075916150614
354 2.9446075916150614
355 2.9446075916150614
356 2.868820216016605
357 2.868820216016605
358 2.868820216016605
359 2.868820216016605
360 3.077441763999313
361 3.077441763999313
362 3.077441763999313
363 3.077441763999313
364 1.954018910758935
365 1.954018910758935
366 1.954018910758935
367 1.954018910758935
368 2.367111479752196
369 2.367111479752196
370 2.367111479752196
371 2.367111479752196
372 3.415092766693475
373 3.415092766693475
374 3.415092766693475
375 3.415092766693475
376 1.44517024648608
377 1.44517024648608
378 0.9890714909233564
379 0.9890714909233564
380 0.9890714909233564
381 0.9890714909233564
382 1.0004640726781926
383 1.0004640726781926
384 1.0004640726781926
385 1.0004640726781926
386 0.8834442765581069
387 0.8834442765581069
388 0.8834442765581069
389 0.8834442765581069
390 1.125828451067078
391 1.125828451067078
392 1.125828451067078
393 1.125828451067078
394 1.4802958386956142
395 1.4802958386956142
396 1.4802958386956142
397 1.4802958386956142
398 0.8918567551772022
399 0.8918567551772022
400 0.8918567551772022
401 0.8918567551772022
402 1.6273186489477514
403 1.6273186489477514
404 1.6273186489477514
405 1.6273186489477514
406 0.20321718767704022
407 0.20321718767704022
408 0.20321718767704022
409 0.20321718767704022
410 1.4750616672113555
411 1.4750616672113555
412 1.4750616672113555
413 1.4750616672113555
414 1.228736087691578
415 1.228736087691578
416 1.228736087691578
417 1.228736087691578
418 1.1860631398091979
419 1.1860631398091979
420 1.1860631398091979
421 1.1860631398091979
422 0.9039962557855374
423 0.9039962557855374
424 0.9039962557855374
425 0.9039962557855374
426 1.044970787112486
427 1.044970787112486
428 1.044970787112486
429 1.044970787112486
430 1.326377188399097
431 1.326377188399097
432 1.326377188399097
433 1.326377188399097
434 1.1605912776990686
435 1.1605912776990686
436 1.1605912776990686
437 1.1605912776990686
438 0.9800521011284922
439 0.9800521011284922
440 0.9800521011284922
441 0.9800521011284922
442 0.2979258095648736
443 0.2979258095648736
444 0.2979258095648736
445 0.2979258095648736
446 1.1886961110790073
447 1.1886961110790073
448 1.1886961110790073
449 1.1886961110790073
450 1.5269218690830626
451 1.5269218690830626
452 1.5269218690830626
453 1.5269218690830626
454 1.8418280821848327
455 1.8418280821848327
456 1.8418280821848327
457 1.8418280821848327
458 1.0142212321176651
459 1.0142212321176651
460 1.0142212321176651
461 1.0142212321176651
462 0.6531943435412285
463 0.6531943435412285
464 0.6531943435412285
465 0.6531943435412285
466 1.184560649923867
467 1.184560649923867
468 1.184560649923867
469 1.184560649923867
470 0.9207934321647369
471 0.9207934321647369
472 0.9207934321647369
473 0.9207934321647369
474 0.7982984735720279
475 0.7982984735720279
476 0.7982984735720279
477 0.7982984735720279
478 0.9680184111811037
479 0.9680184111811037
480 0.9680184111811037
481 0.9680184111811037
482 1.0914562667597993
483 1.0914562667597993
484 1.0914562667597993
485 1.0914562667597993
486 0.6359120549294821
487 0.6359120549294821
488 0.6359120549294821
489 0.6359120549294821
490 1.4007005719470145
491 1.4007005719470145
492 1.4007005719470145
493 1.4007005719470145
494 1.271260835566967
495 1.271260835566967
496 1.271260835566967
497 1.271260835566967
498 1.5784524945343705
499 1.5784524945343705
500 1.5784524945343705
501 1.5784524945343705
502 1.2941062901397717
503 1.2941062901397717
504 1.2941062901397717
505 1.2941062901397717
506 1.1840679791134494
507 1.1840679791134494
508 1.1840679791134494
509 1.0787644008253048
510 1.0787644008253048
511 1.0787644008253048
512 1.0787644008253048
513 3.2983605040860304
514 3.2983605040860304
515 3.2983605040860304
516 3.2983605040860304
517 1.7581959046335176
518 1.7581959046335176
519 1.7581959046335176
520 1.7581959046335176
521 2.331969339242707
522 2.5416074340899586
523 2.5416074340899586
524 2.5416074340899586
525 2.5416074340899586
526 1.9416559217749059
527 1.9416559217749059
528 1.9416559217749059
529 1.9416559217749059
530 1.7592916305886201
531 1.7592916305886201
532 1.7592916305886201
533 1.7592916305886201
534 2.064164740794139
535 2.064164740794139
536 2.064164740794139
537 2.064164740794139
538 1.1469584866337676
539 1.1469584866337676
540 1.1469584866337676
541 1.1469584866337676
542 2.0764327986308793
543 2.0764327986308793
544 2.0764327986308793
545 2.0764327986308793
546 1.3440140436613182
547 1.3440140436613182
548 1.3440140436613182
549 1.3440140436613182
550 2.8633197314397254
551 2.8633197314397254
552 2.8633197314397254
553 2.8633197314397254
554 2.3276067017566433
555 2.3276067017566433
556 2.3276067017566433
557 2.3276067017566433
558 1.1154690532713585
559 1.1154690532713585
560 1.1154690532713585
561 0.5836060247572988
562 0.5836060247572988
563 0.5836060247572988
564 0.5836060247572988
565 0.6400115846998318
566 0.6400115846998318
567 0.6400115846998318
568 0.6400115846998318
569 0.9690915427964061
570 0.9690915427964061
571 0.9690915427964061
572 0.9690915427964061
573 0.7753002356994683
574 0.7753002356994683
575 0.7753002356994683
576 0.7753002356994683
577 0.5521267903718124
578 0.5521267903718124
579 0.5521267903718124
580 1.3802286376660033
581 1.3802286376660033
582 1.3802286376660033
583 6.687430177871219
584 6.687430177871219
585 6.687430177871219
586 6.687430177871219
587 4.390987144344915
588 4.390987144344915
589 4.390987144344915
590 4.390987144344915
591 3.092546533914697
592 3.092546533914697
593 3.092546533914697
594 3.092546533914697
595 2.465415618899275
596 2.465415618899275
597 2.465415618899275
598 2.465415618899275
599 3.8271261406731574
600 3.8271261406731574
601 3.8271261406731574
602 3.8271261406731574
603 3.1919623959011485
604 3.1919623959011485
605 3.1919623959011485
606 3.1919623959011485
607 4.858576288296612
608 4.858576288296612
609 4.858576288296612
610 4.858576288296612
611 2.242624209553562
612 2.242624209553562
613 2.242624209553562
614 2.242624209553562
615 4.594408045752951
616 4.594408045752951
617 4.594408045752951
618 4.594408045752951
619 3.2746225228363826
620 3.2746225228363826
621 3.2746225228363826
622 3.2746225228363826
623 5.083140911490327
624 5.083140911490327
625 5.083140911490327
626 5.083140911490327
627 3.04397253511642
628 3.04397253511642
629 3.04397253511642
630 3.04397253511642
631 4.1477873001026015
632 4.1477873001026015
633 4.1477873001026015
634 4.1477873001026015
635 4.533788605754255
636 4.533788605754255
637 4.533788605754255
638 4.533788605754255
639 4.346938212482534
640 4.346938212482534
641 4.346938212482534
642 4.346938212482534
643 4.982579142825895
644 4.982579142825895
645 4.982579142825895
646 4.982579142825895
647 3.4105221762667193
648 3.4105221762667193
649 3.4105221762667193
650 3.4105221762667193
651 2.4648085928891366
652 2.4648085928891366
653 2.4648085928891366
654 2.4648085928891366
655 2.63270269055175
656 2.63270269055175
657 2.63270269055175
658 2.63270269055175
659 1.8583498676151489
660 1.8583498676151489
661 1.8583498676151489
662 1.8583498676151489
663 2.026053057861204
664 2.026053057861204
665 2.026053057861204
666 2.026053057861204
667 2.762557051108898
668 2.762557051108898
669 2.762557051108898
670 3.084273522613853
671 3.084273522613853
672 3.084273522613853
673 3.084273522613853
674 2.026325200246969
675 2.026325200246969
676 2.026325200246969
677 2.026325200246969
678 2.7542707697963156
679 2.7542707697963156
680 2.7542707697963156
681 2.7542707697963156
682 2.0903230603789824
683 2.0903230603789824
684 2.0903230603789824
685 2.0903230603789824
686 3.086453675860447
687 3.086453675860447
688 3.086453675860447
689 3.086453675860447
690 3.537904913508055
691 3.537904913508055
692 3.537904913508055
693 3.537904913508055
694 3.393928277307408
695 3.393928277307408
696 3.393928277307408
697 3.393928277307408
698 2.215250612099325
699 2.215250612099325
700 2.215250612099325
701 2.215250612099325
702 2.0569560003629035
703 2.0569560003629035
704 2.0569560003629035
705 2.0569560003629035
706 1.6614330304966072
707 1.6614330304966072
708 1.6614330304966072
709 1.6614330304966072
710 1.7532601511618053
711 1.7532601511618053
712 1.7532601511618053
713 1.7532601511618053
714 2.4187909908360794
715 2.4187909908360794
716 2.4187909908360794
717 2.4187909908360794
718 1.1594493004213393
719 1.1594493004213393
720 1.1594493004213393
721 1.1594493004213393
722 3.2250913463716144
723 3.2250913463716144
724 3.2250913463716144
725 3.2250913463716144
726 2.34456156654351
727 2.34456156654351
728 2.34456156654351
729 2.34456156654351
730 2.7120935573692577
731 2.7120935573692577
732 2.7120935573692577
733 2.7120935573692577
734 2.0258102954848827
735 2.0258102954848827
736 2.0258102954848827
737 2.0258102954848827
738 1.7223339431756033
739 1.7223339431756033
740 1.7223339431756033
741 1.7223339431756033
742 2.1541390189184737
743 2.1541390189184737
744 2.1541390189184737
745 2.1541390189184737
746 3.4261219423987983
747 3.4261219423987983
748 3.4261219423987983
749 3.4261219423987983
750 2.0617002074936717
751 2.0617002074936717
752 2.0617002074936717
753 2.0617002074936717
754 2.6572593488019507
755 2.6572593488019507
756 2.6572593488019507
757 2.6572593488019507
758 1.723113184168684
759 1.723113184168684
760 1.723113184168684
761 1.723113184168684
762 3.3272001944768546
763 3.3272001944768546
764 3.3272001944768546
765 3.3272001944768546
766 3.716300513056933
767 3.716300513056933
768 3.716300513056933
769 3.716300513056933
770 3.7538097186561936
771 3.7538097186561936
772 3.7538097186561936
773 3.7538097186561936
774 2.9082722576326727
775 2.9082722576326727
776 2.9082722576326727
777 2.9082722576326727
778 2.0155670783938002
779 2.0155670783938002
780 2.0155670783938002
781 2.0155670783938002
782 1.90685201158316
783 1.90685201158316
784 1.90685201158316
785 1.90685201158316
786 2.69406381444421
787 2.69406381444421
788 2.69406381444421
789 2.69406381444421
790 3.1120499478549757
791 3.1120499478549757
792 3.1120499478549757
793 3.1120499478549757
794 1.4781568751386567
795 1.5663766957059677
796 1.5663766957059677
797 1.5663766957059677
798 1.5663766957059677
799 2.3936051146773956
800 2.3936051146773956
801 2.3936051146773956
802 2.3936051146773956
803 2.26138459797448
804 2.26138459797448
805 2.26138459797448
806 2.26138459797448
807 1.7046504649547636
808 1.7046504649547636
809 1.7046504649547636
810 1.7046504649547636
811 1.697859059409621
812 1.697859059409621
813 1.697859059409621
814 1.697859059409621
815 2.1211484730946593
816 2.1211484730946593
817 2.1211484730946593
818 2.1211484730946593
819 1.6555113030996487
820 1.6555113030996487
821 1.6555113030996487
822 1.6555113030996487
823 2.5356382126852495
824 2.5356382126852495
825 2.5356382126852495
826 2.5356382126852495
827 2.307511426681848
828 2.307511426681848
829 2.307511426681848
830 2.307511426681848
831 1.62665612315666
832 1.62665612315666
833 1.62665612315666
834 1.62665612315666
835 1.7586544976770777
836 1.7586544976770777
837 1.7586544976770777
838 1.7586544976770777
839 1.932878373769148
840 1.932878373769148
841 1.932878373769148
842 1.932878373769148
843 2.237179676172624
844 2.237179676172624
845 2.237179676172624
846 2.237179676172624
847 1.200342082401811
848 1.200342082401811
849 1.200342082401811
850 1.200342082401811
851 2.646250227600339
852 2.646250227600339
853 2.646250227600339
854 2.646250227600339
855 2.3492184656791353
856 2.3492184656791353
857 2.3492184656791353
858 2.3492184656791353
859 1.2727753075494372
860 1.2727753075494372
861 1.2727753075494372
862 1.2727753075494372
863 2.7587890558311154
864 2.7587890558311154
865 2.7587890558311154
866 2.7587890558311154
867 1.262771665971537
868 1.262771665971537
869 1.262771665971537
870 1.262771665971537
871 1.6866915521558212
872 1.6866915521558212
873 1.6866915521558212
874 1.6866915521558212
875 1.6815614650379347
876 1.6815614650379347
877 1.6815614650379347
878 1.6815614650379347
879 1.0524173354240371
880 1.0524173354240371
881 1.0524173354240371
882 1.0524173354240371
883 2.4974347492554534
884 2.4974347492554534
885 2.4974347492554534
886 2.4974347492554534
887 2.4302963427956086
888 2.4302963427956086
889 2.4302963427956086
890 2.4302963427956086
891 1.2355138170674804
892 1.2355138170674804
893 1.2355138170674804
894 1.2355138170674804
895 0.9502689416215786
896 0.9502689416215786
897 0.9502689416215786
898 0.9502689416215786
899 1.4419101712705231
900 1.4419101712705231
901 1.4419101712705231
902 1.4419101712705231
903 1.8877962353821125
904 1.8877962353821125
905 1.8877962353821125
906 1.8877962353821125
907 2.1887980876949285
908 2.1887980876949285
909 2.1887980876949285
910 2.1887980876949285
911 1.7414384196190869
912 1.7414384196190869
913 1.7414384196190869
914 1.7414384196190869
915 1.7876609484991801
916 1.7876609484991801
917 1.7876609484991801
918 1.7876609484991801
919 2.260026679841343
920 2.260026679841343
921 2.260026679841343
922 2.260026679841343
923 1.9446518562102153
924 1.9446518562102153
925 1.9446518562102153
926 1.9446518562102153
927 2.6070898076815237
928 2.6070898076815237
929 2.6070898076815237
930 2.6070898076815237
931 2.155027012771842
932 2.155027012771842
933 2.155027012771842
934 2.155027012771842
935 1.8543633317865587
936 1.8543633317865587
937 1.8543633317865587
938 1.8543633317865587
939 1.2172795244508898
940 1.2172795244508898
941 1.2172795244508898
942 1.2172795244508898
943 2.0435837606759444
944 2.0435837606759444
945 2.0435837606759444
946 2.0435837606759444
947 0.848332840253121
948 0.848332840253121
949 0.848332840253121
950 0.848332840253121
951 1.5863763399657822
952 1.5863763399657822
953 1.5863763399657822
954 1.5863763399657822
955 0.20170237507964317
956 0.20170237507964317
957 0.20170237507964317
958 0.20170237507964317
959 2.479787090882726
960 2.479787090882726
961 2.479787090882726
962 2.479787090882726
963 1.6973972634687455
964 1.6973972634687455
965 1.6973972634687455
966 3.847687899661024
967 3.847687899661024
968 3.847687899661024
969 3.847687899661024
970 3.000160528472289
971 3.000160528472289
972 3.000160528472289
973 3.000160528472289
974 2.923176365933281
975 2.923176365933281
976 2.923176365933281
977 2.923176365933281
978 3.6509225084751606
979 3.6509225084751606
980 3.6509225084751606
981 3.6509225084751606
982 3.911885265781023
983 3.911885265781023
984 3.911885265781023
985 3.911885265781023
986 3.1884145310032745
987 3.1884145310032745
988 3.1884145310032745
989 3.1884145310032745
990 1.7883234913955506
991 1.7883234913955506
992 1.7883234913955506
993 1.7883234913955506
994 5.310703766354525
995 5.310703766354525
996 5.310703766354525
997 5.310703766354525
998 2.868496645154088
999 2.868496645154088
1000 2.868496645154088
1001 2.868496645154088
1002 4.287134983011604
1003 4.287134983011604
1004 4.287134983011604
1005 4.287134983011604
1006 4.046515420363579
1007 4.046515420363579
1008 4.046515420363579
1009 4.046515420363579
1010 3.3363431561451398
1011 3.3363431561451398
1012 3.3363431561451398
1013 3.3363431561451398
1014 2.6502307067474096
1015 2.6502307067474096
1016 2.6502307067474096
1017 2.6502307067474096
1018 1.9074997415277224
1019 1.9074997415277224
1020 1.9074997415277224
1021 1.9074997415277224
1022 4.139240452129839
1023 4.139240452129839
1024 4.139240452129839
1025 4.139240452129839
1026 2.4574352540919837
1027 2.4574352540919837
1028 2.4574352540919837
1029 2.4574352540919837
1030 2.5892775646461685
1031 2.5892775646461685
1032 2.5892775646461685
1033 2.5892775646461685
1034 2.2783881748754595
1035 2.2783881748754595
1036 2.2783881748754595
1037 2.2783881748754595
1038 2.339198298044052
1039 2.339198298044052
1040 2.339198298044052
1041 2.339198298044052
1042 3.9075890678360183
1043 3.9075890678360183
1044 3.9075890678360183
1045 3.9075890678360183
1046 2.948170586175204
1047 2.948170586175204
1048 2.948170586175204
1049 2.948170586175204
1050 3.515412236832619
1051 3.515412236832619
1052 3.515412236832619
1053 3.515412236832619
1054 2.688946439157819
1055 2.688946439157819
1056 2.688946439157819
1057 2.688946439157819
1058 2.9481336958555686
1059 2.9481336958555686
1060 2.9481336958555686
1061 2.9481336958555686
1062 5.077332999104187
1063 5.077332999104187
1064 5.077332999104187
1065 5.077332999104187
1066 1.5193840569895034
1067 1.5193840569895034
1068 1.5193840569895034
1069 1.5193840569895034
1070 4.373774788023342
1071 4.373774788023342
1072 4.373774788023342
1073 4.373774788023342
1074 3.691509750227659
1075 3.691509750227659
1076 3.691509750227659
1077 3.691509750227659
1078 4.208454646624324
1079 4.208454646624324
1080 4.208454646624324
1081 4.208454646624324
1082 3.4641370534835603
1083 3.4641370534835603
1084 3.4641370534835603
1085 3.4641370534835603
1086 2.402783167373915
1087 2.402783167373915
1088 2.402783167373915
1089 2.402783167373915
1090 1.260977432545428
1091 1.260977432545428
1092 1.260977432545428
1093 1.260977432545428
1094 2.5235176948317735
1095 2.5235176948317735
1096 2.5235176948317735
1097 2.5235176948317735
1098 2.882269430764483
1099 2.882269430764483
1100 2.882269430764483
1101 2.882269430764483
1102 3.3411430406578133
1103 3.3411430406578133
1104 3.3411430406578133
1105 3.3411430406578133
1106 3.8662248961010106
1107 3.8662248961010106
1108 3.8662248961010106
1109 3.8662248961010106
1110 2.0353693827289883
1111 2.0353693827289883
1112 2.0353693827289883
1113 2.0353693827289883
1114 4.440401054955382
1115 4.440401054955382
1116 4.440401054955382
1117 4.440401054955382
1118 2.8590561767640748
1119 2.8590561767640748
1120 2.8590561767640748
1121 2.8590561767640748
1122 4.137668863118207
1123 4.137668863118207
1124 4.137668863118207
1125 4.137668863118207
1126 3.2963842493866333
1127 3.2963842493866333
1128 3.2963842493866333
1129 3.2963842493866333
1130 3.906805129078575
1131 3.906805129078575
1132 3.906805129078575
1133 3.906805129078575
1134 3.8883958061877997
1135 3.8883958061877997
1136 3.8883958061877997
1137 3.8883958061877997
1138 2.6444694399170765
1139 2.6444694399170765
1140 2.6444694399170765
1141 2.6444694399170765
1142 5.579586083040489
1143 5.579586083040489
1144 5.579586083040489
1145 5.579586083040489
1146 3.90762448374105
1147 3.90762448374105
1148 3.90762448374105
1149 3.90762448374105
1150 2.9761098531462604
1151 2.9761098531462604
1152 2.9761098531462604
1153 2.9761098531462604
1154 3.4555085764268947
1155 3.4555085764268947
1156 3.4555085764268947
1157 3.4555085764268947
1158 3.7090528730040093
1159 3.7090528730040093
1160 3.7090528730040093
1161 3.7090528730040093
1162 3.861908626886432
1163 3.861908626886432
1164 3.861908626886432
1165 3.861908626886432
1166 1.8238104723667974
1167 1.8238104723667974
1168 1.8238104723667974
1169 1.8238104723667974
1170 2.899215734421264
1171 2.899215734421264
1172 2.899215734421264
1173 2.899215734421264
1174 3.611993422312049
1175 3.611993422312049
1176 3.611993422312049
1177 3.611993422312049
1178 2.7945671227143203
1179 2.7945671227143203
1180 2.7945671227143203
1181 2.7945671227143203
1182 3.4021368416232987
1183 3.4021368416232987
1184 3.4021368416232987
1185 3.4021368416232987
1186 2.470959396637627
1187 2.470959396637627
1188 2.470959396637627
1189 2.470959396637627
1190 2.561213283960721
1191 2.561213283960721
1192 2.561213283960721
1193 2.561213283960721
1194 2.1434468520659506
1195 2.1434468520659506
1196 2.1434468520659506
1197 2.1434468520659506
1198 2.3510451758774993
1199 2.3510451758774993
1200 2.3510451758774993
1201 2.3510451758774993
1202 3.5453385164104656
1203 3.5453385164104656
1204 2.3142829148635506
1205 2.3142829148635506
1206 2.3142829148635506
1207 2.3142829148635506
1208 2.259560483847335
1209 2.259560483847335
1210 2.259560483847335
1211 2.259560483847335
1212 1.4265568490508047
1213 1.4265568490508047
1214 1.4265568490508047
1215 1.4265568490508047
1216 2.6098017313501276
1217 2.6098017313501276
1218 2.6098017313501276
1219 2.6098017313501276
1220 3.2806917314008226
1221 3.2806917314008226
1222 3.2806917314008226
1223 3.2806917314008226
1224 1.594647394944309
1225 1.594647394944309
1226 1.594647394944309
1227 1.594647394944309
1228 2.5110819002868134
1229 2.5110819002868134
1230 2.5110819002868134
1231 2.5110819002868134
1232 3.0916622291134495
1233 3.0916622291134495
1234 3.0916622291134495
1235 3.0916622291134495
1236 3.121884407619144
1237 3.121884407619144
1238 3.121884407619144
1239 3.121884407619144
1240 2.5567407501347907
1241 2.5567407501347907
1242 2.5567407501347907
1243 2.5567407501347907
1244 2.523615230168436
1245 2.523615230168436
1246 2.523615230168436
1247 2.523615230168436
1248 2.7014127547901254
1249 2.7014127547901254
1250 2.7014127547901254
1251 2.7014127547901254
1252 2.5188373544773794
1253 2.5188373544773794
1254 2.5188373544773794
1255 2.5188373544773794
1256 1.4122993170109246
1257 1.4122993170109246
1258 1.4122993170109246
1259 1.4122993170109246
1260 2.1929876672169697
1261 2.1929876672169697
1262 2.1929876672169697
1263 2.1929876672169697
1264 1.496902366858373
1265 1.496902366858373
1266 1.496902366858373
1267 1.496902366858373
1268 2.5599190047337306
1269 2.5599190047337306
1270 2.5599190047337306
1271 2.5599190047337306
1272 1.9111684551044572
1273 1.9111684551044572
1274 1.9111684551044572
1275 1.9111684551044572
1276 1.5150394618694645
1277 1.5150394618694645
1278 1.5150394618694645
1279 1.5150394618694645
1280 2.3024944179230284
1281 2.3024944179230284
1282 2.3024944179230284
1283 2.3024944179230284
1284 2.609918342647111
1285 2.609918342647111
1286 2.609918342647111
1287 2.609918342647111
1288 3.114308314093811
1289 3.114308314093811
1290 3.114308314093811
1291 0.7513300260519954
1292 0.7513300260519954
1293 0.7513300260519954
1294 0.7513300260519954
1295 0.3594557520410926
1296 0.3594557520410926
1297 0.3594557520410926
1298 0.3594557520410926
1299 0.4159149218212191
1300 0.4159149218212191
1301 0.4159149218212191
1302 0.4159149218212191
1303 0.7085863080022662
1304 0.7085863080022662
1305 0.7085863080022662
1306 0.7085863080022662
1307 0.9203926633413205
1308 0.9203926633413205
1309 0.9203926633413205
1310 0.9203926633413205
1311 0.5639259455402994
1312 0.5639259455402994
1313 0.5639259455402994
1314 0.5639259455402994
1315 0.9822205714738363
1316 0.9822205714738363
1317 0.9822205714738363
1318 0.9822205714738363
1319 0.579371104354576
1320 0.579371104354576
1321 0.579371104354576
1322 0.579371104354576
1323 0.3632042218702576
1324 0.3632042218702576
1325 0.3632042218702576
1326 0.3632042218702576
1327 0.5881467226759514
1328 0.5881467226759514
1329 0.5881467226759514
1330 0.5881467226759514
1331 0.7091459904326217
1332 0.7091459904326217
1333 0.7091459904326217
1334 0.7091459904326217
1335 0.8658417424243041
1336 0.8658417424243041
1337 0.8658417424243041
1338 0.8658417424243041
1339 0.595436712397863
1340 0.595436712397863
1341 0.595436712397863
1342 0.595436712397863
1343 0.47760601873861913
1344 0.47760601873861913
1345 0.47760601873861913
1346 0.47760601873861913
1347 0.7446216357660785
1348 0.7446216357660785
1349 0.7446216357660785
1350 0.7446216357660785
1351 0.6332802475268949
1352 0.6332802475268949
1353 4.6935042109125344
1354 4.6935042109125344
1355 4.6935042109125344
1356 4.6935042109125344
1357 2.8010367330050276
1358 2.8010367330050276
1359 2.8010367330050276
1360 2.8010367330050276
1361 3.6435946477163257
1362 3.6435946477163257
1363 3.6435946477163257
1364 3.6435946477163257
1365 0.28203942732951354
1366 0.28203942732951354
1367 0.28203942732951354
1368 0.28203942732951354
1369 1.026086858213549
1370 1.026086858213549
1371 1.026086858213549
1372 1.026086858213549
1373 0.7426730439345595
1374 0.7426730439345595
1375 0.7426730439345595
1376 0.7426730439345595
1377 0.3844015391122686
1378 0.3844015391122686
1379 0.3844015391122686
1380 0.3844015391122686
1381 1.1279279728755078
1382 1.1279279728755078
1383 1.1279279728755078
1384 1.1279279728755078
1385 0.4921346244944397
1386 0.4921346244944397
1387 0.4921346244944397
1388 0.4921346244944397
1389 0.6120395299378085
1390 0.6120395299378085
1391 0.6120395299378085
1392 0.6120395299378085
1393 0.28036122171779865
1394 0.28036122171779865
1395 0.28036122171779865
1396 0.28036122171779865
1397 1.1689572683929599
1398 1.1689572683929599
1399 1.1689572683929599
1400 1.1689572683929599
1401 0.7494360158646837
1402 0.7494360158646837
1403 0.7494360158646837
1404 0.7494360158646837
1405 0.921185177318854
1406 0.921185177318854
1407 0.921185177318854
1408 0.921185177318854
1409 0.6329859224018528
1410 0.6329859224018528
1411 0.6329859224018528
1412 0.6329859224018528
1413 0.3535966893485633
1414 0.3535966893485633
1415 0.3535966893485633
1416 0.3535966893485633
1417 1.0731523148508775
1418 1.0731523148508775
1419 1.0731523148508775
1420 1.0731523148508775
1421 0.7807558374763092
1422 0.7807558374763092
1423 0.7807558374763092
1424 0.7807558374763092
1425 1.0915186814757858
1426 1.0915186814757858
1427 1.0915186814757858
1428 1.0915186814757858
1429 0.688801082329428
1430 0.688801082329428
1431 2.269673005252045
1432 2.269673005252045
1433 2.269673005252045
1434 2.269673005252045
1435 3.791930216545955
1436 3.791930216545955
1437 3.791930216545955
1438 3.791930216545955
1439 5.126715425368589
1440 5.126715425368589
1441 0.6599786525961288
1442 0.6599786525961288
1443 0.6599786525961288
1444 0.6599786525961288
1445 0.7252101846741194
1446 0.7252101846741194
1447 0.7252101846741194
1448 0.7252101846741194
1449 0.6318908120360391
1450 0.6318908120360391
1451 0.6318908120360391
1452 0.6318908120360391
1453 0.8330835090636003
1454 0.8330835090636003
1455 0.8330835090636003
1456 0.8330835090636003
1457 0.4421211088078377
1458 0.4421211088078377
1459 0.4421211088078377
1460 0.4421211088078377
1461 0.8593405680946166
1462 0.8593405680946166
1463 0.8593405680946166
1464 0.8593405680946166
1465 0.5684738231335735
1466 0.5684738231335735
1467 0.5684738231335735
1468 0.5684738231335735
1469 0.5598423236249207
1470 0.5598423236249207
1471 0.5598423236249207
1472 0.5598423236249207
1473 0.9369402373070415
1474 0.9369402373070415
1475 0.9369402373070415
1476 0.9369402373070415
1477 0.5445501658965876
1478 0.5445501658965876
1479 0.5445501658965876
1480 0.5445501658965876
1481 0.40370857239884916
1482 0.40370857239884916
1483 0.40370857239884916
1484 0.40370857239884916
1485 0.6009862171448679
1486 0.6009862171448679
1487 0.6009862171448679
1488 0.6009862171448679
1489 0.4837953413664484
1490 0.4837953413664484
1491 0.4837953413664484
1492 0.4837953413664484
1493 0.516608520961215
1494 0.516608520961215
1495 0.516608520961215
1496 0.8533649310533409
1497 0.8533649310533409
1498 0.8533649310533409
1499 0.8533649310533409
1500 1.7914224146337456
1501 1.7914224146337456
1502 1.7914224146337456
1503 1.7914224146337456
1504 1.8905311460548808
1505 1.8905311460548808
1506 1.8905311460548808
1507 1.8905311460548808
1508 1.1596468290893645
1509 1.1596468290893645
1510 1.1596468290893645
1511 4.080907153647662
1512 4.080907153647662
1513 4.080907153647662
1514 4.080907153647662
1515 2.8135007602540387
1516 2.8135007602540387
1517 2.8135007602540387
1518 2.8135007602540387
1519 5.0276884420260695
1520 5.0276884420260695
1521 5.0276884420260695
1522 5.0276884420260695
1523 4.070859658642565
1524 4.070859658642565
1525 4.070859658642565
1526 4.070859658642565
1527 3.7269658010664117
1528 3.7269658010664117
1529 3.7269658010664117
1530 3.7269658010664117
1531 1.9357868500752757
1532 1.9357868500752757
1533 1.9357868500752757
1534 1.9357868500752757
1535 1.9943343680093337
1536 1.9943343680093337
1537 1.9943343680093337
1538 1.9943343680093337
1539 4.681175618630077
1540 4.681175618630077
1541 4.681175618630077
1542 4.681175618630077
1543 5.229982011204657
1544 5.229982011204657
1545 5.229982011204657
1546 5.229982011204657
1547 0.9297230597174617
1548 0.9297230597174617
1549 0.9297230597174617
1550 0.9297230597174617
1551 2.911449707495123
1552 2.911449707495123
1553 2.911449707495123
1554 2.911449707495123
1555 2.6915018597052853
1556 2.6915018597052853
1557 2.6915018597052853
1558 2.6915018597052853
1559 2.5039590302560084
1560 2.5039590302560084
1561 2.5039590302560084
1562 2.5039590302560084
1563 3.351534742931854
1564 3.351534742931854
1565 3.351534742931854
1566 3.351534742931854
1567 2.090182282500273
1568 2.090182282500273
1569 2.090182282500273
1570 2.090182282500273
1571 3.09927307966269
1572 3.09927307966269
1573 3.09927307966269
1574 3.09927307966269
1575 2.412216442784887
1576 2.412216442784887
1577 2.412216442784887
1578 2.412216442784887
1579 3.3367465502736513
1580 3.3367465502736513
1581 3.3367465502736513
1582 3.3367465502736513
1583 2.5880756730859686
1584 2.5880756730859686
1585 2.5880756730859686
1586 2.5880756730859686
1587 3.7268532901921616
1588 3.7268532901921616
1589 3.7268532901921616
1590 3.7268532901921616
1591 2.9399060012259906
1592 2.9399060012259906
1593 2.9399060012259906
1594 2.9399060012259906
1595 2.572832808622187
1596 2.572832808622187
1597 2.572832808622187
1598 2.572832808622187
1599 3.375208430722924
1600 3.375208430722924
1601 3.375208430722924
1602 3.375208430722924
1603 3.867401976708854
1604 3.867401976708854
1605 3.867401976708854
1606 3.867401976708854
1607 3.2662399414827172
1608 3.2662399414827172
1609 3.2662399414827172
1610 3.2662399414827172
1611 2.7212283373317723
1612 2.7212283373317723
1613 2.7212283373317723
1614 2.7212283373317723
1615 2.31437465499204
1616 2.31437465499204
1617 2.31437465499204
1618 1.191362524256374
1619 1.191362524256374
1620 1.191362524256374
1621 1.191362524256374
1622 1.2321733156928125
1623 1.2321733156928125
1624 1.2321733156928125
1625 3.978156919897773
1626 3.978156919897773
1627 3.978156919897773
1628 3.978156919897773
1629 2.9115101477539427
1630 2.9115101477539427
1631 2.9115101477539427
1632 2.9115101477539427
1633 2.8195688359042435
1634 2.8195688359042435
1635 1.3286849203583735
1636 1.3286849203583735
1637 1.3286849203583735
1638 1.3286849203583735
1639 2.181715744047261
1640 2.181715744047261
1641 2.181715744047261
1642 2.181715744047261
1643 1.2812474493471184
1644 1.2812474493471184
1645 1.2812474493471184
1646 1.2812474493471184
1647 0.7173915799662396
1648 0.7173915799662396
1649 0.7173915799662396
1650 0.7173915799662396
1651 2.8129882306997533
1652 2.8129882306997533
1653 2.8129882306997533
1654 2.8129882306997533
1655 1.9536057168358436
1656 1.9536057168358436
1657 1.9536057168358436
1658 1.9536057168358436
1659 1.6068612549382169
1660 1.6068612549382169
1661 1.6068612549382169
1662 1.6068612549382169
1663 2.1198662913739197
1664 2.1198662913739197
1665 2.1198662913739197
1666 2.1198662913739197
1667 0.7128755056249518
1668 0.7128755056249518
1669 0.7128755056249518
1670 0.7128755056249518
1671 1.3066340882745093
1672 1.3066340882745093
1673 1.3066340882745093
1674 1.3066340882745093
1675 3.0832540567901683
1676 3.0832540567901683
1677 3.0832540567901683
1678 3.0832540567901683
1679 2.9897288361220937
1680 2.9897288361220937
1681 2.9897288361220937
1682 2.9897288361220937
1683 2.2591074298076377
1684 2.2591074298076377
1685 2.2591074298076377
1686 2.2591074298076377
1687 1.7941403976959092
1688 1.7941403976959092
1689 1.7941403976959092
1690 1.7941403976959092
1691 0.5547189101331242
1692 0.5547189101331242
1693 0.5547189101331242
1694 0.5547189101331242
1695 1.7412457602645488
1696 1.7412457602645488
1697 1.7412457602645488
1698 1.7412457602645488
1699 2.4645185662944162
1700 2.4645185662944162
1701 2.4645185662944162
1702 2.4645185662944162
1703 2.0847412863146917
1704 2.0847412863146917
1705 2.0847412863146917
1706 2.0847412863146917
1707 2.78285135122094
1708 2.78285135122094
1709 2.78285135122094
1710 2.78285135122094
1711 1.7274502794530089
1712 1.7274502794530089
1713 1.7274502794530089
1714 1.7274502794530089
1715 1.894920739508013
1716 1.894920739508013
1717 1.894920739508013
1718 1.894920739508013
1719 1.9264474972453287
1720 1.9264474972453287
1721 1.9264474972453287
1722 1.9264474972453287
1723 1.4469334359415025
1724 1.4469334359415025
1725 1.4469334359415025
1726 1.4469334359415025
1727 2.033493121574226
1728 2.033493121574226
1729 2.033493121574226
1730 2.033493121574226
1731 1.3386843526357626
1732 1.3386843526357626
1733 1.3386843526357626
1734 1.3386843526357626
1735 1.3561485062635712
1736 1.3561485062635712
1737 1.3561485062635712
1738 1.3561485062635712
1739 2.4794815825264367
1740 2.4794815825264367
1741 2.4794815825264367
1742 2.4794815825264367
1743 1.2523351410788455
1744 1.2523351410788455
1745 1.2523351410788455
1746 1.2523351410788455
1747 2.2392802042659925
1748 2.2392802042659925
1749 2.2392802042659925
1750 2.2392802042659925
1751 2.199789187554729
1752 2.199789187554729
1753 2.199789187554729
1754 2.199789187554729
1755 1.6660002481056604
1756 1.6660002481056604
1757 1.6660002481056604
1758 1.6660002481056604
1759 1.6055077524280286
1760 1.6055077524280286
1761 1.6055077524280286
1762 1.6055077524280286
1763 2.5510304866539926
1764 2.5510304866539926
1765 2.5510304866539926
1766 2.5510304866539926
1767 2.499856108885022
1768 2.499856108885022
1769 2.499856108885022
1770 2.499856108885022
1771 2.6096385557977935
1772 2.6096385557977935
1773 2.6096385557977935
1774 2.6096385557977935
1775 2.111233986225609
1776 2.111233986225609
1777 2.111233986225609
1778 2.111233986225609
1779 2.8650300230701724
1780 2.8650300230701724
1781 2.8650300230701724
1782 2.8650300230701724
1783 2.2669525567558386
1784 2.2669525567558386
1785 2.2669525567558386
1786 2.2669525567558386
1787 1.3746376405328313
1788 1.3746376405328313
1789 1.3746376405328313
1790 1.3746376405328313
1791 1.3526002566631274
1792 1.3526002566631274
1793 1.3526002566631274
1794 1.3526002566631274
1795 1.8785688951900092
1796 1.8785688951900092
1797 1.8785688951900092
1798 1.8785688951900092
1799 2.3439198391454736
1800 2.3439198391454736
1801 2.3439198391454736
1802 2.3439198391454736
1803 1.1578908829686143
1804 1.1578908829686143
1805 1.1578908829686143
1806 1.1578908829686143
1807 2.034884782394301
1808 2.034884782394301
1809 2.034884782394301
1810 2.034884782394301
1811 1.2422077850906081
1812 1.2422077850906081
1813 1.2422077850906081
1814 1.2422077850906081
1815 1.7863215943580695
1816 1.7863215943580695
1817 1.7863215943580695
1818 1.7863215943580695
1819 2.397121757981455
1820 2.397121757981455
1821 2.397121757981455
1822 2.397121757981455
1823 2.176336352516535
1824 2.176336352516535
1825 2.176336352516535
1826 2.176336352516535
1827 0.9619365533631583
1828 0.9619365533631583
1829 0.9619365533631583
1830 0.9619365533631583
1831 2.2238075396156445
1832 2.2238075396156445
1833 2.2238075396156445
1834 2.2238075396156445
1835 2.205965280531977
1836 2.205965280531977
1837 2.205965280531977
1838 2.205965280531977
1839 2.0856176888966407
1840 2.0856176888966407
1841 2.0856176888966407
1842 2.0856176888966407
1843 2.198740219022879
1844 2.198740219022879
1845 2.198740219022879
1846 2.198740219022879
1847 1.0637292269262977
1848 1.0637292269262977
1849 1.0637292269262977
1850 1.0637292269262977
1851 3.4006642031349728
1852 3.4006642031349728
1853 3.4006642031349728
1854 3.4006642031349728
1855 2.477436475435786
1856 2.477436475435786
1857 2.477436475435786
1858 2.477436475435786
1859 1.1033532901965462
1860 1.1033532901965462
1861 1.1033532901965462
1862 1.1033532901965462
1863 1.7922571560210871
1864 1.7922571560210871
1865 1.7922571560210871
1866 1.7922571560210871
1867 2.016038535388915
1868 2.016038535388915
1869 2.016038535388915
1870 2.016038535388915
1871 1.917585104221783
1872 1.917585104221783
1873 1.917585104221783
1874 1.917585104221783
1875 0.8018212419518931
1876 0.8018212419518931
1877 0.8018212419518931
1878 0.8018212419518931
1879 1.7550820063801895
1880 1.7550820063801895
1881 1.7550820063801895
1882 1.7550820063801895
1883 2.042554136434963
1884 2.042554136434963
1885 2.042554136434963
1886 2.042554136434963
1887 1.9781913838341956
1888 1.9781913838341956
1889 1.9781913838341956
1890 1.9781913838341956
1891 3.216257225087482
1892 3.216257225087482
1893 3.216257225087482
1894 3.216257225087482
1895 2.6084704259443012
1896 2.6084704259443012
1897 2.6084704259443012
1898 2.6084704259443012
1899 1.9783094551562481
1900 1.9783094551562481
1901 1.9783094551562481
1902 1.9783094551562481
1903 1.5896905379334383
1904 1.5896905379334383
1905 1.5896905379334383
1906 1.5896905379334383
1907 1.2407888774159366
1908 1.2407888774159366
1909 1.2407888774159366
1910 1.2407888774159366
1911 2.0201561517026576
1912 2.0201561517026576
1913 2.0201561517026576
1914 2.0201561517026576
1915 1.4466898722704895
1916 1.4466898722704895
1917 1.4466898722704895
1918 1.4466898722704895
1919 2.3960247111347535
1920 2.3960247111347535
1921 2.3960247111347535
1922 2.3960247111347535
1923 2.5015003063450454
1924 2.5015003063450454
1925 2.5015003063450454
1926 2.5015003063450454
1927 2.420700877171009
1928 0.3254153532970322
1929 0.3254153532970322
1930 0.3254153532970322
1931 0.3254153532970322
1932 0.6932222189217725
1933 0.6932222189217725
1934 0.6932222189217725
1935 0.6932222189217725
1936 0.5323934179535926
1937 0.5323934179535926
1938 0.5323934179535926
1939 0.5323934179535926
1940 0.43577244657643366
1941 0.43577244657643366
1942 0.43577244657643366
1943 0.43577244657643366
1944 0.6255701518807373
1945 0.6255701518807373
1946 0.6255701518807373
1947 0.6255701518807373
1948 0.7392655039889716
1949 0.7392655039889716
1950 0.7392655039889716
1951 0.7392655039889716
1952 0.5943255536970182
1953 0.5943255536970182
1954 0.5943255536970182
1955 0.5943255536970182
1956 0.655297185924075
1957 0.655297185924075
1958 0.655297185924075
1959 0.655297185924075
1960 0.9192130087989241
1961 0.9192130087989241
1962 0.9192130087989241
1963 0.9192130087989241
1964 0.6538814824375679
1965 0.6538814824375679
1966 0.6538814824375679
1967 0.6538814824375679
1968 0.6773862979769255
1969 0.6773862979769255
1970 0.6773862979769255
1971 0.6773862979769255
1972 0.8371848279588252
1973 0.8371848279588252
1974 0.8371848279588252
1975 0.8371848279588252
1976 0.76415308718371
1977 0.76415308718371
1978 0.76415308718371
1979 0.76415308718371
1980 0.34617421054392356
1981 0.34617421054392356
1982 0.34617421054392356
1983 0.34617421054392356
1984 0.5351893264023467
1985 0.5351893264023467
1986 0.5351893264023467
1987 0.5351893264023467
1988 1.0004914525492552
1989 1.0004914525492552
1990 1.0004914525492552
1991 1.0004914525492552
1992 0.9210232510439853
1993 0.9210232510439853
1994 0.9210232510439853
1995 0.9210232510439853
1996 0.7869769059975722
1997 0.7869769059975722
1998 0.7869769059975722
1999 0.7869769059975722
