0 1.6712848174832557
1 1.6712848174832557
2 1.6712848174832557
3 1.6712848174832557
4 2.425490863605427
5 2.425490863605427
6 2.425490863605427
7 2.425490863605427
8 1.7877748820667567
9 1.7877748820667567
10 1.7877748820667567
11 1.7877748820667567
12 2.3468305567699357
13 2.3468305567699357
14 2.3468305567699357
15 2.3468305567699357
16 2.445323369609877
17 2.445323369609877
18 2.445323369609877
19 2.445323369609877
20 1.9351402239686712
21 1.9351402239686712
22 1.9351402239686712
23 1.9351402239686712
24 1.454140240236626
25 1.454140240236626
26 1.454140240236626
27 1.454140240236626
28 2.063063520666647
29 2.063063520666647
30 2.063063520666647
31 0.6835755726199004
32 0.6835755726199004
33 0.6835755726199004
34 0.6835755726199004
35 0.6700726715614721
36 0.6700726715614721
37 0.6700726715614721
38 0.6700726715614721
39 0.482652522602411
40 0.482652522602411
41 0.482652522602411
42 0.482652522602411
43 0.7194941853990279
44 0.7194941853990279
45 0.7194941853990279
46 0.7194941853990279
47 0.4354234197544539
48 0.4354234197544539
49 0.4354234197544539
50 0.4354234197544539
51 0.6968553001858825
52 0.6968553001858825
53 0.6968553001858825
54 0.6968553001858825
55 0.6761818538398764
56 0.6761818538398764
57 0.6761818538398764
58 0.6761818538398764
59 0.6578196525041626
60 0.6578196525041626
61 0.6578196525041626
62 0.6578196525041626
63 0.735716658892977
64 0.735716658892977
65 0.735716658892977
66 0.735716658892977
67 0.6666114395752989
68 0.6666114395752989
69 0.6666114395752989
70 0.6666114395752989
71 0.5665928034609091
72 0.5665928034609091
73 0.5665928034609091
74 0.5665928034609091
75 0.633598674926195
76 0.633598674926195
77 0.633598674926195
78 0.633598674926195
79 0.550048471418795
80 0.550048471418795
81 0.550048471418795
82 0.550048471418795
83 2.6982425053366432
84 2.6982425053366432
85 2.6982425053366432
86 2.6982425053366432
87 3.2340451811025
88 3.2340451811025
89 3.2340451811025
90 3.2340451811025
91 2.278053550846013
92 2.278053550846013
93 2.278053550846013
94 2.278053550846013
95 2.417293306440911
96 2.417293306440911
97 2.417293306440911
98 2.417293306440911
99 3.030589947288533
100 3.030589947288533
101 3.030589947288533
102 3.030589947288533
103 3.1368031855193195
104 3.1368031855193195
105 3.1368031855193195
106 3.1368031855193195
107 2.74482593000526
108 2.74482593000526
109 2.74482593000526
110 2.74482593000526
111 1.9087093596530265
112 1.9087093596530265
113 1.9087093596530265
114 1.9087093596530265
115 2.288868965906973
116 2.288868965906973
117 2.288868965906973
118 2.288868965906973
119 2.3508090034436733
120 2.3508090034436733
121 2.3508090034436733
122 2.3508090034436733
123 2.146918584406458
124 2.146918584406458
125 2.146918584406458
126 2.146918584406458
127 2.126242408354696
128 2.126242408354696
129 2.126242408354696
130 2.126242408354696
131 2.032297897516269
132 2.032297897516269
133 2.032297897516269
134 2.032297897516269
135 2.315626986245425
136 2.315626986245425
137 2.315626986245425
138 2.315626986245425
139 2.5939185191267575
140 2.5939185191267575
141 2.5939185191267575
142 2.5939185191267575
143 2.5084195232531488
144 2.5084195232531488
145 2.5084195232531488
146 2.5084195232531488
147 2.541573295602893
148 2.541573295602893
149 2.541573295602893
150 2.541573295602893
151 2.8958387045885976
152 2.8958387045885976
153 2.8958387045885976
154 2.8958387045885976
155 2.4764181983292306
156 2.4764181983292306
157 2.4764181983292306
158 2.4764181983292306
159 2.320241553871844
160 2.320241553871844
161 2.320241553871844
162 2.320241553871844
163 2.611987996944959
164 2.611987996944959
165 2.611987996944959
166 2.611987996944959
167 2.339274455464076
168 2.339274455464076
169 2.339274455464076
170 2.339274455464076
171 2.728637678999165
172 2.728637678999165
173 2.728637678999165
174 2.728637678999165
175 2.8645747857140083
176 2.8645747857140083
177 2.8645747857140083
178 2.8645747857140083
179 2.9071646226864876
180 2.9071646226864876
181 2.9071646226864876
182 2.9071646226864876
183 2.851840466847859
184 2.851840466847859
185 2.851840466847859
186 2.851840466847859
187 2.1733041104579867
188 2.1733041104579867
189 2.1733041104579867
190 2.1733041104579867
191 2.143344845800493
192 2.143344845800493
193 2.143344845800493
194 2.143344845800493
195 1.9618099840636
196 1.9618099840636
197 1.9618099840636
198 1.9618099840636
199 2.917175283633397
200 2.917175283633397
201 2.917175283633397
202 2.917175283633397
203 2.480375077971648
204 2.480375077971648
205 2.480375077971648
206 2.480375077971648
207 2.2742285396240325
208 2.2742285396240325
209 2.2742285396240325
210 2.2742285396240325
211 3.15342158300108
212 3.15342158300108
213 3.15342158300108
214 3.15342158300108
215 3.338195743569061
216 3.338195743569061
217 3.338195743569061
218 3.338195743569061
219 3.5417297753129597
220 3.5417297753129597
221 3.5417297753129597
222 3.5417297753129597
223 3.1235487030008264
224 3.1235487030008264
225 3.1235487030008264
226 3.1235487030008264
227 3.761709696535602
228 3.761709696535602
229 3.761709696535602
230 3.761709696535602
231 3.975461600041172
232 3.975461600041172
233 3.975461600041172
234 3.975461600041172
235 3.5006772327823015
236 3.5006772327823015
237 3.5006772327823015
238 3.5006772327823015
239 4.030279654493176
240 4.030279654493176
241 4.030279654493176
242 4.030279654493176
243 3.60754051059437
244 3.60754051059437
245 3.60754051059437
246 3.60754051059437
247 3.3741572069353474
248 3.3741572069353474
249 3.3741572069353474
250 3.3741572069353474
251 3.1480960681285075
252 3.1480960681285075
253 3.1480960681285075
254 3.1480960681285075
255 3.723013815774051
256 3.723013815774051
257 3.723013815774051
258 3.723013815774051
259 2.863445805581546
260 2.863445805581546
261 2.863445805581546
262 2.863445805581546
263 2.7221356718332443
264 2.7221356718332443
265 2.7221356718332443
266 2.7221356718332443
267 3.3561175239169154
268 3.3561175239169154
269 3.3561175239169154
270 3.3561175239169154
271 4.077282507206163
272 4.077282507206163
273 4.077282507206163
274 4.077282507206163
275 3.927911728842306
276 3.927911728842306
277 3.927911728842306
278 3.927911728842306
279 2.6167634843286467
280 2.6167634843286467
281 2.6167634843286467
282 2.6167634843286467
283 3.176339305605944
284 3.176339305605944
285 3.176339305605944
286 3.176339305605944
287 3.6392363262813614
288 3.6392363262813614
289 3.6392363262813614
290 3.6392363262813614
291 3.614590534002787
292 3.614590534002787
293 3.614590534002787
294 3.614590534002787
295 4.039347870158918
296 4.039347870158918
297 4.039347870158918
298 4.039347870158918
299 4.292009803699983
300 4.292009803699983
301 4.292009803699983
302 4.292009803699983
303 4.564861158287449
304 4.564861158287449
305 4.564861158287449
306 4.564861158287449
307 4.521482555464614
308 4.521482555464614
309 4.521482555464614
310 4.521482555464614
311 3.858237486727736
312 3.858237486727736
313 3.858237486727736
314 3.858237486727736
315 3.7898925329788726
316 3.7898925329788726
317 3.7898925329788726
318 3.7898925329788726
319 3.5689332609040285
320 3.5689332609040285
321 3.5689332609040285
322 3.5689332609040285
323 4.245351364870764
324 4.245351364870764
325 4.245351364870764
326 4.245351364870764
327 5.013749334339507
328 5.013749334339507
329 5.013749334339507
330 5.013749334339507
331 4.970042126670963
332 4.970042126670963
333 4.970042126670963
334 4.970042126670963
335 3.9407866754352066
336 3.9407866754352066
337 3.9407866754352066
338 3.9407866754352066
339 3.97510518595939
340 3.97510518595939
341 3.97510518595939
342 3.97510518595939
343 5.16691534312703
344 5.16691534312703
345 5.16691534312703
346 5.16691534312703
347 4.487715140799791
348 4.487715140799791
349 4.487715140799791
350 4.487715140799791
351 5.122803747243138
352 5.122803747243138
353 5.122803747243138
354 5.122803747243138
355 3.406435305790265
356 3.406435305790265
357 3.406435305790265
358 3.406435305790265
359 4.85940182152096
360 4.85940182152096
361 4.85940182152096
362 4.85940182152096
363 4.820945613045944
364 4.820945613045944
365 4.820945613045944
366 4.820945613045944
367 4.502735590853139
368 4.502735590853139
369 4.502735590853139
370 4.502735590853139
371 4.086580279645759
372 4.086580279645759
373 4.086580279645759
374 4.086580279645759
375 4.118072458267132
376 4.118072458267132
377 4.118072458267132
378 4.118072458267132
379 4.945974683885231
380 4.945974683885231
381 4.945974683885231
382 4.945974683885231
383 4.800646747667088
384 4.800646747667088
385 4.800646747667088
386 4.800646747667088
387 4.638186445079626
388 4.638186445079626
389 4.638186445079626
390 4.638186445079626
391 3.472223191893911
392 3.472223191893911
393 3.472223191893911
394 3.472223191893911
395 3.6795451366246557
396 3.6795451366246557
397 3.6795451366246557
398 3.6795451366246557
399 4.048685678290936
400 4.048685678290936
401 4.048685678290936
402 4.048685678290936
403 3.175145164032802
404 3.175145164032802
405 3.175145164032802
406 3.175145164032802
407 4.30728496015314
408 4.30728496015314
409 4.30728496015314
410 4.30728496015314
411 4.078408181560976
412 4.078408181560976
413 4.078408181560976
414 4.078408181560976
415 4.112906485670031
416 4.112906485670031
417 4.112906485670031
418 4.112906485670031
419 4.264781215913031
420 4.264781215913031
421 4.264781215913031
422 4.264781215913031
423 4.43458308241523
424 4.43458308241523
425 4.43458308241523
426 4.43458308241523
427 5.684109172580895
428 5.684109172580895
429 5.684109172580895
430 5.684109172580895
431 4.813672511856668
432 4.813672511856668
433 4.813672511856668
434 4.813672511856668
435 3.581910584184817
436 3.581910584184817
437 3.581910584184817
438 3.581910584184817
439 4.7562003817981
440 4.7562003817981
441 4.7562003817981
442 4.7562003817981
443 2.6401276007725283
444 2.6401276007725283
445 2.6401276007725283
446 2.6401276007725283
447 3.653869823967078
448 3.653869823967078
449 3.653869823967078
450 3.653869823967078
451 4.884192782501368
452 4.884192782501368
453 4.884192782501368
454 4.884192782501368
455 4.958395969297719
456 4.958395969297719
457 4.958395969297719
458 4.958395969297719
459 4.853028768518694
460 4.853028768518694
461 4.853028768518694
462 4.853028768518694
463 3.848690232430508
464 3.848690232430508
465 3.848690232430508
466 3.848690232430508
467 3.5957970981809875
468 3.5957970981809875
469 3.5957970981809875
470 3.5957970981809875
471 3.872620115788633
472 3.872620115788633
473 3.872620115788633
474 3.872620115788633
475 4.298574549220432
476 4.298574549220432
477 4.298574549220432
478 4.298574549220432
479 4.7643555459955795
480 4.7643555459955795
481 4.7643555459955795
482 4.7643555459955795
483 3.977935463102844
484 3.977935463102844
485 3.977935463102844
486 3.977935463102844
487 5.216228006143875
488 5.216228006143875
489 5.216228006143875
490 5.216228006143875
491 5.0350656265323
492 5.0350656265323
493 5.0350656265323
494 5.0350656265323
495 4.4883629256602875
496 4.4883629256602875
497 4.4883629256602875
498 4.4883629256602875
499 4.0755264712475805
500 4.0755264712475805
501 4.0755264712475805
502 4.0755264712475805
503 4.072394550244831
504 4.072394550244831
505 4.072394550244831
506 4.072394550244831
507 4.067551727472788
508 4.067551727472788
509 3.260567774508926
510 3.260567774508926
511 1.1241754647300046
512 1.1241754647300046
513 1.1241754647300046
514 1.1241754647300046
515 1.0772104603076627
516 1.0772104603076627
517 1.0772104603076627
518 1.0772104603076627
519 1.0875380061736475
520 1.0875380061736475
521 1.0875380061736475
522 1.0875380061736475
523 1.0971553769590503
524 1.0971553769590503
525 1.0971553769590503
526 1.0971553769590503
527 1.10835492580834
528 1.10835492580834
529 1.10835492580834
530 1.10835492580834
531 1.0646997503236495
532 1.0646997503236495
533 1.0646997503236495
534 1.0646997503236495
535 1.195480912271598
536 1.195480912271598
537 1.195480912271598
538 1.195480912271598
539 1.2354346526512061
540 1.2354346526512061
541 1.2354346526512061
542 1.2354346526512061
543 1.1948425667837164
544 1.1948425667837164
545 1.1948425667837164
546 1.1948425667837164
547 1.116572232125362
548 1.116572232125362
549 1.116572232125362
550 1.116572232125362
551 0.7913574717752031
552 0.7913574717752031
553 0.7913574717752031
554 0.7913574717752031
555 1.0043799774301467
556 1.0043799774301467
557 1.0043799774301467
558 1.0043799774301467
559 1.187085636604503
560 1.187085636604503
561 1.187085636604503
562 1.187085636604503
563 0.882345730495266
564 0.882345730495266
565 0.882345730495266
566 0.882345730495266
567 0.9636639445243711
568 0.9636639445243711
569 0.9636639445243711
570 0.9636639445243711
571 1.2244529895472074
572 1.2244529895472074
573 1.2244529895472074
574 1.2244529895472074
575 1.219997639409889
576 1.219997639409889
577 1.219997639409889
578 1.219997639409889
579 0.9783789616820953
580 0.9783789616820953
581 0.9783789616820953
582 0.9783789616820953
583 1.1491085390539642
584 1.1491085390539642
585 1.1491085390539642
586 1.1491085390539642
587 1.4038298017016577
588 1.4038298017016577
589 1.4038298017016577
590 1.4038298017016577
591 0.8967372809803065
592 0.8967372809803065
593 0.8967372809803065
594 0.8967372809803065
595 1.134490817932908
596 1.134490817932908
597 1.134490817932908
598 1.134490817932908
599 0.9100405720710254
600 0.9100405720710254
601 0.9100405720710254
602 0.9100405720710254
603 1.3597118182068877
604 1.3597118182068877
605 1.3597118182068877
606 1.3597118182068877
607 1.2562763699887785
608 1.2562763699887785
609 1.2562763699887785
610 1.2562763699887785
611 1.1977406230816994
612 1.1977406230816994
613 1.1977406230816994
614 1.1977406230816994
615 1.1515925061753551
616 1.1515925061753551
617 1.1515925061753551
618 1.1515925061753551
619 1.0894673810911395
620 1.0894673810911395
621 1.0894673810911395
622 1.0894673810911395
623 1.1025867599956696
624 1.1025867599956696
625 1.1025867599956696
626 1.1025867599956696
627 1.2922890215169407
628 1.2922890215169407
629 1.2922890215169407
630 1.2922890215169407
631 0.9332856884848562
632 0.9332856884848562
633 0.9332856884848562
634 0.9332856884848562
635 1.2453214051008474
636 1.2453214051008474
637 1.2453214051008474
638 1.2453214051008474
639 1.0880685153944654
640 1.0880685153944654
641 1.0880685153944654
642 1.0880685153944654
643 0.9565184955630912
644 0.9565184955630912
645 0.9565184955630912
646 0.9565184955630912
647 1.170013027979348
648 1.170013027979348
649 1.170013027979348
650 1.170013027979348
651 3.6840583356060823
652 3.6840583356060823
653 3.6840583356060823
654 3.6840583356060823
655 2.933441704618957
656 2.933441704618957
657 2.933441704618957
658 2.933441704618957
659 2.4609853908747827
660 2.4609853908747827
661 2.4609853908747827
662 2.4609853908747827
663 2.7617927160154148
664 2.7617927160154148
665 2.7617927160154148
666 2.7617927160154148
667 3.447981682917466
668 3.447981682917466
669 3.447981682917466
670 3.447981682917466
671 2.3543202706129094
672 2.3543202706129094
673 2.3543202706129094
674 2.3543202706129094
675 3.0560577093609163
676 3.0560577093609163
677 3.0560577093609163
678 3.0560577093609163
679 3.4919242380345397
680 3.4919242380345397
681 3.4919242380345397
682 3.4919242380345397
683 2.8421907962850113
684 2.8421907962850113
685 2.8421907962850113
686 2.8421907962850113
687 3.715076754707588
688 3.715076754707588
689 3.715076754707588
690 3.715076754707588
691 2.8526745073252284
692 2.8526745073252284
693 2.8526745073252284
694 2.8526745073252284
695 3.197631961613771
696 3.197631961613771
697 3.197631961613771
698 3.197631961613771
699 3.1369466431905266
700 3.1369466431905266
701 3.1369466431905266
702 3.1369466431905266
703 3.240598464336606
704 3.240598464336606
705 3.240598464336606
706 3.240598464336606
707 2.5216945229476733
708 2.5216945229476733
709 2.5216945229476733
710 2.5216945229476733
711 3.020895365309311
712 3.020895365309311
713 3.020895365309311
714 3.020895365309311
715 3.077895542097555
716 3.077895542097555
717 3.077895542097555
718 3.077895542097555
719 2.692317376205961
720 2.692317376205961
721 2.692317376205961
722 2.692317376205961
723 2.8848729978042424
724 2.8848729978042424
725 2.8848729978042424
726 2.8848729978042424
727 3.429040891561822
728 3.429040891561822
729 3.429040891561822
730 3.429040891561822
731 3.3194288626476816
732 3.3194288626476816
733 3.3194288626476816
734 3.3194288626476816
735 2.4924452691197834
736 2.4924452691197834
737 2.4924452691197834
738 2.4924452691197834
739 3.575378143381753
740 3.575378143381753
741 3.575378143381753
742 3.575378143381753
743 2.7002103816247995
744 2.7002103816247995
745 2.7002103816247995
746 2.7002103816247995
747 2.8343905752549463
748 2.8343905752549463
749 2.8343905752549463
750 2.8343905752549463
751 2.849746197282743
752 2.849746197282743
753 2.849746197282743
754 2.849746197282743
755 2.9027548423741765
756 2.9027548423741765
757 2.9027548423741765
758 2.9027548423741765
759 3.207337315806266
760 3.207337315806266
761 3.207337315806266
762 3.207337315806266
763 2.964229625145427
764 2.964229625145427
765 2.964229625145427
766 2.964229625145427
767 2.7712449089463345
768 2.7712449089463345
769 2.7712449089463345
770 2.7712449089463345
771 3.187460445510647
772 3.187460445510647
773 3.187460445510647
774 1.6947725897798742
775 1.6947725897798742
776 1.6947725897798742
777 1.6947725897798742
778 1.399832521515382
779 1.399832521515382
780 1.399832521515382
781 1.399832521515382
782 1.665993134502325
783 1.665993134502325
784 1.665993134502325
785 1.665993134502325
786 1.5790597353399447
787 1.5790597353399447
788 1.5790597353399447
789 1.5790597353399447
790 1.8388281884461768
791 1.8388281884461768
792 1.8388281884461768
793 1.8388281884461768
794 1.4985509296265873
795 1.4985509296265873
796 1.4985509296265873
797 1.4985509296265873
798 1.170968871729579
799 1.170968871729579
800 1.170968871729579
801 1.170968871729579
802 1.4805818644439266
803 1.4805818644439266
804 1.4805818644439266
805 1.4805818644439266
806 1.520190174263704
807 1.520190174263704
808 1.520190174263704
809 1.520190174263704
810 1.5331503244421452
811 1.5331503244421452
812 1.5331503244421452
813 1.5331503244421452
814 1.7354215992192052
815 1.7354215992192052
816 1.7354215992192052
817 1.7354215992192052
818 1.6924747614231588
819 1.6924747614231588
820 1.6924747614231588
821 1.6924747614231588
822 1.585243682468026
823 1.585243682468026
824 1.585243682468026
825 1.585243682468026
826 1.6319175834430184
827 1.705406913723766
828 1.705406913723766
829 1.705406913723766
830 1.705406913723766
831 2.22471029141522
832 2.22471029141522
833 2.22471029141522
834 2.22471029141522
835 2.2243356343332037
836 2.2243356343332037
837 2.2243356343332037
838 2.2243356343332037
839 2.118908285901597
840 2.118908285901597
841 2.118908285901597
842 2.118908285901597
843 1.7975027902248097
844 1.7975027902248097
845 1.7975027902248097
846 1.7975027902248097
847 1.5669435146322859
848 1.5669435146322859
849 1.5669435146322859
850 1.5669435146322859
851 1.7946602284866988
852 1.7946602284866988
853 1.7946602284866988
854 1.7946602284866988
855 1.9906412128967295
856 1.9906412128967295
857 1.9906412128967295
858 1.9906412128967295
859 2.0637911716038797
860 2.0637911716038797
861 2.0637911716038797
862 2.0637911716038797
863 1.8872929057325545
864 1.8872929057325545
865 1.8872929057325545
866 1.8872929057325545
867 2.0744360227560183
868 2.0744360227560183
869 2.0744360227560183
870 2.0744360227560183
871 1.7599058327498025
872 1.7599058327498025
873 1.7599058327498025
874 1.7599058327498025
875 2.231199588434204
876 2.231199588434204
877 2.231199588434204
878 2.231199588434204
879 2.073295698255558
880 2.073295698255558
881 2.073295698255558
882 2.073295698255558
883 2.1830110309762865
884 2.1830110309762865
885 2.1830110309762865
886 2.1830110309762865
887 1.5168042144237126
888 1.5168042144237126
889 1.5168042144237126
890 1.5168042144237126
891 1.8827805412045202
892 1.8827805412045202
893 1.8827805412045202
894 1.8827805412045202
895 2.0223675896646225
896 2.0223675896646225
897 2.0223675896646225
898 2.0223675896646225
899 2.345097422271237
900 2.345097422271237
901 2.345097422271237
902 2.345097422271237
903 2.0306675888510832
904 2.0306675888510832
905 2.0306675888510832
906 2.0306675888510832
907 2.1877718908939205
908 2.1877718908939205
909 2.1877718908939205
910 2.1877718908939205
911 2.05220529896197
912 2.05220529896197
913 2.05220529896197
914 2.05220529896197
915 1.6312305553751454
916 1.6312305553751454
917 1.6312305553751454
918 1.6312305553751454
919 0.9596028507116358
920 0.9596028507116358
921 0.9596028507116358
922 0.9596028507116358
923 1.062554261149872
924 1.062554261149872
925 1.062554261149872
926 1.062554261149872
927 1.057245769729113
928 1.057245769729113
929 1.057245769729113
930 1.057245769729113
931 0.9334525028188352
932 0.9334525028188352
933 0.9334525028188352
934 0.9334525028188352
935 0.9537057567508398
936 0.9537057567508398
937 0.9537057567508398
938 0.9537057567508398
939 0.8316370883353557
940 0.8316370883353557
941 0.8316370883353557
942 0.8316370883353557
943 1.0812556964868387
944 1.0812556964868387
945 1.0812556964868387
946 1.0812556964868387
947 1.1308343662283313
948 1.1308343662283313
949 3.0756762942496856
950 3.0756762942496856
951 3.0756762942496856
952 3.0756762942496856
953 3.8672199457968484
954 3.8672199457968484
955 3.8672199457968484
956 3.8672199457968484
957 3.5348184740318187
958 3.5348184740318187
959 3.5348184740318187
960 3.5348184740318187
961 3.6381452169171355
962 3.6381452169171355
963 3.6381452169171355
964 3.6381452169171355
965 3.5987513758025833
966 3.5987513758025833
967 3.5987513758025833
968 3.5987513758025833
969 4.176390726520817
970 4.176390726520817
971 4.176390726520817
972 4.176390726520817
973 3.7826878306755143
974 3.7826878306755143
975 3.7826878306755143
976 3.7826878306755143
977 3.371680765646076
978 3.302438404316158
979 3.302438404316158
980 3.302438404316158
981 3.302438404316158
982 3.5919519326740743
983 5.653548530722825
984 5.653548530722825
985 5.653548530722825
986 5.653548530722825
987 3.956510575491872
988 3.956510575491872
989 3.956510575491872
990 3.956510575491872
991 4.168142608969281
992 4.168142608969281
993 4.168142608969281
994 4.168142608969281
995 4.578471111678144
996 4.578471111678144
997 4.578471111678144
998 4.578471111678144
999 4.251888352299804
1000 4.251888352299804
1001 4.251888352299804
1002 4.251888352299804
1003 3.5798371572578267
1004 3.5798371572578267
1005 3.5798371572578267
1006 3.5798371572578267
1007 4.282436308885133
1008 4.282436308885133
1009 4.282436308885133
1010 4.282436308885133
1011 4.346008877073728
1012 4.346008877073728
1013 4.346008877073728
1014 4.346008877073728
1015 3.9256951980047052
1016 3.9256951980047052
1017 3.9256951980047052
1018 3.9256951980047052
1019 4.217833026442021
1020 4.217833026442021
1021 4.217833026442021
1022 4.217833026442021
1023 3.9481461648372735
1024 3.9481461648372735
1025 3.9481461648372735
1026 3.9481461648372735
1027 4.706347858108493
1028 4.706347858108493
1029 4.706347858108493
1030 4.706347858108493
1031 3.056007118440742
1032 3.056007118440742
1033 3.056007118440742
1034 3.056007118440742
1035 4.091927298732253
1036 4.091927298732253
1037 4.091927298732253
1038 4.091927298732253
1039 3.2256376164235876
1040 3.2256376164235876
1041 3.2256376164235876
1042 3.2256376164235876
1043 4.1781535771678815
1044 4.1781535771678815
1045 4.1781535771678815
1046 4.1781535771678815
1047 4.8608996327749985
1048 4.8608996327749985
1049 4.8608996327749985
1050 4.8608996327749985
1051 3.5217542763254848
1052 3.5217542763254848
1053 3.5217542763254848
1054 3.5217542763254848
1055 3.8277437684235367
1056 3.8277437684235367
1057 3.8277437684235367
1058 3.8277437684235367
1059 3.119549954444567
1060 3.119549954444567
1061 3.119549954444567
1062 3.119549954444567
1063 4.146711615894726
1064 4.146711615894726
1065 4.146711615894726
1066 4.146711615894726
1067 4.306159905329267
1068 4.306159905329267
1069 4.306159905329267
1070 4.306159905329267
1071 4.599624952634892
1072 4.599624952634892
1073 4.599624952634892
1074 4.599624952634892
1075 3.6783839628786694
1076 3.6783839628786694
1077 3.6783839628786694
1078 3.6783839628786694
1079 3.4846519736952164
1080 3.4846519736952164
1081 3.4846519736952164
1082 3.4846519736952164
1083 4.031291298192452
1084 4.031291298192452
1085 4.031291298192452
1086 4.031291298192452
1087 4.836117960943267
1088 4.836117960943267
1089 4.836117960943267
1090 4.836117960943267
1091 4.402800639759953
1092 4.402800639759953
1093 4.402800639759953
1094 4.402800639759953
1095 4.818117834304379
1096 4.818117834304379
1097 4.818117834304379
1098 4.818117834304379
1099 4.292291894893194
1100 4.292291894893194
1101 4.292291894893194
1102 4.292291894893194
1103 4.110233643863966
1104 4.110233643863966
1105 4.110233643863966
1106 4.110233643863966
1107 4.554503693111797
1108 4.554503693111797
1109 4.554503693111797
1110 4.554503693111797
1111 4.786588146347393
1112 4.786588146347393
1113 4.786588146347393
1114 4.786588146347393
1115 4.422740398220616
1116 4.422740398220616
1117 4.422740398220616
1118 4.422740398220616
1119 3.690033615083761
1120 3.690033615083761
1121 3.690033615083761
1122 3.690033615083761
1123 4.724386452053402
1124 4.724386452053402
1125 4.724386452053402
1126 4.724386452053402
1127 4.562193447285142
1128 4.562193447285142
1129 4.562193447285142
1130 4.562193447285142
1131 4.319965599928254
1132 4.319965599928254
1133 4.319965599928254
1134 4.319965599928254
1135 4.702787019680809
1136 4.702787019680809
1137 4.702787019680809
1138 4.702787019680809
1139 3.8072147388518887
1140 3.8072147388518887
1141 3.8072147388518887
1142 3.8072147388518887
1143 3.918916566658991
1144 3.918916566658991
1145 3.918916566658991
1146 3.918916566658991
1147 5.170079044421155
1148 5.170079044421155
1149 5.170079044421155
1150 5.170079044421155
1151 3.76964931741063
1152 3.76964931741063
1153 3.76964931741063
1154 3.76964931741063
1155 4.674278971382416
1156 4.674278971382416
1157 4.674278971382416
1158 4.674278971382416
1159 3.6188711518800813
1160 3.6188711518800813
1161 3.6188711518800813
1162 3.6188711518800813
1163 4.879344816925477
1164 4.879344816925477
1165 4.879344816925477
1166 4.879344816925477
1167 4.067291625436309
1168 4.067291625436309
1169 4.067291625436309
1170 4.067291625436309
1171 3.9380091969630735
1172 3.9380091969630735
1173 3.9380091969630735
1174 3.9380091969630735
1175 4.560974489971527
1176 4.560974489971527
1177 4.560974489971527
1178 4.560974489971527
1179 3.899318668723361
1180 3.899318668723361
1181 3.899318668723361
1182 3.899318668723361
1183 4.109880222493334
1184 4.109880222493334
1185 4.109880222493334
1186 4.109880222493334
1187 4.181545527704148
1188 4.181545527704148
1189 4.181545527704148
1190 4.181545527704148
1191 4.381393283133027
1192 4.381393283133027
1193 4.381393283133027
1194 4.381393283133027
1195 3.6168017595225823
1196 3.6168017595225823
1197 3.6168017595225823
1198 3.6168017595225823
1199 4.0010562438726645
1200 4.0010562438726645
1201 4.0010562438726645
1202 4.0010562438726645
1203 3.474568617683932
1204 3.474568617683932
1205 3.474568617683932
1206 3.474568617683932
1207 3.9362350738720098
1208 3.9362350738720098
1209 3.9362350738720098
1210 3.9362350738720098
1211 3.9572437383138968
1212 3.9572437383138968
1213 3.9572437383138968
1214 3.9572437383138968
1215 3.3926807076710106
1216 3.3926807076710106
1217 3.3926807076710106
1218 3.3926807076710106
1219 4.400822562281552
1220 4.400822562281552
1221 4.400822562281552
1222 4.400822562281552
1223 4.4435945078506585
1224 4.4435945078506585
1225 4.4435945078506585
1226 4.4435945078506585
1227 4.374160741910533
1228 4.374160741910533
1229 4.374160741910533
1230 4.374160741910533
1231 4.258822611370808
1232 4.258822611370808
1233 4.258822611370808
1234 4.258822611370808
1235 4.3073713416919945
1236 4.3073713416919945
1237 4.3073713416919945
1238 4.3073713416919945
1239 4.7039606144887545
1240 1.6675780215610412
1241 2.4455500002480886
1242 2.4455500002480886
1243 2.4455500002480886
1244 2.4455500002480886
1245 3.114389242558304
1246 3.114389242558304
1247 3.114389242558304
1248 3.114389242558304
1249 3.2517547971840037
1250 3.2517547971840037
1251 3.2517547971840037
1252 3.2517547971840037
1253 2.659358327616046
1254 2.659358327616046
1255 2.659358327616046
1256 2.659358327616046
1257 3.4134756558106676
1258 3.4134756558106676
1259 3.4134756558106676
1260 3.4134756558106676
1261 3.03323803772178
1262 3.03323803772178
1263 3.03323803772178
1264 3.03323803772178
1265 3.7863780829697893
1266 3.7863780829697893
1267 3.7863780829697893
1268 3.7863780829697893
1269 3.462300699102798
1270 3.462300699102798
1271 3.462300699102798
1272 3.462300699102798
1273 2.3203343408441146
1274 2.3203343408441146
1275 2.3203343408441146
1276 2.3203343408441146
1277 3.2186801523002666
1278 3.2186801523002666
1279 3.2186801523002666
1280 3.2186801523002666
1281 2.986556612023852
1282 2.986556612023852
1283 2.986556612023852
1284 2.986556612023852
1285 3.2722439169254733
1286 3.2722439169254733
1287 3.2722439169254733
1288 3.2722439169254733
1289 3.2337069073202875
1290 3.2337069073202875
1291 3.2337069073202875
1292 3.2337069073202875
1293 3.7671376809322163
1294 3.7671376809322163
1295 3.7671376809322163
1296 3.7671376809322163
1297 3.7553510430188837
1298 3.7553510430188837
1299 3.7553510430188837
1300 3.7553510430188837
1301 3.464459518684299
1302 3.464459518684299
1303 3.464459518684299
1304 3.464459518684299
1305 3.6328711721637177
1306 3.6328711721637177
1307 3.6328711721637177
1308 3.6328711721637177
1309 4.032560249277216
1310 4.032560249277216
1311 4.032560249277216
1312 4.032560249277216
1313 3.7592042158152763
1314 3.7592042158152763
1315 3.7592042158152763
1316 3.7592042158152763
1317 4.416054557894871
1318 4.416054557894871
1319 4.416054557894871
1320 4.416054557894871
1321 3.9524032789574877
1322 3.9524032789574877
1323 3.9524032789574877
1324 3.9524032789574877
1325 3.145962708689602
1326 3.145962708689602
1327 3.145962708689602
1328 3.145962708689602
1329 3.6722036861566734
1330 3.6722036861566734
1331 3.6722036861566734
1332 3.6722036861566734
1333 3.96290084785097
1334 3.96290084785097
1335 3.96290084785097
1336 3.96290084785097
1337 3.7870826634040355
1338 3.7870826634040355
1339 3.7870826634040355
1340 3.7870826634040355
1341 3.708543085524468
1342 3.708543085524468
1343 3.708543085524468
1344 3.708543085524468
1345 3.493600331912098
1346 3.493600331912098
1347 3.493600331912098
1348 3.493600331912098
1349 3.0193244053713917
1350 3.0193244053713917
1351 3.0193244053713917
1352 3.0193244053713917
1353 3.6714630057347524
1354 3.6714630057347524
1355 3.6714630057347524
1356 3.6714630057347524
1357 3.5447434626598944
1358 3.5447434626598944
1359 3.5447434626598944
1360 3.5447434626598944
1361 3.8176475373360153
1362 3.8176475373360153
1363 3.8176475373360153
1364 3.8176475373360153
1365 3.8353605427121638
1366 3.8353605427121638
1367 3.8353605427121638
1368 3.8353605427121638
1369 3.4475330486258358
1370 3.4475330486258358
1371 3.4475330486258358
1372 3.4475330486258358
1373 2.9960042663894697
1374 2.9960042663894697
1375 2.9960042663894697
1376 2.9960042663894697
1377 3.32353547866925
1378 3.32353547866925
1379 3.32353547866925
1380 3.32353547866925
1381 3.6262407924468194
1382 3.6262407924468194
1383 3.6262407924468194
1384 3.6262407924468194
1385 3.5418868414349785
1386 3.5418868414349785
1387 3.5418868414349785
1388 3.5418868414349785
1389 3.9870647581035574
1390 3.9870647581035574
1391 3.9870647581035574
1392 3.9870647581035574
1393 3.7778571982923035
1394 3.7778571982923035
1395 3.7778571982923035
1396 3.7778571982923035
1397 3.746141210513251
1398 3.746141210513251
1399 3.746141210513251
1400 3.746141210513251
1401 3.6341492858543534
1402 4.63428845486544
1403 4.63428845486544
1404 4.63428845486544
1405 4.63428845486544
1406 4.759389758675007
1407 4.759389758675007
1408 4.759389758675007
1409 4.759389758675007
1410 3.811772054566461
1411 3.811772054566461
1412 3.811772054566461
1413 3.811772054566461
1414 3.482914836599163
1415 3.482914836599163
1416 3.482914836599163
1417 3.482914836599163
1418 3.7071580215639086
1419 3.7071580215639086
1420 3.7071580215639086
1421 3.7071580215639086
1422 3.4306117863316654
1423 3.4306117863316654
1424 3.4306117863316654
1425 3.4306117863316654
1426 3.6250761086166894
1427 3.6250761086166894
1428 3.6250761086166894
1429 3.6250761086166894
1430 3.6290528461734577
1431 3.6290528461734577
1432 3.6290528461734577
1433 3.6290528461734577
1434 4.147812263115772
1435 4.147812263115772
1436 4.147812263115772
1437 4.147812263115772
1438 3.6909510825214498
1439 3.6909510825214498
1440 3.6909510825214498
1441 3.6909510825214498
1442 3.4383496429742864
1443 3.4383496429742864
1444 3.4383496429742864
1445 3.4383496429742864
1446 4.794663858722513
1447 4.794663858722513
1448 4.794663858722513
1449 4.794663858722513
1450 3.0373429621568144
1451 3.0373429621568144
1452 3.0373429621568144
1453 3.0373429621568144
1454 4.043001962653691
1455 4.043001962653691
1456 4.043001962653691
1457 4.043001962653691
1458 2.9636910249457986
1459 2.9636910249457986
1460 2.9636910249457986
1461 2.9636910249457986
1462 3.4613980130878015
1463 3.4613980130878015
1464 3.4613980130878015
1465 3.4613980130878015
1466 3.48746694208181
1467 3.48746694208181
1468 3.48746694208181
1469 3.48746694208181
1470 3.578933453055178
1471 3.578933453055178
1472 3.578933453055178
1473 3.578933453055178
1474 4.132069512591892
1475 4.132069512591892
1476 4.132069512591892
1477 4.132069512591892
1478 3.751982185504495
1479 3.751982185504495
1480 3.751982185504495
1481 3.751982185504495
1482 2.741028538748364
1483 2.741028538748364
1484 2.741028538748364
1485 2.741028538748364
1486 3.570106967231175
1487 3.570106967231175
1488 3.570106967231175
1489 3.570106967231175
1490 3.628289143111841
1491 3.628289143111841
1492 3.628289143111841
1493 3.628289143111841
1494 3.458762600774232
1495 3.458762600774232
1496 3.458762600774232
1497 3.458762600774232
1498 3.6582159062781976
1499 3.6582159062781976
1500 3.6582159062781976
1501 3.6582159062781976
1502 3.8847629723388044
1503 3.8847629723388044
1504 3.8847629723388044
1505 3.8847629723388044
1506 4.202027282916226
1507 4.202027282916226
1508 4.202027282916226
1509 4.202027282916226
1510 3.584564034830763
1511 3.584564034830763
1512 3.584564034830763
1513 3.584564034830763
1514 4.117037846622027
1515 4.117037846622027
1516 4.117037846622027
1517 4.117037846622027
1518 3.4952551010627038
1519 3.4952551010627038
1520 3.4952551010627038
1521 3.4952551010627038
1522 4.416384258374496
1523 4.416384258374496
1524 4.416384258374496
1525 4.416384258374496
1526 3.9361314409043437
1527 3.9361314409043437
1528 3.9361314409043437
1529 3.9361314409043437
1530 4.100689892248762
1531 4.100689892248762
1532 4.100689892248762
1533 4.100689892248762
1534 3.878471224918579
1535 3.878471224918579
1536 3.878471224918579
1537 3.878471224918579
1538 4.096686405822576
1539 4.096686405822576
1540 4.096686405822576
1541 4.096686405822576
1542 3.1020563581793184
1543 3.1020563581793184
1544 3.1020563581793184
1545 3.1020563581793184
1546 3.66923104932258
1547 3.66923104932258
1548 3.66923104932258
1549 3.66923104932258
1550 3.2517719213135736
1551 3.2517719213135736
1552 3.2517719213135736
1553 3.2517719213135736
1554 3.821894671723945
1555 3.821894671723945
1556 3.821894671723945
1557 3.821894671723945
1558 3.599620536349331
1559 3.599620536349331
1560 3.599620536349331
1561 3.599620536349331
1562 4.157673624084605
1563 4.157673624084605
1564 4.157673624084605
1565 4.157673624084605
1566 4.327204829290086
1567 4.327204829290086
1568 4.327204829290086
1569 4.327204829290086
1570 4.45110490346958
1571 4.45110490346958
1572 1.0592992014951454
1573 1.0592992014951454
1574 1.0592992014951454
1575 1.0592992014951454
1576 1.3026259180511266
1577 1.3026259180511266
1578 1.3026259180511266
1579 1.3026259180511266
1580 1.189744643440148
1581 1.189744643440148
1582 1.189744643440148
1583 1.189744643440148
1584 1.0649257190059342
1585 1.0649257190059342
1586 1.0649257190059342
1587 1.0649257190059342
1588 1.089409880820814
1589 1.089409880820814
1590 1.089409880820814
1591 1.089409880820814
1592 1.287862101294676
1593 1.287862101294676
1594 1.287862101294676
1595 1.287862101294676
1596 0.9911297064899779
1597 0.9911297064899779
1598 0.9911297064899779
1599 0.9911297064899779
1600 1.0762797455016844
1601 1.0762797455016844
1602 1.0762797455016844
1603 1.0762797455016844
1604 1.1248731560304737
1605 1.1248731560304737
1606 1.1248731560304737
1607 1.1248731560304737
1608 1.1173385161854272
1609 1.1173385161854272
1610 1.1173385161854272
1611 1.1173385161854272
1612 0.9676595977077742
1613 0.9676595977077742
1614 0.9676595977077742
1615 0.9676595977077742
1616 1.1186472223903292
1617 1.1186472223903292
1618 1.1186472223903292
1619 1.1186472223903292
1620 0.8750196221800233
1621 0.8750196221800233
1622 0.8750196221800233
1623 0.8750196221800233
1624 1.0060176688562763
1625 1.0060176688562763
1626 1.0060176688562763
1627 1.0060176688562763
1628 0.7991153517062699
1629 0.7991153517062699
1630 0.7991153517062699
1631 0.7991153517062699
1632 1.1404507452275872
1633 1.1404507452275872
1634 1.1404507452275872
1635 1.1404507452275872
1636 1.270841458244299
1637 1.270841458244299
1638 1.270841458244299
1639 1.270841458244299
1640 1.0239812418938825
1641 1.0239812418938825
1642 1.0239812418938825
1643 1.0239812418938825
1644 1.400108134060758
1645 1.400108134060758
1646 1.400108134060758
1647 1.400108134060758
1648 0.9356419901024579
1649 0.9356419901024579
1650 0.9356419901024579
1651 0.9356419901024579
1652 0.8958968875660276
1653 0.8958968875660276
1654 0.8958968875660276
1655 0.8958968875660276
1656 1.3251467584037355
1657 1.3251467584037355
1658 1.3251467584037355
1659 1.3251467584037355
1660 0.9482401470432025
1661 0.9482401470432025
1662 0.9482401470432025
1663 0.9482401470432025
1664 0.7845104580583575
1665 0.7845104580583575
1666 0.7845104580583575
1667 0.7845104580583575
1668 1.2826670384687178
1669 1.2826670384687178
1670 1.2826670384687178
1671 1.2826670384687178
1672 1.2947344369638454
1673 1.2947344369638454
1674 1.2947344369638454
1675 1.2947344369638454
1676 1.1818963692323363
1677 1.1818963692323363
1678 1.1818963692323363
1679 1.1818963692323363
1680 1.2033410589226983
1681 1.2033410589226983
1682 1.2033410589226983
1683 1.2033410589226983
1684 0.7660188534127788
1685 0.7660188534127788
1686 4.123851648475921
1687 4.123851648475921
1688 4.123851648475921
1689 4.123851648475921
1690 2.988150997832844
1691 2.988150997832844
1692 2.988150997832844
1693 2.988150997832844
1694 4.1288468995636265
1695 4.1288468995636265
1696 4.1288468995636265
1697 4.1288468995636265
1698 4.063771349538183
1699 4.063771349538183
1700 4.063771349538183
1701 4.063771349538183
1702 3.98327234188917
1703 3.98327234188917
1704 3.98327234188917
1705 2.524220703247988
1706 2.524220703247988
1707 2.524220703247988
1708 2.524220703247988
1709 2.2155523272893802
1710 2.2155523272893802
1711 2.2155523272893802
1712 2.2155523272893802
1713 2.6032559307250884
1714 2.6032559307250884
1715 2.6032559307250884
1716 2.6032559307250884
1717 2.5478941143992997
1718 2.5478941143992997
1719 2.5478941143992997
1720 2.5478941143992997
1721 2.592280893204109
1722 2.592280893204109
1723 2.592280893204109
1724 2.592280893204109
1725 2.658891010868419
1726 2.658891010868419
1727 2.658891010868419
1728 2.658891010868419
1729 2.797271689539385
1730 2.797271689539385
1731 2.797271689539385
1732 2.797271689539385
1733 2.309157189480928
1734 2.309157189480928
1735 2.309157189480928
1736 2.309157189480928
1737 1.9382646958050096
1738 1.9382646958050096
1739 1.9382646958050096
1740 1.9382646958050096
1741 2.42460042669294
1742 2.42460042669294
1743 2.42460042669294
1744 2.42460042669294
1745 2.551693314595977
1746 2.551693314595977
1747 2.551693314595977
1748 2.551693314595977
1749 2.4079016048193878
1750 2.4079016048193878
1751 2.4079016048193878
1752 2.4079016048193878
1753 2.181503503609887
1754 2.181503503609887
1755 2.181503503609887
1756 2.181503503609887
1757 2.5598720139205167
1758 2.5598720139205167
1759 2.5598720139205167
1760 2.5598720139205167
1761 2.840225213601081
1762 2.840225213601081
1763 2.840225213601081
1764 2.840225213601081
1765 2.157251128129479
1766 2.157251128129479
1767 2.157251128129479
1768 2.157251128129479
1769 1.955310315335248
1770 1.955310315335248
1771 1.955310315335248
1772 1.955310315335248
1773 2.5136963801277195
1774 4.25546161496763
1775 4.25546161496763
1776 4.25546161496763
1777 4.25546161496763
1778 4.496694029879284
1779 4.496694029879284
1780 4.496694029879284
1781 4.496694029879284
1782 3.702424383106906
1783 3.702424383106906
1784 3.702424383106906
1785 3.702424383106906
1786 3.1587429086247973
1787 3.1587429086247973
1788 3.1587429086247973
1789 3.1587429086247973
1790 5.031030644411807
1791 5.031030644411807
1792 5.031030644411807
1793 5.031030644411807
1794 5.258112416774692
1795 5.258112416774692
1796 5.258112416774692
1797 5.258112416774692
1798 4.461331681490066
1799 4.461331681490066
1800 4.461331681490066
1801 4.461331681490066
1802 3.4720048848266245
1803 3.4720048848266245
1804 3.4720048848266245
1805 3.4720048848266245
1806 3.9799100338436317
1807 3.9799100338436317
1808 3.9799100338436317
1809 3.9799100338436317
1810 4.449033091629553
1811 4.449033091629553
1812 4.449033091629553
1813 4.449033091629553
1814 3.025961041221552
1815 3.025961041221552
1816 3.025961041221552
1817 3.025961041221552
1818 4.044553007290528
1819 4.044553007290528
1820 4.044553007290528
1821 3.1327064830172695
1822 3.1327064830172695
1823 3.1327064830172695
1824 3.1327064830172695
1825 3.6284790273123773
1826 3.6284790273123773
1827 3.6284790273123773
1828 3.6284790273123773
1829 4.004498184390992
1830 4.004498184390992
1831 4.004498184390992
1832 4.004498184390992
1833 2.768264652633285
1834 2.768264652633285
1835 2.768264652633285
1836 2.768264652633285
1837 3.7419545679613497
1838 3.7419545679613497
1839 3.7419545679613497
1840 3.7419545679613497
1841 3.594514914911345
1842 3.594514914911345
1843 3.594514914911345
1844 3.594514914911345
1845 3.540585627255815
1846 3.540585627255815
1847 3.540585627255815
1848 3.540585627255815
1849 3.396512949498779
1850 3.396512949498779
1851 3.396512949498779
1852 3.396512949498779
1853 2.846170131476454
1854 2.846170131476454
1855 2.846170131476454
1856 2.846170131476454
1857 4.030515621868938
1858 4.030515621868938
1859 4.030515621868938
1860 4.030515621868938
1861 3.4142033717134703
1862 3.4142033717134703
1863 3.4142033717134703
1864 3.4142033717134703
1865 3.237427884669543
1866 3.237427884669543
1867 3.237427884669543
1868 3.237427884669543
1869 2.9256644165337207
1870 2.9256644165337207
1871 2.9256644165337207
1872 2.9256644165337207
1873 3.5059748452264845
1874 3.5059748452264845
1875 3.5059748452264845
1876 3.5059748452264845
1877 3.258127612713228
1878 3.258127612713228
1879 3.258127612713228
1880 3.258127612713228
1881 3.1557946342463694
1882 3.1557946342463694
1883 3.1557946342463694
1884 3.1557946342463694
1885 3.2085549156192146
1886 3.2085549156192146
1887 3.2085549156192146
1888 3.2085549156192146
1889 3.591907937488755
1890 3.591907937488755
1891 3.591907937488755
1892 3.591907937488755
1893 4.17795005002434
1894 4.17795005002434
1895 4.17795005002434
1896 4.17795005002434
1897 3.6005912089973697
1898 3.6005912089973697
1899 3.6005912089973697
1900 3.6005912089973697
1901 3.338220286159375
1902 3.338220286159375
1903 3.338220286159375
1904 3.338220286159375
1905 3.315173945593983
1906 3.315173945593983
1907 3.315173945593983
1908 3.315173945593983
1909 4.30034381055267
1910 4.30034381055267
1911 4.30034381055267
1912 4.30034381055267
1913 4.126715199865366
1914 4.126715199865366
1915 4.126715199865366
1916 4.126715199865366
1917 3.2037911780284642
1918 3.2037911780284642
1919 3.2037911780284642
1920 3.2037911780284642
1921 3.4587036343052255
1922 3.4587036343052255
1923 3.4587036343052255
1924 3.4587036343052255
1925 2.6856663348579115
1926 2.6856663348579115
1927 2.6856663348579115
1928 2.6856663348579115
1929 3.2579702280278178
1930 3.2579702280278178
1931 3.2579702280278178
1932 3.2579702280278178
1933 3.462655102604801
1934 3.462655102604801
1935 3.462655102604801
1936 3.462655102604801
1937 4.0435227612011975
1938 4.0435227612011975
1939 4.0435227612011975
1940 4.0435227612011975
1941 3.7916641383489527
1942 3.7916641383489527
1943 3.7916641383489527
1944 3.7916641383489527
1945 3.061507281888973
1946 3.061507281888973
1947 3.061507281888973
1948 3.061507281888973
1949 3.40854426249986
1950 3.40854426249986
1951 3.40854426249986
1952 3.40854426249986
1953 4.364321004846923
1954 4.364321004846923
1955 4.364321004846923
1956 4.364321004846923
1957 2.759393568384025
1958 2.759393568384025
1959 2.759393568384025
1960 2.759393568384025
1961 3.834141957423898
1962 3.834141957423898
1963 3.834141957423898
1964 3.834141957423898
1965 3.078438661352316
1966 3.078438661352316
1967 3.078438661352316
1968 3.078438661352316
1969 3.3583509571466865
1970 3.3583509571466865
1971 3.3583509571466865
1972 3.3583509571466865
1973 3.129800967530676
1974 3.129800967530676
1975 3.129800967530676
1976 3.129800967530676
1977 2.648968766561306
1978 2.648968766561306
1979 2.648968766561306
1980 2.648968766561306
1981 3.0505646908103654
1982 3.0505646908103654
1983 3.0505646908103654
1984 0.6085189503042191
1985 0.6085189503042191
1986 0.6085189503042191
1987 0.6085189503042191
1988 0.7403813124950905
1989 0.7403813124950905
1990 0.7403813124950905
1991 0.7403813124950905
1992 0.6164330952971984
1993 0.6164330952971984
1994 0.6164330952971984
1995 0.6164330952971984
1996 0.7107371487641293
1997 0.7107371487641293
1998 0.7107371487641293
1999 0.7107371487641293
