0 2.7652668266685514
1 2.7652668266685514
2 2.7652668266685514
3 2.7652668266685514
4 4.639555057757285
5 4.639555057757285
6 4.639555057757285
7 4.639555057757285
8 3.2476162904780352
9 3.2476162904780352
10 3.2476162904780352
11 3.2476162904780352
12 6.706081620379465
13 6.706081620379465
14 6.706081620379465
15 6.706081620379465
16 2.7444945260680536
17 2.7444945260680536
18 2.7444945260680536
19 2.7444945260680536
20 4.09495770566184
21 4.09495770566184
22 4.09495770566184
23 4.09495770566184
24 4.64320997404721
25 4.64320997404721
26 4.64320997404721
27 4.64320997404721
28 2.860066514903158
29 2.860066514903158
30 2.860066514903158
31 2.860066514903158
32 7.072369057502568
33 7.072369057502568
34 1.306641550184513
35 1.306641550184513
36 1.306641550184513
37 1.306641550184513
38 1.1230750600787647
39 1.1230750600787647
40 1.1230750600787647
41 1.1230750600787647
42 2.215114572576311
43 2.215114572576311
44 2.215114572576311
45 2.215114572576311
46 1.4157830188120668
47 1.4157830188120668
48 1.4157830188120668
49 1.4157830188120668
50 1.9573380013097124
51 1.9347231210298235
52 1.9347231210298235
53 1.9347231210298235
54 1.9347231210298235
55 2.171037602791785
56 2.171037602791785
57 2.171037602791785
58 2.171037602791785
59 2.147956585482375
60 2.147956585482375
61 2.147956585482375
62 2.147956585482375
63 1.8595920065755065
64 1.8595920065755065
65 1.8595920065755065
66 1.8595920065755065
67 1.7290519072142638
68 1.7290519072142638
69 1.7290519072142638
70 1.7290519072142638
71 1.6293486055191773
72 1.6293486055191773
73 1.6293486055191773
74 1.6293486055191773
75 2.6991212539354548
76 2.6991212539354548
77 2.6991212539354548
78 2.6991212539354548
79 2.4640959783140675
80 2.4640959783140675
81 2.4640959783140675
82 2.4640959783140675
83 1.4572253841648026
84 1.4572253841648026
85 1.4572253841648026
86 1.4572253841648026
87 2.4386965296168026
88 2.4386965296168026
89 2.4386965296168026
90 2.4386965296168026
91 1.724700059554611
92 1.724700059554611
93 1.724700059554611
94 1.724700059554611
95 0.1
96 0.1
97 0.1
98 0.1
99 2.1787531867358227
100 2.1787531867358227
101 2.1787531867358227
102 2.1787531867358227
103 2.2298817764759065
104 2.2298817764759065
105 2.2298817764759065
106 2.2298817764759065
107 2.95768752688108
108 2.95768752688108
109 2.95768752688108
110 2.95768752688108
111 2.300774615298494
112 2.300774615298494
113 2.300774615298494
114 2.300774615298494
115 1.6376582204829375
116 1.6376582204829375
117 2.7698069114479216
118 2.7698069114479216
119 2.7698069114479216
120 2.7698069114479216
121 1.4657456451545703
122 1.4657456451545703
123 1.4657456451545703
124 1.4657456451545703
125 4.517990141046072
126 4.517990141046072
127 4.517990141046072
128 4.517990141046072
129 6.103899090483518
130 6.103899090483518
131 6.103899090483518
132 6.103899090483518
133 5.138220829152979
134 5.138220829152979
135 5.138220829152979
136 5.138220829152979
137 4.87039308156439
138 4.87039308156439
139 4.87039308156439
140 4.87039308156439
141 5.018346447722584
142 5.018346447722584
143 5.018346447722584
144 5.018346447722584
145 4.400262396953188
146 4.400262396953188
147 4.400262396953188
148 4.400262396953188
149 4.932110903745166
150 4.932110903745166
151 4.932110903745166
152 4.932110903745166
153 2.4745286688481816
154 2.4745286688481816
155 2.4745286688481816
156 2.4745286688481816
157 3.5859003601656383
158 3.5859003601656383
159 3.5859003601656383
160 6.446930822560236
161 6.446930822560236
162 6.446930822560236
163 6.446930822560236
164 3.170329168690616
165 3.170329168690616
166 3.170329168690616
167 3.170329168690616
168 3.4754954342989626
169 3.4754954342989626
170 3.4754954342989626
171 3.4754954342989626
172 5.181647895079406
173 5.181647895079406
174 5.181647895079406
175 5.181647895079406
176 2.7208334514688715
177 2.7208334514688715
178 2.7208334514688715
179 2.7208334514688715
180 2.3395557629510533
181 2.3395557629510533
182 2.3395557629510533
183 2.3395557629510533
184 3.748106913803849
185 3.748106913803849
186 3.748106913803849
187 3.748106913803849
188 4.793431821639244
189 4.793431821639244
190 4.793431821639244
191 4.793431821639244
192 1.9956591459863895
193 1.9956591459863895
194 1.9956591459863895
195 1.9956591459863895
196 2.0329377872082484
197 2.0329377872082484
198 2.0329377872082484
199 2.0329377872082484
200 3.2317492561697803
201 3.2317492561697803
202 3.2317492561697803
203 3.2317492561697803
204 2.943019127609417
205 2.943019127609417
206 2.943019127609417
207 2.943019127609417
208 6.341239985836681
209 6.341239985836681
210 6.341239985836681
211 6.341239985836681
212 7.391701922832962
213 7.391701922832962
214 7.391701922832962
215 7.391701922832962
216 0.6973834985843417
217 0.6973834985843417
218 0.6973834985843417
219 0.6973834985843417
220 1.0532108621798228
221 1.0532108621798228
222 1.0532108621798228
223 3.1020839234329056
224 3.1020839234329056
225 3.1020839234329056
226 3.1020839234329056
227 1.6192997602856545
228 1.6192997602856545
229 1.6192997602856545
230 1.6192997602856545
231 3.717543191189169
232 3.717543191189169
233 3.717543191189169
234 3.717543191189169
235 2.908798619583142
236 2.908798619583142
237 2.908798619583142
238 2.908798619583142
239 2.6850155948441636
240 2.6850155948441636
241 2.6850155948441636
242 2.6850155948441636
243 4.039837686485051
244 4.039837686485051
245 4.039837686485051
246 4.039837686485051
247 3.464554487895025
248 3.464554487895025
249 3.464554487895025
250 3.464554487895025
251 4.048888149829617
252 4.048888149829617
253 4.048888149829617
254 4.048888149829617
255 2.9287532707051045
256 2.9287532707051045
257 2.9287532707051045
258 2.9287532707051045
259 3.6412427392080287
260 3.6412427392080287
261 3.6412427392080287
262 3.6412427392080287
263 1.0059664687740657
264 1.0059664687740657
265 1.0059664687740657
266 1.0059664687740657
267 2.867209708055336
268 2.867209708055336
269 2.867209708055336
270 2.867209708055336
271 2.2233706387243792
272 2.2233706387243792
273 2.2233706387243792
274 2.2233706387243792
275 3.880121292352026
276 3.880121292352026
277 3.880121292352026
278 3.880121292352026
279 2.897512107997165
280 2.897512107997165
281 2.897512107997165
282 2.897512107997165
283 4.974042371988688
284 4.974042371988688
285 4.974042371988688
286 4.974042371988688
287 1.8205793671877695
288 1.8205793671877695
289 2.385469847217926
290 2.385469847217926
291 2.385469847217926
292 2.385469847217926
293 2.593766643747832
294 2.593766643747832
295 2.593766643747832
296 2.593766643747832
297 1.576355617744344
298 1.576355617744344
299 1.576355617744344
300 1.576355617744344
301 1.6538760405168187
302 1.6538760405168187
303 1.6538760405168187
304 1.6538760405168187
305 1.7714133973841548
306 1.7714133973841548
307 1.7714133973841548
308 1.7714133973841548
309 1.9083343382378362
310 1.9083343382378362
311 1.9083343382378362
312 1.9083343382378362
313 4.0218973764574155
314 4.0218973764574155
315 4.0218973764574155
316 4.0218973764574155
317 4.2549676299136125
318 4.2549676299136125
319 4.2549676299136125
320 4.2549676299136125
321 1.6567184375818371
322 1.6567184375818371
323 1.6567184375818371
324 1.6567184375818371
325 2.1285713955657695
326 2.1285713955657695
327 2.1285713955657695
328 2.1285713955657695
329 3.044346318467614
330 3.044346318467614
331 3.044346318467614
332 3.044346318467614
333 1.6521676137496526
334 1.6521676137496526
335 1.6521676137496526
336 1.6521676137496526
337 1.4004722863991492
338 1.4004722863991492
339 1.4004722863991492
340 1.4004722863991492
341 1.96382851269975
342 1.96382851269975
343 1.96382851269975
344 1.96382851269975
345 1.891590062256307
346 1.891590062256307
347 1.891590062256307
348 1.891590062256307
349 2.2120368253694545
350 2.2120368253694545
351 2.2120368253694545
352 2.2120368253694545
353 2.1449549163934467
354 2.1449549163934467
355 2.1449549163934467
356 2.1449549163934467
357 1.799983210700135
358 4.196224696619523
359 4.196224696619523
360 4.196224696619523
361 4.196224696619523
362 6.456430844157502
363 6.456430844157502
364 6.456430844157502
365 6.456430844157502
366 3.156689689746517
367 3.156689689746517
368 3.156689689746517
369 3.156689689746517
370 4.4949370542197356
371 4.4949370542197356
372 4.4949370542197356
373 4.4949370542197356
374 3.1303260273629343
375 3.1303260273629343
376 3.1303260273629343
377 3.1303260273629343
378 2.966708421166305
379 2.966708421166305
380 2.966708421166305
381 2.966708421166305
382 5.234910722484464
383 2.28531874896385
384 2.28531874896385
385 2.28531874896385
386 2.28531874896385
387 1.676666740937153
388 1.676666740937153
389 1.676666740937153
390 1.676666740937153
391 2.614694678229036
392 2.614694678229036
393 2.614694678229036
394 2.614694678229036
395 2.595054152135948
396 2.595054152135948
397 2.595054152135948
398 2.595054152135948
399 3.7836148659150357
400 3.7836148659150357
401 3.7836148659150357
402 3.7836148659150357
403 2.7748339963284057
404 2.7748339963284057
405 2.7748339963284057
406 2.7748339963284057
407 3.0560779041449835
408 3.0560779041449835
409 3.0560779041449835
410 3.0560779041449835
411 4.490788531697584
412 4.490788531697584
413 4.490788531697584
414 4.490788531697584
415 3.2674079555101283
416 3.2674079555101283
417 3.2674079555101283
418 3.2674079555101283
419 1.9626673026739772
420 1.9626673026739772
421 1.9626673026739772
422 1.9626673026739772
423 1.6800322876304827
424 1.6800322876304827
425 1.6800322876304827
426 1.6800322876304827
427 2.528181326692772
428 2.528181326692772
429 2.528181326692772
430 2.528181326692772
431 3.251979668738543
432 3.251979668738543
433 3.251979668738543
434 3.251979668738543
435 2.6439611655173145
436 2.6439611655173145
437 2.6439611655173145
438 2.6439611655173145
439 2.881137637254019
440 2.881137637254019
441 2.881137637254019
442 2.881137637254019
443 3.0828914132843837
444 3.0828914132843837
445 3.0828914132843837
446 3.0828914132843837
447 4.2921301024557375
448 4.2921301024557375
449 4.2921301024557375
450 4.2921301024557375
451 1.8934052591459243
452 1.8934052591459243
453 1.574385608887211
454 1.574385608887211
455 1.574385608887211
456 1.574385608887211
457 1.348080385993156
458 1.348080385993156
459 1.348080385993156
460 1.348080385993156
461 4.326799035721663
462 4.326799035721663
463 4.326799035721663
464 4.326799035721663
465 3.029123765377648
466 3.029123765377648
467 3.029123765377648
468 3.029123765377648
469 0.4419635974317664
470 0.4419635974317664
471 0.4419635974317664
472 0.4419635974317664
473 0.9321138824598499
474 0.9321138824598499
475 0.9321138824598499
476 0.9321138824598499
477 0.2723861412530413
478 0.2723861412530413
479 0.2723861412530413
480 0.2723861412530413
481 1.116773990470825
482 1.116773990470825
483 1.116773990470825
484 1.116773990470825
485 1.422542532167372
486 1.422542532167372
487 1.422542532167372
488 1.422542532167372
489 1.9970711796947285
490 1.9970711796947285
491 1.9970711796947285
492 1.9970711796947285
493 1.294074024625428
494 1.294074024625428
495 1.294074024625428
496 1.294074024625428
497 1.8165981206580613
498 1.8165981206580613
499 1.8165981206580613
500 1.8165981206580613
501 1.4720388149608588
502 1.4720388149608588
503 1.4720388149608588
504 1.4720388149608588
505 1.5001186293929445
506 1.5001186293929445
507 1.5001186293929445
508 1.5001186293929445
509 1.2594033031381597
510 1.2594033031381597
511 1.2594033031381597
512 1.2594033031381597
513 1.8615665059057322
514 1.8615665059057322
515 1.8615665059057322
516 1.8615665059057322
517 1.1223027013996432
518 1.1223027013996432
519 1.1223027013996432
520 1.1223027013996432
521 2.5113516442316564
522 2.5113516442316564
523 2.5113516442316564
524 2.5113516442316564
525 1.301151568260976
526 1.301151568260976
527 1.301151568260976
528 1.301151568260976
529 2.0052230389703065
530 2.0052230389703065
531 2.0052230389703065
532 2.0052230389703065
533 2.4007192229813445
534 1.0390999829905638
535 1.0390999829905638
536 1.0390999829905638
537 1.0390999829905638
538 0.4335424069849033
539 0.4335424069849033
540 0.4335424069849033
541 0.4335424069849033
542 0.12450684242342236
543 0.12450684242342236
544 0.12450684242342236
545 0.12450684242342236
546 0.3086149256494585
547 1.0058458107134636
548 1.0058458107134636
549 1.0058458107134636
550 1.0058458107134636
551 2.8400987287245925
552 2.8400987287245925
553 2.8400987287245925
554 2.8400987287245925
555 1.335793914123077
556 1.335793914123077
557 1.335793914123077
558 1.335793914123077
559 2.8639641040839816
560 2.8639641040839816
561 2.8639641040839816
562 2.8639641040839816
563 2.5545510311750466
564 2.5545510311750466
565 0.9632882017105603
566 0.9632882017105603
567 0.9632882017105603
568 0.9632882017105603
569 0.7559214776256464
570 0.7559214776256464
571 0.7559214776256464
572 0.7559214776256464
573 0.44551882025385425
574 0.44551882025385425
575 0.44551882025385425
576 0.44551882025385425
577 0.45377461370687955
578 0.45377461370687955
579 0.45377461370687955
580 0.45377461370687955
581 1.1573146919812964
582 1.1573146919812964
583 1.1573146919812964
584 1.1573146919812964
585 0.9917012644461876
586 0.9917012644461876
587 0.9917012644461876
588 0.9917012644461876
589 0.6278470284627423
590 0.6278470284627423
591 0.6278470284627423
592 0.6278470284627423
593 0.7809797073604678
594 0.7809797073604678
595 0.7809797073604678
596 0.7809797073604678
597 0.6447911895280678
598 0.6447911895280678
599 0.6447911895280678
600 0.6447911895280678
601 0.8907719349321003
602 0.8907719349321003
603 0.8907719349321003
604 0.8907719349321003
605 0.4918039593761444
606 0.4918039593761444
607 0.4918039593761444
608 0.4918039593761444
609 0.1
610 0.1
611 0.1
612 0.1
613 0.333356766731938
614 0.333356766731938
615 0.333356766731938
616 3.032227984605078
617 3.032227984605078
618 3.032227984605078
619 4.1162441688092155
620 4.1162441688092155
621 4.1162441688092155
622 4.1162441688092155
623 4.155696378867474
624 4.155696378867474
625 4.155696378867474
626 4.155696378867474
627 3.133437794594857
628 3.133437794594857
629 3.133437794594857
630 3.133437794594857
631 5.024190302819681
632 1.691216739606254
633 1.691216739606254
634 1.0617128059127274
635 1.0617128059127274
636 1.0617128059127274
637 1.0617128059127274
638 2.1450428965257125
639 2.1450428965257125
640 2.1450428965257125
641 2.1450428965257125
642 0.842374085074995
643 0.842374085074995
644 1.4288197403086331
645 1.4288197403086331
646 1.4288197403086331
647 1.4288197403086331
648 2.500840378222464
649 2.500840378222464
650 2.500840378222464
651 2.500840378222464
652 2.4674866550878884
653 2.4674866550878884
654 2.4674866550878884
655 2.4674866550878884
656 1.9117716798693978
657 1.9117716798693978
658 1.9117716798693978
659 1.9117716798693978
660 2.980916233553338
661 2.980916233553338
662 2.980916233553338
663 2.980916233553338
664 2.597754540470012
665 2.597754540470012
666 2.597754540470012
667 2.597754540470012
668 1.5805775416519974
669 0.2285662931447617
670 0.2285662931447617
671 0.2285662931447617
672 0.2285662931447617
673 0.2541590662976192
674 0.2541590662976192
675 0.2541590662976192
676 0.2541590662976192
677 0.2536807089955887
678 0.2536807089955887
679 0.2536807089955887
680 0.2536807089955887
681 0.24487274411797422
682 0.24487274411797422
683 0.24487274411797422
684 0.24487274411797422
685 0.3296484173345281
686 0.3296484173345281
687 0.3296484173345281
688 0.3296484173345281
689 0.16364345970960317
690 0.16364345970960317
691 0.16364345970960317
692 0.16364345970960317
693 0.23524070514525744
694 0.23524070514525744
695 0.23524070514525744
696 0.23524070514525744
697 0.1964097925517069
698 0.1964097925517069
699 0.1964097925517069
700 0.1964097925517069
701 0.22811694053365253
702 0.22811694053365253
703 0.22811694053365253
704 0.22811694053365253
705 0.21453605172261309
706 0.21453605172261309
707 0.21453605172261309
708 0.21453605172261309
709 0.30918894015200526
710 0.30918894015200526
711 0.30918894015200526
712 0.30918894015200526
713 0.17129987216350792
714 0.17129987216350792
715 0.17129987216350792
716 0.17129987216350792
717 0.20148891123910803
718 0.20148891123910803
719 0.20148891123910803
720 0.20148891123910803
721 0.1
722 0.1
723 0.1
724 0.1
725 0.1845567069239855
726 0.1845567069239855
727 0.1845567069239855
728 0.1845567069239855
729 0.31017958705119686
730 0.31017958705119686
731 0.31017958705119686
732 0.31017958705119686
733 0.1
734 0.1
735 0.1
736 2.3920206182752293
737 2.3920206182752293
738 2.3920206182752293
739 2.3920206182752293
740 1.2861080408134398
741 1.2861080408134398
742 1.2861080408134398
743 1.2861080408134398
744 1.933851603003953
745 1.933851603003953
746 2.713174281548881
747 2.713174281548881
748 2.283072202375529
749 2.283072202375529
750 2.283072202375529
751 2.283072202375529
752 2.7350650367279092
753 2.7350650367279092
754 3.068446945635058
755 3.068446945635058
756 3.068446945635058
757 3.068446945635058
758 1.7029509914590486
759 1.7029509914590486
760 1.7029509914590486
761 1.7029509914590486
762 2.577961270457322
763 2.577961270457322
764 2.577961270457322
765 1.2642359223356352
766 1.2642359223356352
767 1.2642359223356352
768 1.2642359223356352
769 1.5236588006667198
770 1.5236588006667198
771 1.5236588006667198
772 3.7215422398121767
773 3.7215422398121767
774 3.7215422398121767
775 3.7215422398121767
776 2.645284431868234
777 2.645284431868234
778 2.645284431868234
779 2.645284431868234
780 5.152066148591572
781 5.152066148591572
782 0.4882258306662288
783 0.4882258306662288
784 0.4882258306662288
785 0.4882258306662288
786 0.7745117275790415
787 0.7745117275790415
788 0.7745117275790415
789 0.7745117275790415
790 0.5717434579256561
791 0.5717434579256561
792 0.5717434579256561
793 0.5717434579256561
794 0.5147851379071609
795 0.5147851379071609
796 0.5147851379071609
797 0.5147851379071609
798 1.2628018652379498
799 1.2628018652379498
800 1.2628018652379498
801 1.2628018652379498
802 0.8206587389260205
803 0.8206587389260205
804 0.8206587389260205
805 0.8206587389260205
806 0.4722068144983695
807 0.4722068144983695
808 0.4722068144983695
809 0.4722068144983695
810 0.21388868923823473
811 0.21388868923823473
812 0.21388868923823473
813 0.21388868923823473
814 0.8458471086835616
815 0.8458471086835616
816 0.8458471086835616
817 0.8458471086835616
818 0.7524251633012473
819 0.7524251633012473
820 0.7524251633012473
821 0.7524251633012473
822 0.7956228590234156
823 0.7956228590234156
824 0.7956228590234156
825 0.7956228590234156
826 0.8919716387918835
827 0.8919716387918835
828 0.8919716387918835
829 0.8919716387918835
830 0.6286421269969396
831 0.6286421269969396
832 0.6286421269969396
833 0.6286421269969396
834 0.6461586824943111
835 0.6461586824943111
836 0.6461586824943111
837 0.6461586824943111
838 0.3953992303251629
839 0.3953992303251629
840 0.3953992303251629
841 0.3953992303251629
842 0.7841849023196038
843 0.7841849023196038
844 0.7841849023196038
845 0.7841849023196038
846 0.3216061407592441
847 0.3216061407592441
848 0.3216061407592441
849 0.3216061407592441
850 0.573002499980378
851 0.573002499980378
852 0.573002499980378
853 0.573002499980378
854 1.130924272784462
855 1.130924272784462
856 1.130924272784462
857 1.130924272784462
858 0.2920403515789321
859 0.2920403515789321
860 0.2920403515789321
861 0.2920403515789321
862 0.9307425699815999
863 0.9307425699815999
864 0.9307425699815999
865 0.9307425699815999
866 0.4233167815764638
867 0.4233167815764638
868 0.4233167815764638
869 0.4233167815764638
870 0.9712585021662944
871 0.9712585021662944
872 0.9712585021662944
873 0.9712585021662944
874 0.460372895977083
875 0.460372895977083
876 0.460372895977083
877 0.460372895977083
878 0.20238617719057536
879 0.20238617719057536
880 0.20238617719057536
881 0.20238617719057536
882 0.27277369709759314
883 0.27277369709759314
884 0.27277369709759314
885 0.27277369709759314
886 0.9585060036105779
887 0.9585060036105779
888 0.9585060036105779
889 0.9585060036105779
890 0.6025966458387848
891 0.6025966458387848
892 0.6025966458387848
893 0.6025966458387848
894 1.1814695725944544
895 1.1814695725944544
896 1.1814695725944544
897 1.1814695725944544
898 2.284226539883011
899 2.284226539883011
900 2.284226539883011
901 2.284226539883011
902 1.7278384412280814
903 1.7278384412280814
904 1.7278384412280814
905 1.7278384412280814
906 2.0237275475404752
907 2.0237275475404752
908 2.0237275475404752
909 2.0237275475404752
910 1.0595495419485021
911 1.0595495419485021
912 1.0595495419485021
913 1.0595495419485021
914 1.7955821541838142
915 1.7955821541838142
916 3.7796274826196137
917 3.7796274826196137
918 3.7796274826196137
919 1.0892827175060935
920 1.0892827175060935
921 1.0892827175060935
922 1.0892827175060935
923 0.6781514379826568
924 0.6781514379826568
925 0.6781514379826568
926 0.6781514379826568
927 0.8869193885995243
928 0.8869193885995243
929 0.8869193885995243
930 0.8869193885995243
931 0.8792561347546692
932 0.8792561347546692
933 0.8792561347546692
934 0.8792561347546692
935 1.1926205151080804
936 1.1926205151080804
937 1.1926205151080804
938 1.1926205151080804
939 0.7007140662545474
940 0.7007140662545474
941 0.7007140662545474
942 0.7007140662545474
943 0.6424817931443261
944 0.6424817931443261
945 0.6424817931443261
946 0.6424817931443261
947 5.126062007630108
948 5.126062007630108
949 5.126062007630108
950 5.126062007630108
951 3.1752650483213882
952 3.1752650483213882
953 3.1752650483213882
954 3.1752650483213882
955 3.425640939809003
956 3.425640939809003
957 3.425640939809003
958 3.425640939809003
959 3.0161731807442154
960 3.0161731807442154
961 3.0161731807442154
962 3.0161731807442154
963 3.121892537475024
964 3.121892537475024
965 3.121892537475024
966 3.121892537475024
967 1.356242825244499
968 1.356242825244499
969 1.356242825244499
970 1.356242825244499
971 2.6388154197085414
972 2.6388154197085414
973 2.2176364296584596
974 2.2176364296584596
975 2.2176364296584596
976 2.2176364296584596
977 2.8593385434940903
978 2.8593385434940903
979 2.8593385434940903
980 2.8593385434940903
981 2.335332041972012
982 2.335332041972012
983 2.335332041972012
984 2.335332041972012
985 0.9720534534496643
986 0.9720534534496643
987 0.34585718487172873
988 0.34585718487172873
989 0.34585718487172873
990 0.34585718487172873
991 0.8616313431280443
992 0.8616313431280443
993 0.8616313431280443
994 0.8616313431280443
995 0.9060939899195479
996 0.9060939899195479
997 0.9060939899195479
998 0.9060939899195479
999 0.45412992026581217
1000 0.45412992026581217
1001 0.45412992026581217
1002 0.45412992026581217
1003 0.7796123942646991
1004 0.7796123942646991
1005 0.7796123942646991
1006 0.7796123942646991
1007 0.7177633084023871
1008 0.7177633084023871
1009 0.7177633084023871
1010 0.7177633084023871
1011 0.33265876975989217
1012 0.33265876975989217
1013 0.33265876975989217
1014 0.33265876975989217
1015 0.9809610789492292
1016 0.9809610789492292
1017 0.9809610789492292
1018 0.9809610789492292
1019 1.0766791801906486
1020 1.0766791801906486
1021 1.0766791801906486
1022 1.0766791801906486
1023 0.8352276950160902
1024 0.8352276950160902
1025 0.8352276950160902
1026 0.8352276950160902
1027 0.33861309787435184
1028 0.33861309787435184
1029 0.33861309787435184
1030 0.33861309787435184
1031 0.3722713540315376
1032 0.3722713540315376
1033 0.3722713540315376
1034 0.3722713540315376
1035 0.5937176753135526
1036 0.5937176753135526
1037 0.5937176753135526
1038 0.5937176753135526
1039 0.7683825863829482
1040 0.7683825863829482
1041 0.7683825863829482
1042 0.7683825863829482
1043 0.5450514911692045
1044 0.5450514911692045
1045 0.5450514911692045
1046 0.5450514911692045
1047 0.6622369636821842
1048 0.6622369636821842
1049 0.6622369636821842
1050 0.6622369636821842
1051 0.6976348478153397
1052 0.6976348478153397
1053 0.6976348478153397
1054 0.6976348478153397
1055 0.6454621063768631
1056 0.6454621063768631
1057 0.6454621063768631
1058 0.6454621063768631
1059 0.8300392929922658
1060 0.8300392929922658
1061 0.8300392929922658
1062 0.8300392929922658
1063 0.7427495329349794
1064 0.7427495329349794
1065 0.7427495329349794
1066 0.7427495329349794
1067 0.5498958673666539
1068 0.5498958673666539
1069 0.5498958673666539
1070 0.5498958673666539
1071 0.6405409455121918
1072 4.455218697222459
1073 4.455218697222459
1074 4.455218697222459
1075 4.455218697222459
1076 3.011582916087191
1077 3.011582916087191
1078 3.011582916087191
1079 3.011582916087191
1080 4.959940307072828
1081 4.959940307072828
1082 4.959940307072828
1083 4.959940307072828
1084 4.816737719277537
1085 4.816737719277537
1086 4.816737719277537
1087 4.816737719277537
1088 2.4188737398101976
1089 2.4188737398101976
1090 2.4188737398101976
1091 2.4188737398101976
1092 5.3651689970698335
1093 5.3651689970698335
1094 5.3651689970698335
1095 5.3651689970698335
1096 4.984314048739982
1097 4.984314048739982
1098 4.984314048739982
1099 4.984314048739982
1100 4.592218557796431
1101 4.592218557796431
1102 4.592218557796431
1103 4.592218557796431
1104 4.05650867283361
1105 4.05650867283361
1106 4.05650867283361
1107 4.05650867283361
1108 4.592304124544269
1109 4.592304124544269
1110 4.592304124544269
1111 4.592304124544269
1112 2.6187945056310546
1113 2.6187945056310546
1114 2.6187945056310546
1115 2.6187945056310546
1116 3.8314553659015576
1117 3.8314553659015576
1118 3.8314553659015576
1119 3.8314553659015576
1120 5.511288906774782
1121 5.511288906774782
1122 5.511288906774782
1123 5.511288906774782
1124 1.6430626709554468
1125 1.6430626709554468
1126 1.6430626709554468
1127 1.6430626709554468
1128 4.778335333789348
1129 4.778335333789348
1130 4.778335333789348
1131 4.778335333789348
1132 3.7247591540895506
1133 3.7247591540895506
1134 3.7247591540895506
1135 3.7247591540895506
1136 2.033168486792169
1137 2.033168486792169
1138 2.033168486792169
1139 2.033168486792169
1140 2.5468684116043487
1141 2.5468684116043487
1142 2.5468684116043487
1143 2.442411928169945
1144 2.442411928169945
1145 2.442411928169945
1146 2.442411928169945
1147 1.8888952001887724
1148 1.8888952001887724
1149 1.8888952001887724
1150 1.8888952001887724
1151 1.251484796765228
1152 1.251484796765228
1153 1.251484796765228
1154 1.251484796765228
1155 2.6647554181938187
1156 2.6647554181938187
1157 2.6647554181938187
1158 2.6647554181938187
1159 1.43892287714156
1160 1.43892287714156
1161 1.43892287714156
1162 1.43892287714156
1163 2.8109252592065417
1164 2.8109252592065417
1165 2.8109252592065417
1166 2.8109252592065417
1167 2.039703503983969
1168 2.039703503983969
1169 2.039703503983969
1170 2.039703503983969
1171 2.1603933798442307
1172 2.1603933798442307
1173 2.1603933798442307
1174 2.1603933798442307
1175 2.8630537246852192
1176 2.8630537246852192
1177 2.8630537246852192
1178 2.8630537246852192
1179 2.2068518573645424
1180 2.2068518573645424
1181 2.2068518573645424
1182 2.2068518573645424
1183 3.211117328905857
1184 3.211117328905857
1185 3.211117328905857
1186 3.211117328905857
1187 3.1603758769560475
1188 3.1603758769560475
1189 2.804844830175984
1190 2.804844830175984
1191 2.804844830175984
1192 2.804844830175984
1193 1.1758450412426178
1194 1.1758450412426178
1195 1.1758450412426178
1196 1.1758450412426178
1197 2.100740205204371
1198 2.100740205204371
1199 2.100740205204371
1200 2.100740205204371
1201 0.1
1202 0.1
1203 0.1
1204 0.1
1205 1.711449442200285
1206 1.711449442200285
1207 1.711449442200285
1208 1.711449442200285
1209 2.709279256071894
1210 2.709279256071894
1211 2.709279256071894
1212 2.709279256071894
1213 1.8326896024888273
1214 1.8326896024888273
1215 1.8326896024888273
1216 1.8326896024888273
1217 1.4816719899911472
1218 1.4816719899911472
1219 1.4816719899911472
1220 1.4816719899911472
1221 2.5222015386121486
1222 2.5222015386121486
1223 2.5222015386121486
1224 2.5222015386121486
1225 2.404324434212051
1226 2.404324434212051
1227 2.404324434212051
1228 2.404324434212051
1229 1.724141091542279
1230 1.724141091542279
1231 1.724141091542279
1232 1.724141091542279
1233 1.0897988933418663
1234 1.0897988933418663
1235 1.0897988933418663
1236 1.0897988933418663
1237 1.6011170838097946
1238 1.6011170838097946
1239 1.6011170838097946
1240 1.6011170838097946
1241 1.0054773542268842
1242 1.0054773542268842
1243 1.0054773542268842
1244 2.233345417985069
1245 2.233345417985069
1246 2.233345417985069
1247 2.233345417985069
1248 1.262824885882178
1249 1.262824885882178
1250 1.262824885882178
1251 1.262824885882178
1252 1.646626298671848
1253 1.646626298671848
1254 1.646626298671848
1255 1.646626298671848
1256 1.2450611387532349
1257 1.2450611387532349
1258 1.2450611387532349
1259 1.2450611387532349
1260 2.2134820181978623
1261 2.2134820181978623
1262 2.2134820181978623
1263 2.2134820181978623
1264 1.326479395663422
1265 1.326479395663422
1266 1.326479395663422
1267 1.326479395663422
1268 2.3670285358057064
1269 2.3670285358057064
1270 2.3670285358057064
1271 2.3670285358057064
1272 1.8179587135337414
1273 1.8179587135337414
1274 1.8179587135337414
1275 1.8179587135337414
1276 3.1134601294071684
1277 3.1134601294071684
1278 3.1134601294071684
1279 3.1134601294071684
1280 1.3697066557212363
1281 1.3697066557212363
1282 1.3697066557212363
1283 1.3697066557212363
1284 1.8899084044752148
1285 1.8899084044752148
1286 1.8899084044752148
1287 1.8899084044752148
1288 1.6288545957807925
1289 1.6288545957807925
1290 1.6288545957807925
1291 1.6288545957807925
1292 2.184529737267514
1293 2.184529737267514
1294 2.184529737267514
1295 2.184529737267514
1296 1.9101817007754995
1297 1.9101817007754995
1298 1.9101817007754995
1299 1.9101817007754995
1300 1.592380625669616
1301 1.592380625669616
1302 1.592380625669616
1303 1.592380625669616
1304 1.9241449320844526
1305 1.9241449320844526
1306 1.9241449320844526
1307 1.9241449320844526
1308 2.41965780603549
1309 2.41965780603549
1310 2.41965780603549
1311 2.41965780603549
1312 2.5298258434418397
1313 2.5298258434418397
1314 2.5298258434418397
1315 2.5298258434418397
1316 2.084691815148616
1317 2.084691815148616
1318 2.084691815148616
1319 2.084691815148616
1320 3.1393559549519194
1321 0.2661383810917296
1322 0.2661383810917296
1323 0.2661383810917296
1324 0.2661383810917296
1325 0.9614342849177514
1326 0.9614342849177514
1327 0.9614342849177514
1328 0.9614342849177514
1329 0.3455358270940788
1330 0.3455358270940788
1331 0.3455358270940788
1332 0.3455358270940788
1333 1.342359595335254
1334 1.342359595335254
1335 1.342359595335254
1336 1.342359595335254
1337 1.442546525212083
1338 1.442546525212083
1339 1.442546525212083
1340 1.442546525212083
1341 1.3864737267709977
1342 1.3864737267709977
1343 1.3864737267709977
1344 1.3864737267709977
1345 0.757430439177538
1346 0.757430439177538
1347 0.757430439177538
1348 0.757430439177538
1349 1.0256051798588814
1350 1.0256051798588814
1351 1.0256051798588814
1352 1.0256051798588814
1353 0.885479226290898
1354 0.885479226290898
1355 3.8856196522630153
1356 3.8856196522630153
1357 3.8856196522630153
1358 3.8856196522630153
1359 4.088217544479288
1360 4.088217544479288
1361 4.088217544479288
1362 4.088217544479288
1363 5.675058619761515
1364 1.2203668105447372
1365 1.2203668105447372
1366 1.2203668105447372
1367 1.2203668105447372
1368 1.1619400992157511
1369 1.1619400992157511
1370 1.1619400992157511
1371 1.1619400992157511
1372 1.4111274808567362
1373 1.4111274808567362
1374 1.4111274808567362
1375 1.4111274808567362
1376 1.1749476710029445
1377 1.1749476710029445
1378 1.1749476710029445
1379 1.1749476710029445
1380 1.4094454841221038
1381 1.4094454841221038
1382 1.4094454841221038
1383 1.4094454841221038
1384 1.2084988553592364
1385 1.2084988553592364
1386 1.2084988553592364
1387 1.2084988553592364
1388 1.7325747647305407
1389 1.7325747647305407
1390 1.7325747647305407
1391 1.7325747647305407
1392 1.1109341953634777
1393 1.1109341953634777
1394 1.1109341953634777
1395 1.1109341953634777
1396 1.084376658911687
1397 1.084376658911687
1398 1.084376658911687
1399 1.084376658911687
1400 1.2476960725003412
1401 1.2476960725003412
1402 1.2476960725003412
1403 1.2476960725003412
1404 1.7789225118714598
1405 1.7789225118714598
1406 1.7789225118714598
1407 1.7789225118714598
1408 1.0124216889142457
1409 1.0124216889142457
1410 1.0124216889142457
1411 1.0124216889142457
1412 0.3193183579856721
1413 0.3193183579856721
1414 0.3193183579856721
1415 0.3193183579856721
1416 1.1689688270802692
1417 1.1689688270802692
1418 1.1689688270802692
1419 1.1689688270802692
1420 0.941712851176355
1421 0.941712851176355
1422 0.941712851176355
1423 0.941712851176355
1424 0.9695560756579955
1425 0.9695560756579955
1426 0.9695560756579955
1427 0.9695560756579955
1428 0.8994284781608683
1429 0.8994284781608683
1430 0.8994284781608683
1431 0.8994284781608683
1432 0.9527242804133049
1433 0.9527242804133049
1434 0.9527242804133049
1435 0.9527242804133049
1436 1.2724529206534811
1437 1.2724529206534811
1438 1.2724529206534811
1439 1.2724529206534811
1440 1.592933942925415
1441 1.592933942925415
1442 1.592933942925415
1443 1.592933942925415
1444 1.380483006543399
1445 1.380483006543399
1446 1.380483006543399
1447 1.380483006543399
1448 1.9188232431474033
1449 1.9188232431474033
1450 1.9188232431474033
1451 1.9188232431474033
1452 1.3320726412696553
1453 1.3320726412696553
1454 1.3320726412696553
1455 1.3320726412696553
1456 0.956437496191678
1457 0.956437496191678
1458 0.956437496191678
1459 0.956437496191678
1460 0.7620623392275528
1461 2.9175049445139765
1462 2.9175049445139765
1463 2.9175049445139765
1464 2.9175049445139765
1465 4.7587600818404825
1466 4.7587600818404825
1467 4.7587600818404825
1468 4.7587600818404825
1469 4.97280630181464
1470 4.97280630181464
1471 4.97280630181464
1472 4.97280630181464
1473 4.763932846043401
1474 4.763932846043401
1475 4.763932846043401
1476 4.763932846043401
1477 4.321821188728509
1478 4.321821188728509
1479 4.321821188728509
1480 4.321821188728509
1481 1.8492217340922141
1482 1.8492217340922141
1483 1.8492217340922141
1484 1.8492217340922141
1485 4.839874251296517
1486 4.839874251296517
1487 4.839874251296517
1488 4.839874251296517
1489 2.6528434567865826
1490 2.6528434567865826
1491 2.6528434567865826
1492 2.6528434567865826
1493 3.8837049006684716
1494 3.8837049006684716
1495 3.8837049006684716
1496 3.8837049006684716
1497 2.925828025291003
1498 2.925828025291003
1499 2.925828025291003
1500 2.925828025291003
1501 5.083892710875769
1502 5.083892710875769
1503 5.083892710875769
1504 5.083892710875769
1505 0.28285318885968724
1506 0.28285318885968724
1507 0.28285318885968724
1508 0.28285318885968724
1509 2.091771466578368
1510 2.091771466578368
1511 2.091771466578368
1512 2.091771466578368
1513 0.18312481013956872
1514 0.18312481013956872
1515 0.18312481013956872
1516 0.18312481013956872
1517 0.5960107102051984
1518 0.5960107102051984
1519 0.5960107102051984
1520 0.5960107102051984
1521 0.7751931083376735
1522 0.7751931083376735
1523 0.7751931083376735
1524 0.7751931083376735
1525 0.9964472824644187
1526 0.9964472824644187
1527 0.9964472824644187
1528 0.9964472824644187
1529 0.8797721063107464
1530 0.8797721063107464
1531 0.8797721063107464
1532 0.8797721063107464
1533 0.8081047684953838
1534 0.8081047684953838
1535 0.8081047684953838
1536 0.8081047684953838
1537 0.5870722638752398
1538 0.5870722638752398
1539 0.5870722638752398
1540 0.5870722638752398
1541 0.5258896040249416
1542 1.9340225675331113
1543 1.9340225675331113
1544 1.9340225675331113
1545 1.9340225675331113
1546 2.83883329131455
1547 2.83883329131455
1548 2.83883329131455
1549 2.83883329131455
1550 4.3976543334988385
1551 4.3976543334988385
1552 4.3976543334988385
1553 4.3976543334988385
1554 3.5493170337311017
1555 3.5493170337311017
1556 3.5493170337311017
1557 3.5493170337311017
1558 1.952611327897288
1559 1.952611327897288
1560 1.952611327897288
1561 1.952611327897288
1562 2.7812459751599787
1563 2.7812459751599787
1564 2.7812459751599787
1565 2.7812459751599787
1566 2.9492630250074066
1567 2.9492630250074066
1568 2.9492630250074066
1569 2.9492630250074066
1570 2.6805929817743186
1571 2.6805929817743186
1572 2.6805929817743186
1573 2.6805929817743186
1574 1.4207386122505876
1575 1.4207386122505876
1576 1.4207386122505876
1577 1.4207386122505876
1578 3.2755778213079028
1579 3.2755778213079028
1580 3.2755778213079028
1581 3.2755778213079028
1582 1.2595417167713991
1583 1.2595417167713991
1584 1.2595417167713991
1585 1.2595417167713991
1586 2.8331850395553264
1587 2.8331850395553264
1588 2.8331850395553264
1589 2.8331850395553264
1590 2.4084039395207637
1591 2.4084039395207637
1592 2.4084039395207637
1593 2.4084039395207637
1594 2.986690061412512
1595 2.986690061412512
1596 2.986690061412512
1597 2.986690061412512
1598 3.4311199579982956
1599 3.4311199579982956
1600 3.4311199579982956
1601 3.4311199579982956
1602 2.01060910769117
1603 2.01060910769117
1604 2.01060910769117
1605 2.01060910769117
1606 1.1347308708282864
1607 1.1347308708282864
1608 1.1347308708282864
1609 1.1347308708282864
1610 2.8203109752989683
1611 2.8203109752989683
1612 2.8203109752989683
1613 2.8203109752989683
1614 1.100206085935707
1615 1.100206085935707
1616 1.100206085935707
1617 1.100206085935707
1618 2.9903891912619303
1619 2.9903891912619303
1620 2.9903891912619303
1621 2.9903891912619303
1622 3.744280472984772
1623 3.744280472984772
1624 3.744280472984772
1625 3.744280472984772
1626 2.5287113585257575
1627 2.5287113585257575
1628 2.5287113585257575
1629 2.5287113585257575
1630 0.8005741399657944
1631 0.8005741399657944
1632 0.8005741399657944
1633 0.8005741399657944
1634 2.70668232412147
1635 2.70668232412147
1636 2.70668232412147
1637 2.70668232412147
1638 3.320814812001007
1639 3.320814812001007
1640 3.320814812001007
1641 3.320814812001007
1642 1.946185161217365
1643 1.946185161217365
1644 1.946185161217365
1645 1.946185161217365
1646 2.9224456256036593
1647 2.9224456256036593
1648 2.9224456256036593
1649 2.9224456256036593
1650 3.395791571516496
1651 3.395791571516496
1652 3.395791571516496
1653 3.395791571516496
1654 1.2388617525703673
1655 3.615349408280929
1656 3.615349408280929
1657 3.615349408280929
1658 3.615349408280929
1659 2.8491323411511544
1660 2.8491323411511544
1661 2.8491323411511544
1662 2.8491323411511544
1663 3.443150745093429
1664 3.443150745093429
1665 3.443150745093429
1666 3.443150745093429
1667 1.4999914985419622
1668 1.4999914985419622
1669 1.4999914985419622
1670 1.4999914985419622
1671 6.868517092489654
1672 6.868517092489654
1673 6.868517092489654
1674 6.868517092489654
1675 2.463949318581244
1676 2.463949318581244
1677 2.463949318581244
1678 2.463949318581244
1679 0.8118061959634022
1680 0.8118061959634022
1681 0.8118061959634022
1682 0.8118061959634022
1683 0.6600447631163159
1684 0.6600447631163159
1685 0.6600447631163159
1686 0.6600447631163159
1687 0.8756639294093695
1688 0.8756639294093695
1689 0.8756639294093695
1690 0.8756639294093695
1691 0.6932950324551225
1692 0.6932950324551225
1693 0.6932950324551225
1694 0.6932950324551225
1695 0.6384759924774395
1696 0.6384759924774395
1697 0.6384759924774395
1698 0.6384759924774395
1699 0.8820734716556736
1700 0.8820734716556736
1701 0.8820734716556736
1702 0.8820734716556736
1703 0.1363035986927208
1704 0.1363035986927208
1705 0.1363035986927208
1706 0.1363035986927208
1707 0.404459908991933
1708 0.404459908991933
1709 0.404459908991933
1710 4.33766858799141
1711 4.33766858799141
1712 4.33766858799141
1713 4.33766858799141
1714 4.397202025358992
1715 4.397202025358992
1716 4.397202025358992
1717 4.397202025358992
1718 2.9657349639260238
1719 2.9657349639260238
1720 2.9657349639260238
1721 2.9657349639260238
1722 2.5338673210221327
1723 2.5338673210221327
1724 2.5338673210221327
1725 2.5338673210221327
1726 4.305283475272652
1727 4.305283475272652
1728 4.305283475272652
1729 4.305283475272652
1730 2.4592902996203394
1731 2.4592902996203394
1732 2.4592902996203394
1733 2.4592902996203394
1734 3.455736481102089
1735 3.455736481102089
1736 3.455736481102089
1737 3.455736481102089
1738 6.054474684881924
1739 6.054474684881924
1740 6.054474684881924
1741 6.054474684881924
1742 3.046443004369603
1743 3.046443004369603
1744 3.046443004369603
1745 3.046443004369603
1746 4.745050856445275
1747 4.745050856445275
1748 4.745050856445275
1749 4.745050856445275
1750 4.53816335567735
1751 4.53816335567735
1752 4.53816335567735
1753 4.53816335567735
1754 4.947615045269933
1755 4.947615045269933
1756 4.947615045269933
1757 4.947615045269933
1758 4.733110251240762
1759 4.733110251240762
1760 4.733110251240762
1761 4.733110251240762
1762 4.774156330943979
1763 4.774156330943979
1764 4.774156330943979
1765 4.774156330943979
1766 4.730681482167408
1767 4.730681482167408
1768 4.730681482167408
1769 4.730681482167408
1770 2.6379820124183677
1771 2.6379820124183677
1772 2.6379820124183677
1773 2.6379820124183677
1774 6.538430741969771
1775 6.538430741969771
1776 6.538430741969771
1777 6.538430741969771
1778 0.7575957047717528
1779 0.7575957047717528
1780 0.7575957047717528
1781 0.7575957047717528
1782 3.3000709347277857
1783 3.3000709347277857
1784 3.3000709347277857
1785 3.3000709347277857
1786 5.330024839758663
1787 5.330024839758663
1788 5.330024839758663
1789 5.330024839758663
1790 3.5414432820298383
1791 3.5414432820298383
1792 3.5414432820298383
1793 3.5414432820298383
1794 2.7392871077991297
1795 2.7392871077991297
1796 2.7392871077991297
1797 2.7392871077991297
1798 3.2213788419204135
1799 3.2213788419204135
1800 3.2213788419204135
1801 3.2213788419204135
1802 5.208467036344539
1803 5.208467036344539
1804 5.208467036344539
1805 5.208467036344539
1806 3.357564391954664
1807 3.357564391954664
1808 3.357564391954664
1809 3.357564391954664
1810 0.28121764437377683
1811 0.28121764437377683
1812 0.28121764437377683
1813 0.28121764437377683
1814 4.0330880577943455
1815 4.0330880577943455
1816 4.0330880577943455
1817 4.0330880577943455
1818 4.3662933164477415
1819 4.3662933164477415
1820 4.3662933164477415
1821 4.3662933164477415
1822 6.2725740599676545
1823 6.2725740599676545
1824 6.2725740599676545
1825 6.2725740599676545
1826 2.044831719536612
1827 2.044831719536612
1828 2.044831719536612
1829 2.044831719536612
1830 2.838013353461957
1831 2.838013353461957
1832 2.838013353461957
1833 2.838013353461957
1834 0.775010367767949
1835 0.775010367767949
1836 0.775010367767949
1837 0.775010367767949
1838 2.365014875620056
1839 2.365014875620056
1840 2.365014875620056
1841 2.365014875620056
1842 2.3069958884098556
1843 2.3069958884098556
1844 2.3069958884098556
1845 2.3069958884098556
1846 1.798094726900092
1847 1.798094726900092
1848 1.798094726900092
1849 1.798094726900092
1850 2.5962183372420045
1851 2.5962183372420045
1852 2.5962183372420045
1853 2.5962183372420045
1854 4.594501128336623
1855 4.594501128336623
1856 4.594501128336623
1857 4.594501128336623
1858 5.26584474576035
1859 5.26584474576035
1860 5.26584474576035
1861 5.26584474576035
1862 3.4278466412052118
1863 3.4278466412052118
1864 3.4278466412052118
1865 3.4278466412052118
1866 5.529549796691048
1867 5.529549796691048
1868 5.529549796691048
1869 5.529549796691048
1870 4.630079240809956
1871 4.630079240809956
1872 4.630079240809956
1873 4.630079240809956
1874 1.2525938824448368
1875 1.2525938824448368
1876 1.2525938824448368
1877 1.2525938824448368
1878 3.3549966766688364
1879 3.3549966766688364
1880 3.3549966766688364
1881 3.3549966766688364
1882 3.0210105213849654
1883 3.0210105213849654
1884 3.0210105213849654
1885 3.0210105213849654
1886 2.877857531986439
1887 2.877857531986439
1888 2.877857531986439
1889 2.877857531986439
1890 1.1897011433981581
1891 1.1897011433981581
1892 1.1897011433981581
1893 1.1897011433981581
1894 5.9238967954358674
1895 5.9238967954358674
1896 5.9238967954358674
1897 5.9238967954358674
1898 4.282472856944038
1899 4.282472856944038
1900 4.282472856944038
1901 4.282472856944038
1902 5.553813111079162
1903 5.553813111079162
1904 5.553813111079162
1905 5.553813111079162
1906 4.4442892823237585
1907 4.4442892823237585
1908 4.4442892823237585
1909 4.4442892823237585
1910 4.593635747362637
1911 4.593635747362637
1912 4.593635747362637
1913 4.593635747362637
1914 2.5155436271951563
1915 2.5155436271951563
1916 2.5155436271951563
1917 2.5155436271951563
1918 3.893621970152136
1919 3.893621970152136
1920 3.893621970152136
1921 3.893621970152136
1922 3.031520690779712
1923 3.031520690779712
1924 3.031520690779712
1925 3.031520690779712
1926 2.751736991596231
1927 2.751736991596231
1928 2.751736991596231
1929 2.751736991596231
1930 6.4996443238690205
1931 6.4996443238690205
1932 6.4996443238690205
1933 6.4996443238690205
1934 1.7813416262963848
1935 1.7813416262963848
1936 1.7813416262963848
1937 1.7813416262963848
1938 2.348438022710936
1939 2.348438022710936
1940 2.348438022710936
1941 2.348438022710936
1942 4.852320607364568
1943 2.1509356021017605
1944 2.1509356021017605
1945 2.1509356021017605
1946 2.1509356021017605
1947 1.4377818859279488
1948 1.4377818859279488
1949 1.4377818859279488
1950 1.4377818859279488
1951 2.013878751494179
1952 2.013878751494179
1953 2.013878751494179
1954 2.013878751494179
1955 1.5440581292900557
1956 1.5440581292900557
1957 1.5440581292900557
1958 1.5440581292900557
1959 1.397065086925877
1960 1.397065086925877
1961 1.397065086925877
1962 1.397065086925877
1963 2.3612616070287498
1964 2.3612616070287498
1965 2.3612616070287498
1966 2.3612616070287498
1967 1.7559474684513683
1968 1.7559474684513683
1969 1.7559474684513683
1970 1.7559474684513683
1971 2.1112836901969168
1972 2.1112836901969168
1973 2.1112836901969168
1974 2.1112836901969168
1975 1.9960221102720923
1976 1.9960221102720923
1977 1.9960221102720923
1978 1.9960221102720923
1979 0.8988140754409518
1980 0.8988140754409518
1981 0.8988140754409518
1982 0.8988140754409518
1983 1.5670758715085713
1984 1.5670758715085713
1985 1.5670758715085713
1986 1.5670758715085713
1987 1.609742936222058
1988 1.609742936222058
1989 1.609742936222058
1990 1.609742936222058
1991 1.1987556215746669
1992 1.1987556215746669
1993 1.1987556215746669
1994 1.1987556215746669
1995 2.228012227264689
1996 2.228012227264689
1997 2.228012227264689
1998 2.228012227264689
1999 2.231960437578763
