0 1.4205709515364298
1 1.4205709515364298
2 1.4205709515364298
3 1.4205709515364298
4 1.4205709515364298
5 1.1627910738544809
6 1.1627910738544809
7 1.1627910738544809
8 1.1627910738544809
9 1.1627910738544809
10 0.4113748956242824
11 0.4113748956242824
12 0.4113748956242824
13 0.4113748956242824
14 0.4113748956242824
15 0.4720535552102252
16 0.4720535552102252
17 0.4720535552102252
18 0.4720535552102252
19 0.4720535552102252
20 1.0093380540145271
21 1.0093380540145271
22 1.0093380540145271
23 1.0093380540145271
24 1.0093380540145271
25 0.8536113349870756
26 0.8536113349870756
27 0.8536113349870756
28 0.8536113349870756
29 0.8536113349870756
30 1.2445592664369758
31 1.2445592664369758
32 1.2445592664369758
33 1.2445592664369758
34 1.2445592664369758
35 1.0676065068510674
36 1.0676065068510674
37 1.0676065068510674
38 1.0676065068510674
39 1.0676065068510674
40 0.5794551987954744
41 0.5794551987954744
42 0.5794551987954744
43 0.5794551987954744
44 0.5794551987954744
45 1.2863695116233307
46 1.2863695116233307
47 1.2863695116233307
48 1.2863695116233307
49 1.2863695116233307
50 0.5992887777242356
51 0.5992887777242356
52 0.5992887777242356
53 0.5992887777242356
54 0.5992887777242356
55 1.5289519338822275
56 1.5289519338822275
57 1.5289519338822275
58 1.5289519338822275
59 1.5289519338822275
60 2.056762237120462
61 2.056762237120462
62 2.251775792140032
63 2.251775792140032
64 2.251775792140032
65 2.251775792140032
66 2.251775792140032
67 3.8222476456037473
68 3.8222476456037473
69 3.8222476456037473
70 3.8222476456037473
71 3.8222476456037473
72 3.7440714275776883
73 3.7440714275776883
74 3.7440714275776883
75 3.7440714275776883
76 3.7440714275776883
77 2.9426330332960973
78 2.9426330332960973
79 2.9426330332960973
80 2.9426330332960973
81 2.9426330332960973
82 4.431267665017506
83 4.431267665017506
84 4.431267665017506
85 4.431267665017506
86 4.431267665017506
87 3.7176747952368054
88 3.7176747952368054
89 3.7176747952368054
90 3.7176747952368054
91 3.7176747952368054
92 5.583232816288511
93 5.583232816288511
94 5.583232816288511
95 5.583232816288511
96 5.583232816288511
97 4.7472540498555835
98 4.7472540498555835
99 4.7472540498555835
100 4.7472540498555835
101 4.7472540498555835
102 4.482580379719657
103 4.482580379719657
104 4.482580379719657
105 4.482580379719657
106 4.482580379719657
107 6.353857709365523
108 6.353857709365523
109 6.353857709365523
110 6.353857709365523
111 6.353857709365523
112 8.03795661037934
113 8.03795661037934
114 8.03795661037934
115 8.03795661037934
116 8.03795661037934
117 6.3218345345679685
118 6.3218345345679685
119 6.3218345345679685
120 6.3218345345679685
121 6.3218345345679685
122 0.1
123 0.1
124 0.1
125 0.1
126 0.1
127 2.1427179499764866
128 2.1427179499764866
129 2.1427179499764866
130 2.1427179499764866
131 2.1427179499764866
132 2.4751246699688156
133 2.4751246699688156
134 2.4751246699688156
135 2.4751246699688156
136 2.4751246699688156
137 2.301328596911299
138 2.301328596911299
139 2.301328596911299
140 2.301328596911299
141 2.301328596911299
142 3.1571552748312235
143 3.1571552748312235
144 3.1571552748312235
145 3.1571552748312235
146 3.1571552748312235
147 5.002986875339579
148 5.002986875339579
149 5.002986875339579
150 5.002986875339579
151 5.002986875339579
152 7.5990449174448536
153 7.5990449174448536
154 7.5990449174448536
155 7.5990449174448536
156 7.5990449174448536
157 6.0641523463373055
158 6.0641523463373055
159 6.0641523463373055
160 6.0641523463373055
161 6.0641523463373055
162 3.6555388959151576
163 3.6555388959151576
164 3.6555388959151576
165 3.6555388959151576
166 3.6555388959151576
167 3.5180289399231386
168 3.5180289399231386
169 3.5180289399231386
170 3.5180289399231386
171 3.5180289399231386
172 3.930156349091519
173 3.930156349091519
174 3.930156349091519
175 3.930156349091519
176 3.930156349091519
177 4.746601800220198
178 4.746601800220198
179 4.746601800220198
180 4.746601800220198
181 4.746601800220198
182 2.223610954443208
183 2.223610954443208
184 2.223610954443208
185 2.223610954443208
186 2.223610954443208
187 5.2459177492702445
188 5.2459177492702445
189 5.2459177492702445
190 5.2459177492702445
191 5.2459177492702445
192 1.4322475342862138
193 1.4322475342862138
194 1.4322475342862138
195 1.4322475342862138
196 1.4322475342862138
197 2.3328843993207533
198 2.3328843993207533
199 2.3328843993207533
200 2.3328843993207533
201 2.3328843993207533
202 6.179629371004532
203 6.179629371004532
204 6.179629371004532
205 6.179629371004532
206 6.179629371004532
207 6.9011518973585355
208 6.9011518973585355
209 6.9011518973585355
210 6.9011518973585355
211 6.9011518973585355
212 2.8235545684608283
213 2.8235545684608283
214 2.8235545684608283
215 2.8235545684608283
216 2.8235545684608283
217 8.202761803281915
218 8.202761803281915
219 8.202761803281915
220 8.202761803281915
221 8.202761803281915
222 6.727317612511223
223 6.727317612511223
224 6.727317612511223
225 6.727317612511223
226 6.727317612511223
227 0.5315981277792989
228 0.5315981277792989
229 0.5315981277792989
230 0.5315981277792989
231 0.5315981277792989
232 5.067813148867806
233 5.067813148867806
234 5.067813148867806
235 5.067813148867806
236 5.067813148867806
237 3.124841263800384
238 3.124841263800384
239 3.124841263800384
240 3.124841263800384
241 3.124841263800384
242 4.062888402611338
243 4.062888402611338
244 4.062888402611338
245 4.062888402611338
246 4.062888402611338
247 5.891690329988758
248 5.891690329988758
249 5.891690329988758
250 5.891690329988758
251 5.891690329988758
252 6.780149354077231
253 6.780149354077231
254 6.780149354077231
255 6.780149354077231
256 6.780149354077231
257 4.184010342581862
258 4.184010342581862
259 4.184010342581862
260 4.184010342581862
261 4.184010342581862
262 4.807434339894247
263 4.807434339894247
264 4.807434339894247
265 4.807434339894247
266 4.807434339894247
267 2.937775727094743
268 2.937775727094743
269 2.937775727094743
270 2.937775727094743
271 2.937775727094743
272 4.548471454361571
273 4.548471454361571
274 4.548471454361571
275 4.548471454361571
276 4.548471454361571
277 1.5911167378589965
278 1.5911167378589965
279 1.5911167378589965
280 1.5911167378589965
281 1.5911167378589965
282 9.029612953242054
283 9.029612953242054
284 9.029612953242054
285 9.029612953242054
286 9.029612953242054
287 4.00768194589796
288 4.00768194589796
289 4.00768194589796
290 4.00768194589796
291 4.00768194589796
292 4.309869622854627
293 4.309869622854627
294 4.309869622854627
295 4.309869622854627
296 4.309869622854627
297 2.692896325107636
298 2.692896325107636
299 2.692896325107636
300 2.692896325107636
301 2.692896325107636
302 5.5732039920611784
303 5.5732039920611784
304 5.5732039920611784
305 5.5732039920611784
306 5.5732039920611784
307 6.415067307185501
308 6.415067307185501
309 6.415067307185501
310 6.415067307185501
311 6.415067307185501
312 4.1555032373017395
313 4.1555032373017395
314 4.1555032373017395
315 4.1555032373017395
316 4.1555032373017395
317 5.646586389971519
318 5.646586389971519
319 5.646586389971519
320 5.646586389971519
321 5.646586389971519
322 4.698761220545888
323 4.698761220545888
324 4.698761220545888
325 4.698761220545888
326 4.698761220545888
327 2.764631707921448
328 2.764631707921448
329 2.764631707921448
330 2.764631707921448
331 2.764631707921448
332 0.8422146268171966
333 0.8422146268171966
334 0.8422146268171966
335 0.8422146268171966
336 0.8422146268171966
337 4.418845043966675
338 4.418845043966675
339 4.418845043966675
340 4.418845043966675
341 4.418845043966675
342 2.1530921090228343
343 2.1530921090228343
344 2.1530921090228343
345 2.1530921090228343
346 2.1530921090228343
347 4.8064600644659965
348 4.8064600644659965
349 4.8064600644659965
350 4.8064600644659965
351 4.8064600644659965
352 3.057061319619042
353 3.057061319619042
354 3.057061319619042
355 3.057061319619042
356 3.057061319619042
357 2.0674410661824854
358 2.0674410661824854
359 2.0674410661824854
360 2.0674410661824854
361 2.0674410661824854
362 4.152843707037163
363 4.152843707037163
364 4.152843707037163
365 4.152843707037163
366 4.152843707037163
367 1.1434256425533476
368 1.1434256425533476
369 1.1434256425533476
370 1.1434256425533476
371 1.1434256425533476
372 1.347980353283147
373 1.347980353283147
374 1.347980353283147
375 1.347980353283147
376 1.347980353283147
377 0.9353375073406389
378 0.9353375073406389
379 0.9353375073406389
380 0.9353375073406389
381 0.9353375073406389
382 1.6915096556660565
383 1.6915096556660565
384 1.6915096556660565
385 1.6915096556660565
386 1.6915096556660565
387 4.821354314769847
388 4.821354314769847
389 4.821354314769847
390 4.821354314769847
391 4.821354314769847
392 2.0754639659816934
393 2.0754639659816934
394 2.0754639659816934
395 2.0754639659816934
396 2.0754639659816934
397 3.3021455383393357
398 3.3021455383393357
399 3.3021455383393357
400 3.3021455383393357
401 3.3021455383393357
402 1.3675486177267513
403 1.3675486177267513
404 1.3675486177267513
405 1.3675486177267513
406 1.3675486177267513
407 2.2684252871004578
408 2.2684252871004578
409 2.2684252871004578
410 2.2684252871004578
411 2.2684252871004578
412 0.41770433025886056
413 0.41770433025886056
414 0.41770433025886056
415 0.41770433025886056
416 0.41770433025886056
417 3.421503795299235
418 3.421503795299235
419 3.421503795299235
420 3.421503795299235
421 4.747041008542354
422 4.747041008542354
423 4.747041008542354
424 4.747041008542354
425 4.747041008542354
426 1.742757560889404
427 1.742757560889404
428 1.742757560889404
429 1.742757560889404
430 1.742757560889404
431 1.7336489061308937
432 1.7336489061308937
433 1.7336489061308937
434 1.7336489061308937
435 1.7336489061308937
436 6.157817009072037
437 6.157817009072037
438 6.157817009072037
439 6.157817009072037
440 6.157817009072037
441 5.329786739344513
442 5.329786739344513
443 5.329786739344513
444 5.329786739344513
445 5.329786739344513
446 4.565107262302191
447 4.565107262302191
448 4.565107262302191
449 4.565107262302191
450 4.565107262302191
451 4.31739774285949
452 4.31739774285949
453 4.31739774285949
454 4.31739774285949
455 4.31739774285949
456 2.9775080360332837
457 2.9775080360332837
458 2.9775080360332837
459 2.9775080360332837
460 2.9775080360332837
461 6.6439139700064995
462 6.6439139700064995
463 6.6439139700064995
464 6.6439139700064995
465 6.6439139700064995
466 1.580119344053704
467 1.580119344053704
468 1.580119344053704
469 1.580119344053704
470 1.580119344053704
471 3.8186559516629277
472 3.8186559516629277
473 3.8186559516629277
474 3.8186559516629277
475 3.8186559516629277
476 2.6179222106501534
477 2.6179222106501534
478 2.6179222106501534
479 2.6179222106501534
480 2.6179222106501534
481 4.756512283429291
482 4.756512283429291
483 4.756512283429291
484 4.756512283429291
485 4.756512283429291
486 1.1739132654730495
487 1.1739132654730495
488 1.1739132654730495
489 1.1739132654730495
490 1.1739132654730495
491 3.767733916351898
492 3.767733916351898
493 3.767733916351898
494 3.767733916351898
495 3.767733916351898
496 4.493859041492929
497 4.493859041492929
498 4.493859041492929
499 4.493859041492929
500 4.493859041492929
501 1.617318711001997
502 1.617318711001997
503 1.617318711001997
504 1.617318711001997
505 1.617318711001997
506 4.642150189137553
507 4.642150189137553
508 4.642150189137553
509 4.642150189137553
510 4.642150189137553
511 5.120950833930818
512 5.120950833930818
513 5.120950833930818
514 5.120950833930818
515 5.120950833930818
516 3.3970410514479554
517 3.3970410514479554
518 3.3970410514479554
519 3.3970410514479554
520 3.3970410514479554
521 0.7212673164917871
522 0.7212673164917871
523 0.7212673164917871
524 0.7212673164917871
525 0.7212673164917871
526 0.1
527 0.1
528 0.1
529 0.1
530 0.1
531 5.64542074467162
532 5.64542074467162
533 5.64542074467162
534 5.64542074467162
535 5.64542074467162
536 4.449608406859387
537 4.449608406859387
538 4.449608406859387
539 4.449608406859387
540 4.449608406859387
541 3.0274104424899084
542 3.0274104424899084
543 3.0274104424899084
544 3.0274104424899084
545 3.0274104424899084
546 6.041444566297878
547 6.041444566297878
548 6.041444566297878
549 6.041444566297878
550 6.041444566297878
551 5.3816309874108255
552 5.3816309874108255
553 5.3816309874108255
554 5.3816309874108255
555 5.3816309874108255
556 3.543182292802626
557 3.543182292802626
558 3.543182292802626
559 3.543182292802626
560 3.543182292802626
561 2.3960353815995346
562 2.3960353815995346
563 2.3960353815995346
564 2.3960353815995346
565 2.3960353815995346
566 5.177368082552067
567 5.177368082552067
568 5.177368082552067
569 5.177368082552067
570 5.177368082552067
571 1.97727750692515
572 1.97727750692515
573 1.97727750692515
574 1.97727750692515
575 1.97727750692515
576 2.5863439186269153
577 2.5863439186269153
578 3.325374908983678
579 3.325374908983678
580 3.325374908983678
581 3.325374908983678
582 3.325374908983678
583 3.1698357208108217
584 3.1698357208108217
585 3.1698357208108217
586 3.1698357208108217
587 3.1698357208108217
588 4.132230456395678
589 4.132230456395678
590 4.132230456395678
591 4.132230456395678
592 4.132230456395678
593 7.148530110114748
594 7.148530110114748
595 7.148530110114748
596 7.148530110114748
597 7.148530110114748
598 7.445231487593627
599 7.445231487593627
600 7.445231487593627
601 7.445231487593627
602 7.445231487593627
603 3.1311555311071895
604 3.1311555311071895
605 3.1311555311071895
606 3.1311555311071895
607 3.1311555311071895
608 4.8017041120248045
609 4.8017041120248045
610 4.8017041120248045
611 4.8017041120248045
612 4.8017041120248045
613 9.148327449969692
614 9.148327449969692
615 9.148327449969692
616 9.148327449969692
617 9.148327449969692
618 4.337790048402875
619 4.337790048402875
620 4.337790048402875
621 4.337790048402875
622 4.337790048402875
623 5.253411479610188
624 5.253411479610188
625 5.253411479610188
626 5.253411479610188
627 5.253411479610188
628 0.6870792186889689
629 0.6870792186889689
630 0.6870792186889689
631 0.6870792186889689
632 0.6870792186889689
633 6.071877080194346
634 6.071877080194346
635 6.071877080194346
636 6.071877080194346
637 6.071877080194346
638 0.1
639 0.1
640 0.1
641 0.1
642 0.1
643 2.4367699844934942
644 2.4367699844934942
645 2.4367699844934942
646 2.4367699844934942
647 2.4367699844934942
648 5.591115270942588
649 5.591115270942588
650 5.591115270942588
651 5.591115270942588
652 5.591115270942588
653 5.884155711056363
654 5.884155711056363
655 5.884155711056363
656 5.884155711056363
657 5.884155711056363
658 2.486263547809269
659 2.486263547809269
660 2.486263547809269
661 2.486263547809269
662 2.486263547809269
663 7.615268671984923
664 7.615268671984923
665 7.615268671984923
666 7.615268671984923
667 7.615268671984923
668 4.68620781265811
669 4.68620781265811
670 4.68620781265811
671 4.68620781265811
672 4.68620781265811
673 4.071784165490751
674 4.071784165490751
675 4.071784165490751
676 4.071784165490751
677 4.071784165490751
678 4.813414154889065
679 4.813414154889065
680 4.813414154889065
681 4.813414154889065
682 4.813414154889065
683 6.014769477932138
684 6.014769477932138
685 6.014769477932138
686 6.014769477932138
687 6.014769477932138
688 2.633457116072714
689 2.633457116072714
690 2.633457116072714
691 2.633457116072714
692 2.633457116072714
693 8.062658696005427
694 8.062658696005427
695 8.062658696005427
696 8.062658696005427
697 8.062658696005427
698 3.669057398873135
699 3.669057398873135
700 3.669057398873135
701 3.669057398873135
702 3.669057398873135
703 6.139903221964186
704 6.139903221964186
705 6.139903221964186
706 6.139903221964186
707 6.139903221964186
708 5.54527101339236
709 5.54527101339236
710 5.54527101339236
711 5.54527101339236
712 5.54527101339236
713 6.8201384836629835
714 6.8201384836629835
715 6.8201384836629835
716 6.8201384836629835
717 6.8201384836629835
718 5.0924961636379305
719 5.0924961636379305
720 5.0924961636379305
721 5.0924961636379305
722 5.0924961636379305
723 7.529804925120317
724 7.529804925120317
725 7.529804925120317
726 7.529804925120317
727 7.529804925120317
728 7.640069528109402
729 7.640069528109402
730 7.640069528109402
731 7.640069528109402
732 7.640069528109402
733 7.957628988605518
734 7.957628988605518
735 7.957628988605518
736 7.957628988605518
737 7.957628988605518
738 7.144772543036952
739 7.144772543036952
740 7.144772543036952
741 7.144772543036952
742 7.144772543036952
743 2.2918797757442335
744 2.2918797757442335
745 2.2918797757442335
746 2.2918797757442335
747 2.2918797757442335
748 3.6410468414294375
749 3.6410468414294375
750 3.6410468414294375
751 3.6410468414294375
752 3.6410468414294375
753 5.433328483172247
754 5.433328483172247
755 5.433328483172247
756 5.433328483172247
757 5.433328483172247
758 1.2709592702551147
759 1.2709592702551147
760 1.2709592702551147
761 1.2709592702551147
762 1.2709592702551147
763 7.94724209133496
764 7.94724209133496
765 7.94724209133496
766 7.94724209133496
767 7.94724209133496
768 2.6015099515150792
769 2.6015099515150792
770 2.6015099515150792
771 2.6015099515150792
772 2.6015099515150792
773 3.417693027895857
774 3.417693027895857
775 3.417693027895857
776 3.417693027895857
777 3.417693027895857
778 5.522336066510125
779 5.522336066510125
780 5.522336066510125
781 5.522336066510125
782 5.522336066510125
783 5.807504968769804
784 5.807504968769804
785 5.807504968769804
786 5.807504968769804
787 5.807504968769804
788 3.547174450059636
789 3.547174450059636
790 3.547174450059636
791 3.547174450059636
792 3.547174450059636
793 4.915922276277531
794 4.915922276277531
795 4.915922276277531
796 4.915922276277531
797 4.915922276277531
798 3.7417364451625503
799 3.7417364451625503
800 3.7417364451625503
801 3.7417364451625503
802 3.7417364451625503
803 7.3526501437078
804 7.3526501437078
805 7.3526501437078
806 7.3526501437078
807 7.3526501437078
808 3.6969202101544543
809 3.6969202101544543
810 3.6969202101544543
811 3.6969202101544543
812 3.6969202101544543
813 2.6329430081157197
814 2.6329430081157197
815 2.6329430081157197
816 2.6329430081157197
817 2.6329430081157197
818 4.947307117539006
819 4.947307117539006
820 4.947307117539006
821 4.947307117539006
822 4.947307117539006
823 7.332640818440163
824 7.332640818440163
825 7.332640818440163
826 7.332640818440163
827 7.332640818440163
828 5.234968582598451
829 5.234968582598451
830 5.234968582598451
831 5.234968582598451
832 5.234968582598451
833 3.8824054119340974
834 3.8824054119340974
835 3.8824054119340974
836 3.8824054119340974
837 3.8824054119340974
838 3.703105667466218
839 3.703105667466218
840 3.703105667466218
841 3.703105667466218
842 3.703105667466218
843 2.540840682037924
844 2.540840682037924
845 2.540840682037924
846 2.540840682037924
847 2.540840682037924
848 3.28228941788164
849 3.28228941788164
850 3.28228941788164
851 3.28228941788164
852 3.28228941788164
853 6.216752917729243
854 6.216752917729243
855 6.216752917729243
856 6.216752917729243
857 6.216752917729243
858 3.7045049430589767
859 3.7045049430589767
860 3.7045049430589767
861 3.7045049430589767
862 3.7045049430589767
863 6.455445336175157
864 6.455445336175157
865 6.455445336175157
866 6.455445336175157
867 6.455445336175157
868 8.300496906046543
869 8.300496906046543
870 8.300496906046543
871 8.300496906046543
872 8.300496906046543
873 4.775351351904794
874 4.775351351904794
875 4.775351351904794
876 4.775351351904794
877 4.775351351904794
878 5.055608791283301
879 5.055608791283301
880 5.055608791283301
881 5.055608791283301
882 5.055608791283301
883 3.620468949671955
884 3.620468949671955
885 3.620468949671955
886 3.620468949671955
887 3.620468949671955
888 4.511031692870546
889 4.511031692870546
890 4.511031692870546
891 4.511031692870546
892 4.511031692870546
893 6.094707877870149
894 6.094707877870149
895 6.094707877870149
896 6.094707877870149
897 6.094707877870149
898 2.3956763287966973
899 2.3956763287966973
900 2.3956763287966973
901 2.3956763287966973
902 2.3956763287966973
903 5.211441124080849
904 5.211441124080849
905 5.211441124080849
906 5.211441124080849
907 5.211441124080849
908 4.722238778874594
909 4.722238778874594
910 4.722238778874594
911 4.722238778874594
912 4.722238778874594
913 6.3258921227653735
914 6.3258921227653735
915 6.3258921227653735
916 6.3258921227653735
917 6.3258921227653735
918 3.697980008152706
919 3.697980008152706
920 3.697980008152706
921 3.697980008152706
922 3.697980008152706
923 3.402401280160481
924 3.402401280160481
925 3.402401280160481
926 3.402401280160481
927 3.402401280160481
928 3.081813228752009
929 3.081813228752009
930 3.081813228752009
931 3.081813228752009
932 3.081813228752009
933 4.101179650024011
934 4.101179650024011
935 4.101179650024011
936 4.101179650024011
937 4.101179650024011
938 6.313857006671517
939 6.313857006671517
940 6.313857006671517
941 6.313857006671517
942 6.313857006671517
943 2.584835191837465
944 2.584835191837465
945 2.584835191837465
946 2.584835191837465
947 2.584835191837465
948 0.1
949 0.1
950 0.1
951 0.1
952 0.1
953 6.303153074595639
954 6.303153074595639
955 6.303153074595639
956 6.303153074595639
957 6.303153074595639
958 3.647020753202202
959 3.647020753202202
960 3.647020753202202
961 3.647020753202202
962 3.647020753202202
963 2.4632063052313415
964 2.4632063052313415
965 2.4632063052313415
966 2.4632063052313415
967 2.4632063052313415
968 4.639589935207552
969 4.639589935207552
970 4.639589935207552
971 4.639589935207552
972 4.639589935207552
973 0.1
974 0.1
975 0.1
976 0.1
977 0.1
978 4.467805677405702
979 4.467805677405702
980 4.467805677405702
981 4.467805677405702
982 4.467805677405702
983 6.231354309600096
984 6.231354309600096
985 6.231354309600096
986 6.231354309600096
987 6.231354309600096
988 4.884752199803895
989 4.884752199803895
990 4.884752199803895
991 4.884752199803895
992 4.884752199803895
993 8.13654421061423
994 8.13654421061423
995 8.13654421061423
996 8.13654421061423
997 8.13654421061423
998 1.319931001376108
999 1.319931001376108
1000 1.319931001376108
1001 1.319931001376108
1002 1.319931001376108
1003 7.547876215855544
1004 7.547876215855544
1005 7.547876215855544
1006 7.547876215855544
1007 7.547876215855544
1008 5.19556374178828
1009 5.19556374178828
1010 5.19556374178828
1011 5.19556374178828
1012 5.19556374178828
1013 2.94406595963762
1014 2.94406595963762
1015 2.94406595963762
1016 2.94406595963762
1017 2.94406595963762
1018 5.491700797927103
1019 5.491700797927103
1020 5.491700797927103
1021 5.491700797927103
1022 5.491700797927103
1023 2.462301727943814
1024 2.462301727943814
1025 2.462301727943814
1026 2.462301727943814
1027 2.462301727943814
1028 3.7872114651643574
1029 3.7872114651643574
1030 3.7872114651643574
1031 3.7872114651643574
1032 3.7872114651643574
1033 6.338800330515809
1034 6.338800330515809
1035 6.338800330515809
1036 6.338800330515809
1037 6.338800330515809
1038 5.446368209324531
1039 5.446368209324531
1040 5.446368209324531
1041 5.446368209324531
1042 5.446368209324531
1043 2.1569899128571732
1044 2.1569899128571732
1045 2.1569899128571732
1046 2.1569899128571732
1047 2.1569899128571732
1048 2.4563876058927487
1049 2.4563876058927487
1050 2.4563876058927487
1051 2.4563876058927487
1052 2.4563876058927487
1053 5.046997407945481
1054 5.046997407945481
1055 5.046997407945481
1056 5.046997407945481
1057 5.046997407945481
1058 1.5481406977841092
1059 1.5481406977841092
1060 1.5481406977841092
1061 1.5481406977841092
1062 1.5481406977841092
1063 4.63827124420946
1064 4.63827124420946
1065 4.63827124420946
1066 4.63827124420946
1067 4.63827124420946
1068 2.2180788139968546
1069 2.2180788139968546
1070 2.2180788139968546
1071 2.2180788139968546
1072 2.2180788139968546
1073 5.780383934531908
1074 5.780383934531908
1075 5.780383934531908
1076 5.780383934531908
1077 5.780383934531908
1078 5.2700091978314845
1079 5.2700091978314845
1080 5.2700091978314845
1081 5.2700091978314845
1082 5.2700091978314845
1083 4.725737974116156
1084 4.725737974116156
1085 4.725737974116156
1086 4.725737974116156
1087 4.725737974116156
1088 1.915518352339491
1089 1.915518352339491
1090 1.915518352339491
1091 1.915518352339491
1092 1.915518352339491
1093 5.532370863651181
1094 5.532370863651181
1095 5.532370863651181
1096 5.532370863651181
1097 5.532370863651181
1098 0.22018565314016492
1099 0.22018565314016492
1100 0.22018565314016492
1101 0.22018565314016492
1102 0.22018565314016492
1103 6.893822439198045
1104 6.893822439198045
1105 6.893822439198045
1106 6.893822439198045
1107 6.893822439198045
1108 7.941734564305226
1109 7.941734564305226
1110 7.941734564305226
1111 7.941734564305226
1112 7.941734564305226
1113 6.894983385790144
1114 6.894983385790144
1115 6.894983385790144
1116 6.894983385790144
1117 6.894983385790144
1118 0.3367778459260955
1119 0.3367778459260955
1120 0.3367778459260955
1121 0.3367778459260955
1122 0.3367778459260955
1123 4.017973633043376
1124 4.017973633043376
1125 4.017973633043376
1126 4.017973633043376
1127 4.017973633043376
1128 4.437705823860207
1129 4.437705823860207
1130 4.437705823860207
1131 4.437705823860207
1132 4.437705823860207
1133 5.283058670528093
1134 5.283058670528093
1135 5.283058670528093
1136 5.283058670528093
1137 5.283058670528093
1138 4.626107723068597
1139 4.626107723068597
1140 4.626107723068597
1141 4.626107723068597
1142 4.626107723068597
1143 5.308831077608112
1144 5.308831077608112
1145 5.308831077608112
1146 5.308831077608112
1147 5.308831077608112
1148 3.5743969112809513
1149 3.5743969112809513
1150 3.5743969112809513
1151 3.5743969112809513
1152 3.5743969112809513
1153 2.357137081778002
1154 2.357137081778002
1155 2.357137081778002
1156 2.357137081778002
1157 2.357137081778002
1158 7.171809941318813
1159 7.171809941318813
1160 7.171809941318813
1161 7.171809941318813
1162 1.272755241718557
1163 1.272755241718557
1164 1.272755241718557
1165 1.272755241718557
1166 1.272755241718557
1167 2.185086883611624
1168 2.185086883611624
1169 2.185086883611624
1170 2.185086883611624
1171 2.185086883611624
1172 0.29760997023911084
1173 0.29760997023911084
1174 0.29760997023911084
1175 0.29760997023911084
1176 0.29760997023911084
1177 1.2552849078452046
1178 1.2552849078452046
1179 1.2552849078452046
1180 1.2552849078452046
1181 1.2552849078452046
1182 1.9470824279924965
1183 1.9470824279924965
1184 1.9470824279924965
1185 1.9470824279924965
1186 1.9470824279924965
1187 2.02936667648005
1188 2.02936667648005
1189 2.02936667648005
1190 2.02936667648005
1191 2.02936667648005
1192 2.088636591363858
1193 2.088636591363858
1194 2.088636591363858
1195 2.088636591363858
1196 2.088636591363858
1197 0.3750390165418793
1198 0.3750390165418793
1199 0.3750390165418793
1200 0.3750390165418793
1201 0.3750390165418793
1202 2.8710890107214992
1203 2.8710890107214992
1204 2.8710890107214992
1205 2.8710890107214992
1206 2.8710890107214992
1207 1.946112264888546
1208 1.946112264888546
1209 1.946112264888546
1210 1.946112264888546
1211 1.946112264888546
1212 0.9147362398022788
1213 0.8260564623321069
1214 0.8260564623321069
1215 0.8260564623321069
1216 0.8260564623321069
1217 0.8260564623321069
1218 0.5841186230169284
1219 0.5841186230169284
1220 0.5841186230169284
1221 0.5841186230169284
1222 0.5841186230169284
1223 1.0193498373331544
1224 1.0193498373331544
1225 1.0193498373331544
1226 1.0193498373331544
1227 1.0193498373331544
1228 0.5452038383727128
1229 0.5452038383727128
1230 0.5452038383727128
1231 0.5452038383727128
1232 0.5452038383727128
1233 1.2863413828068582
1234 1.2863413828068582
1235 1.2863413828068582
1236 1.2863413828068582
1237 1.2863413828068582
1238 1.1557398083833816
1239 1.1557398083833816
1240 1.1557398083833816
1241 1.1557398083833816
1242 1.1557398083833816
1243 0.2833006174255235
1244 0.2833006174255235
1245 0.2833006174255235
1246 0.2833006174255235
1247 0.2833006174255235
1248 0.688702998049464
1249 0.688702998049464
1250 0.688702998049464
1251 0.688702998049464
1252 0.688702998049464
1253 0.4024692992272123
1254 0.4024692992272123
1255 0.4024692992272123
1256 0.4024692992272123
1257 0.4024692992272123
1258 0.6184790324060363
1259 0.6184790324060363
1260 0.6184790324060363
1261 0.6184790324060363
1262 0.6184790324060363
1263 1.1058398091959316
1264 1.1058398091959316
1265 1.1058398091959316
1266 1.1058398091959316
1267 1.1058398091959316
1268 0.4346723713818964
1269 0.4346723713818964
1270 0.4346723713818964
1271 0.4346723713818964
1272 0.4346723713818964
1273 0.6125513721922613
1274 0.6125513721922613
1275 0.6125513721922613
1276 0.6125513721922613
1277 0.6125513721922613
1278 1.1241235238249918
1279 1.1241235238249918
1280 1.1241235238249918
1281 1.1241235238249918
1282 1.1241235238249918
1283 1.2707340156302762
1284 1.2707340156302762
1285 1.2707340156302762
1286 1.2707340156302762
1287 1.2707340156302762
1288 0.7237934732250313
1289 0.7237934732250313
1290 0.7237934732250313
1291 0.7237934732250313
1292 0.7237934732250313
1293 0.41758455483401935
1294 0.41758455483401935
1295 0.41758455483401935
1296 0.41758455483401935
1297 0.41758455483401935
1298 1.027296790372319
1299 1.027296790372319
1300 1.027296790372319
1301 1.027296790372319
1302 1.027296790372319
1303 1.0511282743214496
1304 1.0511282743214496
1305 1.0511282743214496
1306 1.0511282743214496
1307 1.0511282743214496
1308 0.6089970025187414
1309 0.6089970025187414
1310 0.6089970025187414
1311 0.6089970025187414
1312 0.6089970025187414
1313 0.23367545088948632
1314 0.23367545088948632
1315 0.23367545088948632
1316 0.23367545088948632
1317 0.23367545088948632
1318 0.5482835327085872
1319 0.5482835327085872
1320 0.5482835327085872
1321 0.5482835327085872
1322 0.5482835327085872
1323 0.11066471127638011
1324 0.11066471127638011
1325 0.11066471127638011
1326 0.11066471127638011
1327 0.11066471127638011
1328 0.8092832941170263
1329 0.8092832941170263
1330 0.8092832941170263
1331 0.8092832941170263
1332 0.8092832941170263
1333 1.0066787988811698
1334 1.0066787988811698
1335 1.0066787988811698
1336 1.0066787988811698
1337 1.0066787988811698
1338 0.4456740606292383
1339 0.4456740606292383
1340 0.4456740606292383
1341 0.4456740606292383
1342 0.4456740606292383
1343 0.4375485232180004
1344 0.4375485232180004
1345 0.4375485232180004
1346 0.4375485232180004
1347 0.4375485232180004
1348 0.6234405337542896
1349 0.6234405337542896
1350 0.6234405337542896
1351 0.6234405337542896
1352 0.6234405337542896
1353 0.1526174068560585
1354 0.1526174068560585
1355 0.1526174068560585
1356 0.1526174068560585
1357 0.1526174068560585
1358 0.5697670635708058
1359 0.5697670635708058
1360 0.5697670635708058
1361 0.5697670635708058
1362 0.5697670635708058
1363 0.6085904549967415
1364 0.6085904549967415
1365 0.6085904549967415
1366 0.6085904549967415
1367 0.6085904549967415
1368 0.3226331451547718
1369 0.3226331451547718
1370 0.3226331451547718
1371 0.3226331451547718
1372 0.3226331451547718
1373 0.4895660458941635
1374 0.4895660458941635
1375 0.4895660458941635
1376 0.4895660458941635
1377 0.4895660458941635
1378 0.9739530394575131
1379 0.9739530394575131
1380 0.9739530394575131
1381 0.9739530394575131
1382 0.9739530394575131
1383 0.9945083637714781
1384 0.9945083637714781
1385 0.9945083637714781
1386 0.9945083637714781
1387 0.9945083637714781
1388 0.6908345993753493
1389 0.6908345993753493
1390 0.6908345993753493
1391 0.6908345993753493
1392 0.6908345993753493
1393 0.5155505523765183
1394 0.5155505523765183
1395 0.5155505523765183
1396 0.5155505523765183
1397 0.5155505523765183
1398 0.9504617701139719
1399 0.9504617701139719
1400 0.9504617701139719
1401 0.9504617701139719
1402 0.9504617701139719
1403 0.5708510511679222
1404 0.5708510511679222
1405 0.5708510511679222
1406 0.5708510511679222
1407 0.5708510511679222
1408 0.7014074591782699
1409 0.7014074591782699
1410 0.7014074591782699
1411 0.7014074591782699
1412 0.7014074591782699
1413 0.798592329301501
1414 0.798592329301501
1415 0.798592329301501
1416 0.798592329301501
1417 0.798592329301501
1418 0.4838231487366373
1419 0.4838231487366373
1420 0.4838231487366373
1421 0.4838231487366373
1422 0.4838231487366373
1423 0.9840510056788487
1424 0.9840510056788487
1425 0.9840510056788487
1426 0.9840510056788487
1427 0.9840510056788487
1428 0.6112699072625869
1429 0.6112699072625869
1430 0.6112699072625869
1431 0.6112699072625869
1432 0.6112699072625869
1433 0.8467017863808938
1434 0.8467017863808938
1435 0.8467017863808938
1436 0.8467017863808938
1437 0.8467017863808938
1438 0.38394951427459845
1439 0.38394951427459845
1440 0.38394951427459845
1441 0.38394951427459845
1442 0.38394951427459845
1443 0.9539939336065697
1444 0.9539939336065697
1445 0.9539939336065697
1446 0.9539939336065697
1447 0.9539939336065697
1448 0.8207424802821315
1449 0.8207424802821315
1450 0.8207424802821315
1451 0.8207424802821315
1452 0.8207424802821315
1453 1.190606576624244
1454 1.190606576624244
1455 1.190606576624244
1456 1.190606576624244
1457 1.190606576624244
1458 0.7030295644132257
1459 0.7030295644132257
1460 0.7030295644132257
1461 0.7030295644132257
1462 3.399818510100894
1463 3.399818510100894
1464 3.399818510100894
1465 3.399818510100894
1466 3.399818510100894
1467 5.252903563246669
1468 5.252903563246669
1469 5.252903563246669
1470 5.252903563246669
1471 5.252903563246669
1472 7.008897796195477
1473 7.008897796195477
1474 7.008897796195477
1475 7.008897796195477
1476 7.008897796195477
1477 2.7749776752874267
1478 2.7749776752874267
1479 2.7749776752874267
1480 2.7749776752874267
1481 2.7749776752874267
1482 4.050832780801205
1483 4.050832780801205
1484 4.050832780801205
1485 4.050832780801205
1486 4.050832780801205
1487 4.445170696919591
1488 4.445170696919591
1489 4.445170696919591
1490 4.445170696919591
1491 4.445170696919591
1492 5.434738079192982
1493 5.434738079192982
1494 5.434738079192982
1495 5.434738079192982
1496 5.434738079192982
1497 2.0271993976922804
1498 2.0271993976922804
1499 2.0271993976922804
1500 2.0271993976922804
1501 2.0271993976922804
1502 3.554601454258184
1503 3.554601454258184
1504 3.554601454258184
1505 3.554601454258184
1506 3.554601454258184
1507 6.2525891995161516
1508 6.2525891995161516
1509 6.2525891995161516
1510 6.2525891995161516
1511 6.2525891995161516
1512 0.1
1513 0.1
1514 0.1
1515 0.1
1516 0.1
1517 7.541638526703116
1518 7.541638526703116
1519 7.541638526703116
1520 7.541638526703116
1521 7.541638526703116
1522 5.566735180744141
1523 5.566735180744141
1524 5.566735180744141
1525 5.566735180744141
1526 5.566735180744141
1527 2.687413141149101
1528 2.687413141149101
1529 2.687413141149101
1530 2.687413141149101
1531 2.687413141149101
1532 8.027856703335031
1533 8.027856703335031
1534 8.027856703335031
1535 8.027856703335031
1536 8.027856703335031
1537 3.260448220384376
1538 3.260448220384376
1539 3.260448220384376
1540 3.260448220384376
1541 3.260448220384376
1542 3.7738676588178763
1543 3.7738676588178763
1544 3.7738676588178763
1545 3.7738676588178763
1546 3.7738676588178763
1547 4.803821375940844
1548 4.803821375940844
1549 4.803821375940844
1550 4.803821375940844
1551 4.803821375940844
1552 3.9787457204368097
1553 3.9787457204368097
1554 3.9787457204368097
1555 3.9787457204368097
1556 3.9787457204368097
1557 5.9780576199503646
1558 5.9780576199503646
1559 5.9780576199503646
1560 5.9780576199503646
1561 5.9780576199503646
1562 3.768576911012946
1563 3.768576911012946
1564 3.768576911012946
1565 3.768576911012946
1566 3.768576911012946
1567 4.263970069563511
1568 4.263970069563511
1569 4.263970069563511
1570 4.263970069563511
1571 4.263970069563511
1572 6.070795258198133
1573 6.070795258198133
1574 6.070795258198133
1575 6.070795258198133
1576 6.070795258198133
1577 3.6980264786269545
1578 3.6980264786269545
1579 3.6980264786269545
1580 3.6980264786269545
1581 3.6980264786269545
1582 3.736492006763937
1583 3.736492006763937
1584 3.736492006763937
1585 3.736492006763937
1586 3.736492006763937
1587 4.26823454062346
1588 4.26823454062346
1589 4.26823454062346
1590 4.26823454062346
1591 4.26823454062346
1592 3.0953441791744374
1593 3.0953441791744374
1594 3.0953441791744374
1595 3.0953441791744374
1596 3.0953441791744374
1597 1.2406762139561809
1598 1.2406762139561809
1599 1.2406762139561809
1600 1.2406762139561809
1601 1.2406762139561809
1602 2.313818902839392
1603 2.313818902839392
1604 2.313818902839392
1605 2.313818902839392
1606 2.313818902839392
1607 5.165851945267196
1608 5.165851945267196
1609 5.165851945267196
1610 5.165851945267196
1611 5.165851945267196
1612 4.902530634921121
1613 4.902530634921121
1614 4.902530634921121
1615 4.902530634921121
1616 4.902530634921121
1617 0.1
1618 0.1
1619 0.1
1620 0.1
1621 0.1
1622 5.112340353295924
1623 5.112340353295924
1624 5.112340353295924
1625 5.112340353295924
1626 5.112340353295924
1627 2.6527125598247676
1628 2.6527125598247676
1629 2.6527125598247676
1630 2.6527125598247676
1631 2.6527125598247676
1632 5.698400195893094
1633 5.698400195893094
1634 5.698400195893094
1635 5.698400195893094
1636 5.698400195893094
1637 5.076893628665667
1638 5.076893628665667
1639 5.076893628665667
1640 5.076893628665667
1641 5.076893628665667
1642 5.435564291649168
1643 5.435564291649168
1644 5.435564291649168
1645 5.435564291649168
1646 5.435564291649168
1647 4.545495929296064
1648 4.545495929296064
1649 4.545495929296064
1650 4.545495929296064
1651 4.545495929296064
1652 4.58661545601991
1653 4.58661545601991
1654 4.58661545601991
1655 4.58661545601991
1656 4.58661545601991
1657 6.150245709473591
1658 6.150245709473591
1659 6.150245709473591
1660 6.150245709473591
1661 6.150245709473591
1662 1.4781399230508678
1663 1.4781399230508678
1664 1.4781399230508678
1665 1.4781399230508678
1666 1.4781399230508678
1667 3.1915192579038907
1668 3.1915192579038907
1669 3.1915192579038907
1670 3.1915192579038907
1671 3.1915192579038907
1672 2.0899654188599865
1673 2.0899654188599865
1674 2.0899654188599865
1675 2.0899654188599865
1676 2.0899654188599865
1677 7.888973213576399
1678 7.888973213576399
1679 7.888973213576399
1680 7.888973213576399
1681 7.888973213576399
1682 3.258705450398523
1683 3.258705450398523
1684 3.258705450398523
1685 3.258705450398523
1686 3.258705450398523
1687 5.4948887822119055
1688 5.4948887822119055
1689 0.7843149810265112
1690 0.7843149810265112
1691 0.7843149810265112
1692 0.7843149810265112
1693 0.7843149810265112
1694 1.4603920283619716
1695 1.4603920283619716
1696 1.4603920283619716
1697 1.4603920283619716
1698 1.4603920283619716
1699 1.8596311365516514
1700 1.8596311365516514
1701 1.8596311365516514
1702 1.8596311365516514
1703 1.8596311365516514
1704 0.9296162810609259
1705 0.9296162810609259
1706 0.9296162810609259
1707 0.9296162810609259
1708 0.9296162810609259
1709 1.6817225363350412
1710 1.6817225363350412
1711 1.6817225363350412
1712 1.6817225363350412
1713 1.6817225363350412
1714 2.272332118213436
1715 2.272332118213436
1716 2.272332118213436
1717 2.272332118213436
1718 2.272332118213436
1719 0.7288393310058239
1720 0.7288393310058239
1721 0.7288393310058239
1722 0.7288393310058239
1723 0.7288393310058239
1724 3.0966572005025403
1725 3.0966572005025403
1726 3.0966572005025403
1727 3.0966572005025403
1728 3.0966572005025403
1729 1.1152640693850127
1730 1.1152640693850127
1731 1.1152640693850127
1732 1.1152640693850127
1733 1.1152640693850127
1734 0.1785253306725043
1735 0.1785253306725043
1736 0.1785253306725043
1737 0.1785253306725043
1738 0.1785253306725043
1739 1.6742960007717664
1740 1.6742960007717664
1741 1.6742960007717664
1742 1.6742960007717664
1743 1.6742960007717664
1744 2.1674101831193204
1745 2.1674101831193204
1746 2.1674101831193204
1747 2.1674101831193204
1748 2.1674101831193204
1749 1.233948785136094
1750 1.233948785136094
1751 1.233948785136094
1752 1.233948785136094
1753 1.233948785136094
1754 2.490344046139857
1755 2.490344046139857
1756 2.490344046139857
1757 2.490344046139857
1758 2.490344046139857
1759 1.3885024433283495
1760 1.3885024433283495
1761 1.3885024433283495
1762 1.3885024433283495
1763 1.3885024433283495
1764 1.8985598375973263
1765 1.8985598375973263
1766 1.8985598375973263
1767 1.8985598375973263
1768 1.8985598375973263
1769 1.8212481387744461
1770 1.8212481387744461
1771 1.8212481387744461
1772 1.8212481387744461
1773 1.8212481387744461
1774 0.4543553275539223
1775 0.4543553275539223
1776 0.4543553275539223
1777 0.4543553275539223
1778 0.4543553275539223
1779 1.4801583488523524
1780 1.2673882710026523
1781 1.2673882710026523
1782 1.2673882710026523
1783 1.2673882710026523
1784 1.2673882710026523
1785 0.6206799801132022
1786 0.6206799801132022
1787 0.6206799801132022
1788 0.6206799801132022
1789 0.6206799801132022
1790 0.6337282341917543
1791 0.6337282341917543
1792 0.6337282341917543
1793 0.6337282341917543
1794 0.6337282341917543
1795 0.3606197213209661
1796 0.3606197213209661
1797 0.3606197213209661
1798 0.3606197213209661
1799 0.3606197213209661
1800 0.7391543188497729
1801 0.7391543188497729
1802 0.7391543188497729
1803 0.7391543188497729
1804 0.7391543188497729
1805 0.3388399325653173
1806 0.3388399325653173
1807 0.3388399325653173
1808 0.3388399325653173
1809 0.3388399325653173
1810 0.8117123936310335
1811 0.8117123936310335
1812 0.8117123936310335
1813 0.8117123936310335
1814 0.8117123936310335
1815 0.8433586270068296
1816 0.8433586270068296
1817 0.8433586270068296
1818 0.8433586270068296
1819 0.8433586270068296
1820 1.1424845307475753
1821 1.1424845307475753
1822 1.1424845307475753
1823 1.1424845307475753
1824 1.1424845307475753
1825 0.7619649359810503
1826 0.7619649359810503
1827 0.7619649359810503
1828 0.7619649359810503
1829 0.7619649359810503
1830 1.3086696275680623
1831 1.3086696275680623
1832 1.3086696275680623
1833 1.3086696275680623
1834 2.1165832177926327
1835 2.1165832177926327
1836 2.1165832177926327
1837 2.1165832177926327
1838 2.1165832177926327
1839 3.1740822649876783
1840 3.1740822649876783
1841 3.1740822649876783
1842 3.1740822649876783
1843 3.1740822649876783
1844 1.8408704441156103
1845 1.8408704441156103
1846 1.8408704441156103
1847 1.8408704441156103
1848 1.8408704441156103
1849 3.256949499684277
1850 3.256949499684277
1851 3.256949499684277
1852 3.256949499684277
1853 3.256949499684277
1854 2.598145129899301
1855 2.598145129899301
1856 2.598145129899301
1857 2.598145129899301
1858 2.598145129899301
1859 2.9249589121474755
1860 2.9249589121474755
1861 2.9249589121474755
1862 2.9249589121474755
1863 2.9249589121474755
1864 1.8490676163611863
1865 1.8490676163611863
1866 1.8490676163611863
1867 1.8490676163611863
1868 1.8490676163611863
1869 2.1212396288985196
1870 2.1212396288985196
1871 2.1212396288985196
1872 2.1212396288985196
1873 2.1212396288985196
1874 2.3997667779862693
1875 2.3997667779862693
1876 2.3997667779862693
1877 2.3997667779862693
1878 2.3997667779862693
1879 4.085249603304489
1880 4.085249603304489
1881 4.085249603304489
1882 4.085249603304489
1883 4.085249603304489
1884 2.4990443603909807
1885 2.4990443603909807
1886 2.4990443603909807
1887 2.4990443603909807
1888 2.4990443603909807
1889 1.681206271661688
1890 1.681206271661688
1891 1.681206271661688
1892 1.681206271661688
1893 1.681206271661688
1894 2.3367006016527174
1895 2.3367006016527174
1896 2.3367006016527174
1897 2.3367006016527174
1898 2.3367006016527174
1899 1.3757117598921962
1900 1.3757117598921962
1901 1.3757117598921962
1902 1.3757117598921962
1903 1.3757117598921962
1904 1.077915329264755
1905 1.077915329264755
1906 1.077915329264755
1907 1.077915329264755
1908 1.077915329264755
1909 4.111864669769948
1910 4.111864669769948
1911 4.111864669769948
1912 4.111864669769948
1913 4.111864669769948
1914 3.2927454810999777
1915 3.2927454810999777
1916 3.2927454810999777
1917 3.2927454810999777
1918 3.2927454810999777
1919 3.2488139102491274
1920 3.2488139102491274
1921 3.2488139102491274
1922 3.2488139102491274
1923 3.2488139102491274
1924 3.1950884246600477
1925 3.1950884246600477
1926 3.1950884246600477
1927 3.1950884246600477
1928 3.1950884246600477
1929 1.3450761186712712
1930 1.3450761186712712
1931 1.3450761186712712
1932 1.3450761186712712
1933 1.3450761186712712
1934 4.895136529555556
1935 4.895136529555556
1936 4.895136529555556
1937 4.895136529555556
1938 4.895136529555556
1939 3.1615355622022996
1940 3.1615355622022996
1941 3.1615355622022996
1942 3.1615355622022996
1943 3.1615355622022996
1944 1.8441592434974223
1945 1.8441592434974223
1946 1.8441592434974223
1947 1.8441592434974223
1948 1.8441592434974223
1949 2.549865589060121
1950 2.549865589060121
1951 0.14220272967225026
1952 0.14220272967225026
1953 0.14220272967225026
1954 0.14220272967225026
1955 0.14220272967225026
1956 0.2502515302591847
1957 0.2502515302591847
1958 0.2502515302591847
1959 0.2502515302591847
1960 0.2502515302591847
1961 0.36802649445506797
1962 0.36802649445506797
1963 0.36802649445506797
1964 0.36802649445506797
1965 0.36802649445506797
1966 0.2729735968393261
1967 0.2729735968393261
1968 0.2729735968393261
1969 0.2729735968393261
1970 0.2729735968393261
1971 0.1
1972 0.1
1973 0.1
1974 0.1
1975 0.1
1976 2.0755555573389586
1977 2.0755555573389586
1978 2.0755555573389586
1979 2.0755555573389586
1980 2.0755555573389586
1981 1.3216098523669544
1982 1.3216098523669544
1983 1.3216098523669544
1984 1.3216098523669544
1985 1.3216098523669544
1986 1.902253136182388
1987 1.902253136182388
1988 1.902253136182388
1989 1.902253136182388
1990 1.902253136182388
1991 1.5242913448583004
1992 1.5242913448583004
1993 1.5242913448583004
1994 1.5242913448583004
1995 1.5242913448583004
1996 1.6281276438014216
1997 1.6281276438014216
1998 1.6281276438014216
1999 1.6281276438014216
