0 3.705613654609939
1 3.705613654609939
2 3.705613654609939
3 2.5673583858569184
4 2.5673583858569184
5 2.5673583858569184
6 3.5262110593432143
7 3.5262110593432143
8 3.5262110593432143
9 2.832063923902426
10 2.832063923902426
11 2.832063923902426
12 3.8377651181902235
13 3.8377651181902235
14 3.8377651181902235
15 3.796257102459183
16 3.796257102459183
17 3.796257102459183
18 4.35507866278366
19 4.35507866278366
20 4.35507866278366
21 3.8942758220151954
22 3.8942758220151954
23 3.8942758220151954
24 3.077963333763387
25 3.077963333763387
26 3.077963333763387
27 1.1194242197325006
28 1.1194242197325006
29 1.1194242197325006
30 4.033664940874526
31 4.033664940874526
32 4.033664940874526
33 2.4853564286549577
34 2.4853564286549577
35 2.4853564286549577
36 4.671241670739082
37 4.671241670739082
38 4.671241670739082
39 2.0514145177544103
40 2.0514145177544103
41 2.0514145177544103
42 5.123429621552013
43 5.123429621552013
44 5.123429621552013
45 4.033246626338861
46 4.033246626338861
47 4.033246626338861
48 1.6714817779913786
49 1.6714817779913786
50 1.6714817779913786
51 3.614443009839843
52 3.614443009839843
53 3.614443009839843
54 2.67535227366292
55 2.67535227366292
56 2.67535227366292
57 3.5016258846218578
58 3.5016258846218578
59 3.5016258846218578
60 3.2408579808100084
61 3.2408579808100084
62 3.2408579808100084
63 3.3139483299644725
64 3.3139483299644725
65 3.3139483299644725
66 3.3248740479794865
67 3.3248740479794865
68 3.3248740479794865
69 4.027317953001752
70 4.027317953001752
71 4.027317953001752
72 3.179037213962029
73 3.179037213962029
74 3.179037213962029
75 2.839996691077831
76 2.839996691077831
77 2.839996691077831
78 1.6956413596152349
79 1.6956413596152349
80 1.6956413596152349
81 0.8693489136076131
82 0.8693489136076131
83 0.8693489136076131
84 1.8353928981225753
85 1.8353928981225753
86 1.8353928981225753
87 2.6920780840646015
88 2.6920780840646015
89 2.6920780840646015
90 1.044527402040894
91 1.044527402040894
92 1.044527402040894
93 3.9231161199088334
94 3.9231161199088334
95 3.9231161199088334
96 2.7529696143303237
97 2.7529696143303237
98 2.7529696143303237
99 3.409999883434936
100 3.409999883434936
101 3.409999883434936
102 4.707848830948395
103 4.707848830948395
104 4.707848830948395
105 3.330978668963694
106 3.330978668963694
107 3.330978668963694
108 4.153662691235553
109 4.153662691235553
110 4.153662691235553
111 2.935732969470731
112 2.935732969470731
113 2.935732969470731
114 1.8960204374765823
115 1.8960204374765823
116 1.8960204374765823
117 2.286637828835428
118 2.286637828835428
119 2.286637828835428
120 1.347008944715824
121 1.347008944715824
122 1.347008944715824
123 0.8359302573324902
124 0.8359302573324902
125 0.8359302573324902
126 0.9910445134999307
127 0.9910445134999307
128 0.9910445134999307
129 1.5904647388565034
130 1.5904647388565034
131 1.5904647388565034
132 0.7026199913403248
133 0.7026199913403248
134 0.7026199913403248
135 0.9615833499379234
136 0.9615833499379234
137 0.9615833499379234
138 0.7393746080721126
139 0.7393746080721126
140 0.7393746080721126
141 1.5755843958715046
142 1.5755843958715046
143 1.5755843958715046
144 0.5629198980857107
145 0.5629198980857107
146 0.5629198980857107
147 1.3608636884119218
148 1.3608636884119218
149 1.3608636884119218
150 1.4474737688946206
151 1.4474737688946206
152 1.4474737688946206
153 0.9636740195229427
154 0.9636740195229427
155 0.9636740195229427
156 1.623555334914758
157 1.623555334914758
158 1.623555334914758
159 1.5378314628111294
160 1.5378314628111294
161 1.5378314628111294
162 1.294111642961016
163 1.294111642961016
164 1.294111642961016
165 1.2094397288741274
166 1.2094397288741274
167 1.2094397288741274
168 0.16027469652617166
169 0.16027469652617166
170 0.16027469652617166
171 0.6829566805458899
172 0.6829566805458899
173 0.6829566805458899
174 1.289454056771032
175 1.289454056771032
176 1.289454056771032
177 1.350491134241852
178 1.350491134241852
179 1.350491134241852
180 1.311101918054736
181 1.311101918054736
182 1.311101918054736
183 1.1936359370679532
184 1.1936359370679532
185 1.1936359370679532
186 1.6733194292346694
187 1.6733194292346694
188 1.6733194292346694
189 0.6245453967717276
190 0.6245453967717276
191 0.6245453967717276
192 0.5454798558738886
193 0.5454798558738886
194 0.5454798558738886
195 0.6551625557960277
196 0.6551625557960277
197 0.6551625557960277
198 0.935466415021718
199 0.935466415021718
200 0.935466415021718
201 1.1883049052187293
202 1.1883049052187293
203 1.1883049052187293
204 0.8756131031369427
205 0.8756131031369427
206 0.8756131031369427
207 0.9910700875874443
208 0.9910700875874443
209 0.9910700875874443
210 1.4361552823359083
211 1.4361552823359083
212 1.4361552823359083
213 0.9865441626213476
214 0.9865441626213476
215 0.9865441626213476
216 1.4774106246504228
217 1.4774106246504228
218 1.4774106246504228
219 0.8187682473166014
220 0.8187682473166014
221 0.8187682473166014
222 0.5020113403883224
223 0.5020113403883224
224 0.5020113403883224
225 1.172472215282352
226 1.172472215282352
227 1.172472215282352
228 1.0881552200152103
229 1.0881552200152103
230 1.0881552200152103
231 1.590639772285384
232 1.590639772285384
233 1.590639772285384
234 1.8683417546669352
235 1.8683417546669352
236 1.8683417546669352
237 1.3047303748317696
238 1.3047303748317696
239 1.3047303748317696
240 0.6440395149341329
241 0.6440395149341329
242 0.6440395149341329
243 0.1
244 0.1
245 0.1
246 0.6496012805723866
247 0.6496012805723866
248 0.6496012805723866
249 1.23403774488351
250 1.23403774488351
251 1.23403774488351
252 1.4152529421005253
253 1.4152529421005253
254 1.4152529421005253
255 0.9758290045542094
256 0.9758290045542094
257 0.9758290045542094
258 1.3339810190341914
259 1.3339810190341914
260 1.3339810190341914
261 0.19597309644151556
262 0.19597309644151556
263 0.19597309644151556
264 0.6478959013283027
265 0.6478959013283027
266 0.6478959013283027
267 0.33570432546658485
268 0.33570432546658485
269 0.33570432546658485
270 0.8207044079907746
271 0.8207044079907746
272 0.8207044079907746
273 0.43842278421654896
274 0.43842278421654896
275 0.43842278421654896
276 0.21074628871879408
277 0.21074628871879408
278 0.21074628871879408
279 1.0128056214552128
280 1.0128056214552128
281 1.0128056214552128
282 0.38210765333815616
283 0.38210765333815616
284 0.38210765333815616
285 0.481453820307137
286 0.481453820307137
287 0.481453820307137
288 0.6585569357501683
289 0.6585569357501683
290 0.6585569357501683
291 0.5216287875397669
292 0.5216287875397669
293 0.5216287875397669
294 0.672865175952985
295 0.672865175952985
296 0.672865175952985
297 0.8261709991451192
298 0.8261709991451192
299 0.8261709991451192
300 0.8412076307591584
301 0.8412076307591584
302 0.8412076307591584
303 0.6910147100161209
304 0.6910147100161209
305 0.6910147100161209
306 0.6589900071030332
307 0.6589900071030332
308 0.6589900071030332
309 0.8326785738625806
310 0.8326785738625806
311 0.8326785738625806
312 0.6122779558211886
313 0.6122779558211886
314 0.6122779558211886
315 0.6202481485305436
316 0.6202481485305436
317 0.6202481485305436
318 1.040758691776491
319 1.040758691776491
320 1.040758691776491
321 0.5105202174981741
322 0.5105202174981741
323 0.5105202174981741
324 0.7066198830547713
325 0.7066198830547713
326 0.7066198830547713
327 0.7344430664947883
328 0.7344430664947883
329 0.7344430664947883
330 0.40664655425547697
331 0.40664655425547697
332 0.40664655425547697
333 0.6263176715874325
334 0.6263176715874325
335 0.6263176715874325
336 0.6834184203742341
337 0.6834184203742341
338 0.6834184203742341
339 0.27652569417993067
340 0.27652569417993067
341 0.27652569417993067
342 0.7451264182332389
343 0.7451264182332389
344 0.7451264182332389
345 0.29152006401320013
346 3.2863873254705664
347 3.2863873254705664
348 3.2863873254705664
349 2.191590675274937
350 2.191590675274937
351 2.191590675274937
352 1.7330379595319798
353 1.7330379595319798
354 1.7330379595319798
355 2.67690031351414
356 2.67690031351414
357 2.67690031351414
358 0.1
359 0.1
360 0.1
361 2.5623042900389956
362 2.5623042900389956
363 2.5623042900389956
364 4.752207334785453
365 4.752207334785453
366 4.752207334785453
367 2.7002540762642466
368 2.7002540762642466
369 2.7002540762642466
370 1.9405797399302904
371 1.9405797399302904
372 1.9405797399302904
373 2.3692590116509753
374 2.3692590116509753
375 2.3692590116509753
376 3.4165646242947973
377 3.4165646242947973
378 3.4165646242947973
379 1.4101074586075195
380 1.4101074586075195
381 1.4101074586075195
382 1.8322999742880253
383 1.8322999742880253
384 1.8322999742880253
385 2.976065451152716
386 2.976065451152716
387 2.976065451152716
388 4.826132318077192
389 4.826132318077192
390 4.826132318077192
391 2.733250221321629
392 2.733250221321629
393 2.733250221321629
394 2.0860107130873367
395 2.0860107130873367
396 2.0860107130873367
397 2.7906741403661743
398 2.7906741403661743
399 2.7906741403661743
400 2.7959334571660115
401 2.7959334571660115
402 2.7959334571660115
403 2.485973276297445
404 2.485973276297445
405 2.485973276297445
406 3.45906592791778
407 3.45906592791778
408 3.45906592791778
409 5.18703807337534
410 5.18703807337534
411 5.18703807337534
412 2.433666529506437
413 2.433666529506437
414 2.433666529506437
415 2.6341953921868724
416 2.6341953921868724
417 0.5398509027135888
418 0.5398509027135888
419 0.5398509027135888
420 0.5470970858337273
421 0.5470970858337273
422 0.5470970858337273
423 0.7386806521404773
424 0.7386806521404773
425 0.7386806521404773
426 1.1293226257692264
427 1.1293226257692264
428 1.1293226257692264
429 0.6501688558031208
430 0.6501688558031208
431 0.6501688558031208
432 0.8043315524250492
433 0.8043315524250492
434 0.8043315524250492
435 1.0969857321293732
436 1.0969857321293732
437 1.0969857321293732
438 0.3764379601662421
439 0.3764379601662421
440 0.3764379601662421
441 0.6362238615631639
442 0.6362238615631639
443 0.6362238615631639
444 0.6487007683035462
445 0.6487007683035462
446 0.6487007683035462
447 0.7218746695212639
448 0.7218746695212639
449 0.7218746695212639
450 0.3038095068381067
451 0.3038095068381067
452 0.3038095068381067
453 0.1223189431903502
454 0.1223189431903502
455 0.1223189431903502
456 0.6610333961672231
457 0.6610333961672231
458 0.6610333961672231
459 0.4714782238500267
460 0.4714782238500267
461 0.4714782238500267
462 0.6022379032503927
463 0.6022379032503927
464 0.6022379032503927
465 0.7935360592381746
466 0.7935360592381746
467 0.7935360592381746
468 0.5284288704218596
469 0.5284288704218596
470 0.5284288704218596
471 0.6659942370610383
472 0.6659942370610383
473 0.6659942370610383
474 0.6413363190977212
475 0.6413363190977212
476 0.6413363190977212
477 1.0840252896758626
478 1.0840252896758626
479 1.0840252896758626
480 0.7376749850023656
481 0.7376749850023656
482 0.7376749850023656
483 0.7996347449497619
484 0.7996347449497619
485 0.7996347449497619
486 0.5323108061044075
487 0.5323108061044075
488 0.5323108061044075
489 0.5078521012451803
490 0.5078521012451803
491 0.5078521012451803
492 0.5169808435351141
493 0.5169808435351141
494 0.5169808435351141
495 0.8648643027327666
496 0.8648643027327666
497 0.8648643027327666
498 0.5897345183870335
499 0.5897345183870335
500 0.5897345183870335
501 0.7304747795583907
502 0.7304747795583907
503 0.7304747795583907
504 0.3538598329681441
505 0.3538598329681441
506 0.3538598329681441
507 0.7959979989611426
508 0.7959979989611426
509 0.7959979989611426
510 0.47201920348161575
511 0.47201920348161575
512 0.47201920348161575
513 0.8913406836327372
514 0.8913406836327372
515 0.8913406836327372
516 0.7665398201918253
517 0.7665398201918253
518 0.7665398201918253
519 0.4298282714730023
520 0.4298282714730023
521 0.4298282714730023
522 0.5498995377952114
523 0.5498995377952114
524 0.5498995377952114
525 1.1911736343145976
526 1.1911736343145976
527 1.1911736343145976
528 0.5711858562366199
529 0.5711858562366199
530 0.5711858562366199
531 0.7451874191231783
532 0.7451874191231783
533 0.7451874191231783
534 0.9077648145597665
535 0.9077648145597665
536 0.9077648145597665
537 0.4081680520123011
538 0.4081680520123011
539 0.4081680520123011
540 0.3700276254829088
541 0.3700276254829088
542 0.3700276254829088
543 2.8904486555376403
544 2.8904486555376403
545 2.8904486555376403
546 3.9738326551539394
547 3.9738326551539394
548 3.9738326551539394
549 3.4463695764263376
550 3.4463695764263376
551 3.4463695764263376
552 3.6982211721041853
553 3.6982211721041853
554 3.6982211721041853
555 1.4348012826691667
556 1.4348012826691667
557 1.4348012826691667
558 1.5478614005734883
559 1.5478614005734883
560 1.5478614005734883
561 2.0290476157826753
562 2.0290476157826753
563 2.0290476157826753
564 2.3200456958163462
565 2.3200456958163462
566 2.3200456958163462
567 1.3494760244191735
568 1.3494760244191735
569 1.3494760244191735
570 4.185831409202919
571 4.185831409202919
572 4.185831409202919
573 4.029382714484293
574 4.029382714484293
575 4.029382714484293
576 3.70607702023998
577 3.70607702023998
578 3.70607702023998
579 2.8547372500084722
580 2.8547372500084722
581 2.8547372500084722
582 2.5113495984853693
583 2.5113495984853693
584 2.5113495984853693
585 1.2188598986410033
586 1.2188598986410033
587 1.2188598986410033
588 3.1625058514029134
589 3.1625058514029134
590 3.1625058514029134
591 2.7021426367405676
592 2.7021426367405676
593 2.7021426367405676
594 0.2702109562177083
595 0.2702109562177083
596 0.2702109562177083
597 0.8295308585583508
598 0.8295308585583508
599 0.8295308585583508
600 0.9678081335084603
601 0.9678081335084603
602 0.9678081335084603
603 0.48915172352872827
604 0.48915172352872827
605 0.48915172352872827
606 0.6985772254705991
607 0.6985772254705991
608 0.6985772254705991
609 0.354001744780222
610 0.354001744780222
611 0.354001744780222
612 0.7346327463846589
613 0.7346327463846589
614 0.7346327463846589
615 0.4881879012543038
616 0.4881879012543038
617 0.4881879012543038
618 0.5345130484621523
619 0.5345130484621523
620 0.5345130484621523
621 0.12418633378630606
622 0.12418633378630606
623 0.12418633378630606
624 0.6647065490246294
625 0.6647065490246294
626 0.6647065490246294
627 0.8404120987152689
628 0.8404120987152689
629 0.8404120987152689
630 0.3936727100132
631 0.3936727100132
632 0.3936727100132
633 0.7912378949112038
634 0.7912378949112038
635 0.7912378949112038
636 0.6463587212156691
637 0.6463587212156691
638 0.6463587212156691
639 0.4845998873671584
640 0.4845998873671584
641 0.4845998873671584
642 0.4716271237658587
643 0.4716271237658587
644 0.4716271237658587
645 0.663774079460342
646 0.663774079460342
647 0.663774079460342
648 0.7899839563699417
649 0.7899839563699417
650 0.7899839563699417
651 0.43928287522662407
652 0.43928287522662407
653 0.43928287522662407
654 0.5044889418133183
655 0.5044889418133183
656 0.5044889418133183
657 0.8383472825438255
658 0.8383472825438255
659 0.8383472825438255
660 0.46098513805857255
661 0.46098513805857255
662 0.46098513805857255
663 0.5244122009022725
664 0.5244122009022725
665 0.5244122009022725
666 0.6468449898825526
667 0.6468449898825526
668 0.6468449898825526
669 0.8153267821514647
670 0.8153267821514647
671 0.8153267821514647
672 0.9156222233320381
673 0.9156222233320381
674 0.9156222233320381
675 0.7534245610255009
676 0.7534245610255009
677 0.7534245610255009
678 0.9354224796157387
679 0.9354224796157387
680 0.9354224796157387
681 0.88980650681724
682 0.88980650681724
683 0.88980650681724
684 0.9567398793845853
685 0.9567398793845853
686 0.9567398793845853
687 0.6716345614649387
688 0.6716345614649387
689 0.6716345614649387
690 0.5681559526244773
691 0.5681559526244773
692 0.5681559526244773
693 0.3256684449645533
694 0.3256684449645533
695 0.3256684449645533
696 0.6298588971719008
697 0.6298588971719008
698 0.6298588971719008
699 0.322954127780003
700 0.322954127780003
701 0.322954127780003
702 0.7595997146068921
703 0.7595997146068921
704 0.7595997146068921
705 0.4654004720923699
706 0.4654004720923699
707 0.4654004720923699
708 0.5710842415098263
709 0.5710842415098263
710 0.5710842415098263
711 0.9990044713944267
712 0.9990044713944267
713 0.9990044713944267
714 0.7470353778157418
715 0.7470353778157418
716 0.7470353778157418
717 0.13529659622812573
718 0.13529659622812573
719 0.13529659622812573
720 0.6588304745869386
721 0.6588304745869386
722 0.6588304745869386
723 0.7307445789382032
724 0.7307445789382032
725 0.7307445789382032
726 0.5583265347693872
727 0.5583265347693872
728 0.5583265347693872
729 0.398972994061169
730 0.398972994061169
731 0.398972994061169
732 0.7767321223274877
733 0.7767321223274877
734 0.7767321223274877
735 0.5614470228716528
736 0.5614470228716528
737 0.5614470228716528
738 0.682158638108185
739 0.682158638108185
740 0.682158638108185
741 0.8616513273903466
742 0.8616513273903466
743 0.8616513273903466
744 0.8160810993139107
745 0.8160810993139107
746 0.8160810993139107
747 0.6975293067944973
748 0.6975293067944973
749 1.7204534033582495
750 1.7204534033582495
751 1.7204534033582495
752 4.695358972513951
753 4.695358972513951
754 4.695358972513951
755 4.826087171158946
756 4.826087171158946
757 4.826087171158946
758 3.9156350216300537
759 3.9156350216300537
760 3.9156350216300537
761 3.506746637552885
762 3.506746637552885
763 3.506746637552885
764 5.813395005337207
765 5.813395005337207
766 5.813395005337207
767 3.812278233561402
768 3.812278233561402
769 3.812278233561402
770 4.079903904078432
771 4.079903904078432
772 4.079903904078432
773 3.2740431309367115
774 3.2740431309367115
775 3.2740431309367115
776 2.831399854629865
777 2.831399854629865
778 2.831399854629865
779 3.8056594151683494
780 3.8056594151683494
781 3.8056594151683494
782 3.346369317902248
783 3.346369317902248
784 3.346369317902248
785 2.4745626026464604
786 2.4745626026464604
787 2.4745626026464604
788 3.75900329206864
789 3.75900329206864
790 3.75900329206864
791 2.2304759921106836
792 2.2304759921106836
793 2.2304759921106836
794 3.0887295397731447
795 3.0887295397731447
796 3.0887295397731447
797 6.2709324603391305
798 6.2709324603391305
799 6.2709324603391305
800 2.6546750431700596
801 2.6546750431700596
802 2.6546750431700596
803 4.079197934191891
804 4.079197934191891
805 4.079197934191891
806 3.6942569331788486
807 3.6942569331788486
808 3.6942569331788486
809 5.139060731520176
810 5.139060731520176
811 5.139060731520176
812 5.041536220150469
813 5.041536220150469
814 5.041536220150469
815 3.5099280103732617
816 3.5099280103732617
817 3.5099280103732617
818 0.36936760045301464
819 0.36936760045301464
820 0.36936760045301464
821 0.3955621043905786
822 0.3955621043905786
823 0.3955621043905786
824 0.42378372143868637
825 0.42378372143868637
826 0.42378372143868637
827 1.0109656100393822
828 1.0109656100393822
829 1.0109656100393822
830 0.8920890942989256
831 0.8920890942989256
832 0.8920890942989256
833 0.22282971355644465
834 0.22282971355644465
835 0.22282971355644465
836 0.5701779426151329
837 0.5701779426151329
838 0.5701779426151329
839 3.3791920238340163
840 3.3791920238340163
841 3.3791920238340163
842 3.433664942225935
843 3.433664942225935
844 3.433664942225935
845 3.0049596156820537
846 3.0049596156820537
847 3.0049596156820537
848 2.2898988344058138
849 2.2898988344058138
850 2.2898988344058138
851 2.652380585910394
852 2.652380585910394
853 2.652380585910394
854 1.5488735892265348
855 1.5488735892265348
856 1.5488735892265348
857 1.8684785428041422
858 1.8684785428041422
859 1.8684785428041422
860 1.9173575030464953
861 1.9173575030464953
862 1.9173575030464953
863 2.3512665296553625
864 0.9194044412594546
865 0.9194044412594546
866 0.9194044412594546
867 0.611987467033644
868 0.611987467033644
869 0.611987467033644
870 0.4525372372911866
871 0.4525372372911866
872 0.4525372372911866
873 0.5801423947237032
874 0.5801423947237032
875 0.5801423947237032
876 0.4658673651109718
877 0.4658673651109718
878 0.4658673651109718
879 0.34950977892183294
880 0.2347872114150685
881 0.2347872114150685
882 0.2347872114150685
883 0.2711321247986278
884 0.2711321247986278
885 0.2711321247986278
886 0.13713782468306163
887 0.13713782468306163
888 3.42383889493066
889 3.42383889493066
890 3.42383889493066
891 2.431837085037105
892 2.431837085037105
893 2.431837085037105
894 0.8297875822420657
895 0.8297875822420657
896 0.8297875822420657
897 2.0002446200795916
898 2.0002446200795916
899 2.0002446200795916
900 1.7791279871335035
901 1.7791279871335035
902 1.7791279871335035
903 2.523244539745546
904 2.523244539745546
905 2.523244539745546
906 1.7190867523895637
907 1.7190867523895637
908 1.7190867523895637
909 2.9748401785090985
910 2.9748401785090985
911 2.9748401785090985
912 3.363671030844368
913 3.363671030844368
914 3.363671030844368
915 1.5348651933103963
916 1.5348651933103963
917 1.5348651933103963
918 1.516299699554017
919 1.516299699554017
920 1.516299699554017
921 1.5942707296110514
922 1.5942707296110514
923 1.5942707296110514
924 3.1823586808477873
925 3.1823586808477873
926 3.1823586808477873
927 2.0242019618544016
928 2.0242019618544016
929 2.0242019618544016
930 2.1479808098875544
931 2.1479808098875544
932 2.1479808098875544
933 3.809589533157588
934 3.809589533157588
935 3.809589533157588
936 1.6773280130457349
937 1.6773280130457349
938 1.6773280130457349
939 2.132207674114079
940 2.132207674114079
941 2.132207674114079
942 2.751000657047045
943 2.751000657047045
944 2.751000657047045
945 2.503507354351354
946 2.503507354351354
947 2.503507354351354
948 1.6589101064480687
949 1.6589101064480687
950 1.6589101064480687
951 1.4225961707568635
952 1.4225961707568635
953 1.4225961707568635
954 1.833393993170616
955 1.833393993170616
956 1.833393993170616
957 0.3684825269717573
958 0.3684825269717573
959 0.3684825269717573
960 2.7977959310748566
961 2.7977959310748566
962 2.7977959310748566
963 2.4403397981351613
964 2.4403397981351613
965 2.4403397981351613
966 2.5485986235220826
967 2.5485986235220826
968 2.5485986235220826
969 2.326948864992295
970 2.326948864992295
971 2.326948864992295
972 2.2377460681332875
973 2.2377460681332875
974 2.2377460681332875
975 1.1393239681732066
976 1.1033982518007461
977 1.1033982518007461
978 1.1033982518007461
979 1.4725316987327808
980 1.4725316987327808
981 1.4725316987327808
982 0.4228743572878543
983 0.4228743572878543
984 0.4228743572878543
985 0.7843777178890523
986 0.7843777178890523
987 0.7843777178890523
988 1.1406608348869933
989 1.1406608348869933
990 1.1406608348869933
991 1.4279606251116477
992 1.4279606251116477
993 1.4279606251116477
994 1.3797234052036982
995 1.3797234052036982
996 1.3797234052036982
997 1.097103763308513
998 1.097103763308513
999 1.097103763308513
1000 1.2836388516261352
1001 1.2836388516261352
1002 1.2836388516261352
1003 0.8762232932626137
1004 0.8762232932626137
1005 0.8762232932626137
1006 1.3846087279983887
1007 1.3846087279983887
1008 1.3846087279983887
1009 1.2302951787965086
1010 1.2302951787965086
1011 1.2302951787965086
1012 1.0469440577947968
1013 1.0469440577947968
1014 1.0469440577947968
1015 0.19683093243954536
1016 0.19683093243954536
1017 0.19683093243954536
1018 0.265983433071595
1019 0.265983433071595
1020 0.265983433071595
1021 0.131999445830175
1022 0.131999445830175
1023 0.131999445830175
1024 0.35207989414478513
1025 0.35207989414478513
1026 0.35207989414478513
1027 0.15500020828288963
1028 0.15500020828288963
1029 0.15500020828288963
1030 0.21760926224183827
1031 0.21760926224183827
1032 0.21760926224183827
1033 0.1470534244610968
1034 0.1470534244610968
1035 0.1470534244610968
1036 0.21979119461610946
1037 0.21979119461610946
1038 0.21979119461610946
1039 0.16185154118836145
1040 0.16185154118836145
1041 0.16185154118836145
1042 0.22528089022660996
1043 0.22528089022660996
1044 0.22528089022660996
1045 0.17462320123230296
1046 0.17462320123230296
1047 0.17462320123230296
1048 0.28154670207233873
1049 0.28154670207233873
1050 0.28154670207233873
1051 0.1526490369726084
1052 0.1526490369726084
1053 0.1526490369726084
1054 0.20003699313553847
1055 0.20003699313553847
1056 0.20003699313553847
1057 0.152207105099032
1058 0.152207105099032
1059 0.152207105099032
1060 0.12253525707899329
1061 0.12253525707899329
1062 0.12253525707899329
1063 0.10301663625485462
1064 0.10301663625485462
1065 0.10301663625485462
1066 0.18764823099799205
1067 0.18764823099799205
1068 0.18764823099799205
1069 0.3165226352355618
1070 0.3165226352355618
1071 0.3165226352355618
1072 0.20329174222001412
1073 0.20329174222001412
1074 0.20329174222001412
1075 0.12076122218127794
1076 0.12076122218127794
1077 0.12076122218127794
1078 0.36627293984766107
1079 0.36627293984766107
1080 0.36627293984766107
1081 0.1679327943321527
1082 0.1679327943321527
1083 0.1679327943321527
1084 0.2725277567476007
1085 0.2725277567476007
1086 0.2725277567476007
1087 0.22432243720490727
1088 0.22432243720490727
1089 0.22432243720490727
1090 0.1919276927744831
1091 0.1919276927744831
1092 0.1919276927744831
1093 0.16228152328571083
1094 0.16228152328571083
1095 0.16228152328571083
1096 0.1
1097 0.1
1098 0.1
1099 0.15016261815824192
1100 3.4218189021423124
1101 3.4218189021423124
1102 3.4218189021423124
1103 1.3963233364036274
1104 1.3963233364036274
1105 1.3963233364036274
1106 3.7808680924244102
1107 3.7808680924244102
1108 3.7808680924244102
1109 1.9291943670035516
1110 1.9291943670035516
1111 1.9291943670035516
1112 2.3039481388063847
1113 2.3039481388063847
1114 2.3039481388063847
1115 4.400408290661511
1116 4.400408290661511
1117 4.400408290661511
1118 2.0497766312554195
1119 2.0497766312554195
1120 2.0497766312554195
1121 3.5363888166169803
1122 3.5363888166169803
1123 3.5363888166169803
1124 3.165394372285532
1125 3.165394372285532
1126 3.165394372285532
1127 3.546889773949608
1128 3.546889773949608
1129 3.546889773949608
1130 1.6604971599489622
1131 1.6604971599489622
1132 1.6604971599489622
1133 3.029760937257084
1134 3.029760937257084
1135 3.029760937257084
1136 3.024479527419829
1137 3.024479527419829
1138 3.024479527419829
1139 2.4858658659891666
1140 2.4858658659891666
1141 2.4858658659891666
1142 4.234581780831461
1143 4.234581780831461
1144 4.234581780831461
1145 2.8158843876660002
1146 2.8158843876660002
1147 2.8158843876660002
1148 3.9216241142522095
1149 3.9216241142522095
1150 3.9216241142522095
1151 4.2984122011226855
1152 4.2984122011226855
1153 4.2984122011226855
1154 2.275829244645854
1155 2.275829244645854
1156 2.275829244645854
1157 2.0098168612323755
1158 2.0098168612323755
1159 2.0098168612323755
1160 3.6853915386347245
1161 3.6853915386347245
1162 3.6853915386347245
1163 4.341538579313705
1164 4.341538579313705
1165 4.341538579313705
1166 2.271773894241667
1167 2.271773894241667
1168 2.271773894241667
1169 2.458586992771817
1170 2.458586992771817
1171 2.458586992771817
1172 2.801884853406745
1173 2.801884853406745
1174 2.801884853406745
1175 2.233466186268097
1176 2.233466186268097
1177 2.233466186268097
1178 1.9294845400538054
1179 1.9294845400538054
1180 1.9294845400538054
1181 3.5604017833002968
1182 3.5604017833002968
1183 3.5604017833002968
1184 1.028059364637909
1185 1.028059364637909
1186 1.028059364637909
1187 3.601283618803648
1188 3.601283618803648
1189 3.601283618803648
1190 2.8043661274962544
1191 2.8043661274962544
1192 2.8043661274962544
1193 4.494671234393671
1194 4.494671234393671
1195 4.494671234393671
1196 2.3592221218570564
1197 2.3592221218570564
1198 2.3592221218570564
1199 3.9630045538751153
1200 3.9630045538751153
1201 3.9630045538751153
1202 1.769105386355155
1203 1.769105386355155
1204 1.769105386355155
1205 2.4208616978786224
1206 2.4208616978786224
1207 2.4208616978786224
1208 3.691735008354529
1209 3.691735008354529
1210 3.691735008354529
1211 2.20611103931257
1212 2.20611103931257
1213 2.20611103931257
1214 2.528345415946162
1215 2.528345415946162
1216 2.528345415946162
1217 3.9615776824409648
1218 3.9615776824409648
1219 3.9615776824409648
1220 3.950868403758262
1221 3.950868403758262
1222 3.950868403758262
1223 2.9410185360520655
1224 2.9410185360520655
1225 2.9410185360520655
1226 3.8910608401652995
1227 3.8910608401652995
1228 3.8910608401652995
1229 2.0212353564381758
1230 2.0212353564381758
1231 2.0212353564381758
1232 3.6972329365969085
1233 3.6972329365969085
1234 3.6972329365969085
1235 1.298009019168946
1236 1.298009019168946
1237 1.298009019168946
1238 1.9530192695072128
1239 1.9530192695072128
1240 1.9530192695072128
1241 3.6808092717246463
1242 3.6808092717246463
1243 3.6808092717246463
1244 3.3083151448460955
1245 3.3083151448460955
1246 3.3083151448460955
1247 1.803194414358805
1248 1.803194414358805
1249 1.803194414358805
1250 3.3727518180083904
1251 3.3727518180083904
1252 3.3727518180083904
1253 2.3459229013369978
1254 2.3459229013369978
1255 2.3459229013369978
1256 3.3782854868702374
1257 3.3782854868702374
1258 3.3782854868702374
1259 1.7562766196565365
1260 1.7562766196565365
1261 1.7562766196565365
1262 3.3066328578033697
1263 3.3066328578033697
1264 3.3066328578033697
1265 3.3672726185011506
1266 3.3672726185011506
1267 3.3672726185011506
1268 2.0909434678439016
1269 2.0909434678439016
1270 2.0909434678439016
1271 1.4574548834007777
1272 1.4574548834007777
1273 1.4574548834007777
1274 3.1365227664134356
1275 3.1365227664134356
1276 3.1365227664134356
1277 3.6215935266994457
1278 3.6215935266994457
1279 3.6215935266994457
1280 3.395450688882545
1281 3.395450688882545
1282 3.395450688882545
1283 3.2965509226220235
1284 3.2965509226220235
1285 3.2965509226220235
1286 3.410337581033204
1287 3.410337581033204
1288 3.410337581033204
1289 1.8045325323262278
1290 1.8045325323262278
1291 1.8045325323262278
1292 2.484618554449116
1293 2.484618554449116
1294 2.484618554449116
1295 1.4979662005758445
1296 1.4979662005758445
1297 1.4979662005758445
1298 1.4840414478300317
1299 1.4840414478300317
1300 1.4840414478300317
1301 1.997886585479645
1302 1.997886585479645
1303 1.997886585479645
1304 2.559430578069885
1305 2.559430578069885
1306 2.559430578069885
1307 0.4177732224143824
1308 0.4177732224143824
1309 0.4177732224143824
1310 3.139422516172783
1311 3.139422516172783
1312 3.139422516172783
1313 5.23048928651512
1314 5.23048928651512
1315 5.23048928651512
1316 3.661145291366414
1317 3.661145291366414
1318 3.661145291366414
1319 4.382452268652192
1320 4.382452268652192
1321 4.382452268652192
1322 2.0880141219189188
1323 2.0880141219189188
1324 2.0880141219189188
1325 2.5144707188286035
1326 2.5144707188286035
1327 2.5144707188286035
1328 1.050052645397857
1329 1.050052645397857
1330 1.050052645397857
1331 3.0981717242687865
1332 3.0981717242687865
1333 3.0981717242687865
1334 3.2374109802749276
1335 3.2374109802749276
1336 3.2374109802749276
1337 3.932967303292351
1338 3.932967303292351
1339 3.932967303292351
1340 2.0992828593743718
1341 2.0992828593743718
1342 2.0992828593743718
1343 3.295273112513356
1344 3.295273112513356
1345 3.295273112513356
1346 2.490709055677134
1347 2.490709055677134
1348 2.490709055677134
1349 4.037879269352544
1350 4.037879269352544
1351 4.037879269352544
1352 1.4465952936437905
1353 1.4465952936437905
1354 1.4465952936437905
1355 4.441158652728275
1356 4.441158652728275
1357 4.441158652728275
1358 2.3286602028101235
1359 2.3286602028101235
1360 2.3286602028101235
1361 0.3382173314546315
1362 0.3382173314546315
1363 0.3382173314546315
1364 1.3439871352142643
1365 1.3439871352142643
1366 1.3439871352142643
1367 3.109717157373193
1368 3.109717157373193
1369 3.109717157373193
1370 2.1662158315292377
1371 2.1662158315292377
1372 2.1662158315292377
1373 2.010691982703313
1374 2.010691982703313
1375 2.010691982703313
1376 2.467093806587418
1377 2.467093806587418
1378 2.467093806587418
1379 0.8734334678929296
1380 0.8734334678929296
1381 0.8734334678929296
1382 2.517530462325172
1383 2.517530462325172
1384 2.517530462325172
1385 3.7737236473734086
1386 3.7737236473734086
1387 3.7737236473734086
1388 4.569750078633069
1389 4.569750078633069
1390 4.569750078633069
1391 2.6016048690046976
1392 2.6016048690046976
1393 2.6016048690046976
1394 2.015401100056862
1395 2.015401100056862
1396 2.015401100056862
1397 1.905842805154026
1398 1.905842805154026
1399 1.905842805154026
1400 3.3332360302508435
1401 3.3332360302508435
1402 3.3332360302508435
1403 2.878380893975759
1404 2.878380893975759
1405 2.878380893975759
1406 3.6305007112815093
1407 3.6305007112815093
1408 3.6305007112815093
1409 3.1979950279792475
1410 3.1979950279792475
1411 3.1979950279792475
1412 2.2135752088315264
1413 2.2135752088315264
1414 2.2135752088315264
1415 3.240184038086964
1416 3.240184038086964
1417 3.240184038086964
1418 0.8062234606641914
1419 0.8062234606641914
1420 0.8062234606641914
1421 3.793581819534263
1422 3.793581819534263
1423 3.793581819534263
1424 3.4790780691564103
1425 3.4790780691564103
1426 3.4790780691564103
1427 2.6625834437981997
1428 2.6625834437981997
1429 2.6625834437981997
1430 3.2265910606463852
1431 3.2265910606463852
1432 3.2265910606463852
1433 1.5020721912644353
1434 1.5020721912644353
1435 1.5020721912644353
1436 1.63591634856236
1437 1.63591634856236
1438 1.63591634856236
1439 3.1868427554789944
1440 3.1868427554789944
1441 3.1868427554789944
1442 0.4697920778410354
1443 0.4697920778410354
1444 0.4697920778410354
1445 5.407268131311387
1446 5.407268131311387
1447 5.407268131311387
1448 2.7952880414022467
1449 2.7952880414022467
1450 2.7952880414022467
1451 1.819796606403311
1452 1.819796606403311
1453 1.819796606403311
1454 2.3645444173214125
1455 2.3645444173214125
1456 2.3645444173214125
1457 2.2473203744096306
1458 2.2473203744096306
1459 2.2473203744096306
1460 1.541545108257214
1461 1.541545108257214
1462 1.541545108257214
1463 5.367059614594578
1464 5.367059614594578
1465 5.367059614594578
1466 3.3812331275683176
1467 3.3812331275683176
1468 3.3812331275683176
1469 3.646147476762846
1470 3.646147476762846
1471 3.646147476762846
1472 2.639719087941721
1473 2.639719087941721
1474 2.639719087941721
1475 1.8916739432937062
1476 1.8916739432937062
1477 1.8916739432937062
1478 2.36920248392107
1479 2.36920248392107
1480 2.36920248392107
1481 1.9782319540159472
1482 1.9782319540159472
1483 1.9782319540159472
1484 3.652790731426273
1485 3.652790731426273
1486 3.652790731426273
1487 3.8007680059876194
1488 3.8007680059876194
1489 3.8007680059876194
1490 6.219734341456304
1491 6.219734341456304
1492 6.219734341456304
1493 2.2806424970558385
1494 2.2806424970558385
1495 0.8405366949508484
1496 0.8405366949508484
1497 0.8405366949508484
1498 0.47021666584919564
1499 0.47021666584919564
1500 3.0022368915602344
1501 3.0022368915602344
1502 3.0022368915602344
1503 4.701434209373674
1504 4.701434209373674
1505 4.701434209373674
1506 3.8638446671587836
1507 3.8638446671587836
1508 3.8638446671587836
1509 4.399287943548307
1510 4.399287943548307
1511 4.399287943548307
1512 2.362616026736958
1513 2.362616026736958
1514 2.362616026736958
1515 4.44691686654097
1516 4.44691686654097
1517 4.44691686654097
1518 4.343368202445146
1519 4.343368202445146
1520 4.343368202445146
1521 2.782795358732889
1522 2.782795358732889
1523 2.782795358732889
1524 3.4767015302632625
1525 3.4767015302632625
1526 3.4767015302632625
1527 2.642233703560838
1528 2.642233703560838
1529 2.642233703560838
1530 3.0275897789822785
1531 3.0275897789822785
1532 3.0275897789822785
1533 3.5162547216964173
1534 3.5162547216964173
1535 3.5162547216964173
1536 1.1631974212604086
1537 1.1631974212604086
1538 1.1631974212604086
1539 4.696488334525846
1540 4.696488334525846
1541 4.696488334525846
1542 5.459174824064204
1543 5.459174824064204
1544 5.459174824064204
1545 5.369688206845743
1546 5.369688206845743
1547 5.369688206845743
1548 4.099251626604565
1549 4.099251626604565
1550 4.099251626604565
1551 3.329880018552397
1552 3.329880018552397
1553 3.329880018552397
1554 6.06288701096352
1555 6.06288701096352
1556 6.06288701096352
1557 4.096088260810812
1558 4.096088260810812
1559 4.096088260810812
1560 4.035304302304488
1561 4.035304302304488
1562 4.035304302304488
1563 2.6923365771711607
1564 2.6923365771711607
1565 2.6923365771711607
1566 3.8819553959632396
1567 3.8819553959632396
1568 3.8819553959632396
1569 4.653660674004745
1570 4.653660674004745
1571 4.653660674004745
1572 3.7381900176753557
1573 3.7381900176753557
1574 3.7381900176753557
1575 4.0207091611836905
1576 4.0207091611836905
1577 4.0207091611836905
1578 3.7310984176477597
1579 3.7310984176477597
1580 3.7310984176477597
1581 4.7724021306456095
1582 4.7724021306456095
1583 4.7724021306456095
1584 3.753132583851335
1585 3.753132583851335
1586 3.753132583851335
1587 3.027381359306122
1588 3.027381359306122
1589 3.027381359306122
1590 3.3237173891007328
1591 3.3237173891007328
1592 3.3237173891007328
1593 5.18276640302094
1594 5.18276640302094
1595 5.18276640302094
1596 2.376328651555972
1597 2.376328651555972
1598 2.376328651555972
1599 2.0223836205513583
1600 2.0223836205513583
1601 2.0223836205513583
1602 4.747996738385087
1603 4.747996738385087
1604 4.747996738385087
1605 4.468909176805534
1606 4.468909176805534
1607 4.468909176805534
1608 2.0806960172632865
1609 2.0806960172632865
1610 2.0806960172632865
1611 3.682905340081698
1612 3.682905340081698
1613 3.682905340081698
1614 3.512170889944609
1615 3.512170889944609
1616 3.512170889944609
1617 4.864942187845452
1618 4.864942187845452
1619 4.864942187845452
1620 3.89830089384191
1621 3.89830089384191
1622 3.89830089384191
1623 5.734925067962276
1624 5.734925067962276
1625 5.734925067962276
1626 2.1049726736518974
1627 2.1049726736518974
1628 2.1049726736518974
1629 2.43112202661995
1630 2.43112202661995
1631 2.43112202661995
1632 6.691019390774015
1633 6.691019390774015
1634 6.691019390774015
1635 1.4545962874058904
1636 1.4545962874058904
1637 1.4545962874058904
1638 1.9498633100781406
1639 1.9498633100781406
1640 1.9498633100781406
1641 1.536669883098741
1642 1.536669883098741
1643 1.536669883098741
1644 1.49992985374052
1645 1.49992985374052
1646 1.49992985374052
1647 1.4789068649862582
1648 1.4789068649862582
1649 1.4789068649862582
1650 1.142586122792146
1651 1.142586122792146
1652 1.142586122792146
1653 1.4326432824948188
1654 1.4326432824948188
1655 1.4326432824948188
1656 1.5053907679362362
1657 1.5053907679362362
1658 1.5053907679362362
1659 1.281198693717167
1660 1.281198693717167
1661 1.281198693717167
1662 1.3563416719783514
1663 1.3563416719783514
1664 1.3563416719783514
1665 0.9309864079501924
1666 0.9309864079501924
1667 0.9309864079501924
1668 1.5225152045028656
1669 1.5225152045028656
1670 1.5225152045028656
1671 1.3363609639444016
1672 1.3363609639444016
1673 1.3363609639444016
1674 1.10292603812497
1675 1.10292603812497
1676 1.10292603812497
1677 1.2040051353074743
1678 1.2040051353074743
1679 1.2040051353074743
1680 0.9787982987622309
1681 0.9787982987622309
1682 0.9787982987622309
1683 1.1641825445055198
1684 1.1641825445055198
1685 1.1641825445055198
1686 1.4007861834863569
1687 1.4007861834863569
1688 1.4007861834863569
1689 1.5413822866107036
1690 1.5413822866107036
1691 1.5413822866107036
1692 1.3205007711166392
1693 1.3205007711166392
1694 1.3205007711166392
1695 1.2427087304720914
1696 1.2427087304720914
1697 1.2427087304720914
1698 0.8647954045083979
1699 0.8647954045083979
1700 0.8647954045083979
1701 0.39121409831083953
1702 0.39121409831083953
1703 0.39121409831083953
1704 0.7081026018802312
1705 0.7081026018802312
1706 0.7081026018802312
1707 0.8490858112997993
1708 0.8490858112997993
1709 0.8490858112997993
1710 0.6718291056597997
1711 0.6718291056597997
1712 0.6718291056597997
1713 0.9781069757801327
1714 0.9781069757801327
1715 0.9781069757801327
1716 1.1552099803451426
1717 1.1552099803451426
1718 1.1552099803451426
1719 0.682066180091907
1720 0.682066180091907
1721 0.682066180091907
1722 1.2188512677543155
1723 1.2188512677543155
1724 1.2188512677543155
1725 0.9291256122987377
1726 0.9291256122987377
1727 0.9291256122987377
1728 0.9437642291074277
1729 0.9437642291074277
1730 0.9437642291074277
1731 1.1705829935233631
1732 1.1705829935233631
1733 1.1705829935233631
1734 0.992578072831905
1735 0.992578072831905
1736 0.992578072831905
1737 0.8045947463417014
1738 0.8045947463417014
1739 0.8045947463417014
1740 0.9057260277531306
1741 0.9057260277531306
1742 0.9057260277531306
1743 1.8526380343624944
1744 1.8526380343624944
1745 1.8526380343624944
1746 1.2673021905506698
1747 1.2673021905506698
1748 1.2673021905506698
1749 1.0187012205061308
1750 1.0187012205061308
1751 1.0187012205061308
1752 0.9930885420224237
1753 0.9930885420224237
1754 0.9930885420224237
1755 0.8103134052095728
1756 0.8103134052095728
1757 0.8103134052095728
1758 0.9959057830719589
1759 0.9959057830719589
1760 0.9959057830719589
1761 1.4168994733674636
1762 1.4168994733674636
1763 1.4168994733674636
1764 1.4102510842866383
1765 1.4102510842866383
1766 1.4102510842866383
1767 1.5390558428274883
1768 1.5390558428274883
1769 1.5390558428274883
1770 0.901695929782407
1771 0.901695929782407
1772 0.901695929782407
1773 1.1957748924746086
1774 1.1957748924746086
1775 1.1957748924746086
1776 1.4575327369086502
1777 1.4575327369086502
1778 1.4575327369086502
1779 0.7945055456083702
1780 0.7945055456083702
1781 0.7945055456083702
1782 1.053613297984168
1783 1.053613297984168
1784 1.053613297984168
1785 1.2764422792373529
1786 1.2764422792373529
1787 1.2764422792373529
1788 1.3236085312176895
1789 1.3236085312176895
1790 1.3236085312176895
1791 0.9860924574105231
1792 0.9860924574105231
1793 0.9860924574105231
1794 0.5830112062862134
1795 0.5830112062862134
1796 0.5830112062862134
1797 1.2429884370118536
1798 1.2429884370118536
1799 1.2429884370118536
1800 1.474897347363803
1801 1.474897347363803
1802 1.474897347363803
1803 1.081203204571951
1804 1.081203204571951
1805 1.081203204571951
1806 1.3549507486374943
1807 1.3549507486374943
1808 1.3549507486374943
1809 0.9574197423176463
1810 0.9574197423176463
1811 0.9574197423176463
1812 1.6132254866485711
1813 1.6132254866485711
1814 1.6132254866485711
1815 0.23661147212124667
1816 0.23661147212124667
1817 0.23661147212124667
1818 1.461718565138303
1819 1.461718565138303
1820 1.461718565138303
1821 1.7274553586538763
1822 1.7274553586538763
1823 1.7274553586538763
1824 0.9929121160478438
1825 0.9929121160478438
1826 0.9929121160478438
1827 1.292921551752807
1828 1.292921551752807
1829 1.292921551752807
1830 0.7912580941454301
1831 0.7912580941454301
1832 0.7912580941454301
1833 1.885818281329919
1834 1.885818281329919
1835 1.885818281329919
1836 1.4799792647407024
1837 1.4799792647407024
1838 1.4799792647407024
1839 0.7847894757224486
1840 0.7847894757224486
1841 0.7847894757224486
1842 0.9337837430005913
1843 0.9337837430005913
1844 0.9337837430005913
1845 1.2237225985186602
1846 1.2237225985186602
1847 1.2237225985186602
1848 1.5540490568590126
1849 1.5540490568590126
1850 1.5540490568590126
1851 0.874226813950471
1852 0.874226813950471
1853 0.874226813950471
1854 1.2223640388109642
1855 1.2223640388109642
1856 1.2223640388109642
1857 0.8930868625669697
1858 0.8930868625669697
1859 0.8930868625669697
1860 0.6870635476644247
1861 0.6870635476644247
1862 0.6870635476644247
1863 0.6270613677790837
1864 0.6270613677790837
1865 0.6270613677790837
1866 1.4799730165021934
1867 1.4799730165021934
1868 1.4799730165021934
1869 2.878327102002062
1870 2.878327102002062
1871 2.878327102002062
1872 3.0961982670454216
1873 3.0961982670454216
1874 3.0961982670454216
1875 1.2181977478827228
1876 1.2181977478827228
1877 1.2181977478827228
1878 2.6163327436945636
1879 2.6163327436945636
1880 2.6163327436945636
1881 1.866124025488543
1882 1.866124025488543
1883 1.866124025488543
1884 2.2005746114562297
1885 2.2005746114562297
1886 2.2005746114562297
1887 2.5019334569985077
1888 2.5019334569985077
1889 2.5019334569985077
1890 2.5053300932209432
1891 2.5053300932209432
1892 2.5053300932209432
1893 2.4309132267129097
1894 2.4309132267129097
1895 2.4309132267129097
1896 2.805345199805396
1897 2.805345199805396
1898 2.805345199805396
1899 2.1733146331338347
1900 2.1733146331338347
1901 2.1733146331338347
1902 4.0224000698770555
1903 4.0224000698770555
1904 4.0224000698770555
1905 1.9099173753793208
1906 1.9099173753793208
1907 1.9099173753793208
1908 1.8903551068874833
1909 1.8903551068874833
1910 1.8903551068874833
1911 2.073953955322373
1912 2.073953955322373
1913 2.073953955322373
1914 2.5261963971193495
1915 2.5261963971193495
1916 2.5261963971193495
1917 2.322939864560164
1918 2.322939864560164
1919 2.322939864560164
1920 3.005706820635967
1921 3.005706820635967
1922 3.005706820635967
1923 2.8440881369545012
1924 2.8440881369545012
1925 2.8440881369545012
1926 1.4519380006604365
1927 1.4519380006604365
1928 1.4519380006604365
1929 1.7880738238486256
1930 1.7880738238486256
1931 1.7880738238486256
1932 2.5904944956397227
1933 2.5904944956397227
1934 2.5904944956397227
1935 1.9584166263248042
1936 1.9584166263248042
1937 1.9584166263248042
1938 3.259748257090775
1939 3.259748257090775
1940 3.259748257090775
1941 2.1755518796237667
1942 2.1755518796237667
1943 2.1755518796237667
1944 2.0799847064572217
1945 2.0799847064572217
1946 2.0799847064572217
1947 3.4989239664895107
1948 3.4989239664895107
1949 3.4989239664895107
1950 4.805633144390794
1951 4.805633144390794
1952 4.805633144390794
1953 5.218280582845402
1954 5.218280582845402
1955 5.218280582845402
1956 4.522257226242728
1957 4.522257226242728
1958 4.522257226242728
1959 5.742159937131742
1960 5.742159937131742
1961 5.742159937131742
1962 3.6619090648557684
1963 3.6619090648557684
1964 3.6619090648557684
1965 3.789387327418922
1966 3.789387327418922
1967 3.789387327418922
1968 4.748591042617232
1969 4.748591042617232
1970 4.748591042617232
1971 4.549071378171266
1972 4.549071378171266
1973 4.549071378171266
1974 6.30590694654917
1975 6.30590694654917
1976 6.30590694654917
1977 3.521995543189816
1978 3.521995543189816
1979 3.521995543189816
1980 2.5744305395056664
1981 2.5744305395056664
1982 2.5744305395056664
1983 1.9850873760613879
1984 1.9850873760613879
1985 1.9850873760613879
1986 4.495439292772447
1987 4.495439292772447
1988 4.495439292772447
1989 6.783436558007655
1990 6.783436558007655
1991 6.783436558007655
1992 4.447525631288084
1993 4.447525631288084
1994 4.447525631288084
1995 4.255381835420931
1996 4.255381835420931
1997 4.255381835420931
1998 5.803412547902581
1999 5.803412547902581
