0 0.4791318016290187
1 0.4791318016290187
2 0.2094473603819853
3 0.2094473603819853
4 0.6699819572370549
5 0.6699819572370549
6 1.2809745090723879
7 1.2809745090723879
8 2.0075029471362424
9 2.0075029471362424
10 1.2579565880565566
11 1.2579565880565566
12 0.8806808745669003
13 0.8806808745669003
14 3.5860982945092887
15 3.5860982945092887
16 0.9000857222612932
17 0.9000857222612932
18 3.669195459662763
19 3.669195459662763
20 2.8748096195537225
21 2.8748096195537225
22 1.9694012489449437
23 1.9694012489449437
24 2.2243982467274726
25 2.2243982467274726
26 1.9693097199984213
27 1.9693097199984213
28 3.1963450191221
29 3.1963450191221
30 3.227940411664407
31 3.227940411664407
32 2.168788334850043
33 2.168788334850043
34 2.3415496602758923
35 2.3415496602758923
36 3.5134244383556803
37 3.5134244383556803
38 1.0172401633176353
39 1.0172401633176353
40 4.044401305735241
41 4.044401305735241
42 2.241708391851411
43 2.241708391851411
44 2.0446383363956
45 2.0446383363956
46 2.0729970759482548
47 2.0729970759482548
48 2.8472439142317887
49 2.8472439142317887
50 1.0981021806632008
51 1.0981021806632008
52 1.5917210858514441
53 1.5917210858514441
54 1.7902426933233389
55 1.7902426933233389
56 3.2831142994629934
57 3.2831142994629934
58 3.728951550284669
59 3.728951550284669
60 3.256922206672255
61 3.256922206672255
62 1.645715185962572
63 1.645715185962572
64 2.758406878982897
65 2.758406878982897
66 3.0705698499048593
67 3.0705698499048593
68 2.438588968725655
69 2.438588968725655
70 5.517814311118735
71 5.517814311118735
72 4.151748992135968
73 4.151748992135968
74 2.643544628557537
75 2.643544628557537
76 0.10831511101379432
77 0.10831511101379432
78 1.0781628125204346
79 1.0781628125204346
80 3.453559438538698
81 3.453559438538698
82 2.9019762530417044
83 2.9019762530417044
84 2.6264505253339556
85 2.6264505253339556
86 2.9738219949841556
87 2.9738219949841556
88 1.730674526012381
89 1.730674526012381
90 3.5373451883406153
91 3.5373451883406153
92 1.3079326734437209
93 1.3079326734437209
94 2.629909108684375
95 2.629909108684375
96 3.4676987083912207
97 3.4676987083912207
98 2.152280431481369
99 2.152280431481369
100 0.5065714806788947
101 0.5065714806788947
102 0.5617290000160949
103 0.5617290000160949
104 0.7625754197195131
105 0.7625754197195131
106 0.2637302439003562
107 0.2637302439003562
108 0.31609259570920895
109 0.31609259570920895
110 0.4207585456784346
111 0.4207585456784346
112 1.1434699876382297
113 1.1434699876382297
114 0.1
115 0.1
116 0.7774513061914969
117 0.7774513061914969
118 0.1
119 0.1
120 0.8317322485188943
121 0.8317322485188943
122 0.699123992434665
123 0.699123992434665
124 0.6357189924532526
125 0.6357189924532526
126 0.9183937220529155
127 0.9183937220529155
128 0.937720855690882
129 0.937720855690882
130 0.1
131 0.1
132 0.18235230475865477
133 0.18235230475865477
134 0.8619434334241962
135 0.8619434334241962
136 0.8394744347045086
137 0.8394744347045086
138 0.5811308505705541
139 0.5811308505705541
140 0.17463849530708742
141 0.17463849530708742
142 0.466716346068913
143 0.466716346068913
144 0.14846623280282534
145 0.14846623280282534
146 1.2089995567832033
147 1.2089995567832033
148 0.43799527643288505
149 0.43799527643288505
150 0.9719388464251055
151 0.9719388464251055
152 0.5851897785770718
153 0.5851897785770718
154 0.1
155 0.1
156 1.5829705381565344
157 1.5829705381565344
158 0.5849430812072476
159 0.5849430812072476
160 0.4935803604299266
161 0.4935803604299266
162 1.0295949463411813
163 1.0295949463411813
164 1.2073178882199862
165 1.2073178882199862
166 1.0042076384727203
167 1.0042076384727203
168 0.1
169 0.1
170 0.5222155010500371
171 0.5222155010500371
172 0.8760408066735904
173 0.8760408066735904
174 0.18817196767742866
175 0.18817196767742866
176 0.3926786054168845
177 0.3926786054168845
178 0.7943127194444308
179 0.7943127194444308
180 0.5139256587055425
181 0.5139256587055425
182 0.79089778620469
183 0.79089778620469
184 0.9507990152364891
185 0.9507990152364891
186 0.2262724174044356
187 0.2262724174044356
188 0.8578576926086492
189 0.8578576926086492
190 0.6431625893356485
191 0.6431625893356485
192 0.7706446086539748
193 0.7706446086539748
194 1.0365244658973076
195 1.0365244658973076
196 0.4868650933730193
197 0.4868650933730193
198 1.0614179712634493
199 1.0614179712634493
200 0.4658969810800452
201 0.4658969810800452
202 0.3875367105400545
203 0.3875367105400545
204 0.7545529979670229
205 0.7545529979670229
206 1.3349963316393088
207 1.3349963316393088
208 0.8729011117356148
209 0.8729011117356148
210 0.8422132180179386
211 0.8422132180179386
212 0.9227819966860518
213 0.9227819966860518
214 0.7115005707036809
215 0.7115005707036809
216 0.9863901746663462
217 0.9863901746663462
218 0.4506294734821916
219 0.4506294734821916
220 0.9474858629013263
221 0.9474858629013263
222 0.7493486026093432
223 0.7493486026093432
224 0.5916059754253691
225 0.5916059754253691
226 0.9547225130476094
227 0.9547225130476094
228 0.82311959748599
229 0.82311959748599
230 0.30583922628551574
231 0.30583922628551574
232 0.36196443908115433
233 0.36196443908115433
234 0.1
235 0.1
236 0.5638808614172511
237 0.5638808614172511
238 0.7988975324262659
239 0.7988975324262659
240 0.6214130859908671
241 0.6214130859908671
242 0.4770038177467397
243 0.4770038177467397
244 1.0987995040566407
245 1.0987995040566407
246 0.1
247 0.1
248 1.2206280285060251
249 1.2206280285060251
250 0.30331431889801047
251 0.30331431889801047
252 0.8581396610257179
253 0.8581396610257179
254 0.7640434611981536
255 0.7640434611981536
256 1.2098683063377156
257 1.2098683063377156
258 0.7433821933649822
259 0.7433821933649822
260 0.937046730406939
261 0.937046730406939
262 0.5625952234170382
263 0.5625952234170382
264 1.1434175215797726
265 1.1434175215797726
266 0.40628694383862385
267 0.40628694383862385
268 0.9039917573000914
269 0.9039917573000914
270 0.3728816720086209
271 0.3728816720086209
272 0.23623296472454902
273 0.23623296472454902
274 0.5044693855209672
275 0.5044693855209672
276 0.20858479465752183
277 0.20858479465752183
278 1.0343332856491685
279 1.0343332856491685
280 0.5519975345068692
281 0.5519975345068692
282 0.7628546251729912
283 0.7628546251729912
284 0.6695072092020131
285 0.6695072092020131
286 0.6695083403440952
287 0.6695083403440952
288 0.4695112111767773
289 0.4695112111767773
290 0.6147810048657585
291 0.6147810048657585
292 0.32014653543452337
293 0.32014653543452337
294 0.3058268200256858
295 0.3058268200256858
296 0.7527002762445898
297 0.7527002762445898
298 0.19440333976903879
299 0.19440333976903879
300 0.8141442764154947
301 0.8141442764154947
302 0.6523552126820623
303 0.6523552126820623
304 0.4656421361115747
305 0.4656421361115747
306 0.5238500251808851
307 0.5238500251808851
308 0.8675673561042998
309 0.8675673561042998
310 0.41902715148629177
311 0.41902715148629177
312 0.190641880904444
313 0.190641880904444
314 1.0100802195101972
315 1.0100802195101972
316 0.8476947320691395
317 0.8476947320691395
318 0.5730374711555981
319 0.5730374711555981
320 0.7946978012375494
321 0.7946978012375494
322 0.9665718298076377
323 0.9665718298076377
324 1.114779094670638
325 1.114779094670638
326 0.6792052467316788
327 0.6792052467316788
328 0.1
329 0.1
330 0.7113667590256069
331 0.7113667590256069
332 0.4573316634680884
333 0.4573316634680884
334 1.0884558522346892
335 1.0884558522346892
336 0.27453077438675527
337 0.27453077438675527
338 1.1365575862160033
339 1.1365575862160033
340 0.8807701658122516
341 0.8807701658122516
342 0.5834099452042019
343 0.5834099452042019
344 0.7828441622221092
345 0.7828441622221092
346 0.5503266741137809
347 0.5503266741137809
348 0.5192533551876407
349 0.5192533551876407
350 0.1365660646575897
351 0.1365660646575897
352 0.8450444702274205
353 0.8450444702274205
354 0.6366087557537629
355 0.6366087557537629
356 0.6072623997877938
357 0.6072623997877938
358 0.4255787122127052
359 0.4255787122127052
360 0.8834777568719141
361 0.8834777568719141
362 0.6892997032811897
363 0.6892997032811897
364 0.6266802948631236
365 0.6266802948631236
366 0.43882275031002504
367 0.43882275031002504
368 0.5903716037431874
369 0.5903716037431874
370 0.6781625933277071
371 0.6781625933277071
372 0.7763858615090613
373 0.7763858615090613
374 0.18109658986091864
375 0.18109658986091864
376 0.6099102316795219
377 0.6099102316795219
378 0.7557635230635874
379 0.7557635230635874
380 0.6615064456986992
381 0.6615064456986992
382 1.0027288949944033
383 1.0027288949944033
384 0.6306935449317992
385 0.6306935449317992
386 0.8159537836837136
387 0.8159537836837136
388 0.827664747949615
389 0.827664747949615
390 0.6729703119731907
391 0.6729703119731907
392 0.7190159110954192
393 0.7190159110954192
394 0.8225702869338211
395 0.8225702869338211
396 0.8558353984490359
397 0.8558353984490359
398 0.7098187490445358
399 0.7098187490445358
400 0.49509016665230055
401 0.49509016665230055
402 0.5610151810053172
403 0.5610151810053172
404 0.6323830792977703
405 0.6323830792977703
406 0.7866238769875066
407 0.7866238769875066
408 0.1
409 0.1
410 0.6725248343100435
411 0.6725248343100435
412 0.35187158754699344
413 0.35187158754699344
414 0.8232196159844729
415 0.8232196159844729
416 0.7748557833142111
417 0.7748557833142111
418 1.2933074637444406
419 1.2933074637444406
420 1.5791644546899066
421 1.5791644546899066
422 0.3864971820560349
423 0.3864971820560349
424 1.0820289707008053
425 1.0820289707008053
426 0.8571002293496266
427 0.8571002293496266
428 0.581281001909302
429 0.581281001909302
430 1.114477845070169
431 1.114477845070169
432 1.3477401031658838
433 1.3477401031658838
434 0.7085987151611546
435 0.7085987151611546
436 0.8857978501859538
437 0.8857978501859538
438 1.433518373120641
439 1.433518373120641
440 0.5642657571495752
441 0.5642657571495752
442 0.8403411275626331
443 0.8403411275626331
444 1.3640145635504035
445 4.134529335511267
446 4.134529335511267
447 5.8522513379600145
448 5.8522513379600145
449 1.8990098590095208
450 1.8990098590095208
451 2.6467158300434264
452 2.6467158300434264
453 3.2136848097956507
454 3.2136848097956507
455 4.671281063832589
456 4.671281063832589
457 0.5072410982288944
458 0.5072410982288944
459 0.9594193363465129
460 0.9594193363465129
461 5.852919634984984
462 5.852919634984984
463 6.383981738748674
464 6.383981738748674
465 0.4672675368946253
466 0.4672675368946253
467 2.3402152021116622
468 2.3402152021116622
469 1.6585488965587118
470 1.6585488965587118
471 1.4888566504604253
472 1.4888566504604253
473 2.5724774442673626
474 2.5724774442673626
475 4.998791723309212
476 4.998791723309212
477 3.161714269631666
478 3.161714269631666
479 5.345827291402335
480 5.345827291402335
481 3.55253617878028
482 3.55253617878028
483 5.276813280451035
484 5.276813280451035
485 5.222739898457912
486 5.222739898457912
487 3.9007043606791463
488 3.9007043606791463
489 4.086393500369227
490 4.086393500369227
491 4.459221703569796
492 4.459221703569796
493 3.6259268055216145
494 3.6259268055216145
495 2.861086434476565
496 2.861086434476565
497 0.38668549404601715
498 0.38668549404601715
499 1.6760843712399909
500 1.6760843712399909
501 3.2586258171152482
502 3.2586258171152482
503 1.669628787304628
504 1.669628787304628
505 1.446945704483071
506 1.446945704483071
507 0.1
508 0.1
509 2.2417851330991136
510 2.2417851330991136
511 0.6268086370313163
512 0.6268086370313163
513 2.4381497101948018
514 2.4381497101948018
515 0.1
516 0.1
517 2.4627322043742765
518 2.4627322043742765
519 1.792396816772392
520 1.792396816772392
521 1.5379676959702258
522 1.5379676959702258
523 1.7583982486273968
524 1.7583982486273968
525 1.2184416932508677
526 1.2184416932508677
527 3.3850484093515396
528 3.3850484093515396
529 1.0238407601031774
530 1.0238407601031774
531 1.13932390892664
532 1.13932390892664
533 0.9289588011576227
534 0.9289588011576227
535 0.270070311217681
536 0.270070311217681
537 1.2196278865212298
538 1.2196278865212298
539 1.7616843034258818
540 1.7616843034258818
541 0.6839270622931871
542 0.6839270622931871
543 1.1844937051609283
544 1.1844937051609283
545 2.2268489795275213
546 2.2268489795275213
547 1.4267027517135715
548 1.4267027517135715
549 1.660517895822749
550 1.660517895822749
551 0.10207236893215743
552 0.10207236893215743
553 1.5869205797244281
554 1.5869205797244281
555 1.742563759825677
556 1.742563759825677
557 1.5187748483287646
558 1.5187748483287646
559 1.285385635362992
560 1.285385635362992
561 1.4556227523811662
562 1.4556227523811662
563 0.8455419547673071
564 0.8455419547673071
565 1.836970476635791
566 1.836970476635791
567 2.4906674740911816
568 2.4906674740911816
569 3.334349606099585
570 3.334349606099585
571 2.877822021379256
572 2.877822021379256
573 0.940800758516265
574 0.940800758516265
575 1.13043843325197
576 1.13043843325197
577 1.638577484307772
578 1.638577484307772
579 2.3644650836558316
580 2.3644650836558316
581 0.1
582 0.1
583 1.990668320857466
584 1.990668320857466
585 1.429826785536183
586 1.429826785536183
587 1.6248533524507391
588 1.6248533524507391
589 1.7936632369766832
590 1.7936632369766832
591 1.058001865391279
592 1.058001865391279
593 0.2152309719446146
594 0.2152309719446146
595 0.6841677255058961
596 0.6841677255058961
597 2.0622107617421217
598 2.0622107617421217
599 1.4246811460467272
600 1.4246811460467272
601 0.6653860147285393
602 0.6653860147285393
603 1.5374529302002717
604 1.5374529302002717
605 0.8185759100517287
606 0.8185759100517287
607 1.490507250848337
608 1.490507250848337
609 0.524905946094604
610 1.5762312842764752
611 1.5762312842764752
612 6.155384715661842
613 6.155384715661842
614 1.4882990021088547
615 1.4882990021088547
616 3.1643097650001706
617 3.1643097650001706
618 0.43046060528135
619 0.43046060528135
620 2.63466773782221
621 2.63466773782221
622 3.489474528470324
623 3.489474528470324
624 1.2783384748202336
625 1.2783384748202336
626 4.5518493569001635
627 4.5518493569001635
628 4.061860095837645
629 4.061860095837645
630 2.7494394952829584
631 2.7494394952829584
632 2.660228670784792
633 2.660228670784792
634 0.1
635 0.1
636 1.389809385385039
637 1.389809385385039
638 3.426109788080104
639 3.426109788080104
640 3.9737737658397867
641 3.9737737658397867
642 5.5768016651051475
643 5.5768016651051475
644 5.216290859214926
645 5.216290859214926
646 3.2603032090810418
647 3.2603032090810418
648 1.6157499537727023
649 1.6157499537727023
650 3.3241669117286943
651 3.3241669117286943
652 2.3420004443776836
653 2.3420004443776836
654 3.4927615868414827
655 3.4927615868414827
656 1.2553501004814591
657 1.2553501004814591
658 1.007525138681709
659 1.007525138681709
660 2.321103179887492
661 2.321103179887492
662 4.07878660345865
663 4.07878660345865
664 1.591929201035815
665 1.591929201035815
666 1.8012407364075418
667 1.8012407364075418
668 0.2674815494473948
669 0.2674815494473948
670 3.8745365214757106
671 3.8745365214757106
672 3.8842194187524286
673 3.8842194187524286
674 2.2674049981040234
675 2.2674049981040234
676 1.9086497988723812
677 1.9086497988723812
678 1.1585255253766156
679 1.1585255253766156
680 3.445429392993842
681 3.445429392993842
682 2.8131278601850958
683 2.8131278601850958
684 4.632015716840245
685 4.632015716840245
686 3.414027971962319
687 3.414027971962319
688 5.40005185442603
689 5.40005185442603
690 2.984885805200646
691 2.984885805200646
692 4.107679162883229
693 0.9133134033858543
694 0.9133134033858543
695 0.7125535178483743
696 0.7125535178483743
697 0.6701337148283009
698 0.6701337148283009
699 0.2554884171635906
700 0.2554884171635906
701 0.99726104204812
702 0.99726104204812
703 0.6331697124885721
704 0.6331697124885721
705 0.6058494109169456
706 0.6058494109169456
707 1.0785366527342126
708 1.0785366527342126
709 0.4847681216079268
710 0.4847681216079268
711 0.7635990479755401
712 0.7635990479755401
713 0.5710226352989338
714 0.5710226352989338
715 0.5949530944577028
716 0.5949530944577028
717 1.1863903900800783
718 1.1863903900800783
719 0.36861190221325285
720 0.36861190221325285
721 0.515353429838
722 0.515353429838
723 0.40342937458549116
724 0.40342937458549116
725 0.9636808745538263
726 0.9636808745538263
727 0.6341090493412447
728 0.6341090493412447
729 0.49389416343155434
730 0.49389416343155434
731 0.9658033380344884
732 0.9658033380344884
733 1.091337825862439
734 1.091337825862439
735 0.8494643324663418
736 0.8494643324663418
737 0.6542367716960964
738 0.6542367716960964
739 0.3007111890951858
740 0.3007111890951858
741 0.8246737445231738
742 0.8246737445231738
743 0.9133791771368036
744 0.9133791771368036
745 1.1783715978564802
746 1.1783715978564802
747 0.6015223019754616
748 0.6015223019754616
749 0.7543401811915033
750 0.7543401811915033
751 0.7125760419673094
752 0.7125760419673094
753 0.7852045474936356
754 0.7852045474936356
755 0.3911826415957663
756 0.3911826415957663
757 0.6082337111470657
758 0.6082337111470657
759 0.7216408668089194
760 0.7216408668089194
761 0.44885919274600566
762 0.44885919274600566
763 1.265594273124131
764 1.265594273124131
765 0.432399657793307
766 0.432399657793307
767 0.1
768 0.1
769 0.8931002269056254
770 0.8931002269056254
771 0.1
772 0.1
773 0.1138037226032853
774 0.1138037226032853
775 0.6675907737408384
776 0.6675907737408384
777 0.7784706268760209
778 1.570348915816463
779 1.570348915816463
780 3.0219356781198954
781 3.0219356781198954
782 1.0617962104386496
783 1.0617962104386496
784 1.7086481346623965
785 1.7086481346623965
786 2.403304338916718
787 2.403304338916718
788 2.8326796934704537
789 2.8326796934704537
790 3.340861793264274
791 3.340861793264274
792 1.539582161010742
793 1.539582161010742
794 1.4660824538520343
795 1.4660824538520343
796 1.61875408096946
797 1.61875408096946
798 1.2405323675428512
799 1.2405323675428512
800 2.847957520853545
801 2.847957520853545
802 0.8331958704348403
803 0.8331958704348403
804 1.835614351764673
805 1.835614351764673
806 2.197924069407247
807 2.197924069407247
808 1.7093961761216232
809 1.7093961761216232
810 1.3114735237759416
811 1.3114735237759416
812 0.6488520287658002
813 0.6488520287658002
814 3.9802197044172685
815 3.9802197044172685
816 1.871232300469448
817 1.871232300469448
818 1.1988027656096847
819 1.1988027656096847
820 1.962862360918075
821 1.962862360918075
822 1.5503737875400987
823 1.5503737875400987
824 1.5972436352268866
825 1.5972436352268866
826 1.5763063913484108
827 1.5763063913484108
828 3.1476461860747795
829 3.1476461860747795
830 2.0773725267422036
831 2.0773725267422036
832 3.24158779659603
833 3.24158779659603
834 1.0813630582360052
835 1.0813630582360052
836 1.0786148346786906
837 1.0786148346786906
838 1.4159760282233194
839 1.4159760282233194
840 2.769321657900904
841 2.769321657900904
842 2.431425342276179
843 2.431425342276179
844 2.4542533238164657
845 2.4542533238164657
846 2.4927094896629054
847 2.4927094896629054
848 1.1929614366341865
849 1.1929614366341865
850 2.9938140991039814
851 2.9938140991039814
852 2.5129051245790253
853 2.5129051245790253
854 1.8072287851169322
855 1.8072287851169322
856 2.4269946876900526
857 2.4269946876900526
858 1.618777483752004
859 1.618777483752004
860 1.1391814327474359
861 1.1391814327474359
862 3.9361005736186323
863 3.9361005736186323
864 1.3987937860191764
865 1.3987937860191764
866 2.296320154225562
867 2.296320154225562
868 2.6499514307637972
869 2.6499514307637972
870 2.074482357644205
871 2.074482357644205
872 0.1
873 0.1
874 1.8345195332938837
875 1.8345195332938837
876 1.5329268156379008
877 1.5329268156379008
878 1.3325590679154597
879 1.3325590679154597
880 2.2336900949308003
881 2.2336900949308003
882 1.9805942090668682
883 1.9805942090668682
884 1.33067567169955
885 1.33067567169955
886 1.466522333159003
887 1.466522333159003
888 2.6273456772572183
889 2.6273456772572183
890 3.492368207631896
891 3.492368207631896
892 1.513165403947006
893 1.513165403947006
894 1.6596325048672693
895 1.6596325048672693
896 2.548575219785607
897 2.548575219785607
898 1.5918197177356854
899 1.5918197177356854
900 1.2606109442651494
901 1.2606109442651494
902 2.0141335789974426
903 2.0141335789974426
904 2.188413590562868
905 2.188413590562868
906 3.654480228116537
907 3.654480228116537
908 1.2438719751174514
909 1.2438719751174514
910 0.7716699291955806
911 0.7716699291955806
912 2.1431847138958515
913 2.1431847138958515
914 2.3602091959012266
915 2.3602091959012266
916 2.7819832618250535
917 2.7819832618250535
918 1.9800687995737105
919 1.9800687995737105
920 1.8777255706070264
921 1.8777255706070264
922 1.4037045222396345
923 1.4037045222396345
924 2.8774384079533837
925 2.8774384079533837
926 0.2362100992642968
927 0.2362100992642968
928 2.052872500137968
929 2.052872500137968
930 0.4065969805464833
931 0.4065969805464833
932 2.6791158963582515
933 2.6791158963582515
934 0.44323412218116465
935 0.44323412218116465
936 1.3775668292867143
937 1.3775668292867143
938 2.0008631480958474
939 2.0008631480958474
940 1.831687111869795
941 1.831687111869795
942 0.9272083712656287
943 0.9272083712656287
944 2.530421527483357
945 2.530421527483357
946 1.9010969440979566
947 1.9010969440979566
948 1.3179460391329538
949 1.3179460391329538
950 1.3705714409994576
951 1.3705714409994576
952 2.4859079166079074
953 0.5707302683233996
954 0.5707302683233996
955 1.410168878850024
956 1.410168878850024
957 1.0811062908967366
958 1.0811062908967366
959 0.9369979112699733
960 0.9369979112699733
961 1.6938568430492844
962 1.6938568430492844
963 1.6090903263748473
964 1.6090903263748473
965 0.5080271281577418
966 0.5080271281577418
967 0.509030430818462
968 0.509030430818462
969 1.0115481654221234
970 1.0115481654221234
971 0.43345294878756446
972 0.43345294878756446
973 1.5694627950109856
974 1.5694627950109856
975 1.6686581686316422
976 1.6686581686316422
977 1.4586320658191294
978 1.4586320658191294
979 1.583997795071693
980 1.583997795071693
981 1.302822707202333
982 1.302822707202333
983 1.1243798719679154
984 1.1243798719679154
985 1.620815151893368
986 1.620815151893368
987 1.8048157559150062
988 1.8048157559150062
989 1.1516708896865182
990 1.1516708896865182
991 1.3135282711112746
992 1.3135282711112746
993 1.368926138681033
994 1.368926138681033
995 1.9275300550163097
996 1.9275300550163097
997 1.0624949136286626
998 1.0624949136286626
999 1.0287770915507186
1000 1.0287770915507186
1001 0.1
1002 0.1
1003 0.8798592183729383
1004 0.8798592183729383
1005 0.8160265983238426
1006 0.8160265983238426
1007 1.11566092268951
1008 1.11566092268951
1009 0.7780604125474386
1010 0.7780604125474386
1011 1.141892426838379
1012 1.141892426838379
1013 3.1062385145006353
1014 3.1062385145006353
1015 1.297336811966328
1016 1.297336811966328
1017 1.4511703361150181
1018 1.4511703361150181
1019 0.7986270392613417
1020 0.7986270392613417
1021 1.409209253349674
1022 1.409209253349674
1023 0.6316329700492898
1024 0.6316329700492898
1025 1.7394648358861244
1026 1.7394648358861244
1027 1.348969592245555
1028 1.348969592245555
1029 0.8107400954684281
1030 0.8107400954684281
1031 1.259186481978155
1032 1.259186481978155
1033 0.6991267950786775
1034 0.6991267950786775
1035 1.7872186938114287
1036 1.7872186938114287
1037 1.8946607830503157
1038 1.8946607830503157
1039 1.040712076301528
1040 1.040712076301528
1041 0.8933226700734476
1042 0.8933226700734476
1043 0.5195203039683446
1044 0.5195203039683446
1045 0.5551781060203301
1046 0.5551781060203301
1047 1.6322958559679828
1048 1.6322958559679828
1049 1.0745832030572902
1050 1.0745832030572902
1051 1.331624956448016
1052 1.331624956448016
1053 1.0575988291864906
1054 1.0575988291864906
1055 1.3674377261044413
1056 1.3674377261044413
1057 1.2723432073468657
1058 1.2723432073468657
1059 1.2721367662446574
1060 1.2721367662446574
1061 1.3214530499783583
1062 1.3214530499783583
1063 1.4549770129882638
1064 1.4549770129882638
1065 1.7773242579333988
1066 1.7773242579333988
1067 1.572214612907013
1068 1.572214612907013
1069 1.265854708710304
1070 1.265854708710304
1071 1.595910471981811
1072 1.595910471981811
1073 1.2925837710019097
1074 1.2925837710019097
1075 2.1473357138566005
1076 2.1473357138566005
1077 0.6822318310403108
1078 0.6822318310403108
1079 0.5094698107441968
1080 0.5094698107441968
1081 1.6707344915422775
1082 1.6707344915422775
1083 2.726574226494973
1084 2.726574226494973
1085 1.8350269515423157
1086 1.8350269515423157
1087 1.4348521375808814
1088 1.4348521375808814
1089 0.1
1090 0.1
1091 0.9517600696849757
1092 0.9517600696849757
1093 0.9949415789678375
1094 0.9949415789678375
1095 0.1
1096 0.1
1097 0.8886562125682026
1098 0.8886562125682026
1099 1.1337661867653528
1100 1.1337661867653528
1101 0.45389002797492584
1102 0.45389002797492584
1103 1.5073052129403015
1104 1.5073052129403015
1105 1.592265836529761
1106 1.592265836529761
1107 0.7863020546420288
1108 0.7863020546420288
1109 0.2768477777777929
1110 0.2768477777777929
1111 0.712048975997239
1112 0.712048975997239
1113 0.9867087538335876
1114 0.9867087538335876
1115 0.5251555355119856
1116 0.5251555355119856
1117 1.4928473958471722
1118 1.4928473958471722
1119 1.8520035580940197
1120 1.8520035580940197
1121 1.552390999857508
1122 1.552390999857508
1123 0.249157078196363
1124 0.249157078196363
1125 1.019816992516311
1126 1.019816992516311
1127 0.29007662267725853
1128 0.29007662267725853
1129 0.8027701222531369
1130 0.8027701222531369
1131 2.0041078277515822
1132 2.0041078277515822
1133 0.9910329674069053
1134 0.9910329674069053
1135 0.9112263986815464
1136 0.9112263986815464
1137 0.7666729840730682
1138 0.7666729840730682
1139 0.405021394732214
1140 0.405021394732214
1141 1.3421277755708738
1142 1.3421277755708738
1143 1.240736856036123
1144 1.240736856036123
1145 0.7346932124695231
1146 0.7346932124695231
1147 0.1
1148 0.1
1149 1.222357897331216
1150 2.362190725122652
1151 2.362190725122652
1152 2.6186403550819337
1153 2.6186403550819337
1154 4.185320123670699
1155 4.185320123670699
1156 2.6221472430013684
1157 2.6221472430013684
1158 2.4787076440712044
1159 2.4787076440712044
1160 1.5284106260632315
1161 1.5284106260632315
1162 4.154293485305214
1163 4.154293485305214
1164 1.33509931610667
1165 1.33509931610667
1166 2.276638433519356
1167 2.276638433519356
1168 2.7158241757593973
1169 2.7158241757593973
1170 3.0669990230646036
1171 3.0669990230646036
1172 3.1994002615761143
1173 3.1994002615761143
1174 2.7433392693495042
1175 2.7433392693495042
1176 2.977206575172239
1177 2.977206575172239
1178 2.5773406274352237
1179 2.5773406274352237
1180 3.1938979254486695
1181 3.1938979254486695
1182 1.1730336212053871
1183 1.1730336212053871
1184 2.787318079213245
1185 2.787318079213245
1186 0.35207031290070345
1187 0.35207031290070345
1188 0.8450836387396246
1189 0.8450836387396246
1190 1.945138700924143
1191 1.945138700924143
1192 4.318343275064826
1193 4.318343275064826
1194 1.9285525883759047
1195 1.9285525883759047
1196 0.7419921296510958
1197 0.7419921296510958
1198 2.800011020883317
1199 2.800011020883317
1200 5.763433488279613
1201 5.763433488279613
1202 3.47442646199604
1203 3.47442646199604
1204 7.329328046698725
1205 7.329328046698725
1206 2.096330276577391
1207 2.096330276577391
1208 5.098216968016895
1209 5.098216968016895
1210 6.999728131489172
1211 6.999728131489172
1212 5.639754805581688
1213 5.639754805581688
1214 5.72744128956
1215 5.72744128956
1216 7.560925716167551
1217 7.560925716167551
1218 6.631044565221327
1219 6.631044565221327
1220 8.164442465384239
1221 8.164442465384239
1222 8.399896605972984
1223 8.399896605972984
1224 0.1
1225 0.1
1226 3.5723627146270567
1227 3.5723627146270567
1228 3.140244636703554
1229 3.140244636703554
1230 0.7767577849353091
1231 0.7767577849353091
1232 2.0370568291149027
1233 2.0370568291149027
1234 7.030042321229606
1235 7.030042321229606
1236 3.938675747481598
1237 3.938675747481598
1238 3.4862162027282766
1239 3.4862162027282766
1240 1.4930448594982115
1241 1.4930448594982115
1242 3.896547545786912
1243 3.896547545786912
1244 4.014039876536762
1245 4.014039876536762
1246 5.789684659773469
1247 5.789684659773469
1248 2.0484387174735064
1249 2.0484387174735064
1250 3.8813471030325988
1251 3.8813471030325988
1252 4.210516133990783
1253 4.210516133990783
1254 0.1
1255 0.1
1256 0.7955811288182533
1257 0.7955811288182533
1258 4.112834946526318
1259 4.112834946526318
1260 5.004528839089257
1261 5.004528839089257
1262 4.183669670420211
1263 4.183669670420211
1264 3.6855331625830425
1265 3.6855331625830425
1266 0.316397315378107
1267 0.316397315378107
1268 2.620683793710826
1269 2.620683793710826
1270 2.2030051372218886
1271 2.2030051372218886
1272 4.992915785144841
1273 4.992915785144841
1274 3.556205101246121
1275 3.556205101246121
1276 3.654610621386054
1277 3.654610621386054
1278 2.922523880862329
1279 2.922523880862329
1280 3.2850724696292692
1281 3.2850724696292692
1282 1.6532060205698258
1283 1.6532060205698258
1284 3.022367655053278
1285 3.022367655053278
1286 4.85483312052578
1287 4.85483312052578
1288 5.1455461456120215
1289 5.1455461456120215
1290 1.3955166796595246
1291 1.3955166796595246
1292 4.633476309211012
1293 4.633476309211012
1294 5.000483092711402
1295 5.000483092711402
1296 1.3434414398198684
1297 1.3434414398198684
1298 4.729116347451968
1299 4.729116347451968
1300 6.132408619435026
1301 6.132408619435026
1302 2.900555839224054
1303 2.900555839224054
1304 2.235086319405311
1305 2.235086319405311
1306 5.756042425018181
1307 5.756042425018181
1308 4.658120778909752
1309 4.658120778909752
1310 3.558986558820059
1311 3.558986558820059
1312 2.606584909040303
1313 2.606584909040303
1314 3.776087733198343
1315 3.776087733198343
1316 3.4176864225861405
1317 3.4176864225861405
1318 0.1
1319 0.1
1320 4.005886889824324
1321 4.005886889824324
1322 4.911338696461776
1323 4.911338696461776
1324 2.7215832214169446
1325 2.7215832214169446
1326 7.4406049653966715
1327 7.4406049653966715
1328 3.8358635347264616
1329 3.8358635347264616
1330 0.1353390267686585
1331 0.1353390267686585
1332 4.332867229416301
1333 4.332867229416301
1334 1.289705878749043
1335 1.289705878749043
1336 3.309362165306115
1337 3.309362165306115
1338 0.9169577294190354
1339 0.9169577294190354
1340 3.6313754023945197
1341 3.6313754023945197
1342 1.2313565927554793
1343 1.2313565927554793
1344 2.6843586470989935
1345 2.6843586470989935
1346 0.5150757288004075
1347 0.5150757288004075
1348 1.6451574562610844
1349 1.6451574562610844
1350 2.8670263325817658
1351 2.8670263325817658
1352 2.175375496674653
1353 2.175375496674653
1354 1.994656416417813
1355 1.994656416417813
1356 1.3237285307174649
1357 1.3237285307174649
1358 2.6019078105199918
1359 2.6019078105199918
1360 2.7268974409430102
1361 2.7268974409430102
1362 3.8322833630854207
1363 3.8322833630854207
1364 3.5642991499203838
1365 3.5642991499203838
1366 3.672653696903334
1367 3.672653696903334
1368 1.6248407034323304
1369 1.6248407034323304
1370 1.5738433969844905
1371 1.5738433969844905
1372 2.5158912946459555
1373 2.5158912946459555
1374 1.707795664827291
1375 1.707795664827291
1376 2.071947945456856
1377 2.071947945456856
1378 1.7341259732130518
1379 1.7341259732130518
1380 2.747753446941691
1381 2.747753446941691
1382 3.1513992806037567
1383 3.1513992806037567
1384 1.5053373278561355
1385 1.5053373278561355
1386 1.215467805979681
1387 1.215467805979681
1388 1.6584935953035758
1389 1.6584935953035758
1390 1.3673550242525703
1391 1.3673550242525703
1392 1.1504205087480166
1393 1.1504205087480166
1394 2.2052212991992133
1395 2.2052212991992133
1396 1.7729428402380958
1397 1.7729428402380958
1398 2.6984314715808333
1399 2.6984314715808333
1400 2.798722806975905
1401 2.798722806975905
1402 0.5088961090313517
1403 0.5088961090313517
1404 3.415809482693171
1405 3.415809482693171
1406 1.7549730582644256
1407 1.7549730582644256
1408 0.3580670149483649
1409 0.3580670149483649
1410 1.0757379545966854
1411 1.0757379545966854
1412 1.3498021223208636
1413 1.3498021223208636
1414 2.9844185828577703
1415 2.9844185828577703
1416 2.8785705347998842
1417 2.8785705347998842
1418 1.169725381416575
1419 1.169725381416575
1420 2.2443884630691286
1421 2.2443884630691286
1422 1.1274684297914614
1423 1.1274684297914614
1424 2.010049272679314
1425 2.010049272679314
1426 0.551999116111427
1427 0.551999116111427
1428 2.3508406158110873
1429 2.3508406158110873
1430 2.536204849054834
1431 2.536204849054834
1432 2.5155332329203572
1433 2.5155332329203572
1434 2.282536461683404
1435 2.282536461683404
1436 2.664064938442476
1437 2.664064938442476
1438 0.993646045153374
1439 0.993646045153374
1440 2.994456885763334
1441 2.994456885763334
1442 3.3234759261020894
1443 3.3234759261020894
1444 2.416345864360614
1445 2.416345864360614
1446 0.6653179684904953
1447 0.6653179684904953
1448 1.2749307574433077
1449 1.2749307574433077
1450 3.809606308622568
1451 3.809606308622568
1452 1.214100566755108
1453 1.214100566755108
1454 3.5616661000911103
1455 3.5616661000911103
1456 2.092232331697188
1457 2.092232331697188
1458 0.8961819083922893
1459 0.8961819083922893
1460 3.055200519696103
1461 3.055200519696103
1462 1.9711139263162363
1463 1.9711139263162363
1464 2.5673279754288516
1465 2.5673279754288516
1466 2.203908934306846
1467 2.203908934306846
1468 2.772041969173836
1469 2.772041969173836
1470 2.136543596214018
1471 2.136543596214018
1472 0.8386019032505843
1473 0.8386019032505843
1474 2.647478946216043
1475 2.647478946216043
1476 0.7850299392345881
1477 0.7850299392345881
1478 1.1940490002958417
1479 1.1940490002958417
1480 1.540958686911243
1481 1.540958686911243
1482 2.922577679764391
1483 2.922577679764391
1484 3.565377160534604
1485 3.565377160534604
1486 1.8258050026830115
1487 1.8258050026830115
1488 2.1269361884911224
1489 2.1269361884911224
1490 3.0777416131946027
1491 3.0777416131946027
1492 1.4504610107194726
1493 1.4504610107194726
1494 1.0256603161208173
1495 1.0256603161208173
1496 1.7486132147352489
1497 1.7486132147352489
1498 1.3302079208494748
1499 1.3302079208494748
1500 2.2744927402038795
1501 2.2744927402038795
1502 2.940809066930967
1503 2.940809066930967
1504 4.223848531114209
1505 4.223848531114209
1506 1.0085437977793625
1507 1.0085437977793625
1508 2.7487999137530514
1509 2.7487999137530514
1510 2.6754649926893417
1511 2.6754649926893417
1512 1.7110904689313422
1513 1.7110904689313422
1514 1.6037957846914952
1515 1.6037957846914952
1516 0.7420450284952158
1517 0.7420450284952158
1518 1.6003365778465184
1519 1.6003365778465184
1520 3.3524788517878767
1521 3.3524788517878767
1522 2.605792313975641
1523 2.605792313975641
1524 0.1
1525 0.1
1526 1.380527903334119
1527 1.380527903334119
1528 3.625930000061536
1529 3.625930000061536
1530 2.6885201881287424
1531 2.6885201881287424
1532 1.2960400365290274
1533 1.2960400365290274
1534 1.5455079363435968
1535 1.5455079363435968
1536 2.1363887118066414
1537 2.1363887118066414
1538 2.1531921444805846
1539 2.1531921444805846
1540 1.9932475742195621
1541 1.9932475742195621
1542 0.1
1543 0.1
1544 1.6297204889307493
1545 1.6297204889307493
1546 0.7693405669234141
1547 5.190836602808726
1548 5.190836602808726
1549 4.16225171525581
1550 4.16225171525581
1551 2.601114992469805
1552 2.601114992469805
1553 2.1969025416184227
1554 2.1969025416184227
1555 3.0170540547201488
1556 3.0170540547201488
1557 5.392411955616829
1558 5.392411955616829
1559 3.2942849819119537
1560 3.2942849819119537
1561 4.925311706416673
1562 4.925311706416673
1563 4.334203440995061
1564 4.334203440995061
1565 3.9200642590458212
1566 3.9200642590458212
1567 3.252485405539111
1568 3.252485405539111
1569 2.5796100440307246
1570 2.5796100440307246
1571 4.626749713801452
1572 4.626749713801452
1573 4.947986943001914
1574 4.947986943001914
1575 0.9745748963560392
1576 0.9745748963560392
1577 1.3331604831755346
1578 1.3331604831755346
1579 2.1112387317079646
1580 2.1112387317079646
1581 3.58093306015024
1582 3.58093306015024
1583 5.475404947974505
1584 5.475404947974505
1585 3.5601836837668563
1586 3.5601836837668563
1587 5.872941670410354
1588 5.872941670410354
1589 0.841473736026455
1590 0.841473736026455
1591 3.7489641687011663
1592 3.7489641687011663
1593 4.078001018285351
1594 4.078001018285351
1595 4.6501738404887885
1596 4.6501738404887885
1597 3.6891403345866505
1598 3.6891403345866505
1599 2.4931433769006537
1600 2.4931433769006537
1601 2.2134905614119424
1602 2.2134905614119424
1603 2.2953730743906293
1604 2.2953730743906293
1605 4.867497877144275
1606 2.988630794058733
1607 2.988630794058733
1608 2.293702998749481
1609 2.293702998749481
1610 7.3548712973681125
1611 7.3548712973681125
1612 6.579426012887694
1613 6.579426012887694
1614 2.5417860829771772
1615 2.5417860829771772
1616 3.7740408318503023
1617 3.7740408318503023
1618 5.504789506806132
1619 5.504789506806132
1620 3.8072490352565502
1621 3.8072490352565502
1622 6.307640299076372
1623 6.307640299076372
1624 8.454303369765363
1625 8.454303369765363
1626 4.370323315794249
1627 4.370323315794249
1628 4.1182445920240385
1629 4.1182445920240385
1630 2.5719754768100396
1631 2.5719754768100396
1632 4.673859305787106
1633 4.673859305787106
1634 0.8506800732539723
1635 0.8506800732539723
1636 1.9645709276095529
1637 1.9645709276095529
1638 4.223968939013411
1639 4.223968939013411
1640 4.100731700183064
1641 4.100731700183064
1642 2.271613943534401
1643 2.271613943534401
1644 3.595158305256358
1645 3.595158305256358
1646 3.598188837917016
1647 3.598188837917016
1648 3.8727132254713013
1649 3.8727132254713013
1650 3.3158242102979
1651 3.3158242102979
1652 6.3314770252429025
1653 6.3314770252429025
1654 3.912855228360263
1655 3.912855228360263
1656 3.231458316202793
1657 3.231458316202793
1658 0.1
1659 0.1
1660 3.3020968348142006
1661 3.3020968348142006
1662 5.750218167751164
1663 5.750218167751164
1664 6.351627357720938
1665 6.351627357720938
1666 1.5728764928445975
1667 1.5728764928445975
1668 1.7504077111472398
1669 1.7504077111472398
1670 2.7724625346212144
1671 2.7724625346212144
1672 3.225747702284682
1673 3.225747702284682
1674 5.453576251684458
1675 5.453576251684458
1676 5.356101310171212
1677 5.356101310171212
1678 2.374012479765261
1679 2.374012479765261
1680 1.9791492082543596
1681 1.9791492082543596
1682 6.902109329339245
1683 6.902109329339245
1684 4.9969467067928
1685 4.9969467067928
1686 6.999579956285055
1687 6.999579956285055
1688 0.6870320561191505
1689 0.6870320561191505
1690 2.203818021056433
1691 2.203818021056433
1692 2.265184321604295
1693 2.265184321604295
1694 6.045829829888835
1695 6.045829829888835
1696 2.757195557866522
1697 2.757195557866522
1698 2.2706321912494
1699 2.2706321912494
1700 6.663584142338622
1701 6.663584142338622
1702 3.36615809477235
1703 3.36615809477235
1704 6.6357478941459656
1705 6.6357478941459656
1706 3.5082842260761975
1707 3.5082842260761975
1708 10.134583664362616
1709 10.134583664362616
1710 4.192296019319558
1711 4.192296019319558
1712 3.628058669138806
1713 3.628058669138806
1714 5.016985482303618
1715 5.016985482303618
1716 2.6265024445406846
1717 2.6265024445406846
1718 3.9112771111521116
1719 3.9112771111521116
1720 0.34915034017828006
1721 0.34915034017828006
1722 1.2279825130061455
1723 1.2279825130061455
1724 3.499525908281248
1725 3.499525908281248
1726 7.146201757623666
1727 7.146201757623666
1728 5.59178212106857
1729 5.59178212106857
1730 3.6014425703013835
1731 3.6014425703013835
1732 4.082693761847943
1733 4.082693761847943
1734 1.8248049202828858
1735 1.8248049202828858
1736 3.9653608967452922
1737 3.9653608967452922
1738 6.165589608811567
1739 6.165589608811567
1740 3.423266481162288
1741 3.423266481162288
1742 5.0081525297487195
1743 5.0081525297487195
1744 6.170801086455487
1745 6.170801086455487
1746 5.827629246801106
1747 5.827629246801106
1748 5.95626204232112
1749 5.95626204232112
1750 0.1
1751 0.1
1752 8.995995615752513
1753 8.995995615752513
1754 1.0648649612019958
1755 1.0648649612019958
1756 7.669501485403936
1757 7.669501485403936
1758 3.682550384896506
1759 3.682550384896506
1760 5.981787024599432
1761 5.981787024599432
1762 4.02381291733182
1763 4.02381291733182
1764 4.137175385905383
1765 4.137175385905383
1766 3.4465842943774296
1767 3.4465842943774296
1768 2.8896447019462594
1769 2.8896447019462594
1770 5.317361947965587
1771 5.317361947965587
1772 4.503618487250332
1773 4.503618487250332
1774 3.6183082852894746
1775 3.6183082852894746
1776 6.2861147115050375
1777 6.2861147115050375
1778 2.6999425711550327
1779 2.6999425711550327
1780 5.699380416481695
1781 5.699380416481695
1782 3.005734564432193
1783 3.005734564432193
1784 4.912127637794924
1785 4.912127637794924
1786 4.549185626421334
1787 4.549185626421334
1788 5.8335054602665
1789 5.8335054602665
1790 3.9092896190696864
1791 3.9092896190696864
1792 3.4553664386088836
1793 3.4553664386088836
1794 6.894287141132837
1795 6.894287141132837
1796 2.04601374526906
1797 2.04601374526906
1798 7.350339926266027
1799 7.350339926266027
1800 4.262736920091986
1801 4.262736920091986
1802 4.925930637788483
1803 4.925930637788483
1804 3.4666412625400107
1805 3.4666412625400107
1806 3.326626766635286
1807 3.326626766635286
1808 3.4945721631238826
1809 3.4945721631238826
1810 3.2926907057978347
1811 3.2926907057978347
1812 6.350291253461326
1813 6.350291253461326
1814 3.3373313053974902
1815 3.3373313053974902
1816 0.7785811761902237
1817 0.7785811761902237
1818 3.410389641390545
1819 3.410389641390545
1820 5.75891650528193
1821 5.75891650528193
1822 3.2665373801331605
1823 3.2665373801331605
1824 3.216670976397423
1825 3.216670976397423
1826 4.973376280968572
1827 4.973376280968572
1828 0.27466427541245597
1829 0.27466427541245597
1830 4.4993081613748585
1831 4.4993081613748585
1832 7.793160614947205
1833 7.793160614947205
1834 3.6822638883007457
1835 3.6822638883007457
1836 0.6845149771847834
1837 0.6845149771847834
1838 0.4658871466009913
1839 0.4658871466009913
1840 2.9963468544027534
1841 2.9963468544027534
1842 5.424812129615138
1843 5.424812129615138
1844 2.331749965842752
1845 2.331749965842752
1846 3.8946855132464906
1847 3.8946855132464906
1848 4.638005531084907
1849 4.638005531084907
1850 4.789483891926946
1851 4.789483891926946
1852 4.886337326008813
1853 4.886337326008813
1854 5.111972402553801
1855 5.111972402553801
1856 1.1133298232573665
1857 1.1133298232573665
1858 2.4487678022727826
1859 2.4487678022727826
1860 4.384873523948637
1861 4.384873523948637
1862 2.626923256054414
1863 2.626923256054414
1864 2.2572701549534226
1865 2.2572701549534226
1866 1.2721963329524923
1867 1.2721963329524923
1868 5.754369089295817
1869 5.754369089295817
1870 0.5736542430763834
1871 0.5736542430763834
1872 3.880268983599243
1873 3.880268983599243
1874 3.3701329265227367
1875 3.3701329265227367
1876 8.639016559853617
1877 8.639016559853617
1878 0.1
1879 0.1
1880 5.112668891226683
1881 5.112668891226683
1882 5.164371623011203
1883 5.164371623011203
1884 5.4278752954230445
1885 5.4278752954230445
1886 4.055030733201213
1887 4.055030733201213
1888 4.55768141676592
1889 4.55768141676592
1890 4.079429834912858
1891 4.079429834912858
1892 0.6984997051876363
1893 0.6984997051876363
1894 3.6116793680352233
1895 3.6116793680352233
1896 2.493941668201444
1897 2.493941668201444
1898 4.211754915441139
1899 4.211754915441139
1900 4.452789902688085
1901 4.452789902688085
1902 2.18086800119449
1903 2.18086800119449
1904 5.707562753077385
1905 5.707562753077385
1906 2.822922602799316
1907 2.822922602799316
1908 4.427441946608097
1909 4.427441946608097
1910 4.328751750309446
1911 4.328751750309446
1912 2.030748975312493
1913 2.030748975312493
1914 2.2337951584693285
1915 2.2337951584693285
1916 3.247784058821477
1917 3.247784058821477
1918 1.2650893311511235
1919 1.2650893311511235
1920 1.5168907498125415
1921 1.5168907498125415
1922 1.302925786874845
1923 1.302925786874845
1924 0.22631870709965263
1925 0.22631870709965263
1926 1.9378736774131464
1927 1.9378736774131464
1928 3.4162279193291356
1929 3.4162279193291356
1930 2.7469981333971143
1931 2.7469981333971143
1932 3.276555354840725
1933 1.8786609800991516
1934 1.8786609800991516
1935 2.6653822135670975
1936 2.6653822135670975
1937 3.0480200659026297
1938 3.0480200659026297
1939 3.2802598483788614
1940 3.2802598483788614
1941 5.879296054782485
1942 5.879296054782485
1943 5.277444071436548
1944 5.277444071436548
1945 1.3994648320337761
1946 1.3994648320337761
1947 0.1
1948 0.1
1949 5.860394068068295
1950 5.860394068068295
1951 4.154842054140728
1952 4.154842054140728
1953 2.2706842727690564
1954 2.2706842727690564
1955 5.817900827349278
1956 5.817900827349278
1957 4.210798645706202
1958 4.210798645706202
1959 5.073215110484773
1960 5.073215110484773
1961 2.637701938240261
1962 2.637701938240261
1963 4.869613515371123
1964 4.869613515371123
1965 6.318810859116189
1966 6.318810859116189
1967 6.427603903542348
1968 6.427603903542348
1969 3.6380281402038324
1970 3.6380281402038324
1971 4.038102437562376
1972 4.038102437562376
1973 1.5681248763541678
1974 1.5681248763541678
1975 4.389804345854502
1976 4.389804345854502
1977 5.270827401841903
1978 5.270827401841903
1979 6.218541939650013
1980 6.218541939650013
1981 1.3765462436436655
1982 1.3765462436436655
1983 3.9529861893110976
1984 3.9529861893110976
1985 4.40952069086979
1986 4.40952069086979
1987 4.315543336159865
1988 4.315543336159865
1989 3.768342948332462
1990 3.768342948332462
1991 5.90691557614968
1992 5.90691557614968
1993 0.4427552708878624
1994 0.4427552708878624
1995 3.6668566379283574
1996 3.6668566379283574
1997 0.3508326566306401
1998 0.3508326566306401
1999 4.682069728908848
