0 2.5463874003935416
1 2.5463874003935416
2 2.5463874003935416
3 2.5463874003935416
4 2.5463874003935416
5 2.175966176296932
6 2.175966176296932
7 2.175966176296932
8 1.3624525839043322
9 1.3624525839043322
10 1.3624525839043322
11 1.3624525839043322
12 1.3624525839043322
13 1.2424446450500117
14 1.2424446450500117
15 1.2424446450500117
16 1.2424446450500117
17 1.2424446450500117
18 2.006780951244942
19 2.006780951244942
20 2.006780951244942
21 2.006780951244942
22 2.006780951244942
23 1.3913612834361384
24 1.3913612834361384
25 1.3913612834361384
26 1.3913612834361384
27 1.3913612834361384
28 1.1807063832469868
29 1.1807063832469868
30 1.1807063832469868
31 1.1807063832469868
32 1.1807063832469868
33 1.3278759891853014
34 1.3278759891853014
35 1.3278759891853014
36 1.3278759891853014
37 1.3278759891853014
38 2.145733122053488
39 3.0681863774967546
40 3.0681863774967546
41 3.0681863774967546
42 3.0681863774967546
43 3.0681863774967546
44 2.626041297006401
45 2.626041297006401
46 2.626041297006401
47 2.626041297006401
48 2.626041297006401
49 3.3219720182176538
50 3.3219720182176538
51 3.3219720182176538
52 3.3219720182176538
53 3.3219720182176538
54 3.5242050585370657
55 3.5242050585370657
56 3.5242050585370657
57 3.5242050585370657
58 3.5242050585370657
59 3.133244955694864
60 3.133244955694864
61 3.133244955694864
62 3.133244955694864
63 3.133244955694864
64 3.735406752077406
65 3.735406752077406
66 3.735406752077406
67 3.735406752077406
68 3.735406752077406
69 4.190852403279589
70 4.190852403279589
71 4.190852403279589
72 4.190852403279589
73 4.190852403279589
74 3.659966018117677
75 3.659966018117677
76 3.659966018117677
77 3.659966018117677
78 3.659966018117677
79 2.379266956530111
80 2.379266956530111
81 2.379266956530111
82 2.379266956530111
83 2.379266956530111
84 0.543901780391394
85 0.543901780391394
86 0.543901780391394
87 0.543901780391394
88 0.543901780391394
89 0.537442332101644
90 0.537442332101644
91 0.537442332101644
92 0.537442332101644
93 0.537442332101644
94 0.7534584793765602
95 0.7534584793765602
96 0.7534584793765602
97 0.7534584793765602
98 0.7534584793765602
99 0.7912900226247774
100 0.7912900226247774
101 0.7912900226247774
102 0.7912900226247774
103 0.7912900226247774
104 0.7615575769998264
105 0.7615575769998264
106 0.7615575769998264
107 0.7615575769998264
108 0.7615575769998264
109 0.5431144473142034
110 0.5431144473142034
111 0.5431144473142034
112 0.5431144473142034
113 0.5431144473142034
114 0.5549651296411893
115 0.5549651296411893
116 0.5549651296411893
117 0.5549651296411893
118 0.5549651296411893
119 0.694137852535454
120 0.694137852535454
121 0.694137852535454
122 0.694137852535454
123 0.694137852535454
124 0.6666603273369256
125 0.6666603273369256
126 0.6666603273369256
127 0.6666603273369256
128 0.6666603273369256
129 0.5905649409360656
130 0.5905649409360656
131 0.5905649409360656
132 0.5905649409360656
133 0.5905649409360656
134 0.5505528936820199
135 0.5505528936820199
136 0.5505528936820199
137 0.5505528936820199
138 0.5505528936820199
139 0.33003269583208933
140 0.33003269583208933
141 0.33003269583208933
142 0.33003269583208933
143 0.33003269583208933
144 0.6542639028086388
145 0.6542639028086388
146 0.6542639028086388
147 0.6542639028086388
148 0.6542639028086388
149 0.5296853594244213
150 0.5296853594244213
151 0.5296853594244213
152 0.5296853594244213
153 0.5296853594244213
154 0.5366237155970439
155 0.5366237155970439
156 0.5366237155970439
157 0.5366237155970439
158 0.5366237155970439
159 0.7823615968197664
160 0.7823615968197664
161 0.7823615968197664
162 0.7823615968197664
163 0.7823615968197664
164 0.7218776365546057
165 0.7218776365546057
166 0.7218776365546057
167 0.7218776365546057
168 0.7218776365546057
169 0.42347725563349525
170 0.42347725563349525
171 0.42347725563349525
172 0.42347725563349525
173 0.42347725563349525
174 0.7571060928128898
175 0.7571060928128898
176 0.7571060928128898
177 0.7571060928128898
178 0.7571060928128898
179 0.7054905726185587
180 0.7054905726185587
181 0.7054905726185587
182 0.7054905726185587
183 0.7054905726185587
184 0.692990014178388
185 0.692990014178388
186 0.692990014178388
187 0.692990014178388
188 0.692990014178388
189 0.5823985303314653
190 0.5823985303314653
191 1.8806876066404197
192 1.8806876066404197
193 1.8806876066404197
194 1.8806876066404197
195 1.8806876066404197
196 1.2605427412073598
197 1.2605427412073598
198 1.2605427412073598
199 1.2605427412073598
200 1.2605427412073598
201 2.0901336617395057
202 2.0901336617395057
203 2.0901336617395057
204 2.0901336617395057
205 2.0901336617395057
206 1.717704408306824
207 1.717704408306824
208 1.717704408306824
209 1.717704408306824
210 1.717704408306824
211 1.1786273782788934
212 1.1786273782788934
213 1.1786273782788934
214 1.1786273782788934
215 1.1786273782788934
216 0.9579893230655181
217 0.9579893230655181
218 0.9579893230655181
219 0.9579893230655181
220 0.9579893230655181
221 1.9068028447062424
222 1.9068028447062424
223 1.9068028447062424
224 1.9068028447062424
225 1.9068028447062424
226 1.49086481834756
227 1.49086481834756
228 1.49086481834756
229 1.49086481834756
230 1.49086481834756
231 1.7155471531464088
232 1.7155471531464088
233 1.7155471531464088
234 1.7155471531464088
235 0.2282426048757246
236 0.2282426048757246
237 0.2282426048757246
238 0.2282426048757246
239 0.2282426048757246
240 0.24929883826789404
241 0.24929883826789404
242 0.24929883826789404
243 0.24929883826789404
244 0.24929883826789404
245 0.2171340037271087
246 0.2171340037271087
247 0.2171340037271087
248 0.2171340037271087
249 0.2171340037271087
250 0.2054444022415505
251 0.2054444022415505
252 0.2054444022415505
253 0.2054444022415505
254 0.2054444022415505
255 0.20349123098544697
256 0.20349123098544697
257 0.20349123098544697
258 0.20349123098544697
259 0.20349123098544697
260 0.14735209840845356
261 0.14735209840845356
262 0.14735209840845356
263 0.14735209840845356
264 0.14735209840845356
265 0.2706322509399059
266 0.2706322509399059
267 0.2706322509399059
268 0.2706322509399059
269 0.2706322509399059
270 0.19845849692872183
271 0.19845849692872183
272 0.19845849692872183
273 0.19845849692872183
274 0.19845849692872183
275 0.10103231487053599
276 0.10103231487053599
277 0.10103231487053599
278 0.10103231487053599
279 0.10103231487053599
280 0.14911743998911076
281 0.14911743998911076
282 0.14911743998911076
283 0.14911743998911076
284 0.14911743998911076
285 0.20617379647995254
286 0.20617379647995254
287 0.20617379647995254
288 0.20617379647995254
289 0.20617379647995254
290 2.9337227937665853
291 2.9337227937665853
292 2.9337227937665853
293 2.9337227937665853
294 2.9337227937665853
295 3.030800123474807
296 3.030800123474807
297 3.030800123474807
298 3.030800123474807
299 3.030800123474807
300 2.6054238637751195
301 2.6054238637751195
302 2.6054238637751195
303 2.6054238637751195
304 2.6054238637751195
305 4.978207799676896
306 4.978207799676896
307 4.978207799676896
308 4.978207799676896
309 4.978207799676896
310 2.819778146648592
311 2.819778146648592
312 2.819778146648592
313 2.819778146648592
314 2.819778146648592
315 3.000819021024807
316 3.000819021024807
317 3.000819021024807
318 3.000819021024807
319 3.000819021024807
320 4.1778608927950405
321 4.1778608927950405
322 4.1778608927950405
323 4.1778608927950405
324 4.1778608927950405
325 2.7162045607734635
326 2.7162045607734635
327 2.7162045607734635
328 2.7162045607734635
329 2.7162045607734635
330 3.1180510317682852
331 3.1180510317682852
332 3.1180510317682852
333 3.1180510317682852
334 3.1180510317682852
335 2.2369805908217026
336 2.2369805908217026
337 2.2369805908217026
338 2.2369805908217026
339 2.2369805908217026
340 2.7200228202979218
341 2.7200228202979218
342 2.7200228202979218
343 2.7200228202979218
344 2.7200228202979218
345 3.7948491395851
346 3.7948491395851
347 3.7948491395851
348 3.7948491395851
349 3.7948491395851
350 3.834135289216736
351 3.834135289216736
352 3.834135289216736
353 3.834135289216736
354 3.834135289216736
355 4.248859388232563
356 4.248859388232563
357 4.248859388232563
358 4.248859388232563
359 4.248859388232563
360 3.4636787659701236
361 3.4636787659701236
362 3.4636787659701236
363 3.4636787659701236
364 3.4636787659701236
365 3.6924825933867407
366 3.6924825933867407
367 3.6924825933867407
368 3.6924825933867407
369 3.6924825933867407
370 3.1581805002003556
371 3.1581805002003556
372 3.1581805002003556
373 3.1581805002003556
374 3.1581805002003556
375 3.6952138853350602
376 3.6952138853350602
377 3.6952138853350602
378 3.6952138853350602
379 3.6952138853350602
380 3.062849700219046
381 3.062849700219046
382 3.062849700219046
383 3.062849700219046
384 4.398010381927181
385 4.398010381927181
386 4.398010381927181
387 4.398010381927181
388 2.315083344126658
389 2.315083344126658
390 2.315083344126658
391 2.315083344126658
392 2.315083344126658
393 3.036906176527346
394 3.036906176527346
395 3.036906176527346
396 3.036906176527346
397 3.036906176527346
398 2.0161817827220188
399 2.0161817827220188
400 2.0161817827220188
401 2.0161817827220188
402 2.0161817827220188
403 1.2842095244622576
404 1.2842095244622576
405 1.2842095244622576
406 1.2842095244622576
407 1.2842095244622576
408 2.9117435467236996
409 2.9117435467236996
410 2.9117435467236996
411 2.9117435467236996
412 2.9117435467236996
413 2.5820062766221086
414 2.5820062766221086
415 2.5820062766221086
416 2.5820062766221086
417 2.5820062766221086
418 2.464413118592058
419 2.464413118592058
420 2.464413118592058
421 2.464413118592058
422 2.464413118592058
423 1.999514042847478
424 1.999514042847478
425 1.999514042847478
426 1.999514042847478
427 1.999514042847478
428 2.588006855724863
429 2.588006855724863
430 2.588006855724863
431 2.588006855724863
432 2.703164776001284
433 2.703164776001284
434 2.703164776001284
435 2.703164776001284
436 2.703164776001284
437 3.1974284810414755
438 3.1974284810414755
439 3.1974284810414755
440 3.1974284810414755
441 3.1974284810414755
442 3.9218406056489368
443 3.9218406056489368
444 3.9218406056489368
445 3.9218406056489368
446 3.9218406056489368
447 5.940796230340362
448 5.940796230340362
449 5.940796230340362
450 5.940796230340362
451 3.1145062001090342
452 3.1145062001090342
453 3.1145062001090342
454 3.1145062001090342
455 3.1145062001090342
456 2.0921134059734134
457 2.0921134059734134
458 2.0921134059734134
459 2.0921134059734134
460 2.0921134059734134
461 2.6638565785073958
462 2.6638565785073958
463 2.6638565785073958
464 2.6638565785073958
465 2.6638565785073958
466 2.783367558603922
467 2.783367558603922
468 2.783367558603922
469 2.783367558603922
470 2.783367558603922
471 2.0485931387385135
472 2.0485931387385135
473 2.0485931387385135
474 2.0485931387385135
475 2.0485931387385135
476 3.0876169216332676
477 3.0876169216332676
478 3.0876169216332676
479 3.0876169216332676
480 0.6664561319769852
481 0.6664561319769852
482 0.6664561319769852
483 0.6664561319769852
484 0.6664561319769852
485 0.5917046254498585
486 0.5917046254498585
487 0.5917046254498585
488 0.5917046254498585
489 0.5917046254498585
490 0.5575326404683448
491 0.5575326404683448
492 0.5575326404683448
493 0.5575326404683448
494 0.5575326404683448
495 0.7205048777040308
496 0.7205048777040308
497 0.7205048777040308
498 0.7205048777040308
499 0.7205048777040308
500 0.7534889772183451
501 0.7534889772183451
502 0.7534889772183451
503 0.7534889772183451
504 3.7753367944666674
505 3.7753367944666674
506 3.7753367944666674
507 3.7753367944666674
508 3.7753367944666674
509 2.453352119875703
510 2.453352119875703
511 2.453352119875703
512 2.453352119875703
513 2.453352119875703
514 2.299557859022778
515 2.299557859022778
516 2.299557859022778
517 2.299557859022778
518 2.299557859022778
519 4.101836027134441
520 4.101836027134441
521 4.101836027134441
522 4.101836027134441
523 4.101836027134441
524 2.2758800746656016
525 2.2758800746656016
526 2.2758800746656016
527 2.2758800746656016
528 2.2758800746656016
529 3.120438024654878
530 3.120438024654878
531 3.120438024654878
532 3.120438024654878
533 3.120438024654878
534 3.338687637006647
535 3.338687637006647
536 3.338687637006647
537 3.338687637006647
538 3.338687637006647
539 3.4970753266978556
540 3.4970753266978556
541 3.4970753266978556
542 3.4970753266978556
543 3.4970753266978556
544 2.94784898360299
545 2.94784898360299
546 2.94784898360299
547 2.94784898360299
548 2.94784898360299
549 2.118514093373923
550 2.118514093373923
551 2.118514093373923
552 1.5862974991277663
553 1.5862974991277663
554 1.5862974991277663
555 1.5862974991277663
556 1.5862974991277663
557 1.421848109718066
558 1.421848109718066
559 1.421848109718066
560 1.421848109718066
561 1.421848109718066
562 1.8138349627161847
563 1.8138349627161847
564 1.8138349627161847
565 1.8138349627161847
566 1.8138349627161847
567 2.182337973727599
568 2.182337973727599
569 2.182337973727599
570 2.182337973727599
571 2.182337973727599
572 1.466221304134715
573 1.466221304134715
574 1.466221304134715
575 1.466221304134715
576 1.466221304134715
577 0.999969025453753
578 0.999969025453753
579 0.999969025453753
580 0.999969025453753
581 0.999969025453753
582 1.4741879726064113
583 1.4741879726064113
584 1.4741879726064113
585 1.4741879726064113
586 1.4741879726064113
587 1.7173269488071214
588 1.7173269488071214
589 1.7173269488071214
590 1.7173269488071214
591 1.7173269488071214
592 1.4759687756115254
593 1.4759687756115254
594 1.4759687756115254
595 1.4759687756115254
596 1.4759687756115254
597 1.7158090509671722
598 1.7158090509671722
599 1.7158090509671722
600 1.7158090509671722
601 1.7158090509671722
602 2.0610096352562803
603 2.0610096352562803
604 2.0610096352562803
605 2.0610096352562803
606 2.0610096352562803
607 1.741815761200324
608 1.741815761200324
609 1.741815761200324
610 1.741815761200324
611 1.741815761200324
612 1.364642865464992
613 1.364642865464992
614 1.364642865464992
615 1.364642865464992
616 1.364642865464992
617 1.1447883503237208
618 1.1447883503237208
619 1.1447883503237208
620 1.1447883503237208
621 1.1447883503237208
622 1.632528715204246
623 1.632528715204246
624 1.632528715204246
625 1.632528715204246
626 1.632528715204246
627 1.4043965532581628
628 1.4043965532581628
629 1.4043965532581628
630 1.4043965532581628
631 1.4043965532581628
632 1.737284872876625
633 1.737284872876625
634 1.737284872876625
635 1.737284872876625
636 1.737284872876625
637 1.466685408787582
638 1.466685408787582
639 1.466685408787582
640 1.466685408787582
641 1.466685408787582
642 1.2253560219739965
643 1.2253560219739965
644 1.2253560219739965
645 1.2253560219739965
646 1.2253560219739965
647 1.4567814373005148
648 1.4567814373005148
649 1.4567814373005148
650 1.4567814373005148
651 1.4567814373005148
652 1.1351396371565805
653 1.1351396371565805
654 1.1351396371565805
655 1.1351396371565805
656 1.1351396371565805
657 1.5951155512861985
658 1.5951155512861985
659 1.5951155512861985
660 1.5951155512861985
661 1.5951155512861985
662 1.8543451799831883
663 1.8543451799831883
664 1.8543451799831883
665 1.8543451799831883
666 1.8543451799831883
667 1.8567341455575344
668 1.8567341455575344
669 1.8567341455575344
670 1.8567341455575344
671 1.8567341455575344
672 1.5448484701346579
673 1.5448484701346579
674 1.5448484701346579
675 1.5448484701346579
676 1.5448484701346579
677 1.5097027386761337
678 1.5097027386761337
679 1.5097027386761337
680 1.5097027386761337
681 1.5097027386761337
682 2.0721307353090896
683 2.0721307353090896
684 2.0721307353090896
685 2.0721307353090896
686 2.0721307353090896
687 1.8558275750452882
688 1.8558275750452882
689 1.8558275750452882
690 1.8558275750452882
691 1.8558275750452882
692 2.1637384067272913
693 2.1637384067272913
694 2.1637384067272913
695 2.1637384067272913
696 1.4490155736358077
697 1.4490155736358077
698 1.4490155736358077
699 1.4490155736358077
700 1.4490155736358077
701 0.7196949185740223
702 0.7196949185740223
703 0.7196949185740223
704 0.7196949185740223
705 0.7196949185740223
706 1.024223818425834
707 1.024223818425834
708 1.024223818425834
709 1.024223818425834
710 1.024223818425834
711 1.085953463485729
712 1.085953463485729
713 1.085953463485729
714 1.085953463485729
715 1.085953463485729
716 1.1746485530614816
717 1.1746485530614816
718 1.1746485530614816
719 1.1746485530614816
720 1.1746485530614816
721 1.0103969706742575
722 1.0103969706742575
723 1.0103969706742575
724 1.0103969706742575
725 2.3406443853360765
726 2.3406443853360765
727 2.3406443853360765
728 2.3406443853360765
729 2.3406443853360765
730 1.6089992122525705
731 1.6089992122525705
732 1.6089992122525705
733 1.6089992122525705
734 1.6089992122525705
735 2.1074803173580565
736 2.1074803173580565
737 2.1074803173580565
738 2.1074803173580565
739 2.1074803173580565
740 1.6455078283367788
741 1.6455078283367788
742 1.6455078283367788
743 1.6455078283367788
744 1.6455078283367788
745 2.463841888202848
746 3.5101286304392314
747 3.5101286304392314
748 3.5101286304392314
749 3.5101286304392314
750 3.5101286304392314
751 2.555494610043492
752 2.555494610043492
753 2.555494610043492
754 2.555494610043492
755 2.555494610043492
756 2.8282998161924775
757 2.8282998161924775
758 2.8282998161924775
759 2.8282998161924775
760 2.8282998161924775
761 1.9985537218162577
762 1.9985537218162577
763 1.9985537218162577
764 1.9985537218162577
765 1.9985537218162577
766 2.2609307501037486
767 2.2609307501037486
768 2.2609307501037486
769 2.2609307501037486
770 2.2609307501037486
771 2.0849411232944193
772 2.0849411232944193
773 2.0849411232944193
774 2.0849411232944193
775 2.0849411232944193
776 1.8286676519451786
777 1.8286676519451786
778 1.8286676519451786
779 1.8286676519451786
780 1.8286676519451786
781 1.7907239609005026
782 1.7907239609005026
783 1.7907239609005026
784 1.7907239609005026
785 1.7907239609005026
786 3.009984924860447
787 3.009984924860447
788 3.009984924860447
789 3.009984924860447
790 3.009984924860447
791 3.0776776821071747
792 3.0776776821071747
793 3.0776776821071747
794 3.0776776821071747
795 3.0776776821071747
796 2.314163088049061
797 2.314163088049061
798 2.314163088049061
799 2.314163088049061
800 2.314163088049061
801 2.2175490607882247
802 2.2175490607882247
803 2.2175490607882247
804 2.2175490607882247
805 2.2175490607882247
806 2.077764604159107
807 2.077764604159107
808 2.077764604159107
809 2.077764604159107
810 2.077764604159107
811 2.18686404175258
812 2.18686404175258
813 2.18686404175258
814 2.18686404175258
815 2.18686404175258
816 2.8128649329762774
817 2.8128649329762774
818 2.8128649329762774
819 2.8128649329762774
820 2.8128649329762774
821 2.7034216757118923
822 2.7034216757118923
823 2.7034216757118923
824 2.7034216757118923
825 2.7034216757118923
826 3.1964154206138895
827 3.1964154206138895
828 3.1964154206138895
829 3.1964154206138895
830 3.1964154206138895
831 2.5854037006183375
832 2.5854037006183375
833 2.5854037006183375
834 2.5854037006183375
835 2.5854037006183375
836 1.8433167071124381
837 1.8433167071124381
838 1.8433167071124381
839 1.8433167071124381
840 1.8433167071124381
841 2.13946149944538
842 2.13946149944538
843 2.13946149944538
844 2.13946149944538
845 2.13946149944538
846 2.6285386274164004
847 2.6285386274164004
848 2.6285386274164004
849 2.6285386274164004
850 2.6285386274164004
851 2.361006139612473
852 2.361006139612473
853 2.361006139612473
854 2.361006139612473
855 2.361006139612473
856 2.4253384124815525
857 2.4253384124815525
858 2.4253384124815525
859 2.4253384124815525
860 2.4253384124815525
861 1.4931717692805089
862 1.4931717692805089
863 1.4931717692805089
864 1.4931717692805089
865 1.4931717692805089
866 2.554399653306991
867 2.554399653306991
868 2.554399653306991
869 2.554399653306991
870 2.554399653306991
871 2.2202086846998283
872 2.2202086846998283
873 2.2202086846998283
874 2.2202086846998283
875 2.2202086846998283
876 2.3299807677427777
877 2.3299807677427777
878 2.3299807677427777
879 2.3299807677427777
880 2.3299807677427777
881 2.6768274643623156
882 2.6768274643623156
883 2.6768274643623156
884 2.6768274643623156
885 2.6768274643623156
886 2.3850436956076226
887 2.3850436956076226
888 2.3850436956076226
889 2.3850436956076226
890 2.3850436956076226
891 2.3596064738148566
892 2.3596064738148566
893 2.3596064738148566
894 2.3596064738148566
895 2.3596064738148566
896 3.078938547132332
897 3.078938547132332
898 3.078938547132332
899 3.078938547132332
900 3.078938547132332
901 2.0974426478374313
902 2.0974426478374313
903 2.0974426478374313
904 2.0974426478374313
905 2.0974426478374313
906 2.785964976949667
907 2.785964976949667
908 2.785964976949667
909 2.785964976949667
910 2.785964976949667
911 2.254702117696755
912 2.254702117696755
913 2.254702117696755
914 2.254702117696755
915 2.254702117696755
916 2.3991704768427216
917 2.3991704768427216
918 2.3991704768427216
919 2.3991704768427216
920 2.3991704768427216
921 2.9256102739232777
922 2.9256102739232777
923 2.9256102739232777
924 2.9256102739232777
925 2.9256102739232777
926 2.4496499748522003
927 2.4496499748522003
928 2.4496499748522003
929 2.4496499748522003
930 2.4496499748522003
931 2.346521768180446
932 2.346521768180446
933 2.346521768180446
934 2.346521768180446
935 2.346521768180446
936 1.9794694318328308
937 1.9794694318328308
938 1.9794694318328308
939 1.9794694318328308
940 1.9794694318328308
941 1.8109309463085732
942 1.8109309463085732
943 1.8109309463085732
944 1.8109309463085732
945 1.8109309463085732
946 1.5433990520868888
947 1.5433990520868888
948 1.5433990520868888
949 1.5433990520868888
950 1.5433990520868888
951 2.3790374531823235
952 2.3790374531823235
953 2.3790374531823235
954 2.3790374531823235
955 2.3790374531823235
956 2.5513708750204738
957 2.5513708750204738
958 2.5513708750204738
959 2.5513708750204738
960 2.5513708750204738
961 2.33375609862651
962 2.33375609862651
963 2.33375609862651
964 2.33375609862651
965 2.33375609862651
966 3.3888088825774023
967 3.3888088825774023
968 3.3888088825774023
969 3.3888088825774023
970 3.3888088825774023
971 1.8664171226523165
972 1.8664171226523165
973 1.8664171226523165
974 1.8664171226523165
975 1.8664171226523165
976 3.241391114033694
977 3.241391114033694
978 3.241391114033694
979 3.241391114033694
980 3.241391114033694
981 2.319077581393463
982 2.319077581393463
983 2.319077581393463
984 2.319077581393463
985 2.319077581393463
986 2.3650376035893204
987 2.3650376035893204
988 2.3650376035893204
989 2.3650376035893204
990 2.3650376035893204
991 3.1953674974636215
992 3.1953674974636215
993 3.1953674974636215
994 3.1953674974636215
995 3.1953674974636215
996 2.69607428079203
997 2.69607428079203
998 2.69607428079203
999 2.69607428079203
1000 2.69607428079203
1001 3.016892346963254
1002 3.016892346963254
1003 3.016892346963254
1004 3.016892346963254
1005 3.016892346963254
1006 2.2042252724057443
1007 2.2042252724057443
1008 2.2042252724057443
1009 2.2042252724057443
1010 2.2042252724057443
1011 2.7214774006038485
1012 2.7214774006038485
1013 2.7214774006038485
1014 2.7214774006038485
1015 2.7214774006038485
1016 2.432002050641771
1017 2.432002050641771
1018 2.432002050641771
1019 2.432002050641771
1020 2.432002050641771
1021 2.257792640368677
1022 2.257792640368677
1023 2.257792640368677
1024 2.257792640368677
1025 2.257792640368677
1026 2.094957115151197
1027 2.094957115151197
1028 2.094957115151197
1029 2.094957115151197
1030 2.094957115151197
1031 2.1507182014877917
1032 2.1507182014877917
1033 2.1507182014877917
1034 2.1507182014877917
1035 2.1507182014877917
1036 2.6776688274985294
1037 2.6776688274985294
1038 2.6776688274985294
1039 2.6776688274985294
1040 2.6776688274985294
1041 1.9684698160460954
1042 1.9684698160460954
1043 1.9684698160460954
1044 1.9684698160460954
1045 1.9684698160460954
1046 2.761423049594487
1047 2.761423049594487
1048 2.761423049594487
1049 2.761423049594487
1050 2.761423049594487
1051 1.9750878325453398
1052 1.9750878325453398
1053 2.5592050413267717
1054 2.5592050413267717
1055 2.5592050413267717
1056 2.5592050413267717
1057 2.5592050413267717
1058 1.9924279573599575
1059 1.9924279573599575
1060 1.9924279573599575
1061 1.9924279573599575
1062 1.9924279573599575
1063 1.62607556882866
1064 1.62607556882866
1065 1.62607556882866
1066 1.62607556882866
1067 1.62607556882866
1068 1.7251380214325946
1069 1.7251380214325946
1070 1.7251380214325946
1071 1.7251380214325946
1072 1.7251380214325946
1073 2.4280714478217473
1074 2.4280714478217473
1075 2.4280714478217473
1076 2.4280714478217473
1077 2.4280714478217473
1078 1.6398138668166298
1079 1.6398138668166298
1080 1.6398138668166298
1081 1.6398138668166298
1082 1.6398138668166298
1083 1.959529220446731
1084 1.959529220446731
1085 1.959529220446731
1086 1.959529220446731
1087 1.959529220446731
1088 2.273531031137232
1089 2.273531031137232
1090 2.273531031137232
1091 2.273531031137232
1092 2.273531031137232
1093 2.172725256430745
1094 2.172725256430745
1095 2.172725256430745
1096 2.172725256430745
1097 2.172725256430745
1098 2.3553635618330966
1099 2.3553635618330966
1100 2.3553635618330966
1101 2.3553635618330966
1102 2.3553635618330966
1103 2.797028293247238
1104 2.797028293247238
1105 2.797028293247238
1106 2.797028293247238
1107 2.797028293247238
1108 1.926165976694129
1109 1.926165976694129
1110 1.926165976694129
1111 1.926165976694129
1112 1.926165976694129
1113 2.0456353554867386
1114 2.0456353554867386
1115 2.0456353554867386
1116 2.0456353554867386
1117 2.0456353554867386
1118 2.5797573320956944
1119 2.5797573320956944
1120 2.5797573320956944
1121 2.5797573320956944
1122 2.5797573320956944
1123 2.2419261586830475
1124 2.2419261586830475
1125 2.2419261586830475
1126 2.2419261586830475
1127 2.2419261586830475
1128 1.9318704635248707
1129 1.9318704635248707
1130 1.9318704635248707
1131 1.9318704635248707
1132 1.9318704635248707
1133 1.2738800744767695
1134 1.2738800744767695
1135 1.2738800744767695
1136 1.2738800744767695
1137 1.2738800744767695
1138 1.6593062019090217
1139 1.6593062019090217
1140 1.6593062019090217
1141 1.6593062019090217
1142 1.6593062019090217
1143 2.435519133801078
1144 2.435519133801078
1145 2.435519133801078
1146 2.435519133801078
1147 2.435519133801078
1148 2.633849230871897
1149 2.633849230871897
1150 2.633849230871897
1151 2.633849230871897
1152 2.633849230871897
1153 2.0262905288709265
1154 2.0262905288709265
1155 2.0262905288709265
1156 2.0262905288709265
1157 2.0262905288709265
1158 1.8748298772492735
1159 1.8748298772492735
1160 1.8748298772492735
1161 1.8748298772492735
1162 1.8748298772492735
1163 2.1500275822702233
1164 2.1500275822702233
1165 2.1500275822702233
1166 2.1500275822702233
1167 2.1500275822702233
1168 2.9749832039192956
1169 2.9749832039192956
1170 2.9749832039192956
1171 2.9749832039192956
1172 2.9749832039192956
1173 1.065177902310162
1174 1.065177902310162
1175 1.065177902310162
1176 1.065177902310162
1177 1.065177902310162
1178 1.7730037636734428
1179 1.7730037636734428
1180 1.7730037636734428
1181 1.7730037636734428
1182 1.7730037636734428
1183 1.6199138598136464
1184 1.6199138598136464
1185 1.6199138598136464
1186 1.6199138598136464
1187 1.6199138598136464
1188 2.220381112656529
1189 2.220381112656529
1190 2.220381112656529
1191 2.220381112656529
1192 2.220381112656529
1193 2.1157156992981503
1194 2.1157156992981503
1195 2.1157156992981503
1196 2.1157156992981503
1197 2.1157156992981503
1198 1.9118795315764876
1199 1.9118795315764876
1200 1.9118795315764876
1201 1.9118795315764876
1202 1.9118795315764876
1203 1.8669982157455112
1204 1.8669982157455112
1205 1.8669982157455112
1206 1.8669982157455112
1207 1.8669982157455112
1208 1.2913313746459618
1209 1.2913313746459618
1210 1.2913313746459618
1211 1.2913313746459618
1212 1.2913313746459618
1213 1.3305114916984038
1214 1.3305114916984038
1215 1.3305114916984038
1216 1.3305114916984038
1217 1.3305114916984038
1218 2.5744166230936543
1219 2.5744166230936543
1220 2.5744166230936543
1221 2.5744166230936543
1222 2.5744166230936543
1223 2.1266423203903106
1224 2.1266423203903106
1225 2.1266423203903106
1226 2.1266423203903106
1227 2.1266423203903106
1228 1.741423166681619
1229 1.741423166681619
1230 1.741423166681619
1231 1.741423166681619
1232 1.741423166681619
1233 2.242412403987581
1234 2.242412403987581
1235 2.242412403987581
1236 2.242412403987581
1237 2.242412403987581
1238 1.8965717848644834
1239 1.8965717848644834
1240 1.8965717848644834
1241 1.8965717848644834
1242 1.8965717848644834
1243 1.589052763720511
1244 1.589052763720511
1245 1.589052763720511
1246 1.589052763720511
1247 1.589052763720511
1248 2.481376356457878
1249 2.481376356457878
1250 2.481376356457878
1251 2.481376356457878
1252 2.481376356457878
1253 2.154043956188991
1254 2.154043956188991
1255 2.154043956188991
1256 2.154043956188991
1257 2.154043956188991
1258 2.103372631653744
1259 2.103372631653744
1260 2.103372631653744
1261 2.103372631653744
1262 2.103372631653744
1263 1.9792274461949668
1264 1.9792274461949668
1265 1.9792274461949668
1266 1.9792274461949668
1267 1.9792274461949668
1268 2.1562114604396716
1269 2.1562114604396716
1270 2.1562114604396716
1271 2.1562114604396716
1272 2.1562114604396716
1273 1.5293206354174829
1274 1.5293206354174829
1275 1.5293206354174829
1276 1.5293206354174829
1277 1.5293206354174829
1278 2.310194932292653
1279 2.310194932292653
1280 2.310194932292653
1281 2.310194932292653
1282 2.310194932292653
1283 2.2621297731446943
1284 2.2621297731446943
1285 2.2621297731446943
1286 2.2621297731446943
1287 2.2621297731446943
1288 1.820144383617277
1289 1.820144383617277
1290 1.820144383617277
1291 1.820144383617277
1292 1.820144383617277
1293 1.792703247284195
1294 1.792703247284195
1295 1.792703247284195
1296 1.792703247284195
1297 1.792703247284195
1298 1.4036932009704646
1299 1.4036932009704646
1300 1.4036932009704646
1301 1.4036932009704646
1302 1.4036932009704646
1303 1.8479777234148986
1304 1.8479777234148986
1305 1.8479777234148986
1306 1.8479777234148986
1307 1.8479777234148986
1308 2.068576192547197
1309 2.068576192547197
1310 2.068576192547197
1311 2.068576192547197
1312 2.068576192547197
1313 3.0742189879370674
1314 3.0742189879370674
1315 3.0742189879370674
1316 3.0742189879370674
1317 3.0742189879370674
1318 3.640913020701935
1319 3.640913020701935
1320 3.640913020701935
1321 3.640913020701935
1322 3.640913020701935
1323 3.8063130120482156
1324 3.8063130120482156
1325 3.8063130120482156
1326 3.8063130120482156
1327 3.8063130120482156
1328 4.372186166148988
1329 4.372186166148988
1330 4.372186166148988
1331 4.372186166148988
1332 4.372186166148988
1333 3.9767563584111896
1334 3.9767563584111896
1335 3.9767563584111896
1336 3.9767563584111896
1337 3.9767563584111896
1338 3.580200592639194
1339 3.580200592639194
1340 3.580200592639194
1341 3.580200592639194
1342 3.580200592639194
1343 3.9892155391642934
1344 3.9892155391642934
1345 3.9892155391642934
1346 3.9892155391642934
1347 3.9892155391642934
1348 4.8251319669033395
1349 4.8251319669033395
1350 4.8251319669033395
1351 4.8251319669033395
1352 4.8251319669033395
1353 4.282654645512839
1354 4.282654645512839
1355 4.282654645512839
1356 4.282654645512839
1357 4.282654645512839
1358 3.816751288969334
1359 3.816751288969334
1360 3.816751288969334
1361 3.816751288969334
1362 3.816751288969334
1363 5.476836341933978
1364 5.476836341933978
1365 5.476836341933978
1366 5.476836341933978
1367 0.9498922105869433
1368 0.9498922105869433
1369 0.9498922105869433
1370 0.9498922105869433
1371 0.9498922105869433
1372 1.394597403836799
1373 1.394597403836799
1374 1.394597403836799
1375 1.394597403836799
1376 1.394597403836799
1377 1.2035118594122858
1378 1.2035118594122858
1379 1.2035118594122858
1380 1.2035118594122858
1381 1.2035118594122858
1382 0.9293599776561924
1383 0.9293599776561924
1384 0.9293599776561924
1385 0.9293599776561924
1386 0.9293599776561924
1387 1.0804977588183382
1388 1.0804977588183382
1389 1.0804977588183382
1390 1.0804977588183382
1391 1.0804977588183382
1392 1.2744930274940987
1393 1.2744930274940987
1394 1.2744930274940987
1395 1.2744930274940987
1396 1.2744930274940987
1397 1.0539780891681574
1398 1.0539780891681574
1399 1.0539780891681574
1400 1.0539780891681574
1401 1.0539780891681574
1402 1.1722375512474679
1403 0.6444315020230209
1404 0.6444315020230209
1405 0.6444315020230209
1406 0.6444315020230209
1407 0.6444315020230209
1408 0.47402212422877793
1409 0.47402212422877793
1410 0.47402212422877793
1411 0.47402212422877793
1412 0.47402212422877793
1413 0.7183992973177931
1414 0.7183992973177931
1415 0.7183992973177931
1416 0.7183992973177931
1417 0.7183992973177931
1418 0.5535134423990636
1419 0.5535134423990636
1420 0.5535134423990636
1421 0.5535134423990636
1422 0.5535134423990636
1423 0.4089047535406617
1424 0.4089047535406617
1425 0.4089047535406617
1426 0.4089047535406617
1427 0.4089047535406617
1428 0.8927302509651773
1429 0.8927302509651773
1430 0.8927302509651773
1431 0.8927302509651773
1432 0.8927302509651773
1433 0.493713580774112
1434 0.493713580774112
1435 0.493713580774112
1436 0.493713580774112
1437 0.493713580774112
1438 0.6513673993766204
1439 0.6513673993766204
1440 0.6513673993766204
1441 0.6513673993766204
1442 0.6513673993766204
1443 0.7395202667337325
1444 0.7395202667337325
1445 1.1832354314844151
1446 1.1832354314844151
1447 1.1832354314844151
1448 1.1832354314844151
1449 1.1832354314844151
1450 1.250583486602227
1451 1.250583486602227
1452 1.250583486602227
1453 1.250583486602227
1454 1.250583486602227
1455 1.1440179828162824
1456 1.1440179828162824
1457 1.1440179828162824
1458 1.1440179828162824
1459 1.1440179828162824
1460 1.2627570629778595
1461 1.2627570629778595
1462 1.2627570629778595
1463 1.2627570629778595
1464 1.2627570629778595
1465 1.3637856004638467
1466 1.3637856004638467
1467 1.3637856004638467
1468 1.3637856004638467
1469 1.3637856004638467
1470 1.5168127697822713
1471 1.5168127697822713
1472 1.5168127697822713
1473 1.5168127697822713
1474 1.5168127697822713
1475 0.8131528851853358
1476 0.8131528851853358
1477 0.8131528851853358
1478 0.8131528851853358
1479 0.8131528851853358
1480 0.8410411420158137
1481 0.8410411420158137
1482 0.8410411420158137
1483 0.8410411420158137
1484 0.8410411420158137
1485 0.8774284982797622
1486 0.16443748101367298
1487 0.16443748101367298
1488 0.16443748101367298
1489 0.16443748101367298
1490 0.16443748101367298
1491 0.19587181819853872
1492 0.19587181819853872
1493 0.19587181819853872
1494 0.19587181819853872
1495 0.19587181819853872
1496 0.20425857745571321
1497 0.20425857745571321
1498 0.20425857745571321
1499 0.20425857745571321
1500 0.20425857745571321
1501 0.17418027854563123
1502 0.17418027854563123
1503 0.17418027854563123
1504 0.17418027854563123
1505 0.17418027854563123
1506 0.27338762992528837
1507 0.27338762992528837
1508 0.27338762992528837
1509 0.27338762992528837
1510 0.27338762992528837
1511 0.2318951740488912
1512 0.2318951740488912
1513 2.872369731138706
1514 2.872369731138706
1515 2.872369731138706
1516 2.872369731138706
1517 2.872369731138706
1518 2.9234098018794463
1519 2.9234098018794463
1520 2.9234098018794463
1521 2.9234098018794463
1522 2.9234098018794463
1523 2.2917054955391403
1524 2.2917054955391403
1525 2.2917054955391403
1526 2.2917054955391403
1527 2.2917054955391403
1528 2.0025430224404186
1529 2.0025430224404186
1530 2.8730816570629956
1531 2.8730816570629956
1532 2.8730816570629956
1533 2.8730816570629956
1534 2.8730816570629956
1535 3.3857141729110056
1536 3.3857141729110056
1537 3.3857141729110056
1538 3.3857141729110056
1539 3.3857141729110056
1540 3.878578620517641
1541 3.878578620517641
1542 3.878578620517641
1543 3.878578620517641
1544 3.878578620517641
1545 3.3377771984233906
1546 3.3377771984233906
1547 3.3377771984233906
1548 3.3377771984233906
1549 3.3377771984233906
1550 3.855045343127635
1551 3.855045343127635
1552 3.855045343127635
1553 3.855045343127635
1554 3.855045343127635
1555 3.711818321935282
1556 3.711818321935282
1557 3.711818321935282
1558 3.711818321935282
1559 3.711818321935282
1560 3.5411437621862674
1561 3.5411437621862674
1562 3.5411437621862674
1563 3.5411437621862674
1564 3.5411437621862674
1565 3.498251290336855
1566 2.2194826665352965
1567 2.2194826665352965
1568 2.2194826665352965
1569 2.2194826665352965
1570 2.2194826665352965
1571 3.0682179467933284
1572 3.0682179467933284
1573 3.0682179467933284
1574 3.0682179467933284
1575 3.0682179467933284
1576 3.7319282047900493
1577 3.7319282047900493
1578 3.7319282047900493
1579 3.7319282047900493
1580 3.7319282047900493
1581 2.2015101091690665
1582 2.2015101091690665
1583 2.2015101091690665
1584 2.2015101091690665
1585 2.2015101091690665
1586 3.3884507856463975
1587 3.3884507856463975
1588 3.3884507856463975
1589 3.3884507856463975
1590 3.3884507856463975
1591 3.4706048484972394
1592 3.4706048484972394
1593 3.4706048484972394
1594 3.4706048484972394
1595 3.4706048484972394
1596 2.5824474785082026
1597 2.5824474785082026
1598 2.5824474785082026
1599 2.5824474785082026
1600 2.5824474785082026
1601 3.0346006280276256
1602 3.0346006280276256
1603 3.0346006280276256
1604 3.0346006280276256
1605 3.0346006280276256
1606 2.3703305419922995
1607 2.3703305419922995
1608 2.3703305419922995
1609 2.95040767520632
1610 2.95040767520632
1611 2.95040767520632
1612 2.95040767520632
1613 2.95040767520632
1614 3.791926569729572
1615 3.791926569729572
1616 3.791926569729572
1617 3.791926569729572
1618 3.791926569729572
1619 4.804817468953088
1620 4.804817468953088
1621 4.804817468953088
1622 4.804817468953088
1623 4.804817468953088
1624 3.4724836405463098
1625 3.4724836405463098
1626 3.4724836405463098
1627 3.4724836405463098
1628 3.4724836405463098
1629 3.20129771741356
1630 3.20129771741356
1631 3.20129771741356
1632 3.20129771741356
1633 3.20129771741356
1634 3.809989470078585
1635 3.809989470078585
1636 3.809989470078585
1637 3.809989470078585
1638 3.809989470078585
1639 3.948554665691964
1640 3.948554665691964
1641 3.948554665691964
1642 3.948554665691964
1643 3.948554665691964
1644 4.111694043737315
1645 4.111694043737315
1646 4.111694043737315
1647 4.111694043737315
1648 4.111694043737315
1649 4.217527739969739
1650 4.217527739969739
1651 4.217527739969739
1652 4.217527739969739
1653 4.217527739969739
1654 3.3530974687482344
1655 3.3530974687482344
1656 3.3530974687482344
1657 3.3530974687482344
1658 3.3530974687482344
1659 3.256264957076151
1660 3.256264957076151
1661 3.256264957076151
1662 3.256264957076151
1663 3.256264957076151
1664 4.224278590526518
1665 4.224278590526518
1666 4.224278590526518
1667 4.224278590526518
1668 4.224278590526518
1669 4.42430200305376
1670 4.42430200305376
1671 4.42430200305376
1672 4.42430200305376
1673 4.42430200305376
1674 4.552009610646265
1675 4.552009610646265
1676 4.552009610646265
1677 4.552009610646265
1678 4.552009610646265
1679 2.5299446164106563
1680 2.5299446164106563
1681 2.5299446164106563
1682 2.5299446164106563
1683 2.5299446164106563
1684 4.50269985472328
1685 4.50269985472328
1686 4.50269985472328
1687 4.50269985472328
1688 4.50269985472328
1689 2.41699804315129
1690 2.41699804315129
1691 2.41699804315129
1692 2.41699804315129
1693 2.41699804315129
1694 3.360922373572199
1695 3.360922373572199
1696 3.360922373572199
1697 3.360922373572199
1698 3.360922373572199
1699 4.8111872252241925
1700 4.8111872252241925
1701 4.8111872252241925
1702 4.8111872252241925
1703 4.8111872252241925
1704 4.433752988801341
1705 4.433752988801341
1706 4.433752988801341
1707 4.433752988801341
1708 4.433752988801341
1709 5.063777325668017
1710 5.063777325668017
1711 5.063777325668017
1712 5.063777325668017
1713 5.063777325668017
1714 3.7830118199575353
1715 3.7830118199575353
1716 3.7830118199575353
1717 3.7830118199575353
1718 3.7830118199575353
1719 4.6980752403118
1720 4.6980752403118
1721 4.6980752403118
1722 4.6980752403118
1723 4.6980752403118
1724 4.70981593041044
1725 4.70981593041044
1726 4.70981593041044
1727 4.70981593041044
1728 4.70981593041044
1729 3.3787603024642916
1730 3.3787603024642916
1731 3.3787603024642916
1732 3.3787603024642916
1733 3.3787603024642916
1734 3.135633694402063
1735 3.135633694402063
1736 3.135633694402063
1737 3.135633694402063
1738 3.135633694402063
1739 4.313594174114915
1740 4.313594174114915
1741 4.313594174114915
1742 4.313594174114915
1743 4.313594174114915
1744 2.2319706461366593
1745 2.2319706461366593
1746 2.2319706461366593
1747 2.2319706461366593
1748 2.2319706461366593
1749 4.702452395735247
1750 4.702452395735247
1751 4.702452395735247
1752 4.702452395735247
1753 4.702452395735247
1754 4.755161675532378
1755 4.755161675532378
1756 4.755161675532378
1757 4.755161675532378
1758 4.755161675532378
1759 3.9568022358746493
1760 3.9568022358746493
1761 3.9568022358746493
1762 3.9568022358746493
1763 3.9568022358746493
1764 3.001440413518339
1765 3.001440413518339
1766 3.001440413518339
1767 3.001440413518339
1768 3.001440413518339
1769 2.9202833454937585
1770 2.9202833454937585
1771 2.9202833454937585
1772 2.9202833454937585
1773 2.9202833454937585
1774 2.628378454197735
1775 2.628378454197735
1776 2.628378454197735
1777 2.628378454197735
1778 2.628378454197735
1779 2.562492821998401
1780 2.562492821998401
1781 2.562492821998401
1782 2.562492821998401
1783 2.562492821998401
1784 2.6537648538516345
1785 2.6537648538516345
1786 2.6537648538516345
1787 2.6537648538516345
1788 2.6537648538516345
1789 3.3614116026698033
1790 3.3614116026698033
1791 3.3614116026698033
1792 3.3614116026698033
1793 3.3614116026698033
1794 3.088074815211101
1795 3.088074815211101
1796 3.088074815211101
1797 3.088074815211101
1798 3.088074815211101
1799 3.277062790151588
1800 3.277062790151588
1801 3.277062790151588
1802 3.277062790151588
1803 3.277062790151588
1804 2.8599034337805516
1805 2.8599034337805516
1806 2.8599034337805516
1807 2.8599034337805516
1808 2.8599034337805516
1809 3.1298520781268553
1810 3.1298520781268553
1811 3.1298520781268553
1812 3.1298520781268553
1813 3.1298520781268553
1814 2.8841263244183026
1815 2.8841263244183026
1816 2.8841263244183026
1817 2.8841263244183026
1818 2.8841263244183026
1819 1.8561285673370678
1820 1.8561285673370678
1821 1.8561285673370678
1822 1.8561285673370678
1823 1.8561285673370678
1824 3.174860655178524
1825 3.174860655178524
1826 3.174860655178524
1827 3.174860655178524
1828 3.174860655178524
1829 3.69863938717858
1830 3.69863938717858
1831 3.69863938717858
1832 3.69863938717858
1833 3.69863938717858
1834 1.968650606220859
1835 1.968650606220859
1836 1.968650606220859
1837 1.968650606220859
1838 1.968650606220859
1839 3.3613077552665973
1840 1.7989866460601465
1841 1.7989866460601465
1842 1.7989866460601465
1843 1.7989866460601465
1844 1.7989866460601465
1845 2.8091776452584463
1846 2.8091776452584463
1847 2.8091776452584463
1848 2.8091776452584463
1849 2.8091776452584463
1850 2.0966649782369333
1851 2.0966649782369333
1852 0.8300868275924491
1853 0.8300868275924491
1854 0.8300868275924491
1855 0.8300868275924491
1856 0.8300868275924491
1857 0.4108251482423393
1858 0.4108251482423393
1859 0.4108251482423393
1860 0.4108251482423393
1861 0.4108251482423393
1862 0.6624742330984482
1863 0.6624742330984482
1864 0.6624742330984482
1865 0.6624742330984482
1866 0.6624742330984482
1867 0.6158538279502538
1868 0.6158538279502538
1869 0.6158538279502538
1870 0.6158538279502538
1871 0.6158538279502538
1872 0.6631848966835672
1873 0.6631848966835672
1874 0.6631848966835672
1875 0.6631848966835672
1876 0.6631848966835672
1877 0.7545077877099702
1878 0.7545077877099702
1879 0.7545077877099702
1880 0.7545077877099702
1881 0.7545077877099702
1882 0.7435673222175688
1883 0.7435673222175688
1884 0.7435673222175688
1885 0.7435673222175688
1886 0.7435673222175688
1887 0.5284036327362005
1888 0.5284036327362005
1889 0.5284036327362005
1890 0.5284036327362005
1891 0.5284036327362005
1892 0.6477314506536899
1893 0.6477314506536899
1894 0.6477314506536899
1895 0.6477314506536899
1896 0.6477314506536899
1897 0.6317337271974829
1898 0.6317337271974829
1899 0.6317337271974829
1900 0.6317337271974829
1901 0.6317337271974829
1902 0.41918126789111687
1903 0.41918126789111687
1904 0.41918126789111687
1905 0.41918126789111687
1906 0.41918126789111687
1907 0.6708159417005427
1908 0.6708159417005427
1909 0.6708159417005427
1910 0.6708159417005427
1911 0.6708159417005427
1912 0.8272570127837889
1913 0.8272570127837889
1914 0.8272570127837889
1915 0.8272570127837889
1916 0.8272570127837889
1917 0.6075132958521664
1918 3.2635184705774063
1919 3.2635184705774063
1920 3.2635184705774063
1921 3.2635184705774063
1922 3.2635184705774063
1923 4.58901330892374
1924 4.58901330892374
1925 4.58901330892374
1926 4.58901330892374
1927 4.58901330892374
1928 3.763761774334873
1929 3.763761774334873
1930 3.763761774334873
1931 3.763761774334873
1932 3.763761774334873
1933 3.950010323083399
1934 3.950010323083399
1935 3.950010323083399
1936 3.950010323083399
1937 3.950010323083399
1938 3.7609736982650057
1939 3.7609736982650057
1940 3.7609736982650057
1941 3.7609736982650057
1942 3.7609736982650057
1943 1.4184316377291908
1944 1.4184316377291908
1945 1.4184316377291908
1946 1.4184316377291908
1947 1.4184316377291908
1948 1.851855778843289
1949 1.851855778843289
1950 1.851855778843289
1951 1.851855778843289
1952 1.851855778843289
1953 3.2132463567261875
1954 3.2132463567261875
1955 3.2132463567261875
1956 3.2132463567261875
1957 3.2132463567261875
1958 2.2935411426605685
1959 2.2935411426605685
1960 2.2935411426605685
1961 2.2935411426605685
1962 2.2935411426605685
1963 2.1857131143364983
1964 2.1857131143364983
1965 2.1857131143364983
1966 2.1857131143364983
1967 2.1857131143364983
1968 2.919534345373432
1969 2.919534345373432
1970 2.919534345373432
1971 2.919534345373432
1972 2.919534345373432
1973 2.8416608257504916
1974 2.8416608257504916
1975 2.8416608257504916
1976 2.8416608257504916
1977 2.8416608257504916
1978 2.4263075975434636
1979 2.4263075975434636
1980 2.4263075975434636
1981 2.4263075975434636
1982 2.4263075975434636
1983 2.766127929545544
1984 2.766127929545544
1985 2.766127929545544
1986 2.766127929545544
1987 2.766127929545544
1988 2.0167120653800334
1989 2.0167120653800334
1990 2.0167120653800334
1991 2.0167120653800334
1992 2.0167120653800334
1993 2.464869821209216
1994 2.464869821209216
1995 2.464869821209216
1996 2.464869821209216
1997 2.464869821209216
1998 2.653568887357541
1999 2.653568887357541
